pc_time,idx,rssi,rate,sig_mode,mcs,bw,noise_floor,channel,local_us,n,csi
1784740891.589164,52135,-46,11,1,6,1,-95,1,613093761,128,0 0 0 0 0 0 0 0 0 0 0 0 1 8 0 7 0 8 0 7 -1 8 -1 8 -1 8 -1 8 -1 9 -2 9 -3 8 -3 9 -3 9 -3 9 -3 9 -3 9 -3 9 -4 9 -3 9 -4 9 -3 9 -4 9 -4 9 -4 8 -4 8 -4 9 0 0 -3 9 -3 9 -3 9 -3 10 -2 9 -2 9 -2 10 -2 10 -1 10 -2 11 -2 10 -1 11 -1 10 -1 11 -1 11 -1 11 -1 12 -1 11 0 12 0 12 0 12 0 12 0 13 -1 13 -1 12 0 12 0 0 0 0 0 0 0 0 0 0
1784740891.599195,52136,-46,11,1,6,1,-95,1,613103417,128,0 0 0 0 0 0 0 0 0 0 0 0 8 0 8 0 8 1 8 1 8 2 8 2 8 2 8 2 9 2 8 3 9 3 8 4 8 4 8 4 8 4 9 4 8 5 8 5 8 5 9 5 8 5 8 5 8 5 8 5 8 5 8 5 0 0 8 4 8 4 8 4 9 4 9 4 9 4 9 3 10 3 9 3 10 3 10 3 10 3 10 3 10 3 11 2 11 2 11 3 12 3 12 2 12 2 12 2 12 1 12 2 12 3 12 2 12 3 0 0 0 0 0 0 0 0 0 0
1784740891.653531,52137,-45,11,1,6,1,-95,1,613157123,128,0 0 0 0 0 0 0 0 0 0 0 0 -8 -3 -8 -3 -9 -4 -8 -4 -9 -5 -8 -5 -9 -5 -8 -5 -9 -5 -9 -6 -8 -7 -8 -7 -8 -7 -8 -7 -8 -7 -9 -8 -8 -8 -9 -8 -8 -8 -8 -8 -8 -8 -8 -8 -8 -9 -8 -9 -8 -8 -8 -8 0 0 -8 -8 -9 -8 -8 -8 -9 -8 -9 -7 -9 -7 -9 -7 -10 -7 -9 -7 -11 -7 -10 -7 -10 -7 -10 -6 -10 -7 -12 -6 -11 -6 -11 -7 -11 -6 -12 -6 -12 -6 -12 -6 -12 -5 -12 -6 -12 -6 -12 -6 -12 -6 0 0 0 0 0 0 0 0 0 0
1784740891.665292,52138,-45,11,1,6,1,-95,1,613159617,128,0 0 0 0 0 0 0 0 0 0 0 0 -7 3 -8 3 -8 2 -9 2 -9 2 -9 2 -9 2 -9 2 -10 2 -10 1 -10 0 -11 0 -11 0 -11 0 -11 0 -11 0 -11 0 -11 0 -11 0 -11 0 -11 0 -11 -1 -11 -1 -11 -1 -11 -1 -11 -1 0 0 -11 0 -11 0 -11 0 -11 0 -11 0 -11 1 -11 1 -11 1 -11 1 -12 2 -12 1 -11 2 -11 2 -11 2 -12 3 -12 3 -12 3 -12 3 -12 4 -12 4 -12 4 -12 4 -12 4 -12 3 -12 3 -12 4 0 0 0 0 0 0 0 0 0 0
1784740891.665292,52139,-42,11,1,7,0,-95,1,613162124,128,0 0 0 0 0 0 0 0 0 0 0 0 2 9 1 9 1 10 0 10 0 10 0 10 -1 10 -1 11 -1 11 -2 11 -2 12 -2 12 -3 12 -3 12 -3 12 -4 12 -4 12 -4 12 -4 12 -4 12 -4 12 -4 12 -4 12 -4 12 -5 12 -4 12 0 0 -4 12 -4 12 -4 12 -3 12 -3 12 -3 13 -3 12 -2 13 -2 13 -2 13 -2 14 -1 14 -1 14 -1 13 -1 14 -1 14 -1 14 0 14 0 14 0 14 0 15 0 14 1 15 0 15 0 15 1 15 0 0 0 0 0 0 0 0 0 0
1784740891.669298,52140,-45,11,1,7,1,-95,1,613172189,128,0 0 0 0 0 0 0 0 0 0 0 0 -5 6 -5 6 -6 6 -6 6 -6 6 -6 6 -7 6 -7 6 -7 6 -8 6 -9 5 -9 5 -9 5 -9 5 -9 6 -9 5 -10 5 -10 5 -10 5 -10 5 -10 5 -10 5 -10 5 -10 4 -10 4 -10 5 0 0 -10 5 -9 6 -9 5 -10 6 -9 6 -9 6 -9 6 -9 7 -9 7 -9 7 -9 7 -9 7 -9 7 -9 8 -9 9 -9 9 -9 8 -9 9 -9 9 -8 9 -9 9 -8 10 -9 9 -9 9 -9 9 -8 10 0 0 0 0 0 0 0 0 0 0
1784740891.677315,52141,-45,11,1,7,1,-95,1,613182061,128,0 0 0 0 0 0 0 0 0 0 0 0 1 7 1 7 0 7 0 8 0 8 -1 8 -1 8 -1 8 -1 9 -1 9 -2 9 -2 9 -2 9 -2 10 -3 10 -3 9 -3 10 -3 10 -4 10 -4 10 -4 10 -4 10 -3 10 -4 9 -4 10 -4 10 0 0 -3 10 -3 10 -3 10 -3 10 -3 10 -2 10 -3 10 -2 10 -2 11 -2 11 -2 11 -2 11 -2 11 -1 12 -1 11 -1 12 -1 11 -1 12 -1 12 -1 12 0 12 0 12 0 12 -1 12 0 12 0 12 0 0 0 0 0 0 0 0 0 0
1784740891.694925,52142,-45,11,1,7,1,-95,1,613202215,128,0 0 0 0 0 0 0 0 0 0 0 0 -7 -4 -7 -4 -7 -5 -7 -5 -7 -6 -7 -6 -7 -6 -7 -6 -8 -6 -7 -7 -7 -7 -7 -8 -7 -8 -7 -8 -7 -8 -7 -9 -7 -9 -7 -9 -7 -9 -7 -9 -7 -9 -7 -9 -7 -9 -6 -10 -7 -9 -7 -10 0 0 -7 -9 -7 -9 -7 -9 -7 -9 -8 -9 -8 -9 -8 -9 -8 -9 -8 -9 -9 -9 -9 -9 -9 -9 -9 -9 -9 -9 -10 -8 -10 -9 -10 -9 -10 -9 -10 -9 -11 -8 -11 -9 -11 -8 -10 -8 -10 -9 -11 -9 -11 -8 0 0 0 0 0 0 0 0 0 0
1784740891.694925,52143,-45,11,1,7,1,-95,1,613202515,128,0 0 0 0 0 0 0 0 0 0 0 0 5 -6 5 -6 6 -5 6 -5 7 -5 7 -5 7 -5 7 -5 8 -5 8 -5 8 -5 9 -5 9 -4 9 -4 9 -4 10 -4 10 -4 10 -4 10 -4 10 -4 10 -4 10 -4 10 -4 10 -3 10 -3 10 -3 0 0 10 -3 10 -4 10 -4 10 -4 10 -4 10 -4 10 -5 10 -5 10 -5 11 -5 11 -5 11 -6 11 -5 11 -6 11 -6 11 -6 11 -6 11 -6 11 -7 11 -7 11 -7 11 -7 11 -7 11 -6 11 -7 11 -7 0 0 0 0 0 0 0 0 0 0
1784740891.790022,52144,-45,11,1,7,1,-95,1,613212083,128,0 0 0 0 0 0 0 0 0 0 0 0 3 -7 4 -7 5 -7 5 -7 5 -7 6 -7 6 -6 6 -7 7 -7 7 -7 7 -7 7 -7 8 -6 8 -7 9 -7 8 -6 9 -6 9 -6 9 -6 9 -6 9 -6 10 -6 9 -6 9 -6 9 -6 10 -6 0 0 10 -6 10 -6 10 -6 9 -6 9 -6 9 -6 9 -6 9 -7 10 -7 9 -8 9 -8 9 -8 10 -8 10 -9 10 -8 10 -9 9 -8 10 -9 10 -9 10 -9 10 -9 10 -9 9 -9 10 -9 10 -10 10 -10 0 0 0 0 0 0 0 0 0 0
1784740891.805955,52145,-44,11,1,6,1,-95,1,613310896,128,0 0 0 0 0 0 0 0 0 0 0 0 -5 5 -5 5 -6 5 -6 5 -6 4 -6 5 -7 5 -7 5 -7 4 -7 5 -8 5 -8 5 -8 5 -9 5 -9 5 -9 4 -9 4 -9 4 -10 4 -10 4 -10 4 -10 4 -10 4 -10 4 -10 4 -10 4 0 0 -10 4 -10 4 -11 4 -10 4 -10 5 -11 5 -10 5 -10 5 -11 5 -11 6 -11 6 -10 7 -11 7 -11 7 -11 6 -11 7 -11 7 -12 7 -12 7 -12 7 -12 7 -12 7 -12 7 -12 8 -12 8 -12 8 0 0 0 0 0 0 0 0 0 0
1784740891.814758,52146,-44,11,1,6,1,-95,1,613313336,128,0 0 0 0 0 0 0 0 0 0 0 0 -5 -5 -5 -6 -4 -6 -4 -7 -4 -7 -4 -7 -4 -7 -4 -8 -4 -8 -4 -8 -4 -8 -4 -9 -4 -9 -4 -9 -4 -10 -3 -10 -3 -10 -3 -10 -3 -10 -3 -10 -3 -10 -3 -11 -3 -10 -3 -11 -3 -11 -3 -11 0 0 -3 -11 -3 -11 -3 -11 -4 -11 -4 -11 -4 -12 -4 -11 -4 -11 -4 -12 -5 -12 -5 -12 -5 -12 -5 -12 -5 -12 -5 -12 -6 -13 -5 -12 -6 -13 -6 -13 -6 -13 -6 -13 -6 -13 -6 -13 -7 -13 -6 -13 -7 -14 0 0 0 0 0 0 0 0 0 0
1784740891.821692,52147,-45,11,1,6,1,-95,1,613315773,128,0 0 0 0 0 0 0 0 0 0 0 0 2 6 2 6 1 7 1 7 1 7 1 7 1 7 1 8 0 8 0 8 0 8 0 9 0 9 0 9 -1 9 -1 10 -1 10 -1 10 -1 10 -2 10 -1 10 -2 10 -1 10 -1 10 -1 10 -1 10 0 0 -2 10 -2 11 -2 11 -1 11 -1 10 -1 11 -1 11 -1 11 -1 11 0 12 0 12 0 12 0 12 0 12 0 12 0 13 0 13 0 13 0 13 1 13 1 14 1 14 1 13 1 13 1 14 1 14 0 0 0 0 0 0 0 0 0 0
1784740891.821692,52148,-44,11,1,7,1,-95,1,613318863,128,0 0 0 0 0 0 0 0 0 0 0 0 6 1 6 2 6 2 7 3 6 3 7 3 6 3 7 4 7 4 7 4 7 4 7 5 7 5 7 5 8 5 7 6 7 6 7 6 7 6 7 6 7 6 7 7 7 6 7 6 7 7 8 7 0 0 8 7 7 7 8 7 8 6 8 7 9 7 8 7 9 6 9 7 9 6 10 6 10 6 10 7 11 7 10 6 11 7 10 6 11 7 11 6 11 7 12 6 11 7 11 6 11 7 12 7 12 7 0 0 0 0 0 0 0 0 0 0
1784740891.821692,52149,-44,11,1,7,1,-95,1,613322235,128,0 0 0 0 0 0 0 0 0 0 0 0 -6 -4 -6 -5 -6 -5 -6 -6 -6 -6 -6 -6 -6 -6 -6 -7 -6 -7 -6 -7 -6 -7 -6 -7 -6 -8 -6 -8 -6 -9 -5 -9 -5 -9 -5 -9 -5 -9 -5 -9 -5 -10 -5 -10 -5 -9 -5 -10 -5 -10 -6 -10 0 0 -5 -10 -6 -10 -6 -10 -6 -10 -6 -10 -6 -10 -6 -10 -6 -10 -6 -11 -7 -10 -7 -10 -7 -10 -8 -10 -8 -11 -8 -10 -8 -11 -8 -11 -8 -11 -8 -11 -8 -11 -9 -12 -8 -12 -9 -11 -9 -12 -9 -12 -9 -12 0 0 0 0 0 0 0 0 0 0
1784740891.821692,52150,-44,11,1,7,1,-95,1,613332113,128,0 0 0 0 0 0 0 0 0 0 0 0 2 6 1 6 1 7 1 7 1 7 0 7 0 7 0 8 0 8 0 8 0 8 -1 9 -1 9 -1 9 -1 9 -1 9 -1 9 -2 10 -2 10 -1 10 -2 10 -2 10 -2 10 -2 10 -2 10 -2 10 0 0 -2 10 -2 11 -2 10 -1 11 -1 10 -1 11 -1 11 -1 11 -1 11 0 12 0 12 0 12 0 12 0 12 0 12 0 12 0 13 0 13 1 13 1 13 1 13 1 13 1 14 0 14 1 14 1 14 0 0 0 0 0 0 0 0 0 0
1784740891.837415,52151,-44,11,1,7,1,-95,1,613342042,128,0 0 0 0 0 0 0 0 0 0 0 0 -7 -1 -8 -2 -7 -2 -8 -3 -8 -3 -8 -3 -8 -3 -8 -4 -8 -4 -8 -4 -8 -4 -8 -4 -9 -5 -9 -5 -9 -5 -8 -6 -9 -6 -8 -6 -9 -6 -9 -6 -9 -7 -9 -7 -9 -6 -9 -7 -9 -7 -9 -7 0 0 -9 -7 -9 -7 -9 -7 -9 -7 -9 -7 -10 -7 -10 -7 -10 -7 -10 -7 -11 -7 -11 -7 -11 -6 -11 -7 -12 -7 -11 -7 -12 -7 -11 -7 -12 -7 -12 -7 -12 -7 -13 -7 -13 -8 -12 -7 -13 -7 -13 -7 -13 -8 0 0 0 0 0 0 0 0 0 0
1784740891.837415,52152,-45,11,1,7,1,-95,1,613352230,128,0 0 0 0 0 0 0 0 0 0 0 0 -7 -2 -7 -2 -8 -3 -8 -3 -8 -3 -8 -3 -8 -4 -8 -4 -8 -4 -8 -4 -8 -5 -8 -5 -9 -5 -9 -5 -9 -5 -9 -6 -9 -6 -9 -6 -9 -6 -9 -7 -9 -7 -9 -7 -9 -7 -9 -7 -9 -7 -9 -7 0 0 -9 -7 -9 -7 -10 -7 -10 -6 -10 -7 -10 -7 -10 -7 -10 -6 -10 -7 -11 -6 -11 -6 -12 -6 -12 -6 -12 -7 -12 -7 -12 -7 -12 -7 -13 -7 -13 -7 -13 -7 -13 -7 -13 -7 -13 -7 -13 -7 -13 -7 -14 -7 0 0 0 0 0 0 0 0 0 0
1784740891.857847,52153,-45,11,1,7,1,-95,1,613362171,128,0 0 0 0 0 0 0 0 0 0 0 0 6 -3 6 -3 7 -3 6 -2 7 -2 7 -2 7 -2 7 -2 8 -2 8 -1 8 -1 8 -1 8 -1 8 -1 8 -1 9 -1 9 -1 9 0 9 0 9 -1 9 0 9 0 10 0 10 0 9 0 10 0 0 0 10 0 10 0 10 0 10 0 10 -1 10 -1 10 -1 11 -1 11 -1 11 -2 11 -1 11 -2 11 -2 11 -2 12 -2 12 -2 13 -2 12 -2 12 -2 13 -3 13 -3 13 -3 13 -3 13 -2 13 -2 13 -3 0 0 0 0 0 0 0 0 0 0
1784740891.869633,52154,-45,11,1,6,1,-95,1,613373903,128,0 0 0 0 0 0 0 0 0 0 0 0 7 -2 7 -1 7 -1 7 -1 7 -1 7 -1 8 0 8 0 8 0 8 0 8 1 8 1 8 2 8 2 9 1 9 2 9 2 9 2 9 2 9 2 9 2 9 2 9 2 9 3 9 2 9 2 0 0 9 2 10 2 10 2 10 1 10 1 10 1 10 1 11 1 11 1 11 1 11 1 11 1 11 1 11 1 12 0 12 0 12 0 12 0 12 0 13 0 13 0 13 0 13 0 13 0 13 0 13 0 0 0 0 0 0 0 0 0 0 0
1784740891.877142,52155,-46,11,1,6,1,-95,1,613383759,128,0 0 0 0 0 0 0 0 0 0 0 0 1 7 0 7 -1 7 -1 7 -1 7 -1 7 -2 7 -2 8 -2 8 -2 8 -2 8 -2 8 -3 8 -3 9 -3 9 -3 8 -3 9 -3 8 -4 9 -4 9 -4 9 -4 9 -3 9 -3 9 -3 9 -4 9 0 0 -4 9 -4 9 -3 10 -3 9 -3 10 -3 10 -3 10 -3 10 -3 11 -2 11 -2 11 -2 11 -2 11 -2 12 -2 11 -2 12 -2 11 -1 13 -2 12 -2 12 -1 13 -2 13 -1 12 -1 13 -1 13 -1 13 0 0 0 0 0 0 0 0 0 0
1784740891.887488,52156,-46,11,1,6,1,-95,1,613393916,128,0 0 0 0 0 0 0 0 0 0 0 0 3 -7 3 -7 4 -7 4 -7 5 -7 5 -7 5 -6 5 -7 5 -6 6 -6 5 -6 6 -7 6 -6 7 -7 7 -6 7 -6 7 -6 7 -6 8 -6 8 -6 8 -6 8 -6 8 -6 7 -6 8 -6 8 -6 0 0 8 -6 8 -6 8 -6 7 -7 8 -7 8 -7 8 -7 8 -7 8 -7 8 -8 8 -8 8 -8 8 -8 9 -9 8 -8 9 -9 8 -9 9 -9 9 -9 9 -9 9 -9 9 -10 9 -9 9 -10 9 -10 9 -10 0 0 0 0 0 0 0 0 0 0
1784740891.920921,52157,-46,11,1,6,1,-95,1,613423418,128,0 0 0 0 0 0 0 0 0 0 0 0 2 7 2 7 1 8 1 8 1 8 0 8 0 8 0 8 0 9 0 9 -1 9 -1 9 -1 9 -1 9 -1 10 -2 9 -2 10 -2 9 -2 10 -2 10 -2 10 -3 10 -2 10 -2 10 -2 10 -2 10 0 0 -2 10 -2 10 -2 10 -2 10 -1 10 -1 10 -1 10 -1 10 -1 11 0 10 -1 11 0 11 0 11 0 11 0 11 0 12 0 11 0 12 0 12 0 12 1 12 0 12 1 11 1 12 1 12 1 12 0 0 0 0 0 0 0 0 0 0
1784740891.927132,52158,-42,11,1,7,0,-95,1,613432919,128,0 0 0 0 0 0 0 0 0 0 0 0 0 -9 0 -9 1 -10 1 -9 2 -10 2 -10 2 -10 3 -10 3 -10 3 -10 4 -10 4 -10 4 -10 4 -11 5 -10 5 -11 5 -10 5 -10 6 -10 6 -10 6 -10 6 -10 6 -11 6 -10 6 -10 6 -10 0 0 6 -11 6 -11 6 -11 6 -11 5 -11 5 -11 6 -11 6 -11 5 -12 5 -12 5 -12 5 -12 5 -13 5 -12 5 -13 5 -13 5 -13 5 -13 5 -13 5 -13 5 -13 5 -13 5 -13 5 -14 5 -13 5 -14 0 0 0 0 0 0 0 0 0 0
1784740891.937307,52159,-45,11,1,7,1,-95,1,613442113,128,0 0 0 0 0 0 0 0 0 0 0 0 -9 0 -8 -1 -9 -1 -9 -2 -9 -2 -9 -2 -9 -2 -10 -3 -9 -3 -10 -3 -10 -4 -10 -4 -10 -4 -10 -4 -10 -4 -10 -5 -10 -5 -10 -5 -10 -5 -10 -5 -10 -5 -10 -5 -10 -5 -10 -5 -10 -6 -10 -5 0 0 -10 -5 -10 -6 -10 -5 -11 -5 -10 -5 -11 -5 -11 -5 -11 -4 -11 -5 -12 -4 -12 -4 -12 -4 -12 -4 -12 -4 -12 -4 -12 -4 -12 -4 -12 -4 -13 -4 -13 -4 -13 -4 -13 -4 -13 -4 -13 -4 -13 -4 -13 -3 0 0 0 0 0 0 0 0 0 0
1784740891.947077,52160,-45,11,1,7,1,-95,1,613452062,128,0 0 0 0 0 0 0 0 0 0 0 0 2 7 2 7 1 8 1 8 1 8 1 8 0 9 0 9 0 9 0 9 -1 9 -1 10 -1 10 -1 10 -2 10 -2 10 -2 10 -2 10 -2 10 -2 10 -2 10 -2 10 -2 11 -3 10 -3 10 -2 10 0 0 -2 10 -2 11 -2 10 -2 11 -1 11 -2 11 -1 11 -1 11 -1 11 -1 12 -1 12 -1 12 -1 11 -1 12 0 12 0 12 0 12 0 13 0 12 0 13 0 13 1 13 0 13 0 13 0 13 0 13 0 0 0 0 0 0 0 0 0 0
1784740891.957055,52161,-44,11,1,7,1,-95,1,613462086,128,0 0 0 0 0 0 0 0 0 0 0 0 -3 -8 -3 -8 -3 -8 -2 -9 -2 -9 -2 -9 -2 -9 -2 -10 -1 -10 -1 -10 -1 -10 -1 -11 -1 -11 0 -11 0 -11 1 -11 1 -12 1 -11 1 -12 1 -11 1 -12 2 -11 1 -11 1 -11 1 -11 1 -12 0 0 1 -12 1 -12 1 -12 1 -11 1 -12 1 -12 0 -12 0 -12 0 -12 0 -12 -1 -13 -1 -13 -1 -13 -1 -14 -1 -13 0 -14 -1 -13 -1 -14 -1 -14 -1 -14 -1 -14 -1 -14 -1 -13 -2 -14 -1 -14 -2 -14 0 0 0 0 0 0 0 0 0 0
1784740891.968562,52162,-44,11,1,6,1,-95,1,613474494,128,0 0 0 0 0 0 0 0 0 0 0 0 6 4 6 4 6 5 6 5 6 5 6 5 6 6 6 6 6 7 6 7 6 7 6 7 6 8 6 8 6 8 5 9 5 9 5 8 5 9 5 9 5 9 5 9 5 9 5 9 5 9 5 9 0 0 5 9 5 9 5 9 6 9 6 9 6 9 6 9 7 9 6 9 7 9 7 9 7 9 7 9 8 9 8 9 8 9 8 9 8 9 9 9 9 9 9 9 9 9 9 9 9 9 9 9 9 9 0 0 0 0 0 0 0 0 0 0
1784740891.977734,52163,-44,11,1,7,1,-95,1,613482180,128,0 0 0 0 0 0 0 0 0 0 0 0 6 -5 7 -4 7 -4 7 -4 8 -4 8 -3 8 -3 8 -3 9 -4 9 -3 9 -2 10 -2 10 -2 10 -2 10 -2 10 -2 11 -2 11 -2 11 -2 11 -2 11 -2 11 -2 11 -2 11 -1 11 -1 11 -1 0 0 11 -2 11 -2 11 -2 11 -3 11 -3 11 -3 11 -3 11 -4 11 -4 12 -4 12 -4 11 -4 11 -5 12 -5 12 -5 12 -6 12 -5 12 -6 12 -6 12 -6 12 -7 12 -7 12 -6 12 -6 13 -6 12 -7 0 0 0 0 0 0 0 0 0 0
1784740891.987857,52164,-44,11,1,7,1,-95,1,613492083,128,0 0 0 0 0 0 0 0 0 0 0 0 -5 6 -5 7 -6 6 -6 6 -6 6 -7 6 -7 6 -7 6 -8 6 -8 6 -8 6 -8 6 -9 6 -9 6 -9 6 -10 5 -10 5 -10 5 -11 5 -10 5 -11 6 -11 5 -10 5 -11 5 -10 5 -11 5 0 0 -10 6 -10 5 -11 6 -10 6 -10 6 -10 7 -10 6 -10 7 -11 7 -10 7 -10 8 -10 8 -10 8 -11 9 -10 8 -11 9 -10 8 -10 9 -11 9 -11 9 -10 9 -11 9 -10 9 -10 10 -10 10 -11 10 0 0 0 0 0 0 0 0 0 0
1784740892.021744,52165,-44,11,1,6,1,-95,1,613526449,128,0 0 0 0 0 0 0 0 0 0 0 0 -4 -6 -4 -6 -4 -7 -3 -7 -4 -8 -3 -8 -3 -8 -3 -8 -3 -9 -3 -9 -3 -9 -2 -10 -2 -10 -2 -10 -2 -10 -2 -11 -2 -10 -1 -11 -1 -11 -1 -11 -1 -11 -1 -11 -2 -12 -1 -11 -1 -11 -1 -11 0 0 -1 -11 -1 -12 -1 -11 -2 -12 -2 -11 -2 -11 -2 -11 -2 -12 -2 -12 -3 -13 -3 -12 -3 -12 -3 -12 -3 -12 -4 -13 -4 -13 -4 -13 -4 -13 -4 -13 -5 -13 -5 -13 -5 -14 -5 -14 -5 -14 -5 -14 -5 -13 0 0 0 0 0 0 0 0 0 0
1784740892.027689,52166,-44,11,1,6,1,-95,1,613532127,128,0 0 0 0 0 0 0 0 0 0 0 0 -7 -4 -6 -4 -6 -5 -6 -5 -7 -6 -6 -5 -7 -6 -7 -6 -7 -6 -7 -7 -6 -7 -7 -8 -6 -8 -6 -8 -6 -8 -7 -9 -6 -8 -7 -9 -6 -9 -7 -9 -7 -9 -7 -9 -7 -10 -6 -10 -6 -10 -6 -9 0 0 -7 -9 -7 -9 -7 -9 -8 -9 -7 -9 -8 -9 -8 -9 -8 -9 -8 -9 -9 -9 -9 -9 -9 -9 -9 -9 -9 -9 -10 -9 -10 -9 -10 -9 -10 -9 -11 -9 -11 -9 -11 -9 -11 -9 -12 -10 -11 -9 -11 -9 -11 -9 0 0 0 0 0 0 0 0 0 0
1784740892.039480,52167,-44,11,1,6,1,-95,1,613542162,128,0 0 0 0 0 0 0 0 0 0 0 0 2 5 2 6 2 6 1 7 1 7 1 7 1 7 1 7 0 8 0 8 0 8 0 8 0 8 0 9 0 9 -1 9 -1 10 -1 10 -1 10 -2 10 -2 10 -2 10 -1 10 -2 10 -2 10 -2 10 0 0 -2 10 -2 10 -2 10 -2 10 -1 10 -1 10 -1 11 -1 11 -1 11 0 11 0 11 0 11 0 11 0 12 0 12 0 12 0 12 1 12 0 12 1 13 1 13 1 13 1 13 1 13 1 13 1 13 0 0 0 0 0 0 0 0 0 0
1784740892.051159,52168,-41,11,1,6,0,-95,1,613552148,128,0 0 0 0 0 0 0 0 0 0 0 0 3 -8 3 -8 4 -8 5 -8 5 -8 5 -8 6 -8 6 -8 6 -8 7 -8 7 -8 8 -8 8 -8 8 -8 9 -8 9 -8 9 -8 9 -8 10 -8 10 -8 10 -8 11 -7 10 -8 11 -8 11 -8 11 -8 0 0 11 -8 11 -8 11 -8 11 -8 11 -8 11 -8 11 -8 11 -9 11 -9 11 -10 11 -10 11 -10 11 -10 11 -10 11 -11 11 -11 12 -11 12 -11 12 -11 12 -12 12 -12 12 -12 12 -12 12 -12 12 -12 12 -13 0 0 0 0 0 0 0 0 0 0
1784740892.067531,52169,-45,11,1,6,1,-95,1,613577929,128,0 0 0 0 0 0 0 0 0 0 0 0 -1 6 -1 6 -2 6 -2 6 -2 6 -2 6 -3 6 -3 7 -3 7 -3 7 -4 7 -4 7 -4 7 -5 7 -4 7 -5 7 -5 8 -5 7 -6 7 -5 8 -6 8 -6 8 -6 8 -6 7 -6 8 -6 8 0 0 -6 8 -6 8 -6 8 -6 8 -6 8 -6 8 -6 9 -6 9 -6 9 -6 9 -6 9 -6 9 -6 9 -6 10 -6 10 -6 11 -6 10 -6 11 -5 11 -5 11 -6 11 -6 11 -5 11 -6 11 -6 11 -6 12 0 0 0 0 0 0 0 0 0 0
1784740892.077523,52170,-45,11,1,6,1,-95,1,613580335,128,0 0 0 0 0 0 0 0 0 0 0 0 -4 4 -5 4 -5 4 -5 4 -6 4 -6 4 -6 4 -7 4 -7 4 -7 4 -7 4 -7 4 -8 3 -8 3 -8 3 -8 3 -9 3 -9 3 -9 3 -9 3 -9 3 -9 3 -10 3 -10 3 -10 3 -10 3 0 0 -10 3 -10 3 -10 3 -10 3 -10 3 -10 4 -10 4 -10 4 -10 4 -10 4 -10 5 -10 5 -10 5 -11 5 -10 5 -11 6 -11 6 -11 6 -11 6 -11 6 -11 6 -11 7 -11 7 -12 6 -11 6 -12 7 0 0 0 0 0 0 0 0 0 0
1784740892.078749,52171,-46,11,1,6,1,-95,1,613582675,128,0 0 0 0 0 0 0 0 0 0 0 0 4 -4 5 -4 5 -4 5 -4 5 -4 6 -4 6 -3 6 -3 6 -3 7 -3 7 -3 7 -3 7 -2 8 -2 8 -3 8 -3 8 -3 8 -2 9 -2 9 -2 9 -2 9 -2 9 -2 9 -2 9 -2 9 -2 0 0 9 -2 9 -2 9 -2 10 -2 9 -3 9 -2 9 -3 10 -3 9 -3 10 -3 10 -3 10 -3 10 -3 10 -3 11 -4 10 -4 11 -4 11 -4 11 -4 11 -5 11 -5 11 -5 11 -5 11 -5 11 -5 11 -5 0 0 0 0 0 0 0 0 0 0
1784740892.087284,52172,-46,11,1,6,1,-95,1,613592114,128,0 0 0 0 0 0 0 0 0 0 0 0 -6 2 -7 2 -7 1 -7 1 -7 1 -8 1 -8 1 -8 0 -8 1 -8 0 -9 -1 -9 -1 -9 -1 -9 -1 -9 -1 -9 -1 -9 -1 -10 -1 -10 -2 -10 -2 -10 -2 -10 -2 -10 -2 -10 -2 -10 -2 -10 -2 0 0 -10 -2 -10 -1 -10 -2 -11 -2 -11 -1 -11 -1 -11 -1 -11 -1 -11 -1 -12 -1 -12 -1 -11 -1 -11 -1 -11 -1 -12 0 -12 0 -12 0 -13 0 -12 1 -13 1 -12 1 -13 1 -13 1 -13 0 -13 0 -13 1 0 0 0 0 0 0 0 0 0 0
1784740892.107500,52173,-46,11,1,6,1,-95,1,613617581,128,0 0 0 0 0 0 0 0 0 0 0 0 -5 -6 -5 -6 -5 -7 -4 -7 -4 -7 -4 -7 -4 -8 -4 -8 -4 -9 -4 -9 -4 -9 -4 -9 -4 -9 -3 -10 -3 -10 -2 -10 -2 -10 -2 -10 -2 -10 -2 -10 -2 -11 -1 -11 -2 -11 -2 -10 -2 -10 -2 -11 0 0 -2 -11 -2 -11 -2 -11 -2 -11 -2 -10 -2 -11 -2 -11 -3 -11 -2 -11 -3 -11 -3 -11 -3 -11 -3 -12 -4 -12 -4 -12 -3 -12 -4 -12 -4 -12 -4 -12 -4 -12 -4 -12 -4 -12 -4 -11 -4 -12 -5 -12 -5 -12 0 0 0 0 0 0 0 0 0 0
1784740892.123310,52174,-46,11,1,6,1,-95,1,613627248,128,0 0 0 0 0 0 0 0 0 0 0 0 -6 4 -6 3 -7 3 -7 3 -8 3 -8 2 -8 3 -8 2 -8 3 -9 2 -9 2 -9 1 -10 1 -10 1 -10 1 -10 1 -10 1 -11 1 -10 1 -11 1 -11 1 -11 1 -11 1 -11 0 -11 0 -11 1 0 0 -11 1 -11 1 -11 1 -11 2 -11 1 -11 2 -11 2 -11 2 -11 2 -12 2 -12 2 -12 2 -11 2 -11 2 -12 4 -11 3 -12 3 -12 4 -12 4 -12 4 -12 4 -12 4 -12 4 -12 4 -12 4 -12 4 0 0 0 0 0 0 0 0 0 0
1784740892.127174,52175,-47,11,1,6,1,-95,1,613627694,128,0 0 0 0 0 0 0 0 0 0 0 0 1 -9 1 -5 4 -7 2 -8 3 -5 8 -4 9 -10 1 -3 10 1 15 -3 6 -6 6 4 13 3 8 -2 3 6 9 7 9 4 7 5 5 6 4 10 6 11 7 4 -1 8 -1 15 6 10 -4 4 0 0 6 14 -1 8 -8 9 -6 16 -1 8 -9 7 -8 10 -9 7 -8 8 -8 9 -9 2 -14 5 -8 6 -9 -4 -18 1 -11 8 -8 0 -14 -5 -18 1 -10 -2 -11 -5 -14 -6 -12 -9 -13 -7 -7 -5 -5 -14 0 0 0 0 0 0 0 0 0 0
1784740892.127174,52176,-46,11,1,6,1,-95,1,613632059,128,0 0 0 0 0 0 0 0 0 0 0 0 -6 -4 -6 -5 -6 -5 -6 -6 -6 -5 -7 -6 -6 -6 -7 -6 -6 -7 -6 -7 -7 -7 -7 -8 -7 -8 -7 -8 -7 -9 -6 -9 -6 -9 -6 -9 -6 -10 -6 -9 -6 -9 -5 -10 -6 -9 -6 -10 -6 -9 -6 -10 0 0 -6 -10 -6 -10 -6 -10 -6 -9 -6 -9 -6 -10 -6 -10 -7 -9 -7 -10 -7 -9 -7 -9 -8 -9 -8 -10 -8 -10 -8 -10 -9 -10 -8 -10 -8 -10 -9 -10 -9 -10 -9 -10 -9 -10 -9 -9 -9 -10 -10 -9 -9 -10 0 0 0 0 0 0 0 0 0 0
1784740892.137155,52177,-46,11,1,6,1,-95,1,613642096,128,0 0 0 0 0 0 0 0 0 0 0 0 7 -1 7 -1 7 0 7 0 7 0 8 0 8 0 8 0 8 0 9 1 9 2 9 2 9 2 9 2 9 2 9 3 9 3 9 3 9 3 9 3 10 3 10 3 9 3 9 4 9 4 9 3 0 0 10 4 10 3 10 3 10 3 10 3 10 3 10 3 10 3 11 2 11 3 11 3 11 2 11 2 11 2 12 2 12 2 12 2 12 2 12 2 12 2 12 2 12 1 12 2 12 2 12 2 12 2 0 0 0 0 0 0 0 0 0 0
1784740892.147541,52178,-45,11,1,6,1,-95,1,613652125,128,0 0 0 0 0 0 0 0 0 0 0 0 7 -1 7 -1 7 -1 8 0 8 0 8 0 8 0 9 0 9 1 9 1 9 1 9 1 9 2 10 2 10 2 10 2 10 2 10 3 10 3 10 3 10 3 10 3 10 3 10 3 10 3 10 3 0 0 11 3 11 3 11 3 11 2 11 2 11 2 11 2 11 1 11 1 12 1 12 1 12 1 12 1 12 1 12 0 13 0 13 1 13 0 13 0 13 0 13 0 13 0 14 0 13 0 14 0 14 0 0 0 0 0 0 0 0 0 0 0
1784740892.157311,52179,-45,11,1,6,1,-95,1,613662111,128,0 0 0 0 0 0 0 0 0 0 0 0 -7 -4 -7 -4 -8 -5 -7 -5 -7 -6 -7 -6 -7 -6 -8 -6 -7 -7 -8 -7 -7 -7 -8 -7 -8 -8 -8 -8 -8 -8 -7 -9 -7 -9 -7 -9 -7 -9 -7 -9 -7 -10 -7 -10 -7 -9 -7 -9 -7 -10 -7 -10 0 0 -7 -10 -7 -10 -7 -10 -7 -9 -8 -9 -8 -10 -8 -10 -8 -10 -8 -10 -9 -9 -9 -9 -10 -9 -10 -9 -10 -10 -10 -10 -10 -10 -10 -10 -10 -10 -10 -10 -11 -10 -11 -10 -11 -10 -11 -10 -11 -10 -11 -10 -11 -10 0 0 0 0 0 0 0 0 0 0
1784740892.169219,52180,-44,11,1,6,1,-95,1,613672141,128,0 0 0 0 0 0 0 0 0 0 0 0 -6 -6 -6 -6 -6 -7 -5 -7 -6 -7 -5 -7 -6 -8 -5 -8 -6 -8 -5 -9 -4 -9 -4 -10 -4 -10 -4 -10 -5 -9 -5 -10 -5 -10 -5 -11 -4 -10 -5 -10 -5 -10 -5 -11 -4 -11 -4 -11 -4 -11 -4 -11 0 0 -4 -11 -5 -11 -5 -10 -6 -11 -5 -10 -6 -11 -6 -10 -7 -11 -7 -10 -7 -11 -7 -12 -7 -11 -7 -11 -7 -11 -8 -11 -8 -11 -8 -12 -8 -11 -9 -11 -9 -11 -9 -11 -9 -11 -9 -12 -9 -12 -9 -12 -9 -12 0 0 0 0 0 0 0 0 0 0
1784740892.177610,52181,-44,11,1,6,1,-95,1,613682090,128,0 0 0 0 0 0 0 0 0 0 0 0 5 4 5 5 4 5 4 6 4 6 4 6 4 6 4 6 4 7 4 7 3 7 3 8 3 8 3 8 3 9 3 8 3 9 3 9 3 9 3 9 3 9 3 9 3 9 3 9 2 9 3 9 0 0 3 9 3 9 3 10 3 9 4 9 4 9 4 9 5 9 5 10 5 9 5 10 5 10 5 10 6 10 5 10 6 10 6 10 6 10 6 10 6 10 7 10 7 11 7 10 6 11 7 11 7 11 0 0 0 0 0 0 0 0 0 0
1784740892.189725,52182,-43,11,1,5,1,-95,1,613693644,128,0 0 0 0 0 0 0 0 0 0 0 0 -1 -7 -1 -8 0 -8 0 -8 0 -8 0 -8 1 -8 1 -9 1 -9 1 -9 2 -9 2 -9 2 -9 2 -9 2 -10 3 -9 3 -10 3 -10 3 -10 3 -10 3 -10 3 -10 3 -10 3 -10 3 -10 3 -10 0 0 3 -10 3 -10 3 -10 3 -11 3 -11 3 -11 2 -11 2 -11 2 -11 2 -12 2 -12 2 -12 2 -12 2 -12 1 -13 2 -13 2 -13 2 -13 1 -13 1 -14 1 -14 1 -14 1 -14 1 -14 1 -14 1 -14 0 0 0 0 0 0 0 0 0 0
1784740892.203011,52183,-44,11,1,5,1,-95,1,613708526,128,0 0 0 0 0 0 0 0 0 0 0 0 -7 -1 -8 -2 -8 -2 -8 -3 -8 -3 -8 -3 -8 -3 -8 -4 -9 -4 -8 -4 -8 -5 -8 -5 -8 -5 -8 -5 -9 -6 -8 -6 -9 -6 -9 -6 -9 -6 -9 -7 -9 -7 -9 -7 -9 -7 -9 -7 -9 -7 -9 -7 0 0 -9 -7 -9 -7 -9 -7 -9 -6 -10 -6 -10 -7 -10 -7 -10 -7 -10 -6 -11 -7 -11 -6 -11 -7 -11 -6 -11 -7 -11 -6 -11 -6 -11 -6 -12 -6 -12 -6 -12 -6 -12 -7 -12 -6 -12 -6 -12 -6 -13 -6 -12 -6 0 0 0 0 0 0 0 0 0 0
1784740892.207525,52184,-45,11,1,6,1,-95,1,613712110,128,0 0 0 0 0 0 0 0 0 0 0 0 -2 -7 -1 -8 -1 -8 -1 -8 0 -8 0 -8 0 -8 0 -9 0 -9 1 -9 1 -9 1 -9 1 -9 1 -10 2 -10 2 -9 2 -10 2 -10 2 -10 2 -10 2 -10 3 -10 2 -10 3 -10 3 -10 3 -10 0 0 3 -11 3 -10 3 -11 3 -10 3 -11 3 -11 2 -11 2 -11 2 -11 2 -12 2 -12 2 -12 2 -12 2 -13 2 -12 2 -13 2 -12 2 -13 1 -13 2 -13 1 -13 2 -13 1 -13 2 -13 2 -13 1 -14 0 0 0 0 0 0 0 0 0 0
1784740892.217432,52185,-45,11,1,6,1,-95,1,613722141,128,0 0 0 0 0 0 0 0 0 0 0 0 -5 -6 -5 -6 -4 -7 -4 -7 -4 -7 -4 -7 -4 -7 -4 -8 -4 -8 -4 -8 -3 -9 -3 -9 -3 -9 -3 -9 -3 -9 -2 -10 -3 -10 -2 -10 -2 -10 -2 -10 -3 -10 -2 -11 -3 -11 -2 -11 -2 -11 -2 -11 0 0 -2 -11 -2 -11 -2 -11 -2 -11 -3 -11 -3 -11 -3 -11 -3 -12 -3 -11 -4 -12 -3 -12 -4 -12 -3 -12 -4 -12 -3 -12 -4 -13 -4 -12 -4 -13 -4 -12 -4 -12 -5 -13 -4 -13 -5 -12 -4 -13 -4 -13 -5 -13 0 0 0 0 0 0 0 0 0 0
1784740892.229629,52186,-45,11,1,6,1,-95,1,613732143,128,0 0 0 0 0 0 0 0 0 0 0 0 7 -1 7 0 7 0 7 0 7 1 7 0 8 1 8 1 8 1 8 2 8 2 8 2 8 3 8 3 9 3 9 3 9 3 9 3 9 3 10 3 10 3 10 3 10 4 10 4 10 4 10 4 0 0 10 4 10 3 10 4 11 3 11 3 11 3 11 3 11 3 11 3 12 3 12 3 12 2 12 3 12 3 12 2 12 2 12 2 13 2 12 2 13 1 13 1 13 1 13 2 13 2 13 2 13 1 0 0 0 0 0 0 0 0 0 0
1784740892.238103,52187,-45,11,1,7,1,-95,1,613742082,128,0 0 0 0 0 0 0 0 0 0 0 0 -4 5 -5 5 -5 4 -6 5 -6 4 -6 4 -6 4 -7 4 -7 4 -7 4 -7 5 -8 4 -8 4 -8 5 -9 5 -9 4 -9 4 -9 4 -9 4 -9 4 -10 4 -10 4 -10 4 -10 4 -10 4 -10 4 0 0 -11 5 -11 5 -11 5 -11 5 -10 5 -11 5 -11 5 -11 5 -11 5 -11 6 -11 6 -11 6 -11 6 -12 7 -11 6 -12 6 -11 6 -11 7 -12 7 -12 7 -12 7 -12 7 -12 7 -12 7 -12 7 -12 7 0 0 0 0 0 0 0 0 0 0
1784740892.247267,52188,-45,11,1,7,1,-95,1,613752111,128,0 0 0 0 0 0 0 0 0 0 0 0 -7 -1 -7 -2 -7 -2 -7 -2 -8 -2 -8 -3 -8 -3 -8 -3 -8 -3 -9 -3 -8 -4 -9 -4 -9 -4 -9 -4 -9 -4 -9 -5 -9 -4 -10 -4 -9 -5 -10 -5 -10 -5 -10 -5 -10 -5 -10 -5 -10 -5 -10 -5 0 0 -11 -5 -11 -5 -11 -5 -11 -5 -11 -5 -11 -5 -12 -5 -12 -4 -12 -5 -13 -4 -12 -5 -13 -4 -13 -4 -12 -4 -14 -4 -13 -4 -14 -5 -13 -4 -14 -4 -14 -4 -14 -4 -14 -4 -15 -4 -14 -5 -14 -4 -14 -4 0 0 0 0 0 0 0 0 0 0
1784740892.256989,52189,-45,11,1,7,1,-95,1,613762088,128,0 0 0 0 0 0 0 0 0 0 0 0 3 -6 3 -6 4 -6 4 -6 4 -6 4 -6 4 -6 5 -6 5 -7 5 -6 5 -6 6 -7 6 -6 6 -6 6 -7 7 -7 7 -7 7 -7 7 -7 7 -7 7 -7 8 -7 8 -7 8 -7 8 -7 8 -7 0 0 8 -7 8 -7 8 -8 8 -8 8 -8 8 -8 8 -8 8 -8 8 -8 9 -9 9 -9 8 -9 8 -9 9 -9 9 -10 9 -10 9 -10 9 -10 9 -10 9 -11 9 -11 9 -11 10 -11 10 -11 10 -11 10 -11 0 0 0 0 0 0 0 0 0 0
1784740892.267704,52190,-44,11,1,7,1,-95,1,613772291,128,0 0 0 0 0 0 0 0 0 0 0 0 -7 0 -8 0 -8 -1 -8 -1 -8 -1 -8 -1 -8 -2 -8 -2 -9 -2 -9 -2 -9 -2 -9 -2 -9 -2 -9 -3 -10 -3 -9 -3 -10 -4 -10 -3 -10 -4 -10 -4 -10 -4 -10 -4 -10 -4 -10 -4 -10 -4 -11 -4 0 0 -11 -4 -11 -4 -11 -4 -11 -4 -11 -4 -11 -4 -11 -4 -12 -4 -12 -4 -12 -3 -12 -3 -13 -3 -13 -3 -13 -3 -13 -3 -14 -4 -13 -3 -14 -3 -14 -4 -14 -4 -14 -4 -14 -4 -14 -3 -14 -3 -15 -3 -15 -3 0 0 0 0 0 0 0 0 0 0
1784740892.279716,52191,-45,11,1,6,1,-95,1,613783791,128,0 0 0 0 0 0 0 0 0 0 0 0 -7 -3 -7 -4 -7 -4 -7 -5 -7 -5 -7 -5 -7 -5 -7 -5 -7 -6 -7 -6 -7 -6 -7 -6 -7 -7 -7 -7 -7 -7 -7 -7 -7 -7 -7 -8 -7 -8 -7 -8 -8 -8 -7 -8 -7 -8 -7 -8 -7 -8 -7 -8 0 0 -8 -8 -8 -8 -8 -8 -8 -8 -8 -8 -8 -8 -8 -8 -9 -8 -9 -8 -9 -8 -10 -8 -10 -8 -10 -8 -10 -8 -10 -8 -11 -9 -10 -8 -11 -9 -11 -9 -11 -9 -11 -8 -11 -9 -11 -9 -12 -9 -12 -9 -12 -9 0 0 0 0 0 0 0 0 0 0
1784740892.287470,52192,-45,11,1,7,1,-95,1,613792102,128,0 0 0 0 0 0 0 0 0 0 0 0 5 -5 6 -4 6 -4 7 -4 6 -4 7 -3 7 -3 8 -3 7 -3 8 -3 8 -2 8 -2 9 -2 9 -2 9 -2 9 -2 9 -2 9 -2 10 -2 9 -2 10 -2 10 -1 10 -2 10 -1 10 -1 10 -1 0 0 10 -2 10 -2 11 -2 10 -1 10 -2 11 -2 11 -2 11 -2 11 -2 11 -3 11 -3 11 -3 11 -3 11 -3 11 -3 12 -3 12 -3 13 -4 12 -4 12 -4 12 -4 12 -4 12 -4 13 -4 13 -4 13 -4 0 0 0 0 0 0 0 0 0 0
1784740892.301759,52193,-45,11,1,6,1,-95,1,613803639,128,0 0 0 0 0 0 0 0 0 0 0 0 5 -5 5 -5 6 -5 6 -4 6 -4 6 -4 7 -4 7 -4 7 -4 7 -3 8 -3 8 -3 8 -3 8 -3 8 -3 8 -3 8 -3 9 -3 9 -3 9 -3 9 -3 9 -3 10 -3 10 -2 10 -2 10 -3 0 0 9 -3 10 -3 10 -3 10 -3 10 -4 10 -4 10 -4 10 -4 10 -4 11 -5 11 -4 10 -5 11 -4 10 -4 10 -6 10 -6 11 -5 11 -6 11 -6 11 -6 11 -6 10 -6 11 -6 11 -6 11 -6 11 -6 0 0 0 0 0 0 0 0 0 0
1784740892.307457,52194,-46,11,1,6,1,-95,1,613813824,128,0 0 0 0 0 0 0 0 0 0 0 0 5 4 5 4 4 5 4 5 4 5 4 6 4 6 4 6 4 7 4 7 4 7 4 7 4 7 4 8 4 8 3 8 3 9 4 8 3 8 3 9 3 9 3 9 3 9 3 9 3 9 4 9 0 0 3 9 3 10 3 10 4 9 4 9 4 10 4 10 4 10 4 10 4 10 5 10 5 10 5 10 5 10 5 10 5 10 5 10 5 10 5 10 6 11 6 11 6 11 6 10 6 10 6 10 6 11 0 0 0 0 0 0 0 0 0 0
1784740892.317388,52195,-45,11,1,7,1,-95,1,613822150,128,0 0 0 0 0 0 0 0 0 0 0 0 -3 6 -3 6 -4 6 -4 6 -4 6 -5 6 -5 6 -5 6 -5 6 -5 6 -6 6 -6 6 -6 6 -7 7 -7 7 -7 6 -7 7 -7 6 -7 7 -7 7 -7 7 -8 7 -7 7 -8 7 -8 7 -8 7 0 0 -8 8 -8 7 -8 8 -8 7 -8 8 -8 8 -8 8 -8 9 -8 9 -8 9 -8 9 -8 9 -8 9 -8 10 -8 10 -8 10 -8 9 -8 10 -8 10 -8 11 -8 10 -8 11 -7 10 -8 10 -8 11 -8 11 0 0 0 0 0 0 0 0 0 0
1784740892.327427,52196,-45,11,1,7,1,-95,1,613832038,128,0 0 0 0 0 0 0 0 0 0 0 0 6 -3 7 -2 7 -2 7 -2 7 -1 7 -1 8 -1 8 -1 8 -1 8 -1 8 -1 8 -1 9 0 9 0 9 0 9 0 10 0 9 0 10 0 10 1 10 0 10 1 10 0 10 0 10 0 11 0 0 0 11 0 11 0 11 0 11 0 11 0 11 0 11 0 11 0 12 0 12 -1 12 -1 12 -1 12 -1 13 -1 13 -1 13 -1 12 -1 13 -1 13 -1 13 -1 13 -2 13 -2 13 -2 13 -2 13 -2 14 -2 0 0 0 0 0 0 0 0 0 0
1784740892.337410,52197,-44,11,1,7,1,-95,1,613843052,128,0 0 0 0 0 0 0 0 0 0 0 0 6 0 7 1 7 1 7 1 7 2 7 2 7 2 7 2 7 2 7 2 7 3 8 3 8 3 8 3 8 3 8 3 9 4 8 4 8 4 8 4 9 4 9 4 9 4 9 4 9 4 9 4 0 0 10 4 10 4 10 4 10 4 10 4 10 4 10 4 10 4 11 4 11 4 11 4 12 3 12 4 12 4 12 3 12 4 12 3 13 3 13 3 13 3 13 3 13 3 13 3 13 3 13 3 14 3 0 0 0 0 0 0 0 0 0 0
1784740892.347785,52198,-44,11,1,7,1,-95,1,613852110,128,0 0 0 0 0 0 0 0 0 0 0 0 5 -5 5 -4 5 -4 6 -4 6 -4 6 -4 6 -3 7 -4 7 -3 7 -3 7 -3 8 -3 8 -3 8 -3 8 -3 8 -3 8 -3 8 -3 9 -3 9 -3 9 -3 9 -3 9 -3 9 -3 10 -3 10 -3 0 0 10 -3 10 -3 10 -3 10 -4 10 -4 10 -4 10 -4 10 -4 11 -4 11 -5 11 -5 11 -5 11 -5 11 -6 11 -5 12 -5 11 -6 12 -6 12 -6 12 -6 12 -6 12 -6 12 -7 12 -6 12 -6 12 -7 0 0 0 0 0 0 0 0 0 0
1784740892.357449,52199,-44,11,1,7,1,-95,1,613862028,128,0 0 0 0 0 0 0 0 0 0 0 0 4 5 3 5 3 6 3 6 3 6 2 6 2 6 3 7 2 7 2 7 2 7 2 7 2 8 2 8 2 8 2 8 2 8 2 9 2 9 2 9 2 9 2 9 2 9 2 10 2 10 2 10 0 0 3 10 3 10 2 10 3 10 3 11 3 11 3 10 3 11 3 11 4 11 4 11 4 11 4 12 4 12 4 12 4 12 4 12 5 13 5 13 5 13 5 13 5 13 5 13 5 13 5 13 5 14 0 0 0 0 0 0 0 0 0 0
1784740892.372499,52200,-44,11,1,5,1,-95,1,613875202,128,0 0 0 0 0 0 0 0 0 0 0 0 -7 -2 -7 -2 -7 -3 -7 -3 -7 -3 -7 -4 -7 -4 -7 -4 -7 -4 -7 -5 -7 -5 -7 -5 -7 -5 -7 -5 -7 -5 -7 -6 -7 -5 -7 -6 -8 -6 -8 -6 -8 -6 -8 -6 -8 -6 -8 -6 -8 -6 -9 -6 0 0 -9 -6 -9 -7 -9 -6 -10 -6 -10 -7 -10 -7 -10 -6 -11 -7 -10 -6 -11 -7 -11 -7 -11 -7 -11 -7 -11 -7 -12 -7 -12 -7 -12 -7 -12 -7 -12 -7 -13 -7 -12 -7 -13 -7 -13 -8 -13 -8 -13 -8 -13 -8 0 0 0 0 0 0 0 0 0 0
1784740892.379014,52201,-46,11,1,6,1,-95,1,613883706,128,0 0 0 0 0 0 0 0 0 0 0 0 6 -1 6 0 6 0 6 1 7 1 6 1 7 1 7 1 7 1 7 2 7 2 7 2 7 3 7 3 7 2 8 2 8 3 8 3 8 3 8 2 8 2 8 2 9 3 8 3 8 3 9 3 0 0 9 2 10 2 9 2 10 2 10 2 10 2 11 2 11 2 11 2 12 2 12 2 12 2 11 2 12 2 12 2 12 1 13 2 13 2 13 2 13 1 13 2 14 1 14 2 14 2 14 2 14 2 0 0 0 0 0 0 0 0 0 0
1784740892.388944,52202,-46,11,1,6,1,-95,1,613893344,128,0 0 0 0 0 0 0 0 0 0 0 0 2 6 2 7 1 7 1 7 0 7 0 8 0 7 0 8 0 8 0 8 -1 8 -1 8 -1 8 -1 9 -1 9 -2 9 -2 9 -2 9 -2 9 -2 9 -2 9 -2 9 -2 9 -2 9 -2 9 -2 9 0 0 -1 10 -1 10 -1 10 -1 10 -1 10 -1 10 -1 10 -1 11 -1 11 0 11 0 11 0 11 0 11 0 12 0 12 0 13 0 12 0 13 0 13 0 13 1 13 0 13 0 13 0 14 1 14 0 14 0 0 0 0 0 0 0 0 0 0
1784740892.398095,52203,-45,11,1,7,1,-95,1,613902101,128,0 0 0 0 0 0 0 0 0 0 0 0 6 -4 7 -3 7 -3 7 -3 7 -3 8 -3 8 -2 8 -2 8 -2 9 -2 9 -1 9 -1 9 -1 9 -1 9 -1 10 -1 10 0 10 0 10 0 10 0 10 0 10 0 10 0 10 0 10 0 10 0 0 0 10 0 10 0 10 0 11 -1 10 -1 10 -1 10 -1 11 -1 11 -1 11 -2 11 -1 11 -2 11 -2 11 -2 12 -2 12 -2 12 -2 12 -2 12 -2 12 -3 13 -3 12 -3 13 -3 13 -2 13 -3 13 -3 0 0 0 0 0 0 0 0 0 0
1784740892.407153,52204,-44,11,1,7,1,-95,1,613912043,128,0 0 0 0 0 0 0 0 0 0 0 0 5 4 5 5 5 5 5 6 5 6 5 6 5 7 5 7 5 7 5 7 5 7 5 8 4 8 5 8 4 9 4 9 4 9 4 9 4 9 3 10 4 10 3 10 4 10 4 10 4 10 4 10 0 0 4 10 4 10 4 10 4 10 4 10 4 10 4 10 5 10 5 10 6 10 6 10 6 10 6 10 6 10 6 10 6 10 6 10 7 10 7 10 7 10 7 10 7 10 7 10 7 10 8 10 8 10 0 0 0 0 0 0 0 0 0 0
1784740892.417377,52205,-44,11,1,7,1,-95,1,613922151,128,0 0 0 0 0 0 0 0 0 0 0 0 1 -8 0 -7 1 -8 1 -8 2 -8 2 -8 2 -8 2 -8 2 -8 3 -9 3 -9 3 -9 4 -9 4 -9 4 -9 4 -10 4 -9 5 -10 5 -9 5 -10 5 -10 5 -10 5 -10 5 -9 5 -10 5 -10 0 0 5 -10 5 -11 5 -10 5 -11 5 -10 5 -11 5 -11 5 -11 5 -11 5 -12 4 -12 4 -11 4 -11 4 -11 4 -13 3 -12 4 -13 4 -13 4 -13 4 -13 4 -13 4 -13 4 -14 4 -13 4 -13 4 -13 0 0 0 0 0 0 0 0 0 0
1784740892.427490,52206,-44,11,1,7,1,-95,1,613933093,128,0 0 0 0 0 0 0 0 0 0 0 0 -2 -7 -1 -7 -1 -8 -1 -8 0 -8 0 -8 0 -8 0 -8 1 -9 1 -9 1 -9 1 -9 1 -9 1 -9 1 -10 2 -9 2 -10 2 -10 2 -10 2 -10 2 -11 2 -10 2 -10 2 -10 2 -11 2 -11 0 0 2 -11 2 -11 3 -11 2 -11 2 -12 2 -12 2 -12 1 -12 2 -12 1 -13 1 -13 1 -13 1 -13 1 -13 1 -13 1 -14 1 -13 1 -14 1 -14 1 -14 0 -14 1 -14 0 -14 1 -15 0 -14 0 -15 0 0 0 0 0 0 0 0 0 0
1784740892.437307,52207,-45,11,1,6,1,-95,1,613943900,128,0 0 0 0 0 0 0 0 0 0 0 0 -1 -7 -1 -7 0 -7 0 -8 0 -8 1 -8 1 -7 1 -8 1 -8 1 -8 1 -8 2 -8 2 -9 2 -9 2 -9 3 -9 2 -9 2 -9 3 -9 3 -9 3 -9 3 -10 3 -10 3 -10 3 -10 3 -10 0 0 3 -11 3 -11 3 -11 3 -11 3 -11 3 -11 3 -11 3 -12 3 -12 2 -12 3 -12 2 -12 3 -12 3 -13 2 -13 2 -14 3 -13 2 -14 2 -14 3 -14 3 -14 2 -15 3 -14 3 -14 2 -15 3 -15 0 0 0 0 0 0 0 0 0 0
1784740892.449561,52208,-45,11,1,6,1,-95,1,613954091,128,0 0 0 0 0 0 0 0 0 0 0 0 -7 0 -7 0 -7 -1 -7 -1 -8 -2 -8 -1 -8 -2 -8 -2 -8 -2 -8 -2 -8 -2 -9 -2 -9 -3 -9 -3 -9 -3 -9 -4 -9 -4 -9 -4 -9 -4 -9 -4 -9 -4 -9 -4 -10 -4 -10 -4 -10 -4 -10 -4 0 0 -10 -5 -11 -5 -11 -5 -11 -4 -11 -4 -11 -5 -11 -5 -11 -5 -11 -5 -12 -4 -12 -4 -12 -4 -13 -4 -13 -4 -13 -5 -13 -5 -13 -5 -13 -5 -14 -6 -14 -6 -14 -5 -14 -6 -14 -5 -14 -5 -15 -5 -15 -5 0 0 0 0 0 0 0 0 0 0
1784740892.460045,52209,-46,11,1,6,1,-95,1,613965034,128,0 0 0 0 0 0 0 0 0 0 0 0 -7 3 -7 2 -8 2 -8 1 -8 2 -8 1 -8 1 -9 1 -9 1 -9 1 -9 1 -9 1 -9 1 -9 0 -10 0 -10 0 -10 0 -10 0 -10 0 -10 0 -11 0 -10 0 -11 0 -10 0 -11 0 -11 0 0 0 -11 0 -11 0 -11 0 -12 0 -11 1 -12 1 -11 1 -12 1 -12 1 -13 1 -13 1 -12 1 -13 1 -13 1 -13 2 -13 2 -14 2 -13 2 -14 2 -14 2 -14 2 -14 2 -14 2 -14 2 -14 2 -14 3 0 0 0 0 0 0 0 0 0 0
1784740892.467921,52210,-45,11,1,6,1,-95,1,613973330,128,0 0 0 0 0 0 0 0 0 0 0 0 7 3 6 3 6 3 6 4 6 4 6 4 6 4 6 4 6 4 6 5 6 6 6 6 6 6 6 6 6 5 7 6 7 6 7 6 6 6 7 6 7 6 7 6 7 7 7 7 7 7 7 7 0 0 7 7 8 7 8 6 8 7 8 6 8 6 9 6 9 7 9 6 10 7 9 7 9 6 9 7 9 6 11 6 10 6 10 7 11 6 11 6 11 6 11 6 11 5 11 7 11 7 11 7 11 6 0 0 0 0 0 0 0 0 0 0
1784740892.481315,52211,-44,11,1,7,1,-95,1,613982197,128,0 0 0 0 0 0 0 0 0 0 0 0 -2 -8 -2 -8 -2 -8 -1 -8 -1 -9 -1 -8 -1 -9 0 -9 -1 -9 0 -9 0 -9 1 -9 1 -9 1 -10 0 -10 1 -10 1 -10 1 -11 1 -10 1 -11 1 -11 1 -11 1 -11 1 -11 1 -11 1 -11 0 0 1 -11 1 -12 1 -11 1 -12 1 -12 1 -12 0 -12 1 -13 0 -12 0 -13 1 -13 0 -13 0 -13 0 -13 -1 -14 -1 -14 0 -14 0 -14 0 -14 0 -14 0 -14 -1 -14 0 -14 0 -14 0 -14 0 -14 0 0 0 0 0 0 0 0 0 0
1784740892.488713,52212,-44,11,1,7,1,-95,1,613992259,128,0 0 0 0 0 0 0 0 0 0 0 0 7 0 7 0 7 1 7 1 7 2 7 2 7 2 7 2 7 3 7 3 7 3 8 3 8 3 8 3 8 3 8 4 8 4 8 4 8 4 8 4 8 4 8 4 8 4 9 4 9 4 9 4 0 0 9 4 9 4 10 4 10 4 10 4 10 4 10 4 11 4 11 4 11 4 11 3 11 3 12 3 12 4 12 3 12 3 12 3 12 3 12 3 13 3 13 4 13 3 13 3 13 3 13 3 13 3 0 0 0 0 0 0 0 0 0 0
1784740892.497224,52213,-45,11,1,7,1,-95,1,614002048,128,0 0 0 0 0 0 0 0 0 0 0 0 -2 -7 -2 -7 -1 -8 -1 -8 -1 -8 0 -9 0 -8 0 -8 0 -8 0 -8 1 -9 1 -9 1 -9 1 -9 1 -9 2 -9 2 -10 2 -10 2 -10 2 -10 2 -10 2 -10 1 -10 2 -11 2 -10 2 -11 0 0 2 -11 2 -11 2 -11 2 -11 2 -11 2 -12 1 -12 1 -12 2 -12 1 -12 1 -13 1 -13 1 -13 1 -13 1 -13 1 -14 1 -14 1 -14 1 -15 1 -15 1 -14 1 -14 1 -15 1 -15 1 -15 1 -15 0 0 0 0 0 0 0 0 0 0
1784740892.511263,52214,-46,11,1,6,1,-95,1,614015542,128,0 0 0 0 0 0 0 0 0 0 0 0 0 -7 1 -7 1 -7 1 -7 1 -7 1 -7 2 -7 2 -8 2 -8 2 -8 3 -8 3 -8 3 -8 4 -8 4 -8 4 -8 4 -8 4 -8 4 -8 4 -8 4 -8 4 -8 4 -9 4 -8 5 -9 4 -9 0 0 4 -9 4 -9 5 -9 4 -9 4 -10 4 -10 4 -10 4 -10 4 -10 4 -11 5 -11 4 -11 4 -11 5 -11 4 -12 4 -12 4 -12 4 -12 4 -12 4 -13 4 -13 4 -13 5 -13 5 -13 5 -13 5 -13 0 0 0 0 0 0 0 0 0 0
1784740892.517150,52215,-43,11,1,6,0,-95,1,614023546,128,0 0 0 0 0 0 0 0 0 0 0 0 -3 1 -3 1 -3 1 -3 1 -3 0 -4 0 -4 0 -4 0 -4 0 -4 0 -4 0 -4 0 -4 0 -4 0 -4 0 -4 0 -4 0 -5 0 -4 0 -5 -1 -5 0 -5 0 -5 -1 -5 -1 -5 -1 -5 -1 0 0 -5 -1 -5 -1 -5 -1 -5 0 -5 0 -5 -1 -5 -1 -5 0 -5 0 -5 0 -5 0 -5 0 -5 0 -6 0 -6 0 -6 0 -6 0 -6 0 -6 0 -6 0 -6 0 -6 0 -6 0 -6 0 -6 0 -6 0 0 0 0 0 0 0 0 0 0 0
1784740892.531752,52216,-46,11,1,7,1,-95,1,614032137,128,0 0 0 0 0 0 0 0 0 0 0 0 -1 -8 -1 -8 0 -8 0 -8 0 -8 0 -8 0 -8 0 -9 1 -9 1 -9 2 -9 2 -9 2 -9 2 -10 2 -9 2 -10 3 -10 3 -10 3 -10 3 -10 3 -10 3 -10 3 -10 3 -10 4 -10 3 -10 0 0 3 -11 3 -11 3 -10 3 -11 3 -11 3 -11 3 -11 3 -11 3 -11 3 -12 3 -12 3 -12 3 -12 3 -12 2 -13 2 -13 3 -13 3 -13 2 -13 2 -14 2 -13 2 -13 3 -14 3 -14 3 -13 3 -14 0 0 0 0 0 0 0 0 0 0
1784740892.539472,52217,-45,11,1,7,1,-95,1,614042095,128,0 0 0 0 0 0 0 0 0 0 0 0 -3 -7 -3 -8 -2 -8 -2 -8 -2 -8 -2 -8 -2 -9 -2 -9 -2 -9 -1 -9 -1 -10 -1 -10 -1 -10 -1 -10 -1 -10 -1 -10 -1 -11 -1 -11 0 -11 0 -11 0 -11 0 -11 0 -11 0 -11 0 -11 0 -11 0 0 0 -11 0 -11 0 -12 0 -12 -1 -12 -1 -12 -1 -12 -1 -12 -1 -12 -1 -12 -1 -13 -2 -12 -2 -12 -2 -13 -2 -13 -2 -13 -2 -13 -2 -14 -2 -13 -3 -13 -2 -13 -3 -13 -2 -13 -2 -14 -2 -14 -3 -14 0 0 0 0 0 0 0 0 0 0
1784740892.547509,52218,-45,11,1,7,1,-95,1,614052138,128,0 0 0 0 0 0 0 0 0 0 0 0 -6 -5 -6 -5 -6 -6 -6 -6 -6 -7 -6 -7 -6 -7 -6 -8 -6 -8 -6 -8 -6 -8 -6 -8 -6 -9 -6 -9 -6 -9 -5 -10 -5 -10 -5 -10 -5 -10 -5 -10 -5 -11 -5 -11 -5 -11 -5 -11 -5 -11 -5 -11 0 0 -5 -11 -5 -11 -5 -11 -5 -11 -6 -11 -6 -11 -6 -11 -6 -11 -6 -11 -7 -11 -7 -11 -7 -11 -7 -12 -8 -11 -7 -11 -8 -12 -8 -11 -8 -12 -8 -12 -8 -12 -8 -12 -8 -12 -8 -12 -8 -11 -8 -12 -9 -12 0 0 0 0 0 0 0 0 0 0
1784740892.559537,52219,-44,11,1,6,1,-95,1,614062084,128,0 0 0 0 0 0 0 0 0 0 0 0 -7 1 -7 1 -7 1 -8 1 -8 1 -8 1 -8 0 -9 0 -9 0 -9 0 -9 -1 -9 -1 -10 -1 -10 -1 -10 -1 -10 -1 -11 -1 -11 -2 -11 -2 -11 -2 -11 -2 -11 -2 -11 -2 -11 -2 -11 -2 -11 -2 0 0 -11 -2 -11 -2 -12 -2 -12 -2 -12 -2 -12 -2 -12 -1 -12 -1 -12 -1 -13 -1 -13 -1 -13 -1 -13 -1 -13 -1 -13 0 -13 0 -13 -1 -14 0 -14 0 -14 0 -14 0 -14 0 -14 0 -14 -1 -14 0 -14 0 0 0 0 0 0 0 0 0 0 0
1784740892.568287,52220,-45,11,1,6,1,-95,1,614072132,128,0 0 0 0 0 0 0 0 0 0 0 0 6 -2 6 -2 6 -1 7 -1 7 -1 7 -1 7 -1 7 0 8 -1 8 0 8 0 8 0 8 1 9 1 9 1 9 1 9 1 10 1 10 1 10 1 10 1 10 1 10 2 10 2 10 2 10 2 0 0 10 2 10 2 11 2 11 2 10 1 11 1 11 1 11 1 11 1 12 0 12 1 12 0 12 1 12 0 12 0 12 0 13 0 13 -1 13 -1 13 -1 13 -1 13 -1 13 -1 13 -1 13 -1 13 0 0 0 0 0 0 0 0 0 0 0
1784740892.577467,52221,-45,11,1,6,1,-95,1,614082760,128,0 0 0 0 0 0 0 0 0 0 0 0 4 -6 4 -5 4 -5 4 -5 5 -6 5 -6 5 -6 5 -6 5 -6 6 -6 6 -6 7 -6 7 -6 7 -6 7 -6 7 -6 7 -6 8 -6 8 -6 8 -6 8 -6 8 -6 9 -6 9 -6 9 -5 9 -6 0 0 9 -6 9 -6 9 -6 9 -7 8 -7 9 -7 8 -7 8 -8 8 -7 9 -8 9 -8 9 -8 9 -8 8 -8 8 -9 8 -9 9 -9 9 -9 8 -10 8 -10 8 -10 8 -11 9 -10 9 -10 9 -10 9 -10 0 0 0 0 0 0 0 0 0 0
1784740892.591494,52222,-44,11,1,5,1,-95,1,614095119,128,0 0 0 0 0 0 0 0 0 0 0 0 4 6 3 6 3 7 3 6 3 7 3 7 3 7 3 7 3 8 2 8 2 9 2 9 2 9 2 9 2 9 2 10 2 10 2 10 2 10 2 10 2 11 2 11 1 11 1 11 1 11 1 11 0 0 1 11 2 11 1 11 2 12 2 11 2 11 2 11 2 11 2 11 3 12 2 12 2 11 2 11 3 11 4 13 4 11 3 12 3 12 4 12 4 12 4 12 4 12 4 13 4 13 4 13 4 12 0 0 0 0 0 0 0 0 0 0
1784740892.598984,52223,-45,11,1,6,1,-95,1,614102544,128,0 0 0 0 0 0 0 0 0 0 0 0 -7 4 -7 4 -7 3 -8 3 -8 3 -8 3 -8 3 -8 3 -9 3 -8 3 -9 3 -9 3 -9 3 -10 3 -10 3 -10 2 -11 2 -10 2 -11 2 -11 2 -11 2 -11 2 -11 2 -11 2 -11 2 -12 2 0 0 -12 2 -12 2 -12 2 -12 2 -12 2 -12 2 -12 2 -12 3 -12 3 -12 3 -12 3 -12 3 -12 4 -13 4 -12 4 -13 4 -12 4 -13 4 -13 4 -13 4 -13 5 -13 5 -13 5 -13 5 -13 5 -13 5 0 0 0 0 0 0 0 0 0 0
1784740892.611215,52224,-45,11,1,6,1,-95,1,614116923,128,0 0 0 0 0 0 0 0 0 0 0 0 -4 -7 -4 -7 -3 -7 -3 -8 -3 -8 -3 -9 -2 -9 -2 -9 -3 -9 -3 -9 -2 -10 -2 -10 -2 -10 -2 -10 -2 -11 -1 -10 -1 -11 -1 -11 -1 -11 -1 -11 -1 -11 -1 -11 -1 -11 -1 -11 -1 -12 -1 -12 0 0 -1 -12 -1 -11 -1 -12 -1 -11 -2 -12 -1 -12 -2 -12 -2 -12 -2 -12 -2 -13 -3 -12 -3 -12 -3 -12 -3 -13 -3 -13 -3 -13 -3 -13 -3 -14 -3 -13 -3 -14 -3 -14 -3 -14 -3 -13 -4 -14 -4 -13 -4 -14 0 0 0 0 0 0 0 0 0 0
1784740892.617068,52225,-45,11,1,6,1,-95,1,614122311,128,0 0 0 0 0 0 0 0 0 0 0 0 -8 0 -8 -1 -8 -1 -8 -2 -9 -2 -8 -2 -9 -2 -9 -3 -9 -3 -10 -3 -9 -3 -9 -4 -10 -4 -10 -4 -10 -4 -10 -4 -10 -4 -10 -5 -10 -5 -10 -5 -10 -5 -10 -5 -11 -5 -10 -6 -10 -5 -10 -6 0 0 -10 -5 -11 -5 -11 -5 -12 -5 -11 -5 -12 -5 -11 -5 -12 -5 -12 -4 -13 -5 -12 -5 -12 -4 -12 -4 -12 -4 -14 -3 -13 -4 -14 -4 -14 -4 -14 -4 -14 -4 -14 -4 -14 -3 -15 -4 -15 -5 -15 -4 -14 -4 0 0 0 0 0 0 0 0 0 0
1784740892.633066,52226,-45,11,1,6,1,-95,1,614132559,128,0 0 0 0 0 0 0 0 0 0 0 0 -6 -4 -6 -5 -6 -5 -6 -6 -6 -6 -6 -6 -6 -7 -6 -7 -6 -7 -6 -7 -6 -7 -6 -8 -6 -8 -6 -9 -6 -9 -6 -9 -6 -9 -6 -9 -6 -10 -5 -10 -5 -10 -5 -10 -6 -10 -6 -10 -6 -10 -6 -10 0 0 -6 -10 -6 -10 -6 -10 -6 -10 -6 -10 -6 -10 -6 -10 -7 -10 -7 -10 -8 -10 -8 -10 -8 -10 -9 -10 -9 -10 -9 -10 -9 -11 -9 -10 -9 -11 -9 -11 -9 -11 -10 -11 -10 -12 -10 -11 -10 -11 -11 -11 -11 -11 0 0 0 0 0 0 0 0 0 0
1784740892.637341,52227,-45,11,1,6,1,-95,1,614142070,128,0 0 0 0 0 0 0 0 0 0 0 0 -3 6 -4 6 -3 6 -4 6 -5 6 -5 6 -5 5 -5 6 -6 6 -6 6 -6 7 -7 6 -7 6 -8 6 -7 7 -8 6 -9 6 -8 6 -10 6 -9 6 -9 6 -9 6 -9 6 -9 6 -9 6 -9 6 0 0 -9 6 -9 6 -9 6 -9 5 -9 6 -9 6 -9 7 -9 7 -9 7 -9 7 -9 7 -9 9 -9 8 -9 8 -9 8 -9 9 -9 8 -9 9 -9 9 -8 10 -9 9 -9 10 -9 10 -8 10 -9 10 -10 10 0 0 0 0 0 0 0 0 0 0
1784740892.651201,52228,-44,11,1,5,1,-95,1,614153416,128,0 0 0 0 0 0 0 0 0 0 0 0 7 1 7 1 7 2 7 2 7 2 7 2 7 2 7 3 8 3 7 4 8 4 8 4 8 5 8 5 8 5 8 6 8 5 8 6 8 6 8 6 8 6 8 6 8 6 8 6 7 6 8 6 0 0 8 6 8 6 8 6 8 6 8 5 8 5 8 6 8 5 8 5 9 5 9 5 10 5 9 5 9 5 10 5 10 5 10 5 10 4 10 5 10 5 11 5 11 5 11 4 11 5 11 4 11 5 0 0 0 0 0 0 0 0 0 0
1784740892.659358,52229,-44,11,1,5,1,-95,1,614163869,128,0 0 0 0 0 0 0 0 0 0 0 0 -3 7 -3 7 -4 7 -4 7 -5 7 -5 7 -5 7 -6 7 -6 7 -7 7 -7 7 -7 7 -8 7 -8 7 -8 7 -8 7 -8 7 -9 7 -9 7 -9 7 -9 7 -9 7 -9 7 -9 6 -9 6 -9 6 0 0 -9 6 -9 7 -8 6 -9 7 -9 7 -9 7 -8 7 -8 8 -8 8 -8 8 -8 8 -8 8 -8 8 -8 8 -8 9 -7 9 -8 9 -8 9 -7 9 -7 10 -8 10 -7 10 -8 10 -8 10 -8 10 -7 10 0 0 0 0 0 0 0 0 0 0
1784740892.671240,52230,-44,11,1,6,1,-95,1,614172079,128,0 0 0 0 0 0 0 0 0 0 0 0 7 0 7 1 7 1 7 2 7 2 8 2 8 3 8 3 8 3 8 4 8 4 8 4 9 5 8 5 9 5 9 6 9 6 9 6 9 6 9 6 9 7 9 7 8 6 8 7 8 7 8 7 0 0 8 7 8 7 8 7 8 7 8 6 9 6 9 6 9 6 9 6 10 6 9 6 9 6 9 6 10 6 10 5 10 6 10 6 11 5 11 5 11 5 11 5 11 5 11 5 11 5 11 5 11 5 0 0 0 0 0 0 0 0 0 0
1784740892.677234,52231,-45,11,1,6,1,-95,1,614182776,128,0 0 0 0 0 0 0 0 0 0 0 0 5 4 5 4 5 5 5 5 5 5 5 5 5 6 5 6 5 7 5 6 5 7 5 7 5 8 5 8 5 8 5 9 5 9 5 9 5 9 5 9 4 9 5 10 5 9 4 10 5 10 4 10 0 0 5 10 5 10 5 10 5 10 5 9 5 10 5 10 6 10 5 10 6 10 6 10 6 10 6 10 7 10 7 9 7 10 7 10 7 10 8 10 8 9 8 10 8 10 8 10 8 10 8 10 8 10 0 0 0 0 0 0 0 0 0 0
1784740892.687135,52232,-45,11,1,6,1,-95,1,614192041,128,0 0 0 0 0 0 0 0 0 0 0 0 6 2 6 3 6 3 6 4 6 4 7 4 6 4 7 4 7 5 6 5 7 5 7 5 7 6 7 6 7 6 7 7 7 7 7 7 7 7 7 7 7 7 7 8 7 7 7 8 7 8 8 8 0 0 8 8 7 8 8 9 7 8 8 8 8 8 8 8 8 8 8 8 8 7 9 8 9 7 9 7 10 8 9 7 10 8 9 7 10 8 10 8 10 7 10 7 11 8 10 7 11 7 11 7 11 8 0 0 0 0 0 0 0 0 0 0
1784740892.697416,52233,-45,11,1,6,1,-95,1,614202027,128,0 0 0 0 0 0 0 0 0 0 0 0 -3 -8 -3 -8 -2 -8 -2 -8 -2 -9 -2 -9 -2 -9 -2 -9 -1 -9 -1 -10 0 -10 0 -10 0 -10 0 -10 0 -11 0 -11 0 -11 1 -11 1 -11 0 -11 0 -11 0 -11 1 -12 2 -11 2 -11 1 -11 0 0 1 -12 1 -12 1 -12 0 -12 0 -12 0 -12 0 -12 0 -12 0 -12 0 -13 0 -13 0 -12 0 -12 -1 -13 -1 -13 -1 -13 -1 -13 -2 -13 -2 -13 -2 -13 -2 -14 -2 -13 -2 -13 -1 -14 -1 -14 -2 -14 0 0 0 0 0 0 0 0 0 0
1784740892.707099,52234,-44,11,1,6,1,-95,1,614212357,128,0 0 0 0 0 0 0 0 0 0 0 0 6 -2 7 -2 7 -2 8 -2 8 -2 8 -1 8 -1 8 -1 9 -1 9 0 9 0 9 0 10 0 10 1 10 0 9 1 11 1 10 1 11 1 10 2 10 2 11 2 10 2 10 2 11 2 11 2 0 0 11 2 11 2 11 2 10 1 11 1 11 1 11 1 11 0 11 1 11 0 11 0 11 0 11 0 12 0 12 0 12 0 12 -1 13 -1 12 -1 12 -1 12 -1 12 -1 12 -1 12 -1 13 -1 13 -2 0 0 0 0 0 0 0 0 0 0
1784740892.717113,52235,-44,11,1,6,1,-95,1,614222117,128,0 0 0 0 0 0 0 0 0 0 0 0 2 7 2 7 1 7 1 8 1 8 1 8 0 8 0 9 0 9 0 9 0 9 -1 10 -1 10 -1 10 -1 10 -2 10 -2 11 -2 10 -2 11 -2 11 -2 11 -3 11 -2 10 -3 11 -3 11 -3 11 0 0 -3 11 -3 11 -3 11 -3 11 -2 11 -2 11 -2 11 -2 11 -2 11 -1 12 -1 12 -1 12 -1 12 0 12 -1 12 -1 12 -1 12 0 12 0 13 0 13 0 13 0 13 1 12 0 13 0 13 0 13 0 0 0 0 0 0 0 0 0 0
1784740892.729256,52236,-43,11,1,5,1,-95,1,614234591,128,0 0 0 0 0 0 0 0 0 0 0 0 3 6 3 6 2 6 2 6 2 7 2 7 2 7 2 8 2 8 2 8 2 9 1 9 1 9 1 9 1 10 1 10 0 10 0 10 0 10 0 11 0 11 0 11 0 11 0 10 0 11 0 11 0 0 0 11 0 11 0 11 0 11 1 11 1 11 1 11 1 11 1 11 2 12 2 11 2 11 2 11 2 12 2 12 3 12 2 12 3 12 3 12 4 12 3 12 3 13 3 12 3 13 3 12 3 13 0 0 0 0 0 0 0 0 0 0
1784740892.741341,52237,-45,11,1,6,1,-95,1,614242206,128,0 0 0 0 0 0 0 0 0 0 0 0 3 -7 3 -7 4 -7 4 -7 4 -7 5 -7 5 -7 5 -7 6 -7 6 -7 6 -7 7 -8 7 -7 7 -7 8 -8 8 -7 9 -7 8 -7 9 -7 9 -7 9 -7 9 -7 9 -7 9 -7 9 -7 9 -7 0 0 9 -7 9 -7 9 -7 9 -7 9 -8 9 -7 9 -8 9 -8 9 -8 9 -9 9 -9 9 -9 8 -9 9 -10 9 -9 9 -10 9 -10 9 -10 9 -10 9 -10 9 -11 9 -10 9 -11 9 -11 9 -11 9 -11 0 0 0 0 0 0 0 0 0 0
1784740892.751789,52238,-45,11,1,6,1,-95,1,614252068,128,0 0 0 0 0 0 0 0 0 0 0 0 -3 -7 -2 -7 -2 -8 -2 -8 -1 -8 -1 -9 -1 -8 -1 -9 -1 -9 -1 -9 -1 -9 0 -10 0 -10 0 -10 0 -11 1 -10 1 -11 1 -11 1 -11 2 -11 1 -11 2 -11 1 -11 2 -11 2 -11 2 -11 0 0 2 -11 2 -11 2 -11 2 -11 1 -11 2 -12 1 -11 1 -12 1 -12 0 -12 0 -12 0 -12 0 -12 0 -13 0 -13 0 -13 0 -13 0 -13 0 -13 0 -13 0 -14 0 -14 0 -14 -1 -14 -1 -14 -1 -14 0 0 0 0 0 0 0 0 0 0
1784740892.757103,52239,-45,11,1,6,1,-95,1,614262103,128,0 0 0 0 0 0 0 0 0 0 0 0 -6 5 -6 4 -6 4 -7 4 -7 4 -7 4 -8 4 -8 4 -8 4 -9 4 -9 4 -9 3 -10 3 -9 3 -10 3 -10 3 -10 3 -11 3 -10 3 -11 3 -11 3 -11 3 -11 3 -11 2 -11 2 -11 2 0 0 -11 2 -11 3 -11 3 -11 3 -11 3 -11 3 -11 4 -11 4 -11 4 -12 4 -11 4 -11 4 -11 4 -11 4 -11 5 -11 6 -12 5 -12 6 -12 6 -12 6 -12 6 -12 7 -12 6 -12 6 -12 6 -12 6 0 0 0 0 0 0 0 0 0 0
1784740892.769038,52240,-45,11,1,7,1,-95,1,614273178,128,0 0 0 0 0 0 0 0 0 0 0 0 -6 4 -7 4 -7 3 -7 3 -8 3 -8 3 -8 3 -8 3 -9 3 -9 3 -9 2 -9 2 -10 2 -10 2 -10 2 -10 1 -10 1 -10 1 -10 1 -11 1 -11 1 -11 1 -11 1 -10 1 -11 1 -11 1 0 0 -11 1 -11 1 -11 1 -11 2 -10 2 -11 2 -10 2 -11 3 -11 3 -11 3 -11 3 -11 3 -11 3 -11 4 -11 4 -11 4 -11 4 -11 4 -11 5 -12 5 -11 5 -12 5 -12 5 -12 5 -12 5 -12 5 0 0 0 0 0 0 0 0 0 0
1784740892.779023,52241,-45,11,1,7,1,-95,1,614282096,128,0 0 0 0 0 0 0 0 0 0 0 0 7 -3 7 -3 8 -3 8 -2 8 -2 8 -2 9 -2 9 -2 9 -2 9 -1 9 -1 10 0 10 0 10 0 10 0 10 0 11 1 11 0 10 1 10 1 10 1 11 1 10 1 10 1 10 1 11 1 0 0 10 1 10 0 10 0 10 0 10 0 10 0 10 0 11 -1 10 -1 11 -1 11 -1 11 -2 11 -2 11 -2 11 -2 11 -2 11 -2 11 -3 12 -3 11 -3 11 -3 12 -3 12 -4 12 -3 12 -4 12 -4 0 0 0 0 0 0 0 0 0 0
1784740892.787182,52242,-44,11,1,7,1,-95,1,614292352,128,0 0 0 0 0 0 0 0 0 0 0 0 -6 5 -7 5 -7 4 -8 5 -8 4 -8 5 -8 4 -9 4 -9 4 -10 4 -10 4 -10 3 -11 3 -11 3 -11 3 -11 3 -12 3 -12 3 -12 3 -12 2 -12 2 -12 2 -12 2 -12 2 -12 2 -12 2 0 0 -12 2 -12 2 -12 2 -12 2 -12 2 -11 2 -11 2 -12 3 -11 3 -12 3 -12 3 -11 4 -11 4 -11 4 -11 4 -11 5 -12 4 -12 5 -11 5 -12 5 -11 5 -11 6 -12 5 -12 5 -12 6 -11 6 0 0 0 0 0 0 0 0 0 0
1784740892.797070,52243,-44,11,1,7,1,-95,1,614302745,128,0 0 0 0 0 0 0 0 0 0 0 0 -8 2 -9 2 -9 2 -9 1 -9 1 -10 1 -10 1 -10 0 -10 0 -10 0 -11 0 -11 0 -11 0 -11 -1 -12 -1 -11 -2 -12 -2 -12 -2 -12 -2 -12 -2 -12 -2 -12 -3 -12 -2 -12 -2 -12 -2 -12 -2 0 0 -12 -3 -12 -2 -12 -3 -12 -2 -12 -2 -12 -2 -12 -2 -13 -2 -12 -2 -12 -1 -13 -1 -13 -1 -13 -1 -13 -1 -13 0 -13 -1 -13 0 -13 0 -13 0 -14 0 -14 1 -14 0 -13 1 -14 1 -14 1 -14 1 0 0 0 0 0 0 0 0 0 0
1784740892.813265,52244,-44,11,1,7,1,-95,1,614312783,128,0 0 0 0 0 0 0 0 0 0 0 0 3 -8 3 -8 4 -8 4 -8 5 -8 5 -8 5 -8 6 -8 6 -8 6 -7 7 -7 7 -7 7 -7 8 -7 8 -7 8 -7 8 -7 9 -7 8 -6 9 -7 9 -7 9 -6 9 -7 9 -6 9 -6 9 -6 0 0 9 -6 9 -7 8 -6 9 -7 8 -7 9 -7 8 -7 9 -7 8 -7 9 -8 8 -8 8 -8 8 -8 8 -8 9 -9 8 -9 9 -9 9 -9 8 -9 8 -10 9 -10 8 -10 9 -10 9 -10 9 -10 9 -10 0 0 0 0 0 0 0 0 0 0
1784740892.817426,52245,-44,11,1,7,1,-95,1,614322103,128,0 0 0 0 0 0 0 0 0 0 0 0 -1 7 -1 8 -2 8 -3 8 -3 8 -3 8 -4 9 -4 8 -4 8 -4 8 -4 8 -5 8 -5 9 -6 8 -5 9 -6 9 -6 9 -6 9 -7 9 -7 9 -7 9 -7 9 -7 9 -7 8 -7 8 -7 9 0 0 -7 8 -7 9 -7 8 -6 8 -7 9 -6 9 -6 9 -6 8 -6 9 -6 9 -6 9 -5 9 -5 10 -5 10 -5 10 -5 10 -5 10 -5 11 -4 11 -4 10 -4 11 -4 11 -4 12 -4 11 -4 12 -4 12 0 0 0 0 0 0 0 0 0 0
1784740892.827330,52246,-44,11,1,7,1,-95,1,614332090,128,0 0 0 0 0 0 0 0 0 0 0 0 1 -8 2 -8 2 -9 3 -9 3 -9 4 -9 4 -9 4 -9 5 -9 5 -9 5 -9 5 -9 6 -9 6 -9 6 -9 7 -9 7 -9 7 -9 7 -9 8 -9 8 -9 8 -9 7 -9 8 -8 8 -9 8 -9 0 0 8 -9 8 -8 8 -9 7 -9 7 -9 7 -9 7 -9 7 -9 7 -9 6 -9 6 -9 6 -10 6 -10 6 -10 6 -10 6 -10 5 -10 5 -11 5 -11 5 -11 5 -11 5 -11 4 -11 4 -11 4 -12 4 -12 0 0 0 0 0 0 0 0 0 0
1784740892.841323,52247,-43,11,1,7,1,-95,1,614342758,128,0 0 0 0 0 0 0 0 0 0 0 0 -6 5 -6 5 -7 5 -7 4 -7 5 -8 4 -8 4 -9 4 -8 4 -10 4 -10 3 -10 4 -10 4 -10 3 -10 4 -11 3 -11 3 -12 4 -11 3 -11 3 -12 3 -11 3 -12 3 -12 2 -11 2 -12 2 0 0 -12 2 -12 3 -11 3 -12 3 -12 3 -11 3 -12 3 -11 3 -11 4 -12 4 -11 4 -11 4 -11 4 -11 4 -12 5 -10 5 -11 5 -11 5 -10 6 -11 6 -10 6 -10 7 -11 6 -10 6 -11 6 -10 6 0 0 0 0 0 0 0 0 0 0
1784740892.849207,52248,-44,11,1,7,1,-95,1,614352621,128,0 0 0 0 0 0 0 0 0 0 0 0 6 3 6 3 6 4 6 4 6 4 6 5 6 5 6 5 6 6 6 6 6 6 6 7 6 7 6 7 7 8 6 8 7 8 6 8 6 9 6 9 7 9 6 9 6 9 6 9 6 10 6 10 0 0 6 10 6 9 6 10 6 9 6 9 6 9 7 9 7 9 7 9 7 9 7 9 7 9 7 9 8 9 8 9 8 9 8 8 8 8 8 8 9 8 9 8 9 8 9 8 9 8 9 8 9 8 0 0 0 0 0 0 0 0 0 0
1784740892.857334,52249,-45,11,1,7,1,-95,1,614362180,128,0 0 0 0 0 0 0 0 0 0 0 0 5 -5 5 -4 6 -4 6 -4 6 -4 7 -4 7 -3 7 -4 8 -3 8 -3 8 -4 8 -3 9 -3 9 -3 9 -3 9 -2 10 -2 10 -2 10 -2 10 -2 10 -2 10 -1 10 -2 10 -2 10 -2 11 -2 0 0 11 -2 11 -2 11 -2 11 -2 11 -2 11 -2 11 -2 11 -2 11 -2 11 -3 11 -3 11 -3 11 -4 12 -4 11 -4 12 -4 11 -4 11 -4 12 -4 12 -4 12 -4 12 -4 11 -5 12 -5 11 -5 12 -5 0 0 0 0 0 0 0 0 0 0
1784740892.869684,52250,-45,11,1,7,1,-95,1,614372020,128,0 0 0 0 0 0 0 0 0 0 0 0 -4 -6 -4 -6 -4 -7 -4 -7 -4 -7 -4 -8 -4 -8 -4 -8 -4 -9 -3 -9 -3 -9 -3 -10 -3 -10 -2 -10 -3 -10 -2 -11 -2 -10 -2 -11 -2 -11 -2 -11 -2 -11 -2 -12 -2 -12 -2 -12 -1 -11 -2 -12 0 0 -2 -12 -2 -12 -2 -12 -2 -12 -2 -12 -3 -12 -3 -12 -3 -12 -3 -12 -3 -12 -3 -12 -4 -12 -4 -12 -4 -12 -5 -13 -5 -12 -5 -13 -5 -13 -5 -13 -5 -13 -5 -13 -6 -13 -5 -13 -5 -13 -5 -13 -6 -13 0 0 0 0 0 0 0 0 0 0
1784740892.878918,52251,-45,11,1,6,1,-95,1,614383306,128,0 0 0 0 0 0 0 0 0 0 0 0 -4 5 -4 5 -5 5 -5 5 -5 5 -6 5 -6 5 -7 6 -7 5 -7 5 -7 5 -8 5 -8 5 -9 5 -9 6 -9 5 -10 5 -10 5 -10 5 -10 5 -10 5 -11 5 -10 5 -11 5 -11 5 -11 5 0 0 -11 5 -11 5 -11 5 -11 5 -11 5 -11 5 -11 5 -11 6 -11 5 -11 6 -11 6 -11 7 -11 7 -11 7 -11 7 -11 7 -11 7 -11 8 -11 8 -11 8 -11 8 -11 8 -11 8 -11 8 -11 8 -11 9 0 0 0 0 0 0 0 0 0 0
1784740892.889124,52252,-44,11,1,7,1,-95,1,614392078,128,0 0 0 0 0 0 0 0 0 0 0 0 5 -4 5 -4 6 -3 6 -3 6 -3 7 -3 7 -3 7 -3 8 -3 8 -3 8 -2 8 -2 9 -2 9 -2 9 -2 10 -2 10 -2 10 -1 10 -1 10 -1 10 -1 11 -1 10 -1 11 -1 10 -1 11 -1 0 0 11 -1 11 -1 11 -1 11 -1 11 -2 11 -1 11 -2 11 -2 11 -2 11 -3 12 -2 11 -2 12 -2 12 -3 12 -3 12 -3 12 -3 12 -4 12 -4 13 -4 12 -4 13 -4 13 -4 13 -4 13 -4 13 -5 0 0 0 0 0 0 0 0 0 0
1784740892.899361,52253,-44,11,1,6,1,-95,1,614403533,128,0 0 0 0 0 0 0 0 0 0 0 0 -2 -7 -2 -8 -2 -8 -2 -8 -1 -8 -1 -9 -1 -9 -1 -9 -1 -9 0 -9 0 -10 0 -10 0 -10 0 -10 1 -11 1 -10 1 -11 1 -10 2 -11 2 -11 2 -11 2 -11 1 -11 2 -11 2 -11 2 -11 0 0 2 -11 2 -11 2 -12 2 -11 2 -11 2 -11 1 -12 1 -12 1 -12 0 -12 1 -12 0 -12 1 -12 0 -13 0 -13 1 -13 0 -13 0 -13 0 -13 0 -14 -1 -14 0 -14 -1 -13 0 -14 -1 -14 -1 -14 0 0 0 0 0 0 0 0 0 0
1784740892.906964,52254,-44,11,1,6,1,-95,1,614413470,128,0 0 0 0 0 0 0 0 0 0 0 0 -6 5 -6 5 -7 4 -7 4 -7 4 -7 4 -8 4 -8 4 -8 4 -9 3 -9 3 -10 3 -10 3 -10 3 -10 3 -10 3 -10 3 -11 2 -11 2 -11 2 -11 2 -11 2 -11 2 -11 1 -10 1 -11 2 0 0 -11 2 -11 2 -10 2 -11 2 -10 3 -11 3 -10 3 -10 3 -10 3 -11 4 -11 4 -11 4 -11 4 -10 4 -11 5 -10 5 -11 5 -10 5 -11 5 -11 6 -10 6 -10 6 -11 6 -11 6 -11 6 -11 6 0 0 0 0 0 0 0 0 0 0
1784740892.918549,52255,-44,11,1,7,1,-95,1,614422656,128,0 0 0 0 0 0 0 0 0 0 0 0 5 -6 5 -6 6 -5 6 -5 6 -5 7 -5 7 -5 8 -5 8 -5 8 -4 9 -4 9 -4 9 -4 9 -3 10 -3 10 -3 10 -3 10 -3 10 -3 11 -3 10 -3 11 -3 11 -3 11 -2 11 -2 11 -2 0 0 11 -2 11 -2 10 -2 11 -3 10 -3 11 -3 10 -4 10 -4 10 -4 11 -4 11 -4 10 -4 10 -4 10 -4 11 -5 10 -5 11 -5 10 -5 10 -6 10 -6 10 -6 10 -6 10 -6 11 -6 10 -6 10 -6 0 0 0 0 0 0 0 0 0 0
1784740892.927155,52256,-44,11,1,7,1,-95,1,614432760,128,0 0 0 0 0 0 0 0 0 0 0 0 4 -5 4 -5 5 -5 5 -5 5 -5 6 -5 6 -5 7 -5 7 -5 8 -4 8 -5 8 -4 9 -4 8 -4 9 -4 10 -4 10 -3 10 -4 10 -3 11 -3 10 -4 11 -3 11 -4 10 -3 11 -3 10 -3 0 0 10 -3 11 -3 11 -3 11 -3 10 -4 10 -3 11 -4 10 -4 11 -4 11 -5 10 -4 11 -5 10 -5 11 -5 10 -6 11 -5 11 -6 10 -5 11 -6 10 -6 11 -6 10 -7 10 -6 11 -7 10 -7 11 -7 0 0 0 0 0 0 0 0 0 0
1784740892.937165,52257,-45,11,1,7,1,-95,1,614442014,128,0 0 0 0 0 0 0 0 0 0 0 0 -1 -6 -1 -6 -1 -6 -1 -7 -1 -7 -1 -7 0 -7 0 -8 0 -8 0 -8 0 -8 1 -9 1 -9 1 -9 2 -9 2 -9 2 -10 2 -10 3 -10 3 -10 2 -10 3 -10 3 -10 3 -10 3 -10 3 -11 0 0 3 -11 3 -10 4 -11 3 -11 3 -10 3 -11 3 -11 3 -11 3 -11 2 -11 3 -11 2 -12 2 -12 2 -12 2 -12 2 -12 2 -12 2 -12 2 -13 1 -13 1 -13 1 -13 1 -13 1 -13 1 -13 1 -14 0 0 0 0 0 0 0 0 0 0
1784740892.949561,52258,-46,11,1,7,1,-95,1,614453164,128,0 0 0 0 0 0 0 0 0 0 0 0 -3 -6 -3 -6 -2 -7 -2 -7 -2 -7 -2 -7 -2 -8 -2 -8 -1 -8 -1 -8 -1 -9 -1 -9 -1 -9 -1 -9 0 -9 0 -10 0 -10 0 -10 0 -10 0 -10 1 -10 1 -10 1 -11 1 -11 1 -10 1 -11 0 0 1 -11 1 -11 2 -11 1 -11 1 -11 1 -11 1 -11 1 -11 1 -11 1 -12 1 -12 0 -12 0 -12 1 -12 0 -12 0 -13 0 -13 0 -13 0 -13 0 -13 0 -13 0 -13 0 -14 0 -14 0 -14 0 -14 0 0 0 0 0 0 0 0 0 0
1784740892.962133,52259,-45,11,1,6,1,-95,1,614467322,128,0 0 0 0 0 0 0 0 0 0 0 0 -6 5 -6 5 -7 5 -8 4 -8 4 -8 4 -9 4 -9 4 -10 4 -10 3 -10 3 -10 2 -11 2 -11 2 -11 2 -11 2 -11 2 -12 2 -11 2 -11 2 -11 2 -11 2 -12 2 -11 1 -12 1 -11 1 0 0 -11 2 -12 2 -11 2 -12 2 -11 2 -11 2 -11 2 -11 3 -11 3 -12 3 -11 3 -11 3 -11 3 -11 3 -11 4 -11 4 -11 4 -11 4 -11 5 -11 5 -11 5 -10 6 -11 5 -11 5 -11 6 -10 5 0 0 0 0 0 0 0 0 0 0
1784740892.977251,52260,-44,11,1,7,1,-95,1,614472357,128,0 0 0 0 0 0 0 0 0 0 0 0 1 7 0 7 -1 7 -1 7 -1 8 -1 8 -2 8 -2 9 -2 9 -2 9 -3 9 -3 9 -3 9 -4 9 -4 9 -5 9 -5 9 -5 10 -5 9 -5 9 -5 9 -6 9 -5 10 -5 9 -5 9 -5 9 0 0 -6 10 -5 10 -5 10 -5 9 -4 9 -5 9 -4 9 -4 10 -5 10 -5 10 -4 10 -4 11 -4 10 -3 10 -3 10 -4 10 -3 10 -3 11 -2 11 -3 11 -2 10 -2 10 -2 11 -2 11 -1 11 -2 11 0 0 0 0 0 0 0 0 0 0
1784740892.979549,52261,-43,11,1,7,1,-95,1,614482869,128,0 0 0 0 0 0 0 0 0 0 0 0 -6 -5 -6 -6 -5 -6 -5 -7 -5 -7 -5 -8 -5 -8 -5 -8 -5 -8 -4 -9 -4 -9 -4 -10 -4 -10 -4 -10 -4 -10 -3 -10 -4 -11 -4 -11 -3 -11 -3 -11 -3 -11 -3 -11 -3 -12 -3 -11 -3 -12 -3 -12 0 0 -3 -12 -3 -12 -3 -12 -3 -12 -4 -12 -3 -12 -4 -12 -4 -12 -4 -12 -4 -12 -4 -12 -4 -12 -4 -12 -4 -12 -5 -11 -6 -12 -5 -12 -5 -12 -6 -11 -6 -12 -6 -12 -6 -11 -6 -12 -6 -12 -7 -11 -7 -11 0 0 0 0 0 0 0 0 0 0
1784740892.988690,52262,-43,11,1,7,1,-95,1,614492111,128,0 0 0 0 0 0 0 0 0 0 0 0 -7 -2 -7 -2 -7 -2 -8 -3 -8 -3 -8 -4 -8 -4 -8 -5 -9 -5 -8 -5 -8 -6 -9 -6 -8 -6 -9 -7 -9 -7 -8 -7 -9 -7 -8 -7 -9 -8 -9 -8 -9 -8 -9 -8 -9 -8 -9 -8 -9 -8 -9 -8 0 0 -10 -8 -9 -8 -10 -8 -9 -8 -10 -8 -10 -8 -10 -8 -11 -8 -11 -8 -11 -7 -11 -8 -11 -7 -11 -7 -11 -8 -11 -7 -12 -7 -11 -7 -12 -7 -12 -7 -12 -7 -12 -6 -13 -7 -12 -7 -12 -7 -13 -6 -13 -6 0 0 0 0 0 0 0 0 0 0
1784740892.999604,52263,-43,11,1,7,1,-95,1,614502338,128,0 0 0 0 0 0 0 0 0 0 0 0 -2 6 -2 6 -2 6 -3 6 -4 6 -4 7 -4 7 -5 7 -5 7 -5 7 -5 7 -6 7 -6 7 -7 7 -7 7 -7 7 -8 6 -7 7 -7 7 -8 7 -8 7 -8 7 -8 8 -8 7 -8 7 -8 8 0 0 -9 8 -9 7 -9 7 -9 7 -9 8 -9 8 -9 8 -9 8 -9 8 -8 9 -9 9 -8 9 -8 9 -9 9 -9 10 -9 9 -9 9 -8 9 -9 10 -8 10 -9 10 -9 10 -9 11 -8 10 -8 11 -9 11 0 0 0 0 0 0 0 0 0 0
1784740893.011102,52264,-43,11,1,5,1,-95,1,614514687,128,0 0 0 0 0 0 0 0 0 0 0 0 -5 -6 -4 -6 -4 -6 -4 -7 -4 -7 -3 -7 -3 -8 -4 -8 -3 -8 -3 -9 -3 -9 -3 -9 -2 -9 -2 -9 -2 -10 -2 -10 -2 -10 -2 -10 -2 -10 -2 -10 -2 -11 -2 -11 -1 -11 -1 -11 -1 -11 -1 -11 0 0 -1 -11 -1 -12 -1 -11 -2 -12 -2 -12 -1 -12 -2 -12 -2 -12 -2 -12 -2 -13 -2 -13 -2 -12 -2 -12 -2 -12 -3 -13 -3 -13 -3 -13 -3 -13 -3 -13 -3 -13 -3 -13 -4 -13 -3 -14 -3 -14 -3 -14 -4 -14 0 0 0 0 0 0 0 0 0 0
1784740893.022244,52265,-43,11,1,7,1,-95,1,614524934,128,0 0 0 0 0 0 0 0 0 0 0 0 5 -5 5 -5 6 -4 6 -4 7 -4 7 -4 7 -3 7 -3 7 -3 8 -3 8 -3 9 -3 9 -2 9 -2 9 -2 10 -1 10 -1 10 -2 10 -1 10 -1 10 -2 10 -1 10 -1 10 -1 10 -1 10 -1 0 0 11 0 11 -1 10 -1 11 -1 10 -1 10 -1 10 -1 11 -1 11 -2 11 -2 11 -2 11 -2 11 -3 12 -2 11 -2 11 -3 12 -2 12 -3 12 -3 12 -3 12 -3 13 -4 12 -3 12 -3 12 -3 12 -3 0 0 0 0 0 0 0 0 0 0
1784740893.033360,52266,-44,11,1,7,1,-95,1,614533846,128,0 0 0 0 0 0 0 0 0 0 0 0 4 -5 5 -5 5 -4 6 -4 6 -4 6 -4 6 -4 7 -4 7 -4 7 -3 8 -3 8 -3 8 -3 9 -3 9 -3 9 -2 10 -2 9 -2 10 -2 10 -2 10 -2 10 -2 10 -2 10 -2 10 -2 11 -2 0 0 10 -1 10 -2 11 -2 10 -2 10 -2 11 -2 11 -2 11 -2 11 -2 11 -3 11 -3 11 -3 11 -3 12 -3 11 -3 12 -3 11 -3 12 -4 12 -3 12 -4 12 -4 12 -4 11 -4 12 -4 12 -4 12 -5 0 0 0 0 0 0 0 0 0 0
1784740893.049277,52267,-45,11,1,6,1,-95,1,614544410,128,0 0 0 0 0 0 0 0 0 0 0 0 3 3 4 3 3 4 3 4 3 5 3 5 3 5 3 5 3 6 3 6 3 6 3 7 3 7 3 7 3 7 3 8 3 8 3 8 3 8 3 8 3 9 3 9 3 9 3 9 3 9 3 10 0 0 3 10 3 10 3 10 3 10 3 10 3 10 4 10 4 10 4 10 5 11 4 11 5 10 5 11 5 11 5 11 5 11 5 11 6 11 6 11 6 11 6 11 6 12 6 12 6 12 6 12 7 12 0 0 0 0 0 0 0 0 0 0
1784740893.051833,52268,-45,11,1,6,1,-95,1,614554117,128,0 0 0 0 0 0 0 0 0 0 0 0 0 -6 0 -6 0 -6 0 -6 1 -7 1 -7 1 -7 1 -7 2 -7 2 -7 3 -7 3 -7 3 -7 3 -8 3 -8 3 -8 4 -8 4 -8 4 -8 4 -8 4 -8 4 -9 4 -8 5 -8 5 -8 5 -9 0 0 5 -9 5 -9 5 -9 5 -9 5 -10 5 -9 5 -10 5 -10 5 -10 5 -11 5 -10 5 -11 5 -11 5 -11 5 -12 4 -12 5 -12 5 -12 5 -12 5 -13 5 -13 5 -13 5 -13 5 -12 5 -13 5 -13 0 0 0 0 0 0 0 0 0 0
1784740893.061010,52269,-45,11,1,6,1,-95,1,614564724,128,0 0 0 0 0 0 0 0 0 0 0 0 -5 4 -5 4 -6 3 -6 3 -6 3 -6 3 -7 3 -7 3 -7 3 -8 3 -8 3 -8 3 -8 2 -9 2 -9 2 -9 2 -10 2 -9 2 -10 2 -10 2 -10 2 -10 1 -10 2 -10 2 -10 2 -11 2 0 0 -11 2 -11 2 -11 2 -11 2 -11 2 -11 2 -11 2 -11 2 -11 2 -11 3 -11 3 -12 4 -12 4 -12 4 -12 4 -12 4 -12 4 -12 4 -12 4 -12 4 -13 5 -13 4 -12 5 -12 5 -12 5 -13 5 0 0 0 0 0 0 0 0 0 0
1784740893.072137,52270,-44,11,1,6,1,-95,1,614574603,128,0 0 0 0 0 0 0 0 0 0 0 0 6 -1 6 -1 6 0 6 0 7 0 7 0 7 0 7 1 7 1 8 2 8 2 8 3 8 3 8 3 8 3 9 3 8 3 9 3 9 3 9 3 9 3 9 3 9 4 9 4 9 4 9 4 0 0 9 3 10 3 10 3 10 4 10 3 10 3 10 3 11 3 11 3 12 3 11 3 11 3 11 3 11 3 12 2 12 2 13 3 13 2 13 2 13 1 13 2 13 1 14 2 13 3 13 2 13 2 0 0 0 0 0 0 0 0 0 0
1784740893.077184,52271,-44,11,1,7,1,-95,1,614582186,128,0 0 0 0 0 0 0 0 0 0 0 0 -3 4 -4 4 -4 4 -5 4 -5 4 -6 5 -6 4 -6 5 -7 4 -6 4 -7 4 -7 5 -7 5 -8 5 -8 5 -8 4 -9 4 -9 4 -9 4 -9 5 -9 5 -10 5 -9 5 -10 5 -10 5 -10 5 0 0 -11 5 -10 5 -11 5 -10 5 -10 5 -11 5 -11 6 -11 6 -11 6 -11 6 -11 7 -11 7 -11 7 -12 8 -11 7 -12 8 -11 8 -12 8 -12 8 -12 8 -12 8 -12 9 -11 8 -12 9 -12 9 -12 9 0 0 0 0 0 0 0 0 0 0
1784740893.097261,52272,-45,11,1,6,1,-95,1,614593381,128,0 0 0 0 0 0 0 0 0 0 0 0 -5 -2 -5 -3 -5 -3 -5 -3 -5 -3 -5 -4 -6 -4 -6 -4 -6 -4 -5 -5 -6 -5 -6 -5 -6 -6 -6 -6 -6 -6 -6 -6 -6 -6 -6 -6 -7 -7 -7 -7 -7 -7 -7 -7 -7 -7 -7 -8 -7 -8 -7 -8 0 0 -8 -8 -8 -8 -8 -9 -8 -8 -8 -8 -8 -9 -8 -8 -9 -8 -9 -9 -9 -9 -9 -9 -9 -9 -10 -9 -10 -9 -10 -9 -11 -9 -10 -9 -11 -10 -11 -9 -11 -10 -11 -10 -11 -10 -11 -10 -11 -10 -11 -11 -11 -11 0 0 0 0 0 0 0 0 0 0
1784740893.109030,52273,-46,11,1,7,1,-95,1,614603508,128,0 0 0 0 0 0 0 0 0 0 0 0 -2 -5 -2 -5 -2 -5 -2 -6 -2 -6 -2 -6 -2 -6 -2 -7 -1 -7 -1 -7 -1 -7 -1 -7 -1 -8 -1 -8 -1 -8 -1 -8 -1 -9 0 -9 0 -9 0 -9 -1 -9 0 -9 -1 -9 -1 -9 -1 -10 -1 -10 0 0 -1 -11 0 -11 -1 -11 -1 -11 -1 -11 -1 -11 -1 -11 -1 -12 -1 -12 -1 -12 -1 -12 -2 -13 -2 -13 -1 -14 -1 -14 -1 -14 -1 -14 -1 -14 -1 -15 -1 -15 -1 -15 -1 -15 -1 -15 -1 -15 -1 -16 -1 -17 0 0 0 0 0 0 0 0 0 0
1784740893.117193,52274,-46,11,1,6,1,-95,1,614617629,128,0 0 0 0 0 0 0 0 0 0 0 0 1 5 1 5 0 6 0 6 0 6 0 6 -1 7 -1 7 -1 7 -1 7 -2 7 -2 7 -2 7 -2 8 -3 8 -3 8 -3 8 -3 8 -3 8 -3 8 -3 8 -3 8 -3 8 -3 8 -3 8 -3 9 0 0 -3 9 -3 9 -3 9 -3 9 -3 9 -3 9 -3 9 -2 10 -3 10 -2 10 -3 11 -2 11 -2 11 -2 11 -2 12 -2 12 -2 12 -2 12 -2 12 -2 12 -2 13 -2 13 -2 13 -3 13 -2 13 -2 14 0 0 0 0 0 0 0 0 0 0
1784740893.129484,52275,-45,11,1,4,1,-95,1,614629672,128,0 0 0 0 0 0 0 0 0 0 0 0 0 -6 1 -6 1 -6 2 -6 2 -6 2 -7 2 -7 3 -7 3 -7 3 -7 3 -7 4 -7 5 -7 5 -7 5 -8 5 -7 6 -8 5 -7 5 -8 6 -7 5 -8 6 -8 6 -8 6 -8 6 -8 6 -8 0 0 6 -9 6 -9 6 -9 6 -9 6 -9 6 -9 6 -10 6 -10 6 -10 6 -10 6 -10 6 -11 6 -11 6 -11 6 -11 6 -11 6 -11 6 -11 6 -12 6 -12 6 -12 6 -12 6 -12 6 -12 6 -13 6 -13 0 0 0 0 0 0 0 0 0 0
1784740893.161139,52276,-45,11,1,6,1,-95,1,614641103,128,0 0 0 0 0 0 0 0 0 0 0 0 -1 -5 -1 -5 -1 -6 -1 -6 -1 -6 -1 -6 -1 -7 0 -7 -1 -7 0 -7 0 -7 1 -7 0 -7 0 -8 0 -8 1 -8 0 -8 1 -9 1 -8 1 -9 0 -9 1 -9 0 -9 1 -9 1 -10 1 -10 0 0 1 -10 1 -10 1 -11 1 -11 1 -11 0 -11 0 -11 0 -12 1 -12 0 -13 0 -13 1 -13 1 -13 1 -13 0 -13 0 -14 1 -14 0 -14 0 -14 0 -14 0 -14 0 -15 0 -15 1 -15 1 -15 1 -16 0 0 0 0 0 0 0 0 0 0
1784740893.172189,52277,-46,11,1,6,1,-95,1,614645981,128,0 0 0 0 0 0 0 0 0 0 0 0 -5 -2 -5 -2 -5 -2 -5 -3 -6 -3 -5 -3 -6 -3 -6 -3 -6 -3 -6 -4 -6 -4 -7 -4 -6 -5 -6 -4 -6 -5 -6 -5 -6 -5 -7 -5 -7 -5 -7 -5 -7 -5 -7 -5 -7 -6 -7 -6 -7 -6 -8 -6 0 0 -8 -5 -9 -6 -8 -6 -9 -6 -9 -6 -10 -6 -10 -5 -10 -6 -10 -6 -11 -6 -10 -7 -11 -6 -11 -7 -10 -7 -12 -7 -11 -6 -12 -7 -12 -7 -12 -6 -13 -6 -12 -7 -13 -7 -13 -8 -13 -8 -13 -9 -13 -8 0 0 0 0 0 0 0 0 0 0
1784740893.172189,52278,-46,11,1,6,1,-95,1,614656390,128,0 0 0 0 0 0 0 0 0 0 0 0 -5 3 -6 3 -6 2 -7 2 -6 2 -7 2 -7 2 -7 2 -7 2 -7 2 -8 2 -8 1 -8 1 -8 1 -8 1 -8 1 -9 1 -8 1 -9 1 -9 1 -9 1 -9 1 -9 1 -9 1 -9 1 -9 1 0 0 -9 1 -10 1 -10 1 -10 1 -10 2 -10 2 -10 2 -10 2 -10 2 -10 2 -10 3 -11 3 -11 3 -11 3 -11 3 -12 3 -11 3 -12 3 -12 3 -12 4 -12 4 -13 4 -12 4 -13 4 -13 4 -14 4 0 0 0 0 0 0 0 0 0 0
1784740893.172189,52279,-45,11,1,6,1,-95,1,614665122,128,0 0 0 0 0 0 0 0 0 0 0 0 -5 5 -5 5 -5 5 -6 5 -6 5 -6 5 -7 5 -7 5 -7 4 -7 5 -7 5 -8 5 -8 4 -8 5 -9 5 -9 4 -9 4 -9 4 -9 4 -9 4 -9 4 -10 4 -9 4 -9 4 -10 4 -10 4 0 0 -10 4 -10 5 -10 4 -10 5 -10 5 -10 5 -10 5 -10 5 -10 5 -10 6 -10 6 -10 6 -9 6 -10 6 -10 6 -10 7 -10 7 -10 7 -10 8 -10 8 -10 8 -10 8 -10 8 -11 8 -11 8 -11 8 0 0 0 0 0 0 0 0 0 0
1784740893.172189,52280,-44,11,1,7,1,-95,1,614673327,128,0 0 0 0 0 0 0 0 0 0 0 0 -7 -4 -6 -4 -7 -4 -6 -5 -7 -5 -6 -5 -7 -5 -7 -6 -7 -6 -7 -7 -7 -7 -6 -7 -7 -7 -6 -8 -6 -7 -7 -8 -7 -8 -7 -8 -7 -8 -7 -9 -7 -8 -7 -9 -7 -9 -6 -9 -6 -9 -6 -9 0 0 -6 -9 -7 -9 -6 -9 -7 -9 -7 -9 -7 -9 -7 -9 -7 -9 -7 -9 -8 -9 -7 -9 -8 -9 -7 -9 -7 -9 -9 -9 -9 -9 -9 -9 -9 -9 -9 -9 -9 -9 -9 -9 -10 -8 -10 -9 -10 -9 -10 -9 -10 -9 0 0 0 0 0 0 0 0 0 0
1784740893.187080,52281,-44,11,1,7,1,-95,1,614686755,128,0 0 0 0 0 0 0 0 0 0 0 0 5 4 5 4 5 5 5 5 5 5 5 6 5 6 5 6 5 6 5 6 5 7 5 7 5 7 5 8 5 8 4 8 4 9 4 8 4 9 4 9 4 9 3 9 4 9 4 9 4 9 4 9 0 0 3 10 3 9 3 10 3 9 4 9 4 10 3 9 4 9 4 9 5 9 5 9 5 9 5 9 5 9 5 9 6 10 6 9 6 10 6 10 6 9 6 10 6 10 6 9 7 10 7 9 7 10 0 0 0 0 0 0 0 0 0 0
1784740893.187080,52282,-43,11,1,6,1,-95,1,614692734,128,0 0 0 0 0 0 0 0 0 0 0 0 -6 4 -6 4 -7 4 -7 4 -7 4 -8 4 -8 3 -8 4 -9 3 -8 4 -9 3 -9 3 -10 3 -10 3 -10 3 -10 3 -11 2 -10 2 -11 2 -11 2 -11 2 -11 2 -11 2 -11 2 -11 2 -11 2 0 0 -12 2 -11 2 -12 2 -11 2 -11 2 -11 2 -11 2 -11 3 -11 3 -11 3 -11 3 -11 4 -11 4 -11 4 -11 4 -12 4 -11 4 -11 5 -12 5 -12 5 -11 5 -12 5 -11 5 -12 6 -12 6 -12 6 0 0 0 0 0 0 0 0 0 0
1784740893.197148,52283,-42,11,1,6,1,-95,1,614702119,128,0 0 0 0 0 0 0 0 0 0 0 0 -7 -1 -7 -1 -8 -2 -8 -2 -8 -2 -8 -3 -8 -3 -9 -3 -8 -3 -9 -3 -9 -4 -9 -4 -9 -4 -9 -5 -9 -5 -9 -5 -10 -6 -9 -6 -10 -6 -10 -6 -10 -6 -9 -6 -10 -6 -9 -7 -9 -7 -10 -7 0 0 -10 -7 -10 -7 -9 -7 -10 -6 -10 -6 -10 -6 -10 -6 -10 -6 -10 -6 -11 -5 -11 -6 -11 -5 -11 -5 -11 -5 -11 -5 -12 -5 -11 -5 -12 -5 -12 -5 -12 -5 -13 -4 -13 -5 -12 -5 -12 -5 -13 -5 -13 -5 0 0 0 0 0 0 0 0 0 0
1784740893.209110,52284,-42,11,1,6,1,-95,1,614713431,128,0 0 0 0 0 0 0 0 0 0 0 0 6 -1 6 0 6 0 6 0 7 1 7 1 7 1 7 1 7 1 8 1 8 1 8 2 8 2 8 2 8 2 9 3 9 3 9 3 9 4 9 4 9 4 9 4 9 4 9 4 9 4 9 4 0 0 9 5 9 5 9 5 10 4 9 4 9 4 10 4 10 4 10 4 10 4 10 4 11 3 11 4 11 3 11 4 11 4 11 4 12 3 12 4 12 4 12 3 12 4 13 4 13 3 13 3 13 4 0 0 0 0 0 0 0 0 0 0
1784740893.209110,52285,-42,11,1,6,1,-95,1,614722021,128,0 0 0 0 0 0 0 0 0 0 0 0 -7 -1 -7 -1 -7 -1 -8 -2 -7 -2 -8 -2 -8 -2 -8 -2 -8 -3 -8 -2 -9 -3 -9 -3 -9 -3 -9 -3 -9 -4 -9 -4 -9 -5 -9 -5 -9 -5 -9 -5 -10 -5 -9 -6 -10 -5 -9 -5 -10 -6 -10 -5 0 0 -10 -6 -10 -6 -10 -6 -10 -5 -10 -5 -10 -5 -10 -5 -10 -5 -10 -5 -11 -5 -11 -5 -11 -4 -11 -5 -12 -5 -12 -5 -12 -5 -11 -5 -12 -5 -12 -5 -12 -5 -13 -5 -13 -5 -13 -5 -13 -5 -13 -5 -13 -5 0 0 0 0 0 0 0 0 0 0
1784740893.227787,52286,-41,11,1,6,1,-95,1,614732020,128,0 0 0 0 0 0 0 0 0 0 0 0 1 6 1 7 0 7 0 7 0 7 0 7 0 7 0 8 0 8 -1 8 -1 8 -1 8 -1 9 -1 9 -2 9 -2 9 -2 9 -2 10 -2 10 -2 10 -2 10 -2 10 -2 10 -3 9 -3 10 -3 10 0 0 -2 10 -2 10 -3 10 -2 10 -2 10 -2 10 -2 10 -1 10 -1 11 -1 11 -1 11 -1 11 -1 11 -1 12 -1 12 0 12 0 12 0 12 0 12 1 12 0 12 0 13 0 13 0 13 0 13 0 13 0 0 0 0 0 0 0 0 0 0
1784740893.227787,52287,-43,11,1,6,1,-95,1,614742122,128,0 0 0 0 0 0 0 0 0 0 0 0 -3 -8 -4 -8 -3 -8 -3 -8 -3 -8 -3 -9 -2 -8 -2 -8 -3 -9 -2 -9 -1 -10 -2 -10 -1 -10 -2 -10 -1 -11 -1 -10 -1 -11 -1 -11 0 -11 0 -11 0 -11 0 -11 -1 -11 0 -11 0 -12 0 -11 0 0 0 -11 -1 -12 0 -12 0 -11 0 -12 0 -12 -1 -11 -1 -11 0 -12 -1 -12 -2 -12 -2 -12 -1 -12 -2 -12 -2 -12 -2 -13 -2 -13 -2 -13 -2 -13 -3 -13 -3 -13 -3 -13 -3 -13 -2 -13 -2 -13 -3 -14 0 0 0 0 0 0 0 0 0 0
1784740893.241136,52288,-43,11,1,6,1,-95,1,614752268,128,0 0 0 0 0 0 0 0 0 0 0 0 1 7 0 8 -1 8 -1 8 -1 8 -1 8 -1 8 -2 8 -2 9 -2 8 -2 9 -2 9 -2 9 -3 10 -3 10 -4 9 -3 10 -3 9 -4 9 -4 10 -4 10 -5 10 -4 10 -3 10 -3 10 -4 11 0 0 -4 11 -5 10 -4 11 -3 10 -4 10 -4 10 -3 10 -3 11 -4 11 -3 11 -2 11 -2 12 -2 11 -2 11 -3 11 -3 12 -2 11 -2 12 -3 12 -2 12 -2 12 -2 12 -2 12 -1 12 -1 13 -1 13 0 0 0 0 0 0 0 0 0 0
1784740893.261241,52289,-43,11,1,6,1,-95,1,614764200,128,0 0 0 0 0 0 0 0 0 0 0 0 4 -6 5 -6 6 -5 5 -5 5 -5 6 -5 6 -5 7 -5 7 -5 6 -5 7 -5 7 -5 7 -4 8 -5 7 -5 8 -4 9 -5 9 -4 9 -4 9 -4 9 -4 9 -3 9 -4 9 -4 9 -4 10 -5 0 0 9 -4 10 -4 10 -4 9 -5 9 -5 10 -5 10 -5 9 -5 10 -5 10 -6 10 -6 10 -6 10 -6 10 -6 10 -5 11 -6 10 -5 10 -7 11 -6 11 -7 11 -7 11 -7 11 -6 11 -7 11 -8 11 -8 0 0 0 0 0 0 0 0 0 0
1784740893.261241,52290,-41,11,1,6,1,-95,1,614772430,128,0 0 0 0 0 0 0 0 0 0 0 0 -7 -1 -8 -2 -7 -2 -8 -3 -7 -3 -8 -3 -7 -3 -8 -3 -8 -3 -8 -4 -8 -4 -8 -4 -8 -4 -8 -5 -9 -5 -8 -5 -9 -5 -8 -5 -9 -5 -9 -5 -9 -5 -9 -5 -9 -5 -9 -6 -9 -6 -9 -6 0 0 -10 -6 -9 -6 -10 -6 -9 -5 -10 -6 -10 -5 -10 -5 -11 -5 -10 -5 -11 -5 -11 -5 -11 -5 -11 -5 -12 -6 -11 -5 -12 -5 -12 -5 -12 -5 -12 -5 -13 -5 -13 -5 -13 -5 -12 -5 -13 -6 -13 -6 -13 -6 0 0 0 0 0 0 0 0 0 0
1784740893.272383,52291,-42,11,1,6,1,-95,1,614781960,128,0 0 0 0 0 0 0 0 0 0 0 0 -2 -7 -2 -8 -1 -8 -1 -8 0 -8 0 -8 0 -8 0 -8 0 -9 0 -8 0 -9 1 -9 1 -9 1 -9 1 -10 1 -9 2 -10 1 -10 1 -10 2 -10 2 -10 2 -10 2 -10 2 -10 2 -10 2 -10 0 0 2 -10 2 -10 2 -11 2 -11 2 -11 2 -11 2 -11 1 -11 2 -11 1 -12 1 -12 1 -12 1 -12 1 -12 1 -12 1 -13 1 -12 1 -13 1 -13 1 -14 1 -13 1 -13 1 -13 1 -14 1 -14 1 -14 0 0 0 0 0 0 0 0 0 0
1784740893.288421,52292,-42,11,1,6,1,-95,1,614792712,128,0 0 0 0 0 0 0 0 0 0 0 0 -8 1 -8 0 -8 0 -9 -1 -8 -1 -9 -1 -9 -1 -9 -1 -9 -2 -9 -2 -9 -2 -9 -2 -9 -3 -9 -3 -10 -3 -10 -3 -10 -3 -10 -3 -10 -4 -10 -3 -10 -4 -10 -4 -10 -4 -10 -4 -10 -4 -10 -4 0 0 -10 -4 -10 -4 -10 -4 -10 -3 -10 -3 -11 -3 -10 -3 -11 -3 -11 -3 -11 -3 -11 -3 -11 -2 -11 -2 -12 -3 -12 -2 -12 -2 -12 -2 -13 -2 -13 -2 -13 -2 -13 -2 -13 -2 -13 -2 -13 -2 -13 -2 -13 -2 0 0 0 0 0 0 0 0 0 0
1784740893.288421,52293,-43,11,1,6,1,-95,1,614802010,128,0 0 0 0 0 0 0 0 0 0 0 0 -1 -8 -1 -8 -1 -8 0 -9 0 -8 0 -9 0 -9 1 -9 1 -9 1 -9 1 -9 1 -9 1 -9 2 -10 2 -10 2 -10 2 -10 2 -10 3 -10 2 -10 2 -10 3 -10 2 -10 3 -10 3 -10 3 -11 0 0 3 -11 2 -11 3 -11 2 -10 2 -11 2 -10 2 -10 2 -10 1 -11 2 -11 2 -11 1 -11 1 -11 1 -12 1 -11 1 -13 0 -11 0 -13 0 -12 0 -12 0 -12 0 -13 0 -12 0 -13 0 -13 0 -13 0 0 0 0 0 0 0 0 0 0
1784740893.304419,52294,-44,11,1,6,1,-95,1,614812000,128,0 0 0 0 0 0 0 0 0 0 0 0 6 2 6 2 6 2 6 3 6 3 6 3 6 3 6 3 6 4 6 4 6 4 6 4 6 4 6 4 7 4 7 5 7 5 7 5 7 6 7 6 7 6 7 6 7 6 7 6 7 6 7 6 0 0 7 7 7 7 7 7 7 7 7 6 7 6 8 7 8 6 8 7 8 7 8 6 8 7 9 6 8 7 9 7 9 7 9 7 9 7 9 7 10 7 10 7 10 7 10 7 10 7 10 7 10 7 0 0 0 0 0 0 0 0 0 0
1784740893.320520,52295,-44,11,1,6,1,-95,1,614822397,128,0 0 0 0 0 0 0 0 0 0 0 0 6 0 6 0 6 1 6 1 6 1 6 1 6 1 6 1 6 1 6 1 6 1 6 1 7 1 7 1 7 1 7 2 7 2 8 2 8 2 8 2 8 2 8 2 8 2 8 3 8 3 9 3 0 0 9 3 9 3 9 3 9 3 9 3 9 3 9 3 10 3 10 3 11 3 10 3 10 3 10 3 11 3 11 3 11 3 12 3 12 3 11 3 12 3 12 3 12 3 12 3 12 4 12 3 13 3 0 0 0 0 0 0 0 0 0 0
1784740893.320520,52296,-45,11,1,6,1,-95,1,614832503,128,0 0 0 0 0 0 0 0 0 0 0 0 1 -6 1 -6 1 -6 1 -6 1 -6 1 -6 1 -6 1 -7 2 -6 1 -7 1 -7 1 -7 2 -8 1 -8 2 -8 2 -8 2 -8 2 -9 2 -9 3 -9 3 -9 3 -9 3 -9 3 -10 3 -10 3 -10 0 0 4 -10 4 -10 4 -10 4 -10 4 -10 4 -11 4 -11 4 -11 4 -11 3 -12 4 -12 3 -12 3 -12 4 -12 4 -12 4 -12 4 -12 4 -12 4 -13 4 -13 4 -13 4 -13 4 -13 4 -13 4 -13 4 -14 0 0 0 0 0 0 0 0 0 0
1784740893.336881,52297,-44,11,1,5,1,-95,1,614843477,128,0 0 0 0 0 0 0 0 0 0 0 0 -2 5 -3 5 -3 4 -3 5 -3 4 -3 5 -3 5 -3 5 -3 5 -3 5 -3 6 -4 6 -4 6 -3 6 -4 7 -4 7 -4 7 -4 8 -5 8 -5 8 -5 8 -5 9 -5 9 -6 9 -6 9 -6 9 0 0 -7 9 -6 9 -7 10 -7 9 -7 10 -7 10 -7 10 -7 10 -7 10 -7 10 -8 11 -7 11 -7 11 -7 11 -7 11 -8 12 -7 11 -8 12 -7 12 -8 12 -7 12 -7 12 -7 12 -8 12 -8 12 -8 13 0 0 0 0 0 0 0 0 0 0
1784740893.352539,52298,-44,11,1,5,1,-95,1,614858427,128,0 0 0 0 0 0 0 0 0 0 0 0 0 -5 0 -5 0 -5 0 -5 0 -5 0 -6 0 -6 -1 -6 -1 -6 -1 -6 -1 -7 -1 -7 -1 -8 -1 -8 -1 -9 -1 -9 -1 -10 -1 -9 -1 -10 0 -10 -1 -11 0 -11 0 -11 1 -11 1 -12 1 -12 0 0 1 -13 1 -13 1 -13 1 -13 1 -14 1 -14 1 -14 1 -14 1 -14 2 -14 2 -15 1 -15 2 -15 2 -15 2 -15 2 -16 2 -15 2 -15 1 -15 1 -15 1 -16 1 -16 1 -15 2 -16 1 -15 1 -16 0 0 0 0 0 0 0 0 0 0
1784740893.352539,52299,-45,11,1,6,1,-95,1,614863410,128,0 0 0 0 0 0 0 0 0 0 0 0 4 0 4 -1 4 0 4 0 4 0 4 0 4 -1 4 -1 4 -1 5 -1 5 -1 6 -1 6 -1 6 -1 7 -2 7 -2 8 -2 8 -2 8 -2 9 -2 9 -2 9 -2 10 -1 10 -1 10 0 11 -1 0 0 11 -1 12 0 11 0 12 0 12 0 12 -1 12 -1 13 -1 12 -1 14 0 13 0 13 0 13 0 13 0 14 0 13 0 14 0 14 0 14 -1 14 -1 14 -1 14 -1 14 0 14 0 14 0 14 0 0 0 0 0 0 0 0 0 0 0
1784740893.368678,52300,-45,11,1,5,1,-95,1,614873629,128,0 0 0 0 0 0 0 0 0 0 0 0 -4 -3 -4 -3 -3 -3 -4 -3 -4 -3 -5 -3 -4 -3 -4 -3 -5 -3 -6 -3 -6 -3 -6 -4 -6 -3 -7 -3 -8 -3 -8 -4 -8 -4 -8 -4 -9 -4 -9 -5 -10 -5 -9 -5 -10 -5 -10 -5 -10 -6 -10 -7 0 0 -11 -6 -11 -6 -12 -8 -11 -7 -11 -7 -11 -6 -12 -7 -12 -7 -11 -7 -12 -7 -12 -7 -14 -7 -12 -8 -12 -7 -12 -7 -14 -8 -13 -8 -13 -8 -13 -7 -14 -6 -14 -7 -14 -8 -13 -7 -13 -7 -14 -7 -15 -7 0 0 0 0 0 0 0 0 0 0
1784740893.372547,52301,-46,11,1,6,1,-95,1,614882021,128,0 0 0 0 0 0 0 0 0 0 0 0 -4 0 -4 1 -4 1 -4 1 -4 1 -4 1 -4 1 -5 2 -5 2 -5 2 -5 2 -5 3 -6 3 -6 3 -7 3 -7 3 -8 4 -8 4 -8 4 -9 4 -9 4 -10 4 -9 4 -10 4 -10 4 -11 4 0 0 -11 4 -11 4 -12 4 -11 4 -12 4 -12 4 -12 4 -13 4 -13 4 -13 5 -13 5 -13 5 -13 5 -14 5 -13 5 -14 5 -13 5 -14 5 -14 5 -14 6 -14 6 -14 6 -14 6 -14 6 -14 6 -15 6 0 0 0 0 0 0 0 0 0 0
1784740893.384828,52302,-45,11,1,6,1,-95,1,614892094,128,0 0 0 0 0 0 0 0 0 0 0 0 2 -1 2 -1 2 -1 3 -1 3 -1 3 -2 3 -2 3 -2 4 -2 4 -3 4 -3 5 -3 5 -3 6 -3 6 -4 7 -3 7 -3 7 -4 8 -4 9 -3 9 -3 10 -3 9 -4 10 -3 10 -3 11 -3 0 0 11 -3 11 -3 12 -3 12 -3 12 -3 12 -3 12 -3 12 -3 13 -3 13 -4 13 -4 13 -4 14 -4 14 -4 13 -4 14 -4 13 -4 14 -4 14 -4 14 -4 14 -4 14 -4 14 -4 14 -5 14 -5 15 -5 0 0 0 0 0 0 0 0 0 0
1784740893.384828,52303,-44,11,1,6,1,-95,1,614902333,128,0 0 0 0 0 0 0 0 0 0 0 0 2 -1 2 -2 2 -2 2 -2 3 -2 3 -2 3 -3 3 -3 4 -3 4 -3 5 -3 5 -4 6 -4 6 -4 6 -4 7 -4 7 -4 8 -4 8 -4 9 -4 9 -4 9 -4 10 -4 10 -3 11 -3 11 -3 0 0 11 -3 12 -3 11 -3 12 -4 12 -3 12 -4 12 -4 12 -4 12 -4 13 -4 13 -4 13 -4 13 -4 13 -4 14 -5 13 -5 14 -4 14 -4 13 -5 14 -5 14 -5 14 -5 14 -5 14 -4 14 -5 14 -5 0 0 0 0 0 0 0 0 0 0
1784740893.401137,52304,-45,11,1,7,1,-95,1,614912021,128,0 0 0 0 0 0 0 0 0 0 0 0 3 0 3 0 3 0 4 0 4 0 4 0 4 1 5 1 5 1 5 1 6 1 6 2 7 2 7 2 8 2 8 3 8 3 8 3 9 4 9 4 9 4 9 5 9 5 9 5 9 6 9 6 0 0 10 6 10 6 10 7 10 6 10 7 10 6 10 6 11 7 11 7 11 7 11 7 11 7 11 7 12 7 11 7 12 7 11 7 12 7 12 7 12 7 13 6 13 6 12 7 12 7 13 7 13 7 0 0 0 0 0 0 0 0 0 0
1784740893.416913,52305,-46,11,1,7,1,-95,1,614922057,128,0 0 0 0 0 0 0 0 0 0 0 0 -3 -4 -3 -5 -3 -5 -3 -6 -2 -6 -3 -6 -3 -7 -3 -7 -3 -8 -3 -8 -3 -8 -3 -8 -3 -9 -3 -9 -2 -10 -2 -10 -2 -11 -2 -11 -2 -11 -1 -12 -2 -12 -1 -12 -1 -12 -1 -12 -1 -12 -1 -13 0 0 -1 -13 0 -13 0 -13 0 -13 -1 -13 0 -13 -1 -13 -1 -14 -1 -13 -1 -14 -1 -14 -2 -14 -2 -14 -2 -14 -2 -14 -1 -14 -2 -14 -2 -14 -2 -14 -2 -15 -2 -15 -2 -15 -3 -14 -3 -15 -3 -15 -3 -15 0 0 0 0 0 0 0 0 0 0
1784740893.416913,52306,-47,11,1,7,1,-95,1,614934522,128,0 0 0 0 0 0 0 0 0 0 0 0 -6 -2 -6 -3 -6 -4 -6 -4 -6 -4 -6 -4 -6 -5 -7 -5 -7 -6 -7 -6 -7 -6 -7 -7 -7 -7 -7 -7 -7 -8 -7 -8 -7 -8 -7 -8 -7 -9 -7 -9 -7 -9 -7 -9 -7 -9 -7 -9 -7 -10 -7 -10 0 0 -7 -10 -7 -10 -7 -11 -7 -10 -8 -10 -7 -10 -7 -10 -8 -10 -7 -11 -8 -10 -8 -10 -8 -10 -8 -10 -8 -10 -8 -10 -8 -10 -8 -10 -9 -10 -9 -10 -9 -10 -9 -10 -9 -10 -9 -10 -10 -10 -10 -10 -10 -10 0 0 0 0 0 0 0 0 0 0
1784740893.432863,52307,-48,11,1,7,1,-95,1,614942131,128,0 0 0 0 0 0 0 0 0 0 0 0 0 -6 1 -6 1 -7 2 -7 2 -7 2 -7 2 -7 2 -8 3 -8 3 -8 3 -8 4 -8 4 -8 4 -8 4 -9 5 -8 5 -9 5 -9 5 -9 5 -9 5 -10 6 -10 6 -10 6 -9 7 -10 7 -10 0 0 7 -10 7 -10 8 -10 7 -10 7 -10 7 -10 7 -10 7 -11 7 -11 7 -11 7 -10 7 -11 7 -11 7 -11 7 -11 7 -11 7 -11 7 -12 7 -11 6 -12 6 -12 6 -12 6 -12 7 -12 7 -12 7 -13 0 0 0 0 0 0 0 0 0 0
1784740893.448809,52308,-48,11,1,6,1,-95,1,614953927,128,0 0 0 0 0 0 0 0 0 0 0 0 -2 -5 -2 -6 -2 -6 -2 -6 -1 -6 -1 -7 -1 -7 -1 -7 -1 -8 -1 -8 -1 -8 -1 -8 0 -9 0 -9 0 -10 0 -9 0 -10 0 -10 0 -11 0 -11 0 -11 0 -11 1 -12 1 -12 1 -12 1 -12 0 0 1 -13 1 -13 2 -13 2 -13 2 -13 2 -13 2 -13 1 -13 2 -13 1 -13 2 -13 1 -13 2 -13 2 -14 1 -14 1 -14 1 -14 1 -14 1 -14 0 -14 0 -14 0 -14 0 -14 1 -15 0 -15 0 -15 0 0 0 0 0 0 0 0 0 0
1784740893.448809,52309,-47,11,1,7,1,-95,1,614962583,128,0 0 0 0 0 0 0 0 0 0 0 0 1 -5 1 -6 2 -6 3 -6 3 -6 3 -6 3 -6 4 -6 4 -7 5 -7 5 -7 5 -7 5 -7 6 -7 6 -7 6 -7 7 -7 7 -7 7 -8 8 -7 8 -8 8 -8 9 -8 9 -7 9 -7 10 -7 0 0 10 -8 10 -8 10 -8 10 -8 10 -8 10 -8 10 -8 10 -8 10 -8 10 -9 10 -8 10 -9 10 -8 10 -8 9 -9 10 -9 9 -9 9 -9 9 -10 9 -10 9 -10 9 -10 9 -10 10 -10 9 -11 9 -11 0 0 0 0 0 0 0 0 0 0
1784740893.465057,52310,-46,11,1,7,1,-95,1,614972394,128,0 0 0 0 0 0 0 0 0 0 0 0 5 -3 5 -2 6 -2 6 -2 6 -2 7 -2 7 -2 8 -1 8 -1 8 -1 8 -1 9 -1 9 0 9 0 10 0 10 0 11 0 11 0 11 1 11 1 11 1 12 2 12 2 12 2 12 2 12 2 0 0 12 2 12 2 12 3 12 2 12 2 12 2 12 2 12 2 12 2 12 2 12 2 12 2 12 1 12 1 12 1 12 1 12 1 12 0 12 0 12 0 13 0 13 -1 12 -1 12 0 13 -1 13 -1 0 0 0 0 0 0 0 0 0 0
1784740893.480893,52311,-47,11,1,6,1,-95,1,614983509,128,0 0 0 0 0 0 0 0 0 0 0 0 6 -1 6 -1 6 0 7 0 7 0 7 0 8 1 8 1 8 1 8 1 9 2 9 2 9 2 9 2 10 3 10 3 11 3 10 3 11 4 11 4 11 4 11 4 11 5 11 5 11 6 11 5 0 0 11 6 11 5 11 6 11 5 11 5 11 5 11 5 11 5 10 5 11 5 11 5 11 4 10 4 11 4 11 3 11 3 11 3 11 3 11 3 11 2 11 2 11 2 11 2 11 2 11 2 11 1 0 0 0 0 0 0 0 0 0 0
1784740893.497052,52312,-49,11,1,7,1,-95,1,615001026,128,0 0 0 0 0 0 0 0 0 0 0 0 -6 4 -6 4 -7 3 -7 3 -7 3 -8 3 -8 4 -8 3 -8 4 -9 3 -9 3 -10 3 -10 3 -11 3 -11 3 -11 3 -11 3 -12 3 -12 3 -12 2 -12 2 -13 2 -13 2 -13 1 -13 1 -13 1 0 0 -13 1 -13 1 -12 1 -13 1 -12 1 -12 1 -12 2 -12 2 -12 2 -13 2 -12 2 -12 2 -12 2 -11 2 -12 3 -12 3 -12 3 -12 3 -11 3 -12 3 -11 4 -11 4 -11 4 -11 4 -11 4 -11 4 0 0 0 0 0 0 0 0 0 0
1784740893.497052,52313,-51,11,1,6,1,-95,1,615012319,128,0 0 0 0 0 0 0 0 0 0 0 0 -5 -7 -4 -7 -4 -8 -4 -8 -4 -9 -4 -9 -4 -9 -4 -9 -3 -10 -3 -10 -3 -11 -3 -11 -3 -11 -3 -11 -3 -12 -2 -12 -2 -12 -2 -12 -2 -13 -2 -13 -2 -13 -2 -13 -1 -13 -1 -13 -1 -13 -1 -13 0 0 -1 -13 -1 -13 -1 -13 -1 -13 -1 -12 -1 -12 -1 -12 -2 -12 -1 -12 -2 -12 -2 -12 -2 -12 -2 -11 -2 -12 -3 -12 -3 -11 -3 -11 -3 -11 -3 -11 -4 -11 -4 -11 -4 -11 -4 -11 -4 -11 -4 -11 -5 -11 0 0 0 0 0 0 0 0 0 0
1784740893.513132,52314,-48,11,1,7,0,-95,1,615022089,128,0 0 0 0 0 0 0 0 0 0 0 0 6 7 6 8 6 8 6 9 6 9 6 9 5 10 5 10 5 10 5 11 5 11 5 11 5 11 5 12 5 12 5 12 5 12 5 12 4 12 5 12 5 12 4 13 5 12 4 12 4 13 4 13 0 0 4 12 4 12 4 12 4 12 4 11 4 11 4 11 4 11 5 11 5 10 5 10 5 10 5 10 5 9 5 9 5 9 5 9 5 8 6 8 6 8 6 8 6 8 6 7 6 7 6 7 7 7 0 0 0 0 0 0 0 0 0 0
1784740893.530981,52315,-49,11,1,7,1,-95,1,615031997,128,0 0 0 0 0 0 0 0 0 0 0 0 -4 9 -4 9 -5 9 -5 9 -6 9 -6 9 -6 9 -6 10 -6 10 -6 10 -6 9 -7 10 -7 10 -7 10 -7 10 -7 10 -7 10 -7 10 -7 10 -7 10 -7 10 -7 10 -7 10 -7 10 -7 10 -7 10 0 0 -7 10 -7 10 -7 10 -6 9 -6 9 -6 9 -6 9 -6 9 -6 9 -5 9 -5 9 -5 9 -5 9 -5 9 -4 8 -4 8 -4 8 -4 8 -4 8 -4 8 -3 8 -3 8 -3 8 -3 8 -3 8 -3 8 0 0 0 0 0 0 0 0 0 0
1784740893.530981,52316,-50,11,1,7,1,-95,1,615041962,128,0 0 0 0 0 0 0 0 0 0 0 0 5 -9 6 -9 7 -8 7 -8 7 -8 7 -8 7 -8 7 -8 7 -9 8 -8 8 -8 8 -8 8 -8 8 -8 8 -8 8 -9 8 -9 8 -9 8 -9 8 -9 8 -9 8 -9 8 -9 8 -8 8 -8 8 -8 0 0 8 -8 7 -8 7 -8 7 -8 7 -8 7 -8 6 -8 6 -8 6 -7 6 -8 6 -7 6 -7 5 -7 5 -7 5 -7 5 -7 5 -7 5 -7 4 -7 4 -7 4 -7 4 -7 4 -7 4 -7 4 -7 4 -7 0 0 0 0 0 0 0 0 0 0
1784740893.545067,52317,-51,11,1,7,1,-95,1,615052630,128,0 0 0 0 0 0 0 0 0 0 0 0 -11 0 -11 -1 -11 -1 -11 -1 -11 -2 -11 -2 -12 -2 -12 -2 -12 -2 -12 -2 -12 -2 -12 -2 -12 -3 -12 -2 -12 -2 -12 -2 -13 -2 -13 -2 -12 -2 -12 -2 -12 -2 -12 -2 -12 -2 -12 -2 -12 -2 -12 -2 0 0 -11 -2 -11 -2 -11 -2 -11 -2 -10 -1 -10 -1 -10 -1 -9 -1 -9 -1 -9 -1 -9 -1 -8 -1 -8 -1 -8 -1 -8 0 -7 0 -7 0 -7 0 -7 0 -7 0 -6 1 -6 1 -6 1 -6 0 -6 1 -7 1 0 0 0 0 0 0 0 0 0 0
1784740893.545067,52318,-50,11,1,7,1,-95,1,615062003,128,0 0 0 0 0 0 0 0 0 0 0 0 -9 -7 -9 -8 -8 -9 -8 -9 -8 -10 -8 -10 -8 -10 -8 -10 -8 -11 -8 -11 -8 -10 -8 -11 -8 -11 -8 -11 -8 -11 -7 -12 -7 -12 -8 -12 -7 -12 -7 -12 -7 -12 -6 -12 -7 -11 -7 -11 -7 -11 -7 -11 0 0 -6 -11 -6 -11 -6 -10 -6 -9 -6 -9 -6 -9 -6 -9 -6 -8 -6 -8 -6 -7 -6 -7 -6 -7 -6 -6 -6 -6 -6 -6 -6 -6 -6 -5 -6 -5 -6 -5 -6 -5 -7 -5 -6 -5 -7 -4 -7 -4 -7 -4 -7 -4 0 0 0 0 0 0 0 0 0 0
1784740893.560905,52319,-50,11,1,6,1,-95,1,615073611,128,0 0 0 0 0 0 0 0 0 0 0 0 9 -7 9 -6 10 -6 10 -5 10 -6 11 -5 11 -5 11 -5 11 -5 12 -5 12 -5 12 -4 13 -4 12 -4 12 -4 13 -4 12 -4 13 -4 13 -4 13 -4 13 -4 13 -4 13 -4 13 -3 13 -3 12 -3 0 0 12 -4 13 -4 12 -3 12 -4 11 -4 11 -4 11 -4 11 -5 11 -4 11 -5 11 -5 11 -5 10 -5 10 -5 10 -6 10 -6 10 -6 10 -6 9 -6 9 -6 9 -7 10 -7 9 -7 9 -6 10 -7 9 -7 0 0 0 0 0 0 0 0 0 0
1784740893.580109,52320,-49,11,1,6,1,-95,1,615083565,128,0 0 0 0 0 0 0 0 0 0 0 0 -7 7 -8 7 -9 7 -9 6 -9 6 -9 6 -9 6 -10 6 -10 6 -10 6 -11 5 -11 5 -11 5 -11 5 -11 5 -12 5 -12 5 -12 5 -12 5 -12 5 -12 6 -12 6 -12 6 -12 5 -12 5 -13 5 0 0 -12 6 -13 6 -12 5 -12 6 -11 5 -12 6 -11 6 -11 6 -11 6 -12 6 -11 6 -11 6 -11 6 -11 6 -11 6 -11 7 -11 7 -10 7 -10 7 -10 7 -10 8 -10 7 -10 8 -10 7 -10 7 -10 8 0 0 0 0 0 0 0 0 0 0
1784740893.581054,52321,-49,11,1,7,1,-95,1,615092220,128,0 0 0 0 0 0 0 0 0 0 0 0 -9 -5 -9 -6 -9 -6 -9 -7 -8 -7 -9 -7 -9 -7 -9 -8 -9 -8 -9 -8 -9 -9 -9 -9 -8 -9 -8 -10 -9 -9 -8 -10 -9 -10 -9 -10 -9 -10 -9 -10 -9 -11 -9 -10 -9 -10 -9 -11 -9 -11 -9 -11 0 0 -9 -11 -9 -11 -9 -11 -9 -11 -9 -11 -9 -11 -9 -10 -9 -10 -9 -11 -9 -10 -9 -10 -9 -10 -9 -10 -9 -10 -9 -10 -10 -10 -9 -9 -10 -9 -10 -9 -10 -9 -10 -9 -10 -9 -9 -8 -10 -9 -10 -9 -10 -8 0 0 0 0 0 0 0 0 0 0
1784740893.593280,52322,-50,11,1,7,1,-95,1,615101981,128,0 0 0 0 0 0 0 0 0 0 0 0 8 -2 8 -2 9 -2 9 -1 10 -1 9 -1 9 -1 10 -1 10 -1 10 0 10 0 10 0 10 1 11 0 11 0 11 0 11 0 12 0 11 0 11 0 12 0 12 0 12 1 12 1 12 1 12 1 0 0 11 0 12 0 11 0 12 0 11 -1 11 -1 11 -1 12 -1 11 -1 12 -1 11 -1 11 -1 11 -1 10 -1 11 -2 11 -2 11 -2 11 -2 10 -3 11 -3 10 -2 10 -3 11 -2 10 -2 10 -2 10 -2 0 0 0 0 0 0 0 0 0 0
1784740893.624990,52323,-49,11,1,6,1,-95,1,615127732,128,0 0 0 0 0 0 0 0 0 0 0 0 5 7 5 8 5 8 4 8 4 8 4 9 3 9 4 9 3 9 3 9 3 9 3 9 3 10 3 10 3 10 2 10 2 10 3 10 2 10 3 10 3 10 2 10 3 11 3 11 2 10 3 11 0 0 3 11 3 11 3 11 3 11 3 11 3 11 3 11 3 11 3 11 4 10 4 10 4 10 4 10 4 10 4 10 4 10 4 9 4 9 4 10 4 9 4 9 4 9 4 8 4 9 5 8 4 8 0 0 0 0 0 0 0 0 0 0
1784740893.624990,52324,-50,11,1,7,1,-95,1,615132071,128,0 0 0 0 0 0 0 0 0 0 0 0 -6 7 -6 6 -7 6 -7 6 -7 6 -8 5 -8 6 -8 5 -8 5 -9 5 -9 5 -9 5 -9 5 -9 5 -9 5 -9 5 -9 5 -9 6 -9 5 -10 6 -9 6 -9 6 -10 6 -10 6 -10 6 -10 6 0 0 -10 6 -10 6 -10 6 -10 6 -10 6 -10 6 -10 6 -10 7 -10 6 -10 7 -10 7 -10 7 -10 7 -10 7 -10 7 -9 7 -9 7 -10 7 -9 7 -9 8 -9 7 -9 7 -9 7 -9 7 -8 7 -8 7 0 0 0 0 0 0 0 0 0 0
1784740893.641040,52325,-51,11,1,5,1,-95,1,615145386,128,0 0 0 0 0 0 0 0 0 0 0 0 -5 3 -6 3 -6 3 -7 3 -6 2 -7 2 -7 2 -7 3 -7 2 -7 3 -7 2 -7 3 -7 3 -7 3 -7 3 -7 3 -8 3 -8 4 -8 4 -9 4 -9 4 -10 4 -10 5 -10 5 -10 5 -11 5 0 0 -11 5 -11 4 -12 5 -12 4 -12 4 -12 4 -13 4 -13 5 -13 4 -12 5 -12 5 -13 5 -13 5 -13 5 -13 4 -13 4 -12 4 -13 5 -13 4 -13 5 -12 5 -12 4 -12 5 -12 5 -11 5 -12 5 0 0 0 0 0 0 0 0 0 0
1784740893.641040,52326,-51,11,1,5,1,-95,1,615155047,128,0 0 0 0 0 0 0 0 0 0 0 0 6 -2 6 -2 6 -1 6 -1 7 0 7 0 7 0 7 0 7 0 7 1 7 1 7 1 8 2 8 2 8 1 8 2 8 2 9 2 9 2 9 1 9 1 10 2 10 2 10 2 10 2 11 2 0 0 11 2 12 2 11 3 12 2 12 2 12 2 12 2 13 2 13 2 13 2 13 2 13 2 13 2 13 2 13 2 13 2 13 2 13 2 13 1 13 1 13 1 13 1 13 1 12 1 12 1 12 1 0 0 0 0 0 0 0 0 0 0
1784740893.657114,52327,-51,11,1,7,1,-95,1,615162206,128,0 0 0 0 0 0 0 0 0 0 0 0 -5 6 -5 6 -6 6 -6 6 -7 5 -7 6 -7 5 -8 5 -8 5 -8 5 -9 4 -9 4 -9 4 -9 4 -9 4 -9 4 -10 4 -10 4 -10 4 -10 4 -10 4 -10 4 -10 5 -10 4 -10 4 -11 4 0 0 -11 5 -11 5 -11 5 -11 5 -11 6 -11 6 -10 6 -11 6 -10 6 -11 6 -11 6 -11 6 -10 7 -11 7 -10 7 -11 7 -10 7 -11 8 -10 7 -10 8 -10 8 -9 8 -9 7 -9 7 -9 8 -9 8 0 0 0 0 0 0 0 0 0 0
1784740893.657114,52328,-53,11,1,7,1,-95,1,615172248,128,0 0 0 0 0 0 0 0 0 0 0 0 -9 -4 -9 -5 -9 -5 -9 -6 -8 -6 -8 -6 -8 -7 -8 -7 -8 -7 -7 -7 -8 -7 -7 -8 -7 -8 -7 -8 -7 -8 -7 -8 -7 -8 -7 -8 -7 -8 -7 -8 -7 -8 -8 -8 -8 -8 -8 -8 -8 -8 -8 -8 0 0 -9 -8 -9 -9 -9 -8 -9 -8 -9 -8 -9 -8 -10 -7 -10 -7 -10 -8 -10 -7 -10 -8 -10 -7 -11 -7 -10 -7 -11 -7 -11 -6 -10 -7 -10 -6 -11 -6 -10 -6 -10 -6 -10 -5 -10 -5 -10 -5 -10 -4 -10 -5 0 0 0 0 0 0 0 0 0 0
1784740893.673535,52329,-55,11,1,6,1,-95,1,615183921,128,0 0 0 0 0 0 0 0 0 0 0 0 -5 -1 -5 -1 -5 -1 -5 -2 -5 -2 -5 -2 -5 -2 -5 -2 -5 -2 -5 -3 -5 -3 -6 -3 -5 -3 -6 -3 -6 -3 -6 -3 -6 -3 -6 -3 -6 -3 -7 -3 -7 -3 -7 -3 -7 -3 -7 -3 -8 -4 -8 -4 0 0 -9 -4 -9 -4 -9 -5 -9 -4 -9 -5 -9 -5 -9 -5 -10 -5 -10 -6 -10 -5 -10 -6 -10 -5 -10 -6 -10 -6 -10 -6 -10 -6 -10 -6 -10 -6 -10 -6 -10 -6 -9 -6 -9 -6 -9 -5 -9 -5 -9 -5 -9 -4 0 0 0 0 0 0 0 0 0 0
1784740893.688941,52330,-55,11,1,6,1,-95,1,615193892,128,0 0 0 0 0 0 0 0 0 0 0 0 -2 -1 -2 -1 -2 -2 -2 -2 -2 -2 -2 -2 -2 -2 -2 -3 -2 -3 -2 -3 -2 -3 -2 -4 -2 -4 -2 -4 -2 -4 -2 -4 -2 -5 -2 -5 -3 -5 -3 -5 -3 -6 -3 -6 -3 -7 -3 -7 -3 -7 -3 -8 0 0 -3 -9 -3 -9 -3 -9 -4 -10 -4 -10 -4 -10 -4 -11 -4 -11 -4 -12 -4 -12 -4 -12 -4 -12 -4 -13 -4 -13 -4 -13 -4 -13 -4 -13 -4 -13 -4 -13 -5 -13 -5 -13 -5 -13 -4 -13 -4 -13 -5 -13 -5 -13 0 0 0 0 0 0 0 0 0 0
1784740893.704711,52331,-53,11,1,5,1,-95,1,615204668,128,0 0 0 0 0 0 0 0 0 0 0 0 -4 2 -4 1 -4 1 -4 0 -5 0 -5 -1 -5 -1 -5 -2 -5 -2 -5 -2 -5 -3 -6 -4 -6 -4 -6 -4 -6 -5 -6 -5 -6 -6 -6 -6 -6 -6 -6 -6 -6 -7 -6 -7 -6 -7 -6 -7 -6 -7 -6 -8 0 0 -7 -8 -7 -8 -7 -9 -8 -9 -8 -9 -8 -9 -8 -9 -9 -9 -9 -10 -10 -10 -10 -10 -10 -10 -11 -10 -11 -10 -11 -11 -11 -11 -11 -11 -12 -11 -12 -11 -12 -11 -12 -11 -12 -12 -13 -11 -13 -11 -13 -11 -13 -11 0 0 0 0 0 0 0 0 0 0
1784740893.704711,52332,-55,11,1,6,1,-95,1,615222104,128,0 0 0 0 0 0 0 0 0 0 0 0 -2 -4 -2 -5 -1 -5 0 -6 0 -6 1 -6 1 -6 2 -7 2 -7 3 -7 3 -7 4 -7 4 -7 5 -7 5 -7 6 -6 6 -6 6 -6 6 -6 6 -6 6 -7 6 -6 5 -7 5 -7 5 -7 5 -8 0 0 5 -8 5 -9 6 -9 5 -9 5 -10 5 -11 5 -11 5 -12 5 -12 5 -13 5 -13 5 -13 6 -14 6 -14 7 -14 7 -14 6 -14 6 -14 6 -15 6 -15 6 -15 7 -15 6 -15 6 -14 6 -15 6 -15 0 0 0 0 0 0 0 0 0 0
1784740893.720796,52333,-55,11,1,7,1,-95,1,615232159,128,0 0 0 0 0 0 0 0 0 0 0 0 5 -2 6 -2 6 -1 7 -1 7 -1 8 -1 8 0 8 0 8 1 8 1 9 1 9 1 9 2 9 3 9 3 9 3 8 4 8 3 8 3 8 3 8 3 8 3 7 2 8 1 7 1 8 0 0 0 8 -1 9 -1 9 -1 9 -2 10 -2 10 -2 11 -3 11 -3 12 -3 12 -4 13 -4 13 -4 13 -4 14 -4 14 -3 14 -3 14 -3 14 -4 14 -3 14 -3 14 -4 14 -3 13 -4 14 -4 13 -4 13 -4 0 0 0 0 0 0 0 0 0 0
1784740893.736635,52334,-54,11,1,6,1,-95,1,615243366,128,0 0 0 0 0 0 0 0 0 0 0 0 -1 6 -1 6 -1 6 -2 7 -2 7 -2 7 -3 7 -3 7 -3 8 -3 8 -4 8 -4 8 -4 8 -5 8 -5 8 -5 8 -5 8 -5 8 -5 8 -5 8 -5 8 -5 8 -4 8 -4 8 -4 8 -4 9 0 0 -4 9 -4 10 -4 10 -3 10 -3 10 -4 11 -3 11 -3 12 -4 12 -3 13 -3 13 -3 13 -3 14 -4 14 -4 14 -4 14 -4 14 -4 14 -5 14 -5 14 -4 14 -5 15 -5 14 -5 15 -5 15 -5 15 0 0 0 0 0 0 0 0 0 0
1784740893.736635,52335,-53,11,1,6,1,-95,1,615252099,128,0 0 0 0 0 0 0 0 0 0 0 0 2 4 2 4 2 4 2 5 2 5 2 5 2 6 2 6 2 7 2 7 2 7 2 8 1 8 1 8 1 9 1 9 1 9 1 9 1 9 1 9 1 9 1 10 1 10 1 9 1 10 1 10 0 0 2 10 2 10 2 11 2 11 2 11 3 11 3 11 3 12 3 12 4 12 4 12 4 12 4 13 4 13 4 13 4 14 4 13 5 14 4 14 5 14 5 14 5 14 5 14 4 14 4 15 4 15 0 0 0 0 0 0 0 0 0 0
1784740893.769174,52336,-53,11,1,5,1,-95,1,615275357,128,0 0 0 0 0 0 0 0 0 0 0 0 -6 -6 -6 -7 -5 -8 -5 -8 -5 -8 -5 -9 -5 -9 -5 -10 -5 -10 -4 -10 -3 -11 -3 -11 -3 -11 -3 -11 -3 -11 -3 -11 -2 -11 -2 -10 -3 -10 -3 -10 -3 -10 -3 -10 -3 -9 -3 -9 -4 -9 -4 -9 0 0 -5 -9 -6 -9 -6 -9 -7 -9 -7 -9 -8 -10 -8 -10 -8 -10 -9 -10 -9 -11 -9 -11 -9 -11 -9 -11 -9 -11 -9 -11 -10 -12 -9 -12 -9 -12 -9 -11 -9 -11 -9 -11 -9 -11 -9 -11 -9 -11 -9 -11 -9 -11 0 0 0 0 0 0 0 0 0 0
1784740893.773930,52337,-53,11,1,6,1,-95,1,615282240,128,0 0 0 0 0 0 0 0 0 0 0 0 -5 -7 -4 -8 -4 -8 -4 -8 -4 -8 -4 -9 -3 -9 -3 -9 -3 -9 -3 -9 -3 -9 -3 -9 -2 -9 -2 -10 -2 -10 -2 -9 -2 -9 -2 -9 -2 -9 -2 -9 -3 -8 -3 -8 -4 -8 -3 -8 -4 -8 -5 -8 0 0 -5 -8 -6 -8 -6 -9 -6 -8 -7 -9 -7 -9 -7 -9 -8 -9 -8 -10 -8 -10 -8 -10 -9 -10 -8 -10 -9 -11 -8 -11 -8 -11 -8 -11 -8 -11 -8 -11 -8 -11 -8 -10 -8 -11 -8 -10 -8 -10 -8 -10 -8 -10 0 0 0 0 0 0 0 0 0 0
1784740893.785126,52338,-51,11,1,6,1,-95,1,615292051,128,0 0 0 0 0 0 0 0 0 0 0 0 5 -4 5 -4 6 -4 6 -4 6 -4 6 -4 6 -4 7 -4 7 -4 7 -4 7 -4 8 -4 8 -4 8 -4 8 -4 8 -4 8 -4 8 -4 8 -4 8 -4 8 -5 8 -5 8 -5 8 -5 8 -5 8 -5 0 0 8 -6 8 -7 8 -7 9 -7 8 -7 9 -8 9 -8 9 -8 9 -9 10 -9 10 -9 10 -9 10 -9 10 -9 11 -9 11 -9 11 -9 11 -9 11 -9 11 -9 11 -9 11 -9 11 -9 11 -8 11 -8 11 -8 0 0 0 0 0 0 0 0 0 0
1784740893.804842,52339,-50,11,1,6,1,-95,1,615302042,128,0 0 0 0 0 0 0 0 0 0 0 0 0 5 0 5 0 6 0 6 0 6 0 6 0 7 0 7 0 8 -1 8 -1 8 -1 9 -1 9 -1 9 -1 9 -2 9 -1 9 -2 10 -2 10 -2 10 -2 10 -1 10 -2 10 -2 10 -2 10 -2 10 0 0 -1 10 -1 11 -1 10 0 11 0 11 0 11 0 11 0 12 1 12 1 13 1 12 1 12 1 12 0 12 2 13 1 13 1 13 1 13 1 13 1 13 1 13 1 13 1 13 1 13 0 12 0 12 0 0 0 0 0 0 0 0 0 0
1784740893.804842,52340,-50,11,1,6,1,-95,1,615311999,128,0 0 0 0 0 0 0 0 0 0 0 0 -7 1 -7 0 -7 0 -8 0 -8 0 -9 0 -8 -1 -9 -1 -9 -1 -10 -1 -10 -1 -10 -2 -10 -2 -11 -2 -11 -2 -10 -3 -11 -3 -11 -3 -11 -3 -11 -3 -11 -3 -11 -4 -10 -3 -10 -3 -10 -3 -11 -3 0 0 -11 -2 -10 -3 -11 -2 -10 -2 -11 -2 -11 -2 -11 -2 -11 -1 -12 -1 -12 -1 -12 0 -12 0 -12 0 -13 0 -13 -1 -13 0 -12 0 -13 0 -13 0 -13 0 -13 0 -13 -1 -12 0 -12 0 -12 0 -12 0 0 0 0 0 0 0 0 0 0 0
1784740893.817188,52341,-50,11,1,6,1,-95,1,615322122,128,0 0 0 0 0 0 0 0 0 0 0 0 5 5 5 5 5 5 5 5 5 6 5 6 5 6 5 6 5 6 5 7 4 7 4 7 4 7 4 8 4 8 4 8 4 8 4 8 4 8 4 8 4 7 4 7 4 7 3 7 4 7 4 7 0 0 5 7 5 7 5 6 6 7 6 6 6 6 7 6 7 7 7 7 8 7 7 7 8 7 8 7 8 7 8 7 8 7 8 8 8 7 8 7 9 7 9 7 9 7 8 7 8 7 8 7 8 7 0 0 0 0 0 0 0 0 0 0
1784740893.817188,52342,-51,11,1,6,1,-95,1,615332024,128,0 0 0 0 0 0 0 0 0 0 0 0 -2 -8 -2 -8 -2 -8 -1 -8 -1 -8 -1 -8 -1 -8 -1 -8 0 -8 0 -8 0 -8 0 -8 0 -9 0 -8 0 -9 0 -8 0 -9 0 -8 0 -8 0 -8 0 -8 0 -8 0 -8 0 -8 0 -8 -1 -8 0 0 -1 -8 -2 -8 -2 -9 -2 -9 -2 -9 -2 -9 -3 -9 -3 -10 -3 -10 -3 -10 -3 -10 -3 -10 -3 -10 -4 -11 -3 -10 -4 -11 -3 -11 -4 -11 -3 -11 -4 -11 -4 -11 -4 -11 -3 -11 -3 -11 -4 -11 -4 -11 0 0 0 0 0 0 0 0 0 0
1784740893.837105,52343,-49,11,1,6,1,-95,1,615343822,128,0 0 0 0 0 0 0 0 0 0 0 0 -5 -5 -5 -6 -5 -6 -5 -6 -5 -6 -5 -7 -5 -7 -5 -7 -5 -7 -5 -8 -5 -8 -5 -9 -4 -9 -4 -9 -5 -9 -4 -9 -4 -9 -4 -9 -4 -9 -4 -10 -4 -9 -4 -9 -4 -9 -4 -9 -4 -9 -4 -9 0 0 -4 -9 -5 -9 -5 -9 -5 -9 -5 -9 -5 -9 -6 -9 -6 -9 -6 -9 -7 -9 -6 -10 -7 -9 -7 -9 -7 -9 -7 -9 -7 -9 -7 -10 -7 -10 -8 -9 -8 -9 -8 -9 -7 -9 -7 -9 -7 -10 -7 -9 -7 -9 0 0 0 0 0 0 0 0 0 0
1784740893.837105,52344,-47,11,1,6,1,-95,1,615352089,128,0 0 0 0 0 0 0 0 0 0 0 0 7 -4 7 -4 8 -4 7 -3 8 -4 8 -3 8 -3 9 -3 9 -3 10 -3 10 -2 10 -2 10 -2 11 -1 10 -2 11 -1 10 -1 11 -1 10 -1 11 -1 11 -1 11 -1 11 0 11 0 10 0 10 0 0 0 10 -1 10 -1 9 -1 10 -2 9 -2 9 -2 10 -3 10 -3 9 -3 10 -4 10 -4 10 -4 10 -4 9 -4 10 -5 9 -5 10 -5 9 -5 9 -6 9 -6 9 -6 9 -6 10 -6 10 -6 9 -6 9 -6 0 0 0 0 0 0 0 0 0 0
1784740893.848781,52345,-47,11,1,6,1,-95,1,615362312,128,0 0 0 0 0 0 0 0 0 0 0 0 1 8 0 8 0 8 -1 9 -1 9 -1 9 -1 9 -2 9 -2 10 -2 9 -3 9 -3 10 -3 10 -4 10 -4 10 -5 9 -5 10 -5 9 -5 10 -5 9 -5 9 -5 9 -5 9 -5 9 -5 9 -5 9 0 0 -4 9 -4 8 -4 9 -3 8 -3 8 -2 8 -2 9 -2 9 -2 9 -1 9 -1 9 0 9 -1 9 0 10 0 9 0 10 0 9 1 10 1 10 1 10 1 10 1 10 2 9 1 9 1 9 2 10 0 0 0 0 0 0 0 0 0 0
1784740893.864984,52346,-47,11,1,6,1,-95,1,615372003,128,0 0 0 0 0 0 0 0 0 0 0 0 -7 6 -7 6 -8 5 -8 5 -8 5 -9 5 -9 5 -10 5 -10 5 -10 5 -10 4 -10 4 -11 4 -11 4 -11 4 -11 3 -12 3 -11 2 -12 2 -11 2 -11 2 -11 2 -11 2 -11 2 -10 2 -11 2 0 0 -10 2 -10 3 -10 3 -9 3 -9 3 -10 3 -10 4 -9 4 -9 4 -9 5 -9 5 -9 6 -9 6 -10 6 -10 6 -10 6 -10 6 -10 6 -10 7 -10 7 -9 7 -10 7 -9 7 -9 7 -9 7 -9 7 0 0 0 0 0 0 0 0 0 0
1784740893.874271,52347,-48,11,1,6,1,-95,1,615381965,128,0 0 0 0 0 0 0 0 0 0 0 0 0 7 0 7 0 8 -1 7 -1 8 -1 8 -1 8 -1 8 -1 8 -2 8 -2 8 -3 8 -3 8 -3 8 -2 8 -3 9 -3 8 -3 9 -3 8 -3 8 -3 8 -3 8 -3 8 -3 8 -3 8 -2 8 0 0 -2 8 -1 9 -1 8 -1 9 -1 9 -1 9 0 9 0 10 0 9 0 10 0 10 0 11 0 10 1 10 1 11 1 11 1 12 1 12 1 12 1 12 1 12 1 12 1 13 1 12 1 12 0 12 0 0 0 0 0 0 0 0 0 0
1784740893.889100,52348,-49,11,1,6,1,-95,1,615392055,128,0 0 0 0 0 0 0 0 0 0 0 0 -6 1 -6 1 -6 0 -6 0 -6 0 -7 0 -6 0 -7 0 -7 0 -7 0 -7 0 -7 0 -7 0 -7 0 -8 0 -7 0 -9 0 -8 0 -8 0 -8 0 -9 0 -9 0 -9 0 -9 0 -9 0 -9 0 0 0 -10 0 -10 0 -10 0 -10 0 -10 1 -10 1 -11 1 -11 1 -11 1 -11 1 -12 1 -12 1 -12 1 -13 1 -12 1 -13 1 -12 1 -13 1 -13 1 -13 1 -13 1 -13 1 -13 1 -13 1 -14 1 -14 1 0 0 0 0 0 0 0 0 0 0
1784740893.897172,52349,-47,11,1,6,1,-95,1,615402003,128,0 0 0 0 0 0 0 0 0 0 0 0 -6 -1 -6 -2 -6 -2 -6 -2 -6 -2 -7 -2 -7 -3 -7 -2 -7 -3 -7 -3 -8 -3 -8 -3 -8 -3 -8 -4 -8 -4 -8 -4 -9 -4 -9 -4 -9 -4 -9 -5 -9 -5 -9 -5 -9 -5 -9 -5 -9 -5 -10 -5 0 0 -10 -5 -10 -6 -10 -6 -10 -5 -10 -5 -11 -5 -11 -5 -11 -5 -11 -5 -12 -5 -12 -5 -12 -4 -12 -5 -12 -5 -12 -5 -13 -5 -12 -5 -13 -5 -13 -5 -13 -5 -13 -5 -13 -5 -13 -5 -13 -5 -13 -5 -13 -5 0 0 0 0 0 0 0 0 0 0
1784740893.897172,52350,-46,11,1,6,1,-95,1,615412053,128,0 0 0 0 0 0 0 0 0 0 0 0 1 6 1 6 0 7 0 7 0 7 0 7 -1 7 -1 7 -1 7 -1 7 -1 8 -2 8 -2 8 -2 8 -2 8 -2 9 -2 9 -2 9 -3 9 -3 9 -3 9 -3 9 -3 9 -3 9 -3 9 -3 9 0 0 -3 9 -3 10 -3 9 -2 10 -2 10 -2 10 -2 10 -2 10 -2 10 -2 11 -2 11 -2 11 -2 11 -2 11 -1 12 -1 11 -1 12 -1 12 -1 11 -1 12 -1 12 -1 12 -1 12 -1 12 -1 12 -1 11 0 0 0 0 0 0 0 0 0 0
1784740893.912954,52351,-46,11,1,6,1,-95,1,615422093,128,0 0 0 0 0 0 0 0 0 0 0 0 -7 -3 -8 -4 -7 -5 -7 -5 -7 -5 -7 -5 -7 -6 -7 -6 -7 -6 -7 -6 -7 -6 -7 -7 -7 -7 -7 -7 -7 -8 -6 -8 -7 -8 -7 -8 -7 -8 -7 -8 -7 -9 -6 -9 -7 -8 -7 -8 -6 -8 -7 -8 0 0 -7 -8 -7 -8 -8 -9 -8 -8 -8 -8 -8 -8 -8 -8 -8 -8 -8 -8 -9 -8 -9 -9 -9 -8 -9 -9 -10 -9 -9 -8 -10 -9 -9 -9 -10 -9 -10 -9 -10 -9 -10 -8 -10 -9 -10 -9 -10 -9 -10 -9 -10 -9 0 0 0 0 0 0 0 0 0 0
1784740893.912954,52352,-46,11,1,6,1,-95,1,615432110,128,0 0 0 0 0 0 0 0 0 0 0 0 6 -2 6 -2 7 -1 7 -1 7 -1 7 -1 7 -1 7 -1 7 0 8 0 8 1 8 1 8 1 8 1 8 1 9 1 8 1 9 1 9 2 9 1 9 1 9 2 9 2 9 2 9 2 9 2 0 0 9 1 10 1 9 1 10 1 10 1 10 0 10 0 10 0 11 0 11 0 11 1 11 0 11 0 11 0 12 0 12 0 12 0 12 0 12 0 12 -1 12 -1 12 -1 13 0 12 0 12 0 12 0 0 0 0 0 0 0 0 0 0 0
1784740893.929086,52353,-47,11,1,7,1,-95,1,615447391,128,0 0 0 0 0 0 0 0 0 0 0 0 -7 1 -7 0 -7 0 -8 -1 -7 -1 -8 -1 -8 -1 -9 -2 -8 -1 -10 -2 -8 -2 -10 -3 -9 -3 -10 -4 -9 -3 -10 -4 -9 -3 -11 -4 -9 -4 -11 -4 -9 -4 -11 -4 -9 -4 -10 -5 -9 -5 -10 -4 0 0 -10 -4 -9 -4 -10 -4 -10 -3 -10 -3 -10 -3 -11 -2 -10 -3 -11 -2 -11 -2 -12 -2 -10 -2 -12 -2 -11 -2 -13 -1 -11 -1 -13 -1 -12 -2 -13 0 -12 -1 -13 0 -12 0 -14 0 -12 -1 -13 -1 -12 -1 0 0 0 0 0 0 0 0 0 0
1784740893.944855,52354,-47,11,1,7,1,-95,1,615452782,128,0 0 0 0 0 0 0 0 0 0 0 0 2 6 1 6 1 7 1 7 1 7 0 7 0 8 0 8 0 8 0 8 -1 8 -1 9 -1 9 -2 9 -2 9 -2 9 -2 9 -2 9 -3 9 -3 9 -2 9 -3 9 -3 9 -3 9 -3 9 -3 9 0 0 -2 9 -2 9 -2 9 -2 9 -1 9 -1 9 -1 9 0 10 -1 10 0 10 0 10 0 10 0 11 1 10 0 11 0 11 1 11 1 11 1 11 1 11 1 12 1 12 2 12 1 11 1 11 2 11 0 0 0 0 0 0 0 0 0 0
1784740893.960775,52355,-46,11,1,6,1,-95,1,615463826,128,0 0 0 0 0 0 0 0 0 0 0 0 4 5 4 6 4 6 4 7 3 7 3 8 3 8 3 8 2 8 2 8 2 9 2 9 1 9 1 9 1 9 1 9 1 10 1 9 1 9 0 9 0 9 1 9 1 9 0 9 1 9 1 9 0 0 1 9 2 8 2 9 2 8 3 9 3 8 3 9 4 9 4 9 4 9 4 9 5 9 5 10 5 10 5 9 5 10 5 10 6 10 6 10 6 10 6 10 6 11 6 10 6 11 6 11 6 11 0 0 0 0 0 0 0 0 0 0
1784740893.960775,52356,-46,11,1,7,1,-95,1,615472193,128,0 0 0 0 0 0 0 0 0 0 0 0 4 6 4 7 3 7 3 8 3 7 2 8 2 8 2 8 2 8 1 8 1 9 1 9 1 9 1 9 1 9 0 9 0 9 0 9 0 9 0 9 1 9 0 9 1 9 1 9 1 9 1 9 0 0 1 9 2 9 2 9 2 9 2 9 3 9 3 10 3 10 3 10 4 10 4 10 4 10 4 11 4 11 5 11 5 12 5 11 5 12 5 12 5 12 5 12 5 12 5 12 5 12 5 13 5 13 0 0 0 0 0 0 0 0 0 0
1784740893.976677,52357,-46,11,1,7,1,-95,1,615482092,128,0 0 0 0 0 0 0 0 0 0 0 0 -2 7 -2 7 -3 7 -3 7 -4 7 -4 8 -4 8 -4 8 -5 7 -5 8 -5 7 -5 7 -5 8 -6 8 -6 8 -6 8 -7 8 -6 8 -7 8 -7 8 -7 8 -7 8 -6 8 -7 8 -7 8 -7 8 0 0 -6 8 -6 8 -7 8 -6 8 -6 9 -6 9 -6 9 -6 10 -6 9 -5 10 -6 10 -5 10 -6 11 -6 11 -6 11 -6 12 -6 11 -6 12 -6 12 -6 12 -6 12 -6 12 -6 12 -6 12 -6 12 -6 12 0 0 0 0 0 0 0 0 0 0
1784740893.976677,52358,-46,11,1,6,1,-95,1,615494315,128,0 0 0 0 0 0 0 0 0 0 0 0 -4 7 -4 7 -5 7 -5 7 -6 7 -6 7 -6 6 -7 6 -7 6 -7 6 -7 6 -7 6 -8 6 -8 6 -8 6 -9 6 -9 6 -9 6 -9 6 -9 6 -9 6 -9 5 -9 6 -9 5 -9 5 -9 5 0 0 -9 6 -9 5 -9 6 -8 6 -8 6 -8 6 -8 6 -8 7 -8 7 -8 7 -8 8 -7 8 -8 8 -8 9 -8 8 -8 9 -8 8 -8 9 -8 9 -8 9 -8 10 -8 10 -8 9 -8 10 -8 10 -9 10 0 0 0 0 0 0 0 0 0 0
1784740893.996794,52359,-46,11,1,6,1,-95,1,615504082,128,0 0 0 0 0 0 0 0 0 0 0 0 -1 8 -1 8 -2 9 -2 8 -3 9 -3 8 -3 9 -3 8 -4 9 -4 9 -5 8 -5 8 -5 8 -5 8 -5 8 -5 8 -5 8 -6 9 -5 8 -5 8 -5 8 -5 8 -5 8 -5 8 -5 7 -5 8 0 0 -4 8 -4 8 -4 8 -4 9 -3 8 -3 9 -3 9 -3 10 -2 10 -2 11 -2 11 -2 11 -2 11 -2 11 -2 12 -1 12 -2 12 -2 12 -1 12 -1 13 -1 13 -1 13 -2 13 -2 13 -2 13 -2 13 0 0 0 0 0 0 0 0 0 0
1784740894.008749,52360,-47,11,1,6,1,-95,1,615513523,128,0 0 0 0 0 0 0 0 0 0 0 0 8 0 8 1 8 2 8 2 8 2 7 3 8 2 8 3 8 3 7 4 8 4 7 4 7 4 7 4 7 4 7 4 8 4 7 4 8 4 8 4 8 4 8 4 8 4 8 4 8 4 8 4 0 0 8 4 9 3 9 3 9 3 9 3 9 3 10 2 10 2 10 2 11 2 11 2 11 2 11 2 12 2 12 2 13 2 13 2 13 3 13 3 13 2 14 3 14 2 14 3 14 3 14 3 14 3 0 0 0 0 0 0 0 0 0 0
1784740894.008749,52361,-46,11,1,7,1,-95,1,615522125,128,0 0 0 0 0 0 0 0 0 0 0 0 1 -7 1 -7 1 -7 2 -7 2 -7 2 -7 2 -7 2 -7 2 -8 3 -8 3 -8 3 -8 3 -8 3 -8 3 -8 3 -9 3 -9 4 -9 4 -9 4 -9 4 -9 4 -9 4 -9 4 -9 4 -9 4 -9 0 0 4 -10 3 -10 3 -10 3 -11 3 -10 3 -11 3 -11 3 -11 3 -11 3 -13 3 -12 3 -12 3 -12 3 -12 3 -14 3 -13 4 -14 3 -14 3 -14 3 -14 3 -14 3 -14 4 -14 4 -14 4 -14 4 -14 0 0 0 0 0 0 0 0 0 0
1784740894.024584,52362,-46,11,1,7,1,-95,1,615532043,128,0 0 0 0 0 0 0 0 0 0 0 0 2 5 2 6 1 6 1 7 1 6 1 7 1 7 1 7 1 8 1 8 1 8 1 8 1 9 0 9 0 10 0 10 0 10 0 10 0 10 -1 10 0 10 -1 11 -1 10 -1 10 -1 11 -1 11 0 0 -1 11 -1 11 -1 11 -1 11 -1 11 0 11 0 11 0 11 0 12 0 12 0 12 1 12 1 12 1 13 1 12 0 13 0 12 1 13 1 13 1 13 1 13 1 13 1 13 1 13 1 13 1 13 0 0 0 0 0 0 0 0 0 0
1784740894.040803,52363,-45,11,1,7,1,-95,1,615542087,128,0 0 0 0 0 0 0 0 0 0 0 0 -6 4 -6 4 -7 4 -7 4 -7 4 -8 4 -8 3 -8 4 -9 3 -9 3 -9 3 -9 3 -10 3 -10 3 -11 3 -11 2 -11 2 -11 2 -11 2 -11 2 -12 2 -12 2 -11 2 -11 1 -11 2 -12 2 0 0 -12 2 -11 2 -11 2 -11 2 -11 3 -11 3 -11 3 -12 3 -12 3 -12 4 -12 4 -12 5 -12 5 -12 5 -13 5 -13 5 -13 5 -13 5 -13 5 -13 6 -13 6 -14 6 -13 6 -14 6 -14 6 -14 6 0 0 0 0 0 0 0 0 0 0
1784740894.040803,52364,-45,11,1,7,1,-95,1,615552163,128,0 0 0 0 0 0 0 0 0 0 0 0 7 -1 7 -1 8 0 7 0 8 1 7 1 8 1 8 1 8 1 8 2 8 2 8 2 8 3 8 3 8 3 9 3 9 3 9 3 9 3 9 3 9 3 9 3 9 3 9 3 9 3 9 3 0 0 9 2 10 2 9 2 10 2 10 1 10 1 10 1 11 1 11 1 12 1 12 1 12 1 12 0 12 0 13 0 13 0 13 0 13 0 14 0 14 -1 14 0 14 -1 15 0 15 0 15 0 15 0 0 0 0 0 0 0 0 0 0 0
1784740894.056565,52365,-46,11,1,7,1,-95,1,615562007,128,0 0 0 0 0 0 0 0 0 0 0 0 -8 -3 -9 -4 -8 -5 -8 -5 -8 -5 -8 -6 -8 -6 -8 -6 -8 -6 -8 -6 -8 -7 -8 -7 -8 -7 -8 -8 -8 -8 -8 -8 -8 -8 -8 -8 -8 -8 -8 -8 -8 -8 -8 -8 -8 -8 -7 -8 -8 -7 -8 -7 0 0 -8 -7 -8 -7 -8 -7 -9 -6 -9 -6 -10 -6 -10 -6 -10 -6 -11 -6 -11 -6 -11 -6 -11 -6 -11 -6 -12 -6 -12 -6 -13 -6 -12 -6 -13 -6 -13 -6 -13 -6 -13 -6 -13 -6 -13 -6 -14 -6 -14 -6 -14 -6 0 0 0 0 0 0 0 0 0 0
1784740894.056565,52366,-46,11,1,7,1,-95,1,615572095,128,0 0 0 0 0 0 0 0 0 0 0 0 5 8 5 8 4 9 4 9 3 9 3 9 3 10 3 10 3 10 2 10 2 10 1 10 1 11 1 11 1 10 0 11 0 10 0 11 0 11 0 10 0 10 0 10 1 10 0 10 0 9 1 10 0 0 1 9 1 9 2 9 2 9 3 9 3 9 3 9 4 9 4 9 5 10 5 10 5 10 5 10 5 10 5 10 6 11 6 11 6 11 6 11 7 11 7 11 7 11 7 11 6 11 6 11 7 11 0 0 0 0 0 0 0 0 0 0
1784740894.074842,52367,-46,11,1,7,1,-95,1,615582046,128,0 0 0 0 0 0 0 0 0 0 0 0 9 -1 9 0 10 1 9 1 10 1 9 2 10 2 10 2 10 3 10 3 9 4 10 4 9 4 9 4 9 5 9 5 9 5 9 5 9 5 9 5 8 5 8 5 8 5 8 4 8 4 8 4 0 0 8 3 8 3 8 3 8 2 8 2 9 2 9 1 9 1 9 1 10 1 10 0 10 0 10 0 11 0 11 0 12 0 12 0 12 0 12 -1 12 -1 12 -1 12 -1 12 -1 12 0 12 -1 13 -1 0 0 0 0 0 0 0 0 0 0
1784740894.088798,52368,-45,11,1,7,1,-95,1,615592073,128,0 0 0 0 0 0 0 0 0 0 0 0 -10 -3 -10 -4 -10 -5 -9 -5 -10 -6 -10 -6 -10 -6 -10 -7 -10 -7 -9 -7 -9 -8 -9 -8 -9 -9 -9 -9 -9 -9 -9 -9 -9 -9 -9 -9 -8 -9 -8 -9 -8 -9 -8 -9 -8 -9 -8 -8 -8 -8 -8 -8 0 0 -8 -7 -8 -7 -8 -7 -9 -7 -9 -6 -9 -6 -9 -6 -10 -6 -10 -6 -11 -6 -11 -5 -11 -5 -12 -5 -12 -5 -12 -5 -12 -5 -13 -5 -13 -5 -13 -5 -13 -5 -14 -5 -14 -5 -14 -5 -14 -5 -14 -5 -14 -5 0 0 0 0 0 0 0 0 0 0
1784740894.088798,52369,-45,11,1,7,1,-95,1,615602029,128,0 0 0 0 0 0 0 0 0 0 0 0 9 1 9 2 9 3 9 3 9 4 9 3 9 4 9 4 9 5 9 5 9 6 9 6 8 6 8 6 8 6 8 7 8 7 8 7 8 7 8 7 8 7 8 7 8 6 7 7 7 6 7 6 0 0 8 6 8 5 7 5 8 5 8 4 8 4 9 4 9 4 9 3 10 4 10 4 10 3 10 3 11 3 11 3 11 3 12 3 12 3 12 3 13 3 13 3 13 3 13 3 13 3 13 3 13 3 0 0 0 0 0 0 0 0 0 0
1784740894.105001,52370,-46,11,1,7,1,-95,1,615612091,128,0 0 0 0 0 0 0 0 0 0 0 0 -1 -10 -1 -10 0 -10 1 -10 1 -10 1 -10 1 -10 2 -10 2 -10 2 -10 3 -10 3 -10 3 -10 3 -10 3 -10 3 -10 3 -10 3 -10 3 -10 3 -10 3 -9 3 -9 3 -9 3 -9 3 -9 2 -9 0 0 2 -10 1 -9 1 -10 1 -10 0 -10 0 -10 0 -10 0 -11 -1 -11 -1 -12 -1 -12 -2 -12 -2 -13 -2 -13 -2 -13 -2 -14 -2 -14 -2 -14 -2 -14 -2 -15 -2 -15 -2 -15 -2 -15 -2 -15 -2 -15 -2 -16 0 0 0 0 0 0 0 0 0 0
1784740894.120790,52371,-48,11,1,6,1,-95,1,615624586,128,0 0 0 0 0 0 0 0 0 0 0 0 -6 5 -6 4 -6 4 -7 3 -7 3 -7 3 -7 3 -7 3 -7 3 -7 3 -7 2 -7 3 -7 2 -7 3 -7 3 -7 2 -7 2 -7 3 -7 3 -7 3 -6 3 -6 3 -6 3 -6 3 -6 4 -6 4 0 0 -6 5 -6 5 -6 5 -6 5 -6 6 -6 6 -6 6 -6 7 -7 8 -7 8 -7 8 -7 9 -7 9 -8 9 -8 9 -9 10 -8 9 -9 10 -9 10 -9 10 -9 10 -10 10 -10 10 -10 10 -10 10 -11 10 0 0 0 0 0 0 0 0 0 0
1784740894.120790,52372,-47,11,1,7,1,-95,1,615632081,128,0 0 0 0 0 0 0 0 0 0 0 0 3 5 2 5 2 6 2 5 2 6 2 5 2 5 2 5 2 6 1 6 1 6 1 6 1 6 1 6 2 6 2 6 2 6 2 6 2 6 2 6 2 6 2 6 3 6 2 6 2 6 3 6 0 0 4 6 4 7 4 6 5 7 5 6 5 6 5 7 6 7 6 7 7 8 6 8 6 8 7 8 7 8 8 9 7 9 8 9 7 9 8 9 8 9 8 9 8 9 8 10 8 10 8 10 8 10 0 0 0 0 0 0 0 0 0 0
1784740894.137023,52373,-47,11,1,7,1,-95,1,615642093,128,0 0 0 0 0 0 0 0 0 0 0 0 6 -3 6 -2 6 -2 7 -2 7 -1 7 -1 7 -1 7 -1 7 -1 7 0 8 0 8 0 8 0 8 0 8 0 8 0 9 0 9 0 8 0 9 0 9 0 8 1 9 0 9 1 9 1 9 1 0 0 9 0 9 0 9 0 9 0 9 0 9 0 9 -1 10 -1 10 -1 10 -1 10 -1 11 -1 11 -1 11 -1 11 -2 12 -2 12 -2 12 -2 12 -2 12 -2 12 -2 13 -2 13 -2 13 -2 13 -2 13 -2 0 0 0 0 0 0 0 0 0 0
1784740894.137023,52374,-47,11,1,6,1,-95,1,615653688,128,0 0 0 0 0 0 0 0 0 0 0 0 -5 -8 -5 -8 -4 -8 -4 -9 -3 -9 -4 -9 -3 -10 -3 -10 -3 -10 -2 -10 -1 -10 -1 -11 -1 -10 -1 -10 -1 -10 -1 -10 -1 -10 -1 -10 0 -10 -1 -10 0 -10 -1 -10 0 -9 0 -9 0 -10 -1 -10 0 0 -1 -9 -2 -9 -2 -9 -2 -9 -3 -9 -3 -9 -3 -9 -4 -9 -4 -9 -4 -9 -4 -9 -5 -9 -5 -9 -5 -10 -6 -9 -6 -10 -6 -10 -7 -10 -7 -10 -7 -10 -7 -10 -7 -10 -7 -10 -7 -11 -8 -10 -8 -11 0 0 0 0 0 0 0 0 0 0
1784740894.155932,52375,-47,11,1,7,1,-95,1,615662236,128,0 0 0 0 0 0 0 0 0 0 0 0 5 -7 5 -6 6 -6 6 -6 7 -6 6 -5 7 -5 7 -5 7 -5 8 -4 8 -4 8 -4 8 -3 8 -3 7 -3 8 -3 7 -3 8 -3 7 -3 7 -3 7 -3 7 -3 7 -3 6 -3 6 -3 6 -4 0 0 6 -4 6 -5 5 -5 6 -6 5 -5 5 -6 5 -6 5 -7 5 -7 6 -8 6 -8 6 -8 6 -8 6 -8 6 -10 5 -9 7 -10 6 -10 6 -10 6 -11 7 -10 6 -11 7 -11 8 -11 8 -11 7 -11 0 0 0 0 0 0 0 0 0 0
1784740894.174999,52376,-47,11,1,6,1,-95,1,615678486,128,0 0 0 0 0 0 0 0 0 0 0 0 2 -7 2 -7 3 -7 3 -7 3 -6 3 -7 4 -6 4 -6 4 -6 4 -6 4 -6 4 -6 4 -6 4 -6 4 -6 4 -5 4 -5 4 -5 4 -6 4 -5 4 -6 3 -6 3 -6 3 -6 3 -6 3 -7 0 0 3 -7 3 -7 3 -8 2 -8 2 -8 2 -8 2 -9 2 -9 2 -10 2 -10 2 -10 2 -11 2 -11 2 -12 3 -11 3 -12 3 -12 3 -12 3 -12 3 -12 3 -13 4 -13 3 -13 4 -13 4 -13 4 -14 0 0 0 0 0 0 0 0 0 0
1784740894.174999,52377,-47,11,1,6,1,-95,1,615683921,128,0 0 0 0 0 0 0 0 0 0 0 0 7 -3 7 -2 7 -2 8 -1 7 -1 8 -1 7 -1 7 0 7 0 7 0 7 0 7 0 7 1 7 1 7 1 7 1 7 1 7 0 7 1 7 0 6 0 7 0 7 0 7 0 7 -1 7 -1 0 0 7 -1 7 -1 7 -2 7 -2 7 -2 8 -3 8 -3 8 -3 8 -3 8 -4 9 -3 9 -4 10 -3 10 -4 10 -4 11 -4 10 -4 11 -4 11 -4 11 -4 12 -5 12 -4 11 -4 12 -4 12 -4 13 -4 0 0 0 0 0 0 0 0 0 0
1784740894.188078,52378,-47,11,1,7,1,-95,1,615692028,128,0 0 0 0 0 0 0 0 0 0 0 0 -10 -4 -9 -5 -9 -6 -9 -6 -9 -7 -8 -7 -8 -7 -8 -7 -8 -7 -7 -8 -7 -8 -7 -8 -6 -9 -6 -8 -6 -8 -7 -8 -6 -8 -6 -8 -6 -8 -6 -7 -6 -7 -6 -7 -6 -7 -6 -7 -6 -6 -6 -6 0 0 -7 -5 -7 -5 -7 -5 -8 -4 -8 -4 -8 -4 -9 -4 -9 -4 -9 -3 -10 -4 -10 -4 -10 -3 -10 -3 -10 -3 -12 -3 -12 -3 -12 -3 -12 -3 -12 -3 -13 -3 -13 -3 -13 -2 -13 -3 -13 -3 -13 -4 -13 -3 0 0 0 0 0 0 0 0 0 0
1784740894.188936,52379,-47,11,1,6,1,-95,1,615703196,128,0 0 0 0 0 0 0 0 0 0 0 0 -11 1 -11 0 -12 -1 -11 -2 -11 -2 -11 -2 -11 -3 -11 -3 -11 -3 -11 -4 -11 -4 -10 -4 -10 -4 -10 -5 -9 -4 -9 -5 -9 -4 -9 -5 -8 -4 -8 -4 -8 -3 -8 -3 -8 -3 -7 -3 -7 -2 -7 -2 0 0 -7 -1 -7 -1 -7 0 -7 0 -7 1 -7 1 -7 2 -8 2 -8 2 -8 3 -8 3 -8 4 -8 4 -8 4 -9 5 -8 5 -9 5 -9 5 -9 5 -9 6 -9 6 -9 6 -9 7 -9 6 -9 7 -9 7 0 0 0 0 0 0 0 0 0 0
1784740894.201535,52380,-47,11,1,6,1,-95,1,615713934,128,0 0 0 0 0 0 0 0 0 0 0 0 -9 -6 -9 -7 -8 -7 -8 -8 -7 -8 -7 -8 -7 -8 -7 -9 -6 -9 -6 -8 -5 -9 -5 -9 -5 -9 -5 -9 -5 -9 -4 -8 -4 -8 -4 -7 -4 -7 -4 -7 -4 -7 -4 -6 -4 -6 -4 -5 -5 -5 -5 -5 0 0 -6 -4 -5 -4 -6 -4 -6 -3 -6 -3 -7 -3 -7 -3 -8 -2 -8 -2 -8 -2 -9 -2 -10 -2 -10 -1 -11 -1 -10 -1 -11 -2 -10 -1 -11 -1 -12 -1 -12 -1 -12 0 -12 -1 -11 0 -12 -1 -12 0 -13 0 0 0 0 0 0 0 0 0 0 0
1784740894.217498,52381,-47,11,1,6,1,-95,1,615723331,128,0 0 0 0 0 0 0 0 0 0 0 0 8 -3 8 -2 8 -1 8 -1 8 0 8 0 8 0 8 1 8 1 7 1 7 1 7 1 7 1 7 1 7 1 7 1 6 1 7 1 6 1 6 1 6 0 6 0 6 0 6 0 6 0 6 -1 0 0 7 -1 7 -2 7 -2 7 -2 7 -2 7 -3 8 -3 8 -3 8 -3 9 -3 8 -4 9 -4 9 -4 9 -4 9 -4 10 -4 10 -4 10 -4 10 -4 11 -4 11 -4 11 -5 11 -4 11 -4 11 -5 11 -5 0 0 0 0 0 0 0 0 0 0
1784740894.217498,52382,-46,11,1,6,1,-95,1,615733370,128,0 0 0 0 0 0 0 0 0 0 0 0 -8 -3 -8 -3 -8 -4 -8 -4 -7 -4 -7 -4 -7 -5 -7 -5 -7 -5 -7 -6 -7 -6 -7 -6 -6 -6 -6 -6 -6 -6 -7 -6 -7 -6 -6 -6 -6 -6 -7 -6 -6 -6 -7 -6 -6 -6 -6 -6 -6 -6 -7 -6 0 0 -7 -5 -7 -5 -7 -5 -8 -5 -8 -5 -8 -5 -8 -5 -9 -5 -9 -5 -10 -5 -10 -5 -10 -5 -10 -5 -10 -5 -11 -5 -11 -5 -11 -5 -11 -6 -11 -5 -12 -5 -11 -5 -12 -5 -12 -6 -12 -6 -11 -6 -12 -6 0 0 0 0 0 0 0 0 0 0
1784740894.233468,52383,-45,11,1,7,1,-95,1,615742024,128,0 0 0 0 0 0 0 0 0 0 0 0 8 1 8 1 8 2 7 2 8 3 7 3 7 3 7 4 7 4 7 5 7 5 7 5 7 5 6 5 6 5 6 5 6 5 6 6 6 5 6 5 6 5 6 5 6 5 6 5 6 5 6 5 0 0 6 4 6 4 6 4 7 4 7 3 7 3 7 3 8 3 8 3 9 3 9 3 9 3 9 3 9 3 10 3 10 3 10 3 10 3 10 3 10 2 11 2 11 2 11 3 11 3 11 3 11 2 0 0 0 0 0 0 0 0 0 0
1784740894.251129,52384,-45,11,1,7,1,-95,1,615753602,128,0 0 0 0 0 0 0 0 0 0 0 0 3 8 3 8 2 9 1 9 1 9 1 9 1 9 0 10 0 9 0 10 -1 10 -1 9 -1 9 -2 9 -2 9 -2 9 -2 9 -2 9 -2 9 -2 9 -2 9 -2 9 -2 8 -2 8 -2 8 -2 8 0 0 -1 8 -1 8 -1 8 0 8 1 8 1 8 1 8 1 8 1 8 2 9 2 9 2 9 3 9 3 9 3 10 3 10 3 9 4 10 4 10 4 10 4 10 4 10 4 10 4 10 5 10 5 11 0 0 0 0 0 0 0 0 0 0
1784740894.251632,52385,-46,11,1,6,1,-95,1,615763512,128,0 0 0 0 0 0 0 0 0 0 0 0 -9 2 -9 1 -10 1 -9 0 -10 0 -10 0 -10 -1 -10 -1 -10 -1 -10 -2 -10 -2 -10 -2 -10 -2 -10 -3 -10 -3 -10 -3 -10 -3 -10 -3 -9 -3 -9 -3 -9 -3 -9 -3 -9 -2 -9 -3 -9 -2 -9 -2 0 0 -9 -1 -9 -1 -9 -1 -9 -1 -9 0 -9 0 -9 0 -10 1 -10 1 -10 1 -10 2 -10 2 -10 2 -10 2 -11 3 -11 3 -12 3 -12 3 -12 3 -12 3 -12 3 -12 4 -12 4 -13 4 -13 4 -12 4 0 0 0 0 0 0 0 0 0 0
1784740894.269284,52386,-46,11,1,6,1,-95,1,615773462,128,0 0 0 0 0 0 0 0 0 0 0 0 -5 6 -5 6 -6 5 -6 6 -7 5 -7 5 -8 5 -8 5 -8 5 -8 5 -8 4 -9 4 -9 4 -9 4 -9 4 -9 4 -9 4 -9 4 -9 3 -9 3 -9 3 -9 3 -9 3 -9 3 -9 3 -9 3 0 0 -8 4 -8 4 -8 4 -8 4 -8 5 -8 5 -8 6 -8 6 -8 6 -8 6 -8 7 -8 7 -8 7 -8 7 -8 8 -9 8 -9 8 -9 8 -8 9 -9 9 -9 9 -9 10 -9 9 -9 9 -9 9 -9 9 0 0 0 0 0 0 0 0 0 0
1784740894.281423,52387,-46,11,1,6,1,-95,1,615783895,128,0 0 0 0 0 0 0 0 0 0 0 0 -4 -8 -4 -8 -4 -9 -3 -8 -3 -9 -2 -9 -3 -9 -2 -9 -2 -9 -1 -10 -1 -10 -1 -10 0 -10 0 -10 -1 -10 0 -10 0 -10 -1 -10 0 -10 0 -10 0 -9 0 -10 -1 -10 0 -10 0 -9 0 -9 0 0 -1 -9 -2 -9 -1 -9 -2 -10 -2 -9 -2 -9 -3 -9 -3 -10 -3 -10 -4 -10 -4 -10 -4 -10 -4 -10 -5 -10 -5 -11 -5 -10 -5 -11 -5 -11 -6 -11 -6 -11 -6 -11 -6 -11 -6 -12 -6 -12 -5 -12 -6 -12 0 0 0 0 0 0 0 0 0 0
1784740894.281423,52388,-47,11,1,6,1,-95,1,615793262,128,0 0 0 0 0 0 0 0 0 0 0 0 -8 -7 -7 -7 -7 -7 -7 -8 -7 -8 -6 -8 -6 -9 -6 -9 -6 -10 -5 -10 -5 -10 -4 -10 -4 -10 -4 -10 -4 -10 -4 -11 -4 -10 -4 -10 -3 -10 -3 -10 -3 -10 -3 -9 -3 -10 -3 -9 -3 -9 -3 -9 0 0 -4 -8 -4 -8 -4 -8 -5 -8 -5 -8 -5 -8 -6 -7 -6 -8 -6 -8 -7 -8 -7 -8 -7 -8 -7 -8 -7 -8 -8 -8 -9 -8 -9 -8 -9 -8 -9 -8 -9 -8 -10 -8 -10 -8 -10 -8 -10 -9 -9 -8 -10 -8 0 0 0 0 0 0 0 0 0 0
1784740894.297539,52389,-47,11,1,6,1,-95,1,615803523,128,0 0 0 0 0 0 0 0 0 0 0 0 8 -3 8 -2 8 -2 9 -1 9 -1 9 -1 9 0 9 0 9 1 9 1 9 1 9 1 9 2 9 2 9 2 8 2 8 2 8 2 8 2 8 2 7 2 7 2 7 2 7 2 7 1 7 1 0 0 7 0 7 0 7 0 7 -1 7 -1 7 -1 7 -1 8 -2 8 -2 8 -3 8 -3 8 -3 9 -3 9 -3 9 -4 10 -4 9 -4 10 -4 10 -4 10 -4 10 -5 11 -5 11 -5 11 -5 11 -5 11 -5 0 0 0 0 0 0 0 0 0 0
1784740894.297539,52390,-47,11,1,7,1,-95,1,615812378,128,0 0 0 0 0 0 0 0 0 0 0 0 8 -2 8 -2 8 -1 8 -1 8 0 9 0 8 0 9 0 9 1 9 1 9 1 9 2 9 2 9 2 9 2 8 3 9 3 8 2 8 3 8 3 8 3 8 2 7 2 7 2 7 2 8 2 0 0 8 1 8 1 8 0 7 0 8 -1 8 -1 8 -1 9 -2 9 -1 9 -2 10 -2 10 -2 10 -2 11 -3 10 -3 11 -3 11 -3 12 -3 12 -3 12 -3 12 -4 12 -4 12 -4 12 -4 13 -4 13 -4 0 0 0 0 0 0 0 0 0 0
1784740894.313716,52391,-46,11,1,7,1,-95,1,615821997,128,0 0 0 0 0 0 0 0 0 0 0 0 1 8 0 8 0 9 -1 9 -1 9 -2 9 -2 9 -2 9 -3 9 -3 9 -3 9 -4 9 -4 9 -4 9 -4 9 -5 9 -5 9 -5 8 -5 9 -5 8 -5 8 -4 8 -4 8 -4 8 -4 8 -4 8 0 0 -3 8 -3 8 -3 9 -3 8 -2 9 -2 9 -2 9 -2 9 -2 10 -1 10 -1 10 -1 11 0 11 0 11 -1 11 -1 12 -1 12 0 12 0 13 0 13 0 13 0 13 0 13 0 13 0 13 0 14 0 0 0 0 0 0 0 0 0 0
1784740894.313716,52392,-47,11,1,6,1,-95,1,615833443,128,0 0 0 0 0 0 0 0 0 0 0 0 5 8 4 8 4 9 3 9 3 9 2 10 2 10 2 10 2 10 1 11 1 11 0 11 1 11 0 11 0 11 -1 11 -1 10 -1 10 -1 10 -1 10 -1 10 -1 9 -1 9 -1 9 0 8 0 9 0 0 0 8 1 8 1 8 2 8 2 8 2 8 3 8 3 8 4 8 4 9 5 8 5 8 5 9 6 9 6 9 6 9 6 9 6 9 7 9 7 9 7 9 7 9 8 9 8 9 8 10 8 10 0 0 0 0 0 0 0 0 0 0
1784740894.337784,52393,-47,11,1,7,1,-95,1,615842054,128,0 0 0 0 0 0 0 0 0 0 0 0 2 9 2 10 1 10 1 10 0 10 0 11 -1 10 -1 11 -2 11 -2 11 -2 11 -2 11 -3 11 -3 11 -3 11 -4 10 -4 11 -4 10 -4 10 -4 9 -4 10 -4 9 -3 9 -3 9 -3 9 -2 8 0 0 -1 8 -1 8 -1 9 0 8 0 8 1 8 1 9 2 9 2 9 2 9 3 9 3 10 3 10 4 10 3 10 4 11 4 10 5 11 5 11 5 11 5 11 5 12 6 11 6 11 6 12 6 12 0 0 0 0 0 0 0 0 0 0
1784740894.345900,52394,-46,11,1,7,1,-95,1,615855879,128,0 0 0 0 0 0 0 0 0 0 0 0 -10 -2 -10 -2 -10 -3 -10 -4 -10 -4 -10 -4 -10 -5 -10 -5 -10 -6 -10 -6 -10 -7 -10 -7 -10 -7 -10 -7 -9 -7 -10 -8 -9 -7 -10 -8 -9 -8 -9 -8 -9 -8 -9 -7 -9 -8 -9 -7 -9 -7 -9 -7 0 0 -9 -7 -10 -6 -9 -6 -10 -6 -10 -6 -10 -6 -10 -5 -11 -5 -11 -5 -12 -5 -12 -5 -12 -5 -12 -5 -12 -5 -13 -4 -12 -4 -13 -5 -13 -4 -13 -4 -14 -4 -13 -5 -14 -4 -14 -5 -14 -5 -13 -4 -14 -5 0 0 0 0 0 0 0 0 0 0
1784740894.345900,52395,-46,11,1,6,1,-95,1,615862087,128,0 0 0 0 0 0 0 0 0 0 0 0 5 8 4 8 4 9 3 9 3 9 2 9 2 10 2 10 2 10 1 11 1 11 1 11 1 11 1 11 0 11 0 11 0 11 0 12 0 11 0 11 -1 11 0 11 0 11 0 11 0 11 0 11 0 0 0 11 1 11 1 10 1 11 1 10 1 11 2 11 2 11 2 11 3 12 3 11 3 11 3 11 3 11 4 11 4 11 4 12 4 11 4 12 5 11 4 12 5 11 5 12 5 11 5 12 5 12 0 0 0 0 0 0 0 0 0 0
1784740894.361665,52396,-46,11,1,6,1,-95,1,615872023,128,0 0 0 0 0 0 0 0 0 0 0 0 -1 9 -2 9 -2 9 -3 9 -3 9 -4 10 -4 9 -5 10 -5 9 -5 9 -5 10 -6 9 -6 9 -6 9 -7 9 -7 9 -7 9 -7 8 -7 9 -7 8 -7 8 -7 8 -6 8 -6 8 -6 8 -6 8 0 0 -6 8 -6 9 -5 9 -5 9 -5 9 -5 9 -5 9 -4 10 -4 10 -4 10 -4 11 -3 11 -3 11 -3 12 -4 11 -4 12 -3 11 -3 12 -3 12 -3 12 -3 13 -3 12 -3 12 -3 12 -3 13 -3 13 0 0 0 0 0 0 0 0 0 0
1784740894.378702,52397,-46,11,1,6,1,-95,1,615882049,128,0 0 0 0 0 0 0 0 0 0 0 0 7 1 7 1 8 2 7 2 8 3 7 3 7 3 8 4 7 4 7 4 7 4 7 5 7 5 7 5 7 5 7 5 7 5 7 5 7 5 7 5 7 5 7 5 7 5 7 5 7 5 7 5 0 0 8 4 8 4 8 4 9 4 9 4 9 4 9 3 10 3 10 4 11 3 11 4 11 3 11 3 11 3 12 4 11 3 12 4 12 3 12 4 13 3 13 3 13 3 13 4 13 4 13 4 13 4 0 0 0 0 0 0 0 0 0 0
1784740894.378702,52398,-45,11,1,6,1,-95,1,615892039,128,0 0 0 0 0 0 0 0 0 0 0 0 -6 -7 -5 -7 -5 -8 -5 -8 -5 -9 -4 -9 -4 -9 -4 -9 -4 -10 -3 -10 -3 -10 -3 -10 -3 -10 -3 -10 -3 -10 -3 -11 -3 -11 -3 -11 -3 -11 -3 -11 -3 -11 -3 -11 -3 -11 -2 -11 -2 -11 -3 -11 0 0 -3 -11 -4 -11 -4 -11 -4 -11 -4 -11 -4 -11 -5 -11 -5 -11 -5 -11 -5 -12 -5 -12 -5 -12 -5 -12 -6 -12 -7 -12 -6 -12 -6 -13 -6 -13 -7 -12 -7 -13 -7 -13 -7 -12 -6 -13 -6 -13 -6 -13 -7 -13 0 0 0 0 0 0 0 0 0 0
1784740894.393420,52399,-45,11,1,6,1,-95,1,615901985,128,0 0 0 0 0 0 0 0 0 0 0 0 8 -2 9 -1 9 0 9 0 9 1 9 1 9 2 9 2 9 3 9 2 9 3 9 3 9 3 9 3 9 4 9 4 9 4 9 4 9 4 9 4 9 4 9 4 9 3 8 3 9 3 9 3 0 0 9 3 9 3 9 3 9 2 9 2 9 2 9 2 9 1 10 2 10 1 10 1 10 1 10 0 11 1 10 1 11 0 11 0 11 0 11 0 11 0 11 0 11 0 11 -1 11 -1 11 -1 12 -1 0 0 0 0 0 0 0 0 0 0
1784740894.409568,52400,-44,11,1,6,1,-95,1,615916534,128,0 0 0 0 0 0 0 0 0 0 0 0 3 -8 4 -8 5 -8 5 -8 6 -7 6 -7 6 -7 6 -7 7 -7 7 -7 7 -7 7 -7 8 -6 8 -6 8 -6 8 -6 8 -6 8 -6 8 -6 8 -5 7 -6 8 -6 7 -6 7 -6 7 -6 8 -6 0 0 7 -7 7 -7 7 -7 7 -7 7 -7 7 -8 7 -8 6 -8 7 -8 6 -9 7 -9 6 -9 6 -10 7 -10 6 -10 7 -10 6 -10 6 -11 7 -11 6 -11 7 -12 7 -12 7 -11 7 -12 7 -12 7 -12 0 0 0 0 0 0 0 0 0 0
1784740894.409568,52401,-43,11,1,6,1,-95,1,615922083,128,0 0 0 0 0 0 0 0 0 0 0 0 -6 -7 -5 -7 -5 -8 -5 -8 -4 -8 -4 -9 -4 -9 -4 -9 -4 -9 -3 -9 -3 -9 -3 -10 -3 -10 -2 -10 -2 -10 -2 -10 -2 -10 -2 -10 -2 -10 -2 -10 -2 -10 -2 -10 -2 -10 -2 -10 -2 -10 -2 -10 0 0 -3 -10 -3 -11 -3 -10 -4 -11 -4 -10 -4 -10 -4 -10 -4 -10 -5 -11 -5 -11 -5 -11 -5 -11 -6 -11 -5 -11 -6 -11 -6 -12 -6 -12 -6 -11 -7 -11 -7 -12 -7 -12 -8 -12 -7 -12 -7 -12 -7 -12 -7 -12 0 0 0 0 0 0 0 0 0 0
1784740894.428367,52402,-43,11,1,6,1,-95,1,615932019,128,0 0 0 0 0 0 0 0 0 0 0 0 2 -8 3 -8 3 -8 4 -8 4 -8 4 -8 5 -8 5 -8 5 -8 6 -8 6 -8 6 -8 7 -8 7 -8 7 -8 7 -7 8 -7 8 -7 8 -7 8 -7 8 -7 8 -7 8 -7 8 -7 8 -7 8 -7 0 0 8 -8 8 -8 8 -8 8 -8 7 -8 8 -8 7 -8 7 -9 8 -9 7 -9 7 -9 7 -10 7 -10 7 -10 7 -10 7 -11 7 -10 7 -11 7 -11 7 -11 7 -11 7 -12 7 -12 7 -12 7 -12 7 -12 0 0 0 0 0 0 0 0 0 0
1784740894.428367,52403,-44,11,1,6,1,-95,1,615942019,128,0 0 0 0 0 0 0 0 0 0 0 0 -3 -8 -2 -8 -2 -9 -1 -9 -1 -10 -1 -9 -1 -10 0 -10 0 -10 1 -11 1 -11 2 -11 2 -11 2 -11 2 -11 2 -11 2 -11 3 -11 3 -11 3 -11 3 -11 3 -11 3 -11 3 -10 3 -10 3 -10 0 0 3 -10 2 -11 2 -10 2 -11 1 -10 1 -11 1 -11 1 -11 0 -11 0 -12 0 -11 0 -11 0 -11 0 -11 -1 -12 -1 -12 -1 -13 -1 -12 -2 -12 -2 -13 -2 -13 -2 -13 -2 -13 -2 -13 -2 -13 -3 -13 0 0 0 0 0 0 0 0 0 0
1784740894.441202,52404,-44,11,1,6,1,-95,1,615952050,128,0 0 0 0 0 0 0 0 0 0 0 0 8 -3 8 -3 8 -2 9 -2 9 -1 9 -1 9 -1 10 -1 10 0 10 0 10 1 10 1 10 1 10 2 11 2 10 2 11 3 10 3 10 3 10 3 10 3 9 3 9 3 9 3 9 3 9 3 0 0 9 2 9 2 9 2 9 1 9 1 9 1 9 0 10 0 10 0 10 -1 10 0 10 -1 10 -1 11 -1 11 -1 11 -1 11 -2 11 -2 11 -2 11 -2 11 -3 12 -3 11 -3 12 -3 12 -3 12 -3 0 0 0 0 0 0 0 0 0 0
1784740894.458359,52405,-44,11,1,6,1,-95,1,615962155,128,0 0 0 0 0 0 0 0 0 0 0 0 -1 9 -2 9 -2 9 -3 9 -3 9 -4 9 -4 9 -4 10 -5 10 -5 9 -5 10 -6 10 -6 10 -6 9 -7 9 -7 9 -7 9 -7 9 -7 9 -7 9 -7 9 -7 9 -7 8 -7 9 -7 8 -7 9 0 0 -7 8 -6 9 -6 8 -6 9 -5 9 -5 9 -5 9 -5 9 -5 9 -4 10 -4 10 -4 10 -4 10 -4 11 -3 11 -3 11 -3 11 -3 11 -3 12 -3 12 -3 12 -3 12 -3 12 -2 12 -2 12 -2 12 0 0 0 0 0 0 0 0 0 0
1784740894.458359,52406,-44,11,1,6,1,-95,1,615971961,128,0 0 0 0 0 0 0 0 0 0 0 0 5 7 5 7 4 8 4 8 4 9 3 9 3 9 3 10 3 10 2 10 2 10 1 11 1 11 1 11 1 11 1 11 1 11 1 11 0 11 1 11 0 11 1 11 0 11 0 11 0 10 0 10 0 0 0 10 1 10 1 10 1 10 1 10 2 10 2 9 2 9 3 9 3 10 3 9 3 9 4 9 4 9 5 9 5 9 5 9 5 10 5 9 6 9 6 9 6 9 6 9 6 9 6 10 7 9 0 0 0 0 0 0 0 0 0 0
1784740894.475712,52407,-45,11,1,6,1,-95,1,615982068,128,0 0 0 0 0 0 0 0 0 0 0 0 5 6 5 7 4 7 4 8 4 8 4 9 3 9 3 9 3 9 3 9 3 10 2 10 2 10 2 10 2 11 1 10 1 11 1 11 1 11 1 11 1 11 0 10 1 10 0 10 0 10 1 10 0 0 1 9 1 9 1 9 2 9 2 9 2 8 2 8 3 9 3 8 4 9 4 9 4 8 5 8 5 8 5 8 6 9 5 8 6 9 7 9 7 9 8 9 7 8 8 8 8 9 8 9 8 9 0 0 0 0 0 0 0 0 0 0
1784740894.488908,52408,-45,11,1,6,1,-95,1,615992879,128,0 0 0 0 0 0 0 0 0 0 0 0 -7 6 -7 5 -8 5 -8 5 -9 5 -9 4 -9 4 -9 4 -10 4 -10 3 -10 3 -11 2 -11 2 -11 2 -11 2 -11 2 -11 2 -11 2 -11 1 -11 1 -10 1 -10 2 -11 1 -10 1 -10 1 -10 1 0 0 -9 2 -10 2 -9 2 -10 3 -9 3 -9 3 -9 4 -9 4 -9 4 -10 5 -9 5 -9 5 -9 5 -9 5 -9 7 -9 7 -10 7 -10 7 -9 8 -9 8 -10 8 -9 8 -10 8 -11 8 -10 8 -10 9 0 0 0 0 0 0 0 0 0 0
1784740894.488908,52409,-45,11,1,6,1,-95,1,616002017,128,0 0 0 0 0 0 0 0 0 0 0 0 7 5 7 5 7 6 7 7 7 7 7 7 6 8 6 8 6 8 5 9 5 9 5 9 5 9 5 10 4 9 4 10 4 9 4 10 4 10 4 9 4 9 4 9 4 9 3 9 4 9 4 9 0 0 4 8 5 8 5 8 5 8 5 7 5 7 6 7 6 7 6 7 7 7 7 7 7 7 8 6 8 7 8 6 9 7 9 7 9 7 9 6 10 6 10 6 10 6 10 7 10 7 10 7 11 7 0 0 0 0 0 0 0 0 0 0
1784740894.508986,52410,-47,11,1,6,1,-95,1,616014896,128,0 0 0 0 0 0 0 0 0 0 0 0 -6 8 -7 8 -8 8 -8 8 -9 8 -9 7 -9 7 -10 7 -10 7 -10 7 -10 7 -11 7 -11 6 -11 6 -11 6 -11 6 -12 6 -11 6 -11 5 -11 5 -11 5 -11 5 -11 5 -10 5 -10 5 -10 5 0 0 -10 6 -10 5 -10 6 -9 6 -9 6 -9 6 -9 6 -8 7 -9 7 -8 8 -8 8 -8 8 -8 9 -8 9 -7 9 -7 10 -7 10 -7 10 -7 10 -7 11 -7 11 -7 11 -7 11 -7 11 -7 11 -7 12 0 0 0 0 0 0 0 0 0 0
1784740894.521031,52411,-47,11,1,6,1,-95,1,616022011,128,0 0 0 0 0 0 0 0 0 0 0 0 -10 1 -10 1 -11 0 -11 0 -11 -1 -11 -1 -12 -1 -12 -2 -12 -2 -12 -3 -12 -3 -12 -3 -12 -4 -12 -4 -12 -4 -12 -5 -12 -5 -12 -5 -11 -5 -11 -5 -11 -5 -11 -5 -11 -5 -10 -5 -10 -5 -10 -4 0 0 -10 -4 -11 -4 -10 -3 -11 -3 -10 -3 -10 -3 -10 -2 -11 -2 -11 -2 -11 -1 -11 -1 -11 -1 -11 -1 -11 0 -12 0 -12 0 -12 0 -12 0 -12 1 -13 1 -13 1 -13 1 -13 1 -13 1 -13 1 -13 2 0 0 0 0 0 0 0 0 0 0
1784740894.521031,52412,-48,11,1,6,1,-95,1,616032698,128,0 0 0 0 0 0 0 0 0 0 0 0 -2 -10 -2 -10 -1 -10 0 -11 0 -11 1 -11 1 -11 1 -11 2 -11 2 -11 3 -11 3 -11 3 -11 4 -11 4 -12 4 -11 4 -11 4 -11 5 -11 4 -11 4 -11 4 -11 4 -10 4 -10 4 -10 3 -10 0 0 3 -11 3 -10 3 -11 2 -10 2 -11 2 -11 1 -11 1 -11 1 -11 0 -12 0 -12 0 -12 0 -12 -1 -13 -1 -13 0 -14 -1 -13 -1 -14 -1 -14 -2 -14 -2 -15 -1 -15 -1 -15 -1 -15 -1 -15 -1 -16 0 0 0 0 0 0 0 0 0 0
1784740894.537004,52413,-47,11,1,6,1,-95,1,616042002,128,0 0 0 0 0 0 0 0 0 0 0 0 1 -9 1 -9 2 -9 2 -9 3 -9 3 -9 4 -9 4 -9 4 -9 5 -9 5 -9 5 -9 5 -9 6 -9 6 -9 6 -8 6 -8 6 -8 6 -8 6 -8 6 -8 6 -8 6 -8 6 -8 6 -8 5 -9 0 0 5 -9 5 -9 5 -9 5 -9 4 -9 5 -10 5 -10 4 -10 4 -10 4 -11 4 -11 4 -11 4 -12 4 -12 4 -12 4 -13 4 -12 4 -13 4 -13 4 -13 4 -13 4 -14 4 -14 4 -14 4 -14 4 -14 0 0 0 0 0 0 0 0 0 0
1784740894.537004,52414,-46,11,1,6,1,-95,1,616052002,128,0 0 0 0 0 0 0 0 0 0 0 0 -5 -7 -4 -7 -4 -8 -3 -8 -3 -8 -3 -9 -2 -9 -2 -9 -2 -9 -2 -9 -1 -10 -2 -10 -1 -10 -1 -10 -1 -10 -1 -10 -1 -10 -1 -10 0 -10 0 -10 0 -10 0 -10 0 -10 0 -10 0 -10 0 -10 0 0 0 -11 -1 -11 -1 -10 -1 -11 -1 -10 -1 -11 -2 -11 -1 -11 -2 -11 -2 -12 -2 -11 -3 -11 -2 -12 -3 -12 -3 -12 -3 -12 -3 -13 -3 -13 -3 -13 -3 -13 -3 -13 -4 -13 -3 -14 -4 -14 -4 -14 -4 -14 0 0 0 0 0 0 0 0 0 0
1784740894.556681,52415,-45,11,1,6,1,-95,1,616062059,128,0 0 0 0 0 0 0 0 0 0 0 0 2 -7 2 -7 3 -7 3 -7 3 -7 3 -7 4 -7 4 -7 4 -7 5 -7 5 -7 5 -7 5 -7 6 -7 6 -7 6 -7 7 -7 6 -7 6 -7 6 -7 6 -7 6 -7 6 -7 6 -7 7 -7 7 -7 0 0 7 -7 6 -7 7 -8 6 -8 6 -8 6 -8 6 -8 6 -8 6 -9 6 -9 6 -9 6 -10 6 -10 6 -10 6 -10 6 -11 6 -10 6 -11 6 -11 6 -11 6 -11 6 -11 6 -11 7 -12 7 -12 7 -12 0 0 0 0 0 0 0 0 0 0
1784740894.569057,52416,-45,11,1,6,1,-95,1,616071987,128,0 0 0 0 0 0 0 0 0 0 0 0 -5 -7 -4 -7 -4 -8 -4 -8 -3 -8 -3 -8 -3 -8 -3 -9 -2 -9 -2 -9 -3 -9 -2 -9 -2 -10 -2 -10 -2 -10 -1 -10 -1 -10 -1 -10 -1 -10 -1 -10 -1 -10 0 -10 -1 -10 -1 -10 -1 -10 -2 -11 0 0 -1 -11 -1 -11 -1 -11 -2 -10 -2 -11 -2 -11 -2 -11 -3 -11 -2 -11 -3 -11 -3 -12 -4 -12 -4 -12 -4 -12 -4 -12 -4 -13 -4 -12 -4 -13 -4 -13 -4 -13 -4 -13 -4 -14 -5 -13 -5 -14 -5 -14 -5 -14 0 0 0 0 0 0 0 0 0 0
1784740894.576045,52417,-44,11,1,5,1,-95,1,616086629,128,0 0 0 0 0 0 0 0 0 0 0 0 7 -1 8 1 8 1 8 2 8 2 8 2 8 3 9 2 8 3 9 3 8 3 9 3 8 3 8 4 9 3 8 4 9 5 8 4 8 5 9 4 8 4 9 5 9 3 9 4 9 3 9 4 0 0 10 3 9 4 10 3 9 3 11 3 10 2 11 4 12 2 11 4 12 2 12 2 12 2 13 2 13 2 13 2 13 2 13 3 13 2 13 2 15 3 13 2 14 3 14 1 14 2 15 2 14 2 0 0 0 0 0 0 0 0 0 0
1784740894.585267,52418,-46,11,1,6,1,-95,1,616093528,128,0 0 0 0 0 0 0 0 0 0 0 0 3 -7 3 -7 4 -7 4 -7 5 -7 4 -7 5 -7 5 -7 5 -7 6 -7 6 -6 6 -7 6 -6 6 -6 6 -6 6 -6 6 -6 6 -7 6 -6 6 -7 6 -7 6 -7 6 -8 6 -7 6 -7 6 -7 0 0 6 -8 6 -8 6 -8 6 -9 5 -9 5 -9 5 -9 6 -10 6 -10 6 -11 6 -10 6 -10 6 -11 6 -11 6 -12 6 -11 6 -12 6 -12 6 -12 6 -12 6 -12 6 -12 7 -13 7 -12 7 -12 7 -12 0 0 0 0 0 0 0 0 0 0
1784740894.585267,52419,-45,11,1,6,1,-95,1,616103594,128,0 0 0 0 0 0 0 0 0 0 0 0 -3 7 -3 7 -4 7 -4 7 -4 7 -4 7 -5 7 -5 7 -5 7 -5 7 -6 7 -6 7 -6 7 -6 7 -6 7 -6 7 -6 7 -6 7 -6 7 -6 7 -6 7 -6 7 -6 7 -6 7 -6 7 -6 8 0 0 -6 8 -6 8 -6 9 -6 9 -6 10 -6 10 -5 10 -6 10 -5 10 -6 11 -6 11 -6 12 -6 11 -6 12 -6 12 -7 13 -6 12 -7 13 -6 13 -6 13 -7 13 -7 13 -7 13 -8 12 -8 13 -8 13 0 0 0 0 0 0 0 0 0 0
1784740894.601243,52420,-44,11,1,7,1,-95,1,616112059,128,0 0 0 0 0 0 0 0 0 0 0 0 -8 1 -8 0 -8 0 -9 0 -9 -1 -8 -1 -10 -1 -9 -1 -9 -1 -9 -2 -9 -1 -9 -2 -10 -3 -10 -2 -10 -2 -10 -3 -10 -2 -10 -2 -9 -3 -10 -3 -10 -3 -10 -3 -10 -2 -10 -2 -10 -2 -11 -2 0 0 -11 -2 -11 -1 -11 -2 -11 -2 -11 -1 -12 -1 -12 -1 -12 0 -12 -1 -13 0 -13 0 -13 1 -13 0 -13 0 -14 1 -15 1 -15 0 -15 0 -15 0 -16 0 -15 0 -15 0 -16 0 -16 -1 -16 0 -15 0 0 0 0 0 0 0 0 0 0 0
1784740894.622035,52421,-41,11,1,7,0,-95,1,616121963,128,0 0 0 0 0 0 0 0 0 0 0 0 1 7 1 7 0 7 0 7 0 8 0 8 -1 8 -1 8 -1 8 -1 8 -2 8 -2 9 -2 9 -2 9 -2 9 -2 9 -2 9 -2 9 -2 9 -2 9 -2 9 -2 9 -2 9 -2 9 -2 10 -2 10 0 0 -1 10 -2 10 -1 10 -1 11 0 10 0 11 0 11 0 12 0 12 0 12 0 12 0 12 0 13 0 13 1 13 1 13 0 14 1 14 0 14 2 14 1 15 1 15 1 15 0 15 1 15 0 15 0 0 0 0 0 0 0 0 0 0
1784740894.622035,52422,-44,11,1,6,1,-95,1,616135742,128,0 0 0 0 0 0 0 0 0 0 0 0 -8 -1 -7 -1 -8 -1 -7 -2 -9 -2 -8 -2 -9 -2 -8 -2 -9 -3 -9 -3 -9 -3 -9 -4 -9 -4 -9 -3 -9 -3 -9 -3 -9 -4 -9 -3 -9 -4 -10 -4 -9 -4 -9 -4 -10 -4 -10 -5 -10 -4 -10 -5 0 0 -10 -4 -11 -4 -10 -4 -11 -4 -11 -3 -11 -4 -11 -3 -12 -3 -12 -3 -13 -3 -12 -3 -13 -3 -13 -3 -13 -3 -14 -2 -14 -2 -14 -3 -14 -3 -14 -3 -14 -2 -15 -3 -14 -2 -15 -3 -15 -3 -15 -3 -15 -3 0 0 0 0 0 0 0 0 0 0
1784740894.633460,52423,-44,11,1,7,1,-95,1,616142060,128,0 0 0 0 0 0 0 0 0 0 0 0 6 2 6 2 6 3 6 3 6 3 6 3 6 4 6 4 6 4 6 5 6 5 6 5 6 5 6 5 6 6 6 6 6 6 7 6 7 6 6 6 7 6 6 6 7 6 7 7 7 7 7 7 0 0 7 7 7 7 8 7 8 7 8 7 8 7 8 7 8 7 8 7 9 7 9 7 9 7 9 7 9 7 10 7 10 7 10 8 10 8 11 8 11 8 10 8 11 8 11 9 11 9 11 9 11 8 0 0 0 0 0 0 0 0 0 0
1784740894.633460,52424,-45,11,1,7,1,-95,1,616152082,128,0 0 0 0 0 0 0 0 0 0 0 0 5 2 5 2 5 3 5 3 5 4 5 4 5 4 5 4 5 5 6 5 5 5 5 5 5 5 6 6 6 6 5 6 6 6 6 6 6 6 6 7 6 7 6 7 6 7 6 7 6 7 6 7 0 0 6 7 7 8 7 8 7 7 7 7 7 7 7 7 8 7 8 8 8 7 8 7 9 7 9 8 9 8 9 8 10 8 9 8 10 8 10 8 10 8 10 8 10 9 11 8 11 8 11 8 11 8 0 0 0 0 0 0 0 0 0 0
1784740894.649586,52425,-46,11,1,7,1,-95,1,616162864,128,0 0 0 0 0 0 0 0 0 0 0 0 1 -8 1 -8 1 -8 2 -8 2 -8 3 -8 3 -8 3 -8 3 -9 4 -8 4 -8 4 -8 5 -8 5 -8 4 -8 5 -8 5 -8 5 -8 5 -8 4 -8 4 -8 4 -8 4 -8 4 -9 4 -9 4 -9 0 0 4 -9 4 -9 3 -10 3 -10 3 -10 3 -10 3 -10 3 -11 2 -11 2 -12 2 -12 2 -12 2 -12 2 -13 1 -14 1 -14 2 -14 2 -15 2 -15 2 -15 2 -16 2 -16 2 -16 3 -16 2 -16 3 -16 0 0 0 0 0 0 0 0 0 0
1784740894.668015,52426,-47,11,1,7,1,-95,1,616172014,128,0 0 0 0 0 0 0 0 0 0 0 0 -7 -4 -7 -4 -7 -5 -7 -5 -7 -6 -7 -6 -7 -6 -7 -7 -6 -7 -6 -7 -6 -7 -6 -7 -6 -7 -6 -7 -6 -7 -6 -7 -6 -7 -6 -7 -6 -7 -6 -7 -6 -7 -6 -7 -7 -6 -7 -6 -7 -6 -7 -6 0 0 -8 -6 -8 -6 -9 -6 -8 -6 -9 -5 -9 -6 -9 -6 -10 -6 -10 -5 -11 -5 -11 -5 -12 -5 -12 -5 -12 -6 -13 -6 -14 -6 -13 -6 -14 -6 -14 -6 -15 -6 -15 -7 -15 -7 -14 -7 -15 -7 -15 -7 -15 -8 0 0 0 0 0 0 0 0 0 0
1784740894.676538,52427,-48,11,1,7,1,-95,1,616181976,128,0 0 0 0 0 0 0 0 0 0 0 0 -7 -2 -8 -2 -7 -3 -8 -3 -8 -4 -8 -4 -7 -4 -8 -4 -7 -5 -7 -4 -8 -5 -7 -5 -8 -5 -8 -5 -8 -5 -7 -5 -8 -5 -7 -5 -8 -5 -7 -5 -8 -5 -8 -6 -8 -5 -8 -5 -9 -5 -9 -5 0 0 -9 -5 -9 -5 -10 -5 -9 -5 -10 -5 -10 -5 -10 -5 -11 -5 -11 -5 -11 -4 -12 -4 -12 -4 -13 -4 -13 -5 -13 -5 -14 -5 -13 -5 -14 -5 -14 -6 -14 -5 -14 -6 -14 -6 -14 -5 -14 -6 -15 -6 -15 -6 0 0 0 0 0 0 0 0 0 0
1784740894.681912,52428,-48,11,1,7,1,-95,1,616192031,128,0 0 0 0 0 0 0 0 0 0 0 0 6 -2 6 -2 6 -1 6 -1 6 -1 6 -1 7 -1 7 -1 7 -1 7 0 7 0 7 0 8 1 8 1 8 0 8 0 8 0 8 0 8 1 8 0 9 0 9 0 9 0 9 1 9 1 9 1 0 0 9 0 9 0 9 0 10 0 9 -1 10 -1 10 -1 10 -1 10 -1 11 -2 11 -1 11 -1 11 -1 11 -2 12 -2 12 -2 13 -2 13 -2 13 -3 13 -3 13 -3 13 -3 13 -2 14 -2 14 -2 14 -2 0 0 0 0 0 0 0 0 0 0
1784740894.699832,52429,-47,11,1,6,1,-95,1,616203393,128,0 0 0 0 0 0 0 0 0 0 0 0 6 -4 6 -4 6 -3 7 -3 7 -3 7 -3 7 -2 7 -2 8 -2 7 -2 8 -2 8 -2 8 -2 8 -2 8 -2 8 -1 9 -1 8 -1 9 -1 8 -1 9 -1 9 -1 9 -2 9 -2 9 -2 9 -2 0 0 9 -3 9 -3 10 -3 9 -3 10 -3 10 -4 10 -4 10 -4 11 -4 11 -5 11 -5 11 -5 11 -5 12 -6 12 -6 13 -6 12 -6 13 -6 13 -6 13 -6 13 -7 14 -6 14 -7 14 -6 14 -6 15 -6 0 0 0 0 0 0 0 0 0 0
1784740894.699832,52430,-46,11,1,7,1,-95,1,616212032,128,0 0 0 0 0 0 0 0 0 0 0 0 -4 -7 -3 -7 -3 -8 -3 -8 -2 -8 -2 -8 -2 -8 -2 -8 -1 -8 -1 -8 -2 -8 -1 -9 -1 -9 -1 -9 -1 -9 -1 -9 -1 -9 -1 -9 -1 -9 -1 -9 -1 -10 -1 -10 -2 -10 -2 -10 -2 -10 -2 -10 0 0 -2 -11 -3 -11 -3 -11 -3 -11 -3 -11 -3 -12 -3 -12 -4 -12 -3 -12 -5 -12 -5 -12 -5 -13 -5 -13 -5 -14 -5 -14 -5 -15 -5 -14 -5 -15 -5 -15 -5 -16 -5 -16 -5 -16 -5 -16 -5 -16 -5 -17 -5 -17 0 0 0 0 0 0 0 0 0 0
1784740894.717606,52431,-45,11,1,7,1,-95,1,616222085,128,0 0 0 0 0 0 0 0 0 0 0 0 -3 5 -3 5 -3 6 -4 5 -4 6 -4 5 -4 6 -4 6 -4 6 -5 6 -5 5 -5 6 -5 6 -5 6 -5 6 -5 7 -5 7 -6 7 -5 7 -5 8 -6 8 -5 8 -6 8 -6 8 -6 8 -6 8 0 0 -6 9 -6 9 -6 9 -6 10 -6 10 -6 10 -6 11 -6 11 -6 11 -7 12 -7 12 -7 12 -7 11 -6 12 -6 13 -6 13 -7 13 -7 13 -6 13 -6 14 -7 14 -6 14 -8 14 -8 14 -8 13 -8 13 0 0 0 0 0 0 0 0 0 0
1784740894.730747,52432,-46,11,1,6,1,-95,1,616233569,128,0 0 0 0 0 0 0 0 0 0 0 0 0 4 0 5 -1 5 -1 5 -1 5 -1 5 -1 5 -1 6 -1 6 -2 6 -2 6 -2 7 -2 7 -2 7 -2 7 -2 8 -2 8 -2 8 -2 8 -2 8 -3 9 -3 9 -3 9 -3 9 -3 9 -3 9 0 0 -3 10 -3 10 -3 10 -3 10 -3 10 -3 11 -2 11 -2 11 -2 11 -3 12 -2 12 -2 12 -2 12 -2 12 -2 13 -2 12 -2 13 -2 13 -2 13 -2 13 -2 13 -2 14 -2 14 -2 14 -2 14 -2 14 0 0 0 0 0 0 0 0 0 0
1784740894.730747,52433,-47,11,1,7,1,-95,1,616242491,128,0 0 0 0 0 0 0 0 0 0 0 0 -4 -5 -3 -5 -3 -6 -3 -5 -3 -6 -3 -6 -3 -6 -3 -6 -3 -7 -2 -7 -2 -7 -2 -8 -2 -8 -2 -8 -3 -8 -3 -8 -3 -8 -3 -9 -2 -8 -3 -9 -3 -9 -3 -9 -3 -10 -2 -9 -2 -10 -2 -10 0 0 -3 -10 -4 -10 -3 -9 -4 -11 -4 -10 -4 -10 -4 -10 -4 -11 -4 -11 -5 -12 -5 -11 -5 -11 -5 -11 -5 -11 -6 -12 -6 -11 -5 -13 -5 -12 -6 -12 -6 -13 -6 -12 -7 -12 -6 -14 -6 -14 -5 -13 -6 -13 0 0 0 0 0 0 0 0 0 0
1784740894.745531,52434,-46,11,1,6,1,-95,1,616253355,128,0 0 0 0 0 0 0 0 0 0 0 0 -6 -2 -6 -3 -6 -3 -6 -3 -6 -3 -7 -4 -6 -4 -6 -4 -6 -4 -6 -4 -7 -4 -7 -4 -7 -5 -7 -5 -7 -5 -7 -5 -7 -6 -7 -5 -8 -6 -7 -6 -8 -6 -8 -6 -8 -5 -8 -6 -8 -6 -9 -6 0 0 -9 -6 -9 -6 -9 -7 -9 -6 -9 -6 -10 -6 -10 -6 -10 -6 -10 -6 -11 -6 -11 -6 -12 -6 -12 -6 -12 -7 -12 -6 -13 -7 -12 -7 -13 -7 -13 -7 -13 -7 -13 -7 -13 -8 -13 -7 -13 -8 -13 -7 -13 -8 0 0 0 0 0 0 0 0 0 0
1784740894.761715,52435,-44,11,1,7,1,-95,1,616265652,128,0 0 0 0 0 0 0 0 0 0 0 0 -3 -6 -3 -7 -3 -7 -2 -7 -2 -7 -2 -8 -2 -8 -2 -8 -2 -8 -2 -8 -2 -8 -2 -8 -2 -9 -2 -9 -2 -9 -1 -9 -1 -10 -1 -10 -1 -10 -1 -10 -1 -10 -1 -11 -2 -11 -2 -11 -1 -11 -1 -12 0 0 -1 -12 -1 -12 -1 -12 -1 -12 -2 -12 -2 -12 -2 -12 -2 -13 -2 -13 -2 -13 -2 -13 -3 -13 -3 -13 -3 -14 -3 -14 -2 -14 -3 -14 -3 -14 -3 -15 -3 -15 -3 -14 -2 -15 -3 -14 -3 -14 -3 -14 -3 -15 0 0 0 0 0 0 0 0 0 0
1784740894.761715,52436,-43,11,1,7,1,-95,1,616271989,128,0 0 0 0 0 0 0 0 0 0 0 0 -4 -6 -3 -6 -3 -7 -3 -7 -3 -7 -3 -7 -3 -7 -3 -8 -2 -8 -3 -8 -2 -8 -2 -9 -2 -9 -2 -9 -2 -9 -2 -10 -2 -10 -2 -10 -2 -10 -1 -10 -2 -10 -2 -10 -2 -11 -2 -11 -1 -11 -2 -11 0 0 -1 -11 -1 -12 -1 -12 -1 -12 -2 -11 -2 -12 -2 -12 -2 -12 -2 -12 -3 -13 -3 -13 -3 -13 -3 -13 -3 -13 -3 -13 -3 -13 -3 -13 -3 -14 -3 -14 -3 -14 -3 -14 -3 -14 -3 -14 -3 -14 -3 -14 -3 -14 0 0 0 0 0 0 0 0 0 0
1784740894.777008,52437,-43,11,1,6,1,-95,1,616283301,128,0 0 0 0 0 0 0 0 0 0 0 0 -1 -7 -1 -7 0 -8 0 -8 0 -8 0 -8 1 -8 1 -8 1 -8 1 -9 1 -9 1 -9 2 -9 2 -9 2 -10 3 -9 3 -10 3 -9 3 -10 3 -9 3 -10 4 -10 3 -10 3 -10 3 -10 3 -11 0 0 3 -11 3 -11 4 -11 3 -10 3 -11 3 -11 3 -11 3 -11 3 -12 2 -12 2 -12 2 -12 2 -13 3 -13 3 -13 3 -14 2 -13 2 -13 3 -14 3 -14 2 -14 3 -14 2 -14 2 -14 2 -15 2 -15 0 0 0 0 0 0 0 0 0 0
1784740894.777008,52438,-43,11,1,5,1,-95,1,616294767,128,0 0 0 0 0 0 0 0 0 0 0 0 2 5 2 6 1 6 1 7 1 7 1 7 1 7 1 7 0 7 0 7 0 7 0 8 0 8 0 8 0 9 -1 8 -1 9 0 8 -1 9 -1 9 -1 9 -1 9 0 9 -1 10 0 10 0 10 0 0 0 10 -1 10 -1 11 0 10 0 11 0 11 0 11 0 11 0 12 1 11 1 12 1 12 1 12 1 13 1 12 1 13 1 12 1 13 1 13 1 13 1 13 1 13 1 13 1 13 1 14 1 14 0 0 0 0 0 0 0 0 0 0
1784740894.792754,52439,-43,11,1,7,1,-95,1,616302081,128,0 0 0 0 0 0 0 0 0 0 0 0 6 -4 6 -4 6 -3 6 -3 7 -3 7 -3 7 -3 7 -3 7 -3 8 -2 8 -2 8 -2 8 -2 8 -2 8 -2 8 -2 9 -2 9 -2 9 -2 9 -2 9 -2 10 -2 10 -2 10 -2 10 -2 10 -2 0 0 10 -3 11 -2 11 -2 11 -3 11 -3 11 -3 11 -3 11 -3 11 -3 12 -3 11 -4 12 -4 12 -4 12 -4 12 -4 12 -5 12 -4 13 -4 12 -5 13 -5 12 -5 12 -5 13 -5 13 -5 13 -5 13 -5 0 0 0 0 0 0 0 0 0 0
1784740894.808405,52440,-44,11,1,7,1,-95,1,616312012,128,0 0 0 0 0 0 0 0 0 0 0 0 -7 -3 -7 -3 -7 -4 -7 -4 -7 -4 -7 -5 -7 -5 -7 -5 -8 -5 -7 -5 -7 -6 -8 -6 -8 -6 -8 -6 -8 -6 -8 -7 -8 -7 -8 -7 -8 -7 -9 -7 -8 -7 -8 -7 -9 -8 -8 -8 -9 -8 -9 -8 0 0 -9 -8 -9 -8 -9 -8 -9 -8 -9 -8 -9 -8 -9 -8 -10 -8 -10 -8 -10 -8 -10 -8 -10 -8 -10 -8 -11 -8 -11 -8 -11 -8 -11 -9 -11 -9 -12 -8 -12 -8 -12 -8 -12 -8 -12 -9 -12 -9 -12 -9 -12 -9 0 0 0 0 0 0 0 0 0 0
1784740894.808405,52441,-43,11,1,7,1,-95,1,616322024,128,0 0 0 0 0 0 0 0 0 0 0 0 -8 -3 -8 -4 -8 -5 -8 -5 -7 -5 -8 -5 -7 -6 -8 -6 -8 -6 -7 -6 -8 -6 -8 -7 -8 -7 -8 -7 -8 -8 -8 -8 -8 -8 -8 -8 -8 -8 -8 -8 -8 -9 -8 -9 -8 -8 -8 -8 -8 -8 -9 -9 0 0 -9 -9 -8 -8 -9 -9 -9 -8 -9 -8 -9 -9 -9 -8 -9 -8 -9 -8 -10 -8 -10 -8 -11 -8 -11 -7 -11 -8 -11 -8 -11 -8 -11 -8 -12 -8 -12 -8 -12 -9 -12 -8 -12 -9 -12 -8 -12 -8 -13 -8 -13 -8 0 0 0 0 0 0 0 0 0 0
1784740894.824529,52442,-42,11,1,7,1,-95,1,616332037,128,0 0 0 0 0 0 0 0 0 0 0 0 -7 5 -7 5 -8 5 -7 4 -8 4 -8 4 -9 4 -9 4 -9 4 -10 4 -10 3 -10 3 -10 3 -10 3 -10 3 -10 3 -10 3 -11 3 -11 3 -11 3 -11 3 -11 3 -11 3 -11 2 -11 2 -11 3 0 0 -11 3 -11 3 -11 3 -11 4 -11 4 -11 4 -11 5 -11 5 -11 5 -12 5 -11 5 -11 5 -12 5 -11 6 -12 7 -12 7 -12 6 -12 6 -12 7 -12 8 -12 7 -12 8 -13 7 -13 6 -13 7 -13 7 0 0 0 0 0 0 0 0 0 0
1784740894.838030,52443,-43,11,1,7,1,-95,1,616341995,128,0 0 0 0 0 0 0 0 0 0 0 0 1 -8 2 -9 3 -9 3 -9 3 -8 4 -9 4 -8 4 -9 5 -8 4 -8 5 -8 5 -9 5 -9 6 -9 6 -9 6 -8 6 -9 6 -8 6 -9 6 -9 6 -9 6 -9 6 -9 6 -9 6 -9 7 -9 0 0 7 -10 6 -10 7 -10 6 -10 6 -10 6 -10 6 -10 6 -11 6 -11 6 -12 6 -12 5 -12 6 -12 6 -12 6 -12 6 -13 6 -12 6 -13 6 -13 6 -14 6 -14 6 -14 6 -13 6 -14 6 -14 6 -15 0 0 0 0 0 0 0 0 0 0
1784740894.840116,52444,-44,11,1,7,1,-95,1,616351995,128,0 0 0 0 0 0 0 0 0 0 0 0 -3 -9 -2 -9 -1 -9 -1 -9 -1 -9 -1 -10 0 -9 0 -10 0 -10 0 -10 0 -10 0 -10 1 -11 1 -11 1 -11 1 -11 2 -11 1 -11 2 -11 2 -11 2 -12 2 -11 2 -12 2 -12 2 -12 2 -12 0 0 2 -12 2 -12 2 -12 2 -12 1 -12 2 -12 2 -12 1 -13 2 -13 1 -13 1 -13 0 -13 0 -14 0 -14 0 -14 1 -14 0 -14 0 -14 0 -15 0 -15 0 -15 1 -15 0 -15 0 -15 0 -15 0 -16 0 0 0 0 0 0 0 0 0 0
1784740894.856210,52445,-44,11,1,7,1,-95,1,616362029,128,0 0 0 0 0 0 0 0 0 0 0 0 3 -8 3 -8 5 -8 4 -8 5 -8 5 -7 5 -8 6 -8 6 -8 7 -8 7 -7 7 -7 7 -7 7 -7 7 -8 8 -8 7 -8 8 -8 7 -8 8 -8 8 -8 8 -8 8 -8 8 -8 8 -7 8 -8 0 0 8 -8 8 -9 7 -8 8 -10 7 -9 7 -9 7 -10 7 -10 7 -10 8 -11 7 -10 7 -10 7 -10 6 -10 6 -12 6 -12 7 -12 7 -12 6 -12 6 -13 6 -13 6 -13 7 -13 7 -12 7 -13 6 -13 0 0 0 0 0 0 0 0 0 0
1784740894.856210,52446,-44,11,1,6,1,-95,1,616373183,128,0 0 0 0 0 0 0 0 0 0 0 0 8 -5 8 -5 9 -4 9 -4 9 -4 9 -4 9 -4 10 -3 10 -3 10 -2 10 -2 11 -2 10 -1 10 -2 11 -1 11 -2 11 -1 11 -1 11 -1 11 -1 11 -1 11 -1 11 -1 11 -1 11 -1 11 -1 0 0 11 -1 11 -1 11 -1 12 -2 11 -2 11 -2 11 -2 11 -3 11 -3 11 -3 11 -3 11 -3 11 -3 11 -3 12 -4 11 -4 12 -4 12 -4 12 -5 12 -5 12 -5 12 -5 13 -5 12 -4 13 -4 12 -5 0 0 0 0 0 0 0 0 0 0
1784740894.877217,52447,-45,11,1,7,1,-95,1,616382036,128,0 0 0 0 0 0 0 0 0 0 0 0 5 7 5 8 4 8 4 9 4 8 4 9 3 9 3 9 3 9 3 9 3 10 3 10 2 10 3 10 2 10 2 10 2 11 2 10 2 11 2 11 2 11 1 11 2 10 2 11 2 11 2 11 0 0 2 11 2 11 2 11 3 10 3 10 3 10 3 10 4 10 4 10 4 10 4 10 5 10 5 11 5 11 5 11 5 12 5 11 6 12 6 11 6 11 6 11 6 12 6 11 6 12 6 12 7 12 0 0 0 0 0 0 0 0 0 0
1784740894.888191,52448,-46,11,1,7,1,-95,1,616392043,128,0 0 0 0 0 0 0 0 0 0 0 0 -8 3 -8 3 -9 2 -9 2 -9 2 -9 2 -9 2 -10 1 -9 1 -10 1 -10 1 -10 0 -10 0 -10 0 -10 0 -10 0 -10 1 -11 1 -11 0 -11 0 -11 1 -11 1 -11 1 -11 0 -11 0 -11 1 0 0 -11 1 -11 1 -11 1 -12 2 -11 2 -11 2 -11 2 -12 3 -12 3 -12 3 -12 3 -12 4 -12 4 -12 4 -13 4 -13 5 -14 4 -14 4 -13 5 -14 5 -14 5 -14 5 -14 4 -15 4 -14 4 -14 4 0 0 0 0 0 0 0 0 0 0
1784740894.888191,52449,-47,11,1,7,1,-95,1,616402028,128,0 0 0 0 0 0 0 0 0 0 0 0 -6 -4 -6 -5 -6 -5 -6 -5 -6 -6 -6 -6 -6 -6 -6 -6 -6 -6 -6 -6 -6 -6 -6 -6 -6 -7 -6 -7 -6 -7 -6 -7 -7 -7 -7 -7 -7 -8 -7 -8 -7 -8 -7 -8 -8 -8 -8 -8 -8 -8 -8 -8 0 0 -9 -8 -8 -8 -9 -9 -9 -8 -9 -8 -9 -9 -10 -8 -10 -8 -10 -9 -11 -9 -11 -9 -11 -9 -11 -9 -12 -9 -12 -9 -12 -10 -12 -9 -12 -10 -12 -10 -12 -10 -12 -10 -12 -10 -12 -10 -12 -11 -13 -11 -13 -11 0 0 0 0 0 0 0 0 0 0
1784740894.907113,52450,-45,11,1,6,0,-95,1,616413245,128,0 0 0 0 0 0 0 0 0 0 0 0 -3 -1 -3 -1 -3 -1 -3 -1 -3 -1 -3 -1 -3 -1 -3 -2 -3 -1 -3 -1 -3 -2 -4 -2 -4 -2 -4 -2 -4 -1 -4 -2 -4 -2 -4 -1 -4 -1 -4 -2 -4 -2 -4 -1 -4 -2 -4 -2 -5 -1 -5 -2 0 0 -5 -2 -5 -2 -5 -2 -5 -2 -5 -2 -5 -2 -5 -2 -5 -2 -5 -2 -5 -2 -6 -2 -6 -2 -6 -1 -6 -2 -6 -1 -6 -2 -6 -2 -6 -2 -6 -2 -6 -2 -6 -2 -6 -2 -6 -2 -6 -2 -6 -2 -6 -2 0 0 0 0 0 0 0 0 0 0
1784740894.920364,52451,-48,11,1,7,1,-95,1,616424529,128,0 0 0 0 0 0 0 0 0 0 0 0 6 -6 6 -6 7 -6 6 -5 7 -6 7 -5 7 -6 8 -5 8 -6 8 -5 9 -5 9 -5 9 -5 9 -5 9 -5 9 -6 9 -5 10 -6 10 -5 10 -5 10 -5 10 -6 10 -6 10 -5 10 -5 10 -5 0 0 10 -6 10 -6 10 -6 11 -7 10 -7 10 -7 10 -7 10 -7 10 -7 10 -8 10 -8 10 -8 10 -8 10 -8 10 -9 10 -9 11 -9 11 -9 11 -9 11 -10 11 -9 10 -10 11 -9 11 -9 11 -8 11 -9 0 0 0 0 0 0 0 0 0 0
1784740894.920364,52452,-48,11,1,6,1,-95,1,616433326,128,0 0 0 0 0 0 0 0 0 0 0 0 -2 -10 -2 -10 -1 -11 -1 -10 -1 -11 0 -10 0 -11 0 -11 0 -12 1 -12 2 -12 2 -12 2 -12 3 -12 2 -12 3 -13 2 -12 3 -13 3 -12 3 -12 3 -12 3 -12 3 -12 4 -12 3 -12 3 -12 0 0 2 -12 2 -12 2 -11 2 -13 2 -11 1 -12 1 -12 1 -12 0 -12 0 -13 0 -13 0 -12 0 -12 0 -12 -1 -13 -1 -13 -1 -14 -1 -13 -1 -13 -2 -13 -2 -13 -2 -13 -2 -14 -1 -14 -1 -13 -1 -13 0 0 0 0 0 0 0 0 0 0
1784740894.936286,52453,-44,11,1,7,0,-95,1,616442629,128,0 0 0 0 0 0 0 0 0 0 0 0 5 -6 5 -5 6 -5 6 -5 6 -4 6 -4 6 -4 7 -4 7 -4 8 -4 7 -4 8 -4 8 -3 8 -3 8 -3 9 -3 9 -3 8 -2 9 -3 8 -2 9 -2 8 -3 9 -3 9 -3 8 -3 9 -3 0 0 9 -3 9 -3 9 -4 9 -3 9 -4 9 -4 10 -4 9 -4 9 -5 9 -5 9 -5 9 -5 10 -5 10 -5 10 -5 9 -5 10 -6 9 -6 10 -5 9 -5 10 -6 10 -5 10 -6 9 -6 10 -6 9 -6 0 0 0 0 0 0 0 0 0 0
1784740894.936286,52454,-48,11,1,7,1,-95,1,616452087,128,0 0 0 0 0 0 0 0 0 0 0 0 0 6 -1 6 -1 6 -1 6 -2 6 -2 6 -2 6 -2 7 -2 7 -2 7 -2 7 -3 7 -3 7 -3 7 -3 7 -3 8 -3 8 -3 8 -3 8 -3 8 -3 9 -3 9 -3 9 -4 9 -4 9 -4 9 0 0 -4 10 -4 10 -4 10 -4 10 -4 10 -4 10 -4 10 -4 10 -4 11 -4 11 -4 11 -4 11 -4 11 -4 12 -4 12 -4 12 -4 12 -4 12 -4 12 -4 13 -4 12 -4 13 -4 12 -4 12 -4 12 -4 13 0 0 0 0 0 0 0 0 0 0
1784740894.952215,52455,-48,11,1,7,1,-95,1,616462076,128,0 0 0 0 0 0 0 0 0 0 0 0 4 4 5 5 4 5 4 6 4 6 4 6 4 6 4 6 3 6 4 6 4 6 4 7 4 7 4 7 4 7 4 7 4 8 4 8 4 8 3 8 4 8 4 8 4 8 4 8 4 9 4 9 0 0 4 9 4 9 4 10 4 9 4 10 4 10 4 10 5 10 5 10 6 10 5 10 6 10 6 10 6 11 5 11 6 11 6 11 6 11 6 11 6 12 6 12 5 12 6 11 6 11 6 11 6 12 0 0 0 0 0 0 0 0 0 0
1784740894.968030,52456,-48,11,1,7,1,-95,1,616472004,128,0 0 0 0 0 0 0 0 0 0 0 0 8 1 8 1 8 2 8 2 8 2 8 3 8 3 8 3 9 3 9 4 8 4 8 4 8 5 9 5 9 4 9 5 9 5 9 5 9 5 9 5 9 5 9 5 10 5 9 6 9 6 9 6 0 0 10 6 10 6 10 5 11 5 10 5 10 5 11 5 11 5 11 5 12 5 11 5 11 5 11 5 11 5 12 4 12 4 12 5 12 5 12 4 12 4 12 4 12 4 12 5 12 5 12 5 12 4 0 0 0 0 0 0 0 0 0 0
1784740894.977568,52457,-49,11,1,7,1,-95,1,616482167,128,0 0 0 0 0 0 0 0 0 0 0 0 -10 -2 -10 -3 -10 -4 -10 -4 -10 -5 -10 -5 -10 -5 -10 -5 -10 -6 -10 -6 -10 -6 -10 -7 -10 -7 -10 -7 -10 -7 -10 -7 -10 -7 -10 -7 -10 -8 -10 -7 -10 -8 -10 -7 -10 -7 -9 -7 -10 -7 -10 -7 0 0 -10 -7 -10 -7 -10 -7 -10 -7 -10 -6 -10 -6 -11 -6 -11 -6 -11 -6 -12 -6 -11 -5 -11 -5 -12 -5 -12 -5 -11 -5 -12 -5 -12 -5 -12 -4 -12 -4 -12 -4 -12 -4 -12 -4 -12 -4 -11 -4 -12 -3 -11 -3 0 0 0 0 0 0 0 0 0 0
1784740894.987236,52458,-49,11,1,6,1,-95,1,616493005,128,0 0 0 0 0 0 0 0 0 0 0 0 -8 -3 -8 -4 -8 -5 -7 -5 -8 -5 -7 -5 -8 -6 -7 -6 -7 -6 -7 -6 -7 -6 -7 -7 -7 -6 -7 -7 -7 -6 -7 -7 -7 -6 -7 -6 -7 -6 -7 -6 -8 -7 -8 -6 -8 -6 -8 -6 -8 -6 -8 -7 0 0 -8 -6 -9 -6 -9 -6 -9 -7 -9 -6 -10 -6 -10 -6 -10 -6 -10 -6 -11 -6 -11 -6 -11 -6 -11 -6 -11 -6 -12 -6 -11 -6 -12 -7 -12 -7 -12 -7 -12 -7 -12 -7 -12 -6 -12 -7 -12 -7 -12 -7 -12 -6 0 0 0 0 0 0 0 0 0 0
1784740894.987236,52459,-49,11,1,6,1,-95,1,616502161,128,0 0 0 0 0 0 0 0 0 0 0 0 5 -4 5 -4 5 -3 5 -3 6 -3 6 -3 6 -3 6 -3 6 -3 6 -3 6 -3 6 -3 7 -3 7 -3 7 -3 7 -4 7 -3 7 -4 7 -4 8 -4 8 -4 8 -4 8 -4 8 -4 8 -4 8 -4 0 0 9 -5 9 -5 9 -5 9 -5 9 -5 9 -6 9 -6 10 -6 10 -6 10 -6 10 -6 10 -6 10 -6 10 -6 10 -7 10 -7 11 -7 11 -7 11 -7 11 -8 11 -7 11 -8 12 -7 12 -7 12 -7 11 -7 0 0 0 0 0 0 0 0 0 0
1784740895.000073,52460,-48,11,1,6,1,-95,1,616512086,128,0 0 0 0 0 0 0 0 0 0 0 0 6 -4 6 -4 6 -3 7 -3 7 -2 7 -2 7 -2 8 -2 7 -2 8 -2 8 -2 8 -1 9 -1 9 -1 9 -1 9 -1 9 -1 9 -1 9 -1 9 -1 9 -1 9 -1 10 -1 9 -1 10 -1 10 -1 0 0 10 -1 10 -1 11 -1 10 -1 11 -2 11 -2 11 -2 11 -2 11 -2 11 -2 12 -2 12 -3 12 -2 12 -3 12 -3 13 -2 12 -2 13 -3 13 -3 13 -3 13 -3 13 -3 12 -3 13 -2 13 -3 13 -3 0 0 0 0 0 0 0 0 0 0
1784740895.016179,52461,-47,11,1,6,1,-95,1,616522045,128,0 0 0 0 0 0 0 0 0 0 0 0 -3 6 -4 7 -4 7 -5 6 -5 6 -5 7 -6 6 -6 6 -6 6 -6 6 -6 6 -7 6 -7 6 -7 7 -7 6 -8 6 -8 6 -8 6 -8 7 -8 6 -8 7 -8 7 -8 7 -8 7 -8 7 -8 7 0 0 -8 7 -8 7 -8 7 -8 8 -8 8 -8 8 -8 8 -8 8 -8 8 -8 9 -8 9 -8 9 -8 9 -8 9 -8 9 -8 10 -8 9 -8 10 -8 10 -8 10 -8 10 -8 10 -8 10 -8 10 -8 10 -8 11 0 0 0 0 0 0 0 0 0 0
1784740895.032360,52462,-47,11,1,6,1,-95,1,616532065,128,0 0 0 0 0 0 0 0 0 0 0 0 -7 -4 -7 -5 -7 -5 -7 -6 -6 -6 -7 -6 -7 -6 -6 -7 -7 -7 -6 -7 -6 -8 -6 -8 -6 -8 -6 -8 -6 -8 -6 -8 -6 -9 -6 -8 -7 -9 -6 -9 -7 -9 -7 -9 -7 -9 -7 -9 -7 -9 -7 -10 0 0 -7 -10 -7 -10 -8 -10 -8 -10 -8 -10 -8 -10 -8 -10 -8 -10 -8 -10 -9 -10 -8 -10 -8 -10 -8 -10 -9 -10 -9 -10 -9 -10 -9 -10 -10 -10 -9 -10 -10 -10 -10 -10 -10 -10 -9 -10 -10 -10 -10 -10 -10 -10 0 0 0 0 0 0 0 0 0 0
1784740895.032360,52463,-48,11,1,6,1,-95,1,616542035,128,0 0 0 0 0 0 0 0 0 0 0 0 6 -3 6 -3 7 -2 7 -2 7 -2 7 -1 7 -1 8 -1 7 -1 8 -1 8 0 8 0 8 0 8 0 8 0 8 0 8 0 8 0 9 0 8 0 9 0 9 0 9 0 9 0 9 0 10 0 0 0 10 -1 10 0 10 0 10 0 10 -1 10 -1 11 -1 11 -1 11 -1 11 -1 11 -1 11 -1 11 -1 12 -1 12 -2 12 -1 12 -1 12 -1 12 -2 13 -2 12 -2 12 -2 13 -2 13 -2 13 -2 13 -2 0 0 0 0 0 0 0 0 0 0
1784740895.048560,52464,-49,11,1,6,1,-95,1,616552038,128,0 0 0 0 0 0 0 0 0 0 0 0 -5 -7 -4 -7 -4 -8 -3 -8 -3 -8 -3 -8 -3 -8 -3 -8 -3 -8 -3 -8 -3 -8 -3 -8 -3 -8 -2 -8 -3 -8 -2 -9 -2 -9 -2 -9 -2 -9 -3 -9 -3 -9 -3 -9 -3 -9 -3 -9 -3 -9 -4 -9 0 0 -4 -9 -4 -10 -4 -10 -4 -10 -5 -10 -5 -10 -6 -10 -6 -10 -6 -10 -6 -11 -6 -11 -6 -11 -6 -11 -6 -11 -7 -12 -7 -12 -7 -12 -6 -12 -7 -13 -7 -12 -7 -13 -7 -13 -7 -13 -7 -14 -7 -14 -7 -14 0 0 0 0 0 0 0 0 0 0
1784740895.048560,52465,-49,11,1,6,1,-95,1,616561961,128,0 0 0 0 0 0 0 0 0 0 0 0 5 -7 5 -6 5 -6 5 -6 6 -6 6 -6 6 -6 6 -5 6 -6 7 -5 7 -5 7 -5 7 -5 7 -5 7 -5 7 -5 7 -6 7 -6 7 -5 7 -6 7 -6 7 -6 7 -6 7 -6 7 -6 7 -6 0 0 7 -7 7 -7 7 -7 7 -8 7 -8 8 -8 7 -8 8 -8 7 -8 8 -9 8 -9 8 -9 8 -9 8 -9 8 -10 8 -10 8 -10 9 -11 9 -10 9 -10 9 -11 9 -11 9 -11 10 -11 10 -11 10 -11 0 0 0 0 0 0 0 0 0 0
1784740895.064609,52466,-48,11,1,6,1,-95,1,616572667,128,0 0 0 0 0 0 0 0 0 0 0 0 0 -8 1 -8 3 -7 2 -8 2 -8 2 -8 4 -9 2 -8 3 -9 3 -8 3 -7 4 -9 4 -9 3 -9 5 -9 5 -9 5 -9 4 -9 4 -9 5 -9 5 -10 5 -9 5 -8 5 -9 5 -9 5 -10 0 0 5 -10 5 -10 5 -10 4 -9 5 -10 5 -11 5 -10 6 -10 5 -11 5 -11 5 -12 6 -12 5 -12 5 -12 5 -12 6 -14 5 -12 5 -12 5 -13 4 -14 5 -13 5 -13 5 -12 3 -12 5 -12 5 -13 0 0 0 0 0 0 0 0 0 0
1784740895.077938,52467,-47,11,1,6,1,-95,1,616582054,128,0 0 0 0 0 0 0 0 0 0 0 0 3 6 3 7 3 7 2 7 2 7 2 8 2 8 2 8 2 8 2 9 1 9 1 9 1 9 1 10 1 10 1 10 1 10 1 10 1 10 1 10 1 10 1 10 1 11 1 10 1 10 1 11 0 0 1 11 2 11 2 11 2 11 2 11 2 11 2 11 2 11 3 11 3 12 3 12 3 12 3 12 4 12 4 12 4 12 4 12 4 12 4 12 4 12 5 12 5 12 4 12 4 12 4 12 4 12 0 0 0 0 0 0 0 0 0 0
1784740895.084212,52468,-47,11,1,6,1,-95,1,616592457,128,0 0 0 0 0 0 0 0 0 0 0 0 8 -2 8 -1 8 -1 9 0 8 0 9 0 9 0 9 1 9 1 9 1 9 1 9 2 9 2 9 2 10 2 9 2 10 2 9 2 10 2 9 2 10 2 10 2 10 2 9 2 10 2 10 2 0 0 10 1 10 1 10 1 10 1 10 1 11 1 11 0 11 0 11 0 11 0 11 0 12 -1 12 0 12 0 12 -1 13 -1 12 0 12 -1 12 -1 12 -1 12 -1 12 -1 12 -1 12 0 12 -1 12 -1 0 0 0 0 0 0 0 0 0 0
1784740895.096683,52469,-49,11,1,6,1,-95,1,616602150,128,0 0 0 0 0 0 0 0 0 0 0 0 3 8 3 8 2 8 1 9 1 8 1 9 0 9 1 9 0 9 0 9 0 9 0 9 0 9 0 9 0 10 -1 9 -1 10 -1 9 -1 9 -1 9 -1 9 -1 9 0 9 0 9 0 9 0 10 0 0 1 10 1 10 1 10 1 9 1 10 1 10 1 10 2 10 2 10 3 10 3 10 3 10 3 10 3 11 2 11 3 12 3 10 3 11 3 11 3 11 3 12 3 11 3 11 3 11 3 11 3 11 0 0 0 0 0 0 0 0 0 0
1784740895.096683,52470,-50,11,1,6,1,-95,1,616612016,128,0 0 0 0 0 0 0 0 0 0 0 0 4 7 4 7 3 8 3 7 3 8 2 7 3 8 2 8 2 8 2 9 1 9 1 9 1 9 2 9 1 9 2 9 1 9 2 9 2 9 2 8 2 9 2 9 2 9 3 9 2 9 3 9 0 0 3 10 4 10 3 9 4 10 3 9 4 9 4 10 5 10 5 10 5 11 5 11 5 10 5 11 5 10 6 11 6 10 6 11 6 11 6 11 6 11 6 11 6 11 6 11 6 11 5 11 6 11 0 0 0 0 0 0 0 0 0 0
1784740895.112613,52471,-49,11,1,6,1,-95,1,616621926,128,0 0 0 0 0 0 0 0 0 0 0 0 -8 3 -8 3 -8 2 -9 2 -8 1 -9 1 -9 1 -9 1 -9 1 -9 1 -9 1 -9 1 -10 1 -10 1 -10 1 -10 0 -10 0 -10 0 -11 0 -10 0 -10 1 -10 0 -10 1 -11 1 -11 1 -11 1 0 0 -11 1 -11 1 -12 1 -11 1 -12 1 -12 2 -12 2 -12 2 -12 2 -12 3 -12 2 -13 3 -13 3 -14 3 -13 2 -14 2 -13 2 -14 3 -13 3 -13 3 -14 3 -14 2 -13 3 -13 3 -13 3 -14 3 0 0 0 0 0 0 0 0 0 0
1784740895.128460,52472,-48,11,1,6,1,-95,1,616631997,128,0 0 0 0 0 0 0 0 0 0 0 0 -8 -5 -7 -5 -7 -6 -7 -6 -7 -7 -7 -7 -7 -7 -7 -7 -7 -8 -7 -8 -7 -8 -7 -8 -7 -9 -7 -9 -6 -9 -6 -9 -6 -10 -6 -9 -6 -10 -6 -10 -6 -10 -6 -10 -6 -9 -6 -10 -6 -9 -7 -10 0 0 -7 -10 -6 -10 -7 -10 -7 -10 -7 -10 -7 -10 -7 -10 -8 -10 -8 -10 -9 -10 -9 -10 -9 -9 -9 -10 -9 -10 -9 -10 -9 -11 -9 -10 -10 -10 -10 -11 -10 -11 -10 -11 -9 -11 -10 -10 -10 -10 -10 -10 -10 -11 0 0 0 0 0 0 0 0 0 0
1784740895.128460,52473,-47,11,1,6,1,-95,1,616642088,128,0 0 0 0 0 0 0 0 0 0 0 0 7 5 6 5 6 6 6 6 6 7 6 7 6 7 5 8 5 8 5 9 4 9 4 9 4 9 4 10 4 9 4 10 4 9 4 10 4 10 4 10 4 10 4 10 4 10 3 10 3 10 3 10 0 0 4 9 4 10 4 9 5 10 5 9 5 9 5 9 5 9 6 9 6 9 6 9 6 9 6 9 7 9 8 9 8 9 8 10 8 9 8 9 8 9 8 9 9 9 8 10 9 10 9 10 9 10 0 0 0 0 0 0 0 0 0 0
1784740895.144486,52474,-44,11,1,6,0,-95,1,616651975,128,0 0 0 0 0 0 0 0 0 0 0 0 -1 7 -2 7 -2 7 -3 7 -3 7 -3 7 -4 7 -4 7 -4 8 -5 8 -5 8 -5 7 -6 8 -6 7 -6 7 -6 7 -6 7 -6 7 -6 7 -6 7 -6 7 -6 7 -6 7 -6 7 -6 7 -6 7 0 0 -6 7 -6 7 -6 7 -5 7 -5 7 -5 8 -5 8 -5 8 -4 8 -4 8 -4 8 -4 9 -4 9 -4 9 -3 9 -3 9 -3 10 -3 10 -3 10 -3 10 -3 10 -3 11 -3 11 -3 11 -3 11 -3 11 0 0 0 0 0 0 0 0 0 0
1784740895.144486,52475,-47,11,1,6,1,-95,1,616662062,128,0 0 0 0 0 0 0 0 0 0 0 0 8 2 8 3 8 4 8 4 7 5 8 5 8 5 8 5 7 6 7 6 7 7 7 7 7 7 7 8 7 8 6 8 6 8 6 8 6 8 6 8 6 8 6 8 6 7 6 8 6 8 7 8 0 0 7 7 7 7 7 8 7 7 7 7 8 7 8 6 8 7 8 7 9 6 9 6 9 6 10 6 10 6 10 6 10 7 10 7 11 6 11 7 12 6 11 7 11 7 11 7 12 7 12 7 12 7 0 0 0 0 0 0 0 0 0 0
1784740895.162755,52476,-46,11,1,6,1,-95,1,616675283,128,0 0 0 0 0 0 0 0 0 0 0 0 1 7 1 7 1 8 0 8 0 8 0 8 0 8 -1 8 -1 9 -1 9 -1 9 -2 9 -2 9 -2 9 -2 9 -2 9 -2 10 -2 9 -3 9 -3 10 -2 10 -2 10 -2 9 -2 9 -2 10 -2 10 0 0 -2 10 -1 10 -2 10 -1 11 -1 10 -1 11 -1 11 -1 11 -1 11 0 12 0 12 0 12 0 12 0 12 0 13 0 13 0 13 0 13 0 14 0 14 0 14 0 14 0 14 0 14 0 14 0 14 0 0 0 0 0 0 0 0 0 0
1784740895.178248,52477,-46,11,1,6,1,-95,1,616681976,128,0 0 0 0 0 0 0 0 0 0 0 0 7 -3 7 -3 7 -3 8 -2 8 -2 8 -2 8 -2 8 -2 9 -1 9 -2 9 -1 9 -1 9 -1 9 -1 10 -1 10 0 10 0 10 -1 10 0 10 -1 10 -1 10 -1 10 -1 10 -1 10 -1 11 -1 0 0 11 -1 11 -1 11 -1 11 -2 11 -2 11 -2 11 -2 11 -3 12 -3 12 -3 12 -3 12 -3 12 -3 13 -4 13 -4 14 -4 13 -4 14 -4 14 -4 14 -4 14 -4 14 -4 14 -4 14 -4 14 -4 14 -4 0 0 0 0 0 0 0 0 0 0
1784740895.178248,52478,-46,11,1,6,1,-95,1,616691928,128,0 0 0 0 0 0 0 0 0 0 0 0 6 -5 7 -4 7 -4 7 -4 8 -3 8 -3 8 -3 9 -3 9 -3 9 -3 9 -3 10 -3 10 -2 10 -2 10 -2 10 -2 11 -2 11 -2 11 -2 11 -1 11 -1 11 -1 11 -2 11 -1 11 -2 11 -2 0 0 11 -2 11 -2 11 -2 11 -2 11 -2 11 -3 11 -3 11 -3 12 -3 12 -4 12 -4 12 -4 12 -4 12 -4 13 -4 13 -4 13 -4 13 -5 13 -5 13 -5 13 -5 14 -5 13 -5 13 -5 14 -5 14 -5 0 0 0 0 0 0 0 0 0 0
1784740895.196795,52479,-45,11,1,6,1,-95,1,616701949,128,0 0 0 0 0 0 0 0 0 0 0 0 3 7 3 8 2 8 2 9 2 9 2 9 2 9 1 10 1 10 1 10 0 11 0 11 0 11 -1 11 0 11 -1 11 -1 11 -1 12 -1 12 -1 12 -1 11 -1 11 -1 11 -1 11 -1 11 -1 11 0 0 -1 11 0 11 0 11 0 12 0 11 0 11 1 11 1 12 1 11 2 12 2 12 2 12 2 12 2 12 3 12 3 12 3 12 3 13 3 13 4 13 3 13 4 13 4 13 3 13 4 13 4 13 0 0 0 0 0 0 0 0 0 0
1784740895.207929,52480,-45,11,1,7,1,-95,1,616711955,128,0 0 0 0 0 0 0 0 0 0 0 0 -9 -5 -8 -5 -8 -6 -8 -6 -8 -7 -8 -7 -8 -7 -9 -8 -8 -8 -8 -9 -8 -9 -8 -9 -8 -10 -8 -10 -8 -10 -8 -10 -7 -10 -7 -10 -7 -10 -8 -10 -8 -10 -8 -10 -8 -10 -7 -10 -7 -10 -8 -10 0 0 -8 -9 -8 -10 -8 -9 -8 -9 -8 -9 -9 -9 -9 -9 -9 -8 -9 -9 -10 -8 -10 -8 -10 -8 -10 -8 -11 -8 -11 -8 -11 -8 -11 -8 -11 -7 -12 -7 -12 -7 -12 -7 -12 -7 -12 -7 -12 -7 -12 -7 -12 -7 0 0 0 0 0 0 0 0 0 0
1784740895.207929,52481,-45,11,1,7,1,-95,1,616722013,128,0 0 0 0 0 0 0 0 0 0 0 0 2 -10 3 -10 3 -10 4 -10 4 -10 4 -10 4 -10 5 -10 5 -10 6 -10 6 -9 6 -9 7 -9 7 -9 7 -10 7 -9 7 -9 7 -9 7 -9 7 -9 7 -9 7 -9 7 -9 7 -9 7 -9 7 -9 0 0 6 -9 6 -9 6 -9 6 -10 6 -10 5 -10 5 -10 5 -11 5 -11 5 -11 5 -11 5 -11 5 -12 4 -12 4 -12 4 -12 4 -12 4 -13 4 -13 3 -13 4 -13 4 -13 4 -13 4 -13 4 -13 4 -13 0 0 0 0 0 0 0 0 0 0
1784740895.223818,52482,-45,11,1,7,1,-95,1,616732011,128,0 0 0 0 0 0 0 0 0 0 0 0 7 -6 7 -5 8 -5 8 -5 8 -5 9 -4 9 -4 9 -4 9 -4 9 -3 9 -3 10 -3 10 -3 10 -2 9 -3 10 -2 10 -3 10 -3 10 -2 10 -3 9 -3 10 -3 10 -3 9 -2 9 -3 10 -3 0 0 9 -3 9 -4 9 -4 9 -4 9 -4 10 -5 9 -5 10 -5 10 -5 10 -6 10 -6 10 -6 10 -6 10 -6 10 -7 11 -7 11 -7 11 -7 11 -8 11 -8 11 -8 11 -8 11 -7 12 -7 12 -7 11 -8 0 0 0 0 0 0 0 0 0 0
1784740895.223818,52483,-45,11,1,6,1,-95,1,616743345,128,0 0 0 0 0 0 0 0 0 0 0 0 3 8 3 9 2 9 2 9 2 9 1 9 1 10 1 10 1 10 0 10 0 10 -1 10 -1 10 -1 10 -1 10 -1 11 -1 10 -1 11 -1 10 0 11 0 11 0 11 0 11 -1 10 -1 10 -1 11 0 0 0 10 1 11 1 10 1 11 1 11 2 11 2 11 2 11 3 11 3 12 3 12 3 12 3 11 3 11 4 12 4 12 4 12 4 12 5 12 5 12 5 12 6 12 5 13 4 13 4 13 5 12 0 0 0 0 0 0 0 0 0 0
1784740895.241007,52484,-45,11,1,7,1,-95,1,616752222,128,0 0 0 0 0 0 0 0 0 0 0 0 -9 3 -9 3 -10 3 -9 2 -10 2 -10 2 -10 2 -11 1 -11 1 -11 0 -11 0 -11 0 -11 0 -11 0 -11 0 -12 0 -11 0 -12 0 -11 -1 -12 0 -12 -1 -12 0 -12 -1 -12 -1 -11 -1 -11 -1 0 0 -11 0 -12 0 -11 1 -12 1 -11 1 -12 1 -12 1 -12 2 -12 2 -13 2 -13 2 -12 2 -12 2 -12 2 -13 3 -13 3 -14 3 -13 3 -13 3 -14 4 -14 4 -13 4 -14 3 -14 3 -14 3 -14 3 0 0 0 0 0 0 0 0 0 0
1784740895.255862,52485,-45,11,1,7,1,-95,1,616762000,128,0 0 0 0 0 0 0 0 0 0 0 0 -8 -6 -8 -6 -7 -7 -7 -7 -7 -8 -7 -8 -7 -8 -7 -8 -7 -9 -6 -9 -6 -9 -6 -9 -6 -9 -6 -10 -6 -10 -5 -10 -5 -10 -5 -10 -5 -10 -5 -10 -5 -10 -5 -10 -5 -10 -5 -10 -5 -10 -5 -10 0 0 -6 -10 -6 -9 -6 -9 -6 -9 -7 -9 -7 -9 -7 -9 -8 -9 -8 -10 -8 -9 -8 -10 -9 -10 -8 -10 -9 -10 -9 -10 -9 -10 -9 -10 -10 -10 -10 -10 -10 -10 -10 -10 -10 -11 -10 -10 -10 -11 -10 -11 -10 -11 0 0 0 0 0 0 0 0 0 0
1784740895.255862,52486,-46,11,1,7,1,-95,1,616771918,128,0 0 0 0 0 0 0 0 0 0 0 0 0 9 0 9 -1 9 -1 9 -2 9 -2 9 -2 9 -3 9 -3 9 -3 9 -4 9 -4 9 -4 9 -4 9 -4 9 -4 9 -4 9 -5 9 -5 9 -5 9 -5 9 -4 8 -4 9 -4 8 -4 8 -4 9 0 0 -4 9 -3 9 -3 9 -3 10 -3 9 -3 10 -2 10 -2 10 -2 10 -2 11 -2 11 -1 11 -1 11 -2 12 -1 12 -1 12 -2 13 -2 13 -1 13 -1 13 -2 13 -1 13 -2 14 -2 14 -2 13 -2 13 0 0 0 0 0 0 0 0 0 0
1784740895.278741,52487,-46,11,1,7,1,-95,1,616782036,128,0 0 0 0 0 0 0 0 0 0 0 0 -10 -2 -9 -3 -10 -4 -9 -4 -10 -4 -9 -4 -9 -5 -10 -5 -9 -5 -9 -6 -9 -6 -9 -6 -9 -7 -9 -7 -9 -6 -9 -7 -9 -6 -9 -7 -8 -7 -9 -7 -8 -7 -9 -6 -9 -7 -8 -6 -8 -6 -9 -6 0 0 -9 -6 -9 -5 -9 -5 -10 -5 -9 -4 -10 -5 -10 -4 -10 -4 -10 -4 -12 -4 -11 -4 -11 -4 -11 -4 -11 -3 -13 -3 -12 -3 -13 -4 -13 -4 -13 -3 -13 -3 -13 -3 -13 -3 -14 -3 -14 -4 -14 -3 -14 -3 0 0 0 0 0 0 0 0 0 0
1784740895.287930,52488,-45,11,1,7,1,-95,1,616792250,128,0 0 0 0 0 0 0 0 0 0 0 0 6 -7 7 -7 7 -7 8 -7 8 -6 8 -6 8 -6 9 -6 9 -6 9 -5 9 -5 10 -5 10 -4 10 -4 10 -4 10 -4 10 -4 10 -4 10 -4 10 -4 10 -4 10 -3 10 -4 9 -3 9 -3 10 -4 0 0 9 -4 9 -4 9 -4 9 -4 9 -5 9 -5 9 -5 9 -5 9 -6 9 -6 9 -6 9 -6 9 -7 9 -7 8 -7 9 -8 9 -8 9 -8 9 -8 9 -8 9 -9 9 -9 9 -9 9 -9 9 -9 9 -9 0 0 0 0 0 0 0 0 0 0
1784740895.287930,52489,-46,11,1,7,1,-95,1,616801991,128,0 0 0 0 0 0 0 0 0 0 0 0 8 4 8 5 7 6 7 6 7 6 7 7 6 7 7 7 6 8 6 8 6 8 6 8 6 8 6 9 6 9 5 9 5 9 5 9 5 9 4 9 5 9 4 9 5 8 4 8 5 8 5 8 0 0 5 8 5 8 5 8 5 7 5 7 5 8 6 7 6 7 6 7 7 7 7 7 7 7 8 7 8 7 8 7 8 7 8 7 8 7 9 8 9 7 9 7 9 8 9 7 9 7 9 7 10 7 0 0 0 0 0 0 0 0 0 0
1784740895.303945,52490,-46,11,1,7,1,-95,1,616812332,128,0 0 0 0 0 0 0 0 0 0 0 0 8 3 8 4 8 5 8 5 7 5 7 6 7 6 7 6 7 6 7 7 7 7 6 7 6 7 6 7 6 7 6 8 6 8 6 7 6 8 6 7 6 7 6 7 6 7 6 7 6 7 6 7 0 0 6 6 7 6 7 6 7 6 7 5 8 6 8 5 8 5 8 5 9 5 9 5 9 5 10 5 10 5 10 4 11 5 11 5 11 5 11 5 12 5 12 5 12 5 12 5 12 5 12 5 12 5 0 0 0 0 0 0 0 0 0 0
1784740895.303945,52491,-46,11,1,7,1,-95,1,616822038,128,0 0 0 0 0 0 0 0 0 0 0 0 3 8 2 8 1 9 1 9 1 9 1 9 0 9 0 9 0 9 0 9 -1 9 -1 9 -1 10 -1 9 -1 10 -2 9 -2 10 -1 9 -2 9 -1 9 -1 9 -1 9 -1 9 -1 9 0 9 0 9 0 0 0 9 0 9 1 10 1 9 1 9 1 10 2 9 2 10 2 10 3 10 3 10 3 11 3 11 4 11 3 11 4 12 4 11 4 12 4 12 4 12 5 12 4 13 4 12 4 12 4 13 4 13 0 0 0 0 0 0 0 0 0 0
1784740895.320018,52492,-47,11,1,7,1,-95,1,616834800,128,0 0 0 0 0 0 0 0 0 0 0 0 7 4 7 4 7 5 7 4 6 6 6 5 6 6 6 6 6 6 6 6 6 6 5 6 6 7 5 7 5 7 5 8 5 6 5 7 5 6 5 7 5 7 5 7 5 6 6 7 5 6 6 6 0 0 6 6 6 7 6 6 7 7 6 6 8 6 7 6 8 6 7 6 9 6 8 7 9 5 9 6 9 6 9 7 9 6 10 7 10 6 10 7 10 6 11 6 10 7 12 6 10 7 11 6 11 7 0 0 0 0 0 0 0 0 0 0
1784740895.338875,52493,-46,11,1,7,1,-95,1,616842062,128,0 0 0 0 0 0 0 0 0 0 0 0 5 5 5 5 5 6 4 6 4 6 5 6 4 7 4 7 4 7 4 7 3 8 3 8 3 8 3 8 3 8 3 8 3 8 3 8 3 8 3 8 3 8 3 8 3 8 3 8 3 8 3 8 0 0 4 8 4 8 4 8 4 8 5 8 5 8 5 8 5 8 5 8 6 9 6 9 6 9 6 8 6 9 7 8 7 8 7 9 7 9 7 9 7 9 7 9 8 8 8 9 7 9 7 9 8 9 0 0 0 0 0 0 0 0 0 0
1784740895.338875,52494,-47,11,1,6,1,-95,1,616853908,128,0 0 0 0 0 0 0 0 0 0 0 0 -5 6 -5 6 -6 6 -6 5 -6 6 -7 5 -7 5 -7 5 -7 5 -8 5 -8 5 -8 5 -8 5 -8 5 -8 5 -8 5 -9 5 -9 5 -9 5 -9 5 -9 5 -9 5 -9 5 -9 5 -9 5 -9 4 0 0 -9 5 -9 5 -9 5 -9 6 -9 5 -9 6 -9 6 -9 6 -9 6 -10 7 -9 7 -9 7 -9 7 -9 7 -9 8 -9 8 -10 7 -10 8 -10 8 -10 8 -10 8 -10 8 -10 8 -10 8 -10 8 -10 9 0 0 0 0 0 0 0 0 0 0
1784740895.352182,52495,-47,11,1,6,1,-95,1,616863517,128,0 0 0 0 0 0 0 0 0 0 0 0 -6 5 -6 5 -6 4 -7 5 -7 4 -7 4 -7 4 -7 4 -8 4 -7 4 -8 4 -8 4 -8 4 -8 4 -9 4 -8 3 -9 4 -9 4 -9 4 -9 4 -9 4 -9 4 -9 4 -9 4 -9 4 -9 4 0 0 -9 5 -9 5 -9 5 -9 5 -9 5 -9 5 -9 6 -9 6 -9 6 -9 7 -9 7 -10 7 -10 7 -10 8 -10 7 -10 8 -10 7 -10 8 -10 8 -10 8 -10 9 -11 8 -10 8 -10 8 -11 9 -11 9 0 0 0 0 0 0 0 0 0 0
1784740895.368136,52496,-47,11,1,7,1,-95,1,616872064,128,0 0 0 0 0 0 0 0 0 0 0 0 2 -8 2 -8 3 -8 3 -8 3 -8 3 -8 4 -8 4 -8 4 -8 4 -8 4 -8 5 -8 5 -8 5 -8 5 -8 5 -8 5 -8 5 -8 5 -8 5 -8 5 -8 5 -8 5 -8 5 -8 5 -9 5 -9 0 0 5 -9 5 -9 5 -9 5 -10 4 -10 5 -10 5 -10 5 -11 5 -11 5 -12 5 -11 5 -12 5 -12 5 -12 5 -13 5 -13 5 -13 5 -13 5 -13 5 -14 5 -14 6 -14 6 -14 6 -14 6 -14 6 -14 0 0 0 0 0 0 0 0 0 0
1784740895.368136,52497,-47,11,1,7,1,-95,1,616882013,128,0 0 0 0 0 0 0 0 0 0 0 0 7 -1 8 0 8 0 8 1 8 1 8 1 8 2 8 2 8 2 8 2 7 2 8 2 8 2 8 2 8 2 8 2 8 2 7 3 8 3 8 2 8 2 8 2 8 2 8 2 8 2 9 2 0 0 9 2 9 2 9 2 9 1 10 1 10 1 10 1 10 1 11 1 11 0 11 0 12 0 12 0 12 0 12 0 13 0 12 0 13 0 13 1 13 1 13 0 13 1 13 0 14 0 14 0 14 1 0 0 0 0 0 0 0 0 0 0
1784740895.384337,52498,-47,11,1,7,1,-95,1,616891938,128,0 0 0 0 0 0 0 0 0 0 0 0 6 4 6 5 6 5 5 6 6 6 5 6 5 6 5 6 5 7 5 7 5 7 4 7 4 7 4 7 4 7 4 7 4 7 4 7 4 7 4 7 5 7 5 7 5 7 5 7 5 7 5 7 0 0 6 7 6 7 6 7 7 8 7 7 7 7 7 7 8 7 8 8 8 8 8 8 8 8 8 8 8 8 9 9 9 8 9 9 9 9 10 9 10 9 10 9 10 9 10 10 10 10 10 10 10 10 0 0 0 0 0 0 0 0 0 0
1784740895.484635,52499,-46,11,1,7,1,-95,1,616993593,128,0 0 0 0 0 0 0 0 0 0 0 0 4 -6 4 -6 4 -6 5 -6 5 -6 5 -6 5 -6 6 -6 6 -6 6 -5 7 -5 7 -5 7 -5 7 -5 7 -5 7 -6 7 -6 8 -6 8 -6 8 -6 8 -6 8 -6 8 -6 8 -6 9 -6 9 -6 0 0 9 -6 9 -7 8 -7 9 -8 9 -7 9 -8 9 -8 9 -8 9 -8 10 -8 9 -9 9 -8 9 -8 9 -8 9 -10 9 -10 10 -10 10 -10 10 -10 10 -11 10 -10 10 -11 11 -11 11 -10 11 -10 10 -10 0 0 0 0 0 0 0 0 0 0
1784740895.496999,52500,-46,11,1,7,1,-95,1,616995237,128,0 0 0 0 0 0 0 0 0 0 0 0 -3 -7 -3 -7 -2 -8 -2 -8 -2 -8 -2 -8 -1 -9 -2 -8 -1 -9 -2 -8 -2 -9 -1 -9 -1 -10 -1 -10 -2 -11 0 -10 -1 -10 0 -10 -1 -11 0 -11 -1 -10 0 -11 -1 -11 -1 -11 -1 -11 -1 -12 0 0 -1 -12 -1 -11 -1 -12 -1 -11 -2 -12 0 -12 -1 -12 -1 -12 -2 -13 -2 -12 -3 -13 -2 -13 -3 -13 -3 -14 -3 -13 -3 -15 -3 -13 -3 -15 -3 -14 -3 -15 -3 -14 -3 -16 -3 -13 -3 -15 -3 -15 -4 -16 0 0 0 0 0 0 0 0 0 0
1784740895.496999,52501,-46,11,1,7,1,-95,1,616995502,128,0 0 0 0 0 0 0 0 0 0 0 0 6 -5 6 -4 6 -4 7 -4 7 -4 7 -4 7 -3 7 -3 8 -3 8 -3 8 -3 8 -3 9 -3 9 -3 9 -3 9 -2 10 -2 9 -2 10 -2 10 -2 10 -2 10 -2 10 -3 10 -3 10 -3 11 -3 0 0 11 -2 11 -2 11 -3 11 -3 11 -3 11 -3 11 -3 11 -3 12 -3 12 -4 12 -4 12 -5 12 -4 12 -5 12 -4 13 -5 12 -4 13 -5 13 -5 13 -5 13 -5 14 -5 13 -5 13 -5 14 -6 14 -5 0 0 0 0 0 0 0 0 0 0
1784740895.496999,52502,-46,11,1,6,1,-95,1,616997830,128,0 0 0 0 0 0 0 0 0 0 0 0 -7 -1 -8 -2 -7 -2 -8 -3 -8 -3 -8 -3 -8 -3 -8 -3 -8 -4 -8 -4 -8 -4 -8 -4 -8 -5 -8 -5 -9 -5 -9 -5 -9 -5 -9 -5 -9 -5 -9 -5 -9 -5 -9 -6 -9 -5 -9 -6 -9 -6 -10 -6 0 0 -10 -6 -10 -6 -10 -6 -10 -5 -10 -5 -11 -5 -11 -5 -11 -5 -11 -5 -12 -5 -12 -5 -12 -5 -12 -5 -13 -5 -12 -5 -13 -5 -13 -5 -13 -5 -13 -5 -14 -5 -14 -5 -14 -5 -14 -5 -14 -5 -14 -5 -15 -5 0 0 0 0 0 0 0 0 0 0
1784740895.496999,52503,-47,11,1,6,1,-95,1,617000563,128,0 0 0 0 0 0 0 0 0 0 0 0 4 -6 4 -6 5 -6 5 -6 6 -5 6 -5 6 -5 6 -5 7 -5 7 -5 7 -5 7 -5 7 -5 8 -5 8 -5 8 -5 8 -5 8 -5 8 -5 9 -5 9 -5 9 -5 9 -5 9 -5 9 -5 9 -5 0 0 9 -5 9 -5 10 -5 9 -6 9 -6 9 -6 9 -6 9 -6 10 -6 10 -7 10 -7 10 -8 10 -8 10 -8 10 -8 10 -8 11 -8 11 -9 11 -8 11 -9 11 -8 11 -9 11 -9 11 -9 12 -9 12 -9 0 0 0 0 0 0 0 0 0 0
1784740895.496999,52504,-47,11,1,7,1,-95,1,617002092,128,0 0 0 0 0 0 0 0 0 0 0 0 1 7 1 7 0 7 0 7 0 8 0 7 0 8 0 8 0 8 -1 9 -2 8 -2 9 -2 9 -2 9 -2 9 -2 10 -2 9 -2 10 -2 9 -2 10 -2 10 -2 10 -2 10 -3 10 -3 10 -3 10 0 0 -3 10 -2 11 -2 11 -2 11 -2 11 -2 11 -1 11 -1 11 -1 12 -1 12 -1 12 -1 12 -1 12 -1 12 0 13 -1 13 -1 14 -1 13 0 14 0 14 0 14 0 15 0 15 -1 15 -1 15 -1 15 0 0 0 0 0 0 0 0 0 0
1784740895.496999,52505,-47,11,1,7,1,-95,1,617011939,128,0 0 0 0 0 0 0 0 0 0 0 0 -3 -7 -3 -7 -3 -7 -2 -8 -2 -8 -2 -8 -2 -8 -2 -8 -2 -8 -1 -8 -1 -9 -1 -9 -1 -9 -1 -9 -1 -10 -1 -9 -1 -10 -1 -10 -1 -10 -1 -10 -1 -10 -1 -10 -1 -10 -1 -10 -1 -10 -1 -11 0 0 -1 -11 -1 -11 -1 -11 -1 -11 -2 -11 -1 -11 -2 -11 -2 -12 -2 -11 -2 -12 -2 -12 -3 -12 -3 -12 -2 -12 -3 -12 -3 -13 -3 -13 -3 -14 -3 -13 -4 -14 -3 -14 -4 -14 -3 -14 -3 -15 -3 -14 -4 -15 0 0 0 0 0 0 0 0 0 0
1784740895.512829,52506,-47,11,1,7,1,-95,1,617022264,128,0 0 0 0 0 0 0 0 0 0 0 0 5 -2 6 -2 6 -1 6 -1 6 -1 6 -1 6 0 7 0 7 0 7 0 7 0 7 0 7 0 7 0 7 0 7 1 8 1 7 1 8 1 8 1 8 1 8 1 8 0 8 0 8 0 9 0 0 0 9 0 10 0 10 1 9 0 10 0 10 0 10 0 10 0 11 1 11 0 11 -1 11 -1 12 -1 12 0 12 0 13 0 12 0 13 0 13 0 13 0 13 0 13 0 13 -1 13 -1 14 -1 14 -1 0 0 0 0 0 0 0 0 0 0
1784740895.529202,52507,-48,11,1,6,1,-95,1,617033757,128,0 0 0 0 0 0 0 0 0 0 0 0 3 4 3 4 3 5 3 5 2 5 2 5 3 6 3 6 2 6 2 6 2 6 2 6 2 7 2 7 2 7 2 7 2 7 2 7 2 7 3 7 3 7 3 8 3 7 3 7 3 8 3 8 0 0 4 8 4 8 4 9 4 9 4 9 4 9 5 9 5 9 5 10 6 10 6 10 6 11 6 11 6 11 6 11 6 12 6 11 6 12 6 12 6 12 6 12 6 13 6 12 6 13 7 13 7 13 0 0 0 0 0 0 0 0 0 0
1784740895.532844,52508,-48,11,1,7,1,-95,1,617041976,128,0 0 0 0 0 0 0 0 0 0 0 0 -6 -2 -6 -3 -6 -3 -6 -3 -6 -4 -6 -4 -6 -4 -6 -4 -7 -4 -6 -4 -6 -5 -6 -4 -6 -5 -7 -5 -7 -5 -7 -5 -7 -5 -7 -5 -7 -5 -7 -5 -8 -5 -8 -5 -8 -5 -8 -5 -8 -5 -9 -5 0 0 -9 -5 -9 -5 -9 -5 -10 -5 -10 -5 -10 -6 -10 -5 -11 -5 -11 -6 -12 -6 -11 -6 -12 -6 -12 -6 -13 -6 -13 -6 -13 -6 -13 -7 -14 -6 -13 -6 -14 -7 -14 -7 -14 -7 -14 -7 -14 -7 -14 -7 -14 -7 0 0 0 0 0 0 0 0 0 0
1784740895.545030,52509,-48,11,1,7,1,-95,1,617052041,128,0 0 0 0 0 0 0 0 0 0 0 0 1 6 0 6 0 6 -1 6 -1 6 -1 7 -1 7 -1 7 -2 7 -2 7 -2 7 -2 7 -2 8 -2 8 -2 8 -3 8 -3 8 -2 8 -3 8 -3 8 -3 8 -3 8 -2 9 -3 9 -2 9 -2 10 0 0 -3 10 -3 10 -3 11 -3 10 -3 11 -3 11 -3 11 -3 11 -3 12 -3 12 -2 12 -2 12 -2 13 -2 13 -3 13 -3 14 -3 13 -3 14 -3 14 -3 14 -3 14 -3 14 -3 14 -3 14 -3 14 -4 15 0 0 0 0 0 0 0 0 0 0
1784740895.545030,52510,-48,11,1,7,1,-95,1,617061967,128,0 0 0 0 0 0 0 0 0 0 0 0 -4 5 -4 5 -5 5 -5 5 -6 5 -6 4 -6 5 -6 5 -6 5 -7 4 -7 4 -7 4 -7 4 -8 4 -7 5 -8 5 -8 5 -8 5 -8 5 -9 5 -8 5 -9 5 -9 6 -9 5 -9 5 -9 5 0 0 -10 6 -10 6 -10 6 -10 7 -10 7 -10 7 -10 7 -10 7 -10 7 -11 8 -11 8 -10 8 -11 8 -11 8 -11 9 -11 9 -12 9 -12 9 -11 9 -11 10 -11 9 -11 9 -12 9 -13 9 -12 9 -12 9 0 0 0 0 0 0 0 0 0 0
1784740895.560813,52511,-48,11,1,7,1,-95,1,617072013,128,0 0 0 0 0 0 0 0 0 0 0 0 -7 1 -8 1 -8 0 -8 0 -8 0 -9 0 -8 0 -9 0 -9 -1 -9 -1 -9 -1 -9 -1 -9 -1 -9 -1 -10 -1 -9 -1 -10 -1 -10 -1 -10 -1 -10 -1 -11 -1 -11 -1 -11 -1 -11 -1 -11 -1 -12 -1 0 0 -12 -1 -12 -1 -13 -1 -12 -1 -13 -1 -13 -1 -13 -1 -13 0 -14 0 -14 0 -14 0 -14 0 -14 0 -15 0 -15 0 -16 0 -15 0 -15 0 -15 0 -16 0 -16 0 -16 0 -15 0 -16 0 -16 0 -16 0 0 0 0 0 0 0 0 0 0 0
1784740895.579638,52512,-50,11,1,6,1,-95,1,617085957,128,0 0 0 0 0 0 0 0 0 0 0 0 -3 7 -4 6 -4 6 -4 6 -5 6 -5 6 -5 6 -5 6 -5 6 -5 6 -5 6 -5 6 -5 6 -5 5 -4 6 -4 6 -4 6 -4 7 -4 6 -4 7 -4 7 -3 7 -3 8 -4 8 -4 8 -3 8 0 0 -3 9 -3 10 -3 9 -3 11 -2 10 -2 11 -3 11 -3 11 -2 11 -3 13 -3 13 -3 13 -3 13 -3 13 -2 14 -3 14 -3 15 -3 14 -3 14 -3 15 -3 14 -3 15 -3 15 -4 15 -4 14 -4 14 0 0 0 0 0 0 0 0 0 0
1784740895.579638,52513,-51,11,1,6,1,-95,1,617093321,128,0 0 0 0 0 0 0 0 0 0 0 0 6 -5 7 -5 7 -4 7 -4 7 -3 7 -3 7 -3 7 -3 7 -3 7 -3 7 -3 6 -3 6 -3 6 -3 6 -3 6 -3 6 -3 5 -3 6 -4 5 -4 5 -4 5 -4 5 -5 5 -5 5 -6 5 -7 0 0 5 -7 6 -7 6 -7 6 -8 6 -8 6 -9 6 -9 6 -10 7 -10 7 -11 7 -11 7 -12 8 -11 8 -12 8 -12 9 -12 8 -12 9 -12 9 -12 10 -12 9 -13 10 -12 10 -12 10 -13 10 -13 10 -13 0 0 0 0 0 0 0 0 0 0
1784740895.596112,52514,-51,11,1,7,1,-95,1,617102026,128,0 0 0 0 0 0 0 0 0 0 0 0 -8 5 -8 5 -8 4 -9 3 -9 3 -9 3 -9 3 -9 2 -9 2 -8 2 -8 2 -8 2 -8 2 -8 2 -8 2 -8 2 -7 2 -7 2 -7 2 -6 3 -6 3 -6 3 -6 4 -6 4 -6 5 -6 5 0 0 -6 6 -6 6 -6 7 -6 7 -6 8 -6 8 -6 8 -6 9 -6 10 -6 10 -6 11 -6 11 -7 11 -7 12 -7 12 -8 12 -8 12 -8 13 -9 13 -9 13 -9 13 -9 13 -9 13 -10 13 -10 13 -10 13 0 0 0 0 0 0 0 0 0 0
1784740895.596112,52515,-50,11,1,6,1,-95,1,617112034,128,0 0 0 0 0 0 0 0 0 0 0 0 -4 -9 -3 -9 -3 -9 -3 -9 -2 -9 -2 -9 -2 -9 -2 -9 -2 -9 -2 -9 -2 -9 -2 -9 -2 -9 -1 -9 -1 -9 -2 -9 -2 -9 -2 -9 -2 -8 -2 -8 -3 -8 -3 -8 -4 -8 -3 -8 -4 -8 -5 -8 0 0 -5 -8 -6 -9 -6 -9 -6 -9 -7 -9 -7 -10 -7 -9 -8 -10 -8 -10 -9 -10 -9 -11 -9 -11 -10 -11 -9 -11 -10 -12 -10 -12 -10 -13 -10 -13 -10 -13 -11 -13 -11 -14 -10 -14 -11 -14 -11 -14 -11 -14 -11 -15 0 0 0 0 0 0 0 0 0 0
1784740895.608938,52516,-50,11,1,6,1,-95,1,617122004,128,0 0 0 0 0 0 0 0 0 0 0 0 6 5 6 5 6 6 5 6 5 6 5 6 5 6 5 6 5 6 5 6 5 7 5 6 5 7 4 6 5 7 5 6 5 6 5 6 5 6 5 6 6 6 6 6 6 5 6 6 6 6 7 6 0 0 7 6 8 6 8 6 9 6 9 6 9 6 9 6 10 6 10 6 11 7 11 6 11 6 11 7 12 7 13 6 13 7 12 7 13 8 13 8 13 8 13 8 14 8 13 8 13 9 13 9 14 9 0 0 0 0 0 0 0 0 0 0
1784740895.625153,52517,-50,11,1,6,1,-95,1,617131927,128,0 0 0 0 0 0 0 0 0 0 0 0 -8 4 -8 3 -8 3 -8 3 -8 2 -8 2 -8 2 -8 2 -9 1 -8 2 -8 1 -8 2 -8 2 -8 2 -9 2 -8 1 -8 2 -8 1 -8 2 -8 2 -8 2 -8 2 -7 3 -8 3 -8 3 -8 4 0 0 -9 4 -8 4 -9 5 -8 5 -8 5 -9 6 -9 6 -9 7 -10 7 -9 7 -10 7 -10 8 -11 8 -11 9 -11 8 -12 9 -11 8 -12 9 -12 9 -13 9 -13 9 -13 9 -12 9 -13 9 -14 9 -14 9 0 0 0 0 0 0 0 0 0 0
1784740895.640909,52518,-50,11,1,6,1,-95,1,617145201,128,0 0 0 0 0 0 0 0 0 0 0 0 -7 5 -7 5 -8 4 -7 4 -8 4 -7 4 -7 3 -7 3 -7 3 -7 3 -7 2 -7 3 -7 3 -7 3 -7 3 -6 3 -6 3 -6 3 -5 4 -5 4 -5 4 -5 4 -5 5 -5 5 -4 5 -4 6 0 0 -4 7 -4 7 -4 8 -4 9 -3 9 -4 9 -3 10 -3 11 -4 11 -4 12 -4 12 -3 12 -4 13 -4 13 -4 14 -4 14 -5 14 -5 15 -4 15 -5 16 -5 16 -5 16 -5 16 -6 16 -6 16 -6 17 0 0 0 0 0 0 0 0 0 0
1784740895.640909,52519,-50,11,1,6,1,-95,1,617152174,128,0 0 0 0 0 0 0 0 0 0 0 0 4 6 4 7 3 7 3 7 2 7 2 7 2 7 2 7 2 7 2 7 1 7 2 6 2 6 1 6 2 6 2 6 2 6 2 5 3 5 3 5 3 4 4 4 4 4 4 4 5 4 6 4 0 0 7 4 8 4 8 4 8 4 9 4 9 4 10 3 10 4 11 4 12 4 12 4 13 4 13 5 14 5 14 4 15 5 14 6 15 6 15 6 16 6 16 6 16 6 16 7 16 7 16 7 16 8 0 0 0 0 0 0 0 0 0 0
1784740895.657083,52520,-50,11,1,6,1,-95,1,617162079,128,0 0 0 0 0 0 0 0 0 0 0 0 5 -5 6 -5 6 -5 6 -4 6 -4 6 -4 6 -4 7 -4 7 -4 6 -4 6 -3 6 -4 6 -3 6 -3 6 -4 6 -3 6 -4 5 -4 5 -4 5 -4 5 -5 5 -5 4 -5 4 -6 4 -6 4 -7 0 0 4 -7 4 -8 4 -8 4 -9 4 -9 4 -10 5 -10 4 -11 5 -12 5 -12 5 -13 5 -13 5 -14 6 -14 6 -14 7 -15 7 -15 7 -15 7 -15 8 -16 8 -16 9 -16 8 -16 9 -16 9 -16 9 -16 0 0 0 0 0 0 0 0 0 0
1784740895.657083,52521,-49,11,1,6,1,-95,1,617171996,128,0 0 0 0 0 0 0 0 0 0 0 0 -2 -8 -1 -8 -1 -8 0 -8 0 -8 0 -8 0 -8 0 -8 0 -8 1 -9 1 -8 1 -8 1 -8 1 -8 1 -8 1 -8 1 -8 0 -8 0 -8 0 -8 0 -8 -1 -8 -1 -8 -1 -8 -1 -8 -1 -8 0 0 -3 -8 -3 -9 -3 -8 -4 -10 -4 -9 -4 -10 -5 -10 -5 -10 -6 -11 -6 -12 -6 -12 -6 -12 -6 -12 -6 -12 -8 -13 -8 -13 -7 -14 -7 -14 -8 -14 -8 -15 -8 -15 -8 -15 -7 -16 -7 -16 -7 -16 -7 -16 0 0 0 0 0 0 0 0 0 0
1784740895.689017,52522,-48,11,1,6,1,-95,1,617181968,128,0 0 0 0 0 0 0 0 0 0 0 0 5 -6 5 -6 6 -5 6 -5 6 -5 6 -5 7 -5 7 -5 7 -5 7 -5 7 -4 7 -4 7 -4 7 -4 8 -4 8 -4 8 -4 7 -4 8 -4 7 -4 7 -4 7 -4 7 -5 7 -5 7 -5 7 -5 0 0 7 -6 7 -6 7 -7 7 -7 7 -8 7 -8 7 -8 7 -9 7 -9 7 -10 7 -10 8 -10 8 -11 8 -11 8 -11 9 -12 9 -12 9 -13 9 -12 9 -12 10 -13 10 -13 10 -13 10 -13 11 -13 11 -13 0 0 0 0 0 0 0 0 0 0
1784740895.693784,52523,-44,11,1,5,0,-95,1,617197172,128,0 0 0 0 0 0 0 0 0 0 0 0 6 6 5 7 5 7 5 7 4 8 4 8 4 8 4 8 4 9 4 9 3 9 3 9 3 9 3 9 3 9 3 9 3 9 3 9 3 9 3 9 3 9 4 9 4 9 4 8 4 9 5 8 0 0 5 9 6 8 6 9 6 8 7 8 7 9 8 9 8 9 8 9 9 9 9 9 9 9 10 9 10 10 11 10 11 10 11 11 11 11 11 11 12 11 12 11 11 11 12 12 11 12 11 12 11 12 0 0 0 0 0 0 0 0 0 0
1784740895.693784,52524,-48,11,1,6,1,-95,1,617201986,128,0 0 0 0 0 0 0 0 0 0 0 0 -9 3 -9 2 -10 2 -10 1 -10 1 -10 1 -10 1 -10 1 -10 1 -10 0 -10 0 -10 0 -11 -1 -10 -1 -10 -1 -11 -1 -10 -1 -11 0 -10 -1 -10 0 -10 0 -10 0 -10 0 -10 0 -10 0 -10 1 0 0 -10 2 -10 2 -10 2 -11 3 -11 3 -11 3 -11 4 -11 4 -11 5 -12 5 -12 5 -12 6 -12 5 -12 6 -13 7 -13 7 -14 7 -14 7 -14 7 -14 7 -14 7 -14 7 -15 7 -15 6 -15 6 -15 6 0 0 0 0 0 0 0 0 0 0
1784740895.705191,52525,-47,11,1,6,1,-95,1,617211955,128,0 0 0 0 0 0 0 0 0 0 0 0 5 -9 5 -9 6 -8 7 -8 7 -7 7 -7 7 -7 7 -7 8 -7 8 -7 8 -6 9 -6 8 -6 9 -6 9 -6 8 -5 9 -6 8 -5 9 -5 8 -5 8 -6 8 -6 8 -6 8 -6 7 -6 7 -6 0 0 7 -7 7 -7 8 -8 7 -8 7 -8 7 -9 7 -9 7 -9 7 -10 7 -10 7 -10 7 -11 8 -11 8 -12 7 -11 8 -12 8 -12 8 -13 8 -13 8 -13 8 -13 9 -13 9 -13 10 -12 10 -13 10 -13 0 0 0 0 0 0 0 0 0 0
1784740895.705191,52526,-47,11,1,6,1,-95,1,617221958,128,0 0 0 0 0 0 0 0 0 0 0 0 -7 -5 -7 -6 -7 -6 -6 -7 -6 -7 -6 -7 -6 -7 -6 -8 -5 -8 -5 -7 -5 -8 -5 -8 -5 -8 -5 -8 -5 -8 -5 -8 -5 -8 -5 -8 -5 -8 -5 -8 -5 -8 -5 -8 -6 -7 -6 -7 -6 -7 -7 -7 0 0 -7 -8 -7 -8 -7 -8 -7 -7 -8 -7 -8 -8 -8 -8 -9 -8 -9 -8 -10 -7 -10 -7 -10 -8 -11 -8 -11 -8 -11 -8 -11 -9 -11 -9 -12 -9 -12 -9 -12 -10 -12 -10 -12 -10 -12 -9 -12 -10 -12 -10 -13 -10 0 0 0 0 0 0 0 0 0 0
1784740895.725313,52527,-46,11,1,6,1,-95,1,617231945,128,0 0 0 0 0 0 0 0 0 0 0 0 -5 -6 -4 -7 -4 -7 -4 -7 -4 -7 -3 -7 -3 -8 -3 -7 -3 -8 -3 -8 -3 -8 -3 -8 -3 -8 -3 -8 -3 -8 -3 -8 -3 -8 -3 -8 -3 -8 -4 -8 -4 -8 -4 -8 -4 -8 -4 -8 -4 -8 -5 -9 0 0 -5 -9 -6 -9 -6 -9 -6 -9 -6 -9 -6 -9 -6 -10 -7 -10 -7 -10 -8 -11 -8 -11 -8 -11 -8 -11 -8 -11 -9 -11 -9 -12 -8 -12 -9 -12 -8 -12 -9 -13 -9 -13 -9 -13 -9 -13 -9 -13 -9 -14 -9 -14 0 0 0 0 0 0 0 0 0 0
1784740895.737039,52528,-46,11,1,6,1,-95,1,617242033,128,0 0 0 0 0 0 0 0 0 0 0 0 -3 6 -3 6 -3 6 -4 6 -4 6 -4 6 -4 5 -4 6 -4 5 -4 6 -4 6 -4 6 -4 6 -4 6 -4 6 -5 6 -4 6 -4 6 -5 7 -4 7 -5 7 -5 7 -4 8 -4 8 -4 8 -5 9 0 0 -5 9 -5 9 -5 10 -4 9 -5 10 -5 10 -5 10 -5 11 -5 11 -5 12 -5 12 -5 12 -5 12 -5 13 -5 12 -6 13 -5 13 -6 13 -6 14 -6 14 -6 14 -6 14 -6 14 -6 14 -6 14 -7 15 0 0 0 0 0 0 0 0 0 0
1784740895.737039,52529,-45,11,1,6,1,-95,1,617251931,128,0 0 0 0 0 0 0 0 0 0 0 0 -3 -7 -3 -7 -2 -7 -2 -7 -2 -7 -2 -7 -2 -7 -2 -7 -2 -7 -2 -7 -1 -8 -2 -8 -1 -8 -1 -8 -2 -8 -1 -8 -2 -9 -2 -9 -2 -9 -2 -9 -2 -9 -2 -9 -2 -9 -2 -10 -2 -10 -2 -10 0 0 -3 -11 -3 -11 -2 -11 -3 -11 -3 -11 -3 -12 -3 -12 -3 -12 -3 -12 -4 -13 -4 -13 -4 -13 -4 -13 -4 -14 -4 -14 -4 -14 -4 -14 -4 -15 -4 -15 -4 -15 -4 -15 -4 -15 -4 -15 -4 -15 -4 -15 -4 -16 0 0 0 0 0 0 0 0 0 0
1784740895.753253,52530,-45,11,1,6,1,-95,1,617262253,128,0 0 0 0 0 0 0 0 0 0 0 0 3 5 2 6 2 6 2 6 2 6 2 7 2 7 1 7 1 7 1 7 1 7 1 7 1 7 1 8 1 8 1 8 1 8 1 8 1 9 1 9 1 9 1 9 2 9 1 9 2 9 2 10 0 0 2 10 2 10 2 10 2 11 2 11 2 11 2 11 3 11 3 11 3 12 3 12 3 12 3 12 3 13 4 13 4 13 3 13 4 14 4 13 4 14 4 14 4 14 3 14 3 15 3 14 4 14 0 0 0 0 0 0 0 0 0 0
1784740895.753253,52531,-45,11,1,6,1,-95,1,617271943,128,0 0 0 0 0 0 0 0 0 0 0 0 -8 -1 -8 -1 -8 -1 -8 -2 -8 -2 -8 -2 -8 -2 -9 -2 -9 -2 -9 -3 -9 -3 -9 -3 -9 -3 -9 -3 -10 -3 -10 -3 -10 -4 -10 -4 -10 -4 -10 -4 -10 -3 -10 -4 -11 -4 -11 -4 -11 -4 -11 -4 0 0 -12 -4 -12 -4 -12 -4 -12 -4 -12 -4 -12 -4 -12 -3 -13 -3 -13 -4 -14 -3 -14 -4 -14 -3 -14 -4 -14 -4 -14 -4 -15 -4 -15 -4 -15 -4 -15 -3 -15 -3 -15 -3 -15 -4 -15 -3 -15 -4 -15 -4 -16 -4 0 0 0 0 0 0 0 0 0 0
1784740895.769161,52532,-45,11,1,6,1,-95,1,617281941,128,0 0 0 0 0 0 0 0 0 0 0 0 -5 -6 -5 -6 -4 -7 -4 -7 -4 -8 -4 -8 -4 -8 -4 -8 -4 -8 -4 -9 -3 -9 -3 -9 -3 -9 -3 -10 -3 -9 -3 -10 -3 -10 -4 -11 -3 -10 -4 -11 -4 -11 -3 -11 -3 -11 -3 -11 -3 -11 -4 -12 0 0 -4 -12 -4 -12 -3 -12 -4 -12 -4 -12 -4 -12 -5 -12 -5 -13 -5 -12 -5 -13 -5 -13 -5 -13 -4 -13 -5 -13 -6 -14 -5 -13 -5 -14 -6 -14 -6 -14 -6 -14 -7 -14 -6 -14 -6 -15 -6 -15 -6 -14 -6 -15 0 0 0 0 0 0 0 0 0 0
1784740895.785177,52533,-44,11,1,5,1,-95,1,617294001,128,0 0 0 0 0 0 0 0 0 0 0 0 -2 6 -2 6 -3 7 -3 6 -3 7 -3 6 -4 7 -4 7 -4 7 -4 7 -5 7 -5 7 -5 7 -5 7 -5 7 -6 8 -6 8 -6 8 -6 8 -6 8 -6 8 -6 8 -7 9 -7 8 -7 8 -7 9 0 0 -7 9 -7 9 -7 9 -7 10 -7 9 -7 10 -7 10 -7 10 -7 10 -7 11 -7 10 -7 10 -8 10 -7 10 -7 12 -7 11 -7 11 -7 11 -7 12 -7 12 -7 12 -7 12 -7 12 -8 12 -8 12 -7 12 0 0 0 0 0 0 0 0 0 0
1784740895.785177,52534,-45,11,1,6,1,-95,1,617302054,128,0 0 0 0 0 0 0 0 0 0 0 0 1 6 1 7 0 7 0 7 0 7 0 7 0 7 0 8 0 8 0 7 0 8 0 8 -1 8 -1 9 -1 9 -1 9 -1 10 -1 9 -1 10 -2 10 -1 10 -2 10 -1 10 -1 10 -2 11 -2 11 0 0 -2 11 -2 11 -3 11 -2 11 -2 11 -2 12 -2 12 -1 12 -2 12 -1 12 -1 12 -1 12 -1 13 -1 13 -1 13 -2 13 -1 13 -1 13 -1 14 -1 13 -1 14 -2 13 -1 13 -1 13 -1 14 -1 14 0 0 0 0 0 0 0 0 0 0
1784740895.917599,52535,-43,11,1,7,1,-95,1,617408346,128,0 0 0 0 0 0 0 0 0 0 0 0 -7 -1 -7 -1 -8 -2 -7 -2 -8 -2 -8 -2 -8 -2 -8 -3 -8 -2 -9 -3 -9 -4 -9 -3 -9 -4 -9 -4 -10 -4 -9 -5 -11 -4 -10 -5 -10 -5 -11 -5 -10 -5 -11 -5 -10 -6 -10 -6 -11 -6 -11 -6 0 0 -11 -6 -11 -5 -11 -7 -11 -6 -12 -5 -11 -6 -11 -5 -12 -6 -12 -5 -13 -6 -12 -6 -13 -5 -12 -6 -12 -5 -14 -5 -13 -5 -14 -5 -14 -5 -14 -4 -15 -5 -14 -5 -15 -4 -14 -5 -14 -5 -15 -5 -14 -5 0 0 0 0 0 0 0 0 0 0
1784740895.917599,52536,-43,11,1,6,1,-95,1,617410129,128,0 0 0 0 0 0 0 0 0 0 0 0 6 -2 6 -2 7 -1 7 -1 7 -1 7 -1 8 -1 8 -1 8 0 8 0 9 0 9 0 9 1 9 1 9 1 10 1 10 1 10 1 10 1 11 1 11 2 11 2 11 2 11 2 11 2 11 2 0 0 11 2 12 2 11 2 12 2 11 2 12 2 11 1 12 1 12 2 13 1 13 1 12 1 12 1 12 1 13 0 13 1 13 1 14 0 14 0 14 0 14 0 14 0 14 0 14 1 14 0 14 0 0 0 0 0 0 0 0 0 0 0
1784740895.917599,52537,-43,11,1,6,1,-95,1,617411957,128,0 0 0 0 0 0 0 0 0 0 0 0 -4 -6 -4 -6 -4 -7 -3 -7 -3 -7 -3 -8 -3 -8 -3 -8 -3 -9 -3 -8 -3 -9 -3 -9 -3 -10 -3 -10 -3 -10 -2 -10 -2 -11 -2 -11 -2 -11 -2 -11 -2 -12 -2 -12 -2 -11 -2 -12 -1 -12 -2 -12 0 0 -2 -12 -1 -12 -1 -13 -2 -12 -1 -12 -2 -13 -2 -12 -2 -13 -2 -12 -3 -13 -3 -13 -3 -13 -3 -13 -3 -13 -3 -13 -4 -14 -3 -14 -3 -14 -4 -14 -4 -14 -4 -14 -4 -15 -4 -14 -4 -14 -4 -14 -4 -15 0 0 0 0 0 0 0 0 0 0
1784740895.917599,52538,-43,11,1,5,1,-95,1,617425787,128,0 0 0 0 0 0 0 0 0 0 0 0 0 -7 0 -7 0 -8 1 -8 1 -8 1 -8 1 -8 2 -8 2 -9 2 -9 2 -9 3 -9 3 -9 3 -9 3 -10 4 -10 4 -10 4 -10 4 -10 4 -10 4 -10 5 -11 5 -11 5 -11 5 -11 5 -11 0 0 5 -11 5 -11 4 -11 5 -12 4 -11 5 -11 5 -11 4 -12 4 -12 4 -13 4 -13 4 -13 4 -12 4 -13 3 -14 3 -14 4 -14 4 -14 3 -14 3 -14 3 -14 3 -14 3 -14 3 -15 3 -14 3 -15 0 0 0 0 0 0 0 0 0 0
1784740895.945435,52539,-44,11,1,7,1,-95,1,617432141,128,0 0 0 0 0 0 0 0 0 0 0 0 -7 3 -7 2 -7 2 -8 2 -8 2 -8 2 -8 1 -9 1 -9 1 -9 1 -9 1 -9 1 -10 1 -10 0 -10 1 -10 0 -11 0 -11 0 -11 0 -11 0 -11 0 -12 0 -12 0 -12 -1 -12 -1 -12 -1 0 0 -12 -1 -12 -1 -12 -1 -12 -1 -12 -1 -12 -1 -12 0 -13 0 -13 0 -13 0 -13 0 -13 1 -13 1 -13 0 -13 1 -14 1 -13 1 -14 1 -14 1 -14 1 -14 1 -14 1 -14 1 -14 1 -15 1 -14 1 0 0 0 0 0 0 0 0 0 0
1784740895.945435,52540,-44,11,1,7,1,-95,1,617443015,128,0 0 0 0 0 0 0 0 0 0 0 0 -7 -4 -7 -4 -7 -5 -7 -5 -7 -6 -7 -5 -7 -5 -7 -5 -7 -6 -7 -6 -7 -7 -7 -7 -7 -8 -7 -9 -8 -8 -7 -9 -7 -8 -7 -9 -7 -9 -7 -10 -8 -10 -7 -10 -7 -10 -7 -11 -7 -10 -8 -10 0 0 -7 -10 -7 -11 -8 -10 -8 -11 -7 -10 -8 -11 -8 -10 -9 -10 -8 -10 -10 -10 -8 -11 -9 -10 -9 -11 -9 -10 -10 -11 -10 -10 -10 -10 -10 -11 -10 -11 -10 -10 -11 -11 -11 -10 -11 -11 -11 -11 -10 -11 -11 -11 0 0 0 0 0 0 0 0 0 0
1784740895.945435,52541,-44,11,1,7,1,-95,1,617452497,128,0 0 0 0 0 0 0 0 0 0 0 0 6 2 6 3 6 3 6 3 6 3 6 3 6 4 6 4 7 4 6 5 6 5 6 6 6 6 7 6 7 6 7 6 7 6 7 7 7 7 7 7 7 7 7 7 7 8 7 8 7 8 7 8 0 0 7 8 8 8 7 8 8 8 8 7 8 8 8 7 8 8 9 7 9 8 9 7 9 7 9 7 9 7 10 7 10 6 11 7 10 7 10 7 11 7 11 7 11 6 11 7 11 7 11 7 11 7 0 0 0 0 0 0 0 0 0 0
1784740895.945435,52542,-41,11,1,7,0,-95,1,617461963,128,0 0 0 0 0 0 0 0 0 0 0 0 5 -6 5 -6 6 -6 6 -6 6 -6 7 -6 7 -6 7 -6 8 -6 8 -6 9 -6 9 -6 9 -6 10 -6 10 -6 10 -5 11 -5 11 -5 11 -6 11 -5 12 -5 12 -5 11 -5 12 -5 12 -5 12 -5 0 0 12 -5 12 -5 12 -5 12 -5 12 -5 13 -5 12 -5 12 -6 12 -6 12 -6 13 -6 12 -6 12 -6 13 -6 12 -7 13 -7 13 -7 13 -8 13 -8 13 -8 13 -8 13 -8 13 -8 14 -8 13 -8 13 -8 0 0 0 0 0 0 0 0 0 0
1784740895.980529,52543,-44,11,1,7,1,-95,1,617472011,128,0 0 0 0 0 0 0 0 0 0 0 0 3 -7 4 -7 5 -6 5 -6 5 -6 5 -6 6 -6 6 -6 6 -6 7 -6 7 -6 7 -6 7 -6 8 -6 8 -7 9 -6 9 -6 9 -6 10 -6 9 -6 10 -6 10 -5 10 -6 10 -6 10 -6 10 -5 0 0 10 -6 10 -6 10 -5 10 -6 10 -6 10 -6 10 -6 10 -6 11 -6 10 -7 10 -7 10 -7 10 -7 10 -8 10 -8 10 -8 10 -8 10 -8 10 -8 11 -8 10 -8 11 -8 10 -8 10 -9 10 -9 10 -9 0 0 0 0 0 0 0 0 0 0
1784740895.980529,52544,-43,11,1,7,1,-95,1,617486336,128,0 0 0 0 0 0 0 0 0 0 0 0 4 6 4 6 3 7 3 7 3 7 3 8 3 8 3 8 2 8 2 8 2 9 2 9 2 10 2 10 2 10 1 10 1 11 1 11 1 11 1 11 1 11 1 12 1 11 0 11 0 11 1 12 0 0 0 12 0 12 0 12 0 12 1 12 1 12 1 12 1 12 1 12 2 12 2 12 2 12 2 12 2 12 2 12 2 13 2 12 3 13 3 12 3 13 3 13 4 13 3 13 3 13 4 13 4 13 0 0 0 0 0 0 0 0 0 0
1784740895.980529,52545,-43,11,1,7,1,-95,1,617494888,128,0 0 0 0 0 0 0 0 0 0 0 0 5 4 6 5 5 5 5 6 5 6 5 6 5 6 5 7 5 7 4 7 5 8 5 8 4 8 4 8 4 9 4 9 4 10 4 9 4 10 4 10 4 10 4 10 4 10 3 10 3 10 4 11 0 0 3 11 3 10 3 11 3 10 4 11 4 11 4 10 4 10 4 10 5 10 5 11 5 10 5 11 5 11 5 10 6 11 5 11 6 11 6 11 6 11 6 11 6 11 6 10 6 11 7 11 7 11 0 0 0 0 0 0 0 0 0 0
1784740895.993372,52546,-43,11,1,7,1,-95,1,617502239,128,0 0 0 0 0 0 0 0 0 0 0 0 4 -7 4 -7 5 -7 5 -6 6 -6 6 -6 6 -6 6 -7 7 -7 7 -6 8 -6 8 -6 8 -6 8 -6 8 -6 9 -6 9 -6 10 -6 9 -6 10 -6 10 -6 10 -6 10 -6 10 -5 10 -5 10 -5 0 0 10 -6 10 -6 10 -5 11 -6 10 -6 10 -6 10 -6 10 -7 10 -7 10 -7 10 -7 10 -7 10 -7 10 -8 10 -8 10 -8 10 -8 10 -9 10 -9 10 -9 10 -9 10 -9 10 -9 10 -9 10 -9 10 -10 0 0 0 0 0 0 0 0 0 0
1784740896.009392,52547,-43,11,1,7,1,-95,1,617511985,128,0 0 0 0 0 0 0 0 0 0 0 0 -8 -4 -7 -4 -8 -5 -7 -5 -8 -5 -7 -6 -8 -6 -7 -6 -8 -6 -7 -7 -7 -8 -7 -8 -7 -8 -7 -8 -7 -8 -8 -9 -8 -9 -8 -9 -7 -9 -8 -9 -8 -10 -8 -10 -7 -10 -7 -10 -7 -10 -7 -11 0 0 -7 -10 -8 -11 -7 -10 -8 -11 -8 -10 -8 -10 -8 -10 -8 -10 -8 -10 -9 -11 -9 -10 -9 -10 -9 -10 -9 -10 -10 -10 -10 -10 -10 -10 -10 -10 -10 -10 -11 -10 -11 -10 -11 -9 -11 -10 -11 -10 -10 -10 -10 -10 0 0 0 0 0 0 0 0 0 0
1784740896.025548,52548,-42,11,1,6,1,-95,1,617523421,128,0 0 0 0 0 0 0 0 0 0 0 0 -8 0 -8 -1 -9 -1 -8 -2 -8 -2 -9 -2 -9 -2 -9 -3 -9 -3 -9 -3 -10 -4 -10 -4 -10 -4 -10 -4 -10 -4 -11 -5 -11 -5 -11 -5 -11 -5 -11 -5 -11 -5 -11 -5 -11 -6 -11 -6 -11 -6 -11 -6 0 0 -11 -6 -11 -6 -11 -6 -12 -6 -11 -6 -12 -6 -12 -5 -12 -5 -12 -5 -13 -5 -12 -5 -12 -5 -12 -5 -12 -5 -13 -4 -13 -4 -13 -5 -14 -4 -13 -4 -14 -4 -14 -4 -14 -4 -14 -4 -14 -4 -14 -4 -14 -4 0 0 0 0 0 0 0 0 0 0
1784740896.025548,52549,-42,11,1,7,1,-95,1,617535272,128,0 0 0 0 0 0 0 0 0 0 0 0 2 7 2 7 1 7 1 7 1 8 0 8 0 8 0 8 0 8 0 9 -1 9 -1 9 -1 9 -1 10 -1 10 -1 10 -1 10 -2 10 -2 10 -2 11 -2 11 -2 11 -2 11 -3 11 -3 11 -3 11 0 0 -3 11 -3 12 -3 11 -2 12 -2 11 -2 11 -2 11 -2 12 -2 11 -2 12 -2 12 -1 12 -1 12 -2 12 -1 13 -1 12 -1 13 -1 13 -1 13 0 13 0 13 0 13 -1 13 -1 13 0 13 0 13 0 0 0 0 0 0 0 0 0 0
1784740896.025548,52550,-42,11,1,7,1,-95,1,617542213,128,0 0 0 0 0 0 0 0 0 0 0 0 -7 -4 -7 -4 -7 -5 -7 -5 -6 -5 -7 -6 -7 -6 -7 -6 -7 -6 -6 -7 -7 -7 -7 -7 -7 -7 -7 -8 -7 -8 -7 -8 -7 -9 -7 -9 -7 -9 -6 -9 -6 -9 -6 -10 -6 -10 -7 -10 -6 -10 -6 -10 0 0 -6 -10 -7 -10 -7 -10 -7 -10 -7 -10 -7 -10 -7 -10 -7 -10 -7 -10 -8 -10 -8 -10 -8 -10 -8 -10 -8 -10 -9 -10 -9 -10 -8 -10 -9 -10 -9 -11 -9 -11 -9 -10 -9 -10 -9 -10 -9 -10 -9 -10 -9 -10 0 0 0 0 0 0 0 0 0 0
1784740896.041779,52551,-39,11,1,7,0,-95,1,617551935,128,0 0 0 0 0 0 0 0 0 0 0 0 -6 4 -7 4 -7 4 -7 4 -8 4 -8 4 -8 4 -8 3 -9 3 -9 3 -9 3 -10 3 -10 3 -10 3 -10 3 -11 3 -11 3 -11 3 -11 3 -12 2 -12 3 -12 2 -12 2 -12 2 -12 2 -13 2 0 0 -13 2 -13 2 -13 2 -13 2 -13 3 -13 3 -13 3 -13 3 -13 3 -13 3 -13 3 -13 4 -13 4 -13 4 -13 4 -13 4 -14 5 -14 4 -13 5 -14 5 -14 5 -14 5 -14 5 -14 5 -14 5 -14 5 0 0 0 0 0 0 0 0 0 0
1784740896.058548,52552,-42,11,1,7,1,-95,1,617562112,128,0 0 0 0 0 0 0 0 0 0 0 0 1 -7 2 -7 2 -8 3 -7 3 -8 3 -8 3 -8 4 -8 4 -8 5 -8 5 -8 5 -8 5 -8 6 -8 5 -8 6 -9 6 -8 7 -9 7 -9 7 -9 7 -9 7 -9 7 -9 7 -9 7 -9 8 -9 0 0 8 -9 8 -10 8 -9 8 -10 7 -9 8 -10 7 -10 7 -10 7 -10 8 -11 8 -10 7 -11 8 -11 7 -11 8 -12 7 -11 8 -12 7 -11 7 -12 7 -12 7 -12 7 -12 8 -13 8 -12 7 -12 7 -13 0 0 0 0 0 0 0 0 0 0
1784740896.122082,52553,-44,11,1,6,1,-95,1,617625159,128,0 0 0 0 0 0 0 0 0 0 0 0 6 -2 6 -2 6 -1 6 -1 6 0 6 -1 6 -1 7 -1 7 -1 7 0 7 1 8 1 8 1 8 1 8 1 8 1 9 1 9 1 9 1 9 1 9 1 9 1 9 1 9 2 9 2 9 2 0 0 10 1 10 1 10 1 11 1 10 1 10 1 10 1 11 1 11 1 12 1 11 1 11 1 11 1 11 1 12 0 12 0 12 1 12 0 13 0 13 -1 13 0 13 -1 13 0 14 1 13 0 14 0 0 0 0 0 0 0 0 0 0 0
1784740896.122082,52554,-44,11,1,7,1,-95,1,617627084,128,0 0 0 0 0 0 0 0 0 0 0 0 -5 -5 -5 -5 -5 -6 -4 -6 -4 -6 -5 -6 -4 -6 -5 -7 -4 -8 -4 -8 -4 -7 -4 -7 -5 -8 -5 -8 -5 -9 -4 -9 -4 -9 -4 -9 -4 -9 -4 -10 -4 -10 -3 -10 -4 -10 -4 -10 -4 -10 -5 -10 0 0 -4 -11 -4 -11 -3 -11 -4 -10 -4 -11 -4 -11 -4 -12 -4 -11 -4 -12 -5 -11 -5 -11 -6 -11 -6 -12 -5 -12 -5 -12 -5 -12 -5 -12 -6 -13 -6 -13 -6 -13 -6 -13 -6 -13 -6 -13 -6 -13 -7 -13 -7 -14 0 0 0 0 0 0 0 0 0 0
1784740896.122082,52555,-44,11,1,6,1,-95,1,617633463,128,0 0 0 0 0 0 0 0 0 0 0 0 4 4 4 4 4 4 4 4 4 5 4 5 4 5 4 5 4 5 4 6 4 6 4 6 4 7 4 7 4 7 4 7 4 8 4 7 4 8 4 8 4 8 4 8 4 8 4 8 4 8 4 9 0 0 5 9 5 9 4 9 5 9 5 9 5 9 5 9 5 9 6 9 6 10 6 10 6 10 6 10 6 10 7 10 7 10 7 10 7 10 7 10 7 10 8 10 8 10 8 10 7 11 8 11 8 11 0 0 0 0 0 0 0 0 0 0
1784740896.137866,52556,-44,11,1,7,1,-95,1,617642747,128,0 0 0 0 0 0 0 0 0 0 0 0 0 -6 0 -6 1 -7 1 -6 1 -7 1 -6 1 -7 1 -7 2 -7 2 -7 2 -7 3 -7 3 -7 3 -7 3 -7 3 -8 3 -8 3 -8 3 -8 3 -9 3 -8 3 -9 4 -9 4 -9 4 -8 4 -9 0 0 4 -9 4 -10 4 -9 4 -10 3 -10 3 -10 3 -10 4 -10 3 -10 4 -12 4 -11 3 -11 3 -11 3 -11 3 -13 3 -12 4 -13 3 -13 3 -12 3 -13 3 -13 3 -13 4 -14 4 -14 4 -13 4 -14 0 0 0 0 0 0 0 0 0 0
1784740896.137866,52557,-43,11,1,7,1,-95,1,617652039,128,0 0 0 0 0 0 0 0 0 0 0 0 -3 -6 -2 -6 -2 -6 -2 -6 -2 -7 -2 -7 -2 -7 -2 -7 -2 -7 -1 -8 -1 -8 -1 -8 -1 -8 -1 -8 -1 -8 -1 -9 -1 -8 -1 -9 -1 -9 -1 -9 -1 -9 -1 -9 -1 -10 -1 -10 -1 -10 -1 -10 0 0 -1 -10 -1 -11 -1 -10 -1 -11 -2 -11 -2 -11 -2 -11 -2 -11 -2 -11 -2 -12 -2 -12 -2 -12 -2 -12 -2 -12 -3 -13 -3 -12 -2 -13 -3 -13 -3 -13 -3 -13 -3 -14 -3 -13 -3 -14 -3 -15 -3 -14 -3 -14 0 0 0 0 0 0 0 0 0 0
1784740896.153945,52558,-44,11,1,7,1,-95,1,617662254,128,0 0 0 0 0 0 0 0 0 0 0 0 2 -6 2 -6 3 -6 3 -6 3 -6 3 -6 3 -6 3 -6 4 -6 3 -6 4 -6 4 -6 4 -7 5 -7 5 -7 5 -7 5 -7 5 -7 5 -7 6 -7 6 -7 6 -7 6 -8 6 -7 6 -8 7 -8 0 0 6 -8 6 -8 7 -8 6 -9 6 -9 7 -9 7 -9 7 -9 7 -9 7 -10 7 -10 7 -10 7 -11 7 -11 7 -11 7 -11 7 -11 7 -11 7 -11 8 -12 8 -12 8 -12 7 -12 8 -12 8 -13 8 -13 0 0 0 0 0 0 0 0 0 0
1784740896.169913,52559,-44,11,1,6,1,-95,1,617673655,128,0 0 0 0 0 0 0 0 0 0 0 0 -5 3 -5 2 -6 2 -6 2 -6 2 -6 2 -6 2 -6 2 -6 2 -7 2 -7 2 -7 2 -7 2 -8 2 -8 2 -8 2 -8 2 -8 2 -9 2 -9 2 -9 2 -9 2 -9 2 -9 2 -10 2 -10 3 0 0 -10 2 -10 2 -11 2 -11 3 -10 2 -10 3 -11 3 -11 3 -11 3 -11 3 -12 3 -12 4 -12 3 -12 3 -12 4 -13 4 -12 4 -13 4 -13 4 -13 4 -13 5 -13 4 -13 4 -14 4 -14 4 -14 4 0 0 0 0 0 0 0 0 0 0
1784740896.181199,52560,-44,11,1,6,1,-95,1,617684373,128,0 0 0 0 0 0 0 0 0 0 0 0 4 3 4 3 4 3 4 3 4 3 4 3 4 3 4 4 4 4 5 4 5 4 5 5 4 5 5 5 4 6 5 5 5 6 6 6 5 6 6 6 6 7 6 7 6 7 6 7 6 8 6 8 0 0 6 8 7 8 6 8 7 8 7 8 7 8 7 8 7 8 7 8 8 9 7 9 8 9 8 9 8 9 9 9 9 8 9 9 9 9 9 9 9 9 10 9 10 9 10 10 10 10 9 10 10 10 0 0 0 0 0 0 0 0 0 0
1784740896.185813,52561,-44,11,1,6,1,-95,1,617694146,128,0 0 0 0 0 0 0 0 0 0 0 0 -6 -2 -6 -2 -6 -2 -6 -2 -6 -3 -6 -3 -6 -3 -6 -3 -6 -3 -6 -3 -7 -4 -7 -4 -7 -4 -7 -4 -8 -4 -8 -4 -8 -5 -8 -5 -8 -5 -9 -5 -8 -5 -9 -6 -9 -6 -9 -6 -9 -6 -9 -7 0 0 -9 -7 -10 -7 -10 -7 -10 -7 -10 -7 -10 -7 -10 -7 -10 -7 -10 -7 -11 -7 -11 -7 -11 -7 -11 -7 -11 -7 -12 -7 -12 -7 -12 -7 -12 -7 -12 -7 -13 -7 -13 -7 -13 -7 -13 -8 -13 -8 -13 -8 -13 -8 0 0 0 0 0 0 0 0 0 0
1784740896.185813,52562,-44,11,1,6,1,-95,1,617703683,128,0 0 0 0 0 0 0 0 0 0 0 0 -5 2 -5 2 -5 2 -5 2 -6 1 -6 2 -6 2 -7 2 -7 2 -7 2 -7 2 -7 2 -8 2 -8 1 -8 2 -8 1 -9 2 -9 2 -9 1 -10 1 -10 2 -10 1 -10 1 -11 1 -11 1 -11 1 0 0 -12 1 -12 1 -12 1 -12 1 -12 1 -12 1 -12 1 -12 2 -12 1 -12 2 -13 2 -13 2 -13 2 -13 2 -13 2 -14 2 -13 2 -14 2 -14 2 -14 3 -14 3 -14 3 -14 3 -15 3 -15 2 -15 3 0 0 0 0 0 0 0 0 0 0
1784740896.203232,52563,-44,11,1,7,1,-95,1,617712916,128,0 0 0 0 0 0 0 0 0 0 0 0 1 4 1 4 0 4 0 5 0 5 0 5 0 5 0 6 0 6 0 6 0 6 0 7 -1 7 -1 7 -1 8 -1 8 -1 8 -1 8 -1 9 -2 9 -2 9 -2 9 -2 9 -2 10 -2 10 -3 10 0 0 -3 10 -3 10 -3 11 -3 10 -3 11 -3 11 -3 11 -3 11 -3 11 -2 12 -3 12 -2 12 -3 12 -3 13 -3 12 -3 13 -3 12 -3 13 -3 13 -3 13 -2 13 -3 14 -2 13 -2 13 -2 14 -2 14 0 0 0 0 0 0 0 0 0 0
1784740896.218188,52564,-44,11,1,7,1,-95,1,617721939,128,0 0 0 0 0 0 0 0 0 0 0 0 -3 3 -4 3 -4 3 -4 3 -4 3 -4 3 -5 3 -5 3 -5 3 -6 4 -6 3 -6 4 -7 4 -7 4 -7 4 -7 4 -7 4 -8 4 -8 4 -8 4 -8 5 -9 4 -9 5 -9 4 -9 4 -10 4 0 0 -10 5 -10 5 -10 5 -10 5 -10 5 -10 5 -10 5 -10 5 -11 5 -11 6 -11 6 -11 6 -11 6 -11 6 -11 6 -11 7 -11 7 -11 7 -11 7 -12 8 -11 8 -11 8 -12 8 -12 8 -12 8 -12 8 0 0 0 0 0 0 0 0 0 0
1784740896.218188,52565,-44,11,1,7,1,-95,1,617731964,128,0 0 0 0 0 0 0 0 0 0 0 0 4 2 4 2 4 3 4 3 4 3 4 3 4 3 4 4 4 4 4 4 4 5 4 5 4 5 4 5 5 5 5 6 5 6 5 6 5 7 5 6 5 7 5 7 6 7 5 7 5 8 5 8 0 0 5 8 6 9 5 9 6 9 6 9 6 9 6 9 6 9 6 9 7 10 6 10 6 10 6 10 6 10 7 10 7 10 7 11 7 10 8 10 8 10 8 10 8 10 8 11 8 12 8 11 8 11 0 0 0 0 0 0 0 0 0 0
1784740896.238323,52566,-45,11,1,6,1,-95,1,617743988,128,0 0 0 0 0 0 0 0 0 0 0 0 -5 3 -5 2 -5 3 -5 2 -6 2 -5 2 -6 2 -6 2 -6 2 -7 2 -7 2 -7 2 -7 2 -7 2 -7 2 -8 3 -8 2 -8 3 -8 2 -9 2 -9 3 -9 3 -9 3 -10 2 -9 2 -10 3 0 0 -10 3 -11 3 -10 3 -11 3 -11 3 -11 3 -11 3 -11 3 -11 3 -12 4 -12 4 -12 3 -12 3 -12 4 -13 5 -12 4 -13 4 -13 4 -13 5 -13 5 -13 5 -13 5 -14 5 -14 4 -13 4 -14 5 0 0 0 0 0 0 0 0 0 0
1784740896.238323,52567,-45,11,1,6,1,-95,1,617753618,128,0 0 0 0 0 0 0 0 0 0 0 0 -4 -4 -4 -5 -4 -5 -4 -5 -4 -6 -4 -6 -4 -6 -4 -6 -4 -6 -4 -6 -4 -6 -4 -7 -4 -7 -4 -7 -4 -7 -4 -7 -4 -8 -4 -8 -4 -8 -5 -8 -5 -8 -5 -8 -5 -9 -5 -9 -5 -9 -5 -9 0 0 -5 -9 -5 -10 -5 -10 -6 -10 -6 -10 -6 -10 -6 -10 -6 -11 -6 -11 -7 -11 -7 -11 -7 -11 -7 -11 -7 -11 -7 -11 -7 -12 -7 -12 -8 -12 -8 -12 -8 -12 -8 -12 -8 -12 -8 -12 -8 -13 -8 -12 -8 -13 0 0 0 0 0 0 0 0 0 0
1784740896.250641,52568,-46,11,1,5,1,-95,1,617766060,128,0 0 0 0 0 0 0 0 0 0 0 0 -4 -5 -4 -6 -3 -6 -3 -6 -3 -6 -3 -6 -3 -6 -3 -6 -3 -6 -3 -6 -3 -7 -3 -7 -3 -7 -3 -7 -3 -7 -4 -7 -4 -8 -4 -7 -4 -8 -4 -8 -4 -8 -4 -8 -4 -8 -4 -9 -5 -9 -5 -9 0 0 -5 -9 -5 -9 -5 -10 -5 -10 -5 -10 -6 -10 -6 -10 -6 -10 -7 -10 -7 -11 -7 -11 -7 -11 -7 -11 -7 -12 -7 -11 -8 -12 -7 -11 -8 -12 -8 -12 -8 -12 -8 -12 -8 -12 -8 -12 -8 -12 -8 -12 -8 -13 0 0 0 0 0 0 0 0 0 0
1784740896.266593,52569,-47,11,1,7,1,-95,1,617772251,128,0 0 0 0 0 0 0 0 0 0 0 0 -6 -3 -6 -3 -6 -3 -6 -4 -6 -4 -6 -4 -6 -4 -6 -4 -6 -4 -6 -4 -6 -4 -6 -4 -6 -5 -6 -4 -7 -5 -6 -4 -7 -5 -7 -4 -7 -5 -8 -5 -8 -5 -8 -5 -8 -5 -8 -5 -8 -5 -9 -5 0 0 -9 -5 -9 -5 -10 -6 -9 -5 -10 -5 -10 -5 -11 -5 -11 -5 -11 -5 -12 -5 -11 -6 -11 -6 -12 -6 -12 -6 -12 -6 -13 -7 -12 -6 -13 -7 -13 -6 -13 -6 -13 -6 -13 -6 -13 -7 -13 -7 -13 -7 -14 -7 0 0 0 0 0 0 0 0 0 0
1784740896.281823,52570,-49,11,1,6,1,-95,1,617783269,128,0 0 0 0 0 0 0 0 0 0 0 0 -6 -4 -5 -4 -5 -5 -5 -5 -5 -5 -5 -5 -5 -5 -5 -5 -5 -5 -5 -5 -5 -5 -5 -6 -5 -6 -5 -6 -5 -5 -6 -6 -6 -6 -6 -6 -6 -6 -6 -6 -7 -6 -7 -6 -7 -6 -7 -6 -7 -6 -7 -7 0 0 -8 -7 -9 -7 -8 -7 -9 -7 -9 -7 -9 -7 -9 -7 -10 -8 -10 -8 -11 -8 -11 -8 -11 -8 -11 -8 -11 -8 -12 -8 -11 -8 -12 -9 -12 -9 -12 -9 -12 -9 -12 -9 -12 -9 -12 -10 -12 -10 -12 -10 -12 -10 0 0 0 0 0 0 0 0 0 0
1784740896.281823,52571,-49,11,1,7,1,-95,1,617792064,128,0 0 0 0 0 0 0 0 0 0 0 0 -6 2 -6 2 -6 2 -6 1 -7 1 -6 1 -7 1 -6 1 -7 1 -7 1 -7 1 -7 1 -7 1 -7 1 -7 2 -8 2 -7 2 -8 2 -7 2 -8 3 -8 3 -8 3 -8 3 -9 2 -8 3 -9 3 0 0 -9 3 -9 4 -9 4 -10 5 -9 4 -10 4 -10 5 -10 5 -10 5 -11 6 -11 6 -11 6 -11 6 -11 6 -12 7 -11 7 -12 7 -12 7 -12 7 -13 7 -12 6 -12 7 -13 7 -13 7 -13 7 -13 7 0 0 0 0 0 0 0 0 0 0
1784740896.297808,52572,-47,11,1,5,1,-95,1,617804626,128,0 0 0 0 0 0 0 0 0 0 0 0 -5 2 -6 2 -6 2 -6 2 -6 2 -6 2 -7 2 -7 2 -7 2 -7 2 -7 1 -7 1 -7 1 -7 1 -8 2 -8 2 -8 2 -8 2 -8 2 -8 2 -8 2 -8 2 -9 3 -9 3 -9 3 -9 3 0 0 -10 3 -10 4 -10 4 -10 4 -10 4 -11 4 -11 4 -11 5 -11 5 -12 5 -12 5 -12 6 -12 5 -12 5 -12 6 -13 6 -13 6 -13 6 -13 6 -13 6 -14 6 -14 6 -14 6 -14 6 -14 6 -14 6 0 0 0 0 0 0 0 0 0 0
1784740896.297808,52573,-45,11,1,7,0,-95,1,617811988,128,0 0 0 0 0 0 0 0 0 0 0 0 4 1 4 1 4 2 4 2 5 2 4 2 4 2 4 3 4 3 4 2 4 3 4 3 4 3 4 4 5 4 4 3 4 3 5 3 5 4 5 3 5 4 6 4 5 4 5 5 6 4 6 4 0 0 6 5 6 5 7 5 7 5 7 4 7 5 8 5 8 5 7 5 9 5 8 6 8 5 8 5 8 6 9 6 9 6 9 7 10 6 9 6 10 6 10 7 10 7 10 7 10 7 10 7 10 7 0 0 0 0 0 0 0 0 0 0
1784740896.313631,52574,-47,11,1,6,1,-95,1,617828465,128,0 0 0 0 0 0 0 0 0 0 0 0 2 5 2 5 1 5 1 6 1 6 1 6 1 6 1 6 0 6 0 6 0 6 0 7 0 7 0 7 0 7 0 7 1 7 0 7 1 7 1 8 1 8 1 8 1 8 1 8 1 9 1 9 0 0 1 10 1 10 1 10 1 10 2 10 2 10 2 11 2 11 2 11 2 12 2 12 3 12 2 12 2 13 3 12 3 13 3 13 3 13 3 13 3 14 3 14 3 14 3 14 3 15 3 15 3 15 0 0 0 0 0 0 0 0 0 0
1784740896.329571,52575,-47,11,1,6,1,-95,1,617832499,128,0 0 0 0 0 0 0 0 0 0 0 0 -6 -1 -6 -1 -7 -1 -7 -2 -7 -2 -7 -2 -7 -2 -7 -2 -7 -3 -7 -3 -7 -3 -7 -3 -7 -3 -7 -3 -7 -3 -7 -3 -7 -3 -8 -3 -8 -3 -8 -3 -8 -3 -8 -4 -9 -3 -9 -3 -9 -3 -9 -3 0 0 -10 -4 -10 -4 -10 -4 -10 -4 -10 -4 -11 -4 -11 -4 -11 -4 -11 -4 -12 -4 -12 -4 -12 -4 -12 -4 -12 -4 -13 -4 -13 -5 -13 -5 -13 -5 -14 -5 -14 -5 -14 -5 -14 -5 -14 -5 -14 -5 -14 -5 -15 -5 0 0 0 0 0 0 0 0 0 0
1784740896.339983,52576,-46,11,1,5,1,-95,1,617845284,128,0 0 0 0 0 0 0 0 0 0 0 0 -3 6 -3 6 -4 6 -4 6 -4 6 -4 6 -5 6 -5 6 -5 6 -6 6 -6 6 -6 6 -6 6 -6 6 -6 6 -6 6 -6 6 -6 6 -6 6 -6 6 -6 7 -6 7 -7 7 -7 7 -7 7 -7 7 0 0 -7 7 -7 8 -7 8 -7 9 -7 9 -7 9 -7 9 -7 9 -7 9 -8 10 -8 10 -8 10 -8 10 -8 10 -8 11 -8 11 -8 11 -8 11 -8 11 -8 12 -8 11 -8 12 -9 12 -9 11 -9 11 -9 11 0 0 0 0 0 0 0 0 0 0
1784740896.345584,52577,-46,11,1,5,1,-95,1,617855231,128,0 0 0 0 0 0 0 0 0 0 0 0 -6 3 -7 3 -7 2 -7 2 -8 2 -8 2 -8 2 -8 2 -8 2 -9 1 -9 1 -9 1 -9 1 -9 1 -10 1 -10 1 -10 1 -10 1 -10 1 -10 1 -11 1 -11 1 -11 1 -11 0 -11 0 -11 1 0 0 -11 1 -12 1 -12 1 -12 1 -12 2 -12 2 -12 2 -12 2 -13 2 -13 2 -13 2 -13 3 -13 2 -14 2 -14 3 -14 3 -14 2 -14 3 -14 3 -14 3 -15 3 -14 3 -14 3 -15 3 -15 3 -15 3 0 0 0 0 0 0 0 0 0 0
1784740896.345584,52578,-46,11,1,6,1,-95,1,617863153,128,0 0 0 0 0 0 0 0 0 0 0 0 6 -1 6 0 6 0 6 0 6 1 6 1 7 1 7 1 7 1 7 2 7 2 7 2 7 2 8 2 8 2 8 3 8 3 8 3 8 3 9 3 9 3 9 3 9 3 9 3 9 4 9 3 0 0 10 4 10 3 10 3 10 3 10 3 10 3 10 3 11 3 11 3 12 3 12 3 11 3 11 3 11 3 12 3 12 3 12 4 13 3 13 3 13 3 13 3 13 3 13 4 13 4 13 4 13 4 0 0 0 0 0 0 0 0 0 0
1784740896.361705,52579,-46,11,1,6,1,-95,1,617871992,128,0 0 0 0 0 0 0 0 0 0 0 0 0 6 0 6 0 6 -1 6 -1 6 -1 6 -1 6 -1 7 -1 7 -1 7 -2 7 -2 7 -2 7 -2 8 -2 8 -2 8 -2 8 -2 9 -2 9 -2 9 -2 9 -2 9 -2 10 -3 10 -3 9 -3 10 0 0 -2 10 -2 11 -2 10 -2 11 -2 10 -2 11 -2 11 -1 11 -2 12 -2 12 -2 12 -2 12 -2 12 -2 12 -1 13 -1 13 -2 13 -1 13 -1 13 -1 13 -1 13 -1 14 -1 14 -2 14 -1 14 -1 14 0 0 0 0 0 0 0 0 0 0
1784740896.382413,52580,-45,11,1,6,1,-95,1,617881999,128,0 0 0 0 0 0 0 0 0 0 0 0 -3 5 -4 5 -4 4 -4 4 -5 5 -5 5 -5 4 -5 5 -5 5 -6 5 -6 4 -6 5 -6 5 -7 5 -7 5 -7 5 -7 5 -7 5 -8 5 -8 6 -8 6 -8 6 -8 6 -9 6 -9 6 -9 6 0 0 -9 6 -9 6 -9 6 -9 6 -9 7 -9 7 -9 7 -9 8 -10 7 -10 8 -10 7 -10 8 -10 8 -10 8 -10 8 -10 8 -11 8 -10 9 -10 9 -10 9 -11 9 -11 9 -11 9 -11 9 -11 9 -11 9 0 0 0 0 0 0 0 0 0 0
1784740896.382413,52581,-45,11,1,6,1,-95,1,617892037,128,0 0 0 0 0 0 0 0 0 0 0 0 6 0 6 1 6 2 7 2 6 3 5 3 3 3 7 0 8 2 8 3 7 6 5 0 7 0 10 3 5 3 6 2 8 1 8 1 7 2 7 0 10 -1 11 3 11 4 7 1 9 -3 11 -3 0 0 9 3 6 -1 9 -2 13 0 11 -2 10 -1 9 -2 10 -4 11 -2 10 -4 10 -6 13 -3 12 -3 10 -3 8 -5 6 -9 14 -7 13 -5 10 -4 11 -11 12 -9 12 -6 9 -7 9 -10 12 -9 10 -8 0 0 0 0 0 0 0 0 0 0
1784740896.397911,52582,-45,11,1,6,1,-95,1,617903497,128,0 0 0 0 0 0 0 0 0 0 0 0 -8 -2 -8 -2 -8 -3 -8 -3 -8 -4 -8 -4 -8 -4 -8 -4 -8 -5 -8 -5 -8 -5 -8 -5 -8 -5 -8 -6 -8 -6 -8 -6 -9 -6 -8 -6 -9 -7 -9 -7 -9 -7 -9 -7 -9 -6 -9 -7 -9 -7 -9 -7 0 0 -10 -7 -10 -7 -10 -7 -10 -7 -10 -7 -10 -7 -10 -7 -11 -7 -11 -7 -12 -7 -12 -7 -12 -7 -12 -7 -12 -7 -12 -7 -13 -7 -12 -7 -13 -7 -13 -7 -13 -7 -13 -7 -13 -7 -13 -7 -13 -7 -13 -7 -13 -8 0 0 0 0 0 0 0 0 0 0
1784740896.409608,52583,-44,11,1,6,1,-95,1,617913068,128,0 0 0 0 0 0 0 0 0 0 0 0 -7 -3 -7 -3 -7 -4 -7 -4 -7 -4 -7 -5 -7 -5 -7 -5 -7 -5 -7 -5 -7 -6 -7 -6 -7 -6 -7 -7 -7 -7 -7 -7 -8 -7 -8 -7 -8 -8 -8 -8 -8 -8 -8 -8 -8 -8 -8 -8 -8 -8 -8 -8 0 0 -8 -8 -8 -9 -9 -9 -9 -9 -9 -8 -9 -8 -9 -8 -10 -8 -10 -9 -10 -9 -10 -9 -11 -8 -11 -9 -11 -9 -11 -9 -11 -9 -11 -9 -11 -9 -12 -9 -12 -9 -12 -9 -12 -10 -12 -9 -12 -10 -12 -9 -12 -10 0 0 0 0 0 0 0 0 0 0
1784740896.425369,52584,-44,11,1,6,1,-95,1,617922052,128,0 0 0 0 0 0 0 0 0 0 0 0 1 -7 1 -7 2 -7 2 -7 2 -7 3 -7 3 -7 3 -8 3 -8 3 -8 4 -8 4 -8 4 -8 5 -8 5 -8 5 -8 5 -8 5 -9 6 -9 6 -9 6 -9 6 -9 6 -9 6 -9 6 -9 6 -10 0 0 7 -10 7 -9 7 -10 7 -10 6 -10 7 -10 7 -10 7 -11 7 -11 7 -11 7 -12 6 -12 7 -12 7 -12 7 -12 7 -12 7 -12 7 -13 8 -13 7 -13 8 -13 8 -13 8 -13 8 -13 8 -13 8 -13 0 0 0 0 0 0 0 0 0 0
1784740896.425369,52585,-44,11,1,5,1,-95,1,617933640,128,0 0 0 0 0 0 0 0 0 0 0 0 7 -3 7 -3 7 -2 8 -2 8 -2 8 -2 8 -1 8 -1 8 -1 8 -1 9 -1 9 -1 9 0 9 0 10 0 10 0 10 1 10 0 10 1 10 1 10 1 10 1 10 0 10 1 10 1 11 1 0 0 11 1 11 1 11 1 10 1 11 0 11 0 11 0 11 0 11 0 12 -1 12 -1 12 -1 12 -1 13 -1 12 -1 13 -1 12 -1 13 -1 13 -1 13 -1 14 -2 13 -1 13 -2 14 -2 14 -2 14 -2 0 0 0 0 0 0 0 0 0 0
1784740896.441515,52586,-44,11,1,6,1,-95,1,617942010,128,0 0 0 0 0 0 0 0 0 0 0 0 -1 -8 -1 -9 -1 -8 0 -9 0 -9 0 -9 0 -9 1 -10 1 -10 1 -9 1 -10 2 -10 2 -10 2 -10 2 -11 2 -10 3 -11 3 -10 3 -11 3 -11 3 -11 4 -11 3 -10 4 -11 4 -11 4 -11 0 0 4 -11 3 -11 4 -11 3 -11 3 -11 3 -11 3 -12 3 -12 3 -12 2 -12 2 -12 2 -12 2 -13 3 -13 2 -13 2 -13 2 -13 2 -14 2 -14 2 -14 2 -14 2 -14 2 -14 2 -14 2 -15 2 -15 0 0 0 0 0 0 0 0 0 0
1784740896.441515,52587,-44,11,1,6,1,-95,1,617952607,128,0 0 0 0 0 0 0 0 0 0 0 0 -5 5 -5 5 -6 5 -6 5 -6 5 -7 5 -7 5 -7 5 -7 5 -8 5 -8 4 -8 4 -9 4 -9 4 -9 4 -9 5 -9 5 -9 5 -10 5 -10 5 -10 5 -10 5 -10 5 -10 4 -10 4 -10 4 0 0 -10 5 -10 5 -10 5 -11 6 -10 6 -10 6 -10 6 -10 6 -10 7 -11 7 -11 7 -11 7 -11 6 -11 7 -11 8 -11 8 -12 8 -11 9 -11 8 -11 9 -12 9 -11 9 -13 9 -13 9 -13 9 -12 9 0 0 0 0 0 0 0 0 0 0
1784740896.457287,52588,-44,11,1,6,1,-95,1,617962182,128,0 0 0 0 0 0 0 0 0 0 0 0 6 2 6 3 6 3 6 3 6 4 6 3 6 4 6 4 6 4 6 4 6 4 7 5 6 5 7 5 7 5 6 5 7 6 7 6 7 6 7 6 7 6 7 6 8 6 7 6 7 6 8 6 0 0 8 6 8 6 8 6 8 6 8 6 8 6 8 6 9 6 9 6 9 6 10 6 10 6 10 5 10 6 10 6 11 6 11 6 11 6 12 6 12 6 12 6 12 6 12 6 12 6 12 7 12 7 0 0 0 0 0 0 0 0 0 0
1784740896.457287,52589,-44,11,1,6,1,-95,1,617972037,128,0 0 0 0 0 0 0 0 0 0 0 0 -1 -9 0 -9 1 -9 1 -9 1 -9 1 -9 2 -9 2 -10 2 -9 2 -9 2 -9 2 -10 3 -10 3 -10 3 -10 3 -10 4 -10 3 -10 4 -10 4 -10 3 -10 4 -10 4 -10 4 -10 4 -10 4 -11 0 0 4 -11 3 -11 4 -11 3 -11 3 -11 3 -11 3 -11 3 -12 3 -12 2 -12 2 -13 2 -13 2 -13 2 -13 2 -14 2 -14 2 -14 2 -14 2 -14 2 -14 2 -15 2 -15 2 -15 2 -15 2 -15 2 -16 0 0 0 0 0 0 0 0 0 0
1784740896.480697,52590,-44,11,1,6,1,-95,1,617982512,128,0 0 0 0 0 0 0 0 0 0 0 0 -4 7 -4 7 -5 7 -5 6 -6 7 -6 6 -6 6 -6 6 -6 6 -7 6 -7 6 -8 6 -8 6 -8 6 -8 6 -8 7 -8 6 -9 6 -9 6 -8 6 -9 6 -8 6 -9 6 -9 6 -9 6 -9 6 0 0 -9 6 -9 7 -8 7 -9 7 -8 7 -9 7 -8 8 -9 8 -8 8 -9 9 -9 9 -8 9 -8 9 -8 9 -9 10 -9 10 -9 10 -9 10 -9 11 -9 11 -9 11 -9 11 -9 11 -10 11 -10 11 -10 11 0 0 0 0 0 0 0 0 0 0
1784740896.488962,52591,-44,11,1,6,1,-95,1,617993105,128,0 0 0 0 0 0 0 0 0 0 0 0 -1 7 -1 8 -2 7 -3 8 -3 8 -3 8 -3 8 -3 8 -4 8 -3 8 -4 8 -4 8 -4 8 -4 8 -5 9 -5 8 -5 8 -5 8 -5 8 -6 8 -5 8 -5 8 -5 8 -5 8 -5 9 -5 9 0 0 -5 9 -5 8 -5 9 -5 9 -4 9 -5 9 -5 9 -4 10 -4 10 -4 10 -4 10 -3 11 -3 11 -4 11 -4 11 -4 12 -3 11 -3 12 -3 12 -3 12 -3 12 -4 13 -3 12 -2 13 -3 13 -3 13 0 0 0 0 0 0 0 0 0 0
1784740896.488962,52592,-41,11,1,6,0,-95,1,618006285,128,0 0 0 0 0 0 0 0 0 0 0 0 -9 2 -10 2 -10 1 -10 1 -11 1 -11 1 -11 0 -11 0 -11 0 -12 -1 -12 -1 -12 -2 -12 -2 -12 -2 -12 -2 -12 -2 -12 -3 -13 -2 -13 -3 -13 -3 -13 -3 -13 -3 -13 -3 -13 -3 -13 -3 -13 -3 0 0 -13 -3 -13 -3 -13 -3 -13 -3 -13 -2 -13 -3 -13 -3 -14 -2 -14 -2 -14 -2 -14 -2 -14 -1 -14 -1 -14 -1 -15 -1 -14 -1 -15 0 -15 0 -15 0 -15 0 -15 0 -16 0 -16 0 -16 0 -16 0 -16 1 0 0 0 0 0 0 0 0 0 0
1784740896.504972,52593,-44,11,1,6,1,-95,1,618012165,128,0 0 0 0 0 0 0 0 0 0 0 0 8 0 8 0 8 1 8 1 8 1 8 1 8 2 8 2 9 2 9 3 8 4 9 4 8 4 8 4 8 4 9 4 9 4 9 4 9 5 9 4 9 4 9 4 9 5 9 5 9 6 9 5 0 0 9 5 9 5 9 5 10 5 9 4 10 4 10 4 10 4 10 3 10 4 10 4 10 3 10 4 10 3 11 2 11 3 11 3 12 3 12 2 12 2 12 2 12 2 12 3 13 3 12 3 13 3 0 0 0 0 0 0 0 0 0 0
1784740896.521026,52594,-45,11,1,6,1,-95,1,618022027,128,0 0 0 0 0 0 0 0 0 0 0 0 7 4 6 4 6 4 6 5 6 5 5 5 6 5 6 5 6 6 6 6 5 6 5 7 5 7 5 7 5 7 5 7 5 7 5 8 5 8 6 8 5 8 5 8 5 8 5 8 5 8 5 8 0 0 6 8 5 8 5 8 6 8 6 8 6 8 6 8 7 8 7 8 7 8 7 8 7 8 7 8 8 8 8 7 8 8 8 8 8 8 9 8 9 8 9 8 9 8 9 8 9 8 9 8 10 8 0 0 0 0 0 0 0 0 0 0
1784740896.521026,52595,-45,11,1,6,1,-95,1,618032079,128,0 0 0 0 0 0 0 0 0 0 0 0 -9 -5 -9 -5 -8 -6 -8 -7 -8 -7 -8 -7 -8 -7 -8 -8 -7 -8 -7 -8 -7 -8 -7 -8 -7 -9 -7 -9 -7 -9 -7 -9 -7 -9 -7 -10 -7 -9 -7 -10 -7 -10 -7 -10 -7 -9 -7 -9 -6 -9 -7 -9 0 0 -7 -9 -7 -10 -7 -9 -8 -9 -8 -9 -8 -9 -8 -9 -8 -9 -8 -9 -9 -9 -9 -9 -9 -9 -9 -9 -9 -9 -10 -9 -10 -9 -10 -9 -10 -9 -10 -9 -11 -9 -11 -9 -11 -9 -11 -9 -11 -9 -11 -9 -11 -9 0 0 0 0 0 0 0 0 0 0
1784740896.537066,52596,-45,11,1,6,1,-95,1,618041902,128,0 0 0 0 0 0 0 0 0 0 0 0 6 -8 6 -7 7 -7 7 -6 8 -6 8 -6 8 -6 8 -6 8 -6 9 -5 9 -5 9 -5 9 -5 9 -4 9 -5 9 -5 9 -4 10 -5 9 -4 9 -5 9 -5 9 -5 9 -5 9 -4 9 -4 9 -4 0 0 9 -5 9 -5 9 -5 9 -6 9 -6 9 -6 9 -6 9 -7 9 -6 9 -7 9 -7 9 -7 9 -7 9 -7 9 -8 9 -8 10 -8 9 -8 9 -9 9 -9 10 -9 9 -9 10 -9 10 -9 10 -9 10 -9 0 0 0 0 0 0 0 0 0 0
1784740896.537066,52597,-45,11,1,7,1,-95,1,618051904,128,0 0 0 0 0 0 0 0 0 0 0 0 -10 2 -10 1 -10 1 -11 0 -10 0 -11 0 -11 -1 -11 -1 -11 -1 -10 -1 -11 -2 -11 -2 -11 -2 -11 -2 -11 -2 -10 -2 -11 -2 -10 -2 -11 -3 -10 -2 -10 -2 -10 -2 -10 -2 -10 -2 -10 -2 -10 -2 0 0 -10 -1 -10 -1 -11 -1 -10 -1 -10 0 -11 0 -10 0 -11 0 -11 1 -11 1 -11 1 -11 1 -12 1 -12 1 -12 2 -13 2 -12 2 -13 2 -13 2 -13 2 -13 2 -13 3 -13 2 -13 2 -13 3 -14 3 0 0 0 0 0 0 0 0 0 0
1784740896.552915,52598,-45,11,1,7,1,-95,1,618061939,128,0 0 0 0 0 0 0 0 0 0 0 0 -8 6 -8 6 -9 5 -10 5 -10 4 -10 4 -10 4 -10 4 -11 3 -10 3 -11 3 -11 3 -10 2 -11 2 -11 2 -11 1 -12 1 -11 2 -11 1 -11 1 -12 2 -11 1 -11 2 -11 1 -11 2 -10 2 0 0 -10 2 -11 2 -10 2 -9 3 -10 3 -10 3 -10 3 -10 3 -10 4 -10 5 -10 4 -10 5 -11 5 -10 5 -11 5 -11 5 -10 6 -11 6 -11 6 -11 6 -11 6 -12 6 -11 6 -12 6 -12 7 -12 7 0 0 0 0 0 0 0 0 0 0
1784740896.568900,52599,-46,11,1,6,1,-95,1,618073762,128,0 0 0 0 0 0 0 0 0 0 0 0 8 6 5 7 6 7 6 7 6 7 4 5 4 10 2 8 5 11 3 5 7 8 0 9 4 7 7 8 -1 8 3 11 1 10 2 11 4 11 0 8 0 11 3 7 1 10 0 13 1 8 0 9 0 0 6 6 5 6 -2 6 1 12 3 8 1 9 2 9 3 12 2 10 3 10 1 7 3 11 2 10 2 13 7 10 8 12 9 14 7 8 5 9 6 10 5 12 5 12 5 10 7 16 4 8 10 11 0 0 0 0 0 0 0 0 0 0
1784740896.585096,52600,-46,11,1,7,1,-95,1,618083191,128,0 0 0 0 0 0 0 0 0 0 0 0 10 -3 10 -2 11 -2 10 -1 11 -1 10 -1 11 0 11 0 11 1 11 1 10 1 11 1 11 2 11 2 11 2 11 2 10 2 11 2 10 2 10 2 10 2 10 2 10 2 10 2 10 2 10 2 0 0 10 1 10 1 9 1 10 0 10 0 10 0 10 0 10 -1 10 -1 11 -1 11 -1 11 -2 11 -2 11 -2 11 -3 11 -3 12 -3 11 -3 11 -3 12 -4 12 -4 12 -4 12 -4 13 -4 13 -4 13 -4 0 0 0 0 0 0 0 0 0 0
1784740896.585096,52601,-45,11,1,5,1,-95,1,618098710,128,0 0 0 0 0 0 0 0 0 0 0 0 7 -8 7 -7 9 -7 8 -7 10 -7 9 -6 9 -6 10 -6 10 -6 11 -5 11 -4 11 -4 11 -4 11 -4 11 -4 11 -4 10 -4 11 -4 10 -3 11 -4 10 -4 10 -4 10 -4 10 -3 9 -3 9 -3 0 0 9 -4 9 -5 8 -5 9 -5 8 -6 8 -6 8 -6 8 -6 8 -7 9 -7 8 -7 8 -7 8 -7 8 -8 8 -9 8 -9 9 -9 8 -9 8 -9 8 -10 8 -10 8 -10 9 -10 9 -10 9 -10 8 -10 0 0 0 0 0 0 0 0 0 0
1784740896.604364,52602,-46,11,1,7,1,-95,1,618102239,128,0 0 0 0 0 0 0 0 0 0 0 0 -5 -10 -4 -11 -4 -11 -3 -11 -3 -11 -2 -11 -2 -12 -2 -12 -2 -12 -1 -12 -1 -12 0 -12 0 -12 0 -12 0 -12 0 -12 0 -12 1 -12 1 -12 1 -12 1 -12 1 -12 0 -11 1 -11 0 -11 0 -11 0 0 0 -11 -1 -11 -1 -11 -1 -11 -2 -11 -2 -11 -2 -11 -3 -11 -3 -11 -3 -12 -3 -12 -4 -11 -4 -11 -4 -12 -5 -12 -5 -12 -4 -12 -5 -12 -5 -12 -6 -13 -5 -13 -6 -13 -5 -13 -5 -13 -5 -13 -5 -13 0 0 0 0 0 0 0 0 0 0
1784740896.604364,52603,-46,11,1,7,1,-95,1,618116261,128,0 0 0 0 0 0 0 0 0 0 0 0 3 -9 3 -9 4 -9 4 -9 5 -9 5 -9 5 -9 6 -9 6 -9 6 -9 7 -8 7 -9 7 -8 7 -8 7 -8 7 -8 7 -8 8 -8 7 -8 8 -8 7 -8 7 -8 8 -8 7 -8 7 -8 7 -8 0 0 7 -8 7 -9 6 -8 7 -9 6 -9 6 -9 6 -9 6 -10 6 -10 6 -11 6 -11 5 -11 6 -11 5 -11 6 -12 5 -12 6 -12 6 -12 6 -13 6 -13 6 -13 6 -14 6 -14 7 -13 7 -14 6 -14 0 0 0 0 0 0 0 0 0 0
1784740896.617343,52604,-46,11,1,7,1,-95,1,618122968,128,0 0 0 0 0 0 0 0 0 0 0 0 -1 9 -2 9 -2 9 -3 9 -3 9 -3 9 -3 9 -4 9 -4 9 -4 9 -5 9 -5 9 -5 9 -5 9 -5 9 -5 9 -6 9 -5 9 -6 9 -5 9 -5 9 -5 9 -5 9 -5 9 -5 9 -5 9 0 0 -5 10 -4 10 -4 10 -4 10 -4 10 -4 10 -3 10 -3 11 -3 11 -3 11 -3 11 -3 12 -3 12 -2 12 -2 13 -2 13 -3 13 -2 14 -2 13 -2 14 -2 14 -2 14 -2 14 -3 14 -3 15 -3 15 0 0 0 0 0 0 0 0 0 0
1784740896.641006,52605,-48,11,1,6,1,-95,1,618138681,128,0 0 0 0 0 0 0 0 0 0 0 0 -7 7 -7 7 -8 6 -8 6 -8 6 -9 5 -9 5 -9 5 -9 4 -9 4 -9 4 -9 4 -9 4 -9 4 -10 4 -9 3 -10 3 -9 3 -9 3 -9 3 -9 3 -9 3 -8 3 -8 3 -8 3 -8 4 0 0 -8 4 -7 5 -7 5 -7 5 -7 5 -7 6 -7 6 -7 6 -7 7 -7 7 -7 8 -7 8 -7 8 -7 9 -7 9 -8 9 -7 9 -8 10 -8 9 -8 10 -8 10 -8 10 -8 10 -8 11 -8 11 -8 12 0 0 0 0 0 0 0 0 0 0
1784740896.641006,52606,-48,11,1,6,1,-95,1,618145674,128,0 0 0 0 0 0 0 0 0 0 0 0 -6 8 -7 8 -8 7 -8 7 -8 6 -9 6 -9 6 -10 6 -10 6 -10 6 -10 5 -10 5 -10 4 -11 5 -10 4 -11 4 -11 4 -10 3 -10 3 -10 3 -10 3 -10 3 -10 4 -9 3 -9 3 -9 4 0 0 -9 4 -9 4 -9 4 -8 5 -8 5 -8 5 -8 6 -8 6 -8 6 -8 7 -8 7 -8 7 -8 7 -8 8 -8 8 -8 8 -8 8 -8 9 -8 9 -8 9 -8 9 -9 10 -8 10 -9 10 -8 10 -9 10 0 0 0 0 0 0 0 0 0 0
1784740896.649382,52607,-47,11,1,7,1,-95,1,618153227,128,0 0 0 0 0 0 0 0 0 0 0 0 -1 9 -2 9 -3 9 -3 9 -4 9 -4 10 -4 9 -5 9 -5 9 -6 9 -6 9 -6 9 -6 9 -7 9 -7 9 -7 9 -7 9 -7 8 -8 8 -7 8 -7 8 -7 8 -7 8 -7 8 -7 8 -6 8 0 0 -6 8 -6 8 -6 8 -6 9 -5 9 -5 9 -5 9 -5 9 -5 9 -4 10 -4 10 -4 10 -4 10 -4 11 -4 11 -4 11 -4 11 -4 11 -3 11 -3 12 -3 12 -3 12 -3 12 -3 12 -3 12 -3 13 0 0 0 0 0 0 0 0 0 0
1784740896.649382,52608,-46,11,1,7,1,-95,1,618161959,128,0 0 0 0 0 0 0 0 0 0 0 0 -4 8 -5 7 -5 8 -6 7 -6 7 -6 7 -6 7 -7 7 -7 8 -8 7 -8 7 -8 7 -9 7 -9 7 -9 7 -9 7 -9 7 -9 6 -9 6 -9 6 -9 6 -9 6 -9 6 -9 6 -9 6 -9 6 0 0 -8 7 -8 7 -8 7 -8 8 -8 8 -8 8 -8 8 -7 8 -8 9 -8 9 -8 9 -7 9 -8 9 -7 10 -7 10 -7 10 -8 10 -8 10 -8 10 -8 11 -7 11 -7 11 -8 11 -8 11 -8 11 -8 11 0 0 0 0 0 0 0 0 0 0
1784740896.665496,52609,-46,11,1,7,1,-95,1,618172188,128,0 0 0 0 0 0 0 0 0 0 0 0 -4 7 -5 7 -6 7 -6 7 -6 7 -6 6 -7 6 -7 7 -7 6 -7 6 -8 6 -8 6 -8 6 -8 6 -9 6 -9 6 -9 6 -9 6 -9 6 -9 5 -9 6 -9 5 -8 6 -9 6 -9 6 -9 6 0 0 -9 7 -8 7 -9 7 -8 7 -8 7 -8 7 -8 8 -8 8 -9 8 -8 9 -8 9 -8 9 -8 9 -9 10 -9 10 -9 10 -8 10 -9 10 -9 10 -9 10 -9 11 -9 11 -9 11 -9 11 -9 11 -10 11 0 0 0 0 0 0 0 0 0 0
1784740896.683786,52610,-46,11,1,5,1,-95,1,618187005,128,0 0 0 0 0 0 0 0 0 0 0 0 9 -1 10 -1 10 0 10 1 10 1 10 1 10 2 10 2 10 3 10 3 10 3 10 3 10 4 10 4 10 4 10 5 10 5 9 5 9 5 9 5 9 5 9 5 9 4 9 4 9 4 9 4 0 0 9 4 9 4 9 4 9 3 9 3 10 3 9 2 10 2 10 2 10 1 11 2 11 1 11 1 12 1 11 1 12 2 12 2 12 1 12 1 12 1 13 1 13 2 13 0 13 1 13 0 13 1 0 0 0 0 0 0 0 0 0 0
1784740896.683786,52611,-47,11,1,7,1,-95,1,618192170,128,0 0 0 0 0 0 0 0 0 0 0 0 -6 8 -6 8 -7 8 -7 8 -8 8 -8 7 -8 7 -8 7 -9 7 -9 7 -10 7 -10 7 -10 7 -11 6 -10 7 -11 6 -11 6 -11 6 -11 5 -11 5 -11 6 -11 5 -11 6 -10 5 -10 5 -10 5 0 0 -10 6 -9 6 -9 6 -9 7 -9 7 -9 7 -8 7 -8 8 -8 8 -8 9 -8 9 -8 9 -8 9 -8 10 -8 10 -8 10 -8 10 -8 10 -8 11 -8 11 -8 11 -8 11 -8 11 -9 11 -8 11 -8 11 0 0 0 0 0 0 0 0 0 0
1784740896.697660,52612,-47,11,1,7,1,-95,1,618203341,128,0 0 0 0 0 0 0 0 0 0 0 0 5 -6 5 -6 6 -6 6 -6 6 -6 7 -6 7 -6 8 -6 7 -6 8 -6 9 -6 9 -5 9 -5 9 -5 10 -5 10 -5 10 -5 10 -5 10 -5 10 -5 10 -5 10 -4 10 -5 10 -4 10 -5 10 -5 0 0 9 -5 9 -6 9 -6 10 -6 9 -7 9 -7 9 -7 9 -7 9 -7 10 -8 10 -8 10 -8 10 -8 10 -9 10 -10 10 -10 10 -9 10 -10 10 -10 10 -10 10 -10 10 -10 11 -10 11 -10 11 -10 11 -10 0 0 0 0 0 0 0 0 0 0
1784740896.713452,52613,-49,11,1,6,1,-95,1,618216423,128,0 0 0 0 0 0 0 0 0 0 0 0 2 6 2 6 1 6 1 6 1 7 1 7 1 7 1 7 1 7 1 7 1 8 1 8 1 8 1 8 1 9 0 9 0 9 0 9 0 9 0 9 1 9 0 9 1 9 1 9 1 9 1 9 0 0 2 10 2 10 2 10 2 10 2 10 3 10 3 11 3 11 3 11 4 12 4 12 4 12 4 12 4 13 4 13 4 14 4 13 4 14 4 14 4 14 4 14 4 15 4 14 4 14 4 14 4 15 0 0 0 0 0 0 0 0 0 0
1784740896.713452,52614,-49,11,1,7,1,-95,1,618221957,128,0 0 0 0 0 0 0 0 0 0 0 0 -1 8 -1 8 -1 7 -2 8 -2 8 -2 8 -2 9 -3 7 -3 8 -3 8 -1 8 -3 8 -3 9 -3 9 -4 9 -4 8 -4 8 -3 8 -3 10 -4 8 -4 9 -4 8 -4 8 -3 8 -3 8 -2 9 0 0 -2 9 -2 9 -1 9 -2 8 -1 10 -1 10 -1 10 1 11 -1 11 0 12 0 12 0 14 0 13 0 13 0 13 -2 12 0 14 0 14 -1 14 1 13 -1 14 -1 15 -1 15 -1 16 0 14 -1 15 0 0 0 0 0 0 0 0 0 0
1784740896.745143,52615,-48,11,1,7,1,-95,1,618234399,128,0 0 0 0 0 0 0 0 0 0 0 0 -2 9 -2 10 -4 9 -4 10 -4 9 -5 9 -5 9 -5 9 -6 9 -6 9 -6 9 -6 9 -7 9 -7 9 -7 9 -7 8 -8 8 -7 8 -8 8 -8 8 -7 8 -7 7 -6 7 -6 8 -6 8 -6 8 0 0 -6 8 -5 8 -6 8 -5 8 -5 9 -5 9 -5 9 -4 10 -5 10 -4 11 -4 11 -3 11 -3 12 -4 12 -4 11 -5 13 -4 12 -4 13 -4 13 -4 13 -4 13 -4 13 -3 13 -4 13 -4 14 -4 14 0 0 0 0 0 0 0 0 0 0
1784740896.745143,52616,-48,11,1,6,1,-95,1,618249464,128,0 0 0 0 0 0 0 0 0 0 0 0 -8 -3 -9 -3 -9 -4 -9 -5 -8 -5 -9 -5 -8 -6 -9 -6 -8 -7 -8 -6 -8 -7 -8 -7 -8 -8 -8 -8 -8 -8 -7 -9 -8 -9 -7 -9 -7 -9 -7 -9 -7 -8 -7 -9 -7 -8 -7 -8 -7 -8 -7 -8 0 0 -7 -8 -7 -8 -7 -8 -7 -7 -8 -7 -8 -7 -9 -7 -9 -7 -9 -7 -10 -6 -10 -7 -10 -7 -10 -7 -11 -7 -11 -7 -11 -8 -11 -7 -12 -7 -12 -7 -12 -7 -12 -7 -12 -8 -13 -7 -13 -8 -13 -7 -13 -8 0 0 0 0 0 0 0 0 0 0
1784740896.745143,52617,-48,11,1,7,1,-95,1,618252272,128,0 0 0 0 0 0 0 0 0 0 0 0 -3 -8 -3 -8 -2 -8 -2 -8 -2 -9 -2 -9 -1 -9 -1 -10 0 -10 -1 -10 0 -10 0 -10 0 -10 1 -10 1 -10 2 -10 2 -10 1 -10 2 -10 2 -10 2 -10 2 -10 2 -10 1 -10 1 -9 1 -10 0 0 1 -10 1 -10 1 -10 0 -10 0 -10 0 -10 0 -10 0 -11 0 -10 -1 -11 -1 -11 -1 -11 -2 -12 -1 -12 -2 -12 -2 -12 -2 -12 -2 -12 -2 -13 -2 -13 -2 -13 -2 -13 -2 -13 -2 -14 -3 -14 -3 -14 0 0 0 0 0 0 0 0 0 0
1784740896.745143,52618,-48,11,1,7,1,-95,1,618261929,128,0 0 0 0 0 0 0 0 0 0 0 0 -1 -8 0 -8 0 -8 0 -8 1 -8 1 -8 1 -8 1 -9 1 -9 1 -9 2 -9 2 -9 3 -9 3 -9 2 -9 3 -9 3 -9 3 -9 3 -9 3 -9 3 -10 3 -9 3 -10 3 -9 3 -9 3 -10 0 0 2 -10 3 -10 2 -10 2 -10 2 -10 2 -11 2 -11 1 -11 1 -11 1 -12 1 -12 1 -12 1 -12 1 -12 1 -13 1 -13 1 -13 1 -13 0 -13 1 -14 0 -14 0 -14 1 -14 1 -14 1 -14 1 -15 0 0 0 0 0 0 0 0 0 0
1784740896.761273,52619,-47,11,1,7,1,-95,1,618271861,128,0 0 0 0 0 0 0 0 0 0 0 0 7 2 7 3 7 3 7 4 7 4 7 4 7 5 7 5 7 5 7 5 7 5 7 6 7 6 7 6 7 6 6 6 7 6 7 6 7 6 7 7 7 6 7 6 7 6 7 6 7 6 8 6 0 0 8 6 8 6 8 6 8 5 9 6 9 6 9 6 9 6 9 6 10 5 10 5 11 5 11 5 11 6 11 5 12 6 11 6 12 6 12 6 12 6 12 6 12 6 12 6 13 6 13 6 13 6 0 0 0 0 0 0 0 0 0 0
1784740896.785730,52620,-46,11,1,6,1,-95,1,618283295,128,0 0 0 0 0 0 0 0 0 0 0 0 8 0 8 0 9 1 9 2 9 2 9 2 9 2 9 3 9 3 9 4 9 4 9 4 9 5 8 5 9 4 9 5 9 5 9 5 8 5 8 5 9 5 9 4 9 4 8 4 8 4 8 4 0 0 9 4 9 3 9 3 10 3 9 3 10 3 10 2 10 2 11 2 11 2 11 2 12 2 12 2 12 2 12 1 13 1 13 1 13 1 13 1 14 1 14 1 14 1 14 1 14 1 14 2 14 2 0 0 0 0 0 0 0 0 0 0
1784740896.787735,52621,-46,11,1,7,1,-95,1,618292201,128,0 0 0 0 0 0 0 0 0 0 0 0 -2 -9 -1 -9 -1 -10 0 -10 0 -10 0 -10 1 -10 1 -10 1 -10 2 -11 2 -10 3 -10 3 -10 3 -10 3 -10 4 -11 3 -10 4 -11 4 -10 3 -10 3 -10 3 -10 3 -10 4 -9 3 -9 3 -9 0 0 3 -10 2 -10 2 -10 2 -11 2 -10 2 -10 1 -11 1 -11 1 -11 1 -12 1 -12 0 -12 0 -12 0 -12 0 -13 -1 -12 0 -13 0 -13 -1 -13 -1 -14 -1 -14 -1 -14 -1 -15 0 -15 0 -15 -1 -15 0 0 0 0 0 0 0 0 0 0
1784740896.793180,52622,-46,11,1,7,1,-95,1,618302083,128,0 0 0 0 0 0 0 0 0 0 0 0 4 7 4 8 3 8 3 9 3 8 3 9 2 9 2 9 2 9 2 9 1 10 1 10 1 10 1 10 1 10 0 10 0 11 0 10 0 11 0 10 0 10 0 10 0 10 0 10 0 10 0 10 0 0 0 10 0 10 0 10 1 10 1 10 1 10 1 10 2 10 2 10 2 10 3 10 3 10 3 10 3 11 3 10 4 11 4 10 4 11 4 11 4 11 4 11 5 11 4 10 5 11 5 11 5 11 0 0 0 0 0 0 0 0 0 0
1784740896.809044,52623,-46,11,1,7,1,-95,1,618315169,128,0 0 0 0 0 0 0 0 0 0 0 0 -3 9 -4 9 -5 9 -5 8 -6 8 -6 8 -6 8 -6 8 -7 8 -7 8 -7 8 -7 8 -8 8 -8 8 -8 8 -8 8 -9 8 -8 8 -9 8 -9 8 -9 8 -9 8 -8 8 -8 8 -8 8 -8 8 0 0 -8 8 -8 8 -8 8 -8 8 -7 9 -7 9 -7 9 -7 9 -7 9 -7 10 -7 10 -6 10 -7 10 -7 11 -6 11 -7 11 -7 11 -6 12 -6 12 -6 12 -6 12 -6 12 -6 12 -6 12 -6 12 -6 12 0 0 0 0 0 0 0 0 0 0
1784740896.809044,52624,-46,11,1,7,1,-95,1,618322013,128,0 0 0 0 0 0 0 0 0 0 0 0 -7 -7 -7 -7 -7 -8 -7 -8 -7 -9 -6 -9 -6 -9 -6 -9 -6 -9 -5 -10 -5 -10 -5 -10 -5 -10 -4 -10 -5 -11 -5 -11 -5 -10 -4 -11 -4 -11 -5 -11 -5 -10 -4 -10 -4 -11 -4 -10 -4 -10 -4 -10 0 0 -5 -10 -5 -10 -5 -10 -6 -10 -6 -10 -6 -10 -6 -9 -7 -10 -7 -9 -8 -10 -8 -10 -8 -10 -7 -10 -8 -10 -9 -10 -9 -10 -9 -10 -9 -10 -9 -10 -10 -10 -10 -10 -10 -10 -10 -11 -9 -11 -9 -11 -10 -11 0 0 0 0 0 0 0 0 0 0
1784740896.829336,52625,-46,11,1,7,1,-95,1,618332026,128,0 0 0 0 0 0 0 0 0 0 0 0 -1 9 -2 9 -2 9 -3 9 -3 9 -4 9 -4 9 -4 9 -4 9 -5 9 -5 9 -6 9 -6 9 -7 9 -7 9 -6 9 -7 9 -7 8 -7 9 -6 8 -6 8 -7 8 -6 8 -7 8 -6 8 -6 8 0 0 -6 8 -5 8 -5 8 -5 8 -4 8 -4 9 -4 9 -4 10 -4 10 -3 10 -4 10 -3 10 -3 11 -3 11 -3 11 -3 12 -3 11 -2 12 -2 12 -2 12 -2 12 -2 13 -2 12 -3 13 -2 13 -2 14 0 0 0 0 0 0 0 0 0 0
1784740896.829336,52626,-46,11,1,6,1,-95,1,618343165,128,0 0 0 0 0 0 0 0 0 0 0 0 -10 1 -9 0 -10 -1 -10 -1 -10 -1 -10 -2 -10 -2 -10 -2 -11 -2 -11 -3 -11 -4 -11 -4 -11 -4 -11 -4 -11 -4 -11 -5 -11 -5 -11 -5 -11 -5 -11 -5 -11 -5 -11 -5 -11 -5 -10 -5 -10 -5 -10 -5 0 0 -10 -5 -11 -4 -10 -4 -11 -4 -10 -4 -11 -4 -11 -3 -11 -3 -11 -3 -12 -3 -11 -3 -11 -2 -11 -2 -11 -2 -12 -1 -12 -1 -13 -1 -12 -1 -12 -1 -13 0 -13 -1 -13 0 -14 0 -14 -1 -13 0 -14 0 0 0 0 0 0 0 0 0 0 0
1784740896.845001,52627,-45,11,1,7,1,-95,1,618352195,128,0 0 0 0 0 0 0 0 0 0 0 0 6 5 6 5 6 6 5 6 6 6 5 7 6 7 5 7 6 7 5 8 5 8 5 9 5 9 5 9 5 9 5 9 5 9 5 10 5 10 5 10 5 10 5 10 5 10 4 11 4 10 4 10 0 0 4 10 5 10 4 10 5 10 5 9 5 10 5 9 6 9 6 9 6 10 6 10 6 9 6 9 6 9 7 9 7 9 7 9 7 9 8 9 8 9 8 9 8 8 8 9 8 9 8 8 8 8 0 0 0 0 0 0 0 0 0 0
1784740896.856135,52628,-45,11,1,6,1,-95,1,618361872,128,0 0 0 0 0 0 0 0 0 0 0 0 -7 5 -8 5 -8 4 -8 4 -8 4 -9 4 -9 4 -9 4 -10 4 -9 4 -10 4 -10 4 -11 4 -11 4 -11 3 -11 3 -12 3 -12 3 -12 3 -12 3 -12 3 -12 2 -12 3 -12 2 -12 3 -13 3 0 0 -13 2 -12 2 -13 2 -12 2 -12 3 -12 2 -12 3 -12 3 -12 3 -12 4 -12 4 -12 4 -12 4 -13 4 -12 4 -13 4 -12 4 -13 5 -13 5 -12 5 -12 5 -13 5 -12 5 -12 5 -12 5 -12 5 0 0 0 0 0 0 0 0 0 0
1784740896.861790,52629,-45,11,1,6,1,-95,1,618371975,128,0 0 0 0 0 0 0 0 0 0 0 0 0 -8 0 -8 1 -8 1 -8 2 -8 2 -8 2 -8 2 -9 2 -9 3 -9 3 -9 3 -9 3 -9 3 -9 4 -9 4 -9 4 -9 4 -9 4 -9 4 -9 4 -9 4 -9 4 -9 5 -9 4 -9 4 -9 0 0 5 -10 5 -10 5 -10 4 -10 4 -10 4 -10 4 -10 4 -11 4 -11 4 -11 4 -11 3 -11 4 -12 4 -12 4 -12 4 -12 4 -12 4 -12 4 -13 4 -13 4 -13 4 -13 4 -13 4 -13 4 -13 4 -13 0 0 0 0 0 0 0 0 0 0
1784740896.872078,52630,-46,11,1,6,1,-95,1,618381887,128,0 0 0 0 0 0 0 0 0 0 0 0 4 -7 5 -7 5 -6 6 -6 6 -6 6 -6 7 -6 7 -6 7 -6 7 -5 7 -5 8 -5 8 -5 8 -5 8 -5 8 -5 8 -5 8 -5 8 -4 9 -4 9 -5 9 -5 8 -4 9 -4 8 -4 8 -5 0 0 8 -5 8 -5 8 -5 8 -6 8 -6 8 -6 8 -6 8 -6 8 -6 8 -7 8 -7 8 -7 8 -8 8 -8 8 -8 8 -9 8 -9 8 -9 8 -9 8 -9 8 -9 8 -10 9 -10 8 -10 9 -10 9 -10 0 0 0 0 0 0 0 0 0 0
1784740896.888191,52631,-46,11,1,6,1,-95,1,618391907,128,0 0 0 0 0 0 0 0 0 0 0 0 6 -5 7 -4 7 -4 8 -3 7 -3 8 -3 8 -3 8 -2 8 -2 8 -2 8 -2 9 -2 9 -2 9 -2 9 -2 9 -1 10 -1 9 -1 10 -1 10 -1 10 -1 10 0 10 -1 10 0 10 -1 10 -1 0 0 10 0 10 -1 10 0 10 -1 10 -1 10 -1 10 -1 10 -1 10 -1 10 -2 10 -2 10 -2 10 -2 11 -3 10 -2 11 -2 10 -2 10 -3 10 -3 10 -3 10 -3 10 -4 10 -3 10 -3 10 -4 11 -4 0 0 0 0 0 0 0 0 0 0
1784740896.888191,52632,-45,11,1,6,1,-95,1,618401971,128,0 0 0 0 0 0 0 0 0 0 0 0 -8 -5 -8 -5 -8 -6 -8 -6 -8 -7 -8 -7 -8 -7 -8 -7 -8 -7 -8 -8 -7 -8 -8 -8 -8 -9 -7 -9 -7 -9 -8 -10 -7 -9 -8 -10 -8 -10 -8 -10 -8 -10 -8 -10 -8 -10 -7 -10 -7 -10 -7 -11 0 0 -8 -10 -8 -11 -7 -10 -8 -10 -7 -10 -8 -10 -8 -10 -8 -10 -8 -10 -8 -10 -8 -10 -9 -9 -9 -10 -8 -9 -9 -10 -9 -9 -9 -9 -9 -9 -9 -9 -10 -9 -9 -9 -10 -9 -10 -9 -9 -9 -9 -8 -10 -8 0 0 0 0 0 0 0 0 0 0
1784740896.904283,52633,-45,11,1,6,1,-95,1,618415722,128,0 0 0 0 0 0 0 0 0 0 0 0 9 0 9 0 9 1 10 1 9 2 10 2 10 2 10 3 10 3 10 3 10 4 10 4 10 4 10 5 10 5 10 5 10 6 10 5 10 6 10 6 10 6 9 6 10 5 10 6 10 6 10 5 0 0 10 5 10 5 10 6 10 5 10 5 10 5 10 5 10 4 10 5 11 4 11 4 11 3 11 4 11 4 11 4 12 4 11 3 12 3 12 3 12 3 12 2 12 3 12 2 12 3 12 3 12 2 0 0 0 0 0 0 0 0 0 0
1784740896.904283,52634,-46,11,1,6,1,-95,1,618421868,128,0 0 0 0 0 0 0 0 0 0 0 0 -7 -7 -7 -7 -6 -8 -6 -8 -5 -8 -5 -8 -5 -9 -5 -9 -4 -9 -5 -9 -4 -9 -4 -9 -4 -10 -4 -10 -4 -10 -3 -10 -3 -10 -3 -10 -3 -10 -3 -10 -3 -10 -3 -10 -3 -10 -3 -10 -3 -10 -3 -10 0 0 -4 -10 -3 -10 -3 -11 -4 -10 -4 -10 -4 -10 -4 -10 -5 -10 -5 -10 -5 -10 -5 -10 -6 -10 -6 -11 -6 -11 -6 -11 -6 -11 -6 -11 -6 -11 -6 -11 -7 -11 -7 -11 -7 -12 -7 -11 -7 -11 -7 -12 -7 -12 0 0 0 0 0 0 0 0 0 0
1784740896.920424,52635,-46,11,1,6,1,-95,1,618431906,128,0 0 0 0 0 0 0 0 0 0 0 0 -5 6 -6 5 -6 5 -7 5 -7 5 -7 4 -7 4 -8 4 -8 4 -8 4 -8 3 -9 3 -8 3 -9 3 -9 3 -9 3 -9 3 -9 3 -9 3 -9 3 -9 3 -9 3 -10 3 -9 3 -9 3 -9 3 0 0 -9 3 -9 3 -9 3 -10 4 -9 3 -10 4 -9 4 -9 4 -9 4 -10 5 -10 5 -10 5 -9 5 -10 5 -10 6 -10 5 -10 6 -10 6 -10 6 -10 7 -10 7 -10 7 -10 7 -10 6 -10 6 -10 7 0 0 0 0 0 0 0 0 0 0
1784740896.936465,52636,-45,11,1,6,1,-95,1,618441897,128,0 0 0 0 0 0 0 0 0 0 0 0 7 -2 7 -1 7 -1 7 0 8 0 7 0 8 0 8 0 8 0 8 1 8 1 8 1 8 2 9 2 9 2 9 2 9 2 9 2 9 2 10 3 10 3 10 3 10 3 10 3 10 3 10 3 0 0 10 3 11 3 10 3 11 3 10 3 10 3 10 3 11 3 11 3 11 3 11 3 11 3 11 3 11 2 12 2 11 2 12 2 11 2 11 2 11 2 12 2 12 1 12 2 11 2 12 1 12 1 0 0 0 0 0 0 0 0 0 0
1784740896.936465,52637,-44,11,1,6,1,-95,1,618451942,128,0 0 0 0 0 0 0 0 0 0 0 0 7 3 7 4 6 4 6 5 6 5 6 5 6 6 6 6 6 6 6 6 6 6 6 7 6 7 6 7 6 7 6 8 6 8 6 8 6 8 6 8 6 8 5 9 6 8 6 8 6 9 6 9 0 0 6 9 6 9 6 9 6 9 6 9 6 9 6 9 6 9 6 9 7 9 7 9 7 9 7 9 7 9 7 9 8 9 7 8 8 9 8 9 8 9 8 9 8 9 8 8 8 9 8 8 9 8 0 0 0 0 0 0 0 0 0 0
1784740896.952678,52638,-45,11,1,6,1,-95,1,618461856,128,0 0 0 0 0 0 0 0 0 0 0 0 7 4 7 4 7 5 7 6 7 6 6 6 6 6 6 7 6 7 6 7 5 8 5 8 5 8 5 8 6 8 5 8 5 8 5 9 5 9 5 8 5 8 5 8 5 9 5 9 5 9 5 9 0 0 6 8 6 9 6 8 6 9 6 8 6 8 7 8 7 8 7 8 7 8 7 8 7 8 7 8 8 8 8 8 9 8 9 8 9 8 9 7 9 7 10 7 10 8 9 8 9 8 9 9 10 8 0 0 0 0 0 0 0 0 0 0
1784740896.999953,52639,-46,11,1,6,1,-95,1,618472085,128,0 0 0 0 0 0 0 0 0 0 0 0 6 6 5 6 5 7 5 7 4 8 4 8 4 8 4 8 4 9 3 9 3 9 3 9 3 10 3 10 3 10 2 10 2 10 2 10 2 10 2 10 2 10 2 10 3 10 2 10 2 10 3 10 0 0 3 10 3 10 3 10 3 10 3 9 4 9 4 9 4 9 4 9 5 9 5 9 5 9 5 10 6 10 6 10 6 10 6 10 6 10 7 10 7 10 7 10 7 10 7 9 7 10 8 10 8 10 0 0 0 0 0 0 0 0 0 0
1784740896.999953,52640,-46,11,1,6,1,-95,1,618481912,128,0 0 0 0 0 0 0 0 0 0 0 0 4 7 3 7 3 7 3 8 2 8 2 8 2 8 2 9 2 9 2 9 1 9 1 9 1 10 1 10 1 10 0 10 0 10 0 10 0 10 0 10 0 10 0 10 0 10 0 10 0 10 0 10 0 0 0 10 0 10 0 10 0 10 1 10 1 10 1 10 1 10 1 11 2 10 2 10 2 10 2 11 2 11 2 11 2 11 2 11 3 11 3 11 3 11 3 11 3 11 3 11 3 11 4 10 4 11 0 0 0 0 0 0 0 0 0 0
1784740896.999953,52641,-45,11,1,6,1,-95,1,618491898,128,0 0 0 0 0 0 0 0 0 0 0 0 0 9 -1 9 -1 9 -2 9 -2 9 -2 9 -3 9 -3 9 -3 9 -4 9 -4 9 -5 9 -5 9 -5 9 -4 9 -5 9 -4 9 -5 10 -5 9 -5 9 -5 10 -5 9 -5 10 -5 9 -5 9 -5 10 0 0 -5 10 -5 10 -4 10 -4 10 -4 10 -4 10 -3 10 -3 10 -3 10 -3 11 -3 11 -3 11 -3 11 -3 11 -2 12 -2 11 -3 12 -2 12 -2 12 -2 12 -2 12 -1 12 -2 12 -2 12 -2 12 -1 12 0 0 0 0 0 0 0 0 0 0
1784740896.999953,52642,-42,11,1,6,0,-95,1,618501969,128,0 0 0 0 0 0 0 0 0 0 0 0 -1 3 -1 3 -1 3 -1 3 -1 3 -2 3 -2 3 -2 3 -2 3 -2 3 -2 3 -2 3 -2 3 -2 3 -2 3 -3 3 -3 3 -2 3 -2 3 -3 3 -3 3 -2 3 -3 3 -3 3 -2 3 -2 3 0 0 -2 3 -2 4 -2 3 -2 3 -2 3 -2 4 -2 4 -2 4 -2 4 -2 4 -2 4 -1 4 -2 4 -2 4 -1 4 -1 4 -1 4 -1 5 -1 5 -1 4 -1 5 -1 5 -1 5 -1 5 -1 5 -1 5 0 0 0 0 0 0 0 0 0 0
1784740896.999953,52643,-45,11,1,6,1,-95,1,618511985,128,0 0 0 0 0 0 0 0 0 0 0 0 -1 -11 0 -11 1 -11 1 -11 2 -11 2 -11 2 -11 3 -11 3 -11 3 -11 4 -11 4 -11 4 -11 4 -11 4 -11 5 -11 5 -11 5 -10 5 -10 5 -10 5 -11 5 -10 5 -10 5 -10 5 -10 4 -10 0 0 4 -11 4 -10 4 -10 4 -10 3 -11 3 -11 3 -11 3 -11 3 -11 2 -12 2 -12 2 -12 2 -12 2 -13 2 -13 2 -13 2 -13 2 -13 1 -14 1 -14 1 -14 1 -14 1 -14 2 -14 2 -14 2 -15 0 0 0 0 0 0 0 0 0 0
1784740897.018210,52644,-46,11,1,6,1,-95,1,618522255,128,0 0 0 0 0 0 0 0 0 0 0 0 -9 3 -9 2 -10 2 -10 1 -10 1 -10 1 -10 0 -10 0 -10 0 -10 -1 -10 -1 -10 -1 -11 -1 -11 -1 -10 -1 -11 -1 -11 -1 -11 -1 -11 -1 -11 -1 -11 -1 -11 -1 -11 -1 -11 -1 -11 -1 -11 -1 0 0 -11 -1 -11 0 -11 0 -11 0 -11 0 -11 0 -11 1 -12 1 -12 1 -12 1 -12 2 -12 2 -12 2 -12 2 -13 3 -13 3 -13 2 -13 3 -13 3 -14 3 -14 3 -14 3 -14 3 -14 3 -14 3 -14 3 0 0 0 0 0 0 0 0 0 0
1784740897.018210,52645,-45,11,1,6,1,-95,1,618531903,128,0 0 0 0 0 0 0 0 0 0 0 0 -1 8 -2 8 -2 8 -3 8 -3 8 -3 8 -4 8 -4 8 -4 8 -4 8 -4 8 -5 8 -5 8 -5 8 -5 8 -5 8 -6 8 -5 8 -6 8 -6 8 -6 9 -6 9 -6 9 -6 9 -6 9 -6 9 0 0 -6 10 -6 9 -6 10 -6 10 -5 10 -6 10 -6 10 -6 11 -5 11 -5 11 -5 11 -5 11 -5 11 -5 12 -5 12 -5 12 -5 12 -5 12 -5 12 -5 13 -5 13 -5 13 -5 13 -5 13 -5 13 -5 13 0 0 0 0 0 0 0 0 0 0
1784740897.036303,52646,-45,11,1,6,1,-95,1,618541893,128,0 0 0 0 0 0 0 0 0 0 0 0 7 -4 7 -4 7 -3 8 -3 8 -3 8 -3 8 -2 8 -3 8 -2 9 -2 9 -1 9 -1 9 -1 9 -1 10 -1 9 -1 10 -1 9 -1 10 -1 10 -1 10 -1 10 -1 10 -1 10 -1 10 -1 11 -1 0 0 11 -1 11 -1 11 -1 11 -1 11 -2 11 -2 11 -2 12 -2 12 -2 12 -2 12 -2 12 -3 12 -2 12 -3 13 -3 13 -3 13 -3 13 -3 13 -4 13 -4 13 -4 13 -4 14 -3 14 -3 14 -3 14 -3 0 0 0 0 0 0 0 0 0 0
1784740897.052786,52647,-47,11,1,6,1,-95,1,618552003,128,0 0 0 0 0 0 0 0 0 0 0 0 1 -8 1 -8 2 -8 2 -8 2 -8 3 -8 3 -8 3 -8 3 -8 3 -8 4 -8 4 -9 4 -9 4 -9 4 -9 4 -9 4 -9 5 -9 5 -9 5 -9 5 -10 5 -10 5 -10 6 -10 5 -9 6 -10 0 0 5 -10 5 -10 6 -10 5 -10 5 -10 5 -11 5 -11 5 -11 5 -11 5 -12 5 -12 5 -12 5 -12 5 -12 4 -13 5 -13 5 -13 5 -13 5 -13 5 -14 5 -14 5 -14 5 -14 6 -14 6 -14 6 -14 0 0 0 0 0 0 0 0 0 0
1784740897.052786,52648,-48,11,1,6,1,-95,1,618561865,128,0 0 0 0 0 0 0 0 0 0 0 0 6 0 6 1 6 1 6 1 6 2 6 2 6 2 7 2 6 2 7 2 7 2 7 2 7 2 7 2 8 2 8 3 8 3 8 3 8 3 9 3 9 3 9 3 9 3 9 3 9 4 10 4 0 0 9 4 10 4 10 4 10 3 10 3 10 3 11 3 11 3 11 3 12 3 12 3 12 3 12 3 13 3 13 3 13 4 13 3 14 3 14 3 14 4 15 4 15 4 15 4 15 4 15 4 15 5 0 0 0 0 0 0 0 0 0 0
1784740897.064442,52649,-48,11,1,7,1,-95,1,618571884,128,0 0 0 0 0 0 0 0 0 0 0 0 -3 5 -4 5 -4 5 -4 5 -5 5 -5 5 -5 5 -5 5 -5 5 -5 5 -5 5 -5 5 -5 5 -5 5 -5 6 -6 6 -6 6 -6 6 -6 6 -6 7 -6 7 -6 7 -6 7 -7 7 -7 7 -7 7 0 0 -7 8 -7 8 -7 8 -7 8 -7 8 -7 9 -7 9 -7 9 -7 10 -7 10 -7 10 -7 11 -7 11 -7 11 -7 11 -7 12 -8 12 -8 12 -8 13 -8 13 -8 13 -8 13 -9 13 -10 13 -10 13 -10 13 0 0 0 0 0 0 0 0 0 0
1784740897.064442,52650,-47,11,1,7,1,-95,1,618581922,128,0 0 0 0 0 0 0 0 0 0 0 0 6 5 5 5 5 6 5 6 5 6 5 6 5 6 4 7 5 7 4 7 4 7 4 7 4 7 4 7 5 8 5 8 5 8 5 8 5 8 5 8 5 8 5 8 5 8 5 9 5 9 5 9 0 0 5 9 6 9 6 9 6 9 6 9 6 9 6 9 7 9 7 9 7 9 7 9 8 9 8 9 8 10 8 9 9 10 9 10 10 10 9 10 10 10 10 11 10 11 10 11 9 12 9 12 10 12 0 0 0 0 0 0 0 0 0 0
1784740897.084282,52651,-48,11,1,6,1,-95,1,618595107,128,0 0 0 0 0 0 0 0 0 0 0 0 5 7 4 7 4 7 3 8 3 8 3 8 3 8 3 8 2 8 3 8 3 8 2 8 3 8 3 8 3 8 2 8 3 9 3 8 3 9 3 9 3 9 3 9 4 8 4 9 4 9 4 9 0 0 4 9 4 9 5 10 4 9 5 9 5 9 6 9 6 9 6 10 7 9 7 10 8 9 8 10 9 10 8 10 9 12 8 11 9 12 9 12 9 12 10 12 9 13 9 12 9 13 9 13 9 14 0 0 0 0 0 0 0 0 0 0
1784740897.096700,52652,-49,11,1,6,1,-95,1,618603356,128,0 0 0 0 0 0 0 0 0 0 0 0 7 1 7 1 7 2 7 2 7 2 7 2 7 2 7 2 7 2 7 2 7 2 6 2 6 2 6 2 7 2 7 2 6 1 7 1 7 1 7 1 7 0 8 0 8 0 8 0 8 0 9 -1 0 0 9 -1 10 -2 9 -1 10 -2 10 -2 10 -2 11 -3 11 -3 11 -3 12 -4 12 -4 13 -4 13 -4 14 -4 14 -4 14 -4 15 -4 15 -4 15 -4 16 -4 16 -4 17 -4 17 -4 16 -3 17 -3 17 -3 0 0 0 0 0 0 0 0 0 0
1784740897.096700,52653,-49,11,1,7,1,-95,1,618612018,128,0 0 0 0 0 0 0 0 0 0 0 0 6 -2 6 -1 6 -1 6 -1 6 0 6 -1 6 -1 6 0 6 -1 6 -1 5 -1 5 -1 5 -1 5 -1 5 -2 5 -2 5 -2 5 -3 5 -3 5 -4 6 -4 6 -4 6 -5 6 -5 6 -6 6 -6 0 0 7 -7 7 -7 8 -7 8 -8 8 -8 8 -9 9 -9 9 -10 9 -10 10 -11 10 -11 10 -11 10 -11 11 -12 12 -11 12 -12 12 -11 12 -12 12 -12 13 -12 13 -12 14 -12 14 -12 14 -12 14 -11 15 -11 0 0 0 0 0 0 0 0 0 0
1784740897.112911,52654,-49,11,1,7,1,-95,1,618621988,128,0 0 0 0 0 0 0 0 0 0 0 0 -3 5 -3 5 -3 5 -4 5 -4 5 -4 5 -4 5 -4 5 -4 5 -4 5 -4 5 -4 5 -3 5 -3 5 -3 5 -3 5 -3 6 -3 6 -2 6 -2 6 -2 7 -2 7 -2 8 -2 8 -1 8 -1 9 0 0 -1 10 -1 10 -2 11 -1 11 -1 11 -1 11 -1 12 -1 12 -1 13 -1 14 0 14 0 14 -1 15 -1 15 -1 15 -1 16 -1 15 -1 16 -1 16 -1 17 -1 17 -2 17 -2 17 -2 17 -2 17 -2 18 0 0 0 0 0 0 0 0 0 0
1784740897.112911,52655,-48,11,1,7,1,-95,1,618631890,128,0 0 0 0 0 0 0 0 0 0 0 0 1 6 1 6 0 7 0 7 -1 7 -1 7 -1 7 -1 7 -1 7 -1 7 -2 7 -1 7 -1 7 -1 7 -1 7 -1 7 0 7 0 7 0 8 0 8 0 8 0 8 0 8 1 8 1 8 1 9 0 0 2 9 2 10 2 9 3 11 3 10 3 10 3 11 3 11 4 11 4 12 4 13 4 13 4 13 4 13 5 14 5 14 5 15 5 15 5 15 5 16 5 16 6 16 4 17 4 17 4 17 4 17 0 0 0 0 0 0 0 0 0 0
1784740897.128612,52656,-45,11,1,7,0,-95,1,618643334,128,0 0 0 0 0 0 0 0 0 0 0 0 -8 1 -8 1 -8 0 -8 0 -9 0 -8 -1 -8 -1 -9 -1 -9 -1 -9 -1 -9 -1 -9 -1 -9 -1 -9 -1 -9 -1 -9 -1 -9 0 -9 0 -9 0 -9 0 -9 1 -9 1 -10 1 -10 1 -10 2 -10 2 0 0 -11 2 -11 3 -11 3 -12 3 -11 4 -12 4 -12 4 -13 5 -13 5 -14 6 -14 6 -14 6 -15 6 -15 6 -16 7 -16 7 -16 7 -16 7 -17 7 -18 7 -18 7 -18 7 -19 7 -19 6 -20 6 -20 6 0 0 0 0 0 0 0 0 0 0
1784740897.148859,52657,-51,11,1,7,1,-95,1,618651944,128,0 0 0 0 0 0 0 0 0 0 0 0 -2 -8 -2 -8 -1 -8 -1 -8 -1 -8 -1 -8 -1 -8 -1 -8 -1 -8 -1 -8 -1 -8 -1 -7 -1 -7 -1 -7 -1 -7 -1 -7 -1 -7 -2 -7 -2 -7 -2 -7 -3 -7 -3 -7 -4 -7 -4 -7 -4 -7 -5 -7 0 0 -6 -8 -6 -8 -6 -8 -7 -8 -7 -8 -8 -9 -8 -9 -9 -9 -9 -9 -10 -9 -11 -10 -11 -10 -11 -10 -11 -11 -12 -11 -12 -12 -12 -12 -13 -12 -13 -13 -13 -13 -13 -14 -13 -14 -13 -14 -13 -15 -13 -15 -13 -16 0 0 0 0 0 0 0 0 0 0
1784740897.148859,52658,-51,11,1,7,1,-95,1,618661997,128,0 0 0 0 0 0 0 0 0 0 0 0 -2 7 -2 6 -2 7 -2 6 -3 6 -2 6 -2 6 -2 6 -2 6 -2 6 -2 5 -2 5 -2 5 -2 5 -1 5 -1 6 0 6 0 6 0 6 1 6 1 6 1 6 2 7 2 7 2 7 2 7 0 0 3 8 3 8 3 8 4 9 4 9 4 9 5 10 5 10 5 10 6 11 5 12 6 12 6 12 6 12 7 13 7 13 6 14 6 14 7 14 7 15 7 15 7 15 6 16 5 17 5 17 5 17 0 0 0 0 0 0 0 0 0 0
1784740897.160593,52659,-49,11,1,6,1,-95,1,618673496,128,0 0 0 0 0 0 0 0 0 0 0 0 3 -3 3 -3 4 -3 3 -3 4 -3 4 -4 4 -4 4 -4 4 -4 4 -4 4 -4 5 -5 5 -5 5 -5 5 -6 5 -6 5 -6 6 -6 6 -7 6 -7 6 -7 7 -8 7 -8 7 -8 8 -8 8 -8 0 0 8 -8 8 -8 8 -9 9 -9 8 -9 9 -9 9 -9 9 -10 9 -10 9 -11 9 -10 9 -11 9 -11 10 -11 10 -12 10 -12 10 -11 11 -12 11 -12 11 -12 11 -12 12 -13 12 -12 12 -12 12 -12 13 -12 0 0 0 0 0 0 0 0 0 0
1784740897.176725,52660,-47,11,1,7,1,-95,1,618681939,128,0 0 0 0 0 0 0 0 0 0 0 0 3 -5 3 -5 4 -5 4 -5 4 -5 4 -5 4 -5 4 -5 4 -5 5 -6 5 -6 5 -6 5 -6 6 -6 6 -7 6 -7 6 -7 6 -7 7 -7 7 -7 7 -8 7 -8 8 -8 8 -8 8 -8 8 -8 0 0 8 -8 9 -8 9 -8 9 -8 8 -8 8 -9 8 -9 8 -9 9 -9 9 -10 9 -10 8 -10 9 -11 9 -11 9 -11 9 -11 10 -11 10 -12 10 -12 10 -12 10 -12 10 -12 10 -12 11 -12 11 -12 11 -12 0 0 0 0 0 0 0 0 0 0
1784740897.186210,52661,-49,11,1,6,1,-95,1,618693131,128,0 0 0 0 0 0 0 0 0 0 0 0 -2 -8 -2 -8 -1 -9 -1 -9 -1 -9 -1 -9 0 -9 0 -9 0 -9 0 -9 0 -9 0 -9 0 -10 0 -10 0 -10 0 -10 0 -11 0 -11 0 -11 0 -11 0 -11 0 -12 0 -12 0 -12 0 -12 0 -12 0 0 0 -12 0 -13 0 -12 0 -13 0 -12 -1 -13 -1 -13 -1 -13 -1 -13 -1 -14 -2 -13 -2 -14 -2 -14 -2 -15 -2 -14 -2 -15 -2 -15 -2 -15 -2 -16 -2 -16 -2 -16 -2 -16 -2 -16 -2 -17 -2 -17 -1 -17 0 0 0 0 0 0 0 0 0 0
1784740897.192895,52662,-49,11,1,6,1,-95,1,618703670,128,0 0 0 0 0 0 0 0 0 0 0 0 -4 5 -4 5 -4 5 -4 5 -5 5 -5 5 -5 5 -5 5 -4 5 -5 5 -5 5 -4 5 -5 5 -4 5 -4 6 -4 7 -4 7 -5 7 -5 8 -5 8 -5 8 -5 9 -5 9 -5 9 -6 9 -6 9 0 0 -6 10 -6 10 -6 10 -6 11 -6 11 -6 11 -6 11 -6 11 -6 11 -7 12 -6 13 -6 12 -6 12 -6 13 -6 14 -6 14 -7 14 -7 14 -7 14 -7 15 -7 14 -7 15 -8 15 -9 15 -8 14 -8 14 0 0 0 0 0 0 0 0 0 0
1784740897.208410,52663,-48,11,1,7,1,-95,1,618711946,128,0 0 0 0 0 0 0 0 0 0 0 0 5 -1 5 0 5 0 5 0 5 0 5 0 6 0 6 0 6 0 6 0 6 0 7 0 7 0 7 0 8 0 8 0 8 0 9 0 9 0 9 -1 10 -1 10 0 10 0 10 0 11 0 11 0 0 0 11 0 12 0 11 0 12 0 12 0 12 0 12 -1 12 -1 13 -1 13 -1 13 0 13 -1 13 -1 14 -1 14 -1 14 -1 14 -1 15 -1 15 -2 15 -2 15 -2 15 -2 16 -1 16 -1 15 -1 16 -1 0 0 0 0 0 0 0 0 0 0
1784740897.210234,52664,-47,11,1,7,1,-95,1,618723005,128,0 0 0 0 0 0 0 0 0 0 0 0 0 -6 0 -6 0 -6 1 -6 1 -6 1 -7 1 -7 1 -7 2 -7 1 -7 1 -7 2 -8 2 -8 2 -8 2 -9 2 -8 2 -9 2 -9 2 -10 3 -10 2 -10 3 -10 3 -10 3 -10 3 -11 3 -11 0 0 3 -12 3 -11 3 -12 3 -12 3 -12 3 -12 4 -12 3 -12 3 -13 3 -13 3 -13 3 -14 3 -14 3 -14 3 -14 3 -15 3 -14 3 -15 4 -15 3 -16 4 -16 4 -16 4 -16 4 -16 4 -16 4 -16 0 0 0 0 0 0 0 0 0 0
1784740897.226576,52665,-47,11,1,7,1,-95,1,618731934,128,0 0 0 0 0 0 0 0 0 0 0 0 -1 -7 0 -7 0 -7 1 -7 1 -7 1 -7 1 -7 1 -7 1 -7 1 -8 1 -7 1 -8 1 -8 1 -8 1 -8 1 -9 1 -9 1 -9 1 -9 1 -9 1 -10 2 -10 1 -10 1 -10 2 -10 1 -11 0 0 1 -11 2 -11 2 -11 1 -12 1 -12 1 -12 1 -12 1 -13 1 -13 1 -13 1 -13 1 -13 1 -14 1 -15 1 -15 1 -15 1 -15 1 -16 1 -16 1 -16 2 -16 2 -17 2 -17 2 -17 2 -17 3 -17 0 0 0 0 0 0 0 0 0 0
1784740897.240391,52666,-48,11,1,7,1,-95,1,618741906,128,0 0 0 0 0 0 0 0 0 0 0 0 7 -2 7 -2 7 -1 7 -1 8 -1 8 -1 8 -1 8 0 7 0 8 0 7 0 8 0 8 0 8 0 8 0 8 0 8 0 8 0 8 0 9 0 8 0 9 0 9 0 9 0 9 0 9 0 0 0 9 -1 10 -1 10 -1 11 -1 10 -2 10 -1 10 -2 11 -2 11 -2 12 -3 12 -3 11 -3 12 -3 12 -3 13 -3 12 -3 14 -3 14 -3 14 -3 14 -4 14 -4 15 -4 15 -3 16 -3 15 -3 16 -3 0 0 0 0 0 0 0 0 0 0
1784740897.240391,52667,-48,11,1,7,1,-95,1,618751984,128,0 0 0 0 0 0 0 0 0 0 0 0 -7 1 -8 1 -7 1 -8 0 -8 0 -8 0 -8 0 -8 0 -8 0 -8 0 -8 0 -8 0 -8 -1 -9 -1 -9 0 -9 -1 -10 0 -9 -1 -10 -1 -10 0 -10 0 -10 0 -10 0 -10 0 -10 0 -11 0 0 0 -11 0 -11 0 -12 0 -11 1 -12 1 -12 1 -12 1 -12 2 -13 2 -13 2 -13 2 -13 2 -14 2 -15 3 -14 2 -15 3 -14 2 -16 3 -16 3 -16 3 -16 3 -16 3 -16 3 -16 2 -17 2 -17 2 0 0 0 0 0 0 0 0 0 0
1784740897.256475,52668,-46,11,1,7,1,-95,1,618761981,128,0 0 0 0 0 0 0 0 0 0 0 0 -3 -5 -3 -6 -2 -6 -2 -6 -2 -7 -2 -7 -2 -7 -2 -7 -2 -7 -2 -7 -2 -8 -2 -8 -2 -8 -2 -9 -2 -9 -2 -9 -2 -10 -2 -10 -2 -10 -1 -10 -2 -11 -1 -11 -2 -11 -1 -11 -1 -11 -1 -12 0 0 -1 -12 -2 -12 -1 -12 -2 -12 -2 -12 -2 -12 -2 -12 -2 -13 -2 -13 -3 -13 -3 -13 -3 -13 -3 -14 -3 -14 -3 -14 -3 -15 -3 -14 -3 -15 -3 -15 -3 -15 -3 -15 -3 -15 -4 -15 -3 -16 -3 -15 -3 -16 0 0 0 0 0 0 0 0 0 0
1784740897.322770,52669,-45,11,1,7,1,-95,1,618771850,128,0 0 0 0 0 0 0 0 0 0 0 0 -3 4 -3 4 -4 4 -4 4 -4 4 -4 4 -5 4 -5 4 -5 5 -6 5 -6 5 -6 5 -6 5 -7 5 -7 5 -7 5 -7 5 -8 6 -8 6 -8 6 -9 6 -8 6 -9 6 -9 5 -9 5 -9 5 0 0 -10 6 -9 6 -9 6 -10 6 -9 6 -9 7 -9 6 -10 7 -9 7 -10 7 -10 7 -10 8 -10 7 -10 8 -10 9 -10 9 -11 9 -11 9 -10 9 -11 9 -11 9 -10 9 -11 9 -11 9 -11 9 -11 9 0 0 0 0 0 0 0 0 0 0
1784740897.322770,52670,-45,11,1,7,1,-95,1,618781948,128,0 0 0 0 0 0 0 0 0 0 0 0 0 5 0 5 -1 5 -1 6 -1 6 -1 6 -1 6 -1 6 -2 7 -2 7 -2 7 -2 7 -2 7 -2 8 -2 8 -3 8 -3 8 -3 8 -3 9 -3 9 -3 9 -4 9 -4 9 -4 9 -4 9 -4 10 0 0 -4 10 -4 10 -4 10 -4 10 -4 10 -4 10 -4 10 -3 11 -4 11 -3 11 -3 11 -3 11 -3 11 -3 12 -3 12 -3 13 -3 12 -3 13 -3 13 -3 13 -3 13 -3 14 -3 13 -3 13 -3 14 -3 14 0 0 0 0 0 0 0 0 0 0
1784740897.322770,52671,-45,11,1,7,1,-95,1,618792208,128,0 0 0 0 0 0 0 0 0 0 0 0 5 -5 5 -5 6 -4 6 -4 6 -4 6 -4 6 -4 7 -4 7 -4 7 -4 7 -4 7 -4 8 -4 8 -4 8 -4 9 -3 9 -3 9 -4 9 -3 9 -3 9 -3 9 -3 10 -3 10 -3 10 -3 10 -3 0 0 10 -3 10 -3 10 -3 10 -4 10 -4 10 -4 10 -4 11 -4 11 -4 11 -5 11 -5 11 -5 11 -5 11 -5 12 -6 12 -6 12 -6 12 -6 12 -6 13 -6 13 -6 13 -6 13 -6 13 -6 13 -6 14 -6 0 0 0 0 0 0 0 0 0 0
1784740897.322770,52672,-44,11,1,7,1,-95,1,618802026,128,0 0 0 0 0 0 0 0 0 0 0 0 -2 -7 -1 -8 -1 -8 -1 -8 0 -8 0 -8 0 -9 1 -9 1 -9 1 -9 1 -9 1 -9 1 -9 2 -9 2 -9 2 -10 2 -10 2 -10 2 -10 2 -10 2 -11 2 -10 2 -11 3 -11 3 -11 3 -11 0 0 3 -11 2 -11 2 -11 2 -12 2 -12 2 -12 2 -12 2 -12 2 -12 1 -13 1 -13 1 -13 1 -13 1 -13 1 -14 1 -14 1 -14 1 -15 1 -15 1 -15 1 -15 1 -15 1 -15 2 -16 2 -15 1 -16 0 0 0 0 0 0 0 0 0 0
1784740897.322770,52673,-45,11,1,7,1,-95,1,618811871,128,0 0 0 0 0 0 0 0 0 0 0 0 -6 3 -6 4 -6 3 -7 3 -7 3 -7 3 -7 3 -7 3 -8 3 -8 3 -8 3 -8 3 -8 3 -9 3 -9 3 -9 2 -9 3 -9 3 -9 2 -9 3 -10 3 -10 3 -10 3 -10 3 -10 3 -10 3 0 0 -11 3 -11 3 -11 3 -11 4 -11 4 -11 4 -11 4 -11 5 -12 4 -12 5 -12 5 -12 5 -12 5 -12 5 -12 6 -13 6 -13 6 -13 6 -13 6 -14 6 -14 6 -14 6 -14 6 -14 6 -14 6 -14 6 0 0 0 0 0 0 0 0 0 0
1784740897.322770,52674,-45,11,1,6,1,-95,1,618827469,128,0 0 0 0 0 0 0 0 0 0 0 0 0 6 0 6 0 6 -1 6 -1 6 -1 7 -1 6 -1 7 -2 7 -1 7 -1 7 -1 7 -2 8 -2 8 -2 8 -2 8 -2 8 -2 8 -2 9 -2 9 -2 9 -3 9 -2 9 -2 9 -2 9 -2 10 0 0 -3 10 -3 10 -3 10 -2 10 -2 11 -3 11 -3 11 -2 11 -2 11 -2 12 -2 12 -1 12 -2 12 -2 13 -2 12 -2 13 -2 12 -2 13 -2 13 -2 13 -2 14 -2 14 -2 13 -2 14 -2 14 -2 14 0 0 0 0 0 0 0 0 0 0
1784740897.322770,52675,-45,11,1,7,1,-95,1,618832054,128,0 0 0 0 0 0 0 0 0 0 0 0 -1 6 -1 6 -1 6 -2 7 -2 7 -2 7 -2 7 -2 7 -3 7 -3 7 -3 7 -3 7 -3 7 -3 7 -3 8 -4 8 -4 8 -4 8 -4 8 -4 8 -4 9 -4 9 -4 9 -4 9 -4 9 -4 9 0 0 -4 9 -4 10 -4 10 -4 10 -4 10 -4 10 -4 10 -4 11 -4 11 -4 11 -4 11 -4 12 -4 11 -4 12 -4 12 -4 13 -4 12 -4 13 -4 13 -4 13 -4 13 -4 13 -4 13 -5 13 -5 13 -5 14 0 0 0 0 0 0 0 0 0 0
1784740897.340841,52676,-45,11,1,6,1,-95,1,618843325,128,0 0 0 0 0 0 0 0 0 0 0 0 -1 -8 -1 -8 0 -8 0 -8 0 -9 0 -8 1 -9 1 -9 1 -9 2 -9 2 -9 2 -9 3 -9 3 -9 2 -9 3 -10 3 -9 3 -10 3 -10 3 -10 3 -10 3 -10 3 -10 4 -10 3 -10 3 -10 0 0 3 -10 3 -10 2 -10 2 -11 2 -11 2 -11 2 -11 2 -11 1 -11 1 -12 2 -12 1 -12 1 -12 1 -12 1 -13 0 -13 1 -14 1 -13 1 -14 0 -14 0 -14 0 -14 0 -15 1 -15 1 -15 1 -15 0 0 0 0 0 0 0 0 0 0
1784740897.340841,52677,-44,11,1,7,1,-95,1,618851905,128,0 0 0 0 0 0 0 0 0 0 0 0 -8 0 -9 -1 -9 -1 -9 -2 -9 -2 -9 -2 -9 -3 -9 -3 -9 -3 -10 -4 -9 -4 -10 -4 -10 -5 -10 -4 -10 -5 -10 -5 -10 -5 -10 -5 -10 -5 -10 -6 -10 -5 -10 -5 -10 -5 -10 -6 -10 -6 -10 -5 0 0 -10 -5 -10 -5 -10 -5 -10 -5 -10 -4 -11 -4 -11 -4 -11 -4 -11 -4 -12 -4 -12 -3 -12 -3 -12 -3 -12 -3 -12 -3 -13 -2 -13 -3 -13 -2 -13 -3 -14 -2 -14 -2 -14 -2 -14 -2 -14 -2 -14 -2 -15 -2 0 0 0 0 0 0 0 0 0 0
1784740897.357021,52678,-44,11,1,7,1,-95,1,618861902,128,0 0 0 0 0 0 0 0 0 0 0 0 -5 -5 -5 -6 -5 -7 -5 -7 -5 -7 -5 -8 -5 -8 -5 -8 -5 -8 -4 -9 -4 -9 -4 -9 -4 -10 -4 -10 -4 -10 -3 -10 -3 -10 -4 -10 -3 -10 -3 -11 -4 -11 -3 -11 -3 -11 -3 -11 -3 -11 -3 -11 0 0 -3 -11 -4 -11 -4 -11 -4 -11 -4 -11 -4 -11 -5 -11 -5 -11 -5 -11 -5 -11 -5 -12 -5 -11 -5 -12 -6 -12 -6 -12 -6 -12 -6 -12 -7 -12 -7 -12 -7 -12 -7 -12 -7 -13 -7 -13 -7 -13 -7 -13 -7 -13 0 0 0 0 0 0 0 0 0 0
1784740897.369399,52679,-45,11,1,6,1,-95,1,618873588,128,0 0 0 0 0 0 0 0 0 0 0 0 6 1 6 2 6 3 6 3 6 3 6 3 6 3 7 4 6 4 6 4 6 5 6 5 7 5 7 6 7 6 6 6 7 6 6 6 7 6 7 6 7 6 7 6 7 6 7 6 7 7 7 7 0 0 7 6 7 7 7 6 8 6 8 6 8 6 8 6 9 6 8 6 9 6 9 6 9 6 9 6 10 6 10 6 11 6 10 7 11 7 11 7 11 7 11 7 11 7 11 7 11 7 11 7 12 7 0 0 0 0 0 0 0 0 0 0
1784740897.369399,52680,-45,11,1,6,1,-95,1,618883625,128,0 0 0 0 0 0 0 0 0 0 0 0 7 -1 7 -1 8 0 8 1 8 1 8 1 8 2 8 2 8 2 8 2 8 2 8 3 8 3 8 3 8 3 8 4 8 4 7 4 8 4 8 4 8 4 7 4 8 4 8 4 8 3 8 4 0 0 8 3 9 4 8 3 8 3 8 3 9 3 9 3 9 2 9 3 10 2 10 2 10 2 11 2 11 2 11 2 12 2 12 2 12 2 12 2 13 2 13 2 13 2 13 2 13 2 13 2 14 2 0 0 0 0 0 0 0 0 0 0
1784740897.387447,52681,-44,11,1,7,1,-95,1,618891944,128,0 0 0 0 0 0 0 0 0 0 0 0 6 4 6 4 5 5 5 5 5 6 5 6 5 6 5 7 4 7 4 7 4 7 4 7 4 7 3 8 4 8 3 8 4 8 3 8 3 8 3 8 3 8 3 8 3 8 3 8 3 8 3 8 0 0 3 8 4 9 4 8 4 8 4 8 4 8 5 8 5 8 5 9 6 9 6 9 6 8 6 9 7 9 7 9 7 9 7 9 8 9 8 9 8 9 8 10 8 10 8 10 8 11 8 10 9 11 0 0 0 0 0 0 0 0 0 0
1784740897.387447,52682,-43,11,1,7,1,-95,1,618901940,128,0 0 0 0 0 0 0 0 0 0 0 0 -8 2 -9 1 -9 1 -9 0 -9 0 -10 0 -10 -1 -10 -1 -10 -1 -10 -1 -10 -2 -11 -2 -11 -2 -11 -2 -11 -3 -11 -3 -11 -3 -11 -3 -11 -3 -11 -4 -11 -4 -11 -4 -11 -3 -11 -4 -11 -4 -11 -4 0 0 -11 -4 -11 -3 -11 -4 -11 -3 -11 -3 -11 -3 -11 -3 -12 -2 -12 -3 -12 -2 -12 -2 -12 -1 -13 -1 -13 -1 -13 -1 -13 -1 -13 -1 -13 -1 -14 -1 -14 0 -14 0 -14 -1 -14 0 -14 0 -15 0 -15 0 0 0 0 0 0 0 0 0 0 0
1784740897.401172,52683,-43,11,1,7,1,-95,1,618911908,128,0 0 0 0 0 0 0 0 0 0 0 0 7 0 7 0 8 1 7 1 8 2 8 2 8 2 8 2 8 3 8 4 8 4 8 4 8 4 8 4 8 4 8 5 8 5 8 5 8 5 8 5 8 5 8 5 8 6 8 6 8 6 8 6 0 0 8 6 8 5 8 5 9 5 8 5 9 5 9 5 9 5 9 5 10 5 10 5 10 4 10 4 10 4 11 4 11 4 11 5 11 4 11 4 12 4 12 4 12 4 12 4 12 5 12 4 12 4 0 0 0 0 0 0 0 0 0 0
1784740897.419535,52684,-44,11,1,6,1,-95,1,618923374,128,0 0 0 0 0 0 0 0 0 0 0 0 -7 3 -7 3 -8 2 -8 2 -8 2 -8 2 -9 2 -9 2 -9 1 -9 1 -9 1 -9 1 -10 0 -10 0 -10 0 -10 0 -10 0 -10 0 -10 0 -10 0 -10 0 -10 0 -11 0 -10 -1 -10 -1 -11 0 0 0 -11 0 -11 0 -11 0 -11 0 -11 1 -11 1 -11 1 -11 1 -11 1 -12 2 -11 2 -11 2 -11 2 -11 2 -12 3 -12 3 -12 3 -12 3 -12 4 -13 4 -13 4 -13 4 -13 4 -14 4 -14 4 -14 4 0 0 0 0 0 0 0 0 0 0
1784740897.419535,52685,-44,11,1,7,1,-95,1,618932043,128,0 0 0 0 0 0 0 0 0 0 0 0 1 -7 2 -7 2 -8 3 -7 3 -7 3 -7 3 -7 3 -7 4 -7 4 -7 4 -7 5 -7 5 -7 5 -7 5 -7 5 -7 5 -7 6 -7 6 -7 6 -7 6 -7 6 -7 6 -7 6 -7 6 -7 6 -8 0 0 6 -7 6 -8 6 -7 6 -8 6 -8 6 -8 6 -8 5 -8 5 -9 5 -9 5 -9 5 -10 5 -10 5 -10 5 -10 5 -11 5 -11 5 -11 5 -11 5 -12 5 -12 5 -12 5 -13 6 -13 6 -13 6 -13 0 0 0 0 0 0 0 0 0 0
1784740897.432891,52686,-44,11,1,7,1,-95,1,618941841,128,0 0 0 0 0 0 0 0 0 0 0 0 -6 4 -6 4 -7 4 -7 3 -7 3 -7 3 -8 3 -8 3 -8 2 -8 2 -8 2 -9 2 -9 2 -9 1 -9 2 -9 1 -9 2 -9 1 -9 1 -10 1 -10 1 -10 1 -10 1 -10 1 -10 1 -10 1 0 0 -10 1 -10 1 -10 1 -10 2 -10 2 -10 2 -10 2 -10 2 -10 3 -10 3 -10 3 -10 3 -11 3 -11 4 -11 4 -11 4 -11 4 -12 5 -11 5 -12 5 -12 5 -12 5 -12 5 -12 5 -13 5 -13 5 0 0 0 0 0 0 0 0 0 0
1784740897.448810,52687,-44,11,1,6,1,-95,1,618953321,128,0 0 0 0 0 0 0 0 0 0 0 0 -3 -7 -2 -7 -2 -8 -2 -8 -2 -8 -1 -8 -1 -8 -1 -9 -1 -9 -1 -9 0 -9 0 -9 0 -9 0 -9 0 -9 0 -10 0 -9 0 -10 0 -10 0 -10 0 -10 0 -10 0 -10 1 -10 1 -10 0 -10 0 0 0 -10 0 -11 0 -10 0 -11 -1 -11 -1 -11 -1 -11 -1 -11 -1 -11 -2 -12 -1 -12 -2 -11 -1 -12 -2 -12 -3 -13 -3 -12 -2 -13 -3 -13 -3 -13 -3 -13 -3 -13 -4 -13 -3 -14 -2 -14 -3 -14 -3 -14 0 0 0 0 0 0 0 0 0 0
1784740897.464992,52688,-46,11,1,6,1,-95,1,618977032,128,0 0 0 0 0 0 0 0 0 0 0 0 -7 -2 -7 -3 -7 -4 -7 -4 -7 -4 -7 -4 -7 -5 -7 -5 -7 -5 -7 -6 -7 -6 -7 -6 -7 -7 -7 -7 -7 -7 -7 -7 -7 -7 -7 -8 -7 -8 -7 -8 -7 -8 -7 -8 -7 -8 -7 -8 -7 -8 -7 -9 0 0 -7 -9 -7 -9 -6 -8 -7 -9 -7 -8 -7 -9 -7 -8 -8 -8 -7 -8 -8 -8 -8 -8 -8 -8 -8 -8 -8 -8 -9 -8 -9 -7 -9 -8 -9 -8 -10 -8 -10 -8 -10 -8 -10 -8 -10 -8 -10 -8 -11 -8 -11 -8 0 0 0 0 0 0 0 0 0 0
1784740897.481039,52689,-46,11,1,6,1,-95,1,618981876,128,0 0 0 0 0 0 0 0 0 0 0 0 -4 6 -4 6 -4 6 -5 5 -5 5 -6 5 -6 5 -6 6 -6 5 -6 5 -7 5 -7 5 -7 5 -7 5 -8 5 -8 5 -8 5 -8 5 -8 5 -8 5 -8 5 -8 5 -8 5 -9 5 -8 5 -9 5 0 0 -8 5 -9 5 -9 5 -9 6 -8 5 -8 6 -9 6 -8 6 -9 6 -8 7 -8 6 -8 7 -9 7 -8 7 -8 7 -8 7 -8 8 -8 8 -8 8 -8 8 -8 8 -9 9 -8 9 -9 9 -9 9 -9 9 0 0 0 0 0 0 0 0 0 0
1784740897.485860,52690,-47,11,1,6,1,-95,1,618992120,128,0 0 0 0 0 0 0 0 0 0 0 0 -2 7 -2 7 -3 7 -4 7 -4 7 -4 7 -4 7 -5 7 -5 7 -6 7 -6 6 -6 6 -6 6 -6 6 -6 6 -6 7 -6 6 -6 7 -6 6 -6 7 -6 7 -6 7 -6 7 -6 7 -6 6 -6 7 0 0 -5 7 -5 8 -5 7 -5 8 -5 8 -5 8 -5 8 -5 9 -5 9 -5 10 -5 9 -5 10 -5 10 -4 10 -4 11 -4 11 -5 11 -4 11 -4 11 -4 12 -4 12 -4 12 -5 12 -5 12 -5 12 -5 12 0 0 0 0 0 0 0 0 0 0
1784740897.496932,52691,-48,11,1,6,1,-95,1,619002632,128,0 0 0 0 0 0 0 0 0 0 0 0 5 5 5 6 4 6 4 7 3 7 3 7 3 7 3 8 2 8 2 8 2 8 2 8 2 8 2 8 2 8 1 8 1 8 1 8 1 8 1 8 1 8 1 8 2 8 2 8 2 8 2 8 0 0 2 8 2 8 2 9 3 8 3 8 3 8 3 8 4 8 4 9 5 8 5 9 5 9 5 9 6 9 5 9 6 10 6 10 6 10 6 10 7 10 7 10 7 11 7 10 7 10 7 11 7 11 0 0 0 0 0 0 0 0 0 0
1784740897.496932,52692,-48,11,1,6,1,-95,1,619011938,128,0 0 0 0 0 0 0 0 0 0 0 0 6 2 6 2 6 3 6 3 6 4 6 4 5 4 5 5 5 5 5 5 5 5 5 5 5 6 5 6 5 6 5 6 5 6 5 6 5 6 5 6 5 6 5 7 5 6 5 6 5 6 6 7 0 0 6 6 6 6 6 7 6 6 7 6 7 6 7 6 7 6 7 7 8 6 8 6 8 6 9 6 9 6 9 6 9 7 9 6 10 7 10 7 10 7 11 7 11 7 11 7 11 7 11 7 12 7 0 0 0 0 0 0 0 0 0 0
1784740897.513072,52693,-47,11,1,6,1,-95,1,619021975,128,0 0 0 0 0 0 0 0 0 0 0 0 6 2 6 2 6 3 5 3 6 4 5 4 6 4 5 4 5 5 5 5 5 6 5 6 5 6 5 6 4 6 5 6 4 6 5 6 4 6 5 6 5 6 5 6 5 6 5 6 5 6 5 6 0 0 5 6 6 6 6 5 7 6 6 5 7 6 7 5 8 5 8 5 9 6 8 6 8 5 8 6 9 6 10 6 10 5 11 6 10 6 10 6 11 6 11 6 11 6 12 7 11 7 11 7 11 7 0 0 0 0 0 0 0 0 0 0
1784740897.529033,52694,-48,11,1,6,1,-95,1,619031862,128,0 0 0 0 0 0 0 0 0 0 0 0 -4 5 -4 5 -5 4 -5 5 -6 4 -6 4 -6 4 -7 4 -7 4 -7 4 -8 4 -8 3 -8 3 -8 3 -8 3 -8 3 -9 3 -8 2 -8 3 -8 3 -8 3 -8 3 -8 3 -8 3 -7 3 -8 3 0 0 -7 4 -7 4 -7 4 -7 4 -7 5 -7 5 -7 5 -7 6 -7 6 -7 7 -7 7 -7 8 -7 8 -7 8 -7 9 -8 9 -8 9 -8 10 -8 10 -8 10 -8 10 -9 11 -9 11 -9 11 -9 11 -10 11 0 0 0 0 0 0 0 0 0 0
1784740897.529033,52695,-49,11,1,6,1,-95,1,619041867,128,0 0 0 0 0 0 0 0 0 0 0 0 2 -4 2 -4 2 -4 3 -5 3 -5 3 -5 4 -5 4 -5 4 -5 4 -5 5 -5 5 -5 5 -5 5 -5 6 -5 6 -4 6 -4 6 -4 6 -4 6 -4 6 -4 6 -4 6 -4 6 -4 6 -4 6 -5 0 0 6 -5 6 -5 6 -5 6 -5 6 -5 6 -5 6 -6 6 -6 7 -6 6 -7 6 -7 6 -8 7 -8 7 -8 7 -8 8 -9 7 -8 8 -9 8 -9 8 -9 9 -10 9 -9 8 -10 8 -10 9 -11 9 -11 0 0 0 0 0 0 0 0 0 0
1784740897.548940,52696,-48,11,1,6,1,-95,1,619053008,128,0 0 0 0 0 0 0 0 0 0 0 0 3 3 3 3 3 4 3 4 3 4 3 4 3 4 3 5 3 5 3 5 3 5 3 6 3 6 3 6 3 6 3 6 3 7 3 7 3 7 3 7 3 7 3 7 3 7 3 7 3 7 4 7 0 0 4 7 4 8 4 8 4 8 4 7 4 8 5 8 5 8 5 8 6 8 6 8 7 8 6 9 7 9 7 9 7 9 7 9 7 9 7 9 8 10 8 10 8 10 8 10 8 10 8 10 8 11 0 0 0 0 0 0 0 0 0 0
1784740897.548940,52697,-46,11,1,5,1,-95,1,619063331,128,0 0 0 0 0 0 0 0 0 0 0 0 -6 -6 -5 -6 -5 -7 -5 -7 -5 -8 -5 -8 -5 -8 -5 -9 -4 -9 -4 -10 -3 -9 -3 -10 -3 -10 -3 -10 -3 -10 -3 -11 -2 -10 -2 -11 -2 -10 -2 -10 -2 -10 -2 -10 -2 -10 -2 -10 -1 -10 -2 -10 0 0 -2 -9 -3 -10 -2 -9 -3 -10 -3 -9 -3 -9 -4 -9 -4 -9 -4 -9 -5 -10 -5 -10 -5 -9 -5 -9 -5 -9 -7 -10 -6 -9 -7 -10 -7 -10 -7 -10 -7 -10 -8 -10 -8 -10 -8 -11 -8 -11 -8 -11 -9 -11 0 0 0 0 0 0 0 0 0 0
1784740897.560990,52698,-46,11,1,6,1,-95,1,619076026,128,0 0 0 0 0 0 0 0 0 0 0 0 7 2 6 2 7 3 6 4 7 4 6 4 7 5 6 5 7 5 6 6 6 7 6 7 6 7 6 7 6 8 6 8 5 8 6 8 5 8 5 8 5 8 5 8 5 8 4 8 4 8 4 8 0 0 4 7 5 7 4 7 5 7 5 6 5 6 6 6 6 6 6 6 7 6 7 6 7 6 7 5 7 5 8 5 8 5 9 6 9 5 9 5 10 5 10 5 10 5 10 6 10 6 10 6 10 6 0 0 0 0 0 0 0 0 0 0
1784740897.580087,52699,-46,11,1,6,1,-95,1,619081929,128,0 0 0 0 0 0 0 0 0 0 0 0 3 -7 3 -6 4 -7 4 -6 4 -7 4 -6 5 -7 5 -6 5 -7 6 -6 6 -6 7 -6 7 -6 7 -6 7 -6 7 -6 7 -6 7 -6 8 -6 8 -6 7 -6 8 -6 8 -6 8 -5 8 -5 8 -5 0 0 7 -5 7 -6 7 -6 7 -6 6 -6 7 -6 6 -7 7 -7 6 -7 7 -8 6 -8 6 -8 6 -8 6 -8 6 -10 5 -10 6 -10 6 -10 6 -10 6 -11 6 -11 6 -11 7 -12 7 -12 7 -11 7 -12 0 0 0 0 0 0 0 0 0 0
1784740897.586300,52700,-46,11,1,6,1,-95,1,619091939,128,0 0 0 0 0 0 0 0 0 0 0 0 6 0 6 1 6 1 6 2 6 2 6 2 6 2 6 2 6 3 6 3 6 3 7 3 6 4 6 4 7 4 7 4 7 4 7 4 7 4 7 4 7 4 7 5 7 5 7 4 7 5 7 5 0 0 7 4 7 5 7 4 7 4 7 4 8 4 8 4 8 4 8 4 9 3 9 3 9 3 9 3 10 3 10 3 10 3 10 3 11 3 11 3 11 3 12 3 12 3 11 3 12 3 12 4 13 3 0 0 0 0 0 0 0 0 0 0
1784740897.592844,52701,-46,11,1,6,1,-95,1,619101981,128,0 0 0 0 0 0 0 0 0 0 0 0 -8 -2 -8 -2 -8 -2 -8 -3 -8 -4 -8 -4 -8 -4 -8 -4 -8 -4 -8 -5 -8 -5 -8 -6 -8 -6 -8 -6 -8 -6 -8 -6 -8 -6 -8 -6 -8 -7 -8 -7 -8 -7 -8 -7 -8 -7 -8 -7 -8 -7 -8 -7 0 0 -8 -7 -8 -7 -8 -6 -8 -6 -8 -6 -9 -6 -9 -6 -9 -6 -9 -6 -10 -6 -10 -6 -10 -6 -10 -6 -10 -5 -11 -5 -11 -5 -11 -6 -12 -5 -12 -6 -12 -5 -12 -5 -12 -5 -12 -6 -13 -6 -12 -6 -13 -6 0 0 0 0 0 0 0 0 0 0
1784740897.592844,52702,-46,11,1,6,1,-95,1,619112000,128,0 0 0 0 0 0 0 0 0 0 0 0 7 -1 8 -1 8 0 8 1 8 1 8 1 8 1 8 2 8 2 8 2 8 3 8 3 8 3 8 3 8 3 8 4 8 4 8 4 8 4 8 4 8 4 8 4 8 4 8 4 8 4 8 4 0 0 8 3 8 4 8 3 8 3 8 3 8 3 8 3 9 2 9 2 9 2 9 2 9 1 10 2 10 1 10 1 10 1 10 1 11 1 11 1 11 0 11 1 11 0 12 0 12 1 12 1 12 0 0 0 0 0 0 0 0 0 0 0
1784740897.608926,52703,-46,11,1,6,1,-95,1,619121855,128,0 0 0 0 0 0 0 0 0 0 0 0 6 -5 7 -5 7 -4 8 -4 8 -4 8 -3 8 -3 8 -3 8 -2 8 -2 8 -2 9 -2 8 -2 9 -2 9 -1 9 -1 9 -1 9 -1 8 -1 8 -1 8 -1 8 -1 8 -1 8 -1 8 -2 8 -2 0 0 8 -2 8 -2 8 -2 8 -3 8 -3 8 -3 8 -3 8 -3 8 -4 8 -4 8 -4 9 -5 9 -5 9 -5 9 -5 9 -6 9 -5 10 -6 10 -6 10 -6 10 -6 10 -6 10 -7 10 -6 10 -7 11 -7 0 0 0 0 0 0 0 0 0 0
1784740897.625149,52704,-45,11,1,6,1,-95,1,619132632,128,0 0 0 0 0 0 0 0 0 0 0 0 8 -1 7 0 8 0 8 1 8 1 8 1 8 2 8 2 8 2 8 3 8 3 8 4 7 3 7 4 7 4 7 4 7 4 7 4 7 4 7 4 7 4 7 4 7 4 7 4 7 4 7 4 0 0 7 4 7 3 7 3 8 3 7 3 8 3 8 2 8 2 8 2 9 2 9 2 9 2 9 2 9 2 10 1 10 1 10 1 11 2 11 1 11 1 11 1 12 1 12 2 12 2 12 1 12 1 0 0 0 0 0 0 0 0 0 0
1784740897.625149,52705,-44,11,1,6,1,-95,1,619141905,128,0 0 0 0 0 0 0 0 0 0 0 0 0 -8 1 -8 1 -8 2 -8 2 -8 2 -8 2 -8 3 -8 3 -8 3 -8 3 -8 4 -8 4 -8 4 -8 4 -8 5 -8 5 -8 5 -8 5 -8 5 -8 5 -8 5 -8 5 -8 5 -8 5 -8 5 -8 0 0 5 -8 5 -8 5 -8 5 -8 5 -8 5 -9 4 -9 4 -9 4 -9 4 -10 4 -10 4 -10 4 -10 4 -10 3 -11 4 -11 4 -11 4 -12 4 -12 4 -12 4 -12 4 -12 4 -12 4 -13 4 -13 4 -13 0 0 0 0 0 0 0 0 0 0
1784740897.641071,52706,-44,11,1,6,1,-95,1,619151965,128,0 0 0 0 0 0 0 0 0 0 0 0 5 -5 5 -5 6 -4 6 -4 6 -4 7 -4 7 -3 7 -3 7 -3 7 -3 7 -3 7 -3 8 -3 8 -3 8 -3 8 -2 8 -3 8 -2 9 -3 9 -2 8 -3 9 -2 9 -3 9 -3 9 -3 9 -3 0 0 9 -2 9 -3 9 -3 9 -3 9 -3 9 -3 9 -3 10 -3 10 -4 10 -4 10 -4 10 -5 10 -5 10 -5 10 -5 11 -5 11 -5 11 -5 11 -5 11 -5 11 -5 12 -5 11 -6 11 -6 12 -6 12 -6 0 0 0 0 0 0 0 0 0 0
1784740897.689166,52707,-46,11,1,6,1,-95,1,619161875,128,0 0 0 0 0 0 0 0 0 0 0 0 -1 6 -2 6 -2 7 -2 6 -3 7 -3 6 -3 6 -3 6 -3 6 -4 6 -4 6 -4 6 -4 6 -4 6 -4 6 -4 7 -4 7 -4 7 -4 7 -4 7 -4 7 -4 7 -5 8 -5 7 -5 7 -5 7 0 0 -5 8 -4 8 -4 8 -5 9 -4 8 -4 9 -4 9 -4 9 -4 9 -4 10 -5 9 -4 10 -4 10 -4 10 -4 11 -4 11 -4 11 -4 11 -4 11 -4 12 -4 11 -4 12 -5 12 -5 12 -4 12 -4 12 0 0 0 0 0 0 0 0 0 0
1784740897.689166,52708,-45,11,1,7,1,-95,1,619183874,128,0 0 0 0 0 0 0 0 0 0 0 0 5 -2 5 -1 5 -1 6 -1 6 -1 6 0 6 -1 6 0 6 -1 6 1 7 1 7 1 7 0 7 1 7 1 7 1 7 1 7 1 8 1 7 1 8 1 8 2 8 1 8 2 8 2 9 1 0 0 8 2 9 2 10 2 9 1 9 1 9 2 9 1 10 1 9 1 9 1 10 1 10 1 11 1 11 1 10 1 11 0 11 0 12 0 12 0 12 0 12 0 13 0 12 0 12 1 13 1 13 1 0 0 0 0 0 0 0 0 0 0
1784740897.689166,52709,-45,11,1,6,1,-95,1,619193714,128,0 0 0 0 0 0 0 0 0 0 0 0 2 6 2 6 1 7 1 7 1 7 0 7 1 7 0 7 0 7 0 7 0 7 -1 7 -1 8 -1 8 0 7 -1 8 -2 7 -2 8 -1 8 -1 8 -1 8 -1 8 -1 9 -1 9 -2 8 -1 9 0 0 -2 8 -1 9 -1 9 -1 10 0 8 -1 8 0 9 0 11 1 9 0 10 0 10 0 11 1 10 1 10 1 11 1 11 1 11 1 12 1 12 2 12 1 12 1 12 1 13 1 13 1 13 1 13 0 0 0 0 0 0 0 0 0 0
1784740897.689166,52710,-45,11,1,6,1,-95,1,619203351,128,0 0 0 0 0 0 0 0 0 0 0 0 4 5 4 5 3 6 3 6 3 6 2 6 3 6 3 7 2 7 2 7 2 7 1 7 1 7 1 8 2 7 2 8 2 7 2 8 2 8 2 8 2 8 2 8 2 8 1 8 1 8 2 8 0 0 2 8 3 8 2 8 3 9 3 8 3 8 4 8 4 9 4 9 4 9 4 9 4 9 4 9 5 9 5 9 5 9 5 10 6 10 6 10 6 10 6 10 6 10 6 10 6 11 6 11 6 11 0 0 0 0 0 0 0 0 0 0
1784740897.705125,52711,-45,11,1,7,1,-95,1,619211933,128,0 0 0 0 0 0 0 0 0 0 0 0 -2 -8 -1 -8 0 -8 0 -8 0 -8 1 -8 1 -8 1 -9 1 -8 2 -9 2 -9 2 -9 2 -9 2 -9 2 -9 3 -9 3 -9 3 -9 3 -9 3 -9 3 -9 3 -9 2 -9 3 -9 3 -9 3 -10 0 0 2 -10 2 -10 2 -10 2 -10 2 -10 2 -10 2 -10 2 -11 2 -11 1 -11 1 -11 1 -11 1 -11 1 -12 1 -12 0 -12 1 -12 1 -12 1 -13 0 -13 0 -13 0 -13 0 -13 0 -13 0 -14 0 -14 0 0 0 0 0 0 0 0 0 0
1784740897.705125,52712,-44,11,1,6,1,-95,1,619224036,128,0 0 0 0 0 0 0 0 0 0 0 0 2 -7 3 -7 4 -7 4 -7 4 -6 4 -6 5 -6 5 -7 5 -6 5 -6 5 -6 6 -6 6 -6 6 -6 6 -6 6 -6 6 -6 6 -6 7 -6 7 -6 7 -7 7 -7 7 -7 7 -7 7 -7 8 -7 0 0 8 -7 8 -7 8 -7 8 -7 8 -7 8 -7 8 -7 8 -8 8 -8 8 -8 8 -9 8 -9 8 -9 8 -9 8 -9 8 -9 8 -9 8 -10 8 -10 8 -10 8 -10 8 -10 8 -10 8 -11 9 -11 9 -11 0 0 0 0 0 0 0 0 0 0
1784740897.721189,52713,-46,11,1,6,1,-95,1,619237551,128,0 0 0 0 0 0 0 0 0 0 0 0 7 -1 7 -1 6 0 7 0 7 0 7 0 7 1 7 1 7 1 7 1 7 1 7 2 7 2 7 2 7 2 7 2 8 2 7 2 8 2 7 2 8 2 8 2 8 2 8 2 8 2 9 2 0 0 9 2 9 2 9 2 9 1 9 1 9 1 9 1 9 1 9 1 10 1 10 1 10 1 10 1 11 1 10 0 11 1 10 0 11 0 11 0 11 0 12 -1 12 0 11 0 12 0 12 0 12 0 0 0 0 0 0 0 0 0 0 0
1784740897.736979,52714,-46,11,1,7,1,-95,1,619242008,128,0 0 0 0 0 0 0 0 0 0 0 0 -5 -7 -4 -7 -4 -8 -4 -8 -3 -8 -3 -8 -3 -8 -3 -8 -3 -8 -2 -9 -2 -9 -2 -9 -2 -9 -2 -9 -2 -9 -2 -9 -1 -9 -2 -9 -2 -9 -2 -9 -2 -9 -2 -9 -2 -9 -2 -9 -1 -9 -2 -9 0 0 -2 -9 -2 -9 -2 -9 -3 -10 -3 -9 -3 -9 -3 -9 -4 -10 -4 -9 -4 -10 -4 -10 -4 -10 -4 -10 -5 -10 -5 -11 -5 -11 -5 -11 -6 -11 -6 -11 -6 -11 -6 -11 -6 -11 -6 -11 -6 -12 -6 -11 -6 -11 0 0 0 0 0 0 0 0 0 0
1784740897.736979,52715,-47,11,1,6,1,-95,1,619253307,128,0 0 0 0 0 0 0 0 0 0 0 0 2 -6 3 -6 3 -5 4 -6 4 -5 4 -6 4 -5 4 -5 4 -5 4 -5 5 -5 5 -5 5 -5 5 -5 6 -5 6 -5 6 -5 5 -5 6 -5 6 -5 6 -5 6 -5 5 -5 6 -5 6 -5 6 -5 0 0 6 -5 6 -5 6 -6 5 -6 6 -6 6 -6 6 -6 6 -7 6 -7 6 -7 6 -8 6 -8 6 -8 7 -9 6 -8 7 -9 7 -8 7 -9 8 -9 8 -9 8 -10 8 -9 8 -9 8 -10 8 -10 8 -10 0 0 0 0 0 0 0 0 0 0
1784740897.753053,52716,-47,11,1,6,1,-95,1,619263476,128,0 0 0 0 0 0 0 0 0 0 0 0 4 1 4 2 4 2 4 2 4 2 4 3 4 2 4 3 4 3 4 3 4 3 4 3 4 3 5 3 5 3 5 4 5 3 5 4 5 4 5 4 6 4 6 4 6 4 6 4 6 4 6 4 0 0 6 4 7 4 6 4 7 4 7 4 7 4 8 4 8 4 8 4 9 4 9 5 9 4 9 5 9 4 10 5 10 5 10 5 11 5 11 5 11 5 11 5 11 5 12 6 12 6 11 6 12 6 0 0 0 0 0 0 0 0 0 0
1784740897.769031,52717,-47,11,1,7,1,-95,1,619271905,128,0 0 0 0 0 0 0 0 0 0 0 0 0 4 0 4 0 5 0 5 0 5 -1 5 0 5 0 5 0 5 -1 5 -1 5 -1 6 -1 5 -1 6 -1 5 -1 6 -1 6 -1 6 0 6 0 7 0 7 0 7 0 7 -1 7 -1 7 0 8 0 0 0 8 0 8 0 8 1 9 1 9 1 9 1 9 1 9 1 10 1 11 1 11 1 11 1 11 1 11 2 12 2 12 2 12 2 13 2 13 3 13 2 13 2 14 2 14 1 14 1 14 1 14 0 0 0 0 0 0 0 0 0 0
1784740897.773175,52718,-47,11,1,5,1,-95,1,619285142,128,0 0 0 0 0 0 0 0 0 0 0 0 0 6 0 6 -1 6 -1 7 -1 7 -2 7 -2 7 -2 7 -3 7 -3 7 -3 7 -3 7 -3 7 -3 7 -3 7 -3 7 -3 7 -4 7 -4 7 -4 7 -4 7 -4 7 -3 7 -3 7 -3 7 -3 7 0 0 -3 8 -3 8 -3 8 -3 8 -2 8 -2 8 -2 9 -2 9 -2 9 -1 10 -2 10 -1 10 -1 10 -1 11 -1 11 -1 11 -1 11 -1 12 -1 12 -1 12 -1 12 -1 13 -1 13 -1 13 -1 13 -2 13 0 0 0 0 0 0 0 0 0 0
1784740897.786768,52719,-46,11,1,5,1,-95,1,619295104,128,0 0 0 0 0 0 0 0 0 0 0 0 -8 2 -8 1 -8 0 -8 0 -8 0 -9 -1 -9 -1 -9 -1 -9 -1 -9 -1 -9 -1 -9 -2 -9 -2 -9 -2 -9 -2 -9 -3 -9 -3 -9 -3 -9 -3 -9 -3 -9 -3 -9 -3 -10 -2 -9 -3 -9 -2 -10 -2 0 0 -10 -2 -10 -2 -10 -3 -9 -2 -10 -2 -10 -2 -10 -2 -10 -1 -11 -1 -11 -1 -11 -1 -11 0 -12 0 -12 0 -12 0 -13 -1 -13 0 -13 0 -14 0 -14 0 -14 0 -14 -1 -14 0 -15 0 -15 0 -15 0 0 0 0 0 0 0 0 0 0 0
1784740897.786768,52720,-46,11,1,6,1,-95,1,619303265,128,0 0 0 0 0 0 0 0 0 0 0 0 -6 -6 -6 -6 -5 -6 -5 -7 -5 -7 -5 -8 -5 -8 -4 -8 -4 -8 -4 -8 -4 -8 -4 -9 -4 -8 -4 -9 -4 -9 -3 -9 -3 -9 -3 -9 -3 -9 -3 -9 -3 -9 -3 -9 -3 -9 -3 -9 -3 -9 -3 -9 0 0 -3 -9 -3 -9 -4 -9 -4 -9 -4 -9 -4 -9 -4 -9 -5 -9 -5 -9 -6 -9 -6 -9 -6 -9 -6 -9 -7 -10 -7 -10 -7 -10 -7 -10 -7 -10 -7 -11 -8 -11 -8 -11 -8 -11 -8 -11 -8 -11 -8 -12 -9 -12 0 0 0 0 0 0 0 0 0 0
1784740897.801015,52721,-45,11,1,6,1,-95,1,619313689,128,0 0 0 0 0 0 0 0 0 0 0 0 4 -7 5 -7 5 -7 6 -6 6 -6 6 -6 7 -6 7 -6 7 -6 7 -5 7 -5 8 -5 8 -5 8 -4 8 -5 8 -4 8 -5 8 -5 9 -4 9 -4 9 -5 8 -4 9 -4 9 -4 9 -4 9 -4 0 0 9 -4 8 -4 8 -4 8 -5 8 -5 8 -5 8 -5 8 -6 8 -6 8 -6 8 -6 8 -6 8 -6 8 -7 8 -7 8 -8 9 -8 9 -8 8 -8 9 -9 9 -8 9 -9 9 -9 9 -9 10 -9 9 -9 0 0 0 0 0 0 0 0 0 0
1784740897.816954,52722,-45,11,1,6,1,-95,1,619323334,128,0 0 0 0 0 0 0 0 0 0 0 0 6 3 5 4 5 4 5 5 5 5 5 5 5 5 5 5 5 6 5 6 5 7 5 7 4 7 5 7 4 7 5 8 5 7 5 8 4 8 5 8 4 8 5 8 4 8 4 8 4 8 4 8 0 0 4 8 5 8 4 8 5 8 5 8 5 8 5 8 6 8 5 7 6 8 6 8 6 7 6 7 6 7 8 8 7 7 8 8 8 8 8 8 8 8 8 8 9 8 9 9 9 8 9 8 9 8 0 0 0 0 0 0 0 0 0 0
1784740897.832925,52723,-44,11,1,6,1,-95,1,619337845,128,0 0 0 0 0 0 0 0 0 0 0 0 -3 6 -4 6 -4 6 -4 6 -5 6 -5 6 -5 6 -6 6 -6 6 -7 6 -7 5 -7 5 -7 5 -8 5 -8 6 -8 6 -8 6 -9 6 -9 5 -9 5 -9 5 -9 5 -10 5 -10 5 -10 4 -10 5 0 0 -9 5 -9 5 -9 5 -9 5 -9 5 -9 5 -9 5 -9 6 -9 6 -9 6 -9 6 -9 7 -9 7 -9 7 -8 8 -9 8 -9 8 -9 8 -9 8 -9 9 -9 8 -9 9 -9 9 -9 9 -9 9 -9 9 0 0 0 0 0 0 0 0 0 0
1784740897.832925,52724,-44,11,1,6,1,-95,1,619343392,128,0 0 0 0 0 0 0 0 0 0 0 0 -6 3 -6 2 -7 2 -7 2 -8 1 -8 1 -8 2 -8 1 -8 1 -9 1 -9 0 -9 0 -9 0 -9 0 -10 0 -10 0 -10 -1 -10 -1 -11 -1 -11 -1 -11 -1 -11 -1 -11 -1 -10 -2 -10 -2 -11 -2 0 0 -10 -2 -11 -2 -10 -2 -11 -1 -10 -1 -11 -1 -10 0 -11 0 -11 0 -11 0 -11 0 -11 0 -11 0 -11 1 -12 1 -12 1 -12 1 -12 1 -12 2 -12 2 -12 2 -13 2 -13 2 -13 2 -13 2 -13 2 0 0 0 0 0 0 0 0 0 0
1784740897.848798,52725,-45,11,1,6,1,-95,1,619353428,128,0 0 0 0 0 0 0 0 0 0 0 0 -7 -2 -7 -3 -7 -3 -7 -4 -7 -4 -7 -4 -7 -4 -7 -4 -7 -5 -7 -5 -7 -5 -7 -6 -7 -6 -7 -6 -8 -7 -7 -6 -8 -7 -8 -7 -8 -7 -8 -8 -8 -7 -7 -8 -7 -7 -7 -8 -7 -8 -7 -8 0 0 -7 -8 -7 -8 -8 -8 -7 -8 -8 -8 -8 -8 -8 -8 -9 -8 -8 -7 -9 -7 -9 -8 -9 -7 -9 -8 -10 -8 -10 -7 -10 -8 -10 -8 -11 -8 -11 -8 -11 -8 -11 -8 -11 -8 -11 -8 -11 -9 -11 -8 -12 -8 0 0 0 0 0 0 0 0 0 0
1784740897.848798,52726,-45,11,1,6,1,-95,1,619363250,128,0 0 0 0 0 0 0 0 0 0 0 0 0 7 0 7 0 7 -1 7 -1 7 -1 7 -2 7 -1 8 -2 8 -2 8 -2 8 -2 8 -2 8 -2 8 -3 9 -3 8 -3 9 -3 8 -3 9 -4 9 -4 9 -4 9 -4 9 -4 9 -4 9 -4 9 0 0 -4 9 -4 9 -4 9 -3 9 -3 9 -3 9 -3 10 -2 10 -3 10 -2 10 -2 10 -2 11 -1 11 -2 12 -2 11 -2 12 -2 12 -2 12 -1 12 -1 12 -1 13 -1 13 -1 13 -1 13 -1 13 -1 14 0 0 0 0 0 0 0 0 0 0
1784740897.864729,52727,-44,11,1,6,1,-95,1,619373414,128,0 0 0 0 0 0 0 0 0 0 0 0 5 -6 5 -6 6 -6 6 -5 6 -5 6 -5 7 -5 7 -5 7 -5 8 -4 7 -4 8 -4 8 -4 8 -4 8 -4 9 -4 8 -4 9 -4 9 -4 9 -4 9 -4 9 -4 9 -4 9 -3 9 -3 9 -3 0 0 9 -4 9 -4 9 -4 9 -4 9 -4 9 -5 9 -5 9 -5 9 -5 10 -6 9 -6 9 -6 9 -6 9 -6 10 -8 9 -7 10 -8 10 -8 10 -8 10 -8 10 -8 10 -9 11 -9 11 -8 11 -8 11 -9 0 0 0 0 0 0 0 0 0 0
1784740897.896787,52728,-44,11,1,6,1,-95,1,619383065,128,0 0 0 0 0 0 0 0 0 0 0 0 -6 -5 -6 -5 -6 -6 -6 -6 -5 -6 -5 -7 -5 -7 -5 -7 -5 -7 -5 -8 -5 -8 -5 -8 -4 -8 -5 -9 -4 -9 -4 -9 -4 -9 -4 -9 -4 -10 -4 -10 -4 -10 -4 -10 -4 -10 -3 -10 -3 -10 -4 -10 0 0 -3 -10 -4 -10 -4 -10 -4 -10 -4 -10 -4 -10 -4 -10 -5 -10 -5 -10 -6 -11 -5 -10 -6 -10 -6 -10 -6 -11 -6 -10 -6 -11 -6 -11 -7 -11 -7 -11 -7 -11 -7 -11 -7 -11 -7 -11 -7 -12 -7 -12 -8 -12 0 0 0 0 0 0 0 0 0 0
1784740897.896787,52729,-44,11,1,7,1,-95,1,619392141,128,0 0 0 0 0 0 0 0 0 0 0 0 -7 -3 -6 -3 -6 -4 -6 -4 -6 -5 -6 -5 -6 -5 -6 -5 -6 -5 -6 -6 -6 -6 -6 -6 -6 -7 -6 -7 -6 -7 -6 -7 -6 -7 -6 -8 -6 -8 -6 -8 -6 -8 -6 -8 -6 -8 -6 -8 -6 -8 -6 -9 0 0 -6 -8 -6 -8 -6 -8 -6 -8 -6 -8 -6 -8 -7 -8 -7 -8 -7 -8 -8 -8 -8 -8 -8 -8 -8 -8 -8 -8 -9 -8 -9 -8 -9 -9 -9 -9 -9 -9 -10 -9 -10 -9 -10 -9 -10 -9 -10 -9 -10 -9 -11 -9 0 0 0 0 0 0 0 0 0 0
1784740897.896787,52730,-45,11,1,6,1,-95,1,619403261,128,0 0 0 0 0 0 0 0 0 0 0 0 -5 -6 -4 -6 -4 -7 -4 -6 -4 -7 -4 -7 -4 -8 -3 -8 -3 -8 -3 -8 -2 -9 -2 -9 -2 -9 -2 -9 -2 -9 -2 -10 -2 -10 -2 -10 -2 -10 -2 -11 -2 -10 -1 -10 -1 -11 -1 -10 -1 -10 -1 -10 0 0 -1 -10 -1 -10 -1 -10 -2 -11 -2 -10 -2 -11 -2 -10 -2 -11 -3 -10 -3 -11 -3 -11 -3 -11 -3 -11 -3 -11 -4 -12 -4 -12 -4 -13 -4 -12 -5 -12 -5 -13 -5 -13 -5 -13 -5 -13 -5 -14 -5 -13 -5 -13 0 0 0 0 0 0 0 0 0 0
1784740897.896787,52731,-45,11,1,6,1,-95,1,619413956,128,0 0 0 0 0 0 0 0 0 0 0 0 -5 -4 -5 -5 -5 -5 -5 -6 -4 -6 -4 -6 -4 -6 -5 -7 -4 -7 -4 -7 -4 -7 -4 -8 -4 -8 -4 -8 -4 -8 -4 -9 -4 -9 -4 -9 -4 -9 -3 -9 -4 -10 -3 -10 -4 -9 -4 -9 -4 -10 -4 -10 0 0 -4 -10 -4 -10 -4 -10 -4 -9 -5 -10 -5 -10 -5 -10 -5 -10 -5 -10 -6 -10 -6 -10 -7 -10 -7 -11 -7 -11 -7 -11 -7 -11 -7 -11 -8 -11 -8 -12 -8 -12 -8 -12 -8 -12 -8 -12 -8 -12 -9 -12 -9 -13 0 0 0 0 0 0 0 0 0 0
1784740897.912566,52732,-46,11,1,6,1,-95,1,619423434,128,0 0 0 0 0 0 0 0 0 0 0 0 -6 0 -7 0 -7 0 -6 -1 -7 -1 -7 -1 -7 -1 -7 -1 -7 -1 -7 -2 -8 -2 -8 -2 -8 -2 -8 -2 -8 -2 -8 -3 -9 -3 -9 -3 -9 -3 -9 -3 -9 -3 -9 -4 -9 -4 -9 -4 -9 -4 -9 -4 0 0 -9 -3 -10 -3 -10 -4 -10 -3 -10 -3 -10 -3 -10 -3 -11 -3 -11 -3 -12 -2 -12 -2 -12 -2 -12 -2 -12 -2 -13 -2 -13 -2 -13 -2 -14 -2 -14 -3 -14 -2 -14 -2 -15 -2 -14 -3 -15 -3 -15 -3 -15 -3 0 0 0 0 0 0 0 0 0 0
1784740897.928669,52733,-45,11,1,6,1,-95,1,619433787,128,0 0 0 0 0 0 0 0 0 0 0 0 -6 -3 -6 -3 -6 -3 -6 -4 -6 -4 -6 -4 -6 -5 -6 -5 -6 -5 -6 -5 -6 -5 -6 -6 -6 -6 -6 -6 -6 -6 -6 -7 -6 -7 -6 -7 -6 -7 -6 -7 -6 -8 -6 -8 -6 -8 -6 -8 -6 -8 -6 -8 0 0 -6 -8 -7 -8 -7 -8 -7 -8 -7 -8 -7 -8 -7 -8 -8 -8 -8 -8 -8 -8 -9 -8 -9 -8 -9 -8 -9 -8 -10 -8 -10 -8 -10 -9 -11 -9 -11 -9 -11 -9 -11 -10 -11 -9 -11 -10 -11 -10 -11 -10 -12 -10 0 0 0 0 0 0 0 0 0 0
1784740897.928669,52734,-44,11,1,7,1,-95,1,619441952,128,0 0 0 0 0 0 0 0 0 0 0 0 -6 -1 -6 -1 -7 -1 -7 -2 -7 -2 -7 -2 -7 -2 -7 -3 -7 -3 -7 -3 -7 -3 -7 -4 -8 -4 -7 -4 -8 -4 -8 -4 -8 -4 -8 -5 -8 -5 -8 -5 -8 -5 -8 -5 -8 -5 -8 -5 -8 -5 -8 -5 0 0 -9 -5 -9 -5 -9 -5 -9 -5 -9 -5 -10 -4 -10 -5 -10 -4 -10 -4 -11 -5 -10 -5 -10 -4 -11 -4 -11 -4 -12 -4 -12 -4 -12 -4 -12 -4 -13 -4 -13 -4 -13 -4 -14 -4 -14 -5 -14 -5 -14 -5 -14 -5 0 0 0 0 0 0 0 0 0 0
1784740897.944488,52735,-44,11,1,7,1,-95,1,619451929,128,0 0 0 0 0 0 0 0 0 0 0 0 -4 4 -5 4 -6 3 -6 3 -6 3 -6 3 -6 3 -7 3 -7 3 -7 3 -8 3 -8 3 -8 2 -8 2 -8 2 -9 2 -9 2 -9 2 -9 2 -9 2 -9 2 -9 2 -9 2 -9 2 -9 2 -9 2 0 0 -10 2 -9 2 -10 2 -9 2 -9 3 -10 3 -10 3 -10 3 -10 3 -10 4 -10 4 -10 4 -10 4 -11 4 -11 5 -11 5 -11 5 -11 5 -12 5 -12 5 -12 5 -12 5 -12 6 -12 6 -12 6 -13 6 0 0 0 0 0 0 0 0 0 0
1784740897.944488,52736,-41,11,1,7,0,-95,1,619462802,128,0 0 0 0 0 0 0 0 0 0 0 0 -3 -7 -2 -8 -2 -8 -2 -8 -1 -9 -1 -9 -1 -9 -1 -9 0 -10 0 -9 0 -10 0 -10 0 -10 1 -11 1 -11 1 -11 1 -11 1 -11 1 -12 2 -12 2 -12 2 -12 2 -12 2 -12 2 -12 2 -13 0 0 2 -13 2 -13 2 -13 2 -13 1 -13 2 -14 2 -14 1 -14 1 -14 1 -14 1 -15 0 -15 0 -15 1 -16 0 -16 0 -16 0 -16 0 -17 0 -17 0 -17 0 -18 0 -18 0 -18 0 -19 0 -18 0 -19 0 0 0 0 0 0 0 0 0 0
1784740897.960542,52737,-45,11,1,7,1,-95,1,619471847,128,0 0 0 0 0 0 0 0 0 0 0 0 -1 4 -2 4 -2 4 -2 4 -3 4 -3 4 -3 5 -3 5 -3 5 -4 5 -4 5 -4 5 -4 5 -4 5 -4 5 -5 6 -5 6 -5 6 -5 6 -5 6 -5 6 -5 6 -6 6 -6 6 -6 6 -6 6 0 0 -6 7 -6 7 -6 7 -6 8 -6 7 -6 8 -6 8 -6 8 -6 8 -6 9 -6 9 -6 9 -6 9 -6 9 -6 10 -6 10 -7 11 -6 11 -6 11 -6 11 -6 11 -6 12 -7 12 -7 12 -7 12 -7 12 0 0 0 0 0 0 0 0 0 0
1784740897.979685,52738,-47,11,1,6,1,-95,1,619483641,128,0 0 0 0 0 0 0 0 0 0 0 0 3 -5 3 -4 4 -4 4 -4 4 -4 4 -4 4 -4 5 -4 4 -4 5 -4 5 -4 5 -4 5 -4 5 -3 5 -4 6 -4 5 -4 6 -4 6 -4 5 -4 6 -4 6 -4 6 -4 6 -4 6 -4 6 -4 0 0 6 -5 6 -5 6 -5 6 -6 6 -6 6 -6 6 -7 6 -7 7 -7 7 -8 7 -8 7 -7 7 -8 7 -8 8 -9 8 -9 9 -9 9 -9 9 -10 9 -10 9 -10 9 -10 10 -10 10 -10 10 -10 10 -10 0 0 0 0 0 0 0 0 0 0
1784740897.987693,52739,-46,11,1,6,1,-95,1,619493238,128,0 0 0 0 0 0 0 0 0 0 0 0 5 4 5 4 4 5 4 5 4 6 4 6 4 6 3 6 4 6 3 7 3 7 3 7 3 7 2 7 2 7 2 8 2 8 2 8 2 8 2 8 2 8 2 8 2 8 2 8 2 7 2 7 0 0 3 7 3 7 3 7 3 7 4 7 4 7 4 7 4 7 4 7 5 8 5 8 6 7 6 7 6 8 7 8 7 8 7 9 8 8 7 9 8 9 8 9 8 9 8 10 8 10 8 10 9 10 0 0 0 0 0 0 0 0 0 0
1784740897.992536,52740,-45,11,1,6,1,-95,1,619501924,128,0 0 0 0 0 0 0 0 0 0 0 0 0 7 -1 6 -1 7 -1 7 -2 7 -2 7 -2 7 -3 7 -3 7 -3 7 -4 7 -4 7 -4 7 -4 7 -4 7 -4 7 -4 7 -4 8 -5 7 -5 7 -5 8 -4 7 -5 7 -5 7 -5 7 -5 7 0 0 -5 7 -4 8 -4 8 -4 8 -3 8 -4 8 -3 9 -4 9 -3 9 -3 9 -3 9 -3 10 -3 9 -3 10 -2 11 -2 11 -3 11 -2 12 -2 12 -2 12 -2 12 -2 12 -3 13 -3 13 -3 13 -3 13 0 0 0 0 0 0 0 0 0 0
1784740898.008414,52741,-45,11,1,6,1,-95,1,619511931,128,0 0 0 0 0 0 0 0 0 0 0 0 -3 -6 -3 -7 -2 -7 -2 -7 -1 -8 -2 -8 -1 -8 -2 -8 -1 -8 -1 -8 -1 -8 0 -9 0 -9 0 -9 0 -9 0 -9 1 -9 0 -9 1 -9 1 -9 1 -9 1 -10 1 -9 1 -9 1 -10 0 -10 0 0 0 -10 0 -10 0 -10 0 -10 0 -10 -1 -10 -1 -10 -1 -11 -1 -11 -2 -11 -1 -11 -2 -11 -2 -12 -2 -12 -2 -12 -2 -13 -2 -12 -3 -13 -2 -13 -3 -14 -3 -14 -3 -14 -3 -14 -3 -15 -3 -15 -2 -15 0 0 0 0 0 0 0 0 0 0
1784740898.008414,52742,-45,11,1,6,1,-95,1,619522015,128,0 0 0 0 0 0 0 0 0 0 0 0 4 -6 4 -5 5 -5 5 -5 5 -5 5 -5 5 -5 6 -5 6 -5 6 -5 6 -4 7 -4 7 -4 7 -4 7 -4 7 -4 8 -4 8 -4 8 -4 8 -4 8 -4 8 -4 8 -4 8 -4 8 -4 8 -4 0 0 8 -4 8 -4 8 -4 9 -5 8 -5 8 -5 8 -5 8 -6 9 -6 9 -7 9 -7 9 -7 9 -7 9 -7 10 -8 10 -8 10 -8 10 -8 10 -9 10 -9 10 -9 11 -9 11 -9 11 -9 11 -9 12 -9 0 0 0 0 0 0 0 0 0 0
1784740898.027361,52743,-46,11,1,6,1,-95,1,619531892,128,0 0 0 0 0 0 0 0 0 0 0 0 5 1 5 2 5 2 5 3 5 3 5 3 5 3 5 4 5 4 5 4 5 4 5 5 5 5 5 5 5 5 5 5 5 6 5 6 5 6 5 6 5 6 6 6 6 6 5 6 5 6 6 6 0 0 6 6 6 6 6 6 6 6 7 6 7 6 7 6 8 6 8 6 8 7 8 7 8 7 9 7 9 7 9 7 10 7 10 7 10 7 10 7 11 7 11 8 11 8 11 8 11 8 11 9 11 9 0 0 0 0 0 0 0 0 0 0
1784740898.027361,52744,-46,11,1,6,1,-95,1,619542137,128,0 0 0 0 0 0 0 0 0 0 0 0 4 -1 5 -1 5 -1 5 -1 5 0 5 -1 5 0 6 0 6 0 6 0 6 0 6 0 7 0 7 0 7 1 7 1 7 1 7 1 8 1 7 1 8 1 8 1 8 1 8 1 8 1 8 1 0 0 9 1 9 1 9 1 9 1 9 1 9 1 9 1 10 0 10 1 11 0 11 0 11 0 11 0 12 0 12 0 13 0 12 0 13 0 13 0 14 0 14 0 14 0 14 0 15 0 15 0 15 0 0 0 0 0 0 0 0 0 0 0
1784740898.040450,52745,-46,11,1,6,1,-95,1,619551867,128,0 0 0 0 0 0 0 0 0 0 0 0 -2 5 -2 5 -3 5 -3 5 -4 5 -4 5 -4 5 -4 5 -4 5 -5 5 -5 6 -5 5 -6 6 -6 5 -6 5 -6 6 -6 5 -6 6 -6 6 -7 5 -7 6 -7 6 -7 6 -7 5 -7 5 -7 6 0 0 -7 6 -6 6 -6 6 -6 7 -6 7 -6 7 -6 7 -6 8 -6 8 -6 8 -6 8 -7 9 -7 9 -7 10 -7 10 -7 10 -8 10 -8 10 -7 10 -7 11 -8 11 -8 11 -8 12 -9 11 -9 12 -9 12 0 0 0 0 0 0 0 0 0 0
1784740898.056448,52746,-46,11,1,6,1,-95,1,619561904,128,0 0 0 0 0 0 0 0 0 0 0 0 -6 4 -6 4 -6 3 -7 3 -7 3 -7 3 -7 2 -7 3 -8 2 -8 2 -8 2 -8 2 -9 2 -9 2 -9 2 -9 2 -9 2 -10 2 -10 2 -10 2 -10 1 -10 1 -10 2 -10 1 -10 1 -10 1 0 0 -10 2 -10 2 -10 2 -10 2 -10 3 -10 3 -10 3 -11 3 -10 3 -11 4 -11 4 -11 4 -11 4 -11 4 -12 5 -12 5 -12 5 -12 6 -13 6 -13 6 -13 6 -13 6 -14 6 -14 6 -14 6 -15 6 0 0 0 0 0 0 0 0 0 0
1784740898.056448,52747,-47,11,1,6,1,-95,1,619571943,128,0 0 0 0 0 0 0 0 0 0 0 0 -1 5 -1 5 -2 5 -2 5 -2 5 -2 5 -2 5 -2 5 -3 5 -3 5 -3 5 -3 5 -3 6 -3 6 -3 6 -3 6 -3 6 -3 6 -3 7 -3 6 -3 7 -3 7 -3 7 -3 7 -3 7 -3 8 0 0 -3 8 -3 8 -3 8 -3 8 -3 9 -3 9 -3 9 -3 9 -3 10 -3 10 -2 10 -2 11 -3 11 -3 11 -3 12 -3 12 -3 12 -3 13 -3 13 -3 13 -3 13 -3 14 -3 14 -4 14 -4 15 -4 15 0 0 0 0 0 0 0 0 0 0
1784740898.072650,52748,-48,11,1,6,1,-95,1,619581855,128,0 0 0 0 0 0 0 0 0 0 0 0 -4 -6 -3 -5 -3 -6 -3 -6 -3 -6 -2 -6 -2 -6 -2 -6 -2 -6 -2 -6 -2 -6 -2 -6 -2 -6 -2 -6 -2 -6 -3 -6 -3 -6 -3 -6 -3 -6 -3 -6 -3 -6 -4 -6 -4 -6 -4 -6 -4 -6 -4 -6 0 0 -5 -6 -5 -7 -5 -7 -6 -7 -6 -7 -6 -7 -7 -7 -7 -7 -7 -7 -8 -8 -8 -8 -8 -8 -8 -8 -8 -8 -9 -9 -9 -9 -9 -10 -9 -10 -9 -10 -10 -10 -10 -10 -10 -11 -10 -11 -10 -12 -11 -12 -11 -12 0 0 0 0 0 0 0 0 0 0
1784740898.088237,52749,-49,11,1,6,1,-95,1,619592065,128,0 0 0 0 0 0 0 0 0 0 0 0 -8 -2 -8 -3 -8 -4 -8 -4 -8 -4 -8 -4 -8 -4 -8 -5 -7 -5 -7 -5 -7 -5 -7 -5 -7 -5 -7 -5 -7 -6 -7 -5 -7 -6 -7 -5 -7 -6 -7 -5 -7 -5 -7 -5 -7 -5 -7 -5 -7 -5 -7 -5 0 0 -8 -4 -8 -4 -8 -4 -8 -4 -8 -3 -9 -3 -9 -3 -10 -3 -10 -3 -10 -3 -10 -3 -11 -2 -11 -3 -12 -3 -12 -2 -13 -2 -12 -3 -13 -2 -13 -3 -13 -2 -14 -3 -14 -3 -14 -3 -14 -3 -15 -3 -16 -3 0 0 0 0 0 0 0 0 0 0
1784740898.088237,52750,-48,11,1,6,1,-95,1,619601873,128,0 0 0 0 0 0 0 0 0 0 0 0 -8 3 -9 3 -9 2 -9 2 -9 1 -10 1 -9 1 -10 1 -10 0 -10 1 -10 1 -10 0 -10 0 -10 0 -11 0 -11 -1 -11 -1 -11 -1 -11 -1 -11 -1 -11 -1 -10 -2 -11 -1 -10 -1 -10 -1 -10 -1 0 0 -10 -1 -10 -1 -10 -1 -10 0 -10 0 -10 0 -10 1 -10 1 -11 1 -11 2 -11 2 -11 3 -11 3 -12 3 -12 3 -12 3 -13 3 -13 3 -13 3 -13 4 -14 4 -14 4 -14 4 -14 4 -14 5 -15 4 0 0 0 0 0 0 0 0 0 0
1784740898.107755,52751,-47,11,1,6,1,-95,1,619611941,128,0 0 0 0 0 0 0 0 0 0 0 0 6 0 6 0 6 1 6 1 6 1 6 1 6 1 6 2 6 2 6 2 7 2 7 3 6 3 7 3 7 3 7 3 7 3 7 3 7 3 7 3 7 3 7 3 7 3 7 3 7 4 7 3 0 0 7 3 8 3 7 2 8 2 8 2 8 2 8 1 9 1 9 1 10 1 10 1 10 1 10 1 10 1 12 0 12 0 12 1 12 1 13 1 13 1 13 1 13 0 14 1 14 2 14 2 15 2 0 0 0 0 0 0 0 0 0 0
1784740898.107755,52752,-47,11,1,6,1,-95,1,619621896,128,0 0 0 0 0 0 0 0 0 0 0 0 1 -6 1 -6 2 -6 2 -6 2 -6 2 -6 3 -6 3 -6 3 -6 3 -6 3 -6 3 -6 3 -6 3 -6 4 -7 4 -6 4 -6 4 -6 4 -6 4 -6 4 -7 4 -7 3 -7 3 -7 3 -7 3 -7 0 0 3 -8 3 -8 3 -8 3 -8 2 -8 2 -9 3 -9 3 -9 3 -10 2 -11 3 -11 2 -11 3 -12 3 -12 3 -12 3 -13 3 -12 3 -13 3 -13 3 -14 3 -14 4 -14 4 -14 4 -15 4 -15 4 -16 0 0 0 0 0 0 0 0 0 0
1784740898.119935,52753,-47,11,1,6,1,-95,1,619631944,128,0 0 0 0 0 0 0 0 0 0 0 0 7 -3 7 -3 7 -2 8 -2 7 -1 8 -1 7 -1 8 -1 8 -1 8 0 8 0 8 0 8 0 8 0 8 0 8 1 8 1 8 0 8 0 8 0 8 0 8 0 7 0 7 0 7 0 8 0 0 0 8 -1 8 -1 8 -1 8 -1 8 -2 8 -2 8 -2 8 -3 9 -3 9 -3 9 -3 9 -4 10 -3 10 -4 10 -4 10 -4 11 -4 11 -5 11 -5 11 -5 12 -5 12 -6 12 -5 13 -5 13 -5 13 -6 0 0 0 0 0 0 0 0 0 0
1784740898.135863,52754,-47,11,1,6,1,-95,1,619644606,128,0 0 0 0 0 0 0 0 0 0 0 0 -5 7 -5 7 -6 7 -6 6 -7 6 -6 6 -6 6 -7 5 -7 5 -8 5 -8 5 -8 4 -8 4 -8 4 -7 4 -8 4 -7 4 -8 4 -7 4 -7 4 -7 4 -7 4 -7 4 -7 4 -7 4 -6 5 0 0 -6 5 -6 6 -6 6 -6 7 -6 6 -6 7 -6 7 -6 8 -6 8 -6 9 -6 9 -6 9 -6 9 -6 9 -6 10 -6 10 -7 10 -7 10 -7 11 -7 11 -7 11 -7 12 -8 12 -8 12 -8 12 -8 12 0 0 0 0 0 0 0 0 0 0
1784740898.135863,52755,-47,11,1,6,1,-95,1,619651954,128,0 0 0 0 0 0 0 0 0 0 0 0 -7 4 -8 4 -8 3 -9 3 -8 2 -9 2 -9 2 -9 2 -9 1 -9 1 -9 1 -9 1 -9 1 -9 0 -9 1 -9 0 -9 0 -8 0 -9 0 -8 0 -8 0 -8 0 -8 1 -8 1 -7 1 -8 2 0 0 -8 2 -8 3 -8 3 -8 3 -8 4 -8 4 -8 4 -8 5 -9 5 -9 6 -9 6 -9 6 -9 7 -10 7 -10 7 -10 7 -10 7 -10 8 -11 8 -11 8 -11 8 -12 8 -11 8 -11 9 -12 9 -13 9 0 0 0 0 0 0 0 0 0 0
1784740898.152063,52756,-47,11,1,6,1,-95,1,619661920,128,0 0 0 0 0 0 0 0 0 0 0 0 -5 7 -5 7 -6 7 -6 6 -7 6 -7 6 -7 6 -7 6 -8 5 -7 5 -8 5 -8 5 -8 5 -8 4 -8 4 -8 4 -8 4 -8 4 -8 4 -8 4 -8 5 -8 4 -7 5 -7 4 -7 5 -7 5 0 0 -7 5 -7 6 -7 6 -6 6 -6 7 -6 7 -6 7 -6 8 -6 8 -6 9 -6 9 -6 9 -6 9 -6 10 -6 10 -6 10 -7 10 -6 11 -6 11 -6 11 -6 12 -7 12 -7 12 -7 12 -7 12 -7 12 0 0 0 0 0 0 0 0 0 0
1784740898.167953,52757,-47,11,1,6,1,-95,1,619671871,128,0 0 0 0 0 0 0 0 0 0 0 0 -10 -1 -10 -2 -10 -3 -10 -3 -10 -4 -10 -4 -10 -4 -10 -5 -10 -5 -9 -6 -9 -6 -9 -6 -9 -6 -8 -6 -8 -6 -9 -6 -9 -6 -8 -6 -8 -6 -8 -6 -8 -5 -8 -5 -8 -5 -8 -5 -8 -5 -8 -4 0 0 -9 -4 -9 -4 -10 -4 -10 -3 -10 -3 -10 -3 -11 -3 -11 -3 -11 -2 -12 -3 -12 -3 -12 -3 -12 -3 -13 -3 -14 -2 -14 -2 -14 -3 -15 -2 -14 -2 -15 -2 -15 -2 -15 -2 -15 -3 -15 -3 -16 -3 -16 -3 0 0 0 0 0 0 0 0 0 0
1784740898.184077,52758,-47,11,1,6,1,-95,1,619681880,128,0 0 0 0 0 0 0 0 0 0 0 0 8 -4 9 -3 9 -3 9 -2 9 -1 9 -1 9 -1 10 -1 10 0 9 0 9 0 10 0 9 1 10 1 10 1 9 1 9 1 9 1 9 1 8 1 9 1 8 1 9 0 8 0 9 0 9 -1 0 0 9 -1 9 -1 9 -1 9 -2 9 -2 10 -2 10 -3 10 -3 10 -3 11 -4 11 -4 11 -4 11 -4 12 -4 11 -4 12 -4 12 -4 12 -5 13 -5 13 -5 13 -5 13 -5 13 -5 13 -5 13 -5 13 -6 0 0 0 0 0 0 0 0 0 0
1784740898.188421,52759,-47,11,1,6,1,-95,1,619691872,128,0 0 0 0 0 0 0 0 0 0 0 0 -1 -9 -1 -9 0 -9 0 -9 1 -9 1 -9 1 -9 1 -9 2 -9 2 -9 3 -9 3 -9 3 -9 3 -9 3 -9 3 -10 3 -9 3 -10 3 -9 3 -9 3 -10 3 -9 3 -10 3 -9 3 -9 3 -9 0 0 2 -10 2 -11 2 -10 2 -11 1 -10 1 -11 1 -11 1 -12 1 -12 1 -13 1 -12 1 -13 1 -13 1 -13 0 -14 0 -14 0 -14 0 -14 0 -14 0 -15 0 -15 0 -15 0 -16 0 -15 1 -16 0 -16 0 0 0 0 0 0 0 0 0 0
1784740898.188421,52760,-47,11,1,6,1,-95,1,619701830,128,0 0 0 0 0 0 0 0 0 0 0 0 -4 5 -5 5 -6 5 -6 5 -6 5 -6 4 -6 5 -7 4 -7 5 -7 4 -7 4 -8 4 -7 4 -8 4 -8 4 -8 4 -8 4 -8 4 -8 4 -8 4 -8 4 -8 5 -8 5 -8 5 -8 5 -8 5 0 0 -8 5 -8 6 -8 6 -8 7 -8 7 -8 7 -8 8 -8 8 -8 8 -9 9 -9 9 -9 9 -9 9 -9 9 -9 11 -9 10 -10 10 -10 11 -10 11 -10 11 -10 11 -10 11 -11 11 -11 11 -11 11 -11 11 0 0 0 0 0 0 0 0 0 0
1784740898.200188,52761,-47,11,1,6,1,-95,1,619712144,128,0 0 0 0 0 0 0 0 0 0 0 0 0 -7 0 -7 0 -7 1 -7 1 -7 1 -7 1 -7 1 -8 2 -8 1 -8 2 -8 2 -8 2 -8 2 -8 2 -8 2 -8 2 -8 2 -8 2 -9 2 -8 2 -9 2 -9 2 -9 2 -9 2 -9 2 -10 0 0 2 -10 2 -10 2 -11 1 -10 1 -11 1 -11 1 -11 1 -12 1 -12 1 -12 1 -13 0 -13 1 -13 1 -14 1 -14 1 -14 1 -14 1 -15 1 -15 1 -15 1 -15 2 -15 1 -15 1 -16 1 -16 2 -16 0 0 0 0 0 0 0 0 0 0
1784740898.220068,52762,-47,11,1,7,1,-95,1,619721927,128,0 0 0 0 0 0 0 0 0 0 0 0 -2 -7 -1 -7 -1 -7 -1 -7 0 -7 -1 -7 -1 -7 0 -7 -1 -7 -1 -7 -1 -7 0 -7 -1 -7 -1 -8 -1 -8 -1 -8 -1 -8 -1 -9 -1 -8 -1 -8 -2 -9 -2 -9 -2 -9 -2 -9 -2 -9 -2 -10 0 0 -2 -10 -3 -11 -2 -10 -3 -11 -3 -11 -3 -11 -3 -11 -3 -12 -3 -12 -4 -13 -4 -13 -4 -13 -4 -13 -4 -13 -5 -14 -4 -14 -4 -15 -4 -15 -4 -14 -5 -15 -4 -15 -5 -15 -4 -16 -3 -16 -4 -16 -4 -16 0 0 0 0 0 0 0 0 0 0
1784740898.220068,52763,-47,11,1,7,1,-95,1,619731881,128,0 0 0 0 0 0 0 0 0 0 0 0 -6 -5 -5 -5 -5 -6 -5 -6 -5 -6 -5 -6 -5 -5 -5 -6 -5 -6 -5 -6 -5 -6 -5 -6 -5 -6 -5 -6 -5 -6 -6 -6 -6 -6 -6 -6 -6 -6 -7 -6 -7 -7 -7 -7 -7 -7 -7 -7 -7 -7 -7 -7 0 0 -8 -7 -9 -7 -9 -7 -9 -7 -9 -7 -10 -8 -10 -8 -10 -8 -10 -8 -11 -8 -11 -9 -11 -8 -11 -9 -11 -9 -12 -9 -12 -9 -12 -10 -12 -10 -12 -10 -12 -10 -12 -10 -12 -10 -12 -10 -12 -11 -12 -11 -12 -11 0 0 0 0 0 0 0 0 0 0
1784740898.232058,52764,-46,11,1,7,1,-95,1,619741876,128,0 0 0 0 0 0 0 0 0 0 0 0 2 6 1 7 1 7 1 7 0 7 0 7 0 7 0 7 0 7 0 7 1 7 1 7 1 7 1 7 1 8 0 8 1 8 1 8 1 8 1 8 1 8 1 9 2 9 2 9 2 9 2 10 0 0 2 10 2 10 2 11 3 10 3 11 2 11 2 11 3 12 2 12 3 12 4 12 4 13 4 13 4 14 3 13 3 14 3 14 3 14 3 15 3 15 3 15 2 15 3 14 3 15 3 15 3 15 0 0 0 0 0 0 0 0 0 0
1784740898.247836,52765,-47,11,1,7,1,-95,1,619751825,128,0 0 0 0 0 0 0 0 0 0 0 0 -8 2 -8 2 -9 1 -9 1 -9 0 -8 0 -9 0 -9 0 -9 0 -9 0 -9 -1 -9 -1 -9 -1 -9 -1 -9 -1 -10 -1 -9 -1 -10 -1 -9 -1 -10 0 -10 0 -10 0 -10 0 -10 -1 -10 0 -10 0 0 0 -11 0 -11 0 -11 1 -12 1 -11 1 -12 1 -12 1 -12 1 -12 1 -13 1 -13 1 -13 1 -13 1 -13 1 -14 2 -14 2 -14 1 -14 1 -14 2 -15 2 -15 2 -15 2 -15 2 -15 1 -15 1 -16 2 0 0 0 0 0 0 0 0 0 0
1784740898.247836,52766,-47,11,1,6,1,-95,1,619763916,128,0 0 0 0 0 0 0 0 0 0 0 0 3 -7 3 -7 4 -7 4 -7 4 -7 4 -7 4 -7 5 -7 5 -7 5 -7 5 -7 6 -7 6 -7 6 -7 6 -7 6 -7 6 -7 6 -7 6 -7 6 -7 6 -7 6 -7 7 -8 7 -7 7 -7 7 -8 0 0 7 -8 7 -9 6 -8 7 -9 7 -9 7 -9 6 -9 7 -10 6 -10 7 -11 7 -11 7 -10 7 -10 7 -10 7 -12 6 -11 7 -12 7 -12 7 -12 7 -12 7 -12 7 -12 8 -12 8 -13 8 -12 8 -12 0 0 0 0 0 0 0 0 0 0
1784740898.263574,52767,-46,11,1,7,1,-95,1,619771907,128,0 0 0 0 0 0 0 0 0 0 0 0 4 5 4 6 4 6 3 6 3 7 3 7 3 7 3 7 3 8 3 8 3 8 3 8 3 8 3 9 3 9 2 10 2 10 2 10 2 10 2 10 2 10 2 10 2 10 2 10 2 10 2 11 0 0 2 10 2 11 1 11 2 10 2 10 2 11 2 11 3 11 2 11 3 11 3 11 3 11 4 11 3 11 3 11 4 12 4 11 4 11 4 12 4 12 4 12 4 12 4 12 4 12 4 12 4 12 0 0 0 0 0 0 0 0 0 0
1784740898.263574,52768,-46,11,1,7,1,-95,1,619782342,128,0 0 0 0 0 0 0 0 0 0 0 0 -8 -2 -8 -2 -8 -3 -8 -3 -9 -3 -9 -3 -9 -4 -9 -4 -9 -4 -10 -4 -10 -5 -10 -5 -10 -5 -10 -6 -11 -6 -10 -6 -11 -7 -11 -7 -11 -7 -11 -7 -11 -7 -11 -8 -11 -8 -11 -8 -11 -8 -11 -8 0 0 -11 -8 -11 -8 -11 -8 -11 -8 -11 -8 -12 -8 -11 -8 -12 -7 -12 -8 -12 -7 -12 -7 -12 -7 -12 -7 -13 -7 -13 -7 -13 -7 -13 -7 -13 -6 -13 -6 -13 -6 -13 -6 -14 -6 -13 -6 -13 -6 -14 -6 -14 -6 0 0 0 0 0 0 0 0 0 0
1784740898.279553,52769,-46,11,1,7,1,-95,1,619791881,128,0 0 0 0 0 0 0 0 0 0 0 0 -6 -4 -6 -4 -6 -4 -6 -4 -6 -5 -6 -5 -6 -5 -6 -5 -6 -6 -7 -6 -6 -6 -7 -7 -7 -7 -7 -7 -7 -8 -7 -8 -7 -8 -7 -9 -7 -9 -7 -9 -7 -9 -7 -9 -7 -10 -7 -10 -7 -10 -7 -10 0 0 -7 -10 -7 -10 -7 -11 -8 -11 -7 -10 -8 -10 -8 -10 -8 -10 -8 -11 -9 -11 -8 -11 -9 -11 -8 -11 -9 -10 -9 -10 -9 -10 -9 -10 -9 -10 -9 -10 -10 -10 -10 -10 -10 -10 -10 -10 -10 -10 -10 -10 -10 -10 0 0 0 0 0 0 0 0 0 0
1784740898.295340,52770,-47,11,1,7,1,-95,1,619803251,128,0 0 0 0 0 0 0 0 0 0 0 0 3 3 3 3 2 4 3 4 2 4 3 5 3 5 3 5 3 6 3 6 2 6 3 7 2 7 2 7 3 8 2 8 2 9 2 9 2 9 2 9 2 9 2 10 2 10 2 10 1 10 2 10 0 0 2 11 2 11 2 11 2 11 2 11 2 12 2 12 2 12 2 12 2 12 2 12 2 12 2 12 2 12 2 12 2 12 2 12 2 12 2 12 3 12 3 12 3 12 3 12 2 12 3 12 3 12 0 0 0 0 0 0 0 0 0 0
1784740898.295340,52771,-48,11,1,7,1,-95,1,619811816,128,0 0 0 0 0 0 0 0 0 0 0 0 -1 4 -1 4 -2 4 -2 4 -2 5 -2 5 -2 5 -2 6 -3 6 -3 6 -3 6 -4 7 -4 7 -4 7 -4 7 -5 7 -5 8 -5 8 -6 8 -6 8 -6 8 -7 8 -7 9 -7 8 -7 9 -7 9 0 0 -8 9 -8 9 -8 9 -8 9 -8 9 -8 10 -8 9 -8 10 -8 10 -9 10 -8 10 -8 10 -9 10 -9 10 -8 10 -9 11 -9 10 -9 10 -9 10 -8 10 -8 10 -8 10 -8 10 -8 10 -8 10 -8 11 0 0 0 0 0 0 0 0 0 0
1784740898.311162,52772,-49,11,1,7,1,-95,1,619822054,128,0 0 0 0 0 0 0 0 0 0 0 0 4 -1 4 -1 4 -1 5 0 5 0 5 -1 5 0 6 -1 6 0 6 0 7 0 7 0 8 0 8 0 9 0 8 1 9 1 9 1 10 1 10 2 10 2 10 2 10 1 10 1 10 1 11 2 0 0 11 2 11 2 12 2 11 2 12 2 12 3 12 2 13 2 13 3 13 1 13 2 14 1 14 2 14 2 13 2 14 2 13 2 14 2 14 2 14 2 14 2 14 2 13 1 14 1 14 1 14 1 0 0 0 0 0 0 0 0 0 0
1784740898.326960,52773,-49,11,1,7,1,-95,1,619831926,128,0 0 0 0 0 0 0 0 0 0 0 0 -3 -4 -3 -4 -3 -4 -3 -4 -3 -4 -3 -4 -4 -5 -4 -5 -4 -5 -4 -5 -4 -6 -4 -6 -4 -7 -5 -7 -5 -7 -5 -8 -5 -8 -5 -8 -5 -9 -6 -9 -6 -9 -6 -10 -6 -10 -5 -10 -5 -10 -5 -10 0 0 -6 -11 -6 -11 -6 -11 -6 -12 -6 -11 -6 -12 -7 -11 -7 -12 -7 -12 -7 -13 -7 -13 -7 -12 -7 -13 -7 -13 -8 -13 -7 -13 -7 -13 -7 -13 -8 -13 -8 -13 -8 -13 -8 -13 -8 -13 -7 -13 -7 -13 -8 -13 0 0 0 0 0 0 0 0 0 0
1784740898.326960,52774,-49,11,1,7,1,-95,1,619841841,128,0 0 0 0 0 0 0 0 0 0 0 0 1 -5 1 -5 1 -5 2 -5 2 -5 2 -6 2 -6 2 -6 2 -6 2 -6 2 -6 3 -7 3 -7 3 -7 3 -8 3 -8 3 -8 3 -8 4 -9 4 -9 4 -9 4 -9 4 -9 5 -9 5 -9 5 -10 0 0 5 -10 6 -10 6 -10 5 -10 6 -11 6 -11 6 -11 6 -11 6 -11 6 -12 6 -12 6 -12 6 -12 6 -12 5 -13 6 -13 6 -12 6 -13 6 -13 6 -13 6 -13 6 -13 6 -13 6 -13 6 -13 6 -13 0 0 0 0 0 0 0 0 0 0
1784740898.342711,52775,-49,11,1,6,1,-95,1,619853212,128,0 0 0 0 0 0 0 0 0 0 0 0 -3 3 -3 4 -4 3 -4 3 -4 4 -4 4 -5 4 -5 4 -5 4 -6 4 -6 4 -6 4 -6 4 -6 4 -7 4 -7 4 -7 4 -8 5 -8 5 -8 5 -8 5 -8 5 -9 5 -9 5 -9 5 -9 5 0 0 -10 5 -10 6 -9 5 -10 6 -10 6 -10 6 -10 6 -10 6 -10 7 -11 7 -11 7 -11 7 -11 7 -10 7 -11 8 -10 8 -11 8 -11 8 -11 8 -11 9 -11 9 -10 9 -11 9 -11 8 -11 8 -11 9 0 0 0 0 0 0 0 0 0 0
1784740898.358675,52776,-50,11,1,5,1,-95,1,619865245,128,0 0 0 0 0 0 0 0 0 0 0 0 -3 3 -3 3 -4 3 -4 3 -5 3 -5 3 -5 3 -5 3 -6 3 -6 3 -6 3 -7 3 -7 2 -7 2 -7 3 -7 3 -8 3 -8 3 -8 3 -8 3 -8 3 -9 3 -9 3 -9 2 -9 2 -9 2 0 0 -10 3 -10 3 -9 3 -10 3 -10 3 -10 3 -10 3 -10 3 -10 4 -11 4 -11 4 -11 4 -10 4 -10 4 -11 4 -10 4 -11 4 -11 4 -10 4 -11 5 -10 5 -10 5 -10 5 -10 5 -10 5 -10 5 0 0 0 0 0 0 0 0 0 0
1784740898.358675,52777,-52,11,1,5,1,-95,1,619875938,128,0 0 0 0 0 0 0 0 0 0 0 0 -3 -5 -2 -6 -2 -6 -2 -6 -2 -7 -2 -7 -1 -7 -1 -7 -1 -7 -1 -7 -1 -7 -1 -8 -1 -8 -1 -8 0 -8 0 -8 0 -9 0 -9 0 -9 0 -9 0 -9 0 -9 0 -9 0 -9 0 -9 0 -10 0 0 0 -10 1 -10 1 -10 0 -9 0 -10 0 -10 0 -9 0 -10 0 -10 0 -10 0 -10 -1 -10 0 -10 -1 -10 0 -10 0 -10 0 -9 -1 -9 -1 -9 -1 -9 -1 -9 -1 -9 -2 -8 -2 -8 -2 -8 -2 -8 0 0 0 0 0 0 0 0 0 0
1784740898.374515,52778,-51,11,1,6,1,-95,1,619884431,128,0 0 0 0 0 0 0 0 0 0 0 0 3 -7 3 -7 3 -7 4 -7 4 -7 4 -7 4 -7 5 -7 5 -7 5 -7 5 -7 5 -7 6 -7 6 -7 6 -7 6 -7 7 -7 7 -7 7 -7 7 -7 8 -7 8 -7 7 -7 8 -7 8 -7 8 -7 0 0 8 -7 8 -6 8 -7 7 -7 8 -7 8 -7 7 -7 7 -7 7 -7 7 -7 7 -7 7 -7 7 -7 7 -8 6 -7 7 -8 6 -7 6 -7 6 -7 6 -8 5 -7 6 -7 5 -7 5 -7 5 -7 5 -7 0 0 0 0 0 0 0 0 0 0
1784740898.374515,52779,-49,11,1,7,1,-95,1,619891981,128,0 0 0 0 0 0 0 0 0 0 0 0 -5 6 -5 6 -6 6 -6 6 -7 6 -7 6 -7 7 -7 6 -8 7 -9 6 -9 6 -9 6 -10 6 -10 6 -10 6 -10 6 -11 6 -11 6 -11 6 -11 6 -11 6 -11 6 -12 6 -12 5 -11 5 -11 5 0 0 -11 5 -11 5 -11 5 -11 6 -10 5 -10 6 -10 5 -10 6 -10 6 -10 6 -10 6 -9 6 -9 6 -9 6 -9 7 -9 6 -8 6 -8 7 -8 7 -8 7 -8 7 -7 7 -7 7 -7 7 -7 6 -7 6 0 0 0 0 0 0 0 0 0 0
1784740898.390547,52780,-48,11,1,7,1,-95,1,619902191,128,0 0 0 0 0 0 0 0 0 0 0 0 -5 9 -5 9 -6 8 -6 8 -7 8 -7 9 -7 8 -7 9 -8 9 -8 9 -8 9 -9 9 -9 9 -9 9 -10 10 -10 9 -10 9 -10 10 -11 10 -11 9 -11 9 -11 9 -10 9 -11 9 -10 9 -11 9 0 0 -10 9 -10 8 -10 8 -9 8 -9 8 -9 8 -9 8 -8 8 -8 8 -8 9 -7 8 -7 8 -6 8 -6 9 -6 8 -6 9 -5 8 -5 8 -5 8 -4 8 -4 8 -4 8 -3 8 -3 8 -3 8 -3 8 0 0 0 0 0 0 0 0 0 0
1784740898.406449,52781,-48,11,1,6,1,-95,1,619913227,128,0 0 0 0 0 0 0 0 0 0 0 0 -7 7 -7 7 -8 7 -8 7 -9 7 -9 7 -9 7 -9 7 -10 7 -10 7 -11 7 -11 7 -11 7 -11 7 -11 7 -12 7 -12 7 -12 7 -13 7 -13 7 -13 7 -12 7 -13 7 -13 6 -13 6 -13 6 0 0 -12 6 -12 6 -12 6 -11 6 -11 6 -11 6 -10 6 -10 6 -10 6 -10 6 -10 6 -9 6 -9 6 -9 6 -8 7 -8 7 -8 6 -7 7 -7 7 -7 7 -7 7 -6 7 -6 7 -6 6 -6 6 -6 7 0 0 0 0 0 0 0 0 0 0
1784740898.406449,52782,-49,11,1,6,1,-95,1,619925098,128,0 0 0 0 0 0 0 0 0 0 0 0 -3 -10 -2 -10 -2 -10 -2 -10 -1 -11 -1 -11 -1 -11 -1 -12 -1 -12 -1 -12 -1 -13 0 -13 0 -13 0 -13 0 -13 0 -14 0 -14 0 -15 1 -14 1 -15 1 -15 1 -15 2 -15 2 -14 2 -14 2 -14 0 0 2 -14 2 -14 2 -13 2 -14 1 -13 1 -13 2 -12 1 -12 1 -12 1 -12 1 -12 0 -11 0 -11 0 -10 -1 -10 -1 -10 0 -10 -1 -9 -1 -9 -1 -9 -2 -9 -2 -8 -2 -8 -2 -8 -2 -7 -2 -7 0 0 0 0 0 0 0 0 0 0
1784740898.422386,52783,-49,11,1,6,1,-95,1,619933428,128,0 0 0 0 0 0 0 0 0 0 0 0 2 10 1 10 1 11 0 11 0 11 0 11 0 11 0 12 0 12 0 12 -1 13 -1 13 -1 13 -1 13 -1 13 -2 14 -1 14 -1 14 -2 14 -1 14 -1 14 -2 14 -2 14 -3 14 -3 13 -3 14 0 0 -2 13 -2 13 -2 13 -1 13 -1 12 -1 12 -1 12 -1 11 0 11 0 11 0 11 0 10 0 10 0 9 1 9 1 9 1 9 1 8 1 8 2 7 2 7 3 7 2 6 2 6 3 6 3 6 0 0 0 0 0 0 0 0 0 0
1784740898.438539,52784,-48,11,1,6,1,-95,1,619943281,128,0 0 0 0 0 0 0 0 0 0 0 0 -11 -4 -12 -5 -11 -5 -12 -6 -11 -6 -12 -6 -12 -7 -12 -7 -12 -7 -12 -8 -12 -8 -12 -9 -12 -9 -12 -9 -13 -9 -12 -9 -13 -10 -12 -10 -13 -11 -12 -10 -12 -11 -12 -10 -12 -10 -11 -11 -11 -10 -11 -10 0 0 -11 -10 -11 -9 -11 -10 -10 -9 -11 -9 -10 -8 -10 -8 -10 -8 -10 -8 -11 -7 -10 -7 -10 -7 -10 -6 -10 -6 -10 -5 -10 -6 -9 -5 -10 -5 -10 -4 -9 -4 -10 -4 -9 -3 -9 -3 -9 -3 -9 -3 -9 -3 0 0 0 0 0 0 0 0 0 0
1784740898.438539,52785,-48,11,1,5,1,-95,1,619955159,128,0 0 0 0 0 0 0 0 0 0 0 0 -9 4 -9 4 -10 3 -10 3 -10 3 -11 3 -11 2 -11 2 -12 3 -12 2 -12 2 -12 2 -13 2 -13 2 -14 2 -13 2 -15 1 -14 1 -15 1 -15 1 -15 1 -15 1 -15 1 -15 0 -15 0 -15 0 0 0 -14 0 -14 0 -15 0 -14 1 -14 1 -14 1 -14 1 -14 1 -14 1 -14 1 -14 2 -13 2 -13 2 -13 2 -13 3 -14 3 -13 2 -13 3 -13 3 -13 3 -12 3 -12 3 -12 3 -12 3 -12 4 -12 3 0 0 0 0 0 0 0 0 0 0
1784740898.454569,52786,-49,11,1,5,1,-95,1,619965101,128,0 0 0 0 0 0 0 0 0 0 0 0 -6 4 -6 3 -7 3 -7 3 -7 3 -8 3 -8 3 -8 3 -8 3 -9 3 -10 3 -10 3 -10 3 -11 3 -11 4 -12 3 -12 3 -13 3 -13 3 -13 3 -14 2 -14 2 -14 2 -14 1 -14 1 -14 1 0 0 -14 1 -14 1 -14 1 -15 1 -14 1 -14 1 -14 2 -14 2 -14 2 -14 2 -14 2 -14 2 -13 2 -13 2 -13 3 -13 3 -13 3 -13 3 -13 4 -12 4 -12 4 -12 4 -12 4 -12 4 -12 4 -12 4 0 0 0 0 0 0 0 0 0 0
1784740898.470289,52787,-53,11,1,6,1,-95,1,619976914,128,0 0 0 0 0 0 0 0 0 0 0 0 -3 -6 -3 -7 -2 -7 -2 -8 -2 -8 -2 -9 -1 -9 -1 -9 -1 -10 -1 -10 0 -10 0 -11 0 -11 1 -11 1 -12 2 -12 2 -13 2 -12 3 -13 3 -13 4 -13 4 -13 4 -13 5 -13 5 -13 5 -13 0 0 5 -13 5 -13 6 -13 5 -13 5 -13 5 -13 5 -13 4 -13 5 -12 4 -13 4 -13 4 -13 3 -13 3 -13 3 -12 3 -13 2 -12 2 -13 2 -13 2 -12 1 -12 1 -12 0 -12 0 -12 -1 -12 -1 -13 0 0 0 0 0 0 0 0 0 0
1784740898.470289,52788,-55,11,1,6,1,-95,1,619983529,128,0 0 0 0 0 0 0 0 0 0 0 0 5 0 5 0 6 1 6 2 6 2 6 3 6 3 6 4 6 4 6 5 6 5 6 6 6 7 6 7 6 8 6 9 6 9 6 9 5 10 6 10 5 11 5 11 5 11 4 12 4 12 4 12 0 0 4 13 4 12 3 12 4 12 4 12 4 12 4 12 4 12 4 12 5 12 5 12 5 12 5 11 5 11 5 11 5 11 5 10 6 10 6 9 6 9 7 8 7 8 7 8 7 7 8 7 8 6 0 0 0 0 0 0 0 0 0 0
1784740898.486273,52789,-55,11,1,7,1,-95,1,619991905,128,0 0 0 0 0 0 0 0 0 0 0 0 -1 -4 -1 -5 0 -5 0 -5 0 -5 1 -5 1 -6 2 -6 2 -6 3 -7 3 -7 4 -7 4 -7 5 -7 5 -8 6 -8 7 -8 8 -8 8 -8 8 -8 9 -8 10 -7 10 -8 10 -7 11 -7 11 -7 0 0 11 -7 12 -7 12 -6 12 -6 11 -7 12 -7 12 -7 11 -7 12 -7 12 -7 11 -7 11 -7 11 -7 11 -7 11 -7 10 -7 10 -7 9 -7 9 -8 8 -8 8 -8 7 -8 7 -8 7 -8 6 -9 5 -9 0 0 0 0 0 0 0 0 0 0
1784740898.502171,52790,-51,11,1,5,1,-95,1,620004605,128,0 0 0 0 0 0 0 0 0 0 0 0 2 3 2 3 2 4 2 4 2 5 2 5 1 6 2 7 2 7 1 8 1 8 1 9 0 9 0 9 0 10 -1 11 -1 11 -1 12 -1 12 -1 12 -1 13 -2 13 -2 13 -3 13 -3 12 -3 13 0 0 -3 13 -3 14 -3 13 -3 14 -3 13 -3 14 -3 13 -2 14 -2 13 -2 14 -2 13 -2 13 -2 13 -2 13 -2 13 -1 12 -1 13 -1 12 0 12 0 12 1 12 1 11 1 11 1 11 1 11 2 11 0 0 0 0 0 0 0 0 0 0
1784740898.502171,52791,-47,11,1,5,1,-95,1,620014254,128,0 0 0 0 0 0 0 0 0 0 0 0 2 5 2 5 2 5 2 6 2 7 1 7 2 7 1 8 1 8 1 9 1 9 1 10 0 10 0 11 0 12 0 12 0 13 -1 12 -1 13 -1 13 -1 13 -2 14 -2 13 -3 14 -3 13 -3 14 0 0 -3 14 -2 13 -2 14 -2 13 -2 14 -2 14 -2 13 -2 14 -2 13 -2 14 -1 14 -1 13 -1 13 -1 13 -1 13 0 13 0 13 0 13 1 13 1 12 1 13 1 12 1 12 1 12 2 12 2 12 0 0 0 0 0 0 0 0 0 0
1784740898.502171,52792,-48,11,1,7,1,-95,1,620021944,128,0 0 0 0 0 0 0 0 0 0 0 0 0 6 0 6 0 7 -1 7 -1 7 -1 8 -1 7 -1 8 -1 9 -1 9 -1 9 -1 10 -2 10 -2 11 -2 11 -3 11 -3 12 -3 12 -4 12 -4 12 -4 13 -5 12 -4 12 -5 12 -5 13 -5 13 0 0 -5 13 -5 13 -6 13 -5 12 -5 12 -5 13 -5 12 -4 12 -5 13 -4 13 -4 12 -4 13 -4 13 -4 13 -4 12 -4 13 -3 12 -3 12 -3 12 -3 12 -3 12 -2 12 -2 11 -2 12 -1 11 -1 11 0 0 0 0 0 0 0 0 0 0
1784740898.523633,52793,-48,11,1,7,1,-95,1,620031910,128,0 0 0 0 0 0 0 0 0 0 0 0 1 5 0 5 0 6 0 6 1 6 0 6 1 6 1 7 1 7 1 7 1 8 0 8 0 8 0 9 0 9 0 10 0 10 0 10 0 11 0 11 0 11 0 11 -1 12 -2 12 -2 11 -2 12 0 0 -2 12 -2 12 -1 11 -1 12 -1 12 -1 12 -1 12 -1 12 -1 12 -1 13 -1 13 -1 12 -1 12 -1 12 0 13 0 12 0 13 0 12 0 12 1 12 0 12 1 11 1 12 0 12 1 12 1 12 0 0 0 0 0 0 0 0 0 0
1784740898.534144,52794,-47,11,1,6,1,-95,1,620041931,128,0 0 0 0 0 0 0 0 0 0 0 0 -6 -3 -6 -3 -6 -3 -6 -3 -6 -3 -6 -4 -6 -3 -7 -4 -7 -4 -7 -4 -7 -4 -7 -4 -8 -5 -8 -5 -8 -5 -8 -6 -8 -6 -8 -6 -9 -7 -9 -7 -9 -7 -9 -7 -9 -7 -9 -8 -8 -8 -8 -8 0 0 -9 -8 -9 -8 -9 -9 -9 -8 -9 -8 -9 -8 -9 -8 -9 -8 -9 -9 -10 -8 -9 -9 -10 -8 -10 -9 -10 -9 -10 -9 -10 -9 -10 -9 -10 -8 -10 -8 -10 -8 -10 -8 -10 -8 -10 -8 -10 -8 -11 -8 -11 -8 0 0 0 0 0 0 0 0 0 0
1784740898.549866,52795,-48,11,1,6,1,-95,1,620054076,128,0 0 0 0 0 0 0 0 0 0 0 0 -7 -1 -8 -2 -8 -2 -7 -3 -7 -3 -7 -3 -7 -3 -8 -3 -8 -3 -8 -3 -8 -3 -8 -3 -8 -4 -8 -3 -9 -4 -8 -4 -9 -4 -9 -4 -9 -5 -9 -4 -9 -4 -9 -5 -9 -5 -9 -5 -9 -5 -9 -5 0 0 -9 -5 -9 -5 -9 -5 -9 -5 -9 -5 -10 -5 -10 -5 -10 -5 -10 -5 -11 -4 -10 -5 -11 -5 -11 -5 -11 -5 -11 -5 -11 -5 -11 -5 -11 -5 -11 -5 -11 -5 -12 -5 -12 -5 -12 -5 -12 -5 -12 -5 -13 -5 0 0 0 0 0 0 0 0 0 0
1784740898.549866,52796,-48,11,1,6,1,-95,1,620061905,128,0 0 0 0 0 0 0 0 0 0 0 0 3 6 2 6 2 7 1 6 1 7 1 7 1 7 1 7 1 7 1 7 0 7 0 7 0 7 0 7 1 7 1 7 1 7 1 7 1 8 1 8 1 7 1 7 1 8 1 8 1 8 1 8 0 0 1 8 1 8 1 8 2 8 2 8 2 9 2 9 2 9 2 9 2 10 2 10 2 10 2 10 2 10 3 10 3 10 3 11 3 11 3 10 4 11 3 11 4 11 3 11 3 12 3 12 3 12 0 0 0 0 0 0 0 0 0 0
1784740898.565860,52797,-47,11,1,6,1,-95,1,620071941,128,0 0 0 0 0 0 0 0 0 0 0 0 -5 5 -6 5 -6 4 -6 4 -6 4 -6 4 -6 4 -7 4 -7 4 -6 4 -6 4 -7 4 -7 4 -7 4 -7 4 -7 4 -8 4 -7 4 -7 4 -7 4 -7 4 -8 4 -7 5 -7 4 -8 5 -8 5 0 0 -8 5 -8 5 -8 5 -8 5 -8 5 -8 5 -9 6 -9 6 -9 6 -9 6 -9 6 -9 7 -9 7 -9 7 -9 6 -10 7 -9 7 -9 7 -10 7 -10 7 -10 8 -10 7 -10 7 -10 8 -10 8 -10 8 0 0 0 0 0 0 0 0 0 0
1784740898.565860,52798,-45,11,1,6,1,-95,1,620081911,128,0 0 0 0 0 0 0 0 0 0 0 0 5 5 5 5 4 6 4 6 4 7 4 7 4 7 4 7 4 7 3 7 3 8 3 8 3 8 3 8 3 8 3 8 3 8 3 8 3 8 3 8 3 8 3 8 3 9 3 9 3 9 3 9 0 0 4 9 3 9 3 9 4 9 4 9 4 9 4 9 4 9 4 9 5 10 5 10 5 9 5 9 5 9 5 10 5 9 5 10 6 9 6 9 6 10 6 9 6 9 7 9 6 10 6 10 7 9 0 0 0 0 0 0 0 0 0 0
1784740898.581780,52799,-44,11,1,6,1,-95,1,620091913,128,0 0 0 0 0 0 0 0 0 0 0 0 1 8 1 8 0 8 0 8 0 8 -1 8 -1 8 -1 8 -1 8 -1 8 -2 9 -2 9 -2 9 -2 9 -2 9 -2 9 -3 9 -3 9 -3 9 -3 10 -3 9 -3 9 -3 9 -3 9 -3 9 -3 9 0 0 -3 9 -3 10 -3 10 -3 10 -3 10 -3 10 -2 9 -2 10 -2 10 -2 11 -2 10 -2 10 -2 10 -2 10 -1 11 -1 11 -2 11 -1 11 -1 11 -1 11 -1 11 0 11 -1 11 -1 11 -1 11 0 11 0 0 0 0 0 0 0 0 0 0
1784740898.597561,52800,-42,11,1,6,1,-95,1,620101909,128,0 0 0 0 0 0 0 0 0 0 0 0 -3 -8 -3 -8 -2 -8 -2 -9 -2 -9 -2 -9 -1 -9 -1 -9 -1 -9 -1 -9 -1 -10 -1 -10 0 -10 -1 -10 0 -11 0 -10 0 -11 0 -11 1 -11 1 -11 1 -11 1 -11 1 -11 1 -11 1 -11 1 -12 0 0 1 -12 1 -11 1 -12 1 -11 1 -11 1 -12 1 -11 1 -12 1 -12 0 -12 0 -12 0 -12 0 -12 0 -13 0 -12 0 -13 0 -12 0 -13 0 -13 0 -13 -1 -13 0 -13 -1 -13 -1 -13 -1 -13 -1 -13 0 0 0 0 0 0 0 0 0 0
1784740898.597561,52801,-40,11,1,6,1,-95,1,620111816,128,0 0 0 0 0 0 0 0 0 0 0 0 -5 -7 -4 -7 -4 -8 -3 -8 -4 -9 -3 -8 -3 -9 -3 -9 -3 -9 -3 -10 -3 -10 -2 -10 -2 -10 -2 -10 -2 -11 -2 -11 -2 -11 -2 -11 -1 -11 -1 -11 -1 -12 -1 -12 -1 -12 -1 -12 -1 -12 -1 -12 0 0 -1 -12 -1 -12 -1 -11 -1 -12 -1 -11 -1 -12 -2 -12 -2 -12 -1 -12 -2 -12 -2 -12 -2 -12 -2 -12 -2 -12 -3 -12 -3 -12 -3 -12 -3 -12 -3 -12 -4 -12 -4 -12 -4 -12 -4 -13 -4 -13 -4 -13 -4 -13 0 0 0 0 0 0 0 0 0 0
1784740898.613647,52802,-43,11,1,6,1,-95,1,620121872,128,0 0 0 0 0 0 0 0 0 0 0 0 -3 -8 -2 -8 -1 -9 -1 -9 -1 -9 -1 -9 -1 -9 -1 -10 -1 -10 0 -10 0 -10 0 -10 1 -10 1 -10 1 -10 1 -11 1 -11 2 -11 2 -12 1 -11 2 -11 2 -11 2 -12 2 -11 2 -11 2 -11 0 0 2 -11 2 -11 2 -11 1 -11 1 -11 1 -12 1 -11 1 -11 1 -11 0 -12 0 -12 0 -12 0 -11 0 -12 -1 -12 -1 -12 -1 -12 -1 -12 -2 -12 -1 -13 -2 -12 -2 -13 -2 -13 -2 -13 -2 -13 -2 -13 0 0 0 0 0 0 0 0 0 0
1784740898.613647,52803,-43,11,1,6,1,-95,1,620131914,128,0 0 0 0 0 0 0 0 0 0 0 0 -7 4 -7 3 -8 3 -8 3 -8 2 -8 3 -9 2 -9 2 -9 2 -9 2 -9 2 -10 2 -10 1 -10 1 -11 1 -11 0 -11 1 -11 1 -11 1 -11 0 -11 0 -11 0 -11 0 -11 0 -11 0 -11 0 0 0 -11 0 -11 0 -10 0 -11 0 -11 1 -11 0 -11 1 -11 1 -12 1 -11 2 -11 1 -11 2 -11 1 -12 2 -11 2 -12 2 -12 2 -12 3 -13 3 -12 3 -12 4 -12 4 -13 4 -12 4 -12 4 -13 3 0 0 0 0 0 0 0 0 0 0
1784740898.629359,52804,-43,11,1,5,1,-95,1,620143511,128,0 0 0 0 0 0 0 0 0 0 0 0 -7 4 -7 4 -7 3 -8 3 -8 3 -9 2 -8 2 -9 3 -9 2 -9 2 -10 2 -9 1 -10 1 -10 2 -10 2 -10 1 -11 1 -10 1 -11 1 -10 1 -11 1 -11 0 -10 1 -10 0 -10 0 -11 1 0 0 -11 1 -10 0 -10 0 -10 1 -10 1 -10 1 -10 1 -11 2 -10 1 -11 2 -10 2 -11 3 -11 3 -11 3 -11 3 -12 3 -11 4 -11 4 -12 4 -12 4 -12 5 -12 4 -12 5 -12 5 -13 5 -13 5 0 0 0 0 0 0 0 0 0 0
1784740898.645374,52805,-42,11,1,6,1,-95,1,620151948,128,0 0 0 0 0 0 0 0 0 0 0 0 -3 -7 -3 -8 -2 -8 -2 -8 -2 -8 -2 -9 -1 -9 -1 -9 -1 -9 -1 -9 -1 -9 0 -10 0 -10 0 -10 0 -10 1 -10 1 -10 1 -10 1 -10 1 -10 1 -10 1 -10 1 -10 1 -10 1 -10 1 -11 0 0 1 -11 1 -11 1 -11 1 -11 1 -11 1 -11 0 -11 0 -11 0 -11 0 -12 0 -12 0 -12 0 -12 0 -12 -1 -12 -1 -13 -1 -13 -1 -13 -1 -13 -1 -13 -1 -14 -1 -14 -1 -14 -1 -14 -1 -14 -1 -15 0 0 0 0 0 0 0 0 0 0
1784740898.645374,52806,-44,11,1,6,1,-95,1,620161926,128,0 0 0 0 0 0 0 0 0 0 0 0 -3 -7 -2 -7 -2 -8 -2 -8 -1 -8 -1 -8 -1 -8 -1 -9 0 -9 -1 -9 0 -9 0 -9 0 -9 0 -10 1 -10 1 -10 1 -10 1 -10 1 -10 1 -10 2 -10 2 -10 1 -10 1 -10 1 -10 1 -10 0 0 1 -10 1 -10 2 -10 1 -10 1 -10 1 -11 1 -11 1 -11 1 -11 0 -11 0 -12 -1 -12 -1 -12 0 -12 0 -12 0 -13 -1 -12 -1 -12 -1 -13 -1 -13 -1 -13 -1 -13 -1 -13 -2 -14 -2 -14 -1 -14 0 0 0 0 0 0 0 0 0 0
1784740898.661505,52807,-46,11,1,6,1,-95,1,620171866,128,0 0 0 0 0 0 0 0 0 0 0 0 3 -5 3 -6 3 -5 3 -5 4 -5 4 -5 5 -6 5 -5 5 -5 6 -5 6 -5 6 -5 6 -5 6 -5 6 -4 7 -5 7 -5 7 -5 7 -5 7 -5 7 -5 7 -5 8 -5 8 -4 8 -4 7 -5 0 0 8 -5 8 -5 8 -5 8 -5 8 -5 8 -5 8 -6 9 -6 8 -6 9 -7 9 -6 8 -6 9 -6 9 -6 9 -8 9 -7 10 -8 9 -7 9 -7 9 -8 10 -8 9 -8 10 -8 10 -8 10 -8 11 -8 0 0 0 0 0 0 0 0 0 0
1784740898.677509,52808,-46,11,1,6,1,-95,1,620181885,128,0 0 0 0 0 0 0 0 0 0 0 0 -5 1 -6 1 -6 1 -6 0 -7 0 -7 0 -7 0 -8 0 -8 -1 -8 -1 -8 -1 -8 -2 -9 -2 -9 -2 -9 -2 -9 -3 -9 -3 -9 -3 -10 -3 -10 -3 -10 -3 -10 -3 -10 -3 -10 -4 -10 -4 -10 -4 0 0 -11 -4 -11 -3 -11 -4 -11 -4 -11 -3 -11 -4 -11 -3 -11 -3 -11 -3 -12 -3 -12 -3 -12 -3 -12 -3 -12 -3 -12 -3 -13 -3 -12 -3 -13 -2 -13 -2 -13 -2 -13 -2 -14 -2 -13 -2 -14 -3 -14 -2 -14 -2 0 0 0 0 0 0 0 0 0 0
1784740898.677509,52809,-46,11,1,6,1,-95,1,620191923,128,0 0 0 0 0 0 0 0 0 0 0 0 -7 1 -7 1 -8 0 -8 0 -8 -1 -9 -1 -9 -1 -9 -1 -9 -2 -9 -2 -9 -2 -9 -3 -10 -3 -10 -3 -10 -4 -9 -4 -10 -4 -10 -4 -10 -5 -10 -5 -10 -5 -10 -5 -10 -4 -10 -5 -10 -5 -11 -5 0 0 -10 -5 -10 -5 -10 -5 -10 -5 -10 -5 -10 -5 -10 -5 -11 -5 -11 -5 -11 -4 -11 -4 -11 -4 -12 -4 -12 -4 -12 -4 -12 -4 -11 -4 -12 -4 -12 -3 -13 -3 -13 -3 -12 -3 -12 -3 -13 -3 -13 -2 -14 -3 0 0 0 0 0 0 0 0 0 0
1784740898.693473,52810,-44,11,1,6,1,-95,1,620201952,128,0 0 0 0 0 0 0 0 0 0 0 0 -4 5 -5 4 -6 5 -6 4 -6 4 -7 4 -7 4 -8 4 -7 4 -8 4 -9 3 -9 3 -9 3 -9 3 -9 3 -10 3 -9 3 -10 3 -10 3 -10 3 -10 3 -10 3 -10 3 -11 2 -10 2 -11 2 0 0 -11 2 -11 3 -10 3 -11 3 -10 3 -11 3 -11 3 -11 3 -10 4 -11 4 -11 4 -11 4 -11 4 -11 4 -11 6 -11 5 -12 5 -11 5 -11 6 -12 6 -11 6 -11 7 -12 6 -12 6 -12 7 -12 7 0 0 0 0 0 0 0 0 0 0
1784740898.709605,52811,-43,11,1,6,1,-95,1,620213524,128,0 0 0 0 0 0 0 0 0 0 0 0 -6 2 -6 2 -7 2 -7 2 -8 2 -7 2 -8 1 -8 1 -8 1 -9 1 -9 0 -9 0 -9 0 -10 0 -10 0 -10 0 -10 0 -11 0 -10 0 -11 -1 -11 -1 -11 -1 -11 -1 -11 -1 -11 -1 -11 -1 0 0 -11 -1 -12 -1 -11 -1 -12 -1 -12 -1 -12 -1 -12 0 -12 0 -12 0 -13 0 -13 0 -13 0 -13 0 -13 0 -14 1 -13 1 -14 0 -14 1 -14 1 -14 1 -14 1 -14 1 -15 1 -14 1 -14 1 -14 1 0 0 0 0 0 0 0 0 0 0
1784740898.709605,52812,-43,11,1,6,1,-95,1,620221844,128,0 0 0 0 0 0 0 0 0 0 0 0 -3 -6 -2 -7 -2 -7 -2 -7 -1 -8 -1 -8 -1 -8 -1 -9 -1 -9 0 -9 0 -9 0 -9 0 -10 1 -10 1 -10 1 -10 1 -10 1 -10 1 -10 1 -10 1 -10 2 -10 1 -11 2 -11 2 -11 2 -11 0 0 2 -11 2 -11 2 -11 2 -12 1 -11 1 -11 1 -12 1 -12 1 -12 1 -12 1 -12 0 -12 1 -12 1 -13 0 -13 1 -13 1 -13 0 -13 0 -13 0 -14 0 -14 0 -14 0 -14 0 -14 0 -14 0 -14 0 0 0 0 0 0 0 0 0 0
1784740898.727806,52813,-44,11,1,6,1,-95,1,620231873,128,0 0 0 0 0 0 0 0 0 0 0 0 -5 -3 -6 -4 -6 -4 -5 -5 -6 -5 -6 -5 -6 -5 -6 -6 -6 -6 -5 -7 -5 -7 -5 -7 -5 -7 -5 -7 -5 -7 -5 -8 -5 -8 -5 -8 -5 -8 -4 -8 -4 -9 -5 -8 -5 -9 -5 -9 -4 -9 -5 -9 0 0 -5 -9 -5 -9 -5 -8 -6 -9 -6 -9 -6 -9 -6 -9 -6 -9 -6 -9 -7 -9 -7 -9 -7 -9 -7 -9 -7 -9 -8 -9 -8 -9 -7 -10 -8 -10 -8 -10 -9 -10 -8 -10 -9 -10 -9 -11 -8 -11 -9 -11 -9 -11 0 0 0 0 0 0 0 0 0 0
1784740898.727806,52814,-44,11,1,6,1,-95,1,620241843,128,0 0 0 0 0 0 0 0 0 0 0 0 0 5 -1 5 -1 5 -1 5 -1 5 -2 6 -2 6 -2 6 -2 6 -3 6 -3 7 -3 6 -4 7 -4 7 -4 7 -4 7 -4 7 -4 7 -5 7 -4 7 -5 7 -5 7 -5 8 -5 8 -5 8 -5 8 0 0 -5 8 -5 9 -5 9 -5 9 -5 9 -5 9 -5 9 -5 9 -5 9 -5 10 -5 10 -4 11 -5 11 -5 11 -5 11 -5 11 -5 12 -4 12 -5 12 -5 12 -5 13 -5 13 -4 13 -5 13 -5 14 -5 14 0 0 0 0 0 0 0 0 0 0
1784740898.741647,52815,-44,11,1,7,1,-95,1,620251932,128,0 0 0 0 0 0 0 0 0 0 0 0 3 4 3 4 3 5 2 5 2 5 2 5 2 6 2 6 2 7 2 7 2 7 2 8 1 8 1 8 1 8 1 9 1 9 1 9 0 9 1 10 1 10 0 10 1 10 0 10 0 10 0 10 0 0 0 10 0 11 0 11 0 12 1 11 1 11 1 11 1 12 1 12 1 12 1 12 1 12 2 12 2 12 2 13 2 12 2 13 2 13 2 13 3 13 3 13 3 13 3 14 3 14 3 14 3 14 0 0 0 0 0 0 0 0 0 0
1784740898.757790,52816,-45,11,1,7,1,-95,1,620261929,128,0 0 0 0 0 0 0 0 0 0 0 0 -5 -5 -5 -6 -4 -6 -4 -7 -4 -7 -4 -8 -4 -8 -4 -9 -4 -9 -4 -9 -3 -10 -3 -10 -3 -10 -3 -10 -3 -11 -3 -11 -3 -11 -2 -11 -2 -12 -3 -12 -2 -12 -3 -12 -2 -12 -2 -12 -2 -12 -2 -12 0 0 -2 -12 -2 -12 -2 -12 -2 -13 -3 -12 -3 -13 -3 -12 -3 -13 -3 -13 -4 -13 -3 -13 -4 -13 -4 -13 -4 -13 -4 -13 -5 -13 -4 -13 -5 -13 -5 -13 -5 -13 -5 -13 -5 -13 -5 -13 -5 -13 -5 -13 -5 -13 0 0 0 0 0 0 0 0 0 0
1784740898.757790,52817,-44,11,1,6,1,-95,1,620273308,128,0 0 0 0 0 0 0 0 0 0 0 0 -7 -2 -7 -2 -8 -3 -7 -3 -8 -4 -7 -4 -8 -5 -8 -5 -8 -5 -8 -6 -8 -6 -8 -7 -8 -7 -8 -7 -8 -7 -8 -8 -8 -8 -8 -8 -8 -8 -8 -9 -8 -8 -8 -8 -8 -9 -8 -9 -8 -9 -8 -9 0 0 -8 -9 -8 -9 -8 -9 -9 -9 -8 -9 -8 -9 -8 -9 -9 -9 -8 -9 -9 -9 -9 -9 -9 -8 -9 -8 -8 -8 -10 -8 -9 -8 -10 -8 -9 -8 -9 -8 -10 -8 -10 -7 -10 -7 -10 -7 -10 -7 -10 -7 -10 -7 0 0 0 0 0 0 0 0 0 0
1784740898.773804,52818,-42,11,1,7,1,-95,1,620281926,128,0 0 0 0 0 0 0 0 0 0 0 0 -4 6 -4 6 -5 6 -5 6 -5 6 -5 6 -6 6 -6 6 -7 6 -7 6 -8 6 -8 6 -8 6 -8 6 -9 6 -9 6 -9 6 -9 6 -9 6 -10 6 -10 6 -10 6 -10 6 -10 6 -10 5 -10 6 0 0 -10 6 -11 6 -10 6 -10 6 -10 6 -10 6 -10 6 -10 6 -10 7 -10 7 -10 7 -10 7 -9 7 -9 7 -9 8 -9 8 -9 8 -9 8 -9 9 -9 9 -9 9 -8 9 -9 9 -8 9 -8 9 -8 9 0 0 0 0 0 0 0 0 0 0
1784740898.773804,52819,-41,11,1,7,1,-95,1,620291823,128,0 0 0 0 0 0 0 0 0 0 0 0 6 3 6 3 6 4 6 4 6 4 6 5 6 5 6 5 6 6 6 6 6 6 6 7 6 7 5 7 6 8 6 8 6 8 6 8 5 9 5 9 5 9 5 9 5 9 5 9 5 9 5 10 0 0 5 10 5 10 5 9 5 10 5 9 5 9 5 9 5 9 6 9 6 9 6 9 6 9 6 9 6 9 7 8 7 9 7 9 7 9 7 8 8 8 8 8 8 8 8 9 8 9 9 9 9 9 0 0 0 0 0 0 0 0 0 0
1784740898.789353,52820,-42,11,1,6,1,-95,1,620303268,128,0 0 0 0 0 0 0 0 0 0 0 0 -6 -4 -6 -4 -6 -5 -6 -5 -6 -5 -6 -5 -6 -6 -6 -6 -6 -6 -7 -7 -6 -7 -6 -8 -6 -8 -6 -8 -6 -8 -6 -9 -6 -9 -6 -9 -6 -10 -6 -10 -6 -10 -6 -10 -6 -10 -5 -10 -5 -10 -5 -10 0 0 -5 -10 -5 -10 -5 -10 -6 -11 -6 -10 -6 -10 -6 -10 -6 -10 -6 -10 -7 -11 -7 -10 -7 -10 -7 -10 -7 -10 -8 -10 -8 -10 -7 -11 -8 -11 -8 -11 -8 -11 -8 -11 -9 -11 -8 -11 -9 -12 -9 -11 -9 -11 0 0 0 0 0 0 0 0 0 0
1784740898.805349,52821,-44,11,1,7,1,-95,1,620311882,128,0 0 0 0 0 0 0 0 0 0 0 0 2 -6 2 -6 2 -6 3 -6 3 -6 3 -7 3 -7 3 -7 4 -7 4 -7 5 -7 5 -7 5 -7 6 -8 5 -8 6 -8 6 -8 7 -8 7 -8 7 -8 7 -8 7 -8 8 -8 8 -7 8 -7 8 -8 0 0 8 -8 8 -8 8 -8 8 -9 7 -8 8 -8 7 -8 7 -9 7 -9 8 -9 8 -9 7 -9 7 -9 7 -9 7 -10 7 -10 8 -11 7 -11 7 -11 7 -12 7 -11 7 -12 8 -12 8 -12 8 -11 8 -11 0 0 0 0 0 0 0 0 0 0
1784740898.805349,52822,-48,11,1,7,1,-95,1,620321814,128,0 0 0 0 0 0 0 0 0 0 0 0 -3 -5 -3 -6 -3 -6 -3 -7 -3 -7 -3 -7 -3 -7 -3 -8 -3 -8 -3 -8 -3 -9 -3 -9 -2 -9 -2 -10 -2 -10 -2 -10 -2 -11 -2 -11 -2 -11 -2 -11 -2 -11 -1 -12 -2 -11 -1 -12 -1 -12 -1 -12 0 0 -1 -12 -1 -12 -1 -13 -2 -12 -2 -12 -2 -12 -2 -12 -2 -12 -2 -13 -2 -13 -3 -13 -3 -13 -2 -13 -3 -13 -3 -12 -3 -14 -3 -13 -3 -14 -3 -13 -4 -13 -4 -13 -4 -13 -4 -13 -4 -13 -4 -13 -4 -13 0 0 0 0 0 0 0 0 0 0
1784740898.821339,52823,-48,11,1,7,1,-95,1,620331913,128,0 0 0 0 0 0 0 0 0 0 0 0 -2 -5 -1 -5 -1 -5 -1 -6 -1 -6 -1 -6 -1 -6 -1 -6 0 -7 0 -7 0 -7 0 -7 0 -8 1 -8 1 -8 1 -8 1 -9 1 -9 2 -9 2 -9 2 -9 3 -9 2 -9 2 -10 3 -10 3 -10 0 0 3 -10 3 -10 3 -10 3 -10 3 -10 3 -10 3 -10 3 -10 3 -10 3 -10 3 -10 2 -11 2 -10 2 -11 2 -10 2 -11 2 -11 2 -11 2 -11 1 -11 1 -11 1 -11 0 -11 0 -11 0 -12 0 -12 0 0 0 0 0 0 0 0 0 0
1784740898.837534,52824,-44,11,1,6,1,-95,1,620343114,128,0 0 0 0 0 0 0 0 0 0 0 0 2 5 2 5 2 5 2 6 1 6 2 7 1 7 1 7 1 7 1 7 0 8 0 8 0 9 0 9 0 10 -1 9 -1 10 -1 9 -1 10 -2 10 -2 10 -2 10 -2 10 -2 10 -2 10 -2 11 0 0 -2 11 -2 10 -2 10 -2 10 -2 10 -2 10 -2 10 -2 11 -2 10 -1 10 -1 10 -1 11 -1 11 -1 11 -1 10 0 11 0 10 0 11 0 11 0 11 1 11 1 11 1 11 1 11 2 11 2 12 0 0 0 0 0 0 0 0 0 0
1784740898.841897,52825,-43,11,1,7,1,-95,1,620351941,128,0 0 0 0 0 0 0 0 0 0 0 0 4 -5 4 -6 4 -5 5 -6 5 -5 6 -6 6 -6 6 -6 7 -6 7 -5 8 -5 8 -5 8 -5 9 -5 9 -5 9 -4 10 -5 10 -4 10 -4 10 -4 10 -4 10 -4 10 -4 11 -3 11 -3 11 -3 0 0 11 -4 10 -3 11 -3 10 -3 10 -4 10 -4 10 -4 10 -4 10 -4 10 -5 10 -5 10 -5 10 -5 10 -6 10 -6 10 -6 10 -6 10 -6 10 -6 10 -7 10 -7 10 -7 9 -7 10 -7 10 -7 10 -8 0 0 0 0 0 0 0 0 0 0
1784740898.853605,52826,-44,11,1,7,1,-95,1,620361909,128,0 0 0 0 0 0 0 0 0 0 0 0 3 -7 3 -7 4 -7 4 -7 5 -7 5 -7 5 -7 5 -7 6 -7 6 -7 6 -7 7 -7 7 -7 8 -7 8 -7 8 -7 8 -7 9 -7 9 -6 9 -7 9 -6 9 -6 9 -6 9 -6 9 -6 9 -6 0 0 9 -6 9 -6 9 -6 9 -6 9 -6 9 -7 9 -7 9 -7 9 -7 9 -8 9 -8 8 -8 9 -8 8 -8 9 -8 8 -8 9 -8 9 -9 9 -9 8 -10 8 -9 8 -10 8 -10 9 -10 8 -10 9 -10 0 0 0 0 0 0 0 0 0 0
1784740898.853605,52827,-45,11,1,6,1,-95,1,620373085,128,0 0 0 0 0 0 0 0 0 0 0 0 -5 4 -5 4 -6 4 -6 4 -6 4 -6 4 -7 4 -7 5 -7 4 -7 4 -8 4 -8 4 -8 4 -9 4 -9 4 -9 3 -10 4 -9 4 -10 3 -10 3 -10 4 -10 3 -10 3 -10 3 -10 3 -11 3 0 0 -11 3 -11 3 -11 3 -10 3 -10 3 -11 4 -10 4 -11 4 -11 4 -11 5 -11 4 -11 5 -11 5 -11 5 -11 5 -12 5 -11 5 -12 5 -12 6 -12 6 -12 6 -12 6 -11 6 -12 6 -12 6 -12 6 0 0 0 0 0 0 0 0 0 0
1784740898.869600,52828,-45,11,1,7,1,-95,1,620384173,128,0 0 0 0 0 0 0 0 0 0 0 0 -1 5 -2 5 -2 5 -2 5 -2 5 -2 6 -2 6 -3 6 -3 6 -3 6 -4 7 -4 7 -4 7 -4 7 -5 8 -5 7 -5 8 -5 8 -6 8 -6 8 -6 8 -6 8 -6 8 -7 8 -7 8 -7 8 0 0 -7 8 -7 8 -7 8 -7 8 -7 9 -7 9 -7 9 -7 9 -7 9 -7 9 -7 9 -7 10 -7 9 -7 10 -7 10 -7 11 -7 10 -7 11 -7 11 -6 11 -6 11 -7 11 -7 11 -7 11 -7 11 -7 11 0 0 0 0 0 0 0 0 0 0
1784740898.885540,52829,-44,11,1,7,1,-95,1,620391884,128,0 0 0 0 0 0 0 0 0 0 0 0 -6 -4 -5 -4 -6 -5 -5 -6 -5 -6 -6 -6 -6 -6 -6 -7 -6 -7 -6 -7 -6 -8 -6 -8 -5 -9 -5 -9 -6 -9 -5 -9 -6 -10 -5 -10 -5 -10 -6 -10 -6 -10 -5 -10 -6 -11 -5 -11 -4 -11 -5 -11 0 0 -5 -11 -5 -12 -5 -11 -5 -11 -5 -11 -5 -11 -6 -11 -6 -11 -6 -11 -6 -11 -6 -11 -6 -11 -6 -11 -6 -11 -7 -12 -7 -11 -7 -11 -7 -12 -7 -12 -8 -11 -8 -12 -8 -12 -8 -12 -8 -12 -8 -12 -8 -12 0 0 0 0 0 0 0 0 0 0
1784740898.889700,52830,-44,11,1,7,1,-95,1,620401834,128,0 0 0 0 0 0 0 0 0 0 0 0 7 1 7 1 7 2 7 2 7 3 7 3 7 3 7 3 8 3 8 4 8 5 8 5 8 5 8 5 8 6 8 6 8 6 8 6 8 7 8 7 8 7 8 7 8 7 8 7 8 7 8 7 0 0 8 7 9 7 8 7 9 7 9 7 9 7 9 7 9 7 9 7 9 7 10 7 9 7 9 7 10 6 10 6 10 6 10 7 11 6 11 6 11 6 11 6 11 6 11 6 11 6 11 6 11 6 0 0 0 0 0 0 0 0 0 0
1784740898.901639,52831,-45,11,1,6,1,-95,1,620413364,128,0 0 0 0 0 0 0 0 0 0 0 0 -5 -5 -5 -6 -5 -6 -5 -7 -5 -7 -5 -7 -4 -7 -4 -8 -4 -8 -4 -8 -4 -9 -4 -9 -4 -9 -3 -9 -4 -9 -4 -10 -4 -10 -4 -10 -4 -10 -4 -10 -3 -10 -4 -10 -4 -10 -3 -11 -3 -11 -3 -11 0 0 -3 -11 -4 -11 -4 -11 -5 -11 -4 -11 -4 -11 -4 -11 -5 -12 -5 -11 -5 -12 -5 -12 -5 -12 -5 -11 -5 -11 -6 -12 -6 -12 -6 -12 -6 -12 -6 -12 -6 -12 -6 -12 -7 -12 -6 -13 -6 -13 -6 -13 -6 -12 0 0 0 0 0 0 0 0 0 0
1784740898.917744,52832,-45,11,1,6,1,-95,1,620423380,128,0 0 0 0 0 0 0 0 0 0 0 0 -7 -1 -7 -2 -7 -2 -7 -2 -7 -2 -8 -2 -8 -3 -8 -3 -8 -3 -8 -3 -8 -4 -8 -4 -8 -4 -9 -4 -9 -5 -9 -5 -9 -5 -9 -5 -9 -5 -9 -5 -9 -5 -9 -6 -9 -5 -9 -6 -9 -6 -10 -6 0 0 -10 -6 -10 -6 -10 -6 -10 -6 -10 -6 -10 -6 -11 -6 -11 -6 -11 -6 -11 -6 -11 -6 -11 -6 -12 -6 -12 -6 -12 -6 -12 -6 -12 -6 -12 -6 -12 -6 -13 -6 -13 -6 -13 -6 -12 -6 -12 -6 -13 -6 -13 -6 0 0 0 0 0 0 0 0 0 0
1784740898.917744,52833,-44,11,1,7,1,-95,1,620432020,128,0 0 0 0 0 0 0 0 0 0 0 0 -7 -5 -7 -5 -7 -5 -6 -6 -6 -6 -6 -7 -6 -7 -6 -7 -6 -8 -6 -8 -6 -8 -6 -9 -6 -9 -6 -9 -6 -9 -6 -9 -6 -10 -6 -10 -6 -10 -6 -10 -6 -10 -6 -10 -6 -10 -6 -10 -6 -11 -6 -11 0 0 -6 -11 -6 -11 -6 -11 -6 -11 -7 -11 -6 -11 -7 -11 -7 -11 -7 -11 -7 -11 -7 -11 -8 -11 -8 -11 -8 -11 -8 -11 -8 -11 -8 -11 -9 -11 -9 -11 -9 -11 -9 -11 -9 -11 -9 -11 -9 -11 -9 -11 -9 -11 0 0 0 0 0 0 0 0 0 0
1784740898.933580,52834,-44,11,1,7,1,-95,1,620442052,128,0 0 0 0 0 0 0 0 0 0 0 0 0 8 -1 8 -1 8 -2 8 -2 8 -2 8 -3 8 -3 9 -3 9 -3 9 -3 9 -3 9 -3 9 -4 10 -4 10 -5 9 -5 10 -5 9 -5 10 -5 9 -6 10 -6 10 -5 10 -5 10 -5 10 -5 10 0 0 -5 10 -5 10 -5 10 -5 10 -5 10 -5 10 -5 10 -4 10 -5 10 -4 11 -4 11 -3 11 -3 11 -4 12 -3 11 -4 12 -3 11 -3 12 -3 13 -3 12 -3 12 -3 12 -3 12 -3 13 -2 13 -3 13 0 0 0 0 0 0 0 0 0 0
1784740898.933580,52835,-45,11,1,7,1,-95,1,620451888,128,0 0 0 0 0 0 0 0 0 0 0 0 6 -4 6 -3 7 -3 7 -3 7 -3 7 -3 8 -3 8 -2 8 -3 9 -2 9 -2 9 -1 9 -1 9 -1 9 -1 10 -1 10 -1 10 -1 10 -1 10 -1 10 -1 10 -1 11 -1 10 0 10 0 10 0 0 0 10 0 11 -1 10 -1 11 -1 11 -1 11 -1 11 -2 11 -2 11 -2 12 -2 12 -2 11 -2 11 -2 11 -2 12 -3 12 -3 12 -3 12 -3 12 -3 12 -3 12 -3 12 -4 12 -3 12 -3 12 -3 12 -3 0 0 0 0 0 0 0 0 0 0
1784740898.949387,52836,-44,11,1,7,1,-95,1,620463427,128,0 0 0 0 0 0 0 0 0 0 0 0 1 -8 2 -8 2 -8 3 -8 3 -8 3 -8 3 -9 4 -9 4 -9 5 -9 5 -9 6 -9 6 -9 6 -8 6 -8 7 -9 6 -8 7 -9 7 -9 7 -9 7 -9 6 -9 7 -9 7 -9 7 -9 7 -9 0 0 7 -9 7 -10 7 -9 7 -10 6 -10 6 -10 6 -10 6 -11 6 -11 6 -12 6 -11 6 -11 6 -11 5 -11 5 -12 5 -12 6 -12 5 -12 5 -13 4 -13 4 -13 4 -13 5 -13 5 -13 5 -13 4 -13 0 0 0 0 0 0 0 0 0 0
1784740898.965575,52837,-43,11,1,7,1,-95,1,620471855,128,0 0 0 0 0 0 0 0 0 0 0 0 -1 8 -2 8 -2 8 -3 8 -3 8 -3 8 -4 8 -4 8 -5 8 -4 9 -4 8 -5 9 -5 9 -5 9 -6 9 -6 8 -6 9 -6 8 -6 8 -6 8 -7 9 -7 8 -6 9 -6 9 -6 9 -7 9 0 0 -7 9 -7 9 -7 9 -6 9 -6 9 -6 10 -6 9 -6 10 -6 10 -5 10 -5 10 -5 11 -5 11 -5 11 -5 11 -6 11 -5 11 -5 11 -5 12 -5 12 -5 12 -5 12 -4 12 -5 12 -5 12 -5 12 0 0 0 0 0 0 0 0 0 0
1784740898.965575,52838,-44,11,1,7,1,-95,1,620482164,128,0 0 0 0 0 0 0 0 0 0 0 0 6 4 6 5 6 5 5 6 5 6 5 6 5 7 5 7 5 7 5 8 5 8 5 8 4 8 5 8 5 9 5 9 4 9 4 9 4 9 4 9 4 9 4 9 4 9 4 9 4 9 4 9 0 0 5 9 5 9 5 9 5 9 5 9 5 9 5 9 6 9 6 9 7 9 7 9 6 9 7 9 7 9 8 9 7 9 7 9 8 9 8 9 8 9 8 9 8 9 8 9 8 9 8 9 9 9 0 0 0 0 0 0 0 0 0 0
1784740898.981610,52839,-45,11,1,7,1,-95,1,620491864,128,0 0 0 0 0 0 0 0 0 0 0 0 7 1 7 1 7 1 7 2 7 2 8 2 7 3 7 3 8 3 7 3 8 4 8 4 8 4 8 5 8 5 8 5 8 5 8 5 8 5 8 5 8 5 8 5 8 5 8 5 8 5 9 5 0 0 9 5 9 5 9 6 9 5 9 5 9 5 10 5 10 4 10 5 10 4 11 4 11 4 11 4 12 4 11 4 12 4 11 4 12 4 12 4 12 4 12 4 12 4 12 4 12 4 12 4 13 4 0 0 0 0 0 0 0 0 0 0
1784740898.997428,52840,-44,11,1,7,1,-95,1,620501828,128,0 0 0 0 0 0 0 0 0 0 0 0 -2 7 -3 6 -3 7 -4 7 -4 7 -4 7 -4 7 -5 7 -5 7 -5 7 -6 7 -6 7 -6 7 -7 7 -7 7 -7 7 -7 7 -7 7 -7 7 -7 7 -8 8 -8 7 -7 7 -8 7 -8 7 -8 8 0 0 -8 8 -8 8 -8 8 -8 8 -8 8 -8 8 -8 9 -8 9 -8 9 -8 9 -8 9 -8 10 -8 9 -8 10 -8 10 -8 10 -8 10 -8 11 -8 11 -8 11 -8 11 -8 11 -8 11 -9 11 -9 11 -9 11 0 0 0 0 0 0 0 0 0 0
1784740898.997428,52841,-44,11,1,7,1,-95,1,620511821,128,0 0 0 0 0 0 0 0 0 0 0 0 4 6 4 6 4 7 3 7 3 8 3 8 3 8 2 8 3 9 2 9 2 9 1 9 1 10 1 10 1 10 1 10 1 10 1 10 1 11 1 11 1 11 1 11 1 11 0 11 0 11 0 11 0 0 0 11 1 11 1 11 1 11 2 11 1 11 2 11 2 11 2 11 2 12 2 11 2 11 3 11 2 11 4 12 4 12 3 12 4 12 4 12 4 12 4 12 5 12 4 13 4 13 4 13 4 13 0 0 0 0 0 0 0 0 0 0
1784740899.013513,52842,-44,11,1,7,1,-95,1,620521841,128,0 0 0 0 0 0 0 0 0 0 0 0 2 -8 3 -8 3 -8 4 -8 4 -8 4 -8 4 -8 5 -8 5 -8 5 -8 5 -8 6 -8 6 -8 6 -8 7 -9 7 -8 7 -8 7 -8 7 -8 7 -8 7 -8 8 -8 7 -8 7 -8 8 -8 8 -8 0 0 8 -8 8 -8 8 -8 7 -8 7 -8 7 -9 7 -9 7 -9 7 -9 7 -10 7 -10 7 -10 7 -10 7 -11 7 -10 7 -11 7 -10 7 -11 7 -11 7 -11 7 -11 8 -12 7 -11 7 -11 7 -12 7 -12 0 0 0 0 0 0 0 0 0 0
1784740899.013513,52843,-45,11,1,7,1,-95,1,620531856,128,0 0 0 0 0 0 0 0 0 0 0 0 5 -5 5 -5 6 -5 6 -4 7 -5 7 -5 7 -5 7 -5 7 -5 8 -4 8 -4 8 -4 9 -4 9 -3 9 -4 9 -4 9 -3 10 -3 10 -3 10 -4 10 -4 10 -3 10 -3 10 -3 10 -3 10 -3 0 0 10 -3 11 -3 10 -3 11 -4 10 -4 10 -4 10 -4 11 -4 11 -4 11 -5 11 -4 11 -5 11 -5 11 -5 11 -5 11 -5 11 -5 11 -5 11 -6 11 -6 11 -6 11 -6 11 -6 12 -5 12 -6 12 -6 0 0 0 0 0 0 0 0 0 0
1784740899.029552,52844,-45,11,1,6,1,-95,1,620543197,128,0 0 0 0 0 0 0 0 0 0 0 0 4 -6 5 -6 5 -5 6 -5 6 -5 7 -5 6 -5 7 -5 7 -4 7 -5 7 -4 8 -4 8 -4 8 -4 8 -4 9 -3 9 -3 9 -3 9 -3 9 -3 10 -3 10 -3 9 -4 9 -3 10 -3 10 -3 0 0 10 -3 10 -3 10 -3 10 -3 10 -3 10 -3 10 -3 10 -4 10 -4 10 -5 10 -4 10 -5 11 -5 11 -5 10 -5 11 -5 10 -5 11 -6 11 -6 11 -5 11 -6 12 -6 11 -6 11 -6 11 -7 12 -7 0 0 0 0 0 0 0 0 0 0
1784740899.047825,52845,-45,11,1,7,1,-95,1,620551901,128,0 0 0 0 0 0 0 0 0 0 0 0 -2 -8 -1 -8 -1 -9 -1 -9 0 -9 0 -9 0 -9 0 -9 0 -9 1 -10 1 -10 1 -10 1 -10 1 -10 1 -10 2 -10 2 -10 2 -10 2 -10 2 -11 2 -10 2 -11 2 -11 2 -10 3 -10 2 -11 0 0 2 -11 2 -11 2 -11 2 -11 1 -11 1 -11 1 -11 1 -11 1 -12 0 -12 0 -12 0 -12 0 -13 0 -12 0 -13 0 -13 0 -13 0 -13 -1 -13 -1 -14 -1 -14 -1 -14 -1 -14 -1 -14 -1 -14 -1 -15 0 0 0 0 0 0 0 0 0 0
1784740899.048599,52846,-45,11,1,7,1,-95,1,620561888,128,0 0 0 0 0 0 0 0 0 0 0 0 6 4 6 5 5 5 5 5 5 5 5 5 5 5 5 6 6 6 5 6 5 7 5 7 5 7 5 7 5 7 5 8 5 7 5 8 5 8 6 7 6 8 6 8 6 8 6 8 5 8 6 8 0 0 6 8 7 8 7 8 7 8 7 8 7 8 8 8 8 8 8 8 9 9 8 9 8 9 8 9 9 8 10 9 10 9 10 9 10 9 10 9 11 9 10 9 11 9 11 9 10 10 10 10 10 10 0 0 0 0 0 0 0 0 0 0
1784740899.061614,52847,-46,11,1,6,1,-95,1,620573000,128,0 0 0 0 0 0 0 0 0 0 0 0 4 -4 5 -4 5 -3 5 -4 5 -3 6 -3 6 -3 6 -3 6 -3 6 -3 7 -3 7 -3 7 -3 7 -3 8 -3 8 -3 9 -3 8 -3 9 -3 8 -3 9 -3 9 -3 9 -4 9 -3 9 -3 9 -3 0 0 10 -3 10 -3 10 -3 10 -3 10 -3 10 -4 10 -3 10 -4 11 -4 11 -5 11 -5 11 -5 11 -5 11 -5 11 -5 12 -5 11 -5 12 -5 12 -5 12 -5 12 -6 12 -5 12 -6 12 -6 13 -6 13 -6 0 0 0 0 0 0 0 0 0 0
1784740899.077743,52848,-44,11,1,7,1,-95,1,620581863,128,0 0 0 0 0 0 0 0 0 0 0 0 -5 -6 -4 -6 -4 -7 -4 -7 -4 -7 -4 -7 -3 -7 -3 -7 -3 -8 -3 -8 -3 -8 -3 -8 -3 -9 -3 -9 -3 -9 -3 -9 -3 -9 -3 -10 -3 -10 -3 -10 -3 -10 -3 -10 -3 -10 -3 -10 -2 -10 -2 -10 0 0 -3 -11 -3 -11 -3 -11 -3 -11 -3 -11 -3 -11 -3 -11 -3 -12 -3 -12 -4 -12 -4 -12 -4 -12 -4 -12 -4 -12 -5 -13 -5 -13 -5 -13 -5 -13 -5 -13 -5 -13 -5 -14 -5 -14 -5 -14 -5 -14 -5 -14 -5 -14 0 0 0 0 0 0 0 0 0 0
1784740899.089828,52849,-44,11,1,7,1,-95,1,620594403,128,0 0 0 0 0 0 0 0 0 0 0 0 -5 7 -5 6 -6 6 -6 6 -6 6 -6 6 -7 6 -7 6 -7 6 -7 6 -8 6 -8 5 -8 5 -9 5 -8 6 -9 6 -9 6 -9 6 -9 5 -9 6 -9 6 -9 6 -10 6 -9 6 -9 6 -9 6 0 0 -9 6 -10 7 -9 6 -10 7 -9 7 -9 7 -9 7 -9 8 -9 8 -9 8 -10 8 -9 8 -9 8 -9 8 -9 9 -9 9 -10 9 -9 9 -9 10 -9 10 -9 10 -9 10 -9 10 -10 10 -10 10 -10 10 0 0 0 0 0 0 0 0 0 0
1784740899.093678,52850,-46,11,1,6,1,-95,1,620603400,128,0 0 0 0 0 0 0 0 0 0 0 0 8 -2 8 -1 8 -1 8 0 8 0 8 0 8 0 9 0 9 0 9 1 9 1 9 1 9 2 9 2 9 1 9 2 9 2 9 2 9 2 9 2 9 2 9 2 10 2 9 2 9 2 10 2 0 0 10 2 10 2 10 2 10 1 10 1 10 1 10 1 10 1 10 1 11 0 11 1 11 0 11 0 11 0 12 0 12 0 12 0 12 0 12 -1 13 -1 12 -1 13 -1 13 -1 13 0 13 0 13 0 0 0 0 0 0 0 0 0 0 0
1784740899.093678,52851,-47,11,1,7,1,-95,1,620611957,128,0 0 0 0 0 0 0 0 0 0 0 0 2 -7 2 -7 3 -6 3 -6 3 -6 3 -7 3 -6 3 -7 4 -6 4 -7 4 -7 4 -7 4 -7 4 -7 4 -7 5 -7 5 -7 5 -7 5 -7 5 -7 5 -8 5 -7 5 -8 5 -7 5 -8 6 -8 0 0 6 -8 6 -8 6 -8 6 -8 6 -9 6 -9 6 -9 6 -10 6 -10 6 -10 6 -10 6 -10 6 -10 6 -11 6 -11 7 -11 6 -11 7 -12 7 -12 7 -12 7 -12 7 -12 7 -12 8 -12 7 -12 8 -13 0 0 0 0 0 0 0 0 0 0
1784740899.109810,52852,-45,11,1,7,1,-95,1,620622805,128,0 0 0 0 0 0 0 0 0 0 0 0 -6 2 -6 2 -6 1 -7 1 -7 1 -7 1 -7 1 -7 1 -8 1 -7 1 -8 1 -8 1 -8 1 -9 0 -9 1 -9 0 -10 0 -9 0 -10 0 -10 0 -10 0 -10 0 -10 0 -10 0 -10 0 -11 0 0 0 -11 0 -11 0 -11 0 -11 0 -11 0 -11 0 -11 0 -12 0 -12 0 -12 1 -12 1 -12 1 -13 1 -13 1 -13 1 -14 1 -13 1 -14 2 -13 2 -14 1 -14 2 -14 2 -14 2 -14 1 -15 1 -15 2 0 0 0 0 0 0 0 0 0 0
1784740899.125807,52853,-43,11,1,7,1,-95,1,620631802,128,0 0 0 0 0 0 0 0 0 0 0 0 3 5 3 6 3 6 3 6 2 7 2 7 2 7 2 7 2 7 2 8 2 8 2 8 2 9 2 9 2 9 1 9 1 10 1 10 1 10 1 10 1 10 1 10 1 10 1 10 1 11 1 11 0 0 0 11 1 11 0 11 1 11 1 11 1 11 1 11 1 11 1 12 2 12 2 12 2 12 2 12 2 12 2 13 2 13 2 12 3 13 3 13 3 13 3 13 3 13 3 13 3 13 3 13 3 14 0 0 0 0 0 0 0 0 0 0
1784740899.125807,52854,-44,11,1,7,1,-95,1,620641866,128,0 0 0 0 0 0 0 0 0 0 0 0 0 8 0 8 -1 8 -1 8 -2 8 -2 8 -2 8 -2 9 -2 9 -3 9 -3 9 -3 9 -4 9 -4 9 -4 9 -4 9 -4 9 -5 9 -4 10 -5 10 -5 10 -5 10 -5 10 -5 9 -5 9 -5 10 0 0 -5 10 -5 10 -5 10 -5 10 -5 10 -5 10 -4 11 -4 11 -5 11 -4 11 -5 11 -4 11 -4 11 -4 12 -4 12 -4 12 -4 12 -4 12 -4 12 -4 13 -4 13 -4 13 -4 13 -4 13 -4 13 -4 13 0 0 0 0 0 0 0 0 0 0
1784740899.141594,52855,-47,11,1,6,1,-95,1,620653189,128,0 0 0 0 0 0 0 0 0 0 0 0 0 -8 0 -8 1 -8 1 -8 1 -8 1 -8 1 -8 2 -8 2 -8 2 -8 2 -9 2 -9 2 -9 3 -9 3 -9 3 -9 3 -10 3 -9 3 -9 4 -9 3 -10 4 -10 3 -10 3 -10 4 -10 4 -10 0 0 4 -10 4 -10 4 -11 3 -11 3 -11 3 -11 3 -11 3 -11 3 -12 3 -12 3 -12 3 -12 3 -12 3 -13 3 -13 3 -13 3 -13 3 -13 3 -14 3 -14 3 -14 4 -14 3 -14 3 -14 3 -14 4 -14 0 0 0 0 0 0 0 0 0 0
1784740899.157562,52856,-46,11,1,6,1,-95,1,620663380,128,0 0 0 0 0 0 0 0 0 0 0 0 -3 5 -3 5 -4 5 -4 4 -4 5 -4 5 -4 5 -4 5 -4 5 -5 5 -5 5 -6 5 -6 5 -6 5 -5 5 -6 6 -6 5 -6 6 -6 6 -6 6 -6 6 -6 6 -7 7 -7 6 -7 6 -7 6 0 0 -7 7 -7 8 -7 7 -8 8 -7 7 -7 8 -7 8 -8 8 -7 8 -8 9 -8 9 -8 9 -8 8 -8 9 -8 10 -7 10 -9 10 -8 10 -8 10 -8 11 -8 11 -8 11 -9 11 -9 10 -9 10 -9 10 0 0 0 0 0 0 0 0 0 0
1784740899.157562,52857,-44,11,1,7,1,-95,1,620671896,128,0 0 0 0 0 0 0 0 0 0 0 0 -7 -3 -7 -3 -7 -4 -6 -4 -6 -4 -6 -4 -7 -4 -7 -5 -7 -5 -7 -5 -7 -5 -7 -5 -7 -6 -7 -6 -7 -6 -7 -6 -7 -6 -7 -7 -8 -7 -8 -7 -8 -7 -8 -7 -8 -7 -8 -7 -8 -8 -8 -8 0 0 -8 -8 -9 -8 -8 -8 -9 -8 -9 -8 -9 -8 -9 -8 -9 -8 -9 -8 -10 -8 -10 -8 -10 -8 -10 -8 -10 -8 -10 -9 -11 -9 -10 -9 -11 -9 -11 -9 -11 -8 -11 -9 -11 -9 -11 -9 -11 -9 -11 -9 -11 -9 0 0 0 0 0 0 0 0 0 0
1784740899.173394,52858,-44,11,1,7,1,-95,1,620681921,128,0 0 0 0 0 0 0 0 0 0 0 0 4 -6 4 -6 5 -6 5 -6 5 -5 5 -6 5 -6 6 -6 6 -6 6 -6 7 -5 7 -6 7 -5 7 -5 7 -6 7 -6 8 -6 8 -6 8 -6 8 -6 8 -6 8 -6 8 -6 9 -6 9 -6 9 -6 0 0 9 -6 9 -7 9 -6 9 -7 9 -7 9 -7 9 -7 9 -8 9 -8 9 -8 10 -8 9 -8 9 -8 10 -8 9 -9 10 -9 10 -9 10 -10 10 -10 10 -10 10 -10 10 -10 11 -10 11 -10 10 -10 11 -10 0 0 0 0 0 0 0 0 0 0
1784740899.173394,52859,-44,11,1,7,1,-95,1,620691877,128,0 0 0 0 0 0 0 0 0 0 0 0 -4 -7 -4 -8 -3 -8 -3 -8 -3 -8 -2 -9 -2 -9 -2 -9 -2 -9 -2 -9 -2 -10 -2 -10 -2 -10 -1 -10 -1 -10 -1 -11 -1 -11 -1 -11 -1 -11 -1 -11 -1 -11 0 -11 -1 -11 -1 -12 -1 -11 -1 -12 0 0 0 -12 0 -12 0 -12 -1 -12 -1 -12 -1 -12 -1 -12 -1 -12 -1 -12 -2 -12 -2 -13 -2 -13 -2 -13 -2 -14 -2 -13 -2 -14 -2 -13 -2 -14 -2 -14 -3 -14 -3 -14 -2 -15 -3 -14 -2 -14 -2 -15 -3 -15 0 0 0 0 0 0 0 0 0 0
1784740899.190165,52860,-45,11,1,7,1,-95,1,620702855,128,0 0 0 0 0 0 0 0 0 0 0 0 -4 -7 -4 -8 -3 -8 -3 -8 -3 -8 -3 -9 -3 -8 -3 -9 -2 -9 -2 -9 -2 -9 -2 -10 -2 -10 -2 -10 -2 -10 -2 -10 -2 -11 -1 -10 -1 -11 -1 -11 -2 -11 -1 -11 -1 -11 -1 -11 -1 -11 -1 -11 0 0 -1 -11 -2 -11 -2 -12 -2 -11 -2 -12 -2 -12 -2 -12 -3 -12 -3 -12 -3 -12 -3 -12 -4 -12 -3 -13 -4 -13 -4 -13 -4 -13 -4 -13 -4 -14 -4 -14 -5 -14 -4 -14 -5 -14 -4 -14 -4 -14 -4 -14 -4 -14 0 0 0 0 0 0 0 0 0 0
1784740899.205797,52861,-46,11,1,6,1,-95,1,620713131,128,0 0 0 0 0 0 0 0 0 0 0 0 -2 6 -3 6 -3 6 -4 6 -4 6 -4 6 -4 6 -4 6 -5 6 -5 6 -5 6 -5 6 -5 6 -5 6 -5 6 -5 6 -6 6 -6 6 -5 7 -6 6 -6 7 -6 7 -5 7 -5 7 -6 7 -6 8 0 0 -6 8 -6 8 -6 8 -6 8 -6 8 -6 9 -6 9 -6 9 -6 9 -6 10 -6 10 -6 10 -6 11 -6 11 -6 11 -6 11 -6 11 -6 12 -7 12 -7 12 -7 12 -7 12 -7 12 -7 12 -7 13 -7 12 0 0 0 0 0 0 0 0 0 0
1784740899.205797,52862,-45,11,1,6,1,-95,1,620723199,128,0 0 0 0 0 0 0 0 0 0 0 0 6 -1 6 -1 6 0 6 0 6 0 6 0 6 0 7 0 7 0 7 1 7 1 7 1 7 1 7 1 7 1 8 1 8 1 9 1 8 1 9 1 9 0 9 0 9 1 9 1 9 1 10 1 0 0 10 1 10 1 10 1 11 0 10 0 11 0 11 0 11 0 11 0 13 0 12 0 12 0 12 0 12 0 13 -1 13 -1 14 0 13 -1 14 -1 14 -1 14 -1 14 -1 14 -1 15 -1 15 -1 15 -1 0 0 0 0 0 0 0 0 0 0
1784740899.222000,52863,-44,11,1,7,1,-95,1,620731833,128,0 0 0 0 0 0 0 0 0 0 0 0 -6 -3 -6 -3 -6 -4 -6 -4 -6 -5 -6 -4 -7 -5 -7 -5 -7 -5 -7 -6 -7 -6 -7 -6 -7 -6 -7 -7 -7 -6 -7 -7 -7 -7 -7 -7 -7 -7 -8 -7 -8 -7 -8 -7 -8 -8 -7 -8 -8 -8 -8 -8 0 0 -8 -8 -9 -8 -8 -8 -9 -9 -9 -8 -9 -8 -9 -8 -9 -8 -9 -8 -10 -9 -10 -9 -10 -9 -10 -9 -10 -9 -11 -9 -11 -9 -11 -9 -11 -9 -12 -9 -12 -9 -12 -9 -12 -9 -12 -11 -11 -10 -11 -11 -11 -10 0 0 0 0 0 0 0 0 0 0
1784740899.238070,52864,-45,11,1,7,1,-95,1,620743344,128,0 0 0 0 0 0 0 0 0 0 0 0 0 -8 0 -8 1 -8 1 -8 1 -8 1 -8 2 -8 2 -8 2 -8 2 -9 2 -8 3 -9 3 -9 3 -9 3 -9 3 -9 3 -9 4 -9 4 -9 4 -9 4 -9 4 -9 4 -10 4 -10 4 -9 4 -10 0 0 4 -10 4 -10 4 -10 4 -11 3 -11 4 -11 3 -11 3 -11 3 -11 3 -12 3 -12 3 -12 3 -12 3 -12 3 -13 3 -13 3 -13 3 -13 3 -13 3 -14 3 -14 3 -14 3 -14 4 -14 4 -14 4 -14 0 0 0 0 0 0 0 0 0 0
1784740899.248944,52865,-45,11,1,6,1,-95,1,620753340,128,0 0 0 0 0 0 0 0 0 0 0 0 -3 6 -4 6 -4 6 -4 6 -4 6 -5 6 -5 6 -5 6 -5 6 -5 6 -5 6 -5 6 -6 6 -6 6 -6 7 -6 6 -6 7 -6 6 -6 7 -6 7 -6 7 -6 7 -6 7 -6 7 -6 7 -7 7 0 0 -6 8 -7 8 -7 8 -6 8 -6 9 -7 9 -6 9 -6 10 -7 9 -7 10 -7 10 -6 10 -6 10 -7 11 -7 11 -7 12 -7 11 -7 12 -7 12 -7 12 -7 12 -7 12 -7 12 -7 12 -8 13 -8 13 0 0 0 0 0 0 0 0 0 0
1784740899.255958,52866,-45,11,1,6,1,-95,1,620761863,128,0 0 0 0 0 0 0 0 0 0 0 0 6 -2 6 -2 7 -1 7 -1 7 -1 7 -1 7 -1 7 0 8 0 7 0 8 0 8 0 8 0 8 0 8 0 8 1 9 1 9 1 9 1 9 1 9 1 9 1 9 1 9 1 10 1 10 1 0 0 10 1 10 1 10 1 11 0 10 0 11 0 11 0 11 0 11 0 12 0 12 0 12 0 12 0 12 0 13 0 13 0 13 0 13 0 13 0 14 -1 14 -1 14 -1 14 0 14 0 14 0 14 0 0 0 0 0 0 0 0 0 0 0
1784740899.274085,52867,-45,11,1,6,1,-95,1,620778775,128,0 0 0 0 0 0 0 0 0 0 0 0 -1 7 -2 7 -3 7 -3 8 -3 7 -3 7 -3 7 -4 7 -4 7 -4 8 -5 7 -5 8 -5 7 -5 7 -5 7 -6 7 -6 7 -5 8 -6 8 -6 7 -6 8 -6 8 -5 8 -6 8 -6 8 -6 8 0 0 -6 8 -6 9 -6 9 -6 9 -5 9 -6 9 -5 9 -6 10 -5 10 -5 10 -5 11 -5 11 -5 11 -5 11 -6 11 -6 12 -6 11 -6 12 -6 12 -6 12 -6 12 -6 12 -5 12 -6 12 -6 12 -6 13 0 0 0 0 0 0 0 0 0 0
1784740899.274085,52868,-45,11,1,6,1,-95,1,620782051,128,0 0 0 0 0 0 0 0 0 0 0 0 5 4 5 5 5 5 5 6 5 6 5 6 5 6 4 6 5 6 4 7 4 7 4 7 4 7 4 7 4 7 4 7 4 7 4 8 4 8 4 8 4 8 4 7 4 7 4 8 4 8 5 8 0 0 5 7 6 8 6 8 6 8 6 8 6 8 7 8 7 8 7 8 8 8 8 8 8 8 8 8 8 8 9 8 9 9 9 9 9 9 9 9 9 9 9 9 10 9 9 9 9 9 9 9 9 9 0 0 0 0 0 0 0 0 0 0
1784740899.390140,52869,-44,11,1,5,1,-95,1,620892045,128,0 0 0 0 0 0 0 0 0 0 0 0 7 0 7 0 7 1 7 2 7 2 8 2 8 2 8 3 8 3 8 3 8 3 8 4 8 4 8 4 8 4 8 5 8 5 8 5 8 5 8 5 8 5 8 6 8 5 8 5 8 5 8 5 0 0 8 5 8 5 9 5 9 5 9 5 9 5 9 5 10 5 10 5 10 4 10 5 11 4 11 5 11 5 11 5 11 5 11 5 12 5 12 5 12 5 12 5 12 5 12 5 12 5 12 5 13 5 0 0 0 0 0 0 0 0 0 0
1784740899.390140,52870,-44,11,1,5,1,-95,1,620893735,128,0 0 0 0 0 0 0 0 0 0 0 0 7 3 7 3 7 4 7 4 6 4 7 5 6 5 7 5 6 6 6 5 6 6 6 6 6 7 6 7 6 7 5 7 6 8 6 7 6 8 6 7 6 8 6 7 6 7 5 7 6 7 6 7 0 0 7 8 6 7 7 8 7 7 7 7 7 7 7 7 8 7 8 7 8 7 9 7 9 7 9 7 10 7 9 7 10 8 9 7 10 7 10 8 10 7 11 7 10 8 10 7 10 7 11 8 11 8 0 0 0 0 0 0 0 0 0 0
1784740899.390140,52871,-44,11,1,6,1,-95,1,620896704,128,0 0 0 0 0 0 0 0 0 0 0 0 7 3 7 3 6 4 7 4 6 4 7 5 6 5 7 5 7 6 6 6 6 6 6 6 6 7 6 7 6 8 5 7 6 8 6 8 6 8 6 8 6 8 5 8 6 8 6 8 6 8 6 8 0 0 6 8 6 8 6 9 6 8 7 8 7 8 7 8 8 8 8 8 8 8 8 8 9 8 8 8 9 9 9 8 9 9 9 8 9 9 9 9 10 9 10 9 10 9 9 8 9 9 10 9 10 9 0 0 0 0 0 0 0 0 0 0
1784740899.398118,52872,-44,11,1,5,1,-95,1,620898408,128,0 0 0 0 0 0 0 0 0 0 0 0 5 6 5 6 5 7 4 6 4 7 4 7 4 7 4 8 4 8 3 9 3 9 3 9 2 9 2 9 3 9 3 10 2 9 3 10 2 9 2 9 2 9 2 9 2 10 2 9 2 10 2 10 0 0 3 9 3 10 3 9 4 10 4 9 4 10 4 9 4 10 5 10 5 11 5 10 5 10 5 10 5 10 7 11 6 10 6 11 6 11 6 10 7 11 7 11 7 11 7 11 7 11 7 11 7 11 0 0 0 0 0 0 0 0 0 0
1784740899.398118,52873,-44,11,1,6,1,-95,1,620902003,128,0 0 0 0 0 0 0 0 0 0 0 0 -1 -9 -1 -9 0 -9 0 -9 0 -10 1 -9 1 -10 1 -10 1 -10 2 -10 3 -10 3 -10 3 -10 3 -10 3 -10 3 -10 3 -10 3 -11 4 -10 4 -10 4 -10 3 -10 3 -10 4 -10 4 -10 3 -10 0 0 3 -10 3 -11 3 -10 3 -12 2 -11 2 -11 2 -11 2 -12 2 -12 2 -13 2 -13 1 -12 1 -12 2 -12 1 -14 1 -13 1 -14 1 -14 1 -14 1 -14 1 -14 0 -14 1 -14 1 -14 1 -14 1 -14 0 0 0 0 0 0 0 0 0 0
1784740899.398118,52874,-45,11,1,6,1,-95,1,620911794,128,0 0 0 0 0 0 0 0 0 0 0 0 1 8 0 8 -1 8 -1 9 -1 8 -2 9 -2 9 -2 9 -2 9 -3 9 -3 9 -3 9 -4 9 -4 9 -4 10 -4 9 -4 10 -4 9 -4 9 -4 9 -4 9 -4 9 -4 9 -4 9 -4 9 -4 9 0 0 -4 10 -3 9 -4 10 -3 9 -3 10 -3 10 -3 10 -3 11 -3 11 -2 11 -2 11 -2 11 -2 12 -2 12 -2 11 -2 12 -2 12 -2 12 -1 12 -1 12 -1 13 -1 13 -1 12 -2 12 -2 13 -1 13 0 0 0 0 0 0 0 0 0 0
1784740899.413880,52875,-45,11,1,5,1,-95,1,620923337,128,0 0 0 0 0 0 0 0 0 0 0 0 -2 -8 -1 -9 0 -9 0 -9 0 -9 0 -9 1 -9 1 -9 1 -9 1 -9 2 -9 2 -10 2 -10 2 -10 2 -10 3 -10 3 -10 2 -10 3 -10 2 -10 2 -10 3 -10 2 -10 3 -10 2 -10 2 -10 0 0 2 -11 2 -10 2 -11 2 -11 1 -11 1 -11 1 -11 1 -12 1 -12 1 -12 0 -12 0 -13 0 -13 0 -13 0 -13 0 -14 0 -13 0 -14 0 -14 0 -14 -1 -14 0 -14 -1 -14 0 -14 -1 -15 0 -15 0 0 0 0 0 0 0 0 0 0
1784740899.413880,52876,-44,11,1,6,1,-95,1,620931945,128,0 0 0 0 0 0 0 0 0 0 0 0 -7 3 -7 3 -8 2 -8 2 -8 2 -8 1 -9 1 -9 1 -9 1 -9 1 -9 1 -10 0 -10 0 -10 0 -10 0 -10 0 -10 0 -10 0 -10 0 -10 0 -10 0 -10 -1 -11 0 -11 0 -10 0 -11 0 0 0 -11 0 -11 0 -11 0 -12 0 -11 1 -12 0 -12 0 -12 0 -12 1 -13 1 -13 1 -12 1 -12 1 -13 1 -13 2 -13 2 -14 1 -14 2 -14 2 -14 2 -14 2 -14 2 -14 2 -14 1 -14 2 -14 2 0 0 0 0 0 0 0 0 0 0
1784740899.429757,52877,-44,11,1,6,1,-95,1,620941856,128,0 0 0 0 0 0 0 0 0 0 0 0 7 3 7 3 7 4 6 4 6 5 6 5 6 5 6 6 6 6 6 6 6 6 6 7 6 7 6 7 6 7 6 7 6 8 6 8 6 8 6 8 6 8 6 8 6 8 6 8 6 8 6 8 0 0 6 8 6 9 6 9 7 8 7 8 7 9 7 8 7 8 7 8 8 8 8 8 8 8 8 8 8 9 9 9 9 9 9 8 9 8 9 9 9 9 9 9 9 9 10 9 10 9 10 9 10 9 0 0 0 0 0 0 0 0 0 0
1784740899.445854,52878,-44,11,1,6,1,-95,1,620951932,128,0 0 0 0 0 0 0 0 0 0 0 0 5 6 5 6 5 7 4 7 4 7 4 7 4 7 4 8 4 8 4 8 3 9 3 9 3 9 3 9 3 9 3 9 3 9 3 9 3 9 3 9 3 10 3 10 3 10 2 10 2 10 3 10 0 0 3 10 3 10 3 10 4 10 4 10 4 10 5 10 5 10 5 10 5 10 5 10 5 10 5 10 6 10 6 10 6 10 6 11 7 11 7 11 8 11 7 11 8 11 7 11 7 11 7 12 7 11 0 0 0 0 0 0 0 0 0 0
1784740899.445854,52879,-44,11,1,6,1,-95,1,620961893,128,0 0 0 0 0 0 0 0 0 0 0 0 -6 -7 -6 -7 -5 -8 -5 -8 -5 -8 -5 -8 -5 -9 -4 -9 -4 -9 -4 -10 -4 -10 -4 -10 -4 -10 -3 -10 -4 -10 -3 -11 -3 -11 -3 -11 -3 -11 -3 -11 -3 -11 -3 -11 -3 -11 -3 -11 -3 -11 -3 -11 0 0 -4 -11 -4 -11 -4 -11 -4 -11 -4 -11 -5 -11 -5 -11 -5 -11 -5 -11 -6 -12 -6 -12 -6 -11 -6 -12 -6 -12 -7 -12 -7 -12 -7 -12 -7 -13 -7 -12 -8 -12 -8 -12 -8 -12 -7 -13 -8 -13 -8 -13 -8 -13 0 0 0 0 0 0 0 0 0 0
1784740899.465969,52880,-42,11,1,6,0,-95,1,620975382,128,0 0 0 0 0 0 0 0 0 0 0 0 -3 7 -3 7 -4 7 -4 7 -4 7 -5 7 -5 7 -5 7 -5 7 -6 7 -6 7 -7 7 -7 7 -7 7 -7 7 -7 7 -7 7 -7 7 -8 6 -7 7 -8 7 -8 7 -8 7 -7 7 -8 7 -8 7 0 0 -8 7 -8 7 -7 7 -8 8 -7 8 -7 8 -7 8 -7 8 -7 8 -7 9 -7 9 -7 9 -7 9 -7 9 -7 10 -7 10 -7 10 -7 10 -7 10 -7 10 -7 10 -7 11 -7 10 -7 10 -7 10 -7 10 0 0 0 0 0 0 0 0 0 0
1784740899.477787,52881,-45,11,1,6,1,-95,1,620981966,128,0 0 0 0 0 0 0 0 0 0 0 0 2 7 2 7 1 7 1 7 1 8 0 7 0 8 0 8 0 8 -1 9 -1 9 -1 9 -2 9 -2 9 -2 9 -2 9 -1 9 -2 10 -2 9 -2 9 -2 10 -2 10 -2 10 -2 10 -2 9 -2 9 0 0 -2 10 -1 10 -1 9 -1 11 -1 10 -1 10 -1 11 -1 11 -1 11 0 12 -1 11 0 11 -1 11 0 11 1 12 0 11 0 13 0 12 1 12 1 13 1 12 1 12 1 13 0 13 0 13 0 13 0 0 0 0 0 0 0 0 0 0
1784740899.477787,52882,-44,11,1,6,1,-95,1,620991877,128,0 0 0 0 0 0 0 0 0 0 0 0 4 -6 4 -7 5 -6 5 -6 5 -6 6 -6 6 -6 6 -6 6 -6 7 -5 7 -6 7 -5 7 -5 8 -5 8 -5 8 -5 8 -5 8 -5 9 -5 8 -5 8 -5 8 -5 9 -5 9 -5 9 -5 9 -5 0 0 9 -6 9 -6 9 -6 9 -6 9 -6 9 -6 9 -7 9 -7 9 -7 9 -7 9 -8 9 -8 9 -8 10 -8 9 -8 10 -9 9 -8 10 -9 10 -9 10 -9 10 -9 10 -9 10 -9 11 -9 10 -9 10 -9 0 0 0 0 0 0 0 0 0 0
1784740899.511886,52883,-42,11,1,6,0,-95,1,621019103,128,0 0 0 0 0 0 0 0 0 0 0 0 -1 -9 -1 -9 0 -10 0 -10 1 -10 1 -10 1 -10 2 -10 2 -11 2 -11 2 -11 2 -11 3 -11 3 -11 3 -12 3 -12 3 -12 3 -12 4 -12 4 -12 4 -12 4 -12 4 -12 4 -12 4 -12 4 -13 0 0 4 -13 4 -13 4 -13 3 -13 3 -13 3 -14 3 -14 3 -14 3 -14 2 -14 2 -15 2 -15 2 -15 2 -15 1 -16 1 -15 2 -16 2 -16 2 -16 1 -16 2 -16 1 -16 1 -17 1 -17 1 -16 1 -17 0 0 0 0 0 0 0 0 0 0
1784740899.511886,52884,-45,11,1,6,1,-95,1,621020174,128,0 0 0 0 0 0 0 0 0 0 0 0 -1 -8 0 -8 0 -9 0 -9 1 -9 1 -9 1 -9 1 -9 1 -9 2 -9 2 -10 2 -10 3 -10 3 -10 3 -10 3 -10 3 -10 3 -10 4 -10 4 -10 4 -10 4 -10 3 -10 4 -10 4 -10 4 -11 0 0 3 -11 3 -11 3 -11 3 -11 3 -11 3 -11 3 -12 3 -12 3 -12 2 -12 2 -12 2 -13 2 -13 2 -13 2 -13 2 -13 2 -13 2 -14 2 -14 2 -14 2 -14 1 -14 2 -14 1 -14 1 -14 2 -15 0 0 0 0 0 0 0 0 0 0
1784740899.511886,52885,-45,11,1,6,1,-95,1,621021878,128,0 0 0 0 0 0 0 0 0 0 0 0 -3 -8 -2 -8 -1 -8 -1 -9 -1 -8 -1 -9 -1 -9 0 -9 0 -10 0 -9 0 -9 1 -10 1 -10 1 -10 1 -10 1 -10 1 -11 1 -10 1 -10 1 -10 1 -11 1 -11 1 -11 2 -10 1 -11 2 -11 0 0 1 -11 1 -11 1 -11 1 -11 1 -11 1 -11 0 -11 0 -12 0 -12 0 -12 0 -12 0 -12 0 -12 -1 -13 -1 -13 -1 -14 -1 -13 -1 -14 -1 -13 -1 -14 -1 -14 -1 -14 -1 -13 -1 -14 -1 -14 -1 -14 0 0 0 0 0 0 0 0 0 0
1784740899.525796,52886,-45,11,1,6,1,-95,1,621031872,128,0 0 0 0 0 0 0 0 0 0 0 0 -8 -1 -8 -2 -8 -2 -8 -3 -8 -3 -8 -3 -8 -3 -8 -4 -8 -4 -8 -4 -8 -4 -8 -4 -8 -5 -9 -5 -9 -5 -8 -6 -9 -6 -8 -6 -9 -6 -8 -6 -9 -6 -8 -6 -9 -6 -8 -6 -9 -6 -9 -6 0 0 -9 -6 -9 -6 -9 -6 -9 -6 -9 -5 -10 -6 -10 -5 -10 -5 -10 -6 -11 -5 -11 -5 -11 -5 -11 -5 -12 -5 -12 -5 -12 -6 -12 -5 -12 -5 -12 -5 -13 -5 -13 -5 -13 -6 -13 -5 -13 -5 -13 -5 -13 -6 0 0 0 0 0 0 0 0 0 0
1784740899.525796,52887,-45,11,1,6,1,-95,1,621041826,128,0 0 0 0 0 0 0 0 0 0 0 0 -7 -4 -7 -4 -7 -5 -7 -5 -7 -5 -6 -5 -7 -6 -7 -6 -7 -6 -7 -7 -6 -7 -6 -7 -7 -7 -7 -7 -7 -7 -7 -8 -7 -7 -7 -8 -7 -8 -7 -8 -7 -8 -7 -8 -7 -8 -7 -8 -7 -8 -7 -8 0 0 -8 -8 -8 -8 -8 -8 -9 -8 -8 -8 -9 -8 -9 -8 -9 -8 -9 -8 -10 -8 -10 -8 -10 -8 -10 -8 -10 -8 -11 -8 -11 -7 -12 -8 -11 -8 -12 -7 -12 -8 -12 -8 -12 -7 -12 -8 -12 -9 -12 -9 -12 -9 0 0 0 0 0 0 0 0 0 0
1784740899.541641,52888,-44,11,1,6,1,-95,1,621051934,128,0 0 0 0 0 0 0 0 0 0 0 0 7 1 7 1 7 2 8 2 7 2 8 3 7 3 8 4 8 4 8 4 8 4 8 4 8 4 8 5 8 5 8 5 8 5 8 5 8 5 8 5 8 6 8 6 8 6 8 5 9 5 9 6 0 0 9 5 9 5 9 5 9 5 9 5 10 5 10 5 10 5 10 5 10 4 11 4 11 4 11 4 12 4 11 4 12 4 12 4 13 3 13 4 13 4 13 4 14 4 13 3 13 3 14 3 14 4 0 0 0 0 0 0 0 0 0 0
1784740899.557783,52889,-44,11,1,6,1,-95,1,621061803,128,0 0 0 0 0 0 0 0 0 0 0 0 6 3 6 4 6 5 6 5 6 5 6 6 6 6 6 6 6 6 5 7 6 7 5 8 5 8 5 8 5 8 5 8 5 8 5 8 5 8 5 9 6 8 5 8 5 9 5 9 5 9 5 8 0 0 6 8 6 8 6 8 6 8 7 8 7 8 7 8 7 8 7 7 8 8 8 9 8 8 8 8 8 8 10 8 9 8 9 9 10 9 10 8 10 8 10 9 10 8 10 9 10 9 10 9 10 9 0 0 0 0 0 0 0 0 0 0
1784740899.557783,52890,-45,11,1,6,1,-95,1,621071890,128,0 0 0 0 0 0 0 0 0 0 0 0 2 7 1 7 1 8 1 8 0 8 0 8 0 9 0 9 0 9 -1 9 -1 9 -2 9 -2 9 -2 9 -2 9 -2 10 -2 9 -2 10 -2 10 -2 10 -2 10 -2 10 -2 10 -2 10 -2 10 -2 10 0 0 -2 10 -1 10 -1 10 -1 11 0 10 -1 11 0 11 0 11 0 11 0 12 0 12 0 12 1 12 1 12 1 13 1 12 1 13 1 13 1 13 2 13 1 13 2 13 1 14 1 14 1 13 1 13 0 0 0 0 0 0 0 0 0 0
1784740899.573984,52891,-45,11,1,6,1,-95,1,621081780,128,0 0 0 0 0 0 0 0 0 0 0 0 -8 -2 -9 -2 -8 -3 -8 -3 -8 -4 -9 -4 -8 -4 -9 -4 -9 -5 -8 -5 -8 -5 -9 -5 -8 -5 -9 -5 -9 -6 -8 -6 -9 -6 -8 -6 -9 -6 -8 -6 -9 -6 -9 -6 -9 -6 -9 -6 -9 -6 -9 -6 0 0 -10 -6 -10 -5 -10 -6 -10 -5 -10 -5 -10 -5 -10 -5 -11 -5 -11 -5 -12 -5 -12 -5 -12 -4 -12 -5 -13 -5 -12 -4 -13 -5 -12 -4 -14 -5 -13 -5 -14 -5 -14 -5 -14 -5 -13 -4 -14 -5 -14 -5 -14 -5 0 0 0 0 0 0 0 0 0 0
1784740899.573984,52892,-45,11,1,6,1,-95,1,621091903,128,0 0 0 0 0 0 0 0 0 0 0 0 1 -8 2 -8 3 -8 3 -8 3 -8 3 -8 3 -8 4 -8 4 -8 4 -8 5 -8 5 -8 5 -8 5 -8 5 -8 6 -8 5 -8 6 -8 6 -8 6 -8 5 -8 6 -8 6 -8 6 -8 6 -8 6 -8 0 0 6 -9 6 -9 6 -9 6 -9 5 -9 5 -10 5 -10 5 -10 5 -10 6 -11 6 -11 5 -11 5 -11 5 -11 5 -12 5 -12 6 -12 6 -12 5 -13 5 -13 5 -13 5 -13 6 -13 6 -13 6 -13 6 -13 0 0 0 0 0 0 0 0 0 0
1784740899.594099,52893,-45,11,1,6,1,-95,1,621101892,128,0 0 0 0 0 0 0 0 0 0 0 0 6 -3 7 -3 7 -2 7 -2 8 -2 8 -2 8 -2 8 -1 8 -1 9 -1 9 -1 9 0 9 0 9 0 9 0 9 0 9 0 9 0 9 0 9 0 9 0 9 0 10 1 9 1 10 1 10 1 0 0 10 0 10 0 10 0 10 0 10 -1 10 0 10 -1 11 -1 11 -1 12 -1 11 -1 11 -2 11 -1 11 -1 12 -2 12 -2 13 -2 13 -2 13 -2 13 -2 13 -2 13 -2 13 -2 13 -2 13 -2 13 -2 0 0 0 0 0 0 0 0 0 0
1784740899.605822,52894,-45,11,1,6,1,-95,1,621111798,128,0 0 0 0 0 0 0 0 0 0 0 0 7 1 7 2 7 2 8 3 7 3 7 3 7 4 8 4 7 4 7 4 7 4 8 5 7 5 7 5 8 6 7 6 7 6 7 6 7 6 7 6 7 6 7 6 7 5 7 6 7 6 8 6 0 0 8 6 8 6 8 6 8 5 8 5 9 5 9 6 9 5 9 6 10 5 10 5 10 5 10 5 11 5 10 5 11 6 11 5 12 5 12 5 12 6 12 5 12 6 11 5 12 5 12 5 13 5 0 0 0 0 0 0 0 0 0 0
1784740899.605822,52895,-45,11,1,6,1,-95,1,621121830,128,0 0 0 0 0 0 0 0 0 0 0 0 0 -8 0 -8 1 -9 1 -8 2 -9 2 -8 2 -9 2 -9 2 -9 3 -9 3 -9 3 -9 3 -9 4 -9 3 -9 4 -9 3 -9 4 -9 4 -9 4 -9 4 -9 4 -9 4 -10 4 -9 4 -9 4 -10 0 0 4 -10 4 -10 3 -10 3 -11 3 -11 3 -11 3 -11 3 -12 3 -12 3 -12 3 -12 3 -12 3 -12 3 -12 3 -14 2 -13 3 -14 3 -14 3 -14 2 -14 3 -14 2 -14 3 -15 3 -15 3 -14 3 -14 0 0 0 0 0 0 0 0 0 0
1784740899.621683,52896,-45,11,1,6,1,-95,1,621131771,128,0 0 0 0 0 0 0 0 0 0 0 0 4 -6 4 -6 4 -6 5 -6 5 -5 6 -6 6 -5 6 -6 6 -5 6 -5 7 -5 7 -5 7 -5 7 -5 8 -5 8 -5 8 -5 8 -5 8 -5 8 -5 8 -5 8 -5 8 -5 8 -5 8 -5 9 -5 0 0 9 -6 8 -6 9 -6 8 -6 9 -6 9 -6 9 -6 9 -7 9 -7 9 -7 9 -7 9 -8 10 -8 10 -8 9 -8 10 -8 10 -8 10 -9 11 -9 10 -9 11 -9 11 -9 10 -8 11 -9 11 -9 11 -9 0 0 0 0 0 0 0 0 0 0
1784740899.637704,52897,-44,11,1,6,1,-95,1,621141849,128,0 0 0 0 0 0 0 0 0 0 0 0 2 -7 3 -7 4 -7 4 -7 4 -7 4 -7 5 -7 5 -7 5 -7 5 -7 6 -7 6 -7 6 -7 6 -7 6 -7 7 -7 7 -7 7 -7 7 -7 7 -6 7 -7 7 -6 7 -7 7 -7 7 -7 7 -7 0 0 7 -7 8 -8 8 -7 8 -8 7 -8 7 -8 8 -8 7 -9 8 -8 8 -9 7 -9 8 -9 8 -9 8 -10 8 -10 9 -10 8 -10 8 -10 8 -11 9 -11 8 -11 9 -11 8 -11 9 -11 8 -11 9 -11 0 0 0 0 0 0 0 0 0 0
1784740899.637704,52898,-45,11,1,6,1,-95,1,621153055,128,0 0 0 0 0 0 0 0 0 0 0 0 6 3 6 4 6 4 6 5 6 5 6 5 6 5 6 6 6 6 5 6 5 7 5 7 5 7 5 7 5 7 5 7 5 8 5 8 5 8 5 8 5 8 5 8 5 8 5 8 5 8 5 8 0 0 6 8 6 8 6 8 6 8 6 8 7 8 7 8 7 8 7 8 7 8 7 9 8 8 8 9 8 9 8 9 9 9 8 9 9 9 9 9 9 9 9 9 9 9 9 9 9 10 9 10 10 10 0 0 0 0 0 0 0 0 0 0
1784740899.653575,52899,-45,11,1,6,1,-95,1,621161864,128,0 0 0 0 0 0 0 0 0 0 0 0 3 6 3 7 3 7 2 7 2 7 2 8 2 8 1 8 1 8 0 8 0 9 0 9 0 9 0 9 0 9 0 9 0 9 0 9 -1 9 0 9 0 9 0 9 0 10 0 9 0 10 0 10 0 0 0 10 0 10 0 10 0 10 0 10 1 10 1 11 1 11 1 11 1 11 1 11 1 12 2 12 2 12 2 12 2 12 2 12 2 13 2 13 2 13 2 13 2 13 2 13 1 13 2 13 2 14 0 0 0 0 0 0 0 0 0 0
1784740899.653575,52900,-45,11,1,6,1,-95,1,621171782,128,0 0 0 0 0 0 0 0 0 0 0 0 -1 7 -1 7 -2 7 -2 7 -2 7 -2 7 -3 7 -3 7 -3 7 -3 7 -3 7 -3 7 -4 7 -4 7 -4 8 -5 7 -5 7 -4 7 -4 8 -5 8 -4 8 -4 7 -4 8 -4 8 -4 8 -4 9 0 0 -4 9 -4 9 -5 9 -4 9 -4 9 -5 10 -4 10 -4 10 -5 10 -3 11 -3 11 -3 11 -4 12 -4 12 -4 12 -4 12 -4 12 -4 12 -4 13 -4 12 -4 13 -4 13 -4 13 -4 13 -3 13 -4 13 0 0 0 0 0 0 0 0 0 0
1784740899.669711,52901,-45,11,1,6,1,-95,1,621181837,128,0 0 0 0 0 0 0 0 0 0 0 0 5 4 5 4 4 5 4 5 4 6 4 5 4 6 4 6 4 6 4 7 4 6 3 7 4 7 3 7 4 7 4 7 4 7 4 8 4 7 4 7 4 7 4 8 5 8 4 8 4 8 4 8 0 0 5 8 6 8 5 8 6 9 5 8 6 9 6 8 6 9 7 9 7 10 7 9 7 9 7 9 7 9 8 9 8 9 8 10 8 10 8 9 9 9 9 10 9 10 9 10 9 10 9 10 9 10 0 0 0 0 0 0 0 0 0 0
1784740899.685847,52902,-44,11,1,6,1,-95,1,621191820,128,0 0 0 0 0 0 0 0 0 0 0 0 0 -8 0 -8 0 -8 1 -8 1 -8 1 -9 2 -9 1 -9 2 -9 2 -9 3 -9 3 -9 3 -9 3 -9 3 -9 3 -9 4 -9 3 -9 4 -10 4 -9 4 -9 4 -10 3 -9 4 -10 4 -10 4 -10 0 0 4 -11 4 -10 4 -11 3 -11 3 -11 3 -11 3 -11 3 -12 3 -12 3 -12 3 -12 3 -12 3 -13 3 -13 3 -13 3 -14 3 -13 3 -14 3 -14 3 -14 3 -14 3 -14 3 -14 3 -14 3 -14 3 -14 0 0 0 0 0 0 0 0 0 0
1784740899.796932,52903,-44,11,1,6,1,-95,1,621295107,128,0 0 0 0 0 0 0 0 0 0 0 0 6 3 5 3 6 4 5 4 6 4 5 4 6 4 6 5 6 5 6 6 6 6 6 6 5 6 5 6 6 6 6 7 6 7 6 7 6 7 6 7 6 7 6 7 6 7 6 7 6 7 6 7 0 0 6 7 7 7 7 7 8 7 7 7 8 7 8 7 8 7 8 7 9 8 9 7 9 7 9 7 9 7 10 7 10 7 10 8 10 8 10 7 11 7 10 8 11 7 11 8 10 8 11 8 11 8 0 0 0 0 0 0 0 0 0 0
1784740899.796932,52904,-44,11,1,7,1,-95,1,621295497,128,0 0 0 0 0 0 0 0 0 0 0 0 6 0 7 0 7 1 7 1 7 1 7 1 7 2 8 2 7 2 8 2 8 3 8 3 8 3 8 3 8 3 8 4 8 4 8 4 9 4 8 4 9 4 8 4 9 4 9 4 9 4 9 4 0 0 9 4 9 4 9 4 10 4 10 4 10 4 10 4 11 4 11 4 11 4 11 4 11 3 11 3 11 4 12 3 12 3 12 3 13 3 12 3 13 3 13 3 13 3 13 3 13 4 13 3 13 3 0 0 0 0 0 0 0 0 0 0
1784740899.796932,52905,-45,11,1,6,1,-95,1,621297049,128,0 0 0 0 0 0 0 0 0 0 0 0 -7 1 -8 1 -8 0 -8 0 -8 0 -8 0 -9 -1 -9 -1 -9 -1 -9 -1 -9 -1 -9 -2 -9 -2 -9 -2 -10 -2 -10 -3 -10 -3 -10 -3 -10 -3 -10 -3 -10 -3 -10 -3 -10 -3 -10 -3 -10 -3 -11 -3 0 0 -11 -3 -11 -3 -11 -3 -11 -2 -11 -2 -12 -2 -12 -2 -12 -2 -12 -2 -13 -2 -12 -2 -13 -1 -13 -1 -13 -2 -13 -1 -14 -1 -13 -2 -14 -1 -14 -1 -14 -1 -14 -1 -14 -1 -14 -1 -14 -2 -14 -1 -15 -1 0 0 0 0 0 0 0 0 0 0
1784740899.796932,52906,-45,11,1,6,1,-95,1,621298527,128,0 0 0 0 0 0 0 0 0 0 0 0 6 0 6 0 7 1 7 1 7 2 7 2 7 2 7 2 7 2 7 3 7 3 7 3 7 4 7 4 8 4 7 4 8 4 8 4 8 5 8 4 8 5 8 4 8 5 8 5 8 5 8 5 0 0 9 5 9 4 9 5 9 5 9 4 9 5 9 4 10 4 10 4 11 4 10 5 11 4 11 4 11 4 11 4 12 4 11 4 12 4 12 4 12 4 12 4 12 4 12 4 12 5 12 5 13 4 0 0 0 0 0 0 0 0 0 0
1784740899.796932,52907,-45,11,1,6,1,-95,1,621299945,128,0 0 0 0 0 0 0 0 0 0 0 0 -8 0 -8 -1 -8 -1 -8 -2 -8 -2 -9 -2 -9 -2 -9 -2 -9 -3 -9 -3 -9 -3 -9 -3 -9 -4 -9 -4 -9 -4 -9 -4 -10 -5 -9 -4 -10 -5 -10 -5 -10 -5 -10 -5 -10 -4 -10 -5 -10 -5 -10 -5 0 0 -11 -5 -10 -5 -11 -5 -11 -4 -11 -4 -11 -5 -11 -4 -12 -4 -12 -4 -12 -4 -12 -4 -12 -4 -13 -4 -13 -4 -13 -4 -14 -4 -13 -4 -14 -4 -14 -4 -14 -4 -14 -4 -14 -4 -14 -4 -14 -4 -14 -4 -15 -4 0 0 0 0 0 0 0 0 0 0
1784740899.796932,52908,-44,11,1,7,1,-95,1,621301893,128,0 0 0 0 0 0 0 0 0 0 0 0 -7 2 -7 2 -7 2 -8 2 -8 1 -8 1 -8 1 -9 1 -9 1 -9 0 -9 0 -9 0 -10 0 -10 -1 -10 0 -10 0 -10 0 -10 -1 -11 -1 -10 -1 -10 -1 -10 -1 -10 0 -10 -1 -10 -1 -11 -1 0 0 -11 0 -11 0 -11 0 -11 0 -11 0 -11 0 -12 1 -12 1 -12 1 -12 1 -13 1 -12 1 -13 1 -13 1 -13 2 -14 2 -13 1 -14 2 -13 2 -14 2 -14 2 -14 2 -14 2 -14 1 -14 2 -15 2 0 0 0 0 0 0 0 0 0 0
1784740899.796932,52909,-45,11,1,7,1,-95,1,621311846,128,0 0 0 0 0 0 0 0 0 0 0 0 -7 -4 -7 -5 -6 -5 -6 -6 -6 -6 -6 -6 -6 -6 -7 -7 -6 -7 -6 -7 -6 -7 -6 -8 -6 -8 -6 -8 -6 -8 -6 -8 -6 -9 -6 -9 -6 -9 -6 -9 -6 -9 -6 -9 -6 -9 -6 -9 -6 -9 -6 -9 0 0 -7 -9 -7 -9 -7 -9 -7 -9 -7 -9 -8 -9 -8 -9 -8 -9 -8 -9 -9 -9 -9 -9 -9 -9 -9 -9 -9 -10 -9 -10 -10 -10 -9 -10 -10 -10 -10 -10 -11 -10 -11 -10 -11 -10 -10 -10 -10 -10 -11 -10 -11 -10 0 0 0 0 0 0 0 0 0 0
1784740899.813023,52910,-44,11,1,7,1,-95,1,621321795,128,0 0 0 0 0 0 0 0 0 0 0 0 4 5 3 5 3 6 3 6 3 7 3 7 3 7 2 7 3 7 2 8 2 8 2 8 1 8 1 9 1 8 1 9 1 9 1 9 1 9 1 9 1 9 1 9 1 10 1 9 1 9 1 10 0 0 2 10 2 10 2 10 2 10 2 10 3 10 3 10 3 10 3 10 4 11 4 11 4 11 4 11 4 11 5 11 5 11 5 12 5 12 5 12 6 12 5 12 6 12 5 13 5 13 5 12 5 12 0 0 0 0 0 0 0 0 0 0
1784740899.813023,52911,-44,11,1,7,1,-95,1,621331858,128,0 0 0 0 0 0 0 0 0 0 0 0 -1 7 -2 7 -2 7 -3 7 -3 7 -3 7 -3 7 -4 7 -4 7 -5 7 -5 7 -5 7 -5 7 -6 8 -6 8 -6 7 -6 8 -6 7 -6 8 -6 8 -6 8 -6 8 -6 8 -6 8 -6 8 -6 8 0 0 -6 8 -6 8 -6 8 -6 9 -6 9 -6 9 -6 9 -6 10 -6 10 -6 10 -6 10 -6 10 -6 11 -6 11 -6 11 -6 12 -6 11 -6 12 -6 12 -6 12 -6 12 -6 13 -6 12 -6 12 -6 13 -6 13 0 0 0 0 0 0 0 0 0 0
1784740899.829087,52912,-45,11,1,7,1,-95,1,621341850,128,0 0 0 0 0 0 0 0 0 0 0 0 1 7 0 7 0 7 0 7 -1 8 -1 8 -1 8 -1 8 -1 8 -2 8 -2 8 -2 9 -3 9 -3 9 -3 9 -3 9 -3 9 -3 9 -4 9 -3 9 -3 9 -3 9 -3 9 -4 9 -4 9 -3 9 0 0 -3 10 -3 10 -3 10 -3 11 -3 10 -3 11 -2 11 -2 11 -2 11 -2 12 -2 12 -2 12 -2 12 -2 12 -2 13 -2 13 -2 13 -2 13 -2 13 -1 14 -2 14 -1 14 -2 14 -2 14 -2 14 -2 14 0 0 0 0 0 0 0 0 0 0
1784740899.844896,52913,-45,11,1,7,1,-95,1,621351789,128,0 0 0 0 0 0 0 0 0 0 0 0 -6 -5 -6 -6 -6 -6 -5 -7 -5 -7 -5 -7 -5 -7 -5 -7 -5 -7 -5 -8 -5 -8 -5 -9 -4 -9 -4 -9 -5 -9 -5 -9 -5 -9 -5 -9 -5 -9 -5 -9 -5 -9 -5 -9 -5 -9 -5 -9 -5 -10 -5 -10 0 0 -5 -10 -6 -10 -6 -10 -6 -10 -6 -10 -6 -10 -7 -10 -7 -10 -7 -10 -7 -10 -8 -10 -8 -10 -8 -10 -8 -10 -9 -10 -9 -11 -9 -11 -9 -11 -9 -11 -9 -11 -9 -11 -10 -11 -9 -11 -9 -12 -9 -11 -9 -12 0 0 0 0 0 0 0 0 0 0
1784740899.844896,52914,-45,11,1,7,1,-95,1,621361848,128,0 0 0 0 0 0 0 0 0 0 0 0 6 1 7 2 6 2 7 3 6 3 7 4 6 4 7 4 7 4 6 4 7 4 7 5 7 5 7 5 7 6 6 6 7 6 7 6 7 6 7 6 7 6 7 7 7 6 7 6 7 6 7 6 0 0 7 7 7 6 8 7 8 6 8 6 8 6 8 6 9 6 9 7 9 6 9 6 10 6 10 6 10 6 10 6 11 6 10 6 11 6 11 6 11 7 11 6 11 7 11 6 11 6 12 7 12 7 0 0 0 0 0 0 0 0 0 0
1784740899.863102,52915,-45,11,1,7,1,-95,1,621371789,128,0 0 0 0 0 0 0 0 0 0 0 0 3 6 3 6 2 7 2 7 2 7 2 7 2 7 2 8 1 8 1 8 1 8 1 8 1 8 0 9 1 9 0 9 0 9 0 9 0 9 0 9 0 9 0 9 0 10 0 10 0 10 0 10 0 0 0 10 0 10 0 10 1 10 1 10 1 10 1 10 1 11 1 11 2 11 2 11 2 11 2 11 2 12 2 12 2 12 2 12 3 12 3 12 3 13 3 13 3 13 3 13 3 13 3 13 3 13 0 0 0 0 0 0 0 0 0 0
1784740899.877163,52916,-45,11,1,7,1,-95,1,621385032,128,0 0 0 0 0 0 0 0 0 0 0 0 6 2 6 2 6 3 6 3 6 3 6 4 6 4 6 4 7 4 6 5 6 5 6 5 6 5 6 6 7 6 7 6 7 6 7 6 6 6 6 6 7 6 7 6 7 7 7 6 6 7 7 7 0 0 7 7 8 6 7 6 8 6 8 6 8 6 8 6 9 6 9 6 9 6 9 6 9 6 10 6 10 6 11 6 11 6 10 7 11 6 11 6 12 6 12 6 12 6 12 7 11 7 12 7 12 7 0 0 0 0 0 0 0 0 0 0
1784740899.881581,52917,-44,11,1,7,1,-95,1,621391816,128,0 0 0 0 0 0 0 0 0 0 0 0 -6 -6 -5 -6 -5 -7 -5 -7 -5 -7 -5 -7 -5 -8 -5 -8 -4 -8 -5 -8 -4 -9 -4 -9 -4 -9 -4 -9 -4 -10 -4 -10 -3 -10 -4 -10 -3 -10 -3 -10 -4 -11 -3 -11 -4 -11 -4 -10 -4 -11 -4 -11 0 0 -4 -11 -4 -11 -4 -11 -4 -11 -4 -11 -4 -11 -5 -11 -5 -12 -5 -12 -6 -12 -5 -12 -6 -12 -6 -12 -6 -12 -6 -12 -6 -13 -6 -13 -6 -12 -6 -13 -7 -13 -7 -13 -7 -13 -7 -13 -7 -14 -7 -14 -7 -14 0 0 0 0 0 0 0 0 0 0
1784740899.893134,52918,-44,11,1,7,1,-95,1,621401900,128,0 0 0 0 0 0 0 0 0 0 0 0 6 2 6 2 6 3 6 3 7 4 6 4 6 4 6 4 7 4 7 5 6 5 6 6 6 6 6 6 7 6 7 6 6 6 7 7 7 6 7 6 7 6 7 6 7 7 7 7 7 7 7 7 0 0 7 7 8 7 7 6 8 6 8 6 9 6 9 6 9 6 9 6 10 7 9 7 10 6 10 6 10 6 11 6 11 6 11 7 11 6 11 6 12 6 12 6 12 6 12 7 11 7 11 7 12 7 0 0 0 0 0 0 0 0 0 0
1784740899.893134,52919,-45,11,1,7,1,-95,1,621411828,128,0 0 0 0 0 0 0 0 0 0 0 0 -2 7 -3 7 -3 7 -4 7 -4 7 -4 7 -4 7 -5 7 -5 7 -5 7 -5 7 -6 7 -6 7 -6 7 -6 7 -6 7 -7 8 -7 7 -7 8 -7 7 -7 7 -7 8 -7 8 -7 8 -7 8 -7 8 0 0 -7 8 -7 8 -7 8 -7 9 -7 9 -7 9 -7 9 -7 9 -7 10 -7 10 -7 10 -6 10 -7 11 -7 11 -7 11 -7 12 -7 11 -7 12 -7 12 -7 12 -7 12 -7 12 -7 12 -7 12 -7 12 -7 12 0 0 0 0 0 0 0 0 0 0
1784740899.908915,52920,-44,11,1,7,1,-95,1,621421832,128,0 0 0 0 0 0 0 0 0 0 0 0 -3 6 -4 6 -4 6 -5 6 -5 6 -5 6 -6 6 -6 6 -6 6 -6 6 -6 6 -6 6 -7 6 -7 6 -8 6 -7 6 -8 6 -8 6 -8 6 -8 6 -8 6 -8 6 -8 6 -8 6 -8 6 -8 7 0 0 -8 7 -8 7 -8 7 -8 7 -8 7 -8 8 -8 7 -8 8 -9 8 -8 9 -7 9 -7 9 -8 10 -8 10 -8 10 -9 10 -8 10 -8 10 -8 10 -9 10 -8 11 -9 11 -8 11 -8 11 -8 11 -8 11 0 0 0 0 0 0 0 0 0 0
1784740899.925271,52921,-44,11,1,7,1,-95,1,621431864,128,0 0 0 0 0 0 0 0 0 0 0 0 7 -2 7 -2 7 -1 7 -1 7 0 7 0 8 0 8 0 8 0 8 1 8 1 8 1 8 1 8 2 8 1 9 2 9 2 9 2 9 2 9 2 9 2 9 2 9 2 9 2 9 2 9 2 0 0 9 2 10 2 10 2 10 1 10 1 10 1 10 1 11 1 11 1 11 1 11 1 11 1 11 1 11 1 12 0 12 0 13 0 13 0 13 0 13 0 13 0 13 0 13 0 13 0 13 0 13 0 0 0 0 0 0 0 0 0 0 0
1784740899.925271,52922,-45,11,1,7,1,-95,1,621441811,128,0 0 0 0 0 0 0 0 0 0 0 0 -5 -6 -5 -6 -5 -7 -4 -7 -4 -7 -4 -8 -4 -8 -4 -8 -4 -8 -4 -8 -3 -9 -3 -9 -3 -9 -3 -9 -3 -10 -3 -9 -3 -10 -3 -10 -3 -10 -3 -10 -3 -10 -3 -10 -3 -10 -2 -10 -3 -10 -3 -11 0 0 -3 -11 -3 -11 -3 -11 -3 -11 -4 -11 -4 -11 -4 -11 -4 -11 -4 -11 -5 -11 -4 -12 -5 -12 -5 -12 -5 -13 -5 -12 -5 -13 -5 -12 -5 -13 -5 -13 -6 -13 -5 -13 -6 -13 -5 -13 -5 -13 -5 -14 -6 -14 0 0 0 0 0 0 0 0 0 0
1784740899.944030,52923,-45,11,1,7,1,-95,1,621451812,128,0 0 0 0 0 0 0 0 0 0 0 0 6 -4 6 -3 7 -3 7 -2 7 -2 7 -2 7 -2 8 -2 8 -1 8 -1 8 -1 8 -1 8 -1 8 -1 9 -1 9 0 9 0 9 0 9 0 9 0 9 0 9 0 9 0 9 0 9 0 10 -1 0 0 10 -1 10 -1 10 0 10 -1 10 -1 11 -1 11 -1 11 -1 11 -1 11 -2 12 -2 11 -2 12 -2 12 -2 12 -2 13 -2 12 -2 13 -2 13 -2 13 -2 13 -2 13 -2 13 -2 13 -2 13 -2 14 -2 0 0 0 0 0 0 0 0 0 0
1784740899.957253,52924,-44,11,1,7,1,-95,1,621461897,128,0 0 0 0 0 0 0 0 0 0 0 0 0 6 0 7 -1 7 -1 7 -1 7 -1 7 -1 7 -2 7 -2 8 -2 8 -2 8 -2 8 -3 8 -3 8 -3 8 -3 9 -3 8 -3 9 -3 9 -3 9 -3 9 -3 9 -3 9 -3 9 -3 9 -3 9 0 0 -3 9 -3 10 -3 10 -3 11 -2 10 -3 10 -2 11 -2 11 -2 11 -2 12 -2 12 -2 12 -2 12 -2 12 -1 13 -2 13 -2 13 -2 13 -2 13 -1 14 -2 13 -1 14 -2 14 -2 14 -2 14 -2 14 0 0 0 0 0 0 0 0 0 0
1784740899.957253,52925,-44,11,1,7,1,-95,1,621471823,128,0 0 0 0 0 0 0 0 0 0 0 0 -6 -4 -7 -4 -6 -5 -6 -5 -6 -5 -6 -6 -6 -6 -6 -6 -6 -7 -6 -7 -6 -7 -6 -7 -6 -7 -6 -8 -6 -8 -6 -8 -6 -8 -6 -8 -6 -8 -6 -8 -6 -8 -6 -9 -6 -8 -6 -9 -6 -9 -7 -9 0 0 -7 -9 -7 -9 -7 -9 -7 -9 -7 -9 -7 -9 -7 -9 -8 -9 -8 -10 -8 -9 -8 -10 -9 -10 -9 -10 -9 -10 -9 -10 -10 -11 -9 -10 -10 -11 -10 -10 -10 -11 -10 -11 -10 -11 -10 -10 -10 -11 -10 -11 -10 -11 0 0 0 0 0 0 0 0 0 0
1784740899.973224,52926,-44,11,1,7,1,-95,1,621481775,128,0 0 0 0 0 0 0 0 0 0 0 0 5 -5 5 -5 6 -5 6 -4 6 -4 7 -4 7 -4 7 -4 7 -4 7 -4 8 -4 8 -4 8 -4 8 -3 8 -3 9 -3 9 -3 9 -3 9 -3 9 -3 9 -3 9 -3 9 -3 9 -3 9 -3 10 -3 0 0 10 -3 10 -3 10 -3 10 -4 10 -4 10 -4 10 -4 11 -5 11 -4 11 -5 11 -5 11 -6 11 -6 11 -6 12 -6 12 -6 12 -5 12 -6 12 -6 12 -6 12 -6 12 -6 12 -6 12 -6 12 -6 13 -6 0 0 0 0 0 0 0 0 0 0
1784740899.973224,52927,-44,11,1,7,1,-95,1,621491809,128,0 0 0 0 0 0 0 0 0 0 0 0 -6 4 -6 3 -7 3 -7 3 -7 3 -7 3 -8 3 -8 3 -8 3 -9 2 -9 2 -9 2 -9 2 -9 2 -9 2 -9 2 -9 2 -10 2 -9 2 -10 2 -10 2 -10 2 -10 2 -10 2 -10 2 -10 2 0 0 -10 3 -10 3 -10 3 -11 3 -10 4 -11 4 -11 4 -11 4 -11 4 -12 5 -12 4 -11 5 -11 5 -11 5 -12 6 -12 6 -12 6 -12 6 -12 6 -12 7 -12 6 -12 7 -13 6 -13 6 -13 6 -12 6 0 0 0 0 0 0 0 0 0 0
1784740899.991634,52928,-44,11,1,7,1,-95,1,621501905,128,0 0 0 0 0 0 0 0 0 0 0 0 1 -7 2 -8 2 -7 3 -7 3 -7 3 -8 4 -7 4 -7 4 -8 4 -7 4 -8 4 -8 5 -8 5 -8 5 -8 5 -8 6 -8 5 -8 6 -8 6 -8 6 -8 6 -8 5 -8 6 -8 6 -9 6 -9 0 0 6 -9 6 -9 6 -9 6 -9 6 -10 6 -10 6 -10 6 -10 6 -10 5 -11 6 -11 5 -11 6 -11 6 -12 6 -11 6 -12 6 -11 6 -12 6 -12 6 -12 6 -13 6 -12 6 -12 6 -13 6 -13 6 -13 0 0 0 0 0 0 0 0 0 0
1784740900.005179,52929,-45,11,1,7,1,-95,1,621511884,128,0 0 0 0 0 0 0 0 0 0 0 0 1 -8 1 -8 2 -8 2 -7 3 -8 3 -7 3 -8 3 -8 3 -8 4 -8 4 -8 4 -8 4 -8 5 -8 4 -8 5 -8 5 -8 5 -9 5 -8 5 -9 5 -9 5 -9 5 -9 6 -9 6 -9 6 -9 0 0 5 -9 6 -10 5 -9 6 -10 5 -10 5 -10 5 -11 5 -11 5 -11 6 -12 6 -12 5 -12 5 -12 5 -12 5 -13 5 -12 6 -13 6 -13 6 -13 6 -13 6 -13 6 -13 6 -14 6 -13 6 -13 6 -13 0 0 0 0 0 0 0 0 0 0
1784740900.021094,52930,-45,11,1,7,1,-95,1,621522794,128,0 0 0 0 0 0 0 0 0 0 0 0 -3 6 -4 6 -4 6 -5 6 -5 6 -5 6 -5 5 -6 6 -6 6 -6 6 -6 6 -7 6 -7 6 -7 6 -7 6 -7 5 -8 6 -8 5 -8 6 -8 6 -8 6 -8 6 -8 6 -8 6 -8 6 -9 6 0 0 -9 6 -9 6 -9 7 -8 7 -8 7 -9 7 -9 7 -8 8 -9 8 -9 8 -9 8 -9 9 -9 9 -9 9 -9 9 -10 9 -9 9 -10 10 -10 10 -9 10 -10 10 -10 10 -9 10 -10 10 -10 10 -10 10 0 0 0 0 0 0 0 0 0 0
1784740900.021094,52931,-45,11,1,7,1,-95,1,621531871,128,0 0 0 0 0 0 0 0 0 0 0 0 -7 1 -8 1 -8 0 -8 0 -8 0 -9 0 -9 0 -9 0 -9 -1 -9 -1 -9 -1 -9 -1 -9 -2 -10 -2 -10 -2 -10 -2 -10 -2 -10 -2 -10 -3 -10 -3 -11 -2 -11 -3 -11 -2 -11 -3 -11 -3 -11 -3 0 0 -11 -3 -11 -3 -12 -3 -11 -2 -12 -2 -12 -2 -12 -2 -12 -2 -12 -2 -13 -2 -13 -2 -13 -1 -14 -2 -14 -1 -14 -1 -14 -2 -14 -1 -14 -1 -14 -1 -15 -1 -15 -1 -15 -2 -14 -1 -15 -1 -15 -1 -15 -1 0 0 0 0 0 0 0 0 0 0
1784740900.037172,52932,-44,11,1,7,1,-95,1,621544375,128,0 0 0 0 0 0 0 0 0 0 0 0 7 -1 7 0 7 0 7 1 7 1 7 1 7 1 8 1 8 2 8 2 8 2 8 2 8 2 8 3 8 3 8 3 9 3 8 3 8 3 8 3 9 3 9 3 9 3 9 3 9 3 9 3 0 0 9 3 10 3 10 3 10 3 10 3 10 3 10 2 11 2 11 3 11 2 11 2 11 2 12 2 12 2 12 2 12 2 12 2 12 2 13 2 13 2 13 2 13 2 13 2 13 2 13 2 14 2 0 0 0 0 0 0 0 0 0 0
1784740900.037172,52933,-44,11,1,7,1,-95,1,621551899,128,0 0 0 0 0 0 0 0 0 0 0 0 0 -7 0 -8 1 -8 1 -8 1 -8 2 -8 2 -8 2 -8 2 -8 2 -8 3 -8 3 -9 3 -9 3 -9 4 -9 4 -9 4 -9 4 -9 4 -9 4 -9 4 -9 4 -9 4 -9 4 -9 4 -9 4 -10 0 0 5 -10 4 -10 4 -10 4 -10 4 -11 4 -11 4 -11 4 -11 4 -11 4 -12 4 -12 4 -12 4 -12 4 -12 4 -12 4 -13 4 -13 4 -13 4 -13 4 -14 4 -13 4 -14 4 -13 5 -14 4 -14 5 -14 0 0 0 0 0 0 0 0 0 0
1784740900.056372,52934,-45,11,1,7,1,-95,1,621562136,128,0 0 0 0 0 0 0 0 0 0 0 0 -6 -5 -6 -6 -5 -6 -5 -7 -5 -7 -5 -7 -5 -7 -5 -7 -4 -8 -4 -8 -4 -8 -4 -8 -4 -8 -4 -9 -4 -9 -4 -9 -4 -9 -4 -9 -4 -10 -4 -10 -4 -10 -4 -10 -4 -10 -4 -10 -4 -10 -4 -10 0 0 -5 -11 -5 -10 -4 -11 -5 -10 -5 -10 -5 -11 -5 -11 -6 -11 -6 -11 -6 -11 -6 -11 -7 -11 -7 -11 -7 -12 -7 -12 -7 -12 -7 -12 -7 -12 -7 -12 -7 -12 -8 -12 -8 -13 -7 -12 -8 -13 -8 -13 -8 -13 0 0 0 0 0 0 0 0 0 0
1784740900.056372,52935,-44,11,1,7,1,-95,1,621572045,128,0 0 0 0 0 0 0 0 0 0 0 0 -4 6 -4 5 -4 6 -5 6 -5 6 -5 5 -5 6 -5 6 -5 6 -6 6 -7 5 -7 5 -7 5 -7 5 -7 5 -7 6 -7 6 -8 6 -8 6 -8 6 -8 6 -8 6 -8 6 -8 6 -8 6 -8 6 0 0 -8 6 -8 7 -8 6 -9 7 -8 7 -8 7 -8 8 -8 8 -8 8 -9 9 -8 8 -8 8 -8 8 -8 8 -9 10 -8 9 -9 10 -9 10 -9 10 -9 10 -9 10 -8 10 -10 10 -10 10 -10 10 -9 10 0 0 0 0 0 0 0 0 0 0
1784740900.068886,52936,-44,11,1,7,1,-95,1,621581813,128,0 0 0 0 0 0 0 0 0 0 0 0 -3 -7 -3 -8 -3 -8 -3 -8 -2 -8 -2 -8 -2 -8 -2 -8 -2 -9 -1 -9 -1 -9 -1 -9 -1 -9 -1 -10 -1 -10 -1 -10 -1 -10 -1 -10 -1 -11 -1 -10 -1 -10 -1 -11 -1 -10 0 -11 -1 -11 -1 -11 0 0 -1 -11 -1 -11 -1 -12 -1 -11 -2 -12 -2 -12 -2 -11 -2 -12 -2 -12 -3 -12 -2 -13 -3 -13 -2 -13 -3 -13 -3 -13 -3 -14 -3 -13 -3 -14 -3 -14 -4 -14 -3 -14 -4 -14 -3 -14 -3 -14 -3 -14 -3 -15 0 0 0 0 0 0 0 0 0 0
1784740900.084866,52937,-45,11,1,7,1,-95,1,621591796,128,0 0 0 0 0 0 0 0 0 0 0 0 -6 3 -7 3 -7 2 -8 2 -8 2 -8 2 -8 2 -8 2 -8 1 -8 2 -9 1 -9 1 -9 1 -9 1 -10 1 -9 0 -10 1 -10 1 -10 1 -10 1 -10 1 -10 0 -10 1 -10 1 -10 1 -11 1 0 0 -11 1 -11 1 -12 1 -11 1 -11 1 -12 2 -12 2 -12 2 -12 2 -12 3 -12 2 -12 3 -13 3 -13 3 -13 3 -13 3 -13 3 -14 3 -14 3 -14 3 -14 3 -14 3 -14 3 -14 4 -14 4 -14 4 0 0 0 0 0 0 0 0 0 0
1784740900.091819,52938,-45,11,1,7,1,-95,1,621602363,128,0 0 0 0 0 0 0 0 0 0 0 0 6 1 6 2 6 3 6 3 6 3 6 3 6 3 6 4 6 4 6 4 6 4 7 4 7 4 7 5 7 5 6 5 7 6 7 5 7 6 7 6 7 6 7 6 7 6 7 6 7 6 8 6 0 0 8 6 8 6 8 7 8 6 8 6 8 6 8 6 9 6 9 7 10 6 10 6 10 6 10 7 10 7 10 7 11 7 10 7 11 7 11 7 11 7 11 7 11 8 11 7 11 7 11 7 12 7 0 0 0 0 0 0 0 0 0 0
1784740900.101024,52939,-44,11,1,7,1,-95,1,621614899,128,0 0 0 0 0 0 0 0 0 0 0 0 6 1 6 1 6 2 6 2 6 2 6 2 6 2 6 3 6 3 7 3 7 3 7 4 7 4 7 4 7 4 7 4 7 4 7 4 8 4 8 4 8 5 8 5 8 5 8 5 8 5 8 5 0 0 9 5 9 5 9 5 9 5 9 5 9 4 9 4 10 4 10 5 11 4 10 4 11 4 11 4 11 4 11 4 12 4 11 5 12 4 12 4 12 4 12 4 12 5 12 4 12 4 12 4 13 4 0 0 0 0 0 0 0 0 0 0
1784740900.117057,52940,-44,11,1,7,1,-95,1,621621861,128,0 0 0 0 0 0 0 0 0 0 0 0 6 -1 6 -1 7 0 7 0 7 0 7 0 7 0 7 0 7 1 8 1 8 1 8 1 8 2 8 2 8 2 8 2 8 2 9 2 9 3 9 3 9 3 9 3 9 3 9 3 9 3 10 3 0 0 10 3 10 3 10 3 10 3 10 3 10 2 10 2 11 2 11 2 12 2 11 2 12 2 12 2 12 2 13 2 13 2 12 2 13 2 13 2 13 2 13 2 14 2 13 2 13 3 14 2 14 3 0 0 0 0 0 0 0 0 0 0
1784740900.117057,52941,-44,11,1,7,1,-95,1,621631800,128,0 0 0 0 0 0 0 0 0 0 0 0 -1 6 -2 6 -2 6 -2 6 -3 7 -3 7 -3 7 -3 7 -4 7 -4 7 -4 7 -4 7 -5 7 -5 7 -5 7 -5 8 -5 8 -5 8 -5 8 -5 8 -5 8 -5 8 -6 8 -6 8 -6 8 -6 8 0 0 -6 8 -6 9 -5 9 -5 9 -5 9 -5 10 -5 10 -5 10 -5 10 -5 11 -5 11 -5 11 -5 11 -5 11 -5 12 -5 12 -5 12 -5 12 -5 12 -4 12 -5 12 -4 12 -5 13 -5 13 -5 12 -5 13 0 0 0 0 0 0 0 0 0 0
1784740900.133078,52942,-44,11,1,7,1,-95,1,621641875,128,0 0 0 0 0 0 0 0 0 0 0 0 -6 3 -7 3 -7 3 -8 3 -8 2 -8 2 -8 2 -8 2 -9 2 -9 2 -9 2 -9 1 -10 1 -10 1 -10 1 -10 1 -10 1 -10 1 -11 1 -10 1 -11 1 -11 1 -10 1 -11 1 -11 0 -11 1 0 0 -11 1 -11 1 -11 1 -11 2 -11 2 -11 2 -11 2 -12 2 -12 2 -12 3 -12 3 -12 3 -12 3 -13 3 -13 3 -13 4 -13 3 -13 4 -13 4 -14 4 -13 4 -14 4 -13 4 -14 4 -14 4 -14 4 0 0 0 0 0 0 0 0 0 0
1784740900.133078,52943,-44,11,1,7,1,-95,1,621651795,128,0 0 0 0 0 0 0 0 0 0 0 0 -5 6 -5 5 -6 5 -6 5 -6 5 -6 5 -7 5 -7 5 -7 5 -8 5 -8 4 -8 4 -8 4 -9 4 -9 4 -9 4 -9 4 -9 4 -9 4 -9 4 -9 4 -9 4 -10 4 -10 4 -10 4 -10 4 0 0 -10 4 -10 5 -10 5 -10 5 -10 5 -10 5 -10 5 -10 6 -10 6 -10 6 -10 6 -10 6 -10 6 -10 7 -11 7 -11 7 -11 7 -11 7 -11 8 -11 8 -11 8 -11 8 -12 8 -12 8 -12 8 -12 8 0 0 0 0 0 0 0 0 0 0
1784740900.148959,52944,-45,11,1,7,1,-95,1,621661876,128,0 0 0 0 0 0 0 0 0 0 0 0 6 -3 7 -3 7 -2 7 -2 7 -2 8 -1 8 -1 8 -1 8 -1 8 -1 8 0 8 0 8 0 8 0 8 0 8 0 9 0 9 0 9 0 9 0 9 0 9 0 9 0 9 1 9 0 9 0 0 0 9 0 10 0 10 0 10 -1 10 -1 10 -1 10 -1 10 -1 10 -1 11 -2 11 -2 11 -2 11 -2 11 -2 12 -3 12 -3 12 -2 13 -3 12 -3 13 -3 13 -3 12 -3 13 -3 13 -2 13 -3 13 -3 0 0 0 0 0 0 0 0 0 0
1784740900.165007,52945,-45,11,1,7,1,-95,1,621671789,128,0 0 0 0 0 0 0 0 0 0 0 0 -5 5 -5 5 -6 5 -6 5 -7 5 -7 5 -7 5 -7 5 -8 4 -8 5 -8 4 -8 4 -8 4 -9 4 -9 4 -9 4 -9 4 -9 4 -9 4 -9 4 -9 4 -10 4 -10 4 -10 4 -10 4 -10 4 0 0 -10 5 -10 5 -10 5 -10 5 -10 5 -10 6 -10 6 -10 6 -10 6 -11 7 -11 7 -11 7 -11 7 -11 7 -11 8 -11 8 -11 8 -12 8 -11 8 -12 8 -12 8 -12 8 -12 8 -12 8 -12 8 -12 8 0 0 0 0 0 0 0 0 0 0
1784740900.165007,52946,-45,11,1,7,1,-95,1,621681855,128,0 0 0 0 0 0 0 0 0 0 0 0 -2 7 -2 7 -3 7 -3 7 -3 7 -3 7 -4 7 -4 7 -4 7 -5 7 -5 7 -5 7 -5 7 -5 7 -5 7 -6 7 -6 7 -6 7 -6 8 -6 8 -6 8 -6 8 -6 8 -6 8 -6 8 -6 8 0 0 -6 9 -6 9 -6 9 -5 9 -5 9 -5 9 -5 10 -5 10 -5 10 -5 11 -5 11 -5 11 -5 11 -5 11 -5 12 -5 12 -5 12 -5 12 -5 12 -5 13 -5 13 -5 13 -5 13 -6 13 -5 13 -6 13 0 0 0 0 0 0 0 0 0 0
1784740900.184835,52947,-45,11,1,6,1,-95,1,621693485,128,0 0 0 0 0 0 0 0 0 0 0 0 -7 -3 -7 -4 -7 -4 -7 -4 -7 -5 -7 -5 -7 -5 -7 -5 -7 -5 -7 -6 -7 -6 -7 -6 -7 -7 -7 -7 -7 -7 -7 -7 -7 -7 -7 -7 -7 -7 -7 -7 -7 -7 -7 -7 -7 -8 -7 -8 -7 -8 -7 -8 0 0 -8 -8 -8 -8 -8 -8 -8 -8 -8 -8 -8 -8 -9 -8 -9 -8 -9 -8 -10 -8 -9 -8 -10 -8 -10 -8 -10 -8 -10 -9 -10 -8 -11 -9 -11 -9 -11 -8 -11 -8 -11 -8 -11 -9 -11 -9 -11 -10 -11 -9 -12 -9 0 0 0 0 0 0 0 0 0 0
1784740900.196887,52948,-44,11,1,7,1,-95,1,621701969,128,0 0 0 0 0 0 0 0 0 0 0 0 -7 2 -7 2 -7 1 -8 1 -8 1 -8 1 -8 1 -9 0 -9 0 -9 0 -9 0 -9 0 -9 0 -10 0 -10 0 -10 -1 -10 -1 -10 -1 -11 -1 -10 -1 -11 -1 -11 -1 -11 -1 -11 -1 -11 -1 -11 -1 0 0 -11 -1 -12 0 -12 -1 -12 0 -12 0 -12 0 -12 0 -12 0 -12 0 -13 0 -13 1 -13 1 -13 1 -14 1 -13 1 -14 1 -13 1 -14 1 -14 1 -14 1 -15 1 -14 1 -14 1 -14 2 -15 2 -15 2 0 0 0 0 0 0 0 0 0 0
1784740900.196887,52949,-44,11,1,6,1,-95,1,621715692,128,0 0 0 0 0 0 0 0 0 0 0 0 4 -6 4 -6 4 -6 5 -6 5 -6 5 -6 6 -6 6 -6 6 -6 6 -6 6 -5 7 -5 7 -5 7 -5 7 -6 8 -5 8 -6 8 -5 8 -5 8 -5 8 -6 8 -6 8 -6 9 -5 9 -6 9 -6 0 0 9 -6 9 -6 9 -6 9 -6 9 -7 9 -7 9 -7 9 -7 9 -7 9 -8 9 -8 9 -8 9 -8 10 -8 9 -9 10 -9 10 -8 10 -9 10 -9 10 -9 10 -9 10 -9 10 -9 10 -9 10 -9 11 -10 0 0 0 0 0 0 0 0 0 0
1784740900.213002,52950,-44,11,1,7,1,-95,1,621721841,128,0 0 0 0 0 0 0 0 0 0 0 0 -7 -2 -8 -2 -8 -2 -8 -3 -8 -3 -8 -3 -8 -3 -8 -4 -8 -4 -8 -4 -8 -5 -8 -5 -8 -5 -8 -5 -9 -6 -9 -6 -9 -6 -9 -6 -9 -6 -9 -6 -9 -6 -9 -6 -9 -6 -9 -7 -9 -7 -9 -7 0 0 -9 -7 -9 -7 -10 -7 -10 -7 -10 -7 -10 -7 -10 -6 -11 -6 -11 -7 -11 -7 -11 -7 -11 -7 -11 -7 -12 -7 -12 -7 -12 -7 -12 -7 -13 -7 -13 -7 -13 -7 -13 -7 -13 -7 -13 -7 -13 -7 -13 -7 -13 -7 0 0 0 0 0 0 0 0 0 0
1784740900.229009,52951,-45,11,1,7,1,-95,1,621731874,128,0 0 0 0 0 0 0 0 0 0 0 0 4 6 3 6 3 7 3 7 2 7 3 7 2 7 2 8 2 8 2 8 2 8 2 9 2 9 1 9 1 9 1 9 1 9 1 10 1 10 1 10 1 10 1 10 1 10 1 10 1 10 1 10 0 0 2 10 1 11 1 11 2 11 2 10 2 11 2 11 3 11 2 11 4 11 3 12 4 12 4 12 4 12 4 12 4 12 4 12 4 12 4 13 4 13 5 13 5 13 5 13 4 13 5 13 5 13 0 0 0 0 0 0 0 0 0 0
1784740900.229009,52952,-44,11,1,7,1,-95,1,621741790,128,0 0 0 0 0 0 0 0 0 0 0 0 -6 4 -6 4 -7 4 -7 3 -7 3 -7 3 -8 3 -8 3 -8 3 -9 3 -9 2 -9 2 -9 2 -9 2 -9 2 -10 2 -10 2 -10 3 -10 2 -10 3 -10 2 -10 3 -10 2 -10 2 -10 2 -11 2 0 0 -11 3 -11 3 -10 3 -11 3 -11 4 -11 4 -11 4 -11 4 -11 4 -12 5 -12 5 -12 5 -12 5 -11 5 -12 6 -12 6 -12 6 -12 6 -12 6 -12 7 -12 6 -12 7 -13 6 -13 6 -13 6 -13 6 0 0 0 0 0 0 0 0 0 0
1784740900.245150,52953,-44,11,1,7,1,-95,1,621751792,128,0 0 0 0 0 0 0 0 0 0 0 0 -6 3 -7 3 -7 3 -7 2 -8 2 -8 2 -8 2 -8 2 -9 2 -8 2 -9 1 -9 2 -9 1 -9 1 -10 1 -10 1 -10 1 -10 1 -10 1 -10 1 -10 1 -10 1 -10 1 -10 1 -10 1 -11 1 0 0 -11 1 -11 1 -11 1 -11 1 -11 1 -11 2 -11 2 -11 2 -12 2 -12 3 -12 2 -12 3 -12 3 -12 3 -12 3 -13 3 -13 3 -13 3 -13 3 -13 4 -13 3 -13 4 -13 3 -14 3 -14 4 -14 3 0 0 0 0 0 0 0 0 0 0
1784740900.261166,52954,-44,11,1,7,1,-95,1,621761849,128,0 0 0 0 0 0 0 0 0 0 0 0 6 3 6 4 6 4 5 5 5 5 5 5 5 5 5 5 6 6 5 6 5 6 5 6 5 6 5 7 6 7 5 7 5 7 5 8 5 8 5 8 6 8 5 8 6 8 5 8 6 8 6 8 0 0 6 8 6 8 6 9 7 8 7 8 7 8 7 8 7 8 8 8 8 9 8 8 9 8 8 8 9 9 9 9 9 9 9 9 9 9 10 9 10 9 10 9 10 9 10 9 10 9 10 9 10 10 0 0 0 0 0 0 0 0 0 0
1784740900.261166,52955,-45,11,1,7,1,-95,1,621771891,128,0 0 0 0 0 0 0 0 0 0 0 0 6 -3 6 -3 7 -3 7 -3 7 -2 7 -3 7 -2 7 -2 7 -2 8 -2 8 -2 8 -1 8 -1 8 -1 9 -1 9 -1 9 -1 9 -1 9 -1 9 -1 9 -1 9 -1 10 -1 10 -1 9 -1 10 -1 0 0 10 -1 10 -2 10 -1 11 -2 10 -2 10 -2 10 -2 11 -2 11 -3 12 -3 11 -3 11 -3 11 -3 11 -3 12 -4 12 -4 13 -4 12 -4 12 -4 13 -4 13 -4 13 -4 13 -4 13 -4 13 -4 13 -4 0 0 0 0 0 0 0 0 0 0
1784740900.277203,52956,-45,11,1,7,1,-95,1,621781862,128,0 0 0 0 0 0 0 0 0 0 0 0 -8 0 -8 0 -8 -1 -8 -1 -8 -1 -8 -1 -8 -2 -9 -2 -9 -2 -9 -2 -9 -2 -9 -3 -9 -3 -10 -3 -10 -3 -9 -4 -10 -4 -10 -4 -10 -4 -10 -4 -10 -4 -10 -4 -10 -4 -10 -4 -11 -4 -11 -4 0 0 -11 -4 -11 -4 -11 -4 -11 -4 -11 -4 -12 -4 -11 -4 -12 -3 -12 -4 -13 -3 -13 -3 -13 -3 -13 -3 -14 -3 -13 -3 -14 -3 -13 -3 -14 -3 -14 -3 -14 -3 -15 -3 -15 -3 -15 -3 -15 -3 -15 -3 -15 -3 0 0 0 0 0 0 0 0 0 0
1784740900.277203,52957,-44,11,1,7,1,-95,1,621794540,128,0 0 0 0 0 0 0 0 0 0 0 0 -1 -7 0 -8 1 -8 1 -8 1 -8 1 -8 2 -8 2 -8 2 -8 2 -9 2 -9 2 -9 3 -9 3 -9 3 -9 4 -9 4 -9 4 -9 4 -9 4 -9 4 -9 4 -9 4 -10 4 -10 4 -10 4 -10 0 0 4 -10 4 -10 5 -10 4 -10 4 -10 4 -11 4 -11 4 -11 5 -11 4 -12 4 -12 4 -12 4 -12 4 -12 4 -12 4 -13 4 -13 4 -13 5 -13 5 -13 5 -13 5 -13 4 -14 4 -14 4 -14 4 -14 0 0 0 0 0 0 0 0 0 0
1784740900.293427,52958,-44,11,1,7,1,-95,1,621801761,128,0 0 0 0 0 0 0 0 0 0 0 0 -7 2 -7 2 -8 1 -8 1 -8 1 -8 1 -8 1 -8 1 -9 1 -9 0 -9 0 -9 0 -9 0 -10 -1 -9 0 -10 -1 -10 -1 -10 -1 -10 -1 -10 -1 -10 -1 -10 -1 -11 -1 -11 -1 -11 -1 -11 -1 0 0 -11 -1 -11 -1 -11 -1 -12 0 -11 0 -12 0 -12 0 -12 0 -12 1 -13 1 -13 1 -13 1 -12 1 -13 1 -14 1 -13 1 -14 1 -14 1 -14 1 -14 2 -14 2 -14 2 -15 1 -15 1 -15 1 -15 1 0 0 0 0 0 0 0 0 0 0
1784740900.293427,52959,-44,11,1,7,1,-95,1,621811850,128,0 0 0 0 0 0 0 0 0 0 0 0 -4 6 -4 5 -5 6 -5 5 -5 5 -6 5 -6 5 -6 5 -6 5 -7 5 -7 6 -7 5 -7 5 -7 6 -7 6 -8 5 -8 5 -8 5 -8 5 -8 5 -9 5 -9 5 -9 6 -8 6 -8 6 -8 6 0 0 -9 6 -9 6 -9 6 -9 7 -8 7 -9 7 -9 7 -9 7 -9 7 -9 8 -9 8 -9 9 -9 9 -9 9 -9 9 -9 9 -10 9 -9 9 -10 9 -10 10 -10 10 -10 10 -10 10 -10 10 -10 10 -10 11 0 0 0 0 0 0 0 0 0 0
1784740900.309640,52960,-44,11,1,7,1,-95,1,621821919,128,0 0 0 0 0 0 0 0 0 0 0 0 6 1 6 1 6 2 6 2 6 2 7 2 7 2 7 2 7 3 7 3 7 3 7 4 7 4 7 4 7 4 7 4 7 4 8 4 7 5 8 4 8 4 8 4 8 5 8 5 8 5 8 5 0 0 9 5 9 5 8 5 9 4 9 4 9 4 10 4 10 4 10 4 11 4 11 4 11 4 11 4 11 4 12 4 12 4 12 4 12 4 12 4 13 4 13 4 13 4 13 4 13 5 13 4 13 4 0 0 0 0 0 0 0 0 0 0
1784740900.325681,52961,-44,11,1,7,1,-95,1,621831754,128,0 0 0 0 0 0 0 0 0 0 0 0 4 -6 4 -6 4 -6 5 -6 5 -5 5 -6 5 -6 5 -6 6 -6 6 -6 6 -5 7 -5 7 -5 7 -5 7 -6 7 -5 7 -5 8 -5 8 -5 8 -5 8 -6 8 -6 8 -6 8 -5 8 -5 8 -6 0 0 8 -6 8 -6 8 -6 8 -7 8 -7 9 -7 8 -7 8 -7 9 -7 9 -8 9 -8 9 -8 9 -8 9 -9 9 -9 9 -9 9 -9 10 -9 10 -9 10 -10 10 -10 10 -10 10 -10 10 -10 10 -10 10 -10 0 0 0 0 0 0 0 0 0 0
1784740900.325681,52962,-45,11,1,7,1,-95,1,621843655,128,0 0 0 0 0 0 0 0 0 0 0 0 6 -4 6 -4 7 -3 7 -3 7 -3 7 -2 7 -3 7 -3 8 -3 8 -2 8 -2 8 -2 9 -2 9 -2 9 -2 9 -2 9 -2 9 -2 9 -2 10 -2 10 -2 10 -2 10 -2 10 -1 10 -1 10 -2 0 0 10 -2 11 -3 10 -2 11 -3 10 -3 11 -3 11 -3 11 -3 11 -4 12 -4 12 -4 12 -4 11 -4 12 -4 12 -5 12 -5 13 -5 13 -5 12 -5 13 -6 13 -5 13 -5 14 -5 13 -5 13 -5 13 -5 0 0 0 0 0 0 0 0 0 0
1784740900.343718,52963,-44,11,1,7,1,-95,1,621851872,128,0 0 0 0 0 0 0 0 0 0 0 0 -2 -7 -2 -7 -1 -8 -1 -8 -1 -8 -1 -8 0 -8 0 -8 0 -9 0 -9 0 -9 0 -9 0 -9 1 -10 1 -10 1 -10 1 -10 1 -10 1 -10 1 -10 1 -10 1 -10 1 -10 2 -10 2 -10 1 -11 0 0 1 -11 2 -11 1 -11 1 -11 1 -11 1 -12 1 -12 0 -12 1 -12 0 -13 1 -13 0 -13 0 -13 0 -13 0 -14 0 -14 0 -13 0 -14 0 -14 0 -14 0 -14 0 -15 0 -14 0 -15 0 -15 0 -15 0 0 0 0 0 0 0 0 0 0
1784740900.357795,52964,-44,11,1,7,1,-95,1,621861842,128,0 0 0 0 0 0 0 0 0 0 0 0 -7 -2 -7 -2 -8 -3 -7 -3 -7 -3 -8 -3 -8 -3 -8 -3 -8 -3 -8 -4 -8 -4 -8 -5 -8 -5 -8 -5 -8 -5 -9 -5 -9 -5 -9 -5 -9 -6 -9 -5 -9 -5 -9 -5 -9 -6 -9 -6 -9 -6 -9 -6 0 0 -10 -6 -10 -5 -10 -6 -11 -6 -10 -5 -11 -5 -11 -5 -11 -5 -11 -5 -12 -5 -12 -6 -12 -5 -11 -5 -12 -5 -13 -5 -13 -5 -13 -5 -13 -5 -13 -5 -14 -5 -14 -5 -14 -4 -14 -6 -14 -6 -14 -6 -14 -6 0 0 0 0 0 0 0 0 0 0
1784740900.357795,52965,-45,11,1,7,1,-95,1,621871886,128,0 0 0 0 0 0 0 0 0 0 0 0 5 3 6 3 5 4 5 4 5 4 5 4 5 4 6 5 6 5 6 5 5 5 5 6 5 6 6 6 6 6 6 7 6 7 6 7 6 7 6 7 6 7 6 7 6 7 6 7 6 7 6 8 0 0 7 8 7 8 7 8 7 7 7 7 8 7 7 7 8 7 8 8 9 8 9 8 9 7 9 8 9 8 9 8 10 8 9 8 10 8 10 8 10 8 11 8 11 8 10 8 10 9 11 8 11 8 0 0 0 0 0 0 0 0 0 0
1784740900.377913,52966,-45,11,1,7,1,-95,1,621881803,128,0 0 0 0 0 0 0 0 0 0 0 0 2 6 2 6 2 7 1 7 1 7 1 7 1 7 1 7 1 8 1 8 0 8 0 8 0 8 0 8 0 9 0 9 0 9 0 9 0 9 0 9 0 9 0 10 0 10 -1 10 -1 10 -1 10 0 0 0 10 0 11 0 10 0 11 0 10 0 11 1 11 1 11 1 11 1 12 1 12 1 12 1 12 1 12 2 13 2 12 1 13 1 13 2 13 2 13 2 13 2 13 2 14 1 13 2 14 2 14 0 0 0 0 0 0 0 0 0 0
1784740900.389654,52967,-44,11,1,7,1,-95,1,621891810,128,0 0 0 0 0 0 0 0 0 0 0 0 5 -4 5 -4 6 -4 6 -4 6 -4 7 -4 7 -4 7 -3 7 -4 8 -3 8 -3 8 -3 8 -3 8 -3 9 -3 9 -3 9 -3 9 -3 9 -3 9 -3 9 -3 9 -3 10 -2 10 -2 10 -2 10 -3 0 0 10 -3 10 -3 10 -3 10 -3 10 -3 11 -3 10 -4 11 -4 10 -4 11 -4 11 -4 11 -5 11 -4 11 -5 11 -6 12 -5 12 -5 12 -5 12 -5 12 -6 12 -5 12 -6 12 -6 13 -5 13 -6 13 -6 0 0 0 0 0 0 0 0 0 0
1784740900.392834,52968,-44,11,1,7,1,-95,1,621901750,128,0 0 0 0 0 0 0 0 0 0 0 0 6 1 6 2 6 2 6 3 6 3 6 3 6 3 7 4 6 4 6 4 7 4 7 4 7 5 7 5 7 5 7 6 7 6 7 6 7 6 7 6 7 6 7 7 7 6 8 6 8 6 8 6 0 0 8 7 8 7 8 7 8 6 8 6 8 7 9 7 9 6 9 7 10 6 10 6 10 6 10 6 11 7 10 6 11 7 10 6 11 7 11 7 11 7 11 7 11 7 11 7 11 7 12 7 12 7 0 0 0 0 0 0 0 0 0 0
1784740900.405485,52969,-44,11,1,7,1,-95,1,621911861,128,0 0 0 0 0 0 0 0 0 0 0 0 -2 6 -2 6 -3 6 -3 6 -3 6 -3 6 -4 7 -4 7 -4 7 -4 7 -5 7 -5 7 -5 7 -5 7 -5 7 -6 8 -6 7 -6 8 -6 7 -6 8 -6 8 -6 8 -6 8 -7 8 -7 8 -6 8 0 0 -6 9 -7 9 -6 9 -7 9 -6 9 -6 9 -6 10 -6 10 -6 10 -6 11 -6 10 -6 11 -6 11 -6 11 -6 12 -6 12 -6 12 -6 12 -6 12 -6 13 -6 12 -6 13 -6 13 -7 13 -6 13 -6 13 0 0 0 0 0 0 0 0 0 0
1784740900.405485,52970,-44,11,1,7,1,-95,1,621921743,128,0 0 0 0 0 0 0 0 0 0 0 0 0 6 -1 6 -1 6 -1 6 -2 6 -2 7 -2 7 -2 7 -3 7 -2 7 -2 7 -3 8 -3 8 -3 8 -3 8 -4 8 -4 8 -4 8 -4 9 -4 8 -4 9 -5 9 -4 9 -4 9 -4 9 -4 10 0 0 -4 10 -4 9 -5 10 -4 9 -4 10 -4 10 -4 10 -4 10 -4 11 -3 11 -3 11 -3 11 -3 12 -3 12 -3 12 -4 12 -3 12 -3 12 -4 13 -4 13 -4 13 -4 13 -3 13 -3 13 -3 13 -3 14 0 0 0 0 0 0 0 0 0 0
1784740900.426134,52971,-45,11,1,7,1,-95,1,621932015,128,0 0 0 0 0 0 0 0 0 0 0 0 3 5 3 6 2 6 2 6 2 6 2 6 2 7 2 7 2 7 2 7 2 8 2 8 1 8 1 8 1 8 1 9 1 9 1 9 1 9 1 9 1 9 1 10 1 9 1 10 1 10 1 10 0 0 1 10 1 10 1 10 1 10 2 10 2 11 2 11 2 11 2 11 3 11 3 11 3 11 3 12 3 12 3 12 3 12 3 12 3 12 4 13 4 13 4 13 4 13 4 13 4 13 4 13 4 13 0 0 0 0 0 0 0 0 0 0
1784740900.437515,52972,-45,11,1,7,1,-95,1,621941824,128,0 0 0 0 0 0 0 0 0 0 0 0 2 6 1 6 1 6 1 6 1 7 1 7 1 7 0 7 1 7 0 8 0 8 -1 8 -1 8 -1 8 0 8 -1 9 -1 9 -1 9 -1 9 -1 9 -1 9 -1 9 -1 10 -1 10 -1 10 -1 10 0 0 -1 10 -1 10 -1 10 0 11 0 10 0 11 0 10 0 11 0 11 0 12 0 12 1 12 0 11 1 12 2 13 1 12 1 13 1 13 1 13 2 13 1 13 2 13 1 14 1 14 1 13 1 14 0 0 0 0 0 0 0 0 0 0
1784740900.437515,52973,-45,11,1,7,1,-95,1,621951884,128,0 0 0 0 0 0 0 0 0 0 0 0 -6 -3 -7 -4 -6 -4 -6 -5 -6 -5 -7 -5 -7 -5 -7 -5 -7 -5 -7 -6 -7 -6 -7 -6 -7 -6 -7 -7 -7 -7 -7 -7 -7 -7 -7 -7 -7 -8 -7 -8 -7 -8 -7 -8 -8 -7 -7 -8 -7 -8 -8 -8 0 0 -8 -8 -8 -8 -8 -8 -8 -8 -9 -8 -9 -8 -9 -8 -9 -8 -10 -8 -10 -8 -10 -8 -10 -8 -10 -8 -11 -8 -11 -8 -11 -8 -11 -8 -12 -9 -12 -8 -12 -8 -12 -8 -12 -8 -12 -8 -12 -9 -12 -9 -12 -9 0 0 0 0 0 0 0 0 0 0
1784740900.453478,52974,-45,11,1,7,1,-95,1,621961878,128,0 0 0 0 0 0 0 0 0 0 0 0 -3 6 -3 6 -4 6 -4 6 -4 6 -4 6 -4 6 -5 6 -5 6 -5 6 -5 6 -6 6 -6 6 -6 7 -6 7 -7 6 -7 7 -7 7 -7 7 -7 7 -7 7 -8 7 -7 7 -7 7 -8 7 -8 7 0 0 -8 7 -8 7 -8 7 -8 8 -8 8 -8 8 -8 8 -8 8 -8 8 -8 9 -8 9 -8 9 -8 10 -8 10 -8 10 -8 10 -8 10 -8 10 -8 10 -9 11 -9 11 -9 11 -9 11 -9 11 -8 11 -9 11 0 0 0 0 0 0 0 0 0 0
1784740900.453478,52975,-45,11,1,7,1,-95,1,621971857,128,0 0 0 0 0 0 0 0 0 0 0 0 -6 4 -6 4 -6 4 -6 4 -7 4 -7 3 -7 4 -7 4 -7 4 -8 3 -8 3 -9 3 -9 3 -9 3 -9 3 -9 3 -9 3 -10 3 -10 3 -10 3 -10 3 -10 3 -10 3 -10 3 -10 2 -10 3 0 0 -10 3 -11 4 -10 3 -11 4 -10 4 -11 4 -10 4 -11 5 -10 5 -12 5 -12 5 -11 5 -11 5 -11 5 -12 6 -11 6 -12 6 -12 6 -12 7 -12 7 -12 6 -12 7 -13 7 -13 6 -13 6 -13 6 0 0 0 0 0 0 0 0 0 0
1784740900.469344,52976,-44,11,1,7,1,-95,1,621981787,128,0 0 0 0 0 0 0 0 0 0 0 0 -5 5 -5 5 -5 4 -6 4 -6 4 -6 4 -6 4 -7 4 -7 4 -7 4 -7 4 -8 4 -8 4 -8 4 -8 4 -9 4 -9 4 -9 4 -9 4 -9 4 -9 4 -9 4 -10 4 -9 4 -9 4 -10 4 0 0 -10 4 -10 5 -10 4 -10 5 -10 5 -10 5 -10 5 -10 6 -10 6 -10 6 -10 6 -10 6 -11 6 -11 7 -11 7 -11 7 -11 7 -11 7 -11 7 -11 7 -11 8 -11 7 -12 8 -12 7 -12 8 -12 8 0 0 0 0 0 0 0 0 0 0
1784740900.485558,52977,-44,11,1,7,1,-95,1,621991844,128,0 0 0 0 0 0 0 0 0 0 0 0 5 -4 6 -4 6 -3 6 -3 6 -3 6 -3 7 -3 7 -3 7 -2 7 -3 8 -2 8 -2 8 -2 8 -2 8 -2 9 -1 9 -2 9 -1 9 -1 9 -1 9 -1 9 -1 9 -1 9 -1 9 -1 10 -1 0 0 10 -1 10 -1 10 -1 10 -2 10 -2 10 -2 11 -2 11 -2 11 -2 11 -2 11 -3 11 -3 12 -3 12 -3 12 -3 12 -3 12 -3 12 -3 13 -3 13 -3 13 -3 13 -3 13 -3 13 -3 13 -3 14 -3 0 0 0 0 0 0 0 0 0 0
1784740900.493074,52978,-44,11,1,7,1,-95,1,622001855,128,0 0 0 0 0 0 0 0 0 0 0 0 -4 5 -4 5 -5 5 -5 5 -5 5 -5 5 -5 5 -6 5 -6 6 -7 5 -7 5 -7 5 -7 5 -7 5 -7 5 -8 5 -8 5 -8 5 -8 6 -8 6 -8 6 -8 6 -9 6 -9 5 -9 5 -9 6 0 0 -9 6 -9 6 -9 6 -9 7 -9 7 -9 7 -9 7 -9 7 -9 7 -10 8 -10 8 -10 8 -10 8 -10 8 -10 9 -10 9 -10 9 -10 9 -10 9 -10 10 -10 9 -10 10 -11 9 -11 9 -11 9 -11 10 0 0 0 0 0 0 0 0 0 0
1784740900.501740,52979,-44,11,1,7,1,-95,1,622011779,128,0 0 0 0 0 0 0 0 0 0 0 0 4 -5 5 -5 5 -5 5 -5 6 -5 6 -5 6 -5 6 -5 7 -5 6 -5 7 -5 7 -5 7 -4 8 -4 8 -4 8 -4 9 -4 8 -4 9 -4 9 -4 9 -5 9 -4 9 -4 9 -4 9 -4 9 -5 0 0 9 -5 9 -5 10 -5 9 -5 9 -5 9 -6 9 -6 9 -6 10 -6 9 -7 10 -7 10 -7 10 -7 11 -7 10 -7 11 -7 10 -7 11 -8 11 -8 11 -8 11 -8 12 -8 11 -8 11 -8 12 -8 12 -9 0 0 0 0 0 0 0 0 0 0
1784740900.517756,52980,-44,11,1,7,1,-95,1,622023365,128,0 0 0 0 0 0 0 0 0 0 0 0 2 -7 2 -7 3 -7 3 -7 3 -7 4 -7 4 -7 4 -7 4 -7 4 -7 5 -7 5 -7 5 -7 6 -7 6 -7 6 -7 6 -8 6 -7 6 -8 6 -8 6 -8 6 -8 7 -8 7 -7 7 -8 7 -8 0 0 7 -8 7 -8 7 -8 7 -9 7 -9 7 -9 7 -9 6 -10 7 -10 7 -10 7 -10 7 -10 7 -10 7 -11 7 -11 7 -11 8 -11 7 -12 7 -12 7 -12 7 -12 7 -12 7 -12 8 -12 8 -12 8 -12 0 0 0 0 0 0 0 0 0 0
1784740900.517756,52981,-44,11,1,7,1,-95,1,622031868,128,0 0 0 0 0 0 0 0 0 0 0 0 3 5 3 5 3 6 3 6 3 6 3 6 3 7 2 7 2 7 2 7 2 8 2 8 2 8 2 8 2 8 1 8 2 9 2 9 1 9 2 9 2 9 2 9 2 9 1 9 1 9 2 10 0 0 2 10 2 10 2 10 2 10 2 10 3 10 3 10 3 10 3 10 4 11 4 11 4 11 3 11 4 11 4 11 4 11 4 12 5 12 5 12 5 12 5 12 5 12 5 12 5 12 5 12 5 12 0 0 0 0 0 0 0 0 0 0
1784740900.533592,52982,-44,11,1,7,1,-95,1,622041798,128,0 0 0 0 0 0 0 0 0 0 0 0 2 6 2 6 1 7 1 7 1 7 1 7 0 7 0 8 0 8 0 8 0 8 0 8 0 8 -1 9 0 9 -1 9 -1 9 -1 9 -1 9 -1 9 -1 10 -1 10 -1 10 -1 9 -1 10 -1 10 0 0 -1 10 -1 10 -1 10 -1 11 -1 10 -1 11 -1 11 0 11 0 11 0 12 0 12 0 12 0 12 1 12 0 12 0 13 0 13 1 13 1 13 1 13 1 13 1 14 1 14 1 14 1 14 1 14 0 0 0 0 0 0 0 0 0 0
1784740900.533592,52983,-44,11,1,7,1,-95,1,622051774,128,0 0 0 0 0 0 0 0 0 0 0 0 -7 1 -7 1 -8 1 -7 1 -8 1 -8 0 -8 0 -8 0 -8 0 -9 0 -9 -1 -9 -1 -9 -1 -9 -1 -10 -1 -10 -1 -10 -1 -10 -1 -10 -1 -10 -1 -10 -1 -11 -1 -11 -1 -10 -2 -10 -2 -11 -2 0 0 -11 -1 -11 -1 -11 -1 -11 -1 -11 -1 -12 0 -11 0 -12 0 -12 0 -13 0 -12 0 -12 0 -13 0 -13 0 -13 1 -13 1 -14 1 -13 1 -14 2 -14 2 -14 1 -14 2 -15 1 -15 1 -15 1 -15 1 0 0 0 0 0 0 0 0 0 0
1784740900.549320,52984,-44,11,1,7,1,-95,1,622061772,128,0 0 0 0 0 0 0 0 0 0 0 0 6 -3 6 -3 6 -3 7 -2 7 -2 7 -2 7 -2 7 -2 8 -2 8 -2 8 -1 8 -1 8 -1 9 -1 9 -1 9 -1 9 -1 9 -1 9 -1 9 -1 9 -1 10 -1 10 -1 10 -1 10 -1 10 -1 0 0 10 -1 10 -1 11 -1 11 -2 10 -2 11 -2 11 -2 11 -2 11 -2 12 -3 12 -3 12 -3 12 -3 12 -3 12 -3 13 -4 12 -3 13 -4 13 -4 13 -4 13 -4 13 -4 13 -4 13 -4 14 -4 14 -4 0 0 0 0 0 0 0 0 0 0
1784740900.565509,52985,-44,11,1,7,1,-95,1,622071830,128,0 0 0 0 0 0 0 0 0 0 0 0 -7 1 -7 0 -8 0 -8 0 -8 0 -8 0 -8 -1 -8 -1 -8 -1 -9 -1 -9 -1 -9 -1 -9 -1 -9 -1 -10 -1 -10 -2 -10 -2 -10 -2 -10 -2 -10 -3 -10 -3 -10 -3 -10 -2 -10 -2 -10 -2 -11 -2 0 0 -11 -2 -11 -2 -11 -3 -11 -2 -11 -2 -11 -2 -11 -2 -12 -2 -12 -2 -13 -1 -13 -1 -13 -1 -13 -1 -13 -1 -13 -1 -14 -1 -13 -1 -14 -1 -14 -1 -14 -1 -14 -1 -15 -1 -15 -1 -15 -1 -15 -1 -15 -1 0 0 0 0 0 0 0 0 0 0
1784740900.565509,52986,-45,11,1,7,1,-95,1,622081858,128,0 0 0 0 0 0 0 0 0 0 0 0 -5 4 -5 4 -6 4 -6 4 -6 4 -6 4 -7 4 -7 4 -7 4 -8 3 -8 3 -8 3 -8 3 -8 3 -8 3 -9 3 -9 3 -9 3 -9 3 -9 3 -9 4 -9 4 -10 4 -10 3 -9 3 -9 3 0 0 -10 4 -10 4 -10 4 -10 4 -10 4 -10 5 -10 5 -10 5 -10 5 -11 6 -11 6 -11 5 -11 6 -11 6 -12 7 -11 7 -12 7 -12 7 -12 7 -12 7 -12 7 -12 7 -13 7 -13 7 -13 7 -13 7 0 0 0 0 0 0 0 0 0 0
1784740900.581668,52987,-45,11,1,7,1,-95,1,622091762,128,0 0 0 0 0 0 0 0 0 0 0 0 -7 -2 -8 -2 -7 -3 -8 -3 -7 -3 -7 -3 -7 -3 -8 -4 -8 -4 -8 -4 -8 -4 -8 -5 -8 -5 -8 -5 -8 -5 -8 -5 -9 -6 -8 -5 -9 -6 -8 -6 -9 -5 -9 -6 -9 -5 -8 -6 -9 -6 -9 -6 0 0 -10 -6 -9 -6 -10 -6 -9 -6 -10 -6 -10 -6 -10 -5 -11 -5 -11 -6 -11 -5 -11 -6 -12 -5 -12 -6 -12 -6 -12 -6 -13 -6 -12 -6 -13 -6 -13 -6 -13 -6 -13 -6 -14 -6 -13 -6 -13 -6 -14 -6 -14 -6 0 0 0 0 0 0 0 0 0 0
1784740900.597527,52988,-45,11,1,7,1,-95,1,622101853,128,0 0 0 0 0 0 0 0 0 0 0 0 -5 5 -5 5 -5 5 -6 4 -6 4 -6 4 -7 4 -7 4 -7 4 -7 4 -7 4 -7 4 -8 4 -8 4 -8 4 -8 4 -9 4 -9 4 -9 4 -9 4 -9 4 -9 4 -9 4 -9 4 -9 4 -10 4 0 0 -10 4 -10 4 -10 4 -10 4 -10 5 -10 5 -10 5 -10 5 -11 5 -10 6 -10 6 -10 6 -11 6 -11 6 -11 6 -11 6 -11 6 -12 7 -12 6 -12 7 -12 7 -12 7 -12 7 -12 7 -12 7 -13 7 0 0 0 0 0 0 0 0 0 0
1784740900.597527,52989,-45,11,1,7,1,-95,1,622111862,128,0 0 0 0 0 0 0 0 0 0 0 0 5 -5 5 -4 6 -5 6 -4 6 -4 7 -4 7 -4 7 -4 7 -4 8 -4 8 -3 8 -3 8 -3 8 -3 8 -3 9 -3 8 -3 9 -3 9 -3 9 -3 9 -3 9 -3 10 -3 9 -3 9 -3 10 -3 0 0 10 -3 10 -4 9 -4 10 -4 10 -4 10 -4 10 -5 10 -5 10 -5 11 -5 11 -5 11 -6 11 -6 11 -6 11 -7 11 -7 12 -6 12 -7 12 -7 12 -7 12 -7 12 -7 12 -7 13 -7 12 -7 12 -7 0 0 0 0 0 0 0 0 0 0
1784740900.613430,52990,-45,11,1,7,1,-95,1,622121843,128,0 0 0 0 0 0 0 0 0 0 0 0 -1 -7 0 -8 0 -7 1 -8 1 -8 1 -8 1 -8 1 -8 2 -9 2 -8 2 -8 2 -9 3 -9 3 -9 3 -9 3 -9 3 -9 3 -9 3 -9 3 -9 3 -9 4 -10 3 -10 4 -9 4 -10 4 -10 0 0 3 -10 3 -10 4 -11 3 -10 3 -11 3 -11 3 -11 3 -11 3 -12 2 -12 3 -12 2 -12 3 -12 3 -13 2 -12 3 -13 3 -13 2 -13 2 -13 2 -14 2 -14 2 -14 2 -14 2 -14 2 -14 2 -15 0 0 0 0 0 0 0 0 0 0
1784740900.613430,52991,-45,11,1,7,1,-95,1,622131808,128,0 0 0 0 0 0 0 0 0 0 0 0 7 -3 7 -2 7 -2 7 -2 8 -1 7 -1 8 -1 8 -1 8 0 8 0 8 0 8 0 9 0 9 0 9 1 9 1 9 1 9 1 9 1 9 1 10 1 10 2 10 1 10 1 10 1 10 1 0 0 10 1 11 1 10 1 11 1 10 1 11 1 11 1 11 0 11 1 12 0 12 0 12 0 12 0 12 0 13 0 13 0 13 0 13 0 13 0 13 0 13 0 14 0 14 0 14 0 14 0 14 0 0 0 0 0 0 0 0 0 0 0
1784740900.629143,52992,-45,11,1,7,1,-95,1,622141827,128,0 0 0 0 0 0 0 0 0 0 0 0 -4 -7 -4 -7 -4 -7 -4 -8 -4 -8 -3 -8 -3 -9 -3 -8 -3 -9 -3 -9 -3 -9 -3 -10 -2 -10 -2 -10 -2 -10 -2 -10 -2 -11 -2 -10 -2 -11 -2 -11 -2 -11 -2 -11 -2 -11 -2 -11 -2 -11 -2 -11 0 0 -2 -11 -2 -11 -2 -11 -3 -11 -3 -11 -3 -11 -3 -12 -4 -12 -4 -12 -4 -13 -4 -12 -4 -12 -4 -12 -4 -13 -5 -13 -5 -13 -5 -13 -5 -13 -5 -13 -5 -13 -5 -13 -5 -13 -5 -14 -5 -14 -5 -14 -6 -14 0 0 0 0 0 0 0 0 0 0
1784740900.644923,52993,-44,11,1,7,1,-95,1,622151744,128,0 0 0 0 0 0 0 0 0 0 0 0 1 -8 1 -8 2 -7 2 -8 2 -7 3 -8 3 -8 3 -8 4 -8 4 -8 4 -8 4 -8 5 -8 5 -8 5 -8 5 -8 5 -9 5 -8 5 -9 5 -9 6 -9 6 -9 5 -9 6 -8 6 -9 6 -9 0 0 6 -9 6 -9 6 -10 5 -9 5 -10 5 -10 5 -10 5 -11 5 -11 5 -11 5 -11 5 -12 5 -12 6 -12 5 -12 5 -13 5 -12 5 -13 5 -13 5 -13 5 -13 5 -13 5 -13 6 -13 5 -13 6 -13 0 0 0 0 0 0 0 0 0 0
1784740900.644923,52994,-44,11,1,7,1,-95,1,622161787,128,0 0 0 0 0 0 0 0 0 0 0 0 -6 -5 -6 -5 -6 -6 -6 -6 -5 -7 -6 -7 -5 -7 -5 -7 -5 -7 -5 -8 -5 -8 -5 -8 -5 -8 -5 -9 -5 -9 -5 -9 -5 -9 -5 -9 -5 -9 -5 -9 -5 -10 -5 -10 -5 -10 -5 -10 -5 -10 -5 -10 0 0 -6 -10 -6 -10 -5 -10 -6 -10 -6 -10 -6 -10 -6 -10 -7 -10 -7 -10 -8 -11 -7 -11 -8 -11 -8 -11 -8 -11 -8 -11 -8 -11 -8 -11 -8 -11 -9 -11 -9 -12 -9 -11 -9 -12 -9 -12 -9 -12 -9 -12 -9 -12 0 0 0 0 0 0 0 0 0 0
1784740900.660657,52995,-44,11,1,7,1,-95,1,622171866,128,0 0 0 0 0 0 0 0 0 0 0 0 -4 5 -5 5 -5 5 -6 5 -6 5 -6 5 -6 5 -7 5 -7 5 -7 5 -8 5 -8 5 -8 4 -8 4 -8 5 -8 4 -9 5 -9 5 -9 5 -9 5 -9 5 -9 5 -9 5 -9 5 -9 4 -9 5 0 0 -10 5 -9 5 -10 5 -10 5 -10 6 -10 6 -10 6 -10 6 -10 6 -10 7 -10 7 -10 7 -10 7 -10 7 -10 8 -11 8 -11 8 -11 8 -11 8 -11 9 -11 8 -11 9 -11 9 -11 9 -11 9 -11 9 0 0 0 0 0 0 0 0 0 0
1784740900.676586,52996,-44,11,1,7,1,-95,1,622181790,128,0 0 0 0 0 0 0 0 0 0 0 0 5 -5 5 -5 6 -4 6 -4 6 -4 7 -4 7 -4 7 -4 8 -4 7 -4 8 -4 8 -4 8 -3 8 -4 9 -4 8 -3 9 -3 9 -3 10 -3 9 -3 9 -3 9 -3 9 -4 10 -3 10 -3 10 -4 0 0 10 -4 10 -4 10 -4 10 -4 10 -4 10 -4 10 -5 10 -5 11 -5 11 -5 11 -6 11 -6 11 -6 12 -6 11 -6 12 -7 11 -6 12 -7 12 -7 12 -7 12 -7 12 -7 12 -7 12 -7 12 -8 13 -8 0 0 0 0 0 0 0 0 0 0
1784740900.676586,52997,-44,11,1,7,1,-95,1,622191845,128,0 0 0 0 0 0 0 0 0 0 0 0 -2 -7 -1 -7 -1 -8 -1 -8 0 -8 0 -8 0 -8 0 -8 0 -9 1 -9 1 -9 1 -9 1 -9 1 -9 1 -9 2 -10 2 -10 1 -10 2 -10 2 -10 1 -10 2 -10 2 -10 2 -10 2 -10 2 -10 0 0 1 -11 1 -11 1 -11 1 -12 1 -11 1 -11 0 -12 0 -12 0 -12 0 -13 0 -13 0 -12 0 -13 0 -13 -1 -13 -1 -13 -1 -14 -1 -14 -1 -14 -1 -14 -1 -14 -2 -14 -1 -15 -1 -15 -1 -15 -1 -15 0 0 0 0 0 0 0 0 0 0
1784740900.695823,52998,-44,11,1,7,1,-95,1,622204239,128,0 0 0 0 0 0 0 0 0 0 0 0 0 6 0 7 -1 7 -1 7 -1 7 -1 8 -1 8 -1 8 -2 8 -2 8 -3 8 -3 8 -3 8 -3 8 -3 8 -3 8 -3 9 -3 9 -4 9 -4 9 -4 9 -3 9 -4 9 -4 9 -4 9 -4 9 0 0 -4 9 -3 9 -3 9 -3 10 -3 10 -3 10 -2 10 -3 10 -3 10 -2 11 -2 11 -2 11 -2 11 -2 11 -2 12 -2 12 -2 12 -2 13 -2 13 -2 13 -2 13 -1 13 -2 13 -2 13 -2 13 -2 14 0 0 0 0 0 0 0 0 0 0
1784740900.695823,52999,-44,11,1,7,1,-95,1,622211826,128,0 0 0 0 0 0 0 0 0 0 0 0 2 -7 2 -7 3 -7 3 -7 4 -7 4 -7 4 -7 4 -7 5 -7 5 -7 5 -7 5 -7 6 -7 6 -7 6 -7 6 -7 7 -7 6 -7 7 -7 7 -7 7 -7 7 -7 7 -7 7 -7 7 -7 7 -7 0 0 7 -8 7 -7 7 -8 7 -8 7 -8 7 -8 7 -8 7 -9 7 -9 6 -10 7 -10 6 -10 7 -10 7 -10 7 -10 7 -11 7 -10 7 -11 7 -11 7 -11 7 -12 7 -11 7 -12 8 -12 7 -12 8 -12 0 0 0 0 0 0 0 0 0 0
1784740900.708526,53000,-44,11,1,7,1,-95,1,622221771,128,0 0 0 0 0 0 0 0 0 0 0 0 -3 -7 -2 -7 -2 -8 -2 -8 -2 -9 -1 -8 -1 -9 -1 -9 -1 -9 0 -10 0 -10 0 -10 1 -10 1 -10 0 -10 1 -10 0 -10 1 -11 1 -10 1 -10 1 -10 1 -10 1 -11 1 -10 1 -10 1 -10 0 0 1 -11 0 -11 0 -10 0 -12 0 -11 0 -11 -1 -11 -1 -12 -1 -12 -1 -13 -1 -12 -1 -12 -1 -12 -1 -12 -2 -13 -2 -13 -2 -14 -2 -13 -2 -13 -2 -14 -2 -14 -3 -14 -2 -15 -2 -14 -2 -14 -2 -14 0 0 0 0 0 0 0 0 0 0
1784740900.724410,53001,-44,11,1,7,1,-95,1,622231830,128,0 0 0 0 0 0 0 0 0 0 0 0 6 2 6 3 6 3 6 3 6 4 6 4 6 4 6 5 6 5 6 5 6 5 6 6 6 6 6 6 7 6 6 7 7 7 6 7 6 7 6 7 6 7 6 7 6 7 6 7 6 7 7 8 0 0 7 7 7 8 7 8 7 7 7 7 7 7 8 7 8 8 8 8 9 8 9 8 9 7 9 7 10 8 10 7 10 8 10 8 10 8 10 8 10 8 10 8 11 8 11 8 11 8 11 8 11 9 0 0 0 0 0 0 0 0 0 0
1784740900.724410,53002,-44,11,1,7,1,-95,1,622241726,128,0 0 0 0 0 0 0 0 0 0 0 0 6 -3 6 -3 7 -2 6 -2 7 -2 7 -2 7 -2 8 -2 8 -1 8 -1 8 -1 8 -1 8 0 8 0 8 0 9 0 9 0 9 0 9 0 9 0 9 0 9 0 10 0 10 0 9 0 10 0 0 0 10 0 10 0 10 0 11 0 10 0 11 -1 11 -1 11 -1 11 -1 12 -1 12 -1 12 -1 12 -1 12 -1 13 -2 12 -2 13 -1 13 -2 13 -2 13 -2 13 -2 13 -2 14 -2 14 -1 14 -1 14 -2 0 0 0 0 0 0 0 0 0 0
1784740900.745210,53003,-44,11,1,7,1,-95,1,622251761,128,0 0 0 0 0 0 0 0 0 0 0 0 -3 6 -4 5 -4 6 -5 6 -5 6 -5 6 -5 6 -6 6 -6 6 -6 6 -6 6 -7 6 -7 6 -7 5 -7 5 -8 6 -8 6 -8 6 -8 6 -8 6 -8 6 -8 6 -8 6 -8 6 -8 6 -8 6 0 0 -8 6 -8 7 -8 7 -9 7 -8 7 -8 7 -8 8 -9 8 -8 8 -9 9 -9 9 -9 9 -9 8 -9 8 -9 10 -9 10 -10 10 -9 10 -9 10 -9 10 -9 10 -9 11 -10 11 -10 10 -10 10 -10 10 0 0 0 0 0 0 0 0 0 0
1784740900.756366,53004,-45,11,1,7,1,-95,1,622261792,128,0 0 0 0 0 0 0 0 0 0 0 0 6 2 6 3 6 3 6 4 6 4 6 4 6 4 6 5 6 5 5 5 5 6 5 6 5 6 6 6 6 6 5 6 6 7 5 7 5 7 5 7 6 7 6 7 6 7 5 7 5 7 6 7 0 0 6 7 6 7 6 7 6 7 7 7 7 7 7 7 8 7 8 7 8 7 8 7 8 7 8 7 9 8 9 7 9 8 9 8 9 8 9 8 10 8 10 8 10 8 10 8 10 8 10 9 10 9 0 0 0 0 0 0 0 0 0 0
1784740900.756366,53005,-44,11,1,7,1,-95,1,622271833,128,0 0 0 0 0 0 0 0 0 0 0 0 6 3 6 3 6 4 6 4 6 4 6 5 6 5 6 5 6 6 6 6 6 6 6 6 6 6 6 7 6 7 5 7 5 7 5 8 5 8 5 8 5 8 5 8 5 8 5 8 5 8 5 8 0 0 6 8 6 8 6 8 6 8 6 8 7 8 7 8 7 8 7 8 8 8 8 8 8 8 8 8 8 8 8 9 9 9 9 9 9 9 9 9 9 9 10 9 9 9 10 9 9 9 10 9 10 9 0 0 0 0 0 0 0 0 0 0
1784740900.772360,53006,-45,11,1,7,1,-95,1,622281838,128,0 0 0 0 0 0 0 0 0 0 0 0 6 -3 6 -3 7 -2 7 -2 8 -2 7 -2 8 -2 8 -2 8 -2 9 -1 9 -1 9 0 9 0 9 0 9 0 10 0 9 0 10 0 10 0 10 0 10 0 10 0 10 0 10 1 10 1 10 0 0 0 10 0 10 -1 10 -1 11 -1 10 -1 11 -1 10 -1 11 -2 11 -2 12 -2 12 -2 11 -2 11 -2 11 -2 12 -4 12 -3 13 -3 13 -3 13 -4 13 -4 13 -4 13 -4 13 -3 14 -3 13 -3 13 -4 0 0 0 0 0 0 0 0 0 0
1784740900.788225,53007,-44,11,1,7,1,-95,1,622291828,128,0 0 0 0 0 0 0 0 0 0 0 0 6 0 7 1 6 1 7 1 7 2 7 2 7 2 7 2 7 3 7 2 7 3 8 3 8 3 8 3 8 4 8 4 8 4 8 4 8 4 8 5 8 5 8 5 8 4 8 4 9 4 9 5 0 0 9 5 9 4 9 5 9 4 9 4 10 4 10 4 10 4 10 4 11 4 11 4 11 3 11 3 12 4 11 4 12 4 12 3 12 3 12 4 13 3 13 3 13 4 12 3 13 3 13 3 13 3 0 0 0 0 0 0 0 0 0 0
1784740900.794065,53008,-45,11,1,7,1,-95,1,622306813,128,0 0 0 0 0 0 0 0 0 0 0 0 0 -7 0 -8 1 -8 1 -8 1 -8 2 -8 2 -8 2 -8 2 -8 2 -8 2 -8 2 -8 3 -8 3 -9 3 -9 3 -8 4 -9 4 -9 4 -9 4 -9 4 -9 4 -9 3 -9 4 -9 3 -10 4 -10 0 0 4 -10 4 -10 4 -10 3 -10 3 -11 3 -11 3 -11 3 -11 3 -11 3 -12 3 -12 3 -12 3 -13 3 -13 3 -13 3 -13 3 -13 3 -14 3 -14 3 -14 3 -14 3 -14 3 -14 3 -14 3 -14 3 -15 0 0 0 0 0 0 0 0 0 0
1784740900.808469,53009,-45,11,1,7,1,-95,1,622311927,128,0 0 0 0 0 0 0 0 0 0 0 0 -7 2 -8 1 -8 1 -8 1 -8 0 -8 0 -8 0 -8 0 -9 0 -8 -1 -9 -1 -9 -1 -9 -1 -9 -1 -10 -1 -9 -1 -10 -1 -9 -1 -10 -1 -10 -1 -10 -1 -10 -1 -10 -1 -10 -1 -10 -1 -11 -1 0 0 -11 -1 -11 -1 -11 -1 -11 0 -11 0 -12 0 -11 0 -12 0 -12 0 -12 1 -12 1 -12 1 -13 1 -13 1 -13 1 -14 1 -13 1 -14 1 -14 1 -14 2 -14 2 -14 2 -14 2 -14 1 -15 1 -15 2 0 0 0 0 0 0 0 0 0 0
1784740900.808469,53010,-45,11,1,7,1,-95,1,622321808,128,0 0 0 0 0 0 0 0 0 0 0 0 -8 -1 -8 -2 -8 -2 -8 -3 -8 -3 -8 -3 -8 -4 -8 -4 -8 -4 -8 -4 -8 -4 -8 -5 -8 -5 -8 -5 -9 -5 -8 -6 -9 -6 -8 -6 -8 -6 -8 -6 -9 -6 -9 -6 -9 -6 -9 -6 -9 -6 -9 -6 0 0 -10 -6 -9 -6 -10 -6 -10 -6 -10 -6 -10 -6 -10 -6 -11 -6 -11 -6 -11 -6 -11 -6 -12 -5 -12 -6 -12 -6 -12 -6 -13 -6 -12 -6 -13 -6 -13 -6 -13 -6 -13 -6 -13 -6 -13 -6 -13 -6 -13 -6 -14 -6 0 0 0 0 0 0 0 0 0 0
1784740900.820076,53011,-44,11,1,7,1,-95,1,622331918,128,0 0 0 0 0 0 0 0 0 0 0 0 5 -5 5 -6 6 -5 6 -5 6 -5 6 -5 6 -5 7 -5 7 -5 7 -4 8 -4 8 -4 8 -4 8 -4 8 -4 9 -4 8 -4 9 -4 9 -4 9 -5 9 -5 9 -5 9 -4 9 -4 9 -4 9 -4 0 0 9 -5 9 -5 9 -5 9 -6 9 -6 9 -7 9 -7 9 -7 9 -7 10 -7 10 -7 10 -7 10 -7 10 -8 10 -9 10 -9 10 -9 11 -9 10 -9 10 -10 10 -10 10 -10 11 -9 11 -9 11 -9 11 -9 0 0 0 0 0 0 0 0 0 0
1784740900.836066,53012,-44,11,1,7,1,-95,1,622342691,128,0 0 0 0 0 0 0 0 0 0 0 0 -7 -2 -7 -3 -7 -4 -7 -4 -7 -4 -7 -4 -7 -5 -7 -5 -7 -5 -7 -5 -7 -5 -8 -6 -7 -6 -8 -6 -8 -7 -7 -7 -8 -7 -8 -7 -8 -7 -7 -7 -8 -7 -7 -8 -8 -7 -8 -7 -8 -7 -8 -8 0 0 -8 -8 -8 -8 -8 -8 -9 -7 -9 -7 -9 -8 -9 -8 -9 -7 -9 -8 -10 -8 -10 -7 -11 -7 -11 -7 -11 -8 -11 -8 -11 -8 -11 -8 -12 -8 -12 -8 -12 -8 -12 -8 -12 -8 -12 -8 -12 -8 -12 -8 -13 -8 0 0 0 0 0 0 0 0 0 0
1784740900.844105,53013,-45,11,1,7,1,-95,1,622351742,128,0 0 0 0 0 0 0 0 0 0 0 0 3 -6 4 -6 4 -6 5 -6 5 -6 5 -6 5 -6 5 -6 6 -6 6 -6 6 -6 6 -6 7 -6 7 -6 7 -6 8 -5 8 -6 7 -6 8 -6 8 -5 8 -6 8 -5 8 -6 8 -6 8 -6 9 -6 0 0 9 -6 9 -6 9 -6 8 -6 8 -6 9 -7 9 -7 9 -7 9 -7 9 -8 9 -8 9 -8 9 -8 9 -9 9 -8 10 -9 9 -9 10 -9 10 -9 10 -9 10 -10 10 -9 10 -10 10 -10 10 -10 10 -10 0 0 0 0 0 0 0 0 0 0
1784740900.852113,53014,-45,11,1,7,1,-95,1,622364019,128,0 0 0 0 0 0 0 0 0 0 0 0 4 5 4 5 4 6 3 6 3 6 3 6 3 6 4 7 3 7 3 7 3 8 2 8 2 8 2 8 2 8 2 9 2 8 2 9 3 9 3 9 3 9 3 9 3 9 2 9 2 9 2 9 0 0 3 9 3 9 3 9 4 10 3 9 4 9 4 9 4 10 5 10 5 10 4 10 5 10 5 10 5 10 6 11 6 10 5 11 6 11 6 11 7 11 7 11 7 11 6 12 6 12 6 12 6 12 0 0 0 0 0 0 0 0 0 0
1784740900.867892,53015,-44,11,1,7,1,-95,1,622371847,128,0 0 0 0 0 0 0 0 0 0 0 0 1 -8 2 -8 2 -8 3 -8 3 -8 4 -8 4 -8 4 -8 4 -8 4 -8 5 -8 5 -8 5 -8 5 -8 6 -8 6 -7 6 -8 6 -8 7 -8 7 -8 7 -8 7 -8 6 -8 7 -8 7 -8 7 -8 0 0 7 -8 7 -8 7 -8 7 -8 7 -9 7 -9 7 -9 7 -9 7 -10 7 -10 7 -10 7 -10 7 -10 7 -11 7 -11 8 -11 7 -11 7 -12 8 -11 7 -11 8 -12 8 -12 7 -12 8 -12 8 -12 8 -12 0 0 0 0 0 0 0 0 0 0
1784740900.867892,53016,-44,11,1,7,1,-95,1,622381819,128,0 0 0 0 0 0 0 0 0 0 0 0 -8 1 -8 1 -8 0 -8 0 -8 0 -9 -1 -9 -1 -9 -1 -9 -1 -9 -1 -9 -1 -10 -2 -10 -2 -10 -2 -10 -2 -10 -3 -10 -3 -10 -3 -11 -3 -10 -3 -11 -3 -10 -3 -11 -3 -11 -3 -11 -3 -11 -3 0 0 -11 -3 -11 -3 -11 -3 -11 -2 -11 -2 -12 -2 -12 -2 -12 -2 -12 -2 -12 -1 -13 -1 -13 -1 -13 -1 -14 -1 -13 -1 -14 -1 -14 -1 -14 -1 -14 -1 -14 -1 -15 0 -15 -1 -14 0 -14 0 -15 0 -15 0 0 0 0 0 0 0 0 0 0 0
1784740900.894428,53017,-44,11,1,7,1,-95,1,622394073,128,0 0 0 0 0 0 0 0 0 0 0 0 -8 -1 -8 -1 -8 -2 -8 -3 -8 -3 -8 -3 -8 -3 -9 -3 -8 -4 -9 -4 -9 -4 -9 -4 -9 -5 -9 -5 -9 -5 -9 -5 -10 -6 -9 -6 -9 -6 -10 -6 -10 -5 -10 -6 -10 -6 -10 -6 -10 -6 -10 -6 0 0 -10 -6 -10 -6 -10 -6 -10 -5 -11 -5 -11 -5 -11 -5 -12 -5 -12 -5 -12 -5 -13 -5 -12 -5 -12 -5 -13 -5 -13 -5 -13 -4 -14 -5 -14 -5 -14 -4 -14 -4 -14 -4 -14 -4 -15 -4 -14 -5 -14 -5 -15 -5 0 0 0 0 0 0 0 0 0 0
1784740900.899761,53018,-44,11,1,7,1,-95,1,622401785,128,0 0 0 0 0 0 0 0 0 0 0 0 -5 -6 -5 -6 -5 -6 -5 -7 -4 -7 -5 -7 -4 -7 -5 -7 -4 -8 -4 -8 -4 -8 -4 -9 -4 -9 -4 -9 -4 -10 -3 -10 -3 -10 -4 -10 -4 -10 -3 -10 -4 -10 -3 -10 -4 -10 -3 -10 -3 -10 -4 -10 0 0 -4 -11 -4 -11 -4 -11 -5 -10 -5 -11 -5 -11 -5 -11 -5 -11 -5 -11 -6 -11 -6 -11 -6 -11 -6 -12 -7 -12 -7 -11 -7 -12 -7 -12 -8 -12 -7 -12 -7 -13 -8 -13 -8 -13 -8 -13 -8 -13 -8 -13 -8 -13 0 0 0 0 0 0 0 0 0 0
1784740900.899761,53019,-45,11,1,7,1,-95,1,622411796,128,0 0 0 0 0 0 0 0 0 0 0 0 7 -2 7 -1 7 0 7 0 7 0 7 0 7 0 8 0 8 1 8 1 8 1 8 1 8 1 9 2 9 2 9 3 9 2 9 3 9 2 9 3 9 3 9 3 9 2 9 3 9 3 10 2 0 0 10 3 10 3 10 3 10 3 10 2 10 2 10 2 11 2 11 2 12 2 11 2 12 1 12 2 12 2 12 2 12 2 12 2 12 2 13 1 13 1 13 1 13 2 13 1 13 2 13 1 14 1 0 0 0 0 0 0 0 0 0 0
1784740900.915923,53020,-45,11,1,7,1,-95,1,622421884,128,0 0 0 0 0 0 0 0 0 0 0 0 6 1 6 1 7 2 7 2 7 2 7 2 7 3 7 3 7 3 7 3 7 4 7 4 7 4 7 4 7 4 7 5 7 5 8 5 7 5 7 5 8 5 8 5 8 5 8 6 8 6 8 5 0 0 8 5 8 5 8 5 9 5 9 5 9 5 9 5 9 5 9 5 10 5 10 5 10 5 10 5 10 5 11 5 11 5 11 6 11 6 11 5 12 5 11 5 12 5 12 6 12 6 12 6 12 6 0 0 0 0 0 0 0 0 0 0
1784740900.915923,53021,-44,11,1,7,1,-95,1,622432106,128,0 0 0 0 0 0 0 0 0 0 0 0 7 -1 7 -1 7 0 8 0 7 0 8 0 8 1 8 1 8 1 8 1 8 1 8 2 8 2 8 2 9 2 8 3 9 3 9 3 9 3 9 3 9 3 9 3 9 3 9 3 9 3 9 3 0 0 10 3 10 3 10 3 10 3 10 3 10 3 10 3 11 2 11 3 11 2 11 2 11 2 12 2 12 2 12 2 12 2 12 2 13 2 13 2 13 2 13 2 13 2 13 2 13 2 13 3 14 2 0 0 0 0 0 0 0 0 0 0
1784740900.932132,53022,-44,11,1,7,1,-95,1,622441771,128,0 0 0 0 0 0 0 0 0 0 0 0 3 -7 3 -7 4 -7 4 -7 5 -7 5 -7 5 -7 6 -7 6 -7 6 -7 6 -7 7 -7 7 -6 7 -6 7 -7 8 -6 8 -6 8 -6 8 -6 8 -6 8 -6 8 -6 8 -6 8 -6 8 -6 8 -6 0 0 8 -7 8 -7 8 -7 9 -7 8 -7 8 -7 8 -8 8 -8 9 -8 9 -9 9 -9 9 -9 9 -9 9 -9 9 -10 9 -9 9 -9 9 -10 9 -10 10 -10 9 -10 10 -10 10 -10 10 -10 10 -10 10 -11 0 0 0 0 0 0 0 0 0 0
1784740900.947906,53023,-44,11,1,7,1,-95,1,622451799,128,0 0 0 0 0 0 0 0 0 0 0 0 5 -6 5 -6 5 -5 6 -5 6 -5 6 -5 6 -5 7 -5 7 -5 7 -5 8 -4 8 -4 8 -4 8 -4 8 -4 8 -4 8 -4 9 -4 9 -4 9 -5 9 -4 9 -5 9 -4 9 -4 9 -4 9 -4 0 0 9 -5 9 -5 9 -5 9 -5 9 -6 9 -6 9 -6 9 -7 9 -7 10 -7 10 -7 10 -7 9 -7 10 -7 9 -8 10 -8 10 -8 10 -9 10 -9 10 -9 10 -9 10 -10 10 -9 11 -9 10 -9 10 -9 0 0 0 0 0 0 0 0 0 0
1784740900.947906,53024,-44,11,1,7,1,-95,1,622461796,128,0 0 0 0 0 0 0 0 0 0 0 0 -3 6 -3 6 -4 6 -4 6 -5 6 -5 6 -5 6 -6 6 -6 6 -6 6 -6 6 -7 6 -7 6 -7 6 -7 6 -7 6 -8 6 -8 6 -8 6 -8 6 -8 6 -8 6 -8 7 -8 6 -8 6 -8 7 0 0 -9 7 -8 7 -9 7 -8 8 -8 8 -8 8 -8 8 -8 8 -9 9 -8 9 -8 9 -8 9 -8 9 -8 10 -8 10 -9 10 -8 10 -8 10 -8 10 -9 10 -8 11 -9 11 -8 11 -9 11 -9 11 -9 11 0 0 0 0 0 0 0 0 0 0
1784740900.963811,53025,-45,11,1,7,1,-95,1,622471791,128,0 0 0 0 0 0 0 0 0 0 0 0 6 2 6 3 6 3 6 4 6 4 6 4 6 4 6 4 6 5 6 5 6 5 6 6 6 6 6 6 6 6 6 6 6 6 6 7 6 6 6 6 6 6 6 6 7 7 6 7 6 7 7 7 0 0 7 7 8 7 7 7 8 7 8 6 8 6 8 6 9 6 9 6 10 7 9 7 9 7 9 7 9 6 10 6 10 7 11 7 11 7 11 7 11 6 11 7 11 7 11 7 11 7 12 7 12 7 0 0 0 0 0 0 0 0 0 0
1784740900.994887,53026,-45,11,1,7,1,-95,1,622481893,128,0 0 0 0 0 0 0 0 0 0 0 0 7 -1 7 -1 7 0 7 0 8 0 8 0 8 1 8 1 8 1 8 2 8 2 8 2 8 2 8 2 9 2 8 3 9 3 8 3 9 3 9 2 9 3 9 3 9 3 9 3 9 3 9 3 0 0 10 2 9 2 10 2 10 2 10 2 10 2 10 2 11 2 11 2 11 2 11 2 11 1 12 2 12 2 12 1 13 1 12 1 13 2 13 2 13 1 13 1 13 1 13 1 13 2 13 2 14 1 0 0 0 0 0 0 0 0 0 0
1784740900.994887,53027,-44,11,1,7,1,-95,1,622505121,128,0 0 0 0 0 0 0 0 0 0 0 0 -5 6 -5 6 -6 5 -6 5 -7 5 -7 5 -7 5 -7 5 -7 5 -8 5 -8 5 -8 5 -8 4 -8 4 -8 5 -9 5 -9 5 -9 4 -9 5 -9 5 -9 5 -9 5 -9 5 -9 5 -9 5 -9 5 0 0 -9 5 -9 6 -9 6 -9 6 -9 6 -9 6 -9 7 -9 7 -9 7 -10 8 -9 8 -9 8 -9 7 -9 8 -9 9 -9 9 -10 9 -10 9 -9 9 -9 10 -9 10 -9 10 -10 10 -10 10 -10 10 -10 10 0 0 0 0 0 0 0 0 0 0
1784740900.994887,53028,-44,11,1,7,1,-95,1,622505530,128,0 0 0 0 0 0 0 0 0 0 0 0 -2 -8 -1 -8 -1 -8 0 -9 0 -9 0 -9 0 -9 1 -9 1 -9 1 -9 2 -9 2 -10 2 -10 2 -10 2 -10 2 -10 2 -10 2 -10 3 -10 2 -10 2 -10 2 -10 2 -10 3 -10 3 -11 2 -10 0 0 2 -11 2 -11 2 -11 2 -11 1 -12 1 -12 1 -12 1 -12 1 -12 1 -13 1 -13 0 -13 0 -13 1 -13 0 -13 0 -14 0 -14 0 -14 0 -14 -1 -14 0 -14 -1 -15 0 -14 0 -15 0 -15 -1 -15 0 0 0 0 0 0 0 0 0 0
1784740900.994887,53029,-44,11,1,7,1,-95,1,622511998,128,0 0 0 0 0 0 0 0 0 0 0 0 1 7 1 7 1 7 0 8 0 8 0 8 -1 8 -1 8 -1 8 -1 8 -2 8 -1 9 -2 9 -2 9 -2 9 -3 9 -2 9 -3 9 -3 9 -2 9 -2 9 -3 9 -2 9 -3 9 -3 9 -2 10 0 0 -2 10 -2 10 -2 10 -2 10 -2 10 -2 11 -2 11 -1 11 -1 11 -1 11 -1 11 -1 12 0 12 -1 12 0 12 -1 13 0 12 0 13 0 13 0 13 0 13 0 13 0 13 0 13 0 14 0 14 0 0 0 0 0 0 0 0 0 0
1784740901.010849,53030,-44,11,1,7,1,-95,1,622521819,128,0 0 0 0 0 0 0 0 0 0 0 0 6 3 6 3 5 4 5 5 5 5 5 5 5 5 5 6 5 6 5 6 5 6 5 6 5 7 5 7 5 7 4 7 5 8 5 8 4 8 4 8 5 8 5 8 5 8 5 8 5 8 5 8 0 0 5 8 5 8 6 9 6 8 6 8 6 8 6 8 7 9 6 9 7 8 7 9 8 9 8 9 8 9 8 9 8 10 8 9 8 10 8 10 9 10 9 10 9 10 9 10 9 10 9 10 9 10 0 0 0 0 0 0 0 0 0 0
1784740901.026807,53031,-45,11,1,7,1,-95,1,622531735,128,0 0 0 0 0 0 0 0 0 0 0 0 -3 6 -4 6 -5 6 -5 6 -5 6 -5 6 -6 6 -6 6 -6 6 -7 6 -7 5 -7 5 -8 5 -8 5 -7 5 -8 6 -8 6 -8 6 -8 5 -8 6 -8 5 -8 6 -8 6 -8 5 -8 5 -8 5 0 0 -8 6 -8 7 -8 6 -9 7 -8 7 -8 7 -8 8 -9 8 -8 8 -9 9 -9 8 -9 8 -9 8 -9 8 -9 10 -8 9 -9 9 -9 10 -9 10 -9 10 -9 10 -9 11 -10 10 -10 10 -10 10 -10 10 0 0 0 0 0 0 0 0 0 0
1784740901.026807,53032,-42,11,1,7,0,-95,1,622541778,128,0 0 0 0 0 0 0 0 0 0 0 0 6 3 6 4 6 4 6 5 6 5 5 6 5 6 6 6 5 6 5 6 5 6 5 7 5 7 5 7 5 8 5 8 5 8 5 8 5 8 5 8 5 8 5 8 5 8 5 8 5 8 6 8 0 0 6 8 6 8 6 8 7 8 7 8 7 8 7 8 8 9 8 8 9 9 9 8 9 8 9 8 9 8 9 9 9 9 9 9 10 9 10 8 10 9 10 8 11 9 10 9 10 10 11 10 11 10 0 0 0 0 0 0 0 0 0 0
1784740901.046099,53033,-45,11,1,7,1,-95,1,622557831,128,0 0 0 0 0 0 0 0 0 0 0 0 7 -3 7 -3 8 -2 8 -2 8 -1 8 -1 8 -1 9 -1 8 0 8 0 9 0 9 0 9 0 9 0 9 1 9 1 10 1 9 1 10 1 9 1 10 1 10 1 10 1 10 1 10 1 10 1 0 0 10 1 10 1 10 1 10 1 11 0 11 0 11 0 11 0 11 0 12 -1 12 0 12 -1 12 -1 13 -1 12 -1 13 -1 12 -1 13 -1 13 -1 13 -1 14 -1 14 -1 13 -1 14 -1 14 -1 14 -1 0 0 0 0 0 0 0 0 0 0
1784740901.058719,53034,-44,11,1,7,1,-95,1,622562851,128,0 0 0 0 0 0 0 0 0 0 0 0 6 2 8 0 6 2 9 3 6 2 6 7 9 4 2 3 7 9 8 4 0 6 5 10 4 5 1 10 6 9 2 7 0 10 2 9 2 9 -1 7 -1 12 4 7 -3 7 -1 14 2 6 -7 10 0 0 -5 2 -5 10 0 9 -4 5 -5 12 -2 8 -7 9 -4 9 -5 11 -5 11 -7 7 -9 12 -6 8 -12 11 -7 12 -9 5 -13 8 -7 9 -9 4 -12 12 -10 8 -12 7 -12 6 -14 7 -11 8 -14 2 0 0 0 0 0 0 0 0 0 0
1784740901.058719,53035,-45,11,1,7,1,-95,1,622571857,128,0 0 0 0 0 0 0 0 0 0 0 0 -8 2 -8 1 -9 1 -9 0 -9 0 -9 -1 -9 -1 -9 -1 -9 -1 -9 -1 -10 -2 -10 -2 -10 -2 -10 -2 -10 -2 -10 -2 -10 -3 -10 -3 -10 -3 -10 -3 -10 -2 -10 -3 -10 -2 -11 -2 -10 -3 -11 -3 0 0 -11 -2 -11 -2 -11 -2 -11 -2 -11 -2 -12 -2 -12 -1 -12 -1 -12 -1 -13 -1 -12 -1 -13 -1 -13 -1 -13 -1 -13 -1 -14 -1 -13 0 -14 0 -14 0 -14 0 -14 0 -14 0 -14 0 -15 0 -15 0 -15 0 0 0 0 0 0 0 0 0 0 0
1784740901.078114,53036,-44,11,1,7,1,-95,1,622581967,128,0 0 0 0 0 0 0 0 0 0 0 0 -3 -7 -3 -7 -2 -8 -2 -8 -2 -8 -1 -8 -2 -9 -1 -9 -2 -9 -1 -9 0 -9 0 -10 0 -10 0 -10 0 -10 0 -10 0 -10 0 -10 0 -10 0 -10 0 -10 0 -10 0 -11 0 -11 0 -10 0 -11 0 0 -1 -11 -1 -11 -1 -11 -1 -12 -1 -11 -2 -12 -2 -11 -2 -12 -2 -12 -2 -13 -2 -13 -2 -12 -2 -12 -2 -12 -3 -13 -3 -13 -2 -14 -3 -14 -3 -13 -4 -14 -3 -14 -4 -14 -4 -14 -3 -14 -3 -14 -3 -14 0 0 0 0 0 0 0 0 0 0
1784740901.106694,53037,-45,11,1,7,1,-95,1,622614408,128,0 0 0 0 0 0 0 0 0 0 0 0 5 -6 5 -6 6 -6 6 -5 6 -5 7 -5 7 -5 7 -5 7 -5 7 -5 8 -5 8 -5 8 -5 8 -4 8 -5 9 -4 9 -4 9 -4 9 -4 9 -4 9 -4 9 -4 9 -5 9 -4 9 -4 9 -4 0 0 9 -5 10 -5 10 -5 9 -5 9 -5 9 -5 9 -6 10 -6 10 -6 10 -6 10 -7 10 -7 10 -7 10 -7 10 -7 11 -7 10 -8 11 -8 11 -8 11 -8 11 -8 11 -8 11 -8 11 -9 11 -9 11 -9 0 0 0 0 0 0 0 0 0 0
1784740901.106694,53038,-42,11,1,7,0,-95,1,622616287,128,0 0 0 0 0 0 0 0 0 0 0 0 -9 2 -9 2 -10 1 -10 1 -10 1 -10 0 -10 0 -10 0 -11 -1 -11 -1 -10 -1 -11 -1 -11 -2 -11 -2 -11 -2 -12 -2 -11 -2 -11 -3 -12 -2 -12 -2 -12 -2 -12 -3 -12 -2 -12 -3 -12 -3 -12 -3 0 0 -13 -3 -13 -3 -13 -3 -13 -2 -13 -2 -13 -2 -13 -2 -14 -2 -14 -2 -14 -2 -14 -2 -14 -1 -14 -1 -14 -1 -15 -1 -15 -1 -15 -1 -15 -1 -15 -1 -16 -1 -16 -1 -16 -1 -16 -1 -16 -1 -16 -1 -16 -1 0 0 0 0 0 0 0 0 0 0
1784740901.106694,53039,-44,11,1,7,1,-95,1,622624246,128,0 0 0 0 0 0 0 0 0 0 0 0 -6 5 -6 5 -7 5 -7 4 -7 4 -7 4 -8 4 -8 4 -8 4 -9 4 -9 3 -9 3 -9 3 -9 3 -9 3 -10 3 -9 3 -10 3 -9 3 -10 3 -10 3 -10 3 -10 3 -10 3 -10 3 -10 3 0 0 -10 3 -11 4 -10 3 -11 4 -10 4 -11 4 -11 4 -11 4 -11 5 -12 5 -11 5 -11 5 -11 5 -11 5 -12 6 -11 6 -12 6 -12 5 -12 6 -12 7 -12 6 -12 7 -13 7 -13 6 -13 6 -12 6 0 0 0 0 0 0 0 0 0 0
1784740901.122595,53040,-45,11,1,7,1,-95,1,622631846,128,0 0 0 0 0 0 0 0 0 0 0 0 -2 -8 -1 -9 0 -8 0 -9 0 -9 1 -9 1 -9 1 -9 2 -9 1 -9 1 -10 2 -10 2 -9 2 -10 3 -10 3 -9 3 -10 3 -9 3 -10 3 -10 3 -10 3 -10 3 -10 3 -10 3 -10 3 -11 0 0 3 -11 3 -11 3 -11 2 -11 3 -11 3 -11 3 -12 2 -12 3 -12 2 -12 2 -12 2 -13 2 -13 2 -14 2 -13 2 -14 2 -13 2 -14 2 -14 2 -14 2 -14 2 -14 1 -14 1 -14 1 -15 2 -15 0 0 0 0 0 0 0 0 0 0
1784740901.122595,53041,-44,11,1,7,1,-95,1,622641805,128,0 0 0 0 0 0 0 0 0 0 0 0 -1 7 -1 7 -2 8 -2 7 -3 8 -3 7 -3 8 -4 8 -4 8 -4 8 -5 8 -5 8 -5 8 -6 8 -5 8 -6 8 -5 8 -6 8 -5 8 -6 8 -6 8 -6 8 -6 9 -6 8 -6 8 -6 8 0 0 -6 9 -5 9 -5 9 -5 10 -5 9 -5 10 -5 10 -5 10 -5 10 -5 11 -5 11 -5 11 -5 11 -5 11 -5 13 -4 12 -5 13 -5 12 -5 13 -4 13 -5 13 -4 13 -5 14 -6 13 -5 13 -5 14 0 0 0 0 0 0 0 0 0 0
1784740901.142713,53042,-44,11,1,7,1,-95,1,622652017,128,0 0 0 0 0 0 0 0 0 0 0 0 6 -5 6 -4 6 -4 5 -4 4 -7 7 -7 5 -3 1 -6 4 -11 8 -8 4 -4 -1 -9 4 -13 5 -8 -1 -8 -1 -12 1 -10 -2 -8 -2 -11 -1 -8 -6 -7 -7 -12 -2 -11 -3 -4 -12 -6 -9 -12 0 0 -9 0 -15 -4 -10 -7 -7 -1 -11 2 -13 -1 -10 0 -11 3 -11 2 -9 6 -11 8 -12 5 -6 5 -6 12 -11 12 -8 7 -1 10 -4 15 -6 12 0 10 1 14 0 13 3 13 3 14 3 10 9 10 0 0 0 0 0 0 0 0 0 0
1784740901.154760,53043,-45,11,1,7,1,-95,1,622661765,128,0 0 0 0 0 0 0 0 0 0 0 0 6 1 6 2 7 2 6 3 6 3 6 3 6 3 7 4 7 4 6 4 6 4 7 4 6 5 7 5 7 5 7 5 7 5 7 5 7 5 7 6 7 6 7 6 7 6 7 5 7 6 8 6 0 0 8 6 8 6 8 6 8 6 8 6 9 6 9 6 9 6 9 6 10 6 10 6 10 6 10 6 11 6 11 6 11 6 11 6 11 6 11 6 11 6 11 6 11 6 11 6 12 6 12 6 12 6 0 0 0 0 0 0 0 0 0 0
1784740901.154760,53044,-44,11,1,7,1,-95,1,622671763,128,0 0 0 0 0 0 0 0 0 0 0 0 -7 3 -7 3 -8 2 -8 2 -8 2 -8 1 -8 1 -9 1 -9 1 -9 1 -9 0 -9 0 -9 0 -9 0 -9 0 -10 0 -10 0 -10 0 -10 0 -10 0 -10 0 -10 0 -10 0 -10 0 -10 0 -11 0 0 0 -11 1 -11 1 -11 1 -11 1 -11 1 -12 1 -12 2 -12 2 -12 2 -13 2 -13 2 -13 2 -13 2 -13 2 -13 3 -13 3 -13 2 -14 2 -14 3 -14 3 -14 3 -14 3 -14 3 -14 2 -14 2 -15 2 0 0 0 0 0 0 0 0 0 0
1784740901.170609,53045,-44,11,1,7,1,-95,1,622681717,128,0 0 0 0 0 0 0 0 0 0 0 0 -7 3 -8 2 -8 2 -8 1 -8 1 -9 1 -9 1 -9 1 -9 0 -9 0 -9 0 -9 0 -10 0 -10 0 -10 0 -10 -1 -10 -1 -10 -1 -10 -1 -10 -1 -10 -1 -10 -1 -10 0 -10 -1 -10 -1 -11 -1 0 0 -11 0 -11 0 -11 0 -11 0 -11 0 -12 0 -11 1 -12 1 -12 0 -12 1 -12 1 -12 1 -13 1 -13 1 -13 1 -14 1 -13 1 -14 2 -14 2 -14 2 -14 2 -15 2 -14 2 -14 2 -15 2 -15 2 0 0 0 0 0 0 0 0 0 0
1784740901.189472,53046,-45,11,1,7,1,-95,1,622691931,128,0 0 0 0 0 0 0 0 0 0 0 0 3 6 2 6 2 7 2 7 1 7 1 7 1 7 1 8 1 8 1 8 0 8 0 8 0 9 0 9 0 9 0 9 0 9 -1 9 0 9 0 9 0 9 0 9 0 9 0 9 0 9 0 9 0 0 1 10 1 10 1 10 1 10 1 10 2 10 2 10 2 10 2 11 2 11 2 11 3 11 3 11 3 11 3 12 3 12 3 12 3 12 4 12 4 12 4 12 4 13 4 13 4 13 4 13 4 13 0 0 0 0 0 0 0 0 0 0
1784740901.195641,53047,-44,11,1,7,1,-95,1,622701885,128,0 0 0 0 0 0 0 0 0 0 0 0 5 4 5 5 5 5 5 6 5 6 5 6 5 6 5 7 5 7 4 7 4 7 4 8 4 8 4 8 4 8 4 8 4 8 4 9 4 8 4 8 4 8 4 8 4 9 4 9 4 9 4 8 0 0 4 8 5 9 5 8 5 9 5 8 6 8 6 8 6 9 6 8 7 9 7 9 7 9 7 9 7 9 8 9 8 9 8 9 8 9 8 9 9 9 9 9 9 9 9 10 9 10 9 10 9 10 0 0 0 0 0 0 0 0 0 0
1784740901.202464,53048,-45,11,1,7,1,-95,1,622711821,128,0 0 0 0 0 0 0 0 0 0 0 0 -7 -4 -8 -4 -7 -5 -7 -5 -7 -6 -7 -6 -7 -6 -7 -6 -7 -7 -7 -7 -7 -7 -7 -7 -7 -8 -6 -8 -7 -8 -6 -8 -6 -9 -6 -9 -6 -9 -6 -9 -7 -9 -6 -10 -6 -9 -6 -9 -6 -9 -6 -9 0 0 -7 -10 -6 -9 -7 -10 -7 -9 -7 -9 -7 -9 -7 -9 -8 -9 -7 -10 -8 -9 -8 -10 -9 -10 -8 -10 -9 -10 -9 -10 -9 -10 -9 -10 -9 -10 -9 -10 -9 -10 -10 -10 -9 -11 -9 -10 -9 -10 -10 -11 -10 -10 0 0 0 0 0 0 0 0 0 0
1784740901.218489,53049,-45,11,1,7,1,-95,1,622721827,128,0 0 0 0 0 0 0 0 0 0 0 0 -7 4 -7 3 -7 3 -7 3 -8 3 -8 3 -8 2 -9 3 -9 2 -9 2 -9 2 -10 2 -10 2 -10 2 -10 2 -10 1 -10 1 -10 1 -11 1 -11 1 -11 1 -11 1 -11 1 -11 1 -11 1 -11 1 0 0 -11 1 -11 2 -11 1 -12 2 -11 2 -11 2 -12 2 -12 3 -12 2 -12 3 -13 3 -12 3 -13 3 -13 3 -13 3 -13 4 -13 3 -14 3 -14 4 -14 4 -14 4 -14 4 -14 4 -14 3 -14 4 -14 4 0 0 0 0 0 0 0 0 0 0
1784740901.218489,53050,-44,11,1,7,1,-95,1,622731743,128,0 0 0 0 0 0 0 0 0 0 0 0 -8 0 -8 -1 -8 -1 -8 -1 -8 -2 -9 -2 -8 -2 -8 -3 -9 -3 -9 -3 -9 -3 -9 -3 -9 -4 -9 -4 -10 -4 -9 -4 -10 -4 -9 -4 -10 -4 -10 -4 -10 -5 -10 -5 -10 -4 -10 -4 -10 -4 -10 -4 0 0 -11 -5 -11 -4 -11 -5 -11 -4 -11 -4 -11 -4 -12 -4 -12 -4 -12 -4 -12 -4 -12 -4 -13 -3 -13 -3 -13 -4 -13 -3 -14 -3 -13 -3 -14 -4 -14 -4 -14 -4 -14 -4 -14 -3 -14 -4 -14 -4 -14 -3 -15 -4 0 0 0 0 0 0 0 0 0 0
1784740901.234713,53051,-44,11,1,7,1,-95,1,622742368,128,0 0 0 0 0 0 0 0 0 0 0 0 -7 4 -7 3 -8 3 -8 2 -8 2 -9 2 -9 2 -9 2 -9 1 -9 1 -9 1 -9 1 -10 1 -10 1 -10 1 -10 0 -11 0 -10 0 -11 0 -11 0 -11 0 -11 0 -10 1 -11 0 -11 0 -11 1 0 0 -11 1 -11 0 -12 1 -11 1 -12 1 -12 1 -12 2 -12 2 -12 2 -12 2 -13 2 -13 3 -13 3 -14 2 -13 2 -14 3 -13 3 -14 3 -14 3 -14 3 -14 3 -15 3 -14 3 -15 3 -14 3 -15 3 0 0 0 0 0 0 0 0 0 0
1784740901.234713,53052,-45,11,1,7,1,-95,1,622751746,128,0 0 0 0 0 0 0 0 0 0 0 0 4 -6 4 -6 5 -6 5 -6 6 -6 6 -6 6 -6 6 -5 6 -6 7 -5 7 -5 7 -5 7 -5 8 -5 7 -5 8 -5 8 -5 8 -5 8 -5 8 -5 8 -5 8 -5 9 -5 8 -5 8 -5 9 -5 0 0 8 -5 9 -6 9 -6 9 -6 9 -6 9 -6 9 -7 9 -7 9 -7 9 -8 9 -8 9 -8 9 -8 9 -8 9 -8 9 -9 10 -9 10 -9 9 -9 10 -10 10 -10 10 -10 10 -10 10 -9 10 -10 11 -10 0 0 0 0 0 0 0 0 0 0
1784740901.250608,53053,-45,11,1,7,1,-95,1,622761803,128,0 0 0 0 0 0 0 0 0 0 0 0 -5 5 -6 5 -6 5 -6 5 -7 5 -7 5 -7 5 -8 5 -8 5 -8 5 -8 4 -8 4 -9 4 -9 4 -9 4 -9 4 -10 4 -10 4 -10 4 -10 4 -10 4 -10 4 -10 4 -10 4 -10 4 -10 4 0 0 -10 4 -10 4 -10 4 -10 5 -10 5 -10 5 -10 5 -10 6 -10 6 -11 6 -11 6 -11 6 -11 6 -11 7 -11 7 -11 7 -11 7 -12 7 -12 8 -12 8 -12 8 -12 8 -12 8 -13 7 -13 8 -12 8 0 0 0 0 0 0 0 0 0 0
1784740901.270745,53054,-44,11,1,7,1,-95,1,622775289,128,0 0 0 0 0 0 0 0 0 0 0 0 -1 7 -1 7 -2 7 -2 7 -3 7 -3 7 -3 7 -3 8 -3 8 -4 8 -4 7 -4 8 -5 8 -5 8 -5 8 -5 8 -5 8 -5 8 -5 8 -5 8 -5 8 -5 9 -5 9 -6 8 -6 8 -5 9 0 0 -5 9 -5 10 -5 9 -5 10 -5 10 -5 10 -5 10 -5 11 -4 11 -5 12 -5 11 -4 11 -5 11 -4 11 -4 12 -4 12 -5 13 -4 13 -4 13 -4 13 -4 13 -4 13 -4 13 -5 13 -5 13 -4 13 0 0 0 0 0 0 0 0 0 0
1784740901.270745,53055,-44,11,1,7,1,-95,1,622781809,128,0 0 0 0 0 0 0 0 0 0 0 0 -8 -1 -8 -1 -8 -2 -8 -2 -8 -2 -8 -2 -9 -3 -9 -3 -9 -3 -9 -4 -9 -4 -9 -4 -9 -4 -9 -5 -9 -4 -9 -5 -9 -4 -9 -5 -9 -5 -9 -5 -10 -5 -10 -5 -10 -5 -10 -5 -10 -5 -10 -5 0 0 -10 -5 -11 -5 -10 -5 -11 -5 -11 -4 -11 -5 -11 -4 -12 -4 -12 -4 -13 -4 -12 -5 -12 -4 -12 -4 -13 -4 -13 -4 -13 -4 -14 -5 -14 -4 -14 -4 -14 -4 -14 -4 -14 -4 -14 -4 -14 -5 -15 -5 -15 -5 0 0 0 0 0 0 0 0 0 0
1784740901.282444,53056,-45,11,1,7,1,-95,1,622792005,128,0 0 0 0 0 0 0 0 0 0 0 0 -7 -3 -8 -4 -7 -4 -7 -5 -7 -5 -7 -5 -7 -5 -7 -6 -7 -6 -7 -6 -7 -6 -8 -6 -7 -7 -7 -7 -7 -7 -7 -7 -8 -8 -7 -7 -8 -8 -7 -7 -8 -7 -7 -8 -8 -7 -7 -7 -8 -8 -8 -8 0 0 -9 -8 -8 -8 -9 -8 -9 -8 -9 -8 -9 -8 -9 -8 -10 -8 -10 -8 -10 -8 -10 -8 -11 -8 -11 -8 -11 -9 -11 -8 -12 -9 -11 -9 -12 -9 -11 -9 -12 -9 -12 -9 -12 -9 -12 -9 -12 -9 -12 -9 -12 -10 0 0 0 0 0 0 0 0 0 0
1784740901.298168,53057,-45,11,1,7,1,-95,1,622801830,128,0 0 0 0 0 0 0 0 0 0 0 0 -7 -6 -6 -6 -5 -6 -4 -9 -5 -10 -5 -7 -1 -6 0 -9 1 -11 1 -11 -5 -10 -4 -8 2 -5 7 -6 6 -9 6 -11 3 -9 5 -10 5 -9 5 -6 6 -4 11 -3 12 -7 11 -10 6 -10 4 -4 0 0 13 -1 14 -3 9 -5 11 -6 10 0 10 0 12 -1 11 0 11 0 13 2 15 0 13 0 8 3 10 8 11 7 16 4 12 5 9 5 9 7 8 9 9 11 9 12 7 12 9 13 11 14 8 10 0 0 0 0 0 0 0 0 0 0
1784740901.298168,53058,-45,11,1,7,1,-95,1,622811996,128,0 0 0 0 0 0 0 0 0 0 0 0 1 -8 1 -8 2 -8 2 -8 3 -8 3 -8 3 -8 4 -8 4 -9 4 -8 4 -8 5 -8 5 -8 5 -8 5 -9 5 -8 5 -8 5 -8 5 -8 5 -8 5 -9 5 -9 6 -9 6 -9 6 -8 6 -8 0 0 6 -9 5 -9 5 -9 5 -10 5 -10 5 -10 5 -10 5 -10 5 -10 5 -11 5 -11 5 -11 5 -11 5 -11 5 -12 5 -12 5 -12 5 -12 5 -12 5 -13 5 -13 5 -13 5 -13 6 -13 6 -13 5 -13 0 0 0 0 0 0 0 0 0 0
1784740901.313901,53059,-44,11,1,7,1,-95,1,622821824,128,0 0 0 0 0 0 0 0 0 0 0 0 3 7 3 7 2 8 2 8 1 8 1 8 1 9 1 9 0 9 0 9 0 9 0 9 -1 10 -1 10 -1 10 -1 10 -1 10 -1 10 -1 10 -1 10 -1 10 -1 10 -1 10 -1 10 -1 10 -1 10 0 0 0 10 -1 11 0 11 0 11 0 10 0 11 0 11 0 11 1 11 1 12 1 12 1 12 1 12 1 12 1 12 1 13 1 12 2 13 2 13 2 13 2 13 2 13 2 13 2 13 2 13 2 14 0 0 0 0 0 0 0 0 0 0
1784740901.313901,53060,-44,11,1,7,1,-95,1,622831785,128,0 0 0 0 0 0 0 0 0 0 0 0 -4 -8 -4 -8 -4 -9 -3 -9 -3 -9 -3 -10 -3 -10 -2 -10 -2 -10 -2 -10 -2 -10 -1 -10 -1 -10 -1 -11 -1 -11 -1 -11 -1 -11 0 -11 0 -11 0 -11 -1 -11 0 -11 -1 -11 0 -11 -1 -11 -1 -11 0 0 -1 -11 -1 -12 -1 -12 -1 -12 -2 -11 -2 -12 -2 -12 -2 -12 -2 -12 -3 -13 -3 -13 -3 -13 -3 -13 -3 -13 -3 -13 -3 -14 -3 -14 -3 -13 -4 -14 -4 -14 -4 -14 -4 -14 -4 -14 -4 -14 -4 -14 -4 -15 0 0 0 0 0 0 0 0 0 0
1784740901.348307,53061,-44,11,1,7,1,-95,1,622850805,128,0 0 0 0 0 0 0 0 0 0 0 0 -3 -8 -2 -9 -2 -9 -1 -9 -1 -9 -1 -9 0 -10 0 -10 0 -10 1 -10 1 -10 1 -10 1 -10 1 -10 2 -10 2 -11 2 -11 2 -11 2 -11 2 -11 2 -11 2 -11 2 -11 2 -11 2 -11 2 -11 0 0 2 -11 1 -11 2 -11 1 -12 1 -12 1 -12 1 -12 1 -12 1 -12 1 -13 1 -13 0 -13 0 -13 0 -13 0 -13 0 -14 0 -14 0 -14 0 -14 0 -14 0 -14 -1 -14 0 -14 0 -15 0 -15 -1 -15 0 0 0 0 0 0 0 0 0 0
1784740901.349609,53062,-44,11,1,7,1,-95,1,622852450,128,0 0 0 0 0 0 0 0 0 0 0 0 -8 -2 -8 -3 -8 -3 -8 -4 -8 -4 -9 -5 -8 -5 -9 -5 -8 -5 -8 -5 -9 -6 -9 -6 -9 -6 -9 -6 -9 -7 -8 -7 -9 -7 -8 -7 -9 -7 -8 -8 -9 -7 -8 -8 -9 -7 -9 -7 -9 -7 -9 -8 0 0 -9 -7 -9 -7 -9 -8 -9 -7 -10 -7 -10 -7 -10 -7 -10 -7 -10 -7 -11 -7 -11 -7 -12 -6 -12 -7 -12 -7 -12 -7 -12 -7 -12 -7 -13 -7 -13 -7 -12 -7 -13 -7 -13 -7 -13 -7 -13 -7 -13 -7 -13 -7 0 0 0 0 0 0 0 0 0 0
1784740901.349609,53063,-45,11,1,7,1,-95,1,622864019,128,0 0 0 0 0 0 0 0 0 0 0 0 7 -3 7 -3 8 -3 8 -2 8 -2 8 -2 8 -2 8 -2 8 -1 9 -1 9 -1 9 -1 9 -1 9 -1 9 -1 9 0 9 0 9 0 9 0 9 0 9 0 9 0 9 -1 9 -1 9 -1 10 -1 0 0 10 -1 10 -1 10 -1 10 -2 10 -2 10 -2 11 -2 11 -2 11 -2 12 -3 12 -3 12 -4 12 -3 12 -3 12 -3 12 -3 12 -3 13 -4 13 -4 13 -4 13 -4 13 -4 13 -4 13 -4 13 -4 14 -4 0 0 0 0 0 0 0 0 0 0
1784740901.367739,53064,-45,11,1,7,1,-95,1,622871829,128,0 0 0 0 0 0 0 0 0 0 0 0 7 2 7 2 7 3 7 3 7 3 7 4 7 4 7 4 7 4 7 5 7 5 7 5 6 5 6 5 6 5 7 5 7 5 7 6 7 6 7 6 7 6 7 6 7 6 7 5 7 5 7 5 0 0 7 5 8 5 8 5 8 5 8 5 8 5 8 5 9 5 9 5 10 5 10 5 10 5 10 5 10 5 11 5 11 5 11 5 11 5 11 5 12 5 12 5 12 5 12 5 12 6 12 6 12 6 0 0 0 0 0 0 0 0 0 0
1784740901.378177,53065,-45,11,1,7,1,-95,1,622881878,128,0 0 0 0 0 0 0 0 0 0 0 0 -4 8 -5 7 -6 7 -6 7 -6 7 -6 7 -7 7 -7 7 -7 6 -7 6 -7 7 -8 6 -8 6 -8 6 -8 6 -9 6 -9 6 -8 6 -9 6 -9 6 -9 6 -9 6 -8 6 -8 6 -8 6 -8 6 0 0 -8 6 -8 7 -8 7 -8 7 -7 7 -8 8 -8 8 -8 8 -8 8 -8 9 -8 10 -7 10 -7 10 -8 10 -8 10 -8 10 -8 10 -8 11 -8 11 -9 11 -8 11 -9 11 -8 11 -8 11 -8 12 -9 12 0 0 0 0 0 0 0 0 0 0
1784740901.378177,53066,-45,11,1,7,1,-95,1,622893531,128,0 0 0 0 0 0 0 0 0 0 0 0 2 -9 2 -9 3 -9 3 -9 4 -9 4 -9 4 -9 5 -9 5 -9 5 -9 5 -8 5 -8 6 -8 6 -8 6 -8 6 -8 6 -8 6 -8 6 -8 6 -8 6 -8 6 -8 6 -8 6 -8 6 -8 6 -8 0 0 6 -9 5 -9 6 -9 5 -9 5 -9 5 -10 5 -10 5 -10 5 -11 5 -11 5 -11 4 -11 5 -11 5 -12 5 -12 5 -13 5 -12 5 -13 5 -13 5 -13 5 -13 5 -13 5 -13 5 -13 5 -14 5 -14 0 0 0 0 0 0 0 0 0 0
1784740901.396214,53067,-45,11,1,7,1,-95,1,622901878,128,0 0 0 0 0 0 0 0 0 0 0 0 1 -9 2 -9 2 -9 3 -9 3 -9 3 -9 4 -9 4 -9 4 -9 5 -9 5 -8 5 -9 5 -8 6 -8 5 -8 6 -8 6 -8 6 -8 6 -8 5 -8 6 -8 6 -8 5 -8 5 -8 6 -8 5 -8 0 0 5 -9 5 -9 5 -9 5 -9 4 -10 4 -10 4 -10 4 -11 4 -10 4 -11 4 -11 4 -11 4 -11 3 -12 3 -12 3 -12 4 -12 4 -13 3 -13 3 -13 3 -13 3 -13 3 -13 4 -13 4 -14 3 -14 0 0 0 0 0 0 0 0 0 0
1784740901.396214,53068,-44,11,1,7,1,-95,1,622911826,128,0 0 0 0 0 0 0 0 0 0 0 0 -4 8 -4 8 -5 7 -5 7 -6 7 -6 7 -7 7 -7 7 -7 7 -7 7 -7 7 -8 7 -8 7 -8 6 -8 6 -9 6 -9 6 -9 6 -9 6 -9 5 -9 6 -9 5 -9 6 -9 6 -8 6 -8 6 0 0 -9 6 -9 7 -8 6 -9 7 -8 7 -8 7 -8 7 -8 8 -9 8 -8 8 -8 8 -8 9 -8 9 -9 9 -8 9 -9 9 -9 9 -8 9 -9 9 -9 10 -9 10 -9 10 -9 10 -9 10 -8 11 -9 11 0 0 0 0 0 0 0 0 0 0
1784740901.409885,53069,-44,11,1,7,1,-95,1,622922808,128,0 0 0 0 0 0 0 0 0 0 0 0 8 -3 8 -2 8 -2 9 -1 9 -1 9 0 9 0 9 0 9 0 9 1 9 1 10 1 9 1 9 1 10 1 9 1 10 2 9 2 10 2 9 2 10 2 10 1 9 1 10 2 10 1 10 1 0 0 10 1 10 1 11 1 10 0 11 0 11 0 11 0 11 -1 11 -1 12 -1 12 -1 12 -1 12 -1 12 -1 12 -1 13 -1 12 -2 13 -2 13 -2 13 -2 13 -2 13 -2 13 -2 13 -2 13 -2 13 -2 0 0 0 0 0 0 0 0 0 0
1784740901.428477,53070,-44,11,1,7,1,-95,1,622931836,128,0 0 0 0 0 0 0 0 0 0 0 0 8 0 8 1 8 1 8 2 8 2 8 2 8 3 8 3 8 3 8 4 8 4 8 4 8 4 8 5 8 5 8 5 8 5 8 5 8 5 8 5 8 5 8 5 8 5 8 5 8 5 9 5 0 0 9 5 9 4 9 5 10 4 10 4 10 4 10 4 11 4 11 4 12 4 12 4 12 4 12 4 13 4 13 4 13 4 13 4 13 4 13 4 13 4 14 4 14 4 14 5 14 5 14 5 14 5 0 0 0 0 0 0 0 0 0 0
1784740901.429982,53071,-44,11,1,7,1,-95,1,622944284,128,0 0 0 0 0 0 0 0 0 0 0 0 3 7 2 8 2 8 1 8 1 8 1 9 0 8 0 9 0 9 0 9 -1 9 -1 9 -1 9 -1 9 -1 9 -1 9 -1 9 -1 9 -2 9 -1 9 -1 9 -1 9 -1 9 -1 9 -1 9 -1 9 0 0 0 10 0 9 0 10 0 10 1 10 1 10 1 10 1 10 1 11 2 11 2 11 2 11 2 12 3 12 2 12 3 13 3 12 3 13 3 13 3 13 3 13 3 13 3 13 3 13 3 14 3 14 0 0 0 0 0 0 0 0 0 0
1784740901.441471,53072,-44,11,1,7,1,-95,1,622951791,128,0 0 0 0 0 0 0 0 0 0 0 0 -7 5 -7 5 -8 4 -8 4 -8 4 -8 4 -8 4 -9 3 -9 3 -9 3 -9 3 -10 2 -10 2 -10 2 -9 2 -10 2 -9 2 -10 2 -10 2 -10 2 -10 2 -10 2 -10 2 -10 2 -10 2 -10 2 0 0 -10 3 -10 3 -9 3 -11 4 -10 4 -10 4 -10 5 -11 5 -10 5 -11 6 -11 6 -11 6 -11 6 -11 5 -11 7 -11 6 -12 7 -12 7 -12 7 -12 7 -12 7 -12 7 -13 7 -13 7 -13 7 -13 7 0 0 0 0 0 0 0 0 0 0
1784740901.457504,53073,-44,11,1,7,1,-95,1,622962469,128,0 0 0 0 0 0 0 0 0 0 0 0 4 -6 5 -6 6 -5 6 -5 6 -5 6 -5 7 -5 7 -5 7 -4 7 -5 7 -5 7 -5 7 -4 8 -4 8 -4 8 -4 9 -4 8 -4 9 -4 8 -4 8 -4 9 -4 8 -5 8 -5 8 -5 9 -5 0 0 9 -5 9 -5 10 -5 9 -5 9 -6 9 -6 9 -6 9 -6 10 -6 9 -7 10 -7 10 -8 10 -8 10 -8 10 -7 11 -8 10 -7 11 -8 11 -8 11 -8 11 -8 12 -8 11 -9 11 -8 11 -9 12 -9 0 0 0 0 0 0 0 0 0 0
1784740901.457504,53074,-45,11,1,7,1,-95,1,622971770,128,0 0 0 0 0 0 0 0 0 0 0 0 -5 -7 -4 -7 -4 -8 -4 -8 -3 -8 -3 -8 -3 -8 -3 -9 -3 -9 -3 -9 -3 -9 -3 -9 -3 -9 -3 -10 -3 -9 -2 -10 -2 -10 -2 -10 -2 -10 -2 -10 -3 -10 -3 -10 -3 -10 -3 -10 -3 -11 -3 -11 0 0 -3 -11 -3 -11 -3 -11 -4 -11 -4 -11 -4 -11 -4 -11 -5 -12 -5 -12 -6 -12 -5 -12 -6 -12 -6 -13 -6 -13 -6 -13 -6 -13 -6 -13 -6 -13 -6 -14 -7 -14 -7 -14 -6 -14 -7 -14 -6 -14 -7 -14 -7 -15 0 0 0 0 0 0 0 0 0 0
1784740901.479017,53075,-45,11,1,7,1,-95,1,622981986,128,0 0 0 0 0 0 0 0 0 0 0 0 0 7 0 7 -1 7 -1 7 -1 8 -2 8 -2 8 -2 8 -2 8 -3 8 -4 7 -3 8 -3 8 -3 8 -4 9 -3 8 -3 8 -4 8 -4 8 -3 8 -3 9 -3 8 -4 9 -4 9 -4 9 -4 9 0 0 -3 9 -3 9 -3 9 -3 10 -3 10 -3 10 -2 10 -1 11 -2 11 -2 11 -2 11 -1 11 -2 11 -2 12 -2 12 -2 12 -2 12 -2 13 -2 13 -2 14 -2 13 -1 13 -2 13 -1 14 -2 13 -2 14 0 0 0 0 0 0 0 0 0 0
1784740901.489321,53076,-45,11,1,7,1,-95,1,622991805,128,0 0 0 0 0 0 0 0 0 0 0 0 -4 6 -5 6 -5 6 -6 6 -6 6 -6 6 -6 6 -7 6 -7 6 -7 5 -7 5 -8 5 -8 5 -8 5 -8 5 -8 5 -8 5 -8 5 -8 5 -8 5 -8 5 -8 5 -8 5 -8 5 -8 5 -8 5 0 0 -8 6 -8 6 -8 6 -8 7 -8 7 -8 7 -8 7 -8 8 -8 8 -8 8 -8 8 -8 9 -9 9 -9 9 -9 9 -9 9 -9 9 -9 9 -9 10 -9 10 -9 10 -9 10 -9 10 -9 10 -10 10 -10 10 0 0 0 0 0 0 0 0 0 0
1784740901.496305,53077,-44,11,1,7,1,-95,1,623001867,128,0 0 0 0 0 0 0 0 0 0 0 0 -8 -3 -8 -4 -8 -5 -8 -5 -8 -5 -8 -5 -8 -6 -8 -6 -8 -6 -8 -7 -8 -7 -8 -7 -8 -7 -8 -7 -8 -7 -8 -8 -8 -7 -8 -8 -8 -8 -8 -8 -8 -8 -8 -8 -8 -8 -8 -8 -8 -7 -8 -7 0 0 -9 -7 -9 -7 -9 -7 -10 -7 -9 -7 -10 -7 -10 -6 -11 -7 -11 -6 -12 -7 -11 -7 -12 -7 -11 -7 -12 -7 -13 -7 -13 -7 -13 -7 -13 -7 -13 -7 -14 -7 -13 -7 -14 -7 -14 -7 -14 -8 -14 -8 -14 -8 0 0 0 0 0 0 0 0 0 0
1784740901.508324,53078,-44,11,1,7,1,-95,1,623011750,128,0 0 0 0 0 0 0 0 0 0 0 0 -8 1 -8 1 -9 0 -8 0 -9 0 -9 0 -9 -1 -9 -1 -9 -1 -9 -1 -9 -1 -10 -2 -10 -2 -10 -2 -10 -2 -10 -2 -10 -2 -10 -2 -10 -2 -10 -2 -10 -2 -10 -2 -10 -2 -10 -2 -10 -2 -11 -2 0 0 -11 -1 -11 -1 -11 -1 -11 -1 -11 0 -11 0 -12 0 -12 0 -12 0 -13 1 -13 1 -12 1 -12 1 -13 1 -13 2 -14 2 -14 2 -14 2 -14 2 -14 2 -15 2 -14 2 -15 2 -15 2 -15 2 -15 2 0 0 0 0 0 0 0 0 0 0
1784740901.508324,53079,-44,11,1,7,1,-95,1,623023600,128,0 0 0 0 0 0 0 0 0 0 0 0 -4 -7 -3 -7 -3 -8 -3 -8 -3 -8 -2 -9 -2 -9 -2 -9 -2 -9 -2 -9 -2 -10 -1 -10 -1 -9 -1 -10 -1 -10 -1 -10 -1 -10 -1 -10 -1 -11 -1 -11 -1 -11 -1 -11 -1 -11 -1 -11 -1 -11 -1 -11 0 0 -1 -11 -2 -11 -2 -11 -2 -12 -2 -11 -2 -12 -2 -11 -3 -12 -3 -11 -3 -13 -3 -12 -3 -12 -3 -12 -3 -12 -4 -13 -4 -13 -4 -13 -4 -14 -5 -13 -5 -14 -5 -14 -5 -14 -5 -14 -4 -15 -4 -15 -5 -15 0 0 0 0 0 0 0 0 0 0
1784740901.520992,53080,-45,11,1,7,1,-95,1,623031801,128,0 0 0 0 0 0 0 0 0 0 0 0 4 -7 4 -6 5 -7 4 -6 5 -6 5 -6 5 -6 5 -6 6 -6 6 -6 6 -6 7 -6 7 -6 7 -6 7 -6 7 -6 7 -6 8 -6 7 -6 8 -6 8 -6 8 -6 8 -7 8 -6 8 -6 8 -6 0 0 8 -7 9 -7 8 -7 9 -8 8 -7 8 -8 8 -8 8 -8 9 -8 9 -9 9 -9 9 -9 9 -9 8 -9 9 -10 9 -9 9 -10 9 -10 9 -10 9 -11 9 -10 9 -11 10 -11 10 -10 9 -10 9 -10 0 0 0 0 0 0 0 0 0 0
1784740901.554687,53081,-44,11,1,7,1,-95,1,623041838,128,0 0 0 0 0 0 0 0 0 0 0 0 4 4 4 4 4 4 4 5 4 5 4 5 4 5 4 6 4 6 4 6 4 6 4 7 4 7 4 7 4 7 4 7 5 8 4 8 5 8 5 8 5 8 5 8 5 8 5 8 5 9 5 9 0 0 5 9 5 9 6 9 6 9 6 9 6 9 6 9 6 10 7 10 7 10 7 10 7 10 7 10 8 10 8 10 8 11 8 10 8 11 8 11 8 10 9 11 9 11 8 11 8 11 9 11 9 12 0 0 0 0 0 0 0 0 0 0
1784740901.554687,53082,-45,11,1,7,1,-95,1,623056578,128,0 0 0 0 0 0 0 0 0 0 0 0 5 -5 5 -4 6 -4 6 -4 6 -4 7 -4 7 -4 7 -4 7 -4 7 -3 7 -3 7 -3 8 -3 8 -3 8 -3 8 -3 9 -3 8 -3 9 -3 9 -3 9 -3 9 -3 9 -3 9 -3 9 -3 9 -3 0 0 10 -4 10 -4 10 -4 10 -4 10 -4 10 -4 10 -4 10 -5 10 -5 11 -5 11 -5 11 -5 11 -5 11 -5 11 -6 11 -6 12 -5 12 -6 12 -6 12 -6 12 -6 12 -6 12 -6 13 -6 13 -6 13 -6 0 0 0 0 0 0 0 0 0 0
1784740901.554687,53083,-45,11,1,7,1,-95,1,623061999,128,0 0 0 0 0 0 0 0 0 0 0 0 -8 0 -8 0 -8 -1 -8 -1 -8 -1 -8 -2 -9 -2 -8 -2 -9 -2 -9 -3 -9 -3 -9 -3 -9 -3 -9 -3 -9 -3 -10 -3 -10 -3 -10 -4 -10 -4 -10 -4 -10 -4 -10 -4 -11 -4 -10 -4 -10 -4 -11 -4 0 0 -11 -4 -11 -4 -11 -4 -12 -3 -11 -3 -12 -4 -12 -3 -12 -3 -12 -3 -13 -3 -13 -3 -13 -3 -13 -3 -13 -3 -14 -3 -14 -2 -14 -3 -14 -3 -14 -3 -14 -2 -14 -2 -15 -2 -15 -3 -15 -3 -14 -3 -15 -3 0 0 0 0 0 0 0 0 0 0
1784740901.568662,53084,-44,11,1,7,1,-95,1,623071773,128,0 0 0 0 0 0 0 0 0 0 0 0 -5 4 -6 4 -6 4 -6 4 -6 4 -7 4 -7 4 -7 4 -7 4 -7 4 -8 4 -8 4 -8 4 -8 3 -9 4 -9 4 -9 4 -9 3 -10 4 -9 4 -10 4 -10 4 -10 4 -10 4 -10 3 -11 4 0 0 -11 4 -11 4 -11 4 -11 4 -11 4 -11 4 -11 5 -11 5 -11 5 -12 5 -12 5 -12 5 -12 5 -12 5 -12 6 -13 6 -12 5 -13 6 -12 6 -13 6 -13 6 -13 6 -13 6 -13 6 -13 6 -13 6 0 0 0 0 0 0 0 0 0 0
1784740901.568662,53085,-45,11,1,7,1,-95,1,623081804,128,0 0 0 0 0 0 0 0 0 0 0 0 5 3 5 4 4 4 4 4 4 5 4 5 4 5 4 5 4 5 4 5 4 5 5 5 4 6 5 6 5 6 4 7 5 7 4 7 5 7 5 7 5 7 5 7 5 7 5 7 5 7 5 8 0 0 6 8 6 8 6 8 6 8 6 8 6 8 6 8 7 8 7 9 7 8 7 9 8 8 8 9 8 9 8 9 8 10 8 9 8 10 9 10 8 10 9 10 8 10 8 10 9 10 9 10 9 11 0 0 0 0 0 0 0 0 0 0
1784740901.584907,53086,-45,11,1,7,1,-95,1,623091747,128,0 0 0 0 0 0 0 0 0 0 0 0 4 5 3 5 3 6 3 6 3 6 3 6 3 6 3 6 3 7 3 7 2 7 2 8 2 7 2 8 2 8 2 8 2 8 2 9 2 8 2 9 3 9 2 9 3 9 2 9 2 9 2 9 0 0 2 9 3 9 3 9 3 10 3 9 4 9 4 9 4 10 4 10 4 11 4 10 4 10 4 11 4 10 6 11 5 11 5 12 5 12 6 11 6 12 6 12 6 12 6 13 5 13 5 13 6 13 0 0 0 0 0 0 0 0 0 0
1784740901.596488,53087,-45,11,1,7,1,-95,1,623101808,128,0 0 0 0 0 0 0 0 0 0 0 0 -7 2 -7 2 -8 2 -8 1 -8 1 -8 1 -8 1 -8 1 -9 1 -9 0 -9 0 -9 0 -9 0 -10 0 -10 0 -10 0 -10 0 -10 -1 -10 -1 -10 0 -10 0 -11 -1 -10 -1 -10 -1 -11 -1 -11 -1 0 0 -11 -1 -11 -1 -11 -1 -11 0 -11 0 -11 0 -11 0 -12 0 -12 0 -12 0 -12 1 -12 1 -13 1 -13 1 -13 1 -13 1 -13 1 -13 1 -13 1 -14 1 -14 1 -14 1 -14 1 -14 1 -15 1 -15 1 0 0 0 0 0 0 0 0 0 0
1784740901.600691,53088,-45,11,1,7,1,-95,1,623111828,128,0 0 0 0 0 0 0 0 0 0 0 0 7 2 7 2 7 3 7 3 6 3 7 3 7 3 7 4 7 4 7 4 7 5 7 4 7 5 7 5 7 5 7 6 7 6 7 6 7 6 7 6 7 6 7 6 7 6 7 6 7 7 8 6 0 0 8 6 8 7 8 7 8 6 8 6 8 6 9 6 9 6 9 6 9 6 9 7 10 6 10 7 10 7 10 7 10 7 10 7 11 7 11 6 11 6 11 6 11 7 11 7 11 7 11 7 12 7 0 0 0 0 0 0 0 0 0 0
1784740901.620782,53089,-44,11,1,7,1,-95,1,623121942,128,0 0 0 0 0 0 0 0 0 0 0 0 7 1 7 2 7 3 7 3 7 3 7 3 7 3 7 4 7 4 7 4 7 4 7 5 7 5 7 5 7 5 8 5 8 6 8 6 8 6 8 6 8 6 8 6 8 6 8 6 8 6 8 6 0 0 8 6 8 6 8 6 9 6 9 6 9 6 9 5 10 6 9 6 10 6 10 6 10 6 10 6 10 6 11 6 11 6 11 6 12 6 12 6 12 6 12 6 12 6 12 6 12 7 12 7 12 7 0 0 0 0 0 0 0 0 0 0
1784740901.620782,53090,-44,11,1,7,1,-95,1,623131758,128,0 0 0 0 0 0 0 0 0 0 0 0 -8 1 -8 1 -8 0 -8 0 -8 0 -9 0 -9 -1 -9 0 -9 -1 -9 -1 -9 -1 -9 -1 -10 -2 -10 -2 -10 -2 -10 -2 -10 -2 -10 -2 -10 -2 -10 -2 -11 -2 -11 -3 -11 -2 -11 -3 -11 -3 -11 -3 0 0 -11 -2 -11 -2 -12 -2 -11 -2 -12 -2 -12 -2 -12 -2 -12 -1 -12 -1 -13 -1 -13 -1 -13 -1 -13 -1 -14 -1 -13 -1 -14 -1 -13 -1 -14 0 -14 0 -14 0 -15 0 -15 0 -15 0 -15 0 -15 0 -16 0 0 0 0 0 0 0 0 0 0 0
1784740901.632651,53091,-45,11,1,7,1,-95,1,623141752,128,0 0 0 0 0 0 0 0 0 0 0 0 -1 7 -1 7 -1 7 -2 7 -2 7 -2 7 -2 7 -2 8 -3 8 -3 8 -3 8 -3 8 -4 8 -4 8 -4 8 -5 8 -5 9 -5 8 -5 9 -5 9 -5 9 -5 8 -5 9 -5 9 -5 9 -5 9 0 0 -5 9 -5 9 -5 9 -5 9 -5 9 -4 9 -4 10 -4 10 -4 10 -4 10 -4 10 -4 11 -4 11 -4 11 -4 11 -4 12 -4 11 -4 12 -4 12 -3 12 -3 12 -4 12 -3 12 -4 12 -4 12 -4 13 0 0 0 0 0 0 0 0 0 0
1784740901.632651,53092,-45,11,1,7,1,-95,1,623151779,128,0 0 0 0 0 0 0 0 0 0 0 0 -6 3 -6 3 -7 3 -7 3 -7 3 -7 3 -7 3 -8 3 -8 3 -9 3 -9 2 -9 2 -9 2 -9 2 -9 2 -10 2 -10 2 -10 2 -10 2 -10 2 -11 2 -11 2 -11 2 -11 2 -11 2 -11 2 0 0 -11 2 -11 2 -11 2 -11 3 -11 3 -11 3 -11 4 -11 4 -11 4 -12 4 -12 4 -12 4 -12 4 -11 4 -12 5 -12 5 -13 5 -12 5 -12 6 -12 6 -13 6 -12 6 -13 6 -13 5 -13 6 -13 6 0 0 0 0 0 0 0 0 0 0
1784740901.648710,53093,-45,11,1,7,1,-95,1,623161802,128,0 0 0 0 0 0 0 0 0 0 0 0 3 -6 3 -6 4 -6 4 -6 5 -6 5 -6 5 -6 5 -6 5 -6 5 -6 6 -6 6 -6 6 -6 7 -6 7 -7 7 -6 7 -7 7 -6 7 -7 8 -6 8 -6 8 -6 8 -6 8 -6 8 -6 8 -7 0 0 8 -7 8 -7 8 -7 8 -7 8 -7 8 -7 8 -8 8 -8 8 -8 8 -8 8 -8 9 -9 9 -9 9 -9 9 -10 9 -10 9 -9 9 -10 9 -10 9 -10 9 -10 10 -11 10 -10 10 -10 10 -10 11 -10 0 0 0 0 0 0 0 0 0 0
1784740901.668628,53094,-45,11,1,7,1,-95,1,623171837,128,0 0 0 0 0 0 0 0 0 0 0 0 -1 7 -2 7 -2 7 -2 7 -3 7 -3 7 -3 7 -3 7 -3 7 -4 7 -4 8 -4 7 -4 7 -5 7 -4 8 -5 8 -5 8 -5 8 -5 8 -5 8 -5 8 -5 8 -6 8 -6 8 -6 8 -5 8 0 0 -5 8 -5 9 -5 8 -5 9 -5 9 -5 9 -4 9 -4 10 -4 10 -5 11 -5 10 -5 10 -4 10 -4 10 -4 12 -4 11 -5 12 -4 12 -4 12 -3 13 -4 12 -3 12 -5 13 -5 13 -5 13 -5 13 0 0 0 0 0 0 0 0 0 0
1784740901.680552,53095,-45,11,1,7,1,-95,1,623182733,128,0 0 0 0 0 0 0 0 0 0 0 0 7 -1 7 0 7 1 7 1 8 1 8 1 7 1 8 1 8 2 8 2 8 3 8 2 8 3 9 3 8 4 9 4 9 4 8 4 10 4 9 4 9 4 9 5 10 4 9 4 9 4 9 4 0 0 9 4 9 4 9 4 9 3 9 4 9 3 10 4 11 3 10 4 10 3 10 2 12 3 11 3 11 3 11 3 12 4 11 2 11 3 12 2 12 3 12 2 12 3 12 2 12 3 13 2 12 2 0 0 0 0 0 0 0 0 0 0
1784740901.680552,53096,-45,11,1,7,1,-95,1,623192029,128,0 0 0 0 0 0 0 0 0 0 0 0 1 7 0 7 0 7 -1 8 -1 8 -1 8 -1 8 -1 9 -2 8 -2 8 -2 9 -2 9 -3 9 -3 9 -3 9 -4 9 -4 10 -4 9 -4 10 -4 9 -4 10 -4 10 -4 10 -4 9 -4 9 -4 10 0 0 -4 10 -4 10 -4 10 -4 10 -4 10 -4 10 -3 10 -3 10 -3 10 -3 11 -3 11 -3 11 -3 11 -3 12 -3 12 -3 12 -3 11 -2 12 -2 13 -2 13 -2 13 -2 13 -2 13 -2 13 -2 13 -2 14 0 0 0 0 0 0 0 0 0 0
1784740901.696863,53097,-45,11,1,7,1,-95,1,623202273,128,0 0 0 0 0 0 0 0 0 0 0 0 -8 1 -8 1 -8 1 -8 0 -9 0 -8 0 -9 0 -9 0 -9 -1 -9 -1 -10 -1 -10 -2 -10 -2 -10 -2 -10 -2 -10 -2 -10 -2 -11 -3 -10 -3 -10 -3 -10 -3 -10 -3 -11 -3 -11 -3 -10 -3 -10 -3 0 0 -11 -3 -11 -3 -10 -3 -11 -3 -11 -2 -11 -3 -11 -2 -12 -2 -11 -2 -12 -2 -12 -2 -12 -2 -12 -2 -12 -2 -13 -1 -13 -1 -13 -2 -13 -1 -13 -1 -14 -1 -13 -1 -14 -1 -14 -1 -14 -2 -14 -1 -14 -1 0 0 0 0 0 0 0 0 0 0
1784740901.696863,53098,-44,11,1,7,1,-95,1,623211728,128,0 0 0 0 0 0 0 0 0 0 0 0 -8 -3 -8 -4 -7 -4 -8 -5 -7 -5 -8 -5 -7 -5 -8 -5 -8 -6 -7 -6 -7 -6 -7 -6 -8 -7 -7 -7 -8 -7 -7 -7 -8 -8 -7 -8 -8 -8 -8 -8 -8 -8 -7 -8 -8 -8 -7 -9 -7 -8 -7 -9 0 0 -8 -8 -8 -8 -8 -8 -8 -8 -8 -8 -8 -8 -8 -8 -9 -8 -9 -8 -9 -8 -9 -8 -10 -8 -9 -8 -10 -8 -10 -8 -10 -9 -10 -8 -10 -8 -10 -8 -11 -8 -11 -8 -11 -8 -11 -8 -11 -9 -11 -8 -11 -9 0 0 0 0 0 0 0 0 0 0
1784740901.712433,53099,-44,11,1,7,1,-95,1,623222145,128,0 0 0 0 0 0 0 0 0 0 0 0 -4 -7 -4 -8 -3 -8 -3 -8 -3 -9 -3 -9 -3 -9 -3 -9 -3 -9 -3 -10 -2 -10 -2 -10 -2 -10 -2 -10 -2 -10 -1 -11 -2 -11 -1 -11 -1 -11 -1 -11 -1 -11 -1 -11 -2 -12 -1 -11 -1 -11 -1 -12 0 0 -1 -12 -1 -12 -2 -12 -2 -12 -2 -11 -2 -12 -3 -12 -3 -12 -3 -12 -3 -13 -3 -12 -3 -12 -3 -12 -4 -13 -4 -13 -4 -13 -4 -13 -4 -13 -4 -13 -5 -13 -5 -13 -5 -14 -5 -14 -5 -14 -5 -14 -5 -14 0 0 0 0 0 0 0 0 0 0
1784740901.728342,53100,-45,11,1,7,1,-95,1,623233474,128,0 0 0 0 0 0 0 0 0 0 0 0 0 -7 0 -8 1 -8 1 -8 2 -8 2 -8 2 -8 2 -8 2 -8 3 -9 3 -9 3 -9 3 -9 4 -9 3 -9 4 -9 4 -9 4 -10 4 -10 4 -10 5 -10 5 -10 5 -10 5 -10 5 -10 5 -10 0 0 5 -10 5 -11 5 -10 5 -11 5 -11 5 -11 5 -11 5 -12 5 -12 5 -12 5 -12 5 -12 5 -13 5 -13 5 -13 5 -13 5 -13 5 -13 5 -14 5 -14 5 -14 5 -14 6 -14 6 -14 6 -14 6 -15 0 0 0 0 0 0 0 0 0 0
1784740901.728342,53101,-46,11,1,7,1,-95,1,623241827,128,0 0 0 0 0 0 0 0 0 0 0 0 -7 0 -8 0 -7 0 -8 0 -8 -1 -8 -1 -8 -1 -8 -1 -8 -1 -8 -1 -8 -1 -9 -1 -9 -2 -9 -2 -9 -2 -9 -2 -9 -2 -9 -2 -10 -2 -10 -2 -10 -2 -10 -2 -10 -2 -10 -2 -10 -2 -11 -2 0 0 -11 -1 -11 -1 -11 -2 -11 -1 -11 -1 -12 -1 -12 -1 -12 -1 -12 -1 -13 0 -13 0 -13 0 -13 0 -14 0 -13 0 -14 0 -13 0 -14 0 -14 0 -15 0 -15 0 -15 0 -15 0 -15 0 -15 0 -16 0 0 0 0 0 0 0 0 0 0 0
1784740901.744539,53102,-45,11,1,7,1,-95,1,623251838,128,0 0 0 0 0 0 0 0 0 0 0 0 7 -3 7 -3 8 -2 8 -2 8 -2 8 -1 8 -1 8 -1 9 -1 8 -1 9 -1 9 0 9 0 9 0 9 0 9 1 9 0 9 1 9 1 9 1 9 0 9 1 9 0 9 1 9 1 10 1 0 0 10 1 10 1 10 1 10 0 10 0 10 0 10 0 10 -1 11 0 11 -1 11 0 11 -1 12 -1 12 -1 12 -1 12 -1 12 -1 12 -1 13 -1 13 -2 13 -2 13 -1 13 -2 13 -1 14 -1 14 -1 0 0 0 0 0 0 0 0 0 0
1784740901.744539,53103,-44,11,1,7,1,-95,1,623261751,128,0 0 0 0 0 0 0 0 0 0 0 0 -7 4 -7 3 -8 3 -8 3 -8 2 -8 2 -9 2 -9 2 -9 2 -9 1 -9 1 -10 1 -10 1 -10 1 -10 1 -10 0 -10 1 -10 1 -10 0 -11 0 -11 0 -10 0 -11 0 -11 0 -10 0 -11 0 0 0 -11 0 -11 0 -10 0 -11 1 -11 1 -11 1 -11 1 -11 1 -11 1 -11 2 -12 2 -11 2 -12 2 -12 2 -12 2 -12 2 -12 2 -13 2 -13 3 -13 3 -13 3 -13 3 -13 3 -13 3 -13 3 -13 4 0 0 0 0 0 0 0 0 0 0
1784740901.764904,53104,-44,11,1,7,1,-95,1,623271780,128,0 0 0 0 0 0 0 0 0 0 0 0 -6 4 -6 4 -6 3 -7 3 -7 3 -8 3 -8 3 -8 3 -8 3 -8 2 -9 2 -9 2 -9 2 -9 2 -10 2 -9 2 -10 2 -10 2 -11 2 -10 2 -11 2 -11 2 -11 2 -10 1 -11 2 -11 2 0 0 -11 2 -11 2 -12 2 -11 2 -11 2 -11 3 -11 3 -12 3 -12 3 -12 3 -12 3 -12 4 -12 4 -13 4 -12 4 -13 4 -12 4 -13 4 -13 5 -13 5 -13 5 -14 5 -13 5 -14 5 -14 5 -14 5 0 0 0 0 0 0 0 0 0 0
1784740901.776373,53105,-46,11,1,7,1,-95,1,623281801,128,0 0 0 0 0 0 0 0 0 0 0 0 5 1 5 2 5 2 5 2 5 2 5 2 5 2 5 2 5 3 5 3 6 3 6 3 6 3 6 3 6 4 6 4 6 4 6 4 6 4 7 4 7 4 7 4 7 5 7 5 7 5 7 5 0 0 7 5 8 5 7 5 8 5 8 5 8 5 9 5 9 5 9 5 10 5 10 5 10 5 10 5 10 5 11 6 11 5 11 6 11 5 12 5 12 5 12 5 12 6 12 6 12 6 12 7 12 7 0 0 0 0 0 0 0 0 0 0
1784740901.792466,53106,-46,11,1,7,1,-95,1,623291880,128,0 0 0 0 0 0 0 0 0 0 0 0 6 -5 7 -4 7 -4 7 -3 7 -3 7 -3 7 -3 8 -3 7 -3 8 -3 8 -3 8 -3 8 -2 8 -2 8 -2 8 -2 9 -2 8 -2 9 -2 9 -2 9 -2 9 -2 9 -2 9 -2 9 -2 9 -2 0 0 9 -2 9 -3 9 -3 9 -3 9 -4 9 -3 9 -4 9 -4 10 -4 10 -5 10 -5 10 -5 10 -5 11 -5 10 -5 11 -6 10 -5 11 -6 11 -6 11 -6 11 -6 11 -6 11 -6 11 -6 11 -7 12 -7 0 0 0 0 0 0 0 0 0 0
1784740901.796993,53107,-44,11,1,7,1,-95,1,623304429,128,0 0 0 0 0 0 0 0 0 0 0 0 5 -6 6 -6 6 -6 7 -6 7 -5 7 -6 7 -5 8 -5 8 -5 8 -5 8 -5 9 -5 9 -5 9 -4 10 -4 10 -4 10 -4 10 -4 10 -4 10 -4 10 -4 10 -4 10 -4 10 -3 10 -3 10 -4 0 0 11 -4 10 -4 10 -4 10 -4 10 -4 10 -4 10 -4 10 -5 10 -5 10 -5 10 -5 10 -6 10 -6 11 -6 10 -6 11 -6 10 -6 11 -6 11 -6 11 -7 11 -7 11 -7 11 -7 11 -7 11 -7 11 -7 0 0 0 0 0 0 0 0 0 0
1784740901.796993,53108,-43,11,1,7,1,-95,1,623311813,128,0 0 0 0 0 0 0 0 0 0 0 0 3 7 3 7 3 7 2 7 2 8 2 8 2 8 2 8 2 9 1 9 1 9 1 9 1 10 1 10 1 10 1 10 0 10 0 11 0 10 0 11 0 11 0 11 0 11 0 11 -1 10 0 11 0 0 0 11 0 11 0 11 0 11 1 11 1 11 1 11 2 11 2 11 2 11 2 12 2 11 2 11 2 11 3 12 3 12 3 12 4 12 4 12 4 12 4 12 4 12 4 12 4 12 4 12 4 12 0 0 0 0 0 0 0 0 0 0
1784740901.808628,53109,-44,11,1,7,1,-95,1,623321978,128,0 0 0 0 0 0 0 0 0 0 0 0 3 -6 4 -6 4 -6 4 -6 5 -6 5 -6 5 -6 5 -6 6 -6 6 -6 6 -6 7 -6 7 -6 7 -6 7 -6 7 -5 8 -6 8 -6 8 -6 8 -6 8 -5 8 -5 9 -5 9 -5 9 -5 9 -5 0 0 9 -6 9 -6 9 -5 9 -6 9 -6 9 -6 9 -6 9 -6 9 -6 9 -7 9 -7 9 -7 9 -7 9 -7 9 -8 9 -8 9 -8 9 -8 9 -8 9 -9 9 -9 9 -9 9 -9 10 -9 10 -9 10 -9 0 0 0 0 0 0 0 0 0 0
1784740901.824372,53110,-45,11,1,7,1,-95,1,623331807,128,0 0 0 0 0 0 0 0 0 0 0 0 -5 5 -5 5 -5 5 -6 5 -6 5 -6 5 -7 5 -7 5 -7 5 -7 5 -8 5 -8 5 -8 5 -9 5 -9 5 -9 5 -9 5 -9 5 -10 5 -10 5 -10 5 -10 5 -10 5 -10 5 -10 5 -10 5 0 0 -10 5 -10 5 -11 5 -10 5 -10 5 -10 5 -10 6 -10 6 -11 6 -10 7 -11 7 -10 7 -11 7 -11 7 -11 7 -11 8 -11 7 -11 8 -11 8 -11 8 -11 8 -11 8 -11 8 -11 8 -11 9 -11 9 0 0 0 0 0 0 0 0 0 0
1784740901.824372,53111,-44,11,1,7,1,-95,1,623341833,128,0 0 0 0 0 0 0 0 0 0 0 0 -5 -6 -5 -6 -5 -6 -5 -7 -5 -7 -5 -7 -5 -7 -5 -8 -5 -8 -5 -8 -5 -8 -5 -9 -4 -9 -5 -9 -5 -9 -5 -10 -4 -10 -5 -10 -4 -10 -4 -11 -4 -11 -4 -11 -4 -11 -4 -11 -4 -11 -4 -11 0 0 -4 -11 -4 -12 -4 -11 -4 -12 -5 -11 -4 -11 -5 -11 -5 -12 -5 -12 -6 -12 -6 -12 -6 -12 -6 -12 -6 -12 -7 -13 -6 -12 -6 -13 -6 -13 -7 -13 -7 -13 -7 -13 -7 -13 -7 -13 -7 -14 -7 -13 -7 -13 0 0 0 0 0 0 0 0 0 0
1784740901.845358,53112,-43,11,1,7,1,-95,1,623353858,128,0 0 0 0 0 0 0 0 0 0 0 0 -7 -3 -7 -4 -7 -4 -7 -4 -7 -5 -7 -5 -7 -5 -7 -5 -7 -5 -7 -6 -7 -6 -7 -6 -7 -7 -7 -7 -7 -7 -7 -7 -7 -7 -8 -8 -8 -8 -8 -8 -8 -8 -8 -8 -8 -8 -7 -8 -7 -9 -8 -9 0 0 -8 -8 -8 -9 -8 -8 -9 -8 -8 -8 -9 -8 -9 -8 -9 -8 -9 -8 -10 -9 -10 -9 -10 -8 -10 -8 -10 -8 -11 -8 -11 -8 -11 -9 -11 -9 -11 -8 -12 -8 -12 -8 -12 -8 -12 -9 -12 -9 -12 -9 -12 -9 0 0 0 0 0 0 0 0 0 0
1784740901.856199,53113,-44,11,1,7,1,-95,1,623361831,128,0 0 0 0 0 0 0 0 0 0 0 0 -8 0 -8 0 -8 -1 -9 -1 -9 -1 -9 -1 -9 -2 -9 -2 -9 -2 -9 -2 -9 -2 -10 -2 -10 -3 -10 -3 -10 -3 -10 -3 -10 -4 -10 -4 -10 -4 -10 -4 -10 -4 -10 -4 -11 -4 -11 -4 -11 -4 -11 -4 0 0 -11 -4 -11 -4 -11 -4 -11 -4 -11 -3 -12 -4 -12 -3 -12 -3 -12 -3 -12 -3 -13 -3 -13 -2 -13 -3 -13 -3 -13 -3 -14 -3 -13 -3 -14 -2 -14 -2 -14 -2 -14 -2 -14 -2 -14 -2 -15 -2 -14 -2 -15 -2 0 0 0 0 0 0 0 0 0 0
1784740901.856199,53114,-44,11,1,7,1,-95,1,623372042,128,0 0 0 0 0 0 0 0 0 0 0 0 -8 -1 -8 -2 -8 -2 -8 -3 -8 -3 -8 -3 -9 -4 -8 -4 -8 -4 -9 -5 -8 -5 -8 -5 -8 -5 -9 -5 -8 -6 -9 -6 -9 -6 -9 -6 -9 -6 -9 -6 -9 -6 -9 -6 -10 -6 -9 -7 -9 -7 -9 -7 0 0 -10 -6 -10 -6 -10 -6 -11 -6 -11 -6 -11 -6 -11 -6 -11 -6 -11 -6 -12 -6 -12 -6 -12 -6 -12 -6 -12 -5 -13 -5 -13 -5 -13 -6 -13 -6 -13 -5 -14 -5 -14 -5 -14 -5 -14 -5 -14 -6 -14 -6 -14 -6 0 0 0 0 0 0 0 0 0 0
1784740901.872074,53115,-44,11,1,7,1,-95,1,623384204,128,0 0 0 0 0 0 0 0 0 0 0 0 0 6 -1 6 -1 6 -1 6 -1 7 -2 7 -2 7 -2 7 -2 7 -2 7 -3 8 -3 8 -3 8 -3 8 -4 9 -4 8 -4 9 -4 8 -5 9 -5 9 -5 9 -5 9 -5 9 -5 9 -5 9 -5 10 0 0 -5 10 -5 10 -6 10 -5 9 -5 10 -5 10 -5 10 -5 10 -5 11 -5 11 -5 11 -4 11 -5 11 -5 12 -5 12 -5 12 -5 12 -5 12 -5 12 -5 13 -5 13 -5 13 -5 13 -5 13 -5 13 -5 13 0 0 0 0 0 0 0 0 0 0
1784740901.888199,53116,-45,11,1,7,1,-95,1,623391867,128,0 0 0 0 0 0 0 0 0 0 0 0 -3 -6 -3 -7 -2 -7 -2 -7 -2 -8 -2 -8 -2 -8 -2 -8 -2 -8 -2 -9 -2 -9 -1 -9 -1 -9 -1 -10 -1 -10 0 -10 0 -10 0 -10 0 -11 0 -11 0 -11 0 -11 0 -11 0 -11 1 -11 0 -11 0 0 1 -11 1 -12 1 -11 0 -12 0 -12 0 -12 0 -12 0 -12 0 -12 0 -13 0 -13 -1 -13 -1 -13 -1 -13 -1 -14 -1 -14 -1 -14 -1 -14 -1 -14 -1 -14 -1 -14 -1 -15 -1 -15 -1 -15 -1 -15 -1 -15 0 0 0 0 0 0 0 0 0 0
1784740901.897241,53117,-45,11,1,7,1,-95,1,623401738,128,0 0 0 0 0 0 0 0 0 0 0 0 -5 -6 -5 -6 -5 -7 -4 -7 -4 -7 -4 -7 -4 -8 -4 -8 -4 -8 -4 -8 -4 -9 -4 -9 -4 -9 -4 -9 -4 -9 -4 -10 -4 -10 -4 -10 -4 -10 -3 -11 -3 -10 -3 -11 -3 -11 -3 -11 -3 -11 -3 -11 0 0 -3 -11 -4 -11 -3 -11 -4 -11 -4 -11 -4 -11 -4 -11 -4 -11 -4 -11 -5 -12 -5 -12 -5 -12 -5 -11 -5 -12 -5 -12 -6 -12 -5 -12 -6 -12 -6 -12 -6 -12 -6 -12 -6 -13 -6 -13 -6 -13 -6 -13 -6 -13 0 0 0 0 0 0 0 0 0 0
1784740901.904036,53118,-44,11,1,7,1,-95,1,623411839,128,0 0 0 0 0 0 0 0 0 0 0 0 -3 -8 -3 -8 -2 -8 -2 -9 -1 -9 -1 -9 -1 -9 -1 -10 -1 -9 -1 -10 -1 -10 0 -10 0 -10 0 -11 1 -11 1 -11 1 -11 1 -11 1 -11 1 -11 1 -11 2 -12 1 -11 2 -11 2 -12 2 -12 0 0 2 -12 2 -11 2 -12 1 -12 2 -12 1 -12 1 -12 1 -12 1 -12 0 -12 1 -13 0 -13 0 -13 0 -13 0 -13 0 -14 0 -13 0 -13 0 -14 0 -14 -1 -14 0 -14 -1 -14 0 -14 0 -14 -1 -15 0 0 0 0 0 0 0 0 0 0
1784740901.904036,53119,-44,11,1,7,1,-95,1,623421773,128,0 0 0 0 0 0 0 0 0 0 0 0 -7 -3 -7 -3 -7 -3 -7 -4 -7 -4 -8 -4 -8 -4 -8 -4 -8 -5 -8 -5 -8 -6 -8 -6 -8 -6 -8 -6 -8 -7 -8 -7 -8 -7 -8 -8 -9 -8 -9 -8 -9 -8 -8 -8 -9 -8 -8 -8 -8 -9 -9 -9 0 0 -9 -9 -9 -9 -8 -9 -9 -9 -9 -9 -9 -9 -9 -8 -9 -8 -10 -8 -10 -9 -10 -9 -10 -9 -10 -9 -10 -8 -10 -9 -11 -9 -11 -9 -11 -8 -12 -8 -12 -8 -12 -8 -12 -9 -12 -9 -12 -9 -12 -9 -13 -9 0 0 0 0 0 0 0 0 0 0
1784740901.920019,53120,-44,11,1,7,1,-95,1,623433501,128,0 0 0 0 0 0 0 0 0 0 0 0 6 -4 6 -4 6 -4 6 -4 7 -3 7 -3 7 -3 7 -3 7 -3 8 -3 8 -3 8 -3 8 -3 9 -3 9 -3 9 -2 9 -2 9 -2 10 -2 10 -2 10 -2 10 -2 10 -2 10 -2 11 -2 11 -2 0 0 11 -2 11 -2 11 -2 11 -2 11 -2 11 -2 11 -2 11 -2 11 -2 11 -2 12 -2 11 -3 12 -3 12 -3 12 -3 12 -3 12 -3 12 -3 12 -3 12 -3 12 -4 13 -4 12 -4 13 -4 13 -4 13 -4 0 0 0 0 0 0 0 0 0 0
1784740901.936064,53121,-44,11,1,7,1,-95,1,623441787,128,0 0 0 0 0 0 0 0 0 0 0 0 4 5 4 6 3 6 3 7 3 7 3 7 3 7 3 8 3 8 3 8 3 8 3 8 3 9 3 9 3 9 2 10 2 10 2 10 2 10 2 10 2 11 2 11 2 10 2 10 2 11 2 11 0 0 2 11 2 11 2 11 2 11 2 11 2 11 2 12 2 12 2 12 3 12 3 12 3 12 3 12 3 12 3 12 3 12 3 12 4 12 4 12 4 12 4 12 4 12 4 12 4 12 4 12 4 13 0 0 0 0 0 0 0 0 0 0
1784740901.936064,53122,-43,11,1,7,1,-95,1,623451771,128,0 0 0 0 0 0 0 0 0 0 0 0 4 -6 5 -5 6 -5 5 -5 6 -5 6 -5 6 -5 7 -5 6 -5 7 -5 7 -5 8 -5 8 -4 8 -4 8 -5 9 -5 9 -5 9 -5 9 -5 9 -5 10 -5 10 -5 10 -5 10 -4 10 -4 11 -4 0 0 11 -5 11 -5 10 -4 11 -5 10 -5 11 -5 11 -5 11 -5 11 -5 11 -5 11 -5 11 -5 11 -5 11 -5 11 -6 11 -6 11 -6 11 -6 11 -7 11 -7 11 -7 11 -8 11 -7 12 -7 11 -7 11 -7 0 0 0 0 0 0 0 0 0 0
1784740901.951727,53123,-44,11,1,7,1,-95,1,623461795,128,0 0 0 0 0 0 0 0 0 0 0 0 1 5 0 5 0 6 0 6 0 6 0 6 0 7 -1 7 -1 7 -1 7 -1 7 -1 8 -2 8 -2 8 -2 9 -2 8 -2 9 -2 9 -2 9 -2 9 -3 10 -3 10 -3 10 -3 10 -3 10 -3 11 0 0 -4 11 -3 11 -4 11 -4 11 -4 11 -4 11 -4 11 -4 11 -4 11 -4 12 -4 12 -4 12 -4 12 -4 12 -3 12 -3 12 -4 12 -3 12 -3 12 -3 12 -3 12 -3 13 -3 12 -3 13 -3 13 -3 13 0 0 0 0 0 0 0 0 0 0
1784740901.967527,53124,-46,11,1,7,1,-95,1,623471885,128,0 0 0 0 0 0 0 0 0 0 0 0 -2 5 -2 4 -3 5 -3 5 -3 5 -3 5 -3 5 -3 6 -4 6 -4 5 -4 6 -4 6 -5 6 -5 6 -4 6 -5 6 -5 7 -5 7 -5 7 -5 7 -5 7 -5 7 -6 8 -6 8 -6 8 -6 8 0 0 -7 8 -7 9 -7 9 -7 9 -7 9 -7 10 -7 10 -7 10 -7 10 -8 11 -8 10 -7 10 -8 10 -8 10 -8 11 -8 11 -8 10 -8 11 -8 11 -7 11 -8 11 -7 11 -8 11 -8 11 -8 11 -8 11 0 0 0 0 0 0 0 0 0 0
1784740901.967527,53125,-45,11,1,7,1,-95,1,623483923,128,0 0 0 0 0 0 0 0 0 0 0 0 -6 5 -6 4 -7 4 -7 4 -8 4 -7 4 -8 4 -8 4 -8 4 -9 4 -9 3 -9 3 -9 3 -9 3 -9 3 -10 3 -9 3 -10 3 -10 3 -10 3 -10 3 -10 3 -11 3 -10 3 -10 3 -10 3 0 0 -10 3 -11 4 -10 3 -11 4 -10 4 -11 4 -11 5 -11 5 -11 5 -12 6 -12 5 -11 5 -11 5 -11 5 -12 6 -11 6 -12 6 -12 6 -12 6 -12 7 -12 6 -12 7 -12 7 -12 6 -12 7 -12 7 0 0 0 0 0 0 0 0 0 0
1784740901.983587,53126,-43,11,1,7,1,-95,1,623491823,128,0 0 0 0 0 0 0 0 0 0 0 0 1 8 1 8 0 8 -1 8 -1 8 -1 8 -1 9 -2 9 -2 9 -2 9 -3 9 -3 9 -3 9 -3 10 -3 10 -4 10 -4 10 -4 10 -4 10 -4 10 -4 10 -4 10 -4 10 -4 10 -4 10 -4 10 0 0 -4 10 -4 10 -4 10 -4 11 -3 11 -3 10 -3 11 -3 11 -3 11 -3 12 -3 11 -3 12 -3 12 -3 12 -2 12 -2 12 -2 12 -2 12 -2 12 -2 13 -1 13 -2 13 -1 13 -1 13 -1 13 -1 14 0 0 0 0 0 0 0 0 0 0
1784740901.999403,53127,-43,11,1,7,1,-95,1,623501736,128,0 0 0 0 0 0 0 0 0 0 0 0 1 -8 2 -8 2 -8 3 -8 3 -8 3 -8 4 -8 4 -8 4 -8 4 -8 5 -8 5 -8 5 -8 6 -8 6 -8 6 -8 7 -8 6 -8 7 -8 7 -8 7 -8 7 -8 7 -8 7 -8 7 -8 7 -8 0 0 8 -8 7 -8 8 -8 7 -8 7 -8 7 -8 7 -9 7 -9 7 -9 7 -9 7 -10 7 -10 7 -10 7 -10 7 -10 7 -10 7 -10 7 -11 7 -11 7 -11 7 -11 7 -11 6 -11 7 -11 7 -12 7 -12 0 0 0 0 0 0 0 0 0 0
1784740902.003708,53128,-44,11,1,7,1,-95,1,623511853,128,0 0 0 0 0 0 0 0 0 0 0 0 -7 -3 -7 -4 -7 -4 -7 -5 -7 -5 -7 -5 -7 -6 -7 -6 -7 -6 -7 -7 -7 -7 -7 -7 -6 -8 -6 -8 -7 -8 -7 -8 -6 -8 -7 -9 -6 -9 -6 -9 -7 -9 -6 -9 -6 -9 -6 -9 -6 -9 -6 -9 0 0 -6 -9 -6 -10 -6 -9 -7 -10 -6 -9 -7 -9 -7 -9 -7 -9 -6 -9 -8 -10 -7 -9 -7 -9 -7 -9 -7 -9 -8 -10 -8 -9 -8 -9 -8 -9 -9 -9 -9 -9 -9 -9 -9 -9 -9 -9 -10 -9 -10 -9 -10 -9 0 0 0 0 0 0 0 0 0 0
1784740902.015494,53129,-45,11,1,7,1,-95,1,623521758,128,0 0 0 0 0 0 0 0 0 0 0 0 -3 -6 -2 -7 -2 -7 -2 -8 -2 -8 -1 -8 -1 -8 -1 -8 0 -9 0 -9 0 -9 1 -9 1 -9 1 -9 1 -10 2 -10 1 -10 2 -10 2 -10 1 -10 2 -10 2 -10 2 -10 3 -10 3 -10 3 -11 0 0 2 -11 3 -11 3 -11 2 -11 2 -11 2 -11 2 -11 2 -11 2 -11 2 -11 2 -11 1 -11 1 -12 1 -12 1 -12 1 -12 0 -12 0 -12 0 -12 0 -13 -1 -13 0 -13 0 -12 -1 -13 0 -13 -1 -13 0 0 0 0 0 0 0 0 0 0
1784740902.015494,53130,-47,11,1,7,1,-95,1,623531787,128,0 0 0 0 0 0 0 0 0 0 0 0 1 -5 1 -6 1 -6 2 -6 2 -6 2 -6 2 -6 3 -7 3 -7 3 -7 4 -7 4 -7 4 -8 4 -8 5 -8 5 -8 6 -8 6 -7 6 -8 6 -8 6 -8 6 -8 6 -8 6 -8 6 -8 7 -8 0 0 7 -8 7 -8 7 -8 7 -8 7 -9 7 -9 7 -9 7 -9 7 -9 7 -10 7 -10 7 -10 7 -10 7 -10 7 -10 7 -10 7 -10 7 -10 7 -11 7 -11 7 -11 7 -11 7 -11 7 -11 6 -11 7 -11 0 0 0 0 0 0 0 0 0 0
1784740902.031710,53131,-45,11,1,7,1,-95,1,623541822,128,0 0 0 0 0 0 0 0 0 0 0 0 -7 2 -7 2 -8 1 -8 1 -8 1 -8 1 -9 1 -9 1 -10 1 -10 0 -10 0 -10 -1 -11 -1 -11 -1 -11 -1 -11 -1 -11 -1 -12 -1 -11 -1 -12 -1 -12 -1 -12 -1 -12 -2 -12 -2 -12 -2 -12 -2 0 0 -12 -2 -12 -1 -12 -1 -13 -1 -12 -1 -12 -1 -12 -1 -13 -1 -12 0 -13 0 -13 -1 -13 0 -13 0 -13 0 -14 1 -13 1 -14 1 -14 1 -14 1 -14 2 -14 1 -13 2 -14 1 -14 1 -14 1 -14 1 0 0 0 0 0 0 0 0 0 0
1784740902.054488,53132,-43,11,1,7,1,-95,1,623552052,128,0 0 0 0 0 0 0 0 0 0 0 0 6 -4 7 -4 7 -3 8 -3 8 -3 8 -3 9 -2 9 -3 9 -2 10 -2 10 -2 10 -1 11 -1 11 -1 11 -1 11 0 11 0 11 0 11 0 11 0 11 0 11 1 11 0 11 1 11 1 12 1 0 0 12 1 11 1 11 1 11 0 11 0 11 0 11 0 11 0 11 0 12 -1 11 -1 11 -1 12 -1 12 -2 12 -2 12 -2 11 -2 11 -2 12 -2 12 -3 12 -3 12 -3 11 -3 11 -3 11 -3 12 -4 0 0 0 0 0 0 0 0 0 0
1784740902.054488,53133,-42,11,1,7,1,-95,1,623561714,128,0 0 0 0 0 0 0 0 0 0 0 0 4 5 4 6 4 7 4 7 4 7 4 8 4 8 4 9 3 9 3 9 3 9 3 10 3 10 2 11 2 11 2 11 2 11 2 11 1 12 1 11 2 12 1 12 1 12 1 12 1 12 1 12 0 0 1 12 1 12 0 12 1 12 1 11 1 12 1 11 2 12 2 11 2 12 2 11 2 11 2 11 3 11 3 11 3 11 3 11 3 11 4 11 4 11 4 11 4 11 4 11 4 11 5 10 5 10 0 0 0 0 0 0 0 0 0 0
1784740902.063859,53134,-44,11,1,7,1,-95,1,623572239,128,0 0 0 0 0 0 0 0 0 0 0 0 -7 2 -7 2 -8 2 -8 1 -8 1 -9 1 -9 1 -10 1 -10 0 -10 0 -10 0 -11 -1 -11 -1 -11 -2 -12 -2 -12 -2 -12 -2 -12 -2 -12 -3 -12 -3 -12 -3 -12 -4 -12 -3 -12 -3 -12 -4 -12 -4 0 0 -12 -4 -12 -3 -12 -4 -12 -3 -12 -3 -12 -3 -12 -3 -12 -3 -12 -3 -12 -3 -12 -2 -12 -2 -12 -2 -13 -2 -12 -1 -13 -1 -12 -1 -12 -1 -12 -1 -12 0 -12 0 -12 0 -12 0 -12 0 -12 1 -12 1 0 0 0 0 0 0 0 0 0 0
1784740902.079899,53135,-46,11,1,7,1,-95,1,623581770,128,0 0 0 0 0 0 0 0 0 0 0 0 -3 3 -4 4 -4 4 -5 4 -5 4 -6 4 -6 4 -7 4 -7 4 -7 4 -8 4 -8 4 -9 4 -9 4 -10 4 -10 3 -10 3 -11 3 -11 3 -11 3 -11 3 -12 3 -12 3 -12 2 -12 2 -12 3 0 0 -12 2 -13 2 -12 2 -12 2 -12 2 -12 2 -12 3 -12 3 -12 3 -13 3 -12 3 -12 3 -12 3 -12 4 -12 4 -12 4 -12 4 -12 4 -12 4 -12 4 -12 4 -12 5 -11 5 -11 5 -11 5 -11 5 0 0 0 0 0 0 0 0 0 0
1784740902.079899,53136,-46,11,1,7,1,-95,1,623591847,128,0 0 0 0 0 0 0 0 0 0 0 0 -5 -3 -5 -3 -5 -4 -5 -4 -5 -4 -5 -4 -6 -4 -6 -5 -6 -5 -6 -5 -6 -6 -6 -6 -7 -7 -7 -7 -7 -7 -7 -8 -7 -8 -7 -8 -7 -8 -7 -8 -7 -9 -7 -9 -8 -9 -7 -10 -7 -10 -7 -10 0 0 -8 -10 -8 -10 -7 -10 -8 -11 -8 -10 -8 -10 -9 -10 -9 -10 -9 -11 -9 -11 -9 -11 -9 -11 -9 -11 -9 -11 -10 -11 -10 -11 -10 -12 -10 -11 -10 -11 -11 -11 -11 -11 -11 -11 -11 -12 -10 -12 -10 -12 -11 -12 0 0 0 0 0 0 0 0 0 0
1784740902.097745,53137,-44,11,1,7,1,-95,1,623601784,128,0 0 0 0 0 0 0 0 0 0 0 0 1 5 1 6 1 6 0 6 0 6 0 6 0 7 0 7 0 7 -1 8 -1 8 -1 8 -1 8 -1 8 -1 8 -1 9 -1 9 -2 9 -2 9 -2 9 -2 9 -2 9 -2 10 -2 10 -2 10 -3 10 0 0 -3 10 -3 10 -3 10 -2 10 -2 11 -2 11 -2 11 -2 11 -2 11 -2 12 -2 12 -2 12 -2 12 -2 12 -2 12 -2 12 -2 12 -1 13 -1 13 -1 13 -1 13 -1 13 -1 13 -2 13 -1 13 -1 14 0 0 0 0 0 0 0 0 0 0
1784740902.097745,53138,-42,11,1,7,1,-95,1,623612197,128,0 0 0 0 0 0 0 0 0 0 0 0 -6 -4 -6 -4 -5 -5 -5 -5 -5 -5 -5 -5 -5 -6 -6 -6 -5 -6 -5 -6 -5 -7 -5 -7 -5 -7 -5 -8 -5 -8 -5 -8 -5 -9 -5 -9 -5 -9 -5 -9 -5 -9 -4 -9 -5 -9 -4 -9 -4 -9 -5 -10 0 0 -5 -10 -4 -10 -4 -10 -5 -10 -5 -9 -5 -10 -5 -10 -5 -10 -5 -10 -6 -10 -6 -10 -6 -10 -6 -10 -6 -11 -6 -10 -6 -11 -6 -10 -7 -11 -7 -11 -7 -11 -7 -11 -7 -11 -7 -11 -7 -11 -8 -11 -8 -12 0 0 0 0 0 0 0 0 0 0
1784740902.111570,53139,-42,11,1,7,1,-95,1,623622089,128,0 0 0 0 0 0 0 0 0 0 0 0 4 -4 5 -4 6 -4 5 -4 6 -4 6 -4 6 -3 6 -3 6 -4 7 -3 7 -3 8 -3 8 -3 8 -2 8 -3 8 -2 8 -2 9 -2 8 -2 9 -2 9 -2 9 -2 9 -1 9 -1 9 -1 9 -1 0 0 9 -1 10 -2 9 -2 10 -2 9 -2 9 -2 9 -2 10 -2 10 -2 10 -3 10 -3 10 -2 10 -3 10 -3 10 -4 10 -3 11 -4 10 -4 10 -4 11 -4 11 -4 10 -5 11 -4 11 -4 11 -5 11 -5 0 0 0 0 0 0 0 0 0 0
1784740902.130188,53140,-43,11,1,7,1,-95,1,623631818,128,0 0 0 0 0 0 0 0 0 0 0 0 -6 -2 -7 -2 -6 -3 -7 -4 -6 -4 -7 -4 -7 -4 -7 -5 -7 -5 -6 -5 -7 -6 -7 -6 -7 -6 -7 -6 -7 -7 -6 -7 -7 -7 -6 -7 -7 -8 -6 -7 -7 -8 -6 -8 -7 -8 -6 -8 -6 -8 -6 -8 0 0 -6 -9 -6 -8 -6 -9 -6 -8 -7 -8 -7 -8 -7 -8 -7 -8 -7 -8 -7 -8 -7 -8 -8 -8 -8 -8 -8 -8 -8 -8 -8 -9 -8 -8 -9 -8 -8 -8 -9 -8 -9 -8 -9 -8 -9 -8 -9 -8 -9 -9 -10 -8 0 0 0 0 0 0 0 0 0 0
1784740902.130188,53141,-45,11,1,7,1,-95,1,623641711,128,0 0 0 0 0 0 0 0 0 0 0 0 0 -7 0 -7 1 -8 1 -8 1 -8 2 -8 2 -8 2 -8 3 -8 3 -8 3 -8 3 -9 4 -9 4 -9 4 -9 5 -8 5 -9 5 -9 5 -8 5 -9 5 -9 5 -8 5 -9 5 -9 5 -9 5 -9 0 0 5 -9 5 -9 6 -9 5 -9 5 -9 5 -9 5 -9 4 -9 5 -9 4 -10 4 -10 4 -10 4 -10 4 -10 4 -10 4 -10 4 -10 3 -10 3 -11 3 -11 3 -11 3 -11 2 -11 3 -11 2 -11 2 -11 0 0 0 0 0 0 0 0 0 0
1784740902.143577,53142,-45,11,1,7,1,-95,1,623652105,128,0 0 0 0 0 0 0 0 0 0 0 0 7 -3 7 -2 7 -2 8 -2 8 -2 8 -1 9 -1 9 -1 9 -1 10 0 10 0 10 1 10 1 10 1 10 1 10 1 10 1 11 2 11 2 11 2 11 2 10 2 11 2 10 3 10 3 11 2 0 0 11 2 11 2 10 2 11 2 11 2 11 2 10 1 11 1 10 1 11 0 11 1 11 0 11 0 11 0 11 -1 11 -1 11 -1 11 -1 11 -1 11 -2 11 -2 11 -2 12 -2 11 -1 11 -2 11 -2 0 0 0 0 0 0 0 0 0 0
1784740902.159653,53143,-45,11,1,7,1,-95,1,623662601,128,0 0 0 0 0 0 0 0 0 0 0 0 -3 -7 -3 -8 -3 -8 -3 -8 -2 -9 -2 -9 -2 -9 -2 -10 -2 -10 -2 -10 -2 -10 -2 -11 -1 -11 -1 -11 -1 -12 0 -12 0 -12 0 -12 0 -12 1 -12 1 -13 1 -13 0 -13 1 -13 1 -13 1 -13 0 0 1 -13 1 -13 2 -13 1 -12 1 -13 1 -13 1 -12 0 -13 1 -13 0 -13 0 -13 -1 -13 -1 -13 -1 -13 -1 -13 -1 -14 -1 -13 -1 -13 -1 -14 -2 -14 -2 -14 -2 -14 -2 -13 -3 -14 -3 -14 -3 -14 0 0 0 0 0 0 0 0 0 0
1784740902.159653,53144,-45,11,1,7,1,-95,1,623673329,128,0 0 0 0 0 0 0 0 0 0 0 0 -1 6 -1 6 -2 6 -3 6 -3 6 -3 6 -3 7 -4 7 -4 7 -4 7 -4 7 -5 7 -5 7 -5 7 -6 7 -6 7 -6 8 -6 7 -6 8 -7 8 -7 8 -7 8 -7 8 -7 8 -7 8 -8 8 0 0 -8 8 -8 8 -8 8 -8 8 -8 8 -8 8 -8 8 -8 8 -8 8 -7 9 -7 9 -7 9 -7 9 -8 10 -7 9 -8 10 -7 9 -7 10 -7 10 -7 10 -7 10 -7 11 -7 10 -7 11 -7 11 -7 11 0 0 0 0 0 0 0 0 0 0
1784740902.175628,53145,-45,11,1,7,1,-95,1,623682152,128,0 0 0 0 0 0 0 0 0 0 0 0 -6 1 -6 1 -7 1 -7 0 -7 0 -8 0 -7 0 -8 0 -8 -1 -8 0 -8 -1 -9 -1 -9 -1 -9 -2 -9 -1 -9 -2 -10 -2 -10 -2 -10 -2 -10 -2 -10 -2 -10 -3 -10 -3 -10 -2 -10 -3 -11 -3 0 0 -11 -3 -11 -3 -11 -3 -11 -3 -11 -3 -11 -3 -11 -3 -12 -3 -12 -3 -12 -2 -12 -2 -12 -2 -12 -2 -13 -2 -12 -2 -13 -3 -12 -2 -13 -2 -13 -3 -13 -2 -13 -2 -13 -2 -13 -2 -13 -2 -13 -2 -14 -2 0 0 0 0 0 0 0 0 0 0
1784740902.175628,53146,-45,11,1,7,1,-95,1,623691767,128,0 0 0 0 0 0 0 0 0 0 0 0 -6 -4 -6 -5 -6 -5 -6 -6 -5 -6 -6 -6 -5 -6 -6 -6 -5 -7 -6 -7 -6 -7 -6 -7 -5 -8 -6 -8 -5 -8 -5 -8 -5 -9 -5 -9 -5 -9 -5 -9 -5 -9 -5 -9 -5 -9 -5 -9 -5 -9 -5 -9 0 0 -5 -10 -5 -10 -5 -10 -5 -9 -6 -9 -5 -9 -6 -9 -6 -9 -6 -10 -7 -9 -6 -10 -7 -9 -7 -10 -7 -10 -7 -10 -7 -10 -7 -9 -7 -10 -8 -10 -8 -10 -8 -10 -8 -10 -8 -9 -8 -10 -9 -10 -9 -10 0 0 0 0 0 0 0 0 0 0
1784740902.197834,53147,-44,11,1,7,1,-95,1,623701803,128,0 0 0 0 0 0 0 0 0 0 0 0 6 3 6 4 6 4 6 4 6 5 6 5 6 5 6 5 6 6 6 6 6 6 6 6 6 7 6 7 6 7 5 8 5 8 5 8 5 8 5 8 5 8 5 8 6 8 5 8 5 9 5 8 0 0 5 9 5 9 5 8 5 8 5 8 5 8 6 8 6 8 6 8 6 8 6 8 7 8 7 8 7 8 7 8 7 8 7 8 7 8 7 8 8 8 8 8 8 8 8 8 8 8 8 8 8 8 0 0 0 0 0 0 0 0 0 0
1784740902.210082,53148,-43,11,1,7,1,-95,1,623713088,128,0 0 0 0 0 0 0 0 0 0 0 0 6 -2 7 -2 7 -1 7 -1 7 -1 7 -1 7 -1 8 0 8 0 8 0 8 0 9 1 9 1 9 1 9 1 9 2 10 2 9 2 10 2 9 2 10 3 10 3 9 3 10 3 10 3 10 3 0 0 10 3 10 3 10 3 9 3 9 3 10 3 10 3 10 3 10 3 10 2 10 2 11 2 11 2 11 2 11 2 11 3 11 2 11 2 11 2 11 2 11 1 12 2 11 1 12 1 12 1 12 1 0 0 0 0 0 0 0 0 0 0
1784740902.210661,53149,-43,11,1,7,1,-95,1,623721729,128,0 0 0 0 0 0 0 0 0 0 0 0 6 2 6 2 6 3 6 3 5 3 6 3 6 4 6 4 6 4 6 4 6 5 6 5 6 5 6 6 7 6 6 6 6 6 6 7 6 7 7 7 7 7 7 7 7 7 6 8 6 8 6 8 0 0 6 8 7 8 6 8 7 7 7 7 7 7 7 7 7 7 7 7 8 7 7 7 8 7 8 7 9 7 8 7 8 7 8 7 9 7 9 7 9 7 10 7 10 7 9 7 10 7 10 7 10 7 0 0 0 0 0 0 0 0 0 0
1784740902.223289,53150,-44,11,1,7,1,-95,1,623731824,128,0 0 0 0 0 0 0 0 0 0 0 0 -3 -7 -3 -7 -2 -7 -2 -7 -2 -8 -2 -7 -2 -8 -2 -8 -2 -8 -1 -9 -1 -9 -1 -9 -1 -9 -1 -9 -1 -10 -1 -10 -1 -10 0 -11 0 -10 0 -11 0 -11 0 -11 0 -11 1 -11 1 -11 1 -11 0 0 1 -11 1 -11 1 -10 1 -11 0 -10 0 -11 0 -11 0 -11 0 -11 0 -12 0 -11 -1 -11 -1 -12 -1 -11 -1 -12 -1 -12 -1 -12 -2 -12 -2 -12 -2 -12 -2 -12 -2 -12 -2 -13 -2 -13 -2 -13 -2 -13 0 0 0 0 0 0 0 0 0 0
1784740902.223289,53151,-43,11,1,7,1,-95,1,623742046,128,0 0 0 0 0 0 0 0 0 0 0 0 6 -3 6 -3 7 -3 7 -3 7 -2 7 -2 7 -2 8 -2 8 -2 8 -2 8 -2 9 -2 9 -1 9 -1 10 -1 9 -1 10 -1 10 -1 10 -1 10 0 10 0 10 0 10 0 10 0 10 0 11 0 0 0 10 1 10 1 10 1 10 0 10 0 10 0 10 0 10 0 11 0 11 -1 11 0 11 -1 11 -1 12 -1 11 -1 12 -1 11 -1 12 -1 12 -2 12 -2 12 -2 12 -2 12 -2 12 -2 12 -2 12 -2 0 0 0 0 0 0 0 0 0 0
1784740902.243372,53152,-43,11,1,7,1,-95,1,623751739,128,0 0 0 0 0 0 0 0 0 0 0 0 -5 -6 -5 -6 -5 -7 -5 -7 -4 -7 -4 -7 -4 -7 -5 -7 -4 -8 -5 -8 -4 -8 -5 -8 -4 -9 -5 -9 -5 -9 -4 -9 -4 -9 -4 -10 -4 -10 -4 -10 -4 -10 -4 -10 -4 -11 -4 -10 -4 -10 -4 -11 0 0 -4 -11 -4 -11 -4 -11 -4 -11 -4 -11 -4 -11 -4 -11 -5 -11 -5 -11 -5 -11 -5 -11 -6 -11 -6 -11 -6 -11 -6 -12 -6 -11 -6 -12 -6 -12 -6 -12 -6 -12 -7 -12 -7 -12 -7 -12 -7 -12 -7 -12 -7 -12 0 0 0 0 0 0 0 0 0 0
1784740902.257080,53153,-43,11,1,7,1,-95,1,623763836,128,0 0 0 0 0 0 0 0 0 0 0 0 1 -8 1 -8 2 -8 2 -7 2 -8 3 -8 3 -8 3 -8 3 -8 3 -8 3 -8 3 -8 3 -8 4 -8 4 -8 5 -8 5 -8 5 -8 5 -8 5 -8 5 -8 5 -8 5 -9 5 -9 5 -9 5 -9 0 0 5 -9 5 -9 5 -9 5 -9 5 -9 5 -9 5 -10 5 -10 5 -10 4 -10 4 -11 4 -11 4 -11 4 -11 5 -11 5 -11 5 -11 4 -12 5 -12 5 -12 5 -12 5 -12 4 -12 4 -13 4 -13 5 -13 0 0 0 0 0 0 0 0 0 0
1784740902.263838,53154,-44,11,1,7,1,-95,1,623771753,128,0 0 0 0 0 0 0 0 0 0 0 0 -8 2 -8 2 -8 2 -8 1 -9 1 -8 1 -9 1 -9 1 -9 1 -9 0 -9 0 -9 0 -9 0 -10 0 -10 0 -10 0 -10 0 -10 0 -10 0 -10 0 -10 0 -10 0 -10 -1 -10 -1 -10 -1 -10 -1 0 0 -11 0 -11 0 -11 0 -11 0 -10 1 -10 0 -11 1 -11 1 -11 1 -11 2 -12 2 -11 2 -12 2 -12 2 -12 3 -12 3 -12 2 -12 3 -12 3 -12 3 -13 3 -13 4 -13 3 -13 3 -13 4 -13 4 0 0 0 0 0 0 0 0 0 0
1784740902.271014,53155,-44,11,1,7,1,-95,1,623781782,128,0 0 0 0 0 0 0 0 0 0 0 0 -7 -1 -7 -1 -8 -2 -7 -2 -7 -3 -7 -2 -7 -2 -8 -3 -7 -3 -8 -3 -8 -3 -8 -3 -8 -3 -8 -3 -8 -3 -8 -4 -8 -4 -8 -4 -9 -4 -8 -4 -9 -4 -9 -4 -9 -4 -9 -4 -9 -4 -9 -4 0 0 -9 -4 -9 -4 -9 -4 -10 -4 -9 -4 -10 -4 -10 -4 -10 -4 -10 -4 -11 -3 -11 -3 -11 -3 -11 -3 -11 -3 -11 -4 -12 -4 -12 -4 -12 -4 -12 -4 -12 -4 -12 -3 -13 -4 -13 -3 -13 -3 -13 -3 -13 -3 0 0 0 0 0 0 0 0 0 0
1784740902.290450,53156,-44,11,1,7,1,-95,1,623791772,128,0 0 0 0 0 0 0 0 0 0 0 0 1 -8 1 -7 2 -7 2 -7 2 -7 2 -7 2 -7 2 -7 2 -7 3 -7 3 -7 3 -7 3 -7 3 -7 3 -8 3 -8 3 -8 3 -8 4 -8 3 -8 4 -8 4 -9 4 -9 5 -8 5 -8 4 -9 0 0 4 -9 4 -9 4 -9 4 -10 4 -9 4 -9 4 -9 4 -10 4 -10 5 -10 5 -10 4 -10 4 -10 5 -10 4 -11 4 -11 5 -11 4 -11 4 -11 4 -11 4 -11 4 -12 4 -12 5 -11 4 -12 4 -12 0 0 0 0 0 0 0 0 0 0
1784740902.290450,53157,-44,11,1,7,1,-95,1,623801798,128,0 0 0 0 0 0 0 0 0 0 0 0 3 5 4 5 3 5 3 6 3 5 3 6 3 5 3 6 3 6 3 6 3 6 3 6 3 7 3 7 4 7 3 7 3 8 3 8 3 8 3 8 4 8 3 9 3 9 3 9 3 9 3 9 0 0 3 10 3 9 3 10 3 9 4 10 4 10 4 10 4 10 4 10 4 10 4 10 4 10 4 11 5 11 4 10 5 11 4 11 5 11 5 11 6 11 6 11 6 12 5 11 5 12 5 12 6 12 0 0 0 0 0 0 0 0 0 0
1784740902.302696,53158,-44,11,1,7,1,-95,1,623811744,128,0 0 0 0 0 0 0 0 0 0 0 0 4 3 4 4 4 4 4 4 3 4 3 4 3 4 4 5 4 5 4 5 4 5 4 5 4 5 4 6 4 6 4 7 4 7 4 7 4 7 4 8 4 8 4 8 5 8 4 8 4 8 4 9 0 0 4 9 4 9 4 9 4 9 4 9 4 9 4 9 5 9 4 10 5 10 5 10 6 9 5 10 5 10 5 10 5 11 5 10 6 10 5 10 6 10 6 11 6 11 6 10 6 11 6 11 7 11 0 0 0 0 0 0 0 0 0 0
1784740902.318772,53159,-44,11,1,7,1,-95,1,623821891,128,0 0 0 0 0 0 0 0 0 0 0 0 -5 -1 -5 -1 -6 -1 -6 -1 -6 -1 -6 -1 -6 -1 -6 -1 -7 -1 -7 -1 -7 -1 -7 -1 -7 -2 -8 -2 -8 -2 -9 -2 -9 -2 -9 -2 -9 -2 -10 -2 -10 -2 -10 -3 -10 -3 -10 -3 -10 -3 -10 -3 0 0 -10 -3 -11 -3 -10 -3 -11 -3 -11 -3 -11 -3 -11 -3 -11 -3 -11 -3 -12 -3 -12 -3 -12 -3 -11 -3 -12 -3 -13 -2 -13 -3 -13 -3 -13 -3 -13 -2 -13 -2 -13 -2 -13 -2 -14 -2 -14 -2 -14 -2 -14 -2 0 0 0 0 0 0 0 0 0 0
1784740902.318772,53160,-45,11,1,7,1,-95,1,623832528,128,0 0 0 0 0 0 0 0 0 0 0 0 -3 -4 -3 -4 -3 -4 -3 -4 -3 -4 -3 -5 -3 -5 -3 -5 -3 -5 -3 -5 -3 -6 -3 -6 -3 -6 -4 -7 -4 -7 -3 -7 -3 -8 -3 -8 -3 -8 -3 -9 -3 -9 -3 -9 -3 -9 -3 -9 -3 -10 -3 -10 0 0 -2 -10 -2 -10 -2 -11 -2 -10 -2 -10 -2 -11 -3 -11 -2 -11 -2 -11 -3 -11 -3 -11 -3 -12 -3 -12 -3 -12 -3 -12 -3 -12 -3 -12 -3 -13 -3 -13 -3 -13 -3 -13 -3 -13 -3 -13 -3 -13 -3 -13 -4 -14 0 0 0 0 0 0 0 0 0 0
1784740902.334885,53161,-46,11,1,7,1,-95,1,623842783,128,0 0 0 0 0 0 0 0 0 0 0 0 -1 5 -1 4 -2 5 -2 5 -2 5 -2 5 -2 5 -2 5 -2 5 -2 6 -2 6 -2 6 -2 6 -2 6 -2 7 -2 7 -2 7 -2 8 -3 8 -2 8 -3 8 -3 8 -3 9 -4 9 -4 8 -4 9 0 0 -4 9 -4 10 -4 9 -4 10 -4 9 -4 10 -4 10 -4 10 -4 10 -4 11 -4 11 -4 11 -4 11 -4 11 -4 12 -4 11 -4 11 -4 12 -4 12 -4 12 -4 12 -3 12 -4 12 -4 12 -4 12 -4 13 0 0 0 0 0 0 0 0 0 0
1784740902.345684,53162,-46,11,1,7,1,-95,1,623851727,128,0 0 0 0 0 0 0 0 0 0 0 0 -5 0 -5 -1 -5 -1 -5 -1 -5 -1 -6 -1 -6 -1 -6 -1 -6 0 -6 -1 -7 -1 -7 -1 -8 -1 -8 -1 -8 -1 -8 -1 -9 -1 -9 -1 -9 -1 -10 -1 -10 -2 -10 -2 -10 -2 -10 -2 -11 -3 -11 -2 0 0 -11 -3 -11 -2 -11 -3 -12 -3 -12 -3 -12 -2 -12 -2 -12 -3 -12 -2 -13 -3 -13 -3 -13 -3 -12 -3 -13 -3 -13 -3 -13 -3 -13 -3 -14 -3 -14 -3 -14 -2 -14 -3 -14 -2 -14 -3 -14 -3 -14 -3 -14 -3 0 0 0 0 0 0 0 0 0 0
1784740902.350841,53163,-46,11,1,7,1,-95,1,623861875,128,0 0 0 0 0 0 0 0 0 0 0 0 2 -2 2 -3 2 -3 2 -3 2 -3 3 -3 3 -4 3 -4 4 -4 4 -4 4 -5 4 -5 5 -5 5 -5 5 -5 6 -5 6 -5 7 -5 7 -5 8 -5 8 -5 8 -5 8 -6 8 -5 9 -5 9 -5 0 0 10 -5 10 -5 10 -5 10 -5 10 -6 10 -6 10 -5 10 -6 11 -6 11 -6 11 -6 11 -6 11 -6 11 -7 11 -6 12 -6 11 -7 11 -7 12 -7 12 -7 12 -7 12 -7 12 -8 12 -8 12 -8 12 -8 0 0 0 0 0 0 0 0 0 0
1784740902.367603,53164,-47,11,1,7,1,-95,1,623871881,128,0 0 0 0 0 0 0 0 0 0 0 0 1 -2 2 -2 2 -2 3 -2 3 -2 3 -2 4 -2 4 -3 5 -2 5 -2 6 -2 6 -2 7 -1 7 -1 7 -1 8 -1 8 -1 9 -1 9 -1 9 -1 9 -1 10 -1 10 0 10 1 10 1 11 1 0 0 11 0 11 1 11 1 12 1 11 1 12 1 12 0 12 0 12 0 12 0 12 1 12 1 12 1 12 0 13 0 13 0 13 0 13 -1 13 -1 14 -1 13 -1 13 -2 14 -1 14 -1 14 -1 14 -2 0 0 0 0 0 0 0 0 0 0
1784740902.367603,53165,-49,11,1,7,1,-95,1,623884106,128,0 0 0 0 0 0 0 0 0 0 0 0 -4 -1 -4 -2 -5 -2 -5 -3 -5 -3 -5 -4 -5 -4 -6 -5 -6 -5 -5 -6 -5 -6 -5 -7 -5 -7 -5 -8 -5 -8 -5 -9 -5 -9 -5 -9 -6 -10 -5 -10 -5 -10 -5 -11 -5 -11 -5 -12 -5 -12 -5 -12 0 0 -5 -12 -5 -12 -5 -13 -5 -13 -5 -13 -5 -13 -5 -13 -5 -14 -5 -13 -6 -14 -5 -14 -5 -13 -6 -13 -6 -13 -6 -14 -7 -14 -6 -13 -7 -14 -7 -13 -7 -14 -8 -13 -8 -13 -8 -13 -8 -14 -8 -13 -8 -13 0 0 0 0 0 0 0 0 0 0
1784740902.383087,53166,-48,11,1,7,1,-95,1,623891827,128,0 0 0 0 0 0 0 0 0 0 0 0 -3 4 -3 4 -4 4 -5 4 -5 4 -6 4 -6 4 -6 5 -7 5 -7 4 -7 5 -8 5 -9 5 -9 4 -9 4 -10 4 -10 4 -10 4 -11 4 -11 4 -11 4 -12 3 -12 4 -12 4 -12 4 -12 3 0 0 -13 3 -13 3 -13 3 -12 3 -13 3 -13 3 -13 3 -13 4 -13 3 -13 4 -13 4 -13 4 -13 4 -13 4 -13 4 -13 4 -12 4 -13 5 -13 5 -13 5 -12 6 -13 6 -12 6 -12 6 -12 7 -13 7 0 0 0 0 0 0 0 0 0 0
1784740902.398304,53167,-47,11,1,7,1,-95,1,623901867,128,0 0 0 0 0 0 0 0 0 0 0 0 -1 -7 -1 -7 0 -8 0 -8 0 -9 1 -8 0 -9 0 -9 1 -9 1 -10 2 -10 2 -10 2 -10 2 -10 2 -10 3 -11 3 -10 3 -12 3 -11 3 -12 3 -11 3 -11 4 -12 4 -11 5 -11 5 -11 0 0 4 -12 4 -12 4 -11 4 -12 4 -11 4 -12 4 -12 3 -12 3 -12 4 -13 4 -12 3 -12 3 -12 3 -12 3 -13 2 -12 2 -13 2 -12 2 -12 1 -13 1 -13 1 -12 1 -13 2 -13 1 -13 1 -13 0 0 0 0 0 0 0 0 0 0
1784740902.398304,53168,-49,11,1,6,1,-95,1,623915251,128,0 0 0 0 0 0 0 0 0 0 0 0 -1 8 -1 8 -2 8 -2 8 -2 8 -2 9 -3 9 -3 9 -3 9 -3 9 -4 10 -4 10 -4 10 -4 10 -4 11 -5 10 -5 11 -5 11 -5 11 -5 11 -5 11 -6 11 -6 11 -6 11 -6 11 -6 11 0 0 -6 11 -6 11 -6 11 -6 10 -6 11 -6 11 -6 10 -5 10 -5 11 -5 11 -5 11 -4 11 -4 10 -4 11 -4 10 -4 11 -3 10 -3 11 -3 11 -3 11 -2 11 -3 11 -2 11 -2 11 -2 11 -2 12 0 0 0 0 0 0 0 0 0 0
1784740902.417161,53169,-51,11,1,7,1,-95,1,623921830,128,0 0 0 0 0 0 0 0 0 0 0 0 -2 -8 -1 -9 -1 -9 0 -10 0 -10 0 -10 0 -10 0 -11 1 -11 1 -11 1 -11 1 -11 1 -12 2 -12 2 -12 2 -12 2 -13 2 -12 3 -13 3 -12 3 -13 4 -13 3 -13 4 -13 3 -13 3 -13 0 0 4 -13 4 -13 4 -13 4 -12 4 -12 4 -13 4 -12 3 -13 4 -12 3 -13 3 -12 3 -12 2 -12 3 -13 3 -12 3 -13 2 -12 2 -13 2 -13 2 -13 2 -13 2 -13 1 -13 1 -13 1 -13 1 -14 0 0 0 0 0 0 0 0 0 0
1784740902.429843,53170,-51,11,1,7,1,-95,1,623931970,128,0 0 0 0 0 0 0 0 0 0 0 0 1 -7 1 -7 2 -8 2 -8 3 -9 2 -8 3 -9 3 -10 3 -10 4 -10 4 -10 5 -10 5 -10 5 -11 5 -11 6 -12 6 -11 6 -12 6 -12 7 -12 7 -12 7 -12 7 -13 8 -11 8 -11 8 -12 0 0 8 -12 8 -12 7 -11 7 -12 7 -12 7 -12 6 -12 6 -12 6 -12 6 -13 6 -13 6 -12 5 -12 5 -12 5 -13 4 -12 5 -13 4 -13 4 -12 4 -13 3 -13 3 -13 3 -13 3 -13 3 -13 3 -13 0 0 0 0 0 0 0 0 0 0
1784740902.429843,53171,-47,11,1,7,1,-95,1,623946841,128,0 0 0 0 0 0 0 0 0 0 0 0 4 6 4 6 4 7 4 7 3 7 4 8 4 8 4 8 4 9 3 9 3 9 3 10 3 10 3 10 3 11 3 11 3 11 3 11 3 12 3 12 3 12 3 11 2 12 2 12 2 12 2 12 0 0 2 12 2 11 2 12 2 11 2 11 2 11 3 11 3 11 3 10 3 11 3 10 4 10 3 10 4 10 4 10 5 10 4 9 5 10 5 9 6 9 5 9 6 9 6 9 6 9 6 9 6 9 0 0 0 0 0 0 0 0 0 0
1784740902.447036,53172,-47,11,1,7,1,-95,1,623951848,128,0 0 0 0 0 0 0 0 0 0 0 0 4 -7 4 -7 5 -7 6 -7 5 -7 6 -8 6 -7 6 -8 7 -7 7 -7 7 -7 8 -8 8 -8 8 -8 9 -8 9 -7 9 -7 9 -7 10 -7 10 -7 10 -7 10 -7 10 -7 10 -7 10 -7 10 -7 0 0 10 -7 10 -7 10 -7 9 -7 9 -7 9 -7 9 -7 9 -7 9 -7 8 -8 8 -8 8 -8 8 -8 8 -8 8 -8 8 -8 7 -8 7 -9 7 -9 7 -9 7 -9 7 -9 7 -9 7 -9 7 -10 7 -10 0 0 0 0 0 0 0 0 0 0
1784740902.447036,53173,-48,11,1,7,1,-95,1,623961786,128,0 0 0 0 0 0 0 0 0 0 0 0 -8 4 -9 4 -9 4 -9 3 -10 3 -10 3 -10 3 -11 3 -11 3 -12 2 -12 2 -12 1 -12 1 -12 1 -12 1 -13 1 -13 1 -13 1 -13 1 -13 1 -13 1 -13 1 -14 1 -13 0 -13 0 -13 0 0 0 -13 1 -13 1 -13 1 -13 1 -13 1 -13 1 -12 2 -13 2 -12 2 -13 2 -13 2 -12 2 -12 2 -12 2 -12 3 -11 3 -12 4 -12 4 -11 4 -12 5 -11 4 -11 4 -12 4 -12 4 -12 4 -12 5 0 0 0 0 0 0 0 0 0 0
1784740902.461910,53174,-47,11,1,7,1,-95,1,623971688,128,0 0 0 0 0 0 0 0 0 0 0 0 8 1 8 2 8 2 8 3 8 3 8 3 9 3 9 4 9 4 9 4 9 5 9 5 9 6 9 6 9 6 9 6 9 7 9 6 9 7 9 7 9 7 9 7 9 7 9 7 9 8 9 8 0 0 9 8 9 7 9 7 9 7 9 7 9 6 9 6 9 6 9 6 9 6 9 6 9 6 9 5 10 5 10 5 10 5 10 5 10 4 10 4 10 4 10 4 11 4 10 4 10 4 10 4 11 3 0 0 0 0 0 0 0 0 0 0
1784740902.498517,53175,-46,11,1,7,1,-95,1,623981757,128,0 0 0 0 0 0 0 0 0 0 0 0 8 -1 8 -1 8 0 8 0 9 0 9 1 9 1 10 1 9 2 10 1 10 2 10 2 11 3 11 3 11 3 11 4 11 4 11 4 11 4 11 4 11 4 11 5 11 4 11 4 11 4 11 4 0 0 11 5 11 4 11 4 11 4 10 4 11 4 11 4 11 3 11 3 11 3 11 2 11 2 11 2 11 2 11 2 11 2 11 2 12 1 12 1 12 1 12 1 12 1 11 0 12 1 11 0 12 0 0 0 0 0 0 0 0 0 0 0
1784740902.498517,53176,-47,11,1,7,1,-95,1,623999295,128,0 0 0 0 0 0 0 0 0 0 0 0 3 6 3 6 2 7 2 7 2 7 2 8 2 8 2 9 1 9 2 9 1 9 1 10 1 11 1 11 1 11 0 11 0 12 0 12 0 12 0 12 0 12 -1 13 0 13 -1 13 -1 12 0 13 0 0 -1 13 -1 13 -1 13 -1 13 -1 13 -1 13 -1 13 0 13 -1 13 0 13 0 13 1 13 0 13 1 13 0 13 0 13 1 12 1 13 1 13 1 13 1 13 1 13 2 12 2 12 2 12 2 12 0 0 0 0 0 0 0 0 0 0
1784740902.498517,53177,-47,11,1,7,1,-95,1,624007877,128,0 0 0 0 0 0 0 0 0 0 0 0 4 5 4 6 3 6 3 7 3 7 3 7 3 7 3 8 3 8 3 8 3 9 3 9 3 10 3 10 3 10 2 11 2 11 2 11 2 11 2 11 2 12 2 12 2 12 2 12 1 12 2 12 0 0 1 12 1 12 1 12 1 12 1 12 1 12 1 12 2 12 1 12 2 12 2 12 3 11 2 11 2 11 2 11 2 11 2 11 3 10 3 10 3 10 3 10 3 10 3 9 3 10 3 9 3 9 0 0 0 0 0 0 0 0 0 0
1784740902.498517,53178,-44,11,1,7,0,-95,1,624012124,128,0 0 0 0 0 0 0 0 0 0 0 0 -2 8 -3 9 -3 9 -3 9 -4 9 -4 9 -4 9 -4 9 -5 9 -5 10 -6 9 -6 10 -6 10 -6 10 -7 10 -7 10 -7 10 -7 11 -7 10 -8 10 -8 11 -8 11 -8 11 -8 11 -9 11 -8 11 0 0 -9 11 -8 11 -8 11 -8 11 -8 11 -8 11 -7 11 -8 11 -8 11 -7 11 -7 11 -7 11 -7 11 -6 10 -6 11 -6 10 -6 10 -5 10 -5 10 -5 10 -5 10 -4 10 -4 10 -4 9 -4 9 -4 10 0 0 0 0 0 0 0 0 0 0
1784740902.509775,53179,-47,11,1,6,1,-95,1,624025499,128,0 0 0 0 0 0 0 0 0 0 0 0 -9 1 -10 1 -10 0 -10 0 -10 -1 -10 -1 -11 -1 -11 -1 -11 -2 -11 -2 -11 -2 -11 -2 -11 -2 -11 -3 -11 -3 -11 -3 -11 -3 -11 -3 -12 -3 -11 -3 -11 -3 -11 -3 -11 -3 -11 -3 -11 -3 -12 -3 0 0 -12 -3 -11 -3 -11 -3 -11 -2 -11 -2 -11 -2 -11 -2 -11 -1 -11 -2 -12 -1 -11 -1 -11 0 -11 -1 -11 0 -11 0 -11 0 -11 0 -10 0 -11 0 -10 0 -10 1 -10 1 -10 1 -10 1 -9 1 -9 1 0 0 0 0 0 0 0 0 0 0
1784740902.527735,53180,-46,11,1,7,1,-95,1,624031799,128,0 0 0 0 0 0 0 0 0 0 0 0 6 -6 7 -5 7 -4 8 -4 7 -4 8 -4 8 -3 9 -4 9 -3 9 -3 9 -3 9 -3 9 -3 10 -3 10 -3 10 -2 11 -2 10 -2 11 -2 10 -2 11 -2 10 -2 10 -2 11 -2 10 -2 11 -2 0 0 11 -2 11 -2 11 -2 10 -3 11 -3 11 -3 11 -3 11 -3 11 -3 11 -4 11 -4 11 -4 11 -4 11 -4 10 -4 11 -4 10 -4 11 -4 10 -4 10 -4 10 -5 10 -4 9 -5 9 -5 9 -5 9 -5 0 0 0 0 0 0 0 0 0 0
1784740902.527735,53181,-46,11,1,7,1,-95,1,624041810,128,0 0 0 0 0 0 0 0 0 0 0 0 -6 -4 -6 -5 -6 -6 -6 -6 -6 -6 -6 -6 -6 -7 -6 -7 -6 -7 -6 -8 -6 -8 -5 -8 -6 -9 -6 -9 -6 -9 -6 -9 -6 -9 -6 -10 -6 -10 -7 -10 -7 -10 -6 -10 -7 -11 -6 -11 -6 -11 -6 -11 0 0 -6 -11 -7 -11 -6 -11 -7 -12 -7 -11 -7 -12 -7 -11 -7 -12 -7 -11 -8 -12 -7 -12 -7 -11 -7 -11 -7 -11 -8 -11 -8 -11 -8 -11 -8 -11 -8 -10 -8 -10 -8 -10 -8 -10 -8 -10 -8 -10 -8 -9 -8 -9 0 0 0 0 0 0 0 0 0 0
1784740902.541882,53182,-47,11,1,7,1,-95,1,624051723,128,0 0 0 0 0 0 0 0 0 0 0 0 1 6 0 6 0 6 0 7 -1 7 -1 7 -1 7 -1 7 -2 8 -2 8 -2 8 -2 8 -2 8 -2 8 -3 9 -3 9 -3 9 -3 9 -3 9 -3 10 -3 10 -3 10 -3 10 -4 10 -4 10 -4 11 0 0 -4 11 -4 11 -4 11 -4 11 -4 11 -4 11 -4 11 -4 11 -4 11 -4 11 -4 11 -4 11 -4 11 -4 11 -3 11 -3 11 -3 11 -3 11 -3 11 -3 10 -3 10 -3 10 -2 10 -2 9 -2 9 -2 9 0 0 0 0 0 0 0 0 0 0
1784740902.557869,53183,-50,11,1,7,1,-95,1,624062007,128,0 0 0 0 0 0 0 0 0 0 0 0 -6 -2 -6 -2 -6 -3 -6 -3 -6 -3 -6 -3 -6 -4 -7 -4 -6 -4 -6 -4 -6 -4 -7 -4 -6 -4 -7 -5 -7 -5 -7 -5 -7 -5 -7 -5 -7 -5 -7 -5 -7 -5 -7 -5 -7 -5 -8 -5 -8 -5 -8 -5 0 0 -8 -5 -8 -5 -8 -5 -8 -5 -8 -5 -9 -5 -8 -5 -9 -4 -9 -5 -9 -5 -9 -5 -9 -4 -8 -5 -9 -4 -8 -4 -8 -5 -8 -4 -8 -4 -8 -4 -8 -4 -7 -3 -7 -4 -7 -3 -7 -3 -6 -3 -6 -3 0 0 0 0 0 0 0 0 0 0
1784740902.573622,53184,-51,11,1,6,1,-95,1,624076860,128,0 0 0 0 0 0 0 0 0 0 0 0 -2 4 -2 4 -2 4 -3 4 -3 4 -3 4 -3 5 -4 5 -4 5 -4 5 -5 4 -5 5 -5 5 -5 5 -6 5 -6 5 -6 6 -6 6 -6 6 -6 6 -6 6 -7 6 -7 7 -7 7 -7 6 -8 7 0 0 -8 7 -8 8 -8 7 -8 8 -8 8 -8 8 -8 8 -8 8 -8 8 -9 8 -9 8 -9 8 -9 8 -9 8 -8 8 -8 8 -9 8 -8 8 -8 8 -8 8 -8 8 -7 8 -7 8 -7 7 -7 7 -7 7 0 0 0 0 0 0 0 0 0 0
1784740902.573622,53185,-51,11,1,7,1,-95,1,624081872,128,0 0 0 0 0 0 0 0 0 0 0 0 -3 -2 -4 -3 -4 -3 -4 -3 -4 -3 -4 -4 -4 -4 -4 -4 -5 -5 -5 -5 -5 -5 -5 -5 -4 -6 -5 -6 -5 -6 -5 -7 -5 -7 -6 -7 -5 -7 -6 -7 -6 -8 -6 -8 -6 -8 -6 -8 -6 -9 -6 -9 0 0 -7 -9 -6 -10 -7 -10 -7 -10 -6 -10 -7 -10 -6 -11 -7 -11 -7 -11 -7 -11 -7 -11 -7 -11 -7 -11 -7 -11 -7 -11 -7 -12 -7 -11 -7 -11 -7 -11 -7 -11 -7 -11 -7 -10 -7 -10 -7 -10 -7 -10 -7 -9 0 0 0 0 0 0 0 0 0 0
1784740902.598905,53186,-52,11,1,7,1,-95,1,624105170,128,0 0 0 0 0 0 0 0 0 0 0 0 5 -1 5 -1 6 0 6 0 6 0 7 0 7 0 7 0 7 0 8 1 8 1 8 1 8 1 8 1 8 1 8 2 9 2 8 2 9 2 9 2 9 2 9 2 9 2 9 2 9 1 9 2 0 0 10 1 10 1 10 1 10 1 10 1 11 1 11 0 11 0 11 0 12 0 12 0 12 0 12 0 13 0 13 0 13 0 13 0 14 0 13 0 13 0 13 0 13 0 13 0 13 0 13 0 13 1 0 0 0 0 0 0 0 0 0 0
1784740902.605271,53187,-51,11,1,5,1,-95,1,624112716,128,0 0 0 0 0 0 0 0 0 0 0 0 6 2 5 2 6 2 5 3 6 3 6 3 6 3 6 3 6 3 6 4 6 4 6 5 6 5 6 5 6 5 6 5 6 5 7 5 6 5 7 5 7 5 7 5 7 5 7 5 7 5 7 5 0 0 8 5 9 5 8 4 9 4 9 4 9 4 10 4 10 4 10 4 11 4 11 5 11 5 11 5 11 5 12 5 12 4 12 5 12 5 12 5 13 5 12 5 12 4 13 5 12 6 12 6 12 5 0 0 0 0 0 0 0 0 0 0
1784740902.621261,53188,-48,11,1,7,1,-95,1,624124982,128,0 0 0 0 0 0 0 0 0 0 0 0 -2 4 -1 5 -1 6 -1 7 -1 8 0 9 -1 10 0 10 -1 11 -1 10 -1 11 -1 10 -1 10 -2 9 -3 8 -5 8 -6 7 -7 5 -10 4 -10 4 -12 3 -12 2 -14 4 -15 3 -16 3 -16 3 0 0 -16 4 -14 6 -14 5 -12 6 -11 6 -10 6 -8 5 -7 4 -6 4 -7 3 -7 1 -6 0 -6 -1 -6 -1 -7 2 -7 0 -10 1 -10 1 -11 3 -12 4 -13 5 -14 7 -15 7 -16 8 -17 10 -18 11 0 0 0 0 0 0 0 0 0 0
1784740902.637036,53189,-48,11,1,7,1,-95,1,624131917,128,0 0 0 0 0 0 0 0 0 0 0 0 3 -5 3 -5 3 -5 3 -5 4 -5 4 -6 4 -6 4 -6 4 -6 4 -6 5 -6 5 -7 5 -7 5 -7 5 -7 6 -7 6 -8 6 -8 7 -8 7 -8 7 -8 7 -8 7 -8 7 -8 7 -8 7 -9 0 0 7 -9 7 -9 8 -9 8 -10 8 -10 8 -10 8 -10 8 -11 8 -11 8 -11 8 -11 8 -12 8 -11 8 -12 8 -12 9 -12 9 -12 9 -12 9 -12 9 -13 9 -13 9 -12 9 -12 10 -12 9 -12 9 -12 0 0 0 0 0 0 0 0 0 0
1784740902.637036,53190,-48,11,1,7,1,-95,1,624141685,128,0 0 0 0 0 0 0 0 0 0 0 0 -6 3 -6 3 -6 3 -7 3 -7 3 -7 3 -7 3 -8 3 -8 3 -8 3 -8 3 -9 3 -9 3 -9 3 -10 3 -9 3 -10 3 -9 3 -10 3 -10 3 -10 3 -10 3 -10 3 -10 3 -10 3 -10 3 0 0 -10 4 -10 4 -11 4 -10 4 -10 4 -11 5 -11 5 -11 5 -11 5 -11 6 -12 5 -12 6 -12 6 -12 6 -12 6 -13 6 -12 6 -13 6 -13 6 -13 6 -13 6 -13 6 -12 6 -13 5 -13 6 -13 6 0 0 0 0 0 0 0 0 0 0
1784740902.637036,53191,-48,11,1,7,1,-95,1,624151796,128,0 0 0 0 0 0 0 0 0 0 0 0 6 -6 6 -6 6 -6 6 -5 7 -5 7 -5 7 -6 7 -5 8 -6 8 -5 9 -4 9 -4 9 -4 9 -4 9 -4 10 -4 9 -4 10 -4 9 -4 9 -4 9 -4 9 -4 9 -4 9 -3 9 -4 9 -4 0 0 8 -5 8 -5 8 -5 9 -6 8 -6 8 -6 8 -7 8 -7 8 -7 9 -8 9 -7 9 -8 9 -7 9 -8 9 -9 8 -8 10 -8 9 -9 9 -9 9 -9 9 -9 8 -9 9 -9 9 -8 9 -8 9 -8 0 0 0 0 0 0 0 0 0 0
1784740902.657176,53192,-47,11,1,7,1,-95,1,624161719,128,0 0 0 0 0 0 0 0 0 0 0 0 -1 -8 0 -8 0 -8 1 -9 1 -9 1 -9 1 -9 2 -9 2 -9 2 -9 2 -9 3 -9 3 -10 3 -10 4 -10 4 -9 4 -10 4 -9 4 -10 4 -10 4 -9 4 -9 4 -9 4 -9 4 -9 4 -10 0 0 4 -10 4 -10 4 -10 3 -10 3 -10 3 -10 3 -10 2 -11 2 -11 2 -11 2 -11 2 -12 2 -12 2 -12 2 -12 2 -13 2 -12 2 -13 2 -13 1 -13 2 -13 1 -13 1 -13 1 -13 1 -13 1 -13 0 0 0 0 0 0 0 0 0 0
1784740902.668990,53193,-45,11,1,7,1,-95,1,624173137,128,0 0 0 0 0 0 0 0 0 0 0 0 3 -7 4 -7 5 -7 4 -7 5 -7 5 -7 5 -6 5 -7 6 -8 6 -7 8 -7 7 -7 7 -7 8 -7 8 -6 8 -7 8 -7 8 -7 9 -7 8 -7 9 -7 8 -7 8 -6 8 -6 9 -6 8 -7 0 0 8 -7 8 -8 8 -7 8 -7 8 -8 8 -8 7 -8 7 -9 8 -9 8 -9 8 -9 7 -11 8 -10 8 -10 8 -11 9 -12 8 -11 8 -11 8 -11 9 -10 9 -11 8 -11 9 -11 8 -11 9 -11 9 -11 0 0 0 0 0 0 0 0 0 0
1784740902.684939,53194,-45,11,1,7,1,-95,1,624181772,128,0 0 0 0 0 0 0 0 0 0 0 0 -7 -5 -8 -6 -7 -6 -7 -6 -7 -6 -7 -7 -7 -7 -7 -7 -7 -8 -7 -8 -7 -9 -7 -9 -7 -9 -7 -9 -7 -9 -7 -10 -7 -10 -7 -10 -7 -10 -7 -10 -7 -10 -6 -10 -6 -10 -6 -10 -6 -10 -7 -10 0 0 -7 -10 -7 -9 -7 -9 -8 -9 -8 -9 -8 -9 -8 -9 -9 -9 -9 -9 -10 -9 -10 -9 -10 -9 -10 -9 -10 -9 -11 -9 -11 -9 -11 -9 -12 -10 -11 -10 -12 -10 -12 -9 -12 -9 -11 -10 -11 -10 -11 -10 -11 -10 0 0 0 0 0 0 0 0 0 0
1784740902.693217,53195,-47,11,1,6,1,-95,1,624197919,128,0 0 0 0 0 0 0 0 0 0 0 0 4 7 3 7 4 9 3 8 2 8 3 8 3 10 2 9 2 9 2 9 0 9 2 10 1 10 1 11 0 10 0 11 0 11 0 10 1 10 -1 10 0 11 -1 11 1 10 0 10 0 10 0 10 0 0 0 10 0 10 0 10 0 11 1 9 1 10 1 10 2 11 2 10 3 11 2 10 3 11 3 11 3 11 3 11 4 12 3 11 3 12 3 12 4 12 4 12 4 12 4 12 4 12 4 13 4 13 0 0 0 0 0 0 0 0 0 0
1784740902.700862,53196,-47,11,1,7,1,-95,1,624201761,128,0 0 0 0 0 0 0 0 0 0 0 0 -8 -3 -8 -4 -7 -6 -8 -5 -8 -5 -8 -5 -9 -5 -8 -6 -8 -6 -8 -7 -9 -7 -8 -7 -7 -8 -8 -8 -7 -7 -8 -9 -8 -8 -7 -9 -7 -8 -7 -8 -8 -9 -7 -9 -7 -9 -7 -9 -7 -9 -7 -9 0 0 -8 -8 -8 -8 -7 -8 -9 -8 -8 -7 -8 -8 -8 -7 -9 -7 -9 -7 -10 -7 -10 -8 -10 -8 -10 -8 -10 -7 -11 -7 -11 -7 -11 -8 -12 -8 -12 -7 -12 -8 -12 -8 -12 -8 -12 -8 -13 -8 -12 -8 -13 -8 0 0 0 0 0 0 0 0 0 0
1784740902.700862,53197,-45,11,1,7,1,-95,1,624211798,128,0 0 0 0 0 0 0 0 0 0 0 0 5 4 5 4 4 5 4 5 4 5 4 6 4 6 4 6 4 6 4 7 4 7 4 7 4 8 4 8 4 8 4 8 4 9 4 8 4 9 4 9 4 9 4 9 4 9 4 9 4 9 4 9 0 0 4 9 4 9 4 9 5 9 5 9 5 9 6 9 6 9 6 9 7 9 7 9 7 9 7 9 7 10 8 10 8 10 8 10 8 11 8 11 9 11 9 11 9 11 9 11 9 12 9 12 9 12 0 0 0 0 0 0 0 0 0 0
1784740902.718825,53198,-44,11,1,7,1,-95,1,624221713,128,0 0 0 0 0 0 0 0 0 0 0 0 -1 -8 0 -9 0 -9 0 -9 1 -9 1 -9 1 -9 1 -9 1 -9 1 -10 2 -10 2 -10 2 -10 2 -10 2 -10 3 -10 3 -10 3 -10 3 -11 3 -10 3 -11 4 -11 3 -11 4 -11 3 -10 3 -11 0 0 3 -11 3 -11 3 -11 3 -11 2 -11 2 -12 2 -11 2 -12 2 -12 1 -13 1 -13 1 -13 1 -13 1 -13 1 -14 1 -14 1 -14 1 -14 1 -15 1 -15 0 -15 1 -15 1 -15 1 -15 1 -15 1 -15 0 0 0 0 0 0 0 0 0 0
1784740902.718825,53199,-45,11,1,7,1,-95,1,624231746,128,0 0 0 0 0 0 0 0 0 0 0 0 -8 -5 -8 -5 -8 -6 -8 -6 -8 -7 -8 -7 -8 -7 -8 -7 -8 -8 -7 -8 -7 -9 -7 -9 -7 -9 -7 -9 -7 -9 -7 -10 -7 -10 -7 -10 -6 -10 -7 -10 -6 -10 -6 -10 -6 -10 -6 -10 -6 -10 -6 -10 0 0 -6 -9 -7 -9 -7 -9 -7 -9 -7 -8 -7 -9 -8 -8 -8 -8 -8 -8 -9 -8 -9 -8 -9 -8 -9 -8 -9 -8 -10 -8 -10 -8 -10 -8 -10 -8 -11 -8 -11 -8 -11 -8 -11 -8 -11 -8 -11 -8 -11 -8 -11 -8 0 0 0 0 0 0 0 0 0 0
1784740902.732612,53200,-45,11,1,7,1,-95,1,624241718,128,0 0 0 0 0 0 0 0 0 0 0 0 -8 3 -9 3 -9 2 -9 2 -10 1 -10 1 -10 1 -11 1 -11 1 -11 0 -11 0 -11 0 -12 -1 -11 -1 -12 -1 -12 -1 -12 -2 -12 -2 -12 -2 -12 -2 -11 -2 -11 -2 -11 -2 -11 -2 -11 -2 -11 -2 0 0 -11 -2 -11 -1 -11 -2 -11 -1 -11 -1 -11 0 -10 0 -11 0 -11 0 -11 1 -11 1 -11 1 -11 1 -12 2 -12 2 -12 2 -12 2 -12 3 -12 3 -13 3 -13 3 -13 3 -13 3 -13 3 -13 3 -14 3 0 0 0 0 0 0 0 0 0 0
1784740902.748665,53201,-45,11,1,7,1,-95,1,624252723,128,0 0 0 0 0 0 0 0 0 0 0 0 -8 -2 -8 -2 -8 -3 -8 -3 -9 -3 -8 -3 -9 -3 -9 -4 -9 -4 -9 -5 -9 -5 -9 -5 -9 -6 -9 -6 -9 -6 -10 -6 -10 -6 -10 -7 -10 -7 -10 -7 -10 -7 -10 -7 -10 -7 -9 -8 -9 -7 -9 -8 0 0 -9 -7 -10 -7 -9 -7 -10 -7 -10 -6 -10 -6 -10 -6 -11 -6 -11 -6 -12 -6 -11 -6 -11 -5 -11 -5 -12 -5 -13 -5 -12 -4 -13 -5 -13 -5 -13 -4 -14 -4 -14 -4 -14 -4 -15 -5 -14 -5 -14 -5 -15 -5 0 0 0 0 0 0 0 0 0 0
1784740902.750692,53202,-44,11,1,7,1,-95,1,624261946,128,0 0 0 0 0 0 0 0 0 0 0 0 5 -6 5 -5 6 -5 6 -5 6 -5 6 -5 7 -5 7 -5 7 -5 8 -5 8 -5 8 -5 9 -5 9 -5 9 -5 10 -5 10 -4 10 -5 10 -4 11 -4 11 -4 11 -4 11 -4 11 -3 11 -3 11 -3 0 0 11 -3 11 -4 10 -3 11 -4 10 -4 10 -4 10 -4 11 -4 10 -5 11 -5 10 -5 10 -5 10 -5 10 -5 10 -7 10 -6 11 -7 11 -7 11 -7 11 -7 11 -7 10 -7 11 -7 11 -7 11 -7 11 -7 0 0 0 0 0 0 0 0 0 0
1784740902.764601,53203,-44,11,1,7,1,-95,1,624271708,128,0 0 0 0 0 0 0 0 0 0 0 0 8 3 8 3 7 4 8 5 8 5 8 5 8 6 8 6 8 5 8 7 8 7 8 7 8 8 8 8 8 8 7 9 8 10 8 9 7 10 8 10 8 9 7 10 7 10 7 10 6 10 6 11 0 0 6 9 6 10 7 9 6 9 7 9 8 8 6 8 7 8 8 8 8 7 7 8 9 8 8 7 8 8 9 7 9 7 8 8 10 8 10 7 9 7 10 8 11 6 9 7 10 8 11 7 9 7 0 0 0 0 0 0 0 0 0 0
1784740902.764601,53204,-47,11,1,7,1,-95,1,624282082,128,0 0 0 0 0 0 0 0 0 0 0 0 9 -1 9 0 10 1 10 2 10 2 10 2 10 3 10 3 10 3 10 4 10 5 9 5 9 5 9 5 9 5 9 6 9 6 9 6 8 6 8 6 8 6 8 6 8 5 8 5 8 6 8 5 0 0 8 4 8 4 8 4 9 4 8 3 9 3 9 3 9 2 10 2 10 2 10 2 10 2 10 2 11 1 11 1 11 1 11 1 12 1 12 0 12 0 12 0 12 0 12 0 13 0 13 0 13 0 0 0 0 0 0 0 0 0 0 0
1784740902.780437,53205,-47,11,1,6,1,-95,1,624293471,128,0 0 0 0 0 0 0 0 0 0 0 0 -8 4 -8 4 -8 3 -9 2 -9 2 -9 2 -8 2 -10 1 -10 0 -10 1 -10 0 -10 1 -10 0 -10 0 -10 -1 -10 -1 -10 -1 -10 0 -9 1 -9 -1 -9 0 -10 0 -9 1 -9 0 -9 0 -9 1 0 0 -10 1 -10 1 -9 1 -9 0 -9 2 -10 2 -10 2 -10 1 -10 3 -10 3 -10 4 -10 3 -11 4 -11 5 -11 5 -11 3 -11 5 -12 5 -12 4 -12 4 -12 5 -13 5 -13 5 -12 4 -13 6 -13 6 0 0 0 0 0 0 0 0 0 0
1784740902.800576,53206,-46,11,1,7,1,-95,1,624301845,128,0 0 0 0 0 0 0 0 0 0 0 0 -6 -6 -6 -7 -5 -8 -5 -8 -5 -8 -4 -8 -4 -8 -4 -9 -4 -9 -4 -9 -3 -9 -3 -9 -3 -9 -3 -9 -3 -10 -3 -10 -3 -10 -2 -10 -2 -10 -2 -9 -3 -10 -2 -10 -2 -10 -2 -9 -2 -9 -2 -9 0 0 -3 -9 -3 -9 -3 -9 -4 -9 -4 -9 -4 -9 -4 -9 -5 -9 -5 -9 -6 -9 -6 -9 -6 -9 -6 -10 -7 -10 -7 -10 -7 -10 -7 -10 -8 -10 -8 -11 -8 -11 -8 -11 -8 -11 -8 -11 -8 -11 -8 -12 -8 -12 0 0 0 0 0 0 0 0 0 0
1784740902.800576,53207,-47,11,1,6,1,-95,1,624313383,128,0 0 0 0 0 0 0 0 0 0 0 0 3 -7 4 -6 5 -6 5 -6 5 -6 5 -6 5 -6 6 -6 6 -5 6 -5 6 -5 7 -5 7 -5 7 -5 7 -5 7 -5 7 -5 7 -5 7 -5 7 -5 8 -5 7 -5 7 -5 7 -5 7 -5 7 -5 0 0 7 -5 6 -5 7 -6 7 -6 7 -6 6 -6 6 -7 6 -7 7 -7 7 -8 7 -8 7 -8 7 -9 8 -9 7 -9 8 -10 8 -10 8 -10 8 -10 9 -10 9 -11 9 -11 9 -11 10 -11 9 -11 10 -11 0 0 0 0 0 0 0 0 0 0
1784740902.813969,53208,-47,11,1,6,1,-95,1,624323757,128,0 0 0 0 0 0 0 0 0 0 0 0 2 -7 3 -7 3 -7 3 -6 4 -6 4 -6 3 -6 4 -6 4 -6 4 -6 4 -6 4 -6 5 -6 4 -6 5 -6 5 -6 5 -6 5 -6 5 -6 5 -6 4 -6 5 -6 5 -7 5 -6 5 -7 5 -7 0 0 5 -7 4 -7 5 -7 4 -8 4 -8 4 -8 4 -9 4 -9 5 -9 4 -10 5 -10 5 -10 5 -10 5 -11 5 -12 5 -11 6 -12 5 -12 6 -12 6 -12 6 -13 6 -13 7 -13 7 -13 7 -13 7 -13 0 0 0 0 0 0 0 0 0 0
1784740902.827996,53209,-46,11,1,6,1,-95,1,624333751,128,0 0 0 0 0 0 0 0 0 0 0 0 6 -3 6 -2 7 -2 6 -2 6 -2 6 -1 6 -1 6 -2 7 -1 7 -1 7 0 7 -1 7 0 7 0 6 -1 8 0 7 -1 8 -1 8 0 8 -1 8 0 8 -1 8 -1 8 -1 8 -1 8 -1 0 0 8 -1 9 -1 9 -2 8 -3 9 -2 9 -2 10 -2 11 -3 9 -2 10 -3 10 -3 10 -2 10 -3 11 -3 11 -4 10 -4 12 -3 12 -4 12 -3 12 -5 13 -4 13 -4 13 -4 14 -2 13 -4 13 -4 0 0 0 0 0 0 0 0 0 0
1784740902.831852,53210,-46,11,1,6,1,-95,1,624343395,128,0 0 0 0 0 0 0 0 0 0 0 0 -2 -7 -2 -7 -1 -7 -1 -8 -1 -7 -1 -8 -1 -8 -1 -8 0 -8 0 -8 0 -9 0 -9 0 -9 1 -9 1 -10 1 -9 1 -10 1 -9 1 -10 2 -10 1 -10 1 -10 1 -10 2 -10 2 -10 2 -10 0 0 2 -10 1 -10 1 -11 1 -10 1 -11 1 -11 1 -11 0 -11 1 -12 0 -11 1 -12 0 -12 1 -12 0 -13 0 -12 0 -13 0 -13 0 -14 0 -14 0 -14 0 -14 0 -14 1 -13 1 -14 1 -14 1 -15 0 0 0 0 0 0 0 0 0 0
1784740902.846082,53211,-45,11,1,6,1,-95,1,624356270,128,0 0 0 0 0 0 0 0 0 0 0 0 -4 6 -4 6 -5 6 -5 6 -5 6 -5 6 -6 6 -6 7 -6 6 -6 6 -6 7 -7 6 -7 7 -7 7 -8 7 -8 7 -8 7 -8 7 -8 7 -8 6 -8 7 -9 6 -8 7 -9 7 -8 7 -8 7 0 0 -8 7 -8 7 -8 7 -8 8 -8 8 -8 8 -8 8 -8 9 -8 9 -8 9 -8 10 -7 10 -8 10 -8 10 -8 11 -8 11 -8 11 -8 11 -8 12 -8 12 -8 12 -9 12 -9 12 -9 12 -9 12 -9 12 0 0 0 0 0 0 0 0 0 0
1784740902.859865,53212,-45,11,1,7,1,-95,1,624361771,128,0 0 0 0 0 0 0 0 0 0 0 0 -8 1 -8 1 -8 0 -9 0 -9 0 -9 0 -9 -1 -10 -1 -10 -1 -10 -1 -10 -1 -10 -1 -10 -2 -11 -2 -11 -2 -11 -3 -11 -3 -11 -3 -11 -3 -11 -3 -11 -3 -11 -4 -11 -3 -11 -3 -11 -3 -11 -3 0 0 -11 -3 -11 -3 -11 -3 -11 -2 -11 -2 -12 -2 -12 -2 -12 -1 -12 -2 -12 -1 -13 -1 -13 0 -13 0 -14 0 -14 -1 -14 -1 -14 0 -15 -1 -15 -1 -15 0 -15 -1 -15 -1 -15 -1 -15 -1 -15 -1 -16 -1 0 0 0 0 0 0 0 0 0 0
1784740902.859865,53213,-46,11,1,6,1,-95,1,624372936,128,0 0 0 0 0 0 0 0 0 0 0 0 -6 5 -7 5 -7 5 -8 5 -8 5 -8 5 -8 5 -9 5 -9 4 -9 4 -9 4 -10 4 -10 4 -10 4 -10 4 -10 4 -11 4 -11 3 -11 3 -11 3 -11 4 -11 3 -11 3 -11 3 -11 3 -11 3 0 0 -11 4 -10 4 -10 4 -10 4 -10 5 -10 5 -10 5 -10 6 -10 6 -10 6 -10 7 -10 7 -10 7 -11 8 -10 7 -11 8 -10 7 -11 8 -10 9 -11 9 -11 9 -11 9 -11 8 -11 8 -11 8 -11 9 0 0 0 0 0 0 0 0 0 0
1784740902.875696,53214,-45,11,1,7,1,-95,1,624381759,128,0 0 0 0 0 0 0 0 0 0 0 0 -3 -9 -3 -10 -2 -10 -2 -10 -1 -10 -1 -11 -1 -11 -1 -11 0 -11 0 -11 1 -11 1 -11 1 -11 2 -12 2 -12 2 -11 2 -12 2 -12 3 -12 3 -11 3 -11 3 -11 2 -11 3 -11 2 -11 2 -11 0 0 2 -11 1 -11 1 -11 1 -11 0 -11 1 -11 0 -11 -1 -11 0 -11 -1 -12 -1 -12 -2 -12 -1 -12 -1 -13 -2 -13 -2 -13 -1 -13 -2 -13 -2 -13 -2 -13 -2 -13 -2 -14 -2 -13 -2 -13 -2 -14 -2 -14 0 0 0 0 0 0 0 0 0 0
1784740902.875696,53215,-45,11,1,6,1,-95,1,624395265,128,0 0 0 0 0 0 0 0 0 0 0 0 -9 3 -9 2 -10 1 -10 1 -10 1 -10 1 -10 1 -10 0 -11 0 -11 0 -11 -1 -11 -1 -11 -2 -11 -2 -11 -1 -11 -2 -10 -2 -11 -2 -10 -2 -10 -2 -10 -2 -10 -2 -10 -1 -10 -2 -10 -1 -10 -1 0 0 -10 0 -10 0 -10 0 -10 1 -10 1 -10 1 -10 2 -11 2 -11 2 -12 3 -12 3 -11 3 -12 3 -12 3 -13 4 -12 3 -13 3 -13 4 -13 4 -13 4 -13 4 -13 4 -14 4 -14 4 -13 4 -14 4 0 0 0 0 0 0 0 0 0 0
1784740902.891725,53216,-45,11,1,6,1,-95,1,624402919,128,0 0 0 0 0 0 0 0 0 0 0 0 -2 -9 -1 -9 0 -9 0 -9 0 -9 0 -9 0 -9 1 -10 1 -10 2 -9 2 -9 2 -9 3 -9 2 -9 2 -9 2 -9 3 -9 3 -9 2 -9 2 -9 2 -9 2 -9 2 -9 2 -9 2 -9 1 -9 0 0 1 -10 1 -9 1 -10 0 -10 0 -10 0 -10 -1 -11 -1 -11 -1 -11 -1 -11 -1 -12 -1 -12 -1 -12 -1 -13 -2 -13 -2 -13 -1 -13 -2 -13 -2 -13 -2 -14 -2 -14 -2 -14 -2 -14 -2 -14 -1 -15 -2 -15 0 0 0 0 0 0 0 0 0 0
1784740902.909796,53217,-46,11,1,7,1,-95,1,624411736,128,0 0 0 0 0 0 0 0 0 0 0 0 -6 -6 -6 -7 -5 -7 -6 -7 -5 -7 -5 -7 -5 -8 -5 -8 -5 -8 -4 -8 -4 -8 -4 -9 -4 -8 -4 -9 -4 -9 -4 -9 -4 -9 -4 -8 -4 -8 -4 -8 -5 -8 -4 -8 -5 -8 -4 -8 -5 -7 -5 -8 0 0 -6 -7 -5 -8 -6 -7 -6 -7 -6 -7 -8 -7 -7 -7 -8 -7 -8 -7 -9 -7 -10 -7 -9 -7 -10 -7 -10 -8 -10 -7 -11 -8 -10 -7 -12 -8 -11 -8 -12 -7 -12 -8 -12 -8 -12 -9 -11 -9 -13 -8 -12 -9 0 0 0 0 0 0 0 0 0 0
1784740902.909796,53218,-47,11,1,7,1,-95,1,624422012,128,0 0 0 0 0 0 0 0 0 0 0 0 -7 -6 -6 -7 -6 -8 -5 -8 -5 -8 -4 -8 -4 -8 -4 -8 -4 -8 -4 -8 -4 -8 -3 -8 -3 -8 -3 -8 -3 -8 -3 -8 -2 -8 -3 -8 -3 -8 -3 -7 -3 -8 -3 -7 -3 -7 -4 -7 -4 -7 -4 -7 0 0 -4 -7 -5 -7 -5 -7 -6 -7 -6 -6 -6 -7 -7 -7 -7 -7 -7 -7 -8 -7 -9 -7 -9 -7 -9 -8 -9 -8 -10 -8 -10 -9 -9 -9 -10 -9 -10 -9 -10 -9 -11 -10 -11 -10 -11 -10 -11 -10 -11 -10 -11 -11 0 0 0 0 0 0 0 0 0 0
1784740902.927910,53219,-47,11,1,7,1,-95,1,624432001,128,0 0 0 0 0 0 0 0 0 0 0 0 4 5 4 6 3 6 3 6 3 6 3 7 3 7 2 7 2 7 2 7 2 7 2 7 1 7 1 7 2 7 2 7 2 7 2 7 2 7 2 6 2 6 2 6 3 6 2 6 3 6 3 6 0 0 4 6 4 5 5 5 5 6 6 6 6 6 6 6 7 6 7 6 8 6 8 7 8 7 8 7 8 7 9 7 10 7 9 8 10 8 10 8 11 8 10 8 11 8 10 9 10 9 10 9 11 9 0 0 0 0 0 0 0 0 0 0
1784740902.939680,53220,-46,11,1,6,1,-95,1,624443666,128,0 0 0 0 0 0 0 0 0 0 0 0 7 -1 7 0 7 0 7 0 7 1 7 1 7 1 7 1 7 1 7 2 7 2 7 2 7 2 7 2 7 2 8 2 7 2 8 2 8 2 8 2 8 2 8 2 8 2 8 3 7 2 7 2 0 0 8 2 8 2 8 1 9 1 9 1 9 1 9 1 10 1 10 0 10 0 11 0 10 0 11 1 10 0 12 0 11 0 12 0 12 0 12 0 12 0 13 0 13 0 13 1 13 1 13 0 13 0 0 0 0 0 0 0 0 0 0 0
1784740902.939680,53221,-45,11,1,7,1,-95,1,624452033,128,0 0 0 0 0 0 0 0 0 0 0 0 2 -8 2 -8 3 -8 3 -8 4 -7 4 -7 4 -7 4 -7 4 -7 5 -7 5 -7 5 -7 6 -7 6 -7 6 -7 6 -7 6 -7 6 -7 6 -7 6 -7 6 -7 6 -7 6 -7 6 -7 6 -7 6 -7 0 0 6 -7 6 -7 6 -8 5 -8 5 -8 5 -8 5 -9 5 -9 6 -9 5 -10 5 -10 5 -10 5 -10 5 -11 5 -11 6 -11 6 -11 6 -11 6 -12 6 -12 6 -12 6 -12 6 -12 7 -12 7 -12 6 -12 0 0 0 0 0 0 0 0 0 0
1784740902.955595,53222,-46,11,1,6,1,-95,1,624463423,128,0 0 0 0 0 0 0 0 0 0 0 0 -3 7 -4 7 -4 7 -4 7 -5 6 -5 7 -5 7 -6 7 -5 6 -6 7 -6 6 -6 6 -6 6 -6 6 -7 6 -7 6 -7 6 -7 6 -7 6 -7 6 -7 6 -7 6 -6 6 -7 6 -6 6 -6 6 0 0 -6 6 -6 6 -6 7 -6 7 -5 7 -5 7 -5 8 -5 8 -5 8 -5 9 -5 9 -5 10 -5 10 -5 10 -5 10 -6 11 -5 10 -5 11 -6 11 -5 11 -5 12 -5 12 -5 12 -6 12 -6 12 -6 12 0 0 0 0 0 0 0 0 0 0
1784740902.955595,53223,-46,11,1,6,1,-95,1,624471843,128,0 0 0 0 0 0 0 0 0 0 0 0 1 -9 2 -9 3 -9 3 -9 3 -8 3 -9 4 -8 4 -9 5 -8 4 -8 5 -9 5 -8 5 -8 6 -8 6 -9 6 -8 6 -8 6 -8 6 -7 6 -7 6 -8 6 -7 5 -7 6 -7 5 -7 5 -7 0 0 5 -7 4 -7 4 -8 4 -8 3 -8 3 -8 3 -8 3 -9 3 -9 2 -9 2 -9 2 -10 2 -10 2 -10 2 -11 2 -11 2 -11 2 -11 2 -12 1 -12 1 -12 2 -12 1 -12 2 -12 1 -12 1 -12 0 0 0 0 0 0 0 0 0 0
1784740902.971552,53224,-46,11,1,6,1,-95,1,624481696,128,0 0 0 0 0 0 0 0 0 0 0 0 -8 -6 -7 -7 -7 -8 -7 -8 -6 -8 -6 -9 -6 -9 -6 -9 -5 -9 -5 -9 -5 -10 -4 -10 -4 -10 -4 -10 -4 -10 -3 -10 -3 -10 -3 -10 -3 -9 -3 -9 -3 -9 -3 -9 -3 -9 -3 -8 -3 -8 -3 -8 0 0 -3 -8 -4 -7 -4 -7 -4 -7 -4 -7 -5 -7 -5 -6 -6 -6 -6 -6 -7 -7 -7 -6 -7 -6 -7 -6 -7 -6 -8 -6 -8 -6 -8 -6 -9 -6 -9 -6 -9 -6 -9 -6 -9 -6 -9 -6 -9 -7 -10 -6 -10 -6 0 0 0 0 0 0 0 0 0 0
1784740902.989401,53225,-46,11,1,6,1,-95,1,624492314,128,0 0 0 0 0 0 0 0 0 0 0 0 -10 -1 -10 -2 -10 -2 -10 -3 -10 -4 -10 -4 -9 -4 -10 -4 -9 -5 -9 -4 -9 -5 -9 -5 -8 -5 -8 -5 -8 -6 -8 -6 -8 -5 -7 -5 -7 -5 -7 -5 -7 -5 -7 -5 -7 -4 -7 -4 -7 -4 -7 -3 0 0 -7 -3 -7 -2 -7 -2 -7 -2 -8 -1 -8 -1 -8 -1 -8 0 -9 0 -9 1 -9 1 -9 1 -9 1 -10 1 -10 2 -11 2 -10 2 -11 2 -11 2 -11 2 -12 3 -12 2 -12 3 -12 3 -12 3 -13 4 0 0 0 0 0 0 0 0 0 0
1784740902.989401,53226,-46,11,1,6,1,-95,1,624501757,128,0 0 0 0 0 0 0 0 0 0 0 0 7 -4 8 -3 8 -2 8 -1 8 -1 8 -1 8 0 8 0 8 0 8 0 8 0 8 0 8 1 8 0 8 1 7 1 7 1 7 1 7 1 7 1 7 1 7 1 7 0 7 0 7 0 7 -1 0 0 7 -1 7 -1 7 -1 7 -2 7 -2 7 -3 7 -3 8 -3 8 -3 8 -4 8 -4 8 -4 9 -5 9 -5 9 -5 10 -5 9 -5 10 -6 10 -6 10 -6 10 -6 11 -6 10 -6 11 -6 11 -7 12 -7 0 0 0 0 0 0 0 0 0 0
1784740903.006099,53227,-44,11,1,5,1,-95,1,624515563,128,0 0 0 0 0 0 0 0 0 0 0 0 6 5 6 5 6 6 5 6 5 7 5 7 5 7 5 7 5 7 4 8 4 8 3 8 3 8 3 8 3 8 3 8 3 8 3 8 3 8 3 8 3 8 3 8 3 7 3 7 3 7 3 7 0 0 4 7 4 7 4 7 5 6 5 6 5 6 5 6 6 6 6 6 6 6 7 7 7 6 7 6 7 7 8 7 8 7 8 7 9 7 9 7 9 7 9 7 10 7 9 8 9 8 10 8 10 8 0 0 0 0 0 0 0 0 0 0
1784740903.006099,53228,-45,11,1,6,1,-95,1,624522274,128,0 0 0 0 0 0 0 0 0 0 0 0 5 -8 6 -7 6 -7 7 -6 7 -6 7 -6 7 -6 8 -5 8 -5 8 -5 8 -5 8 -5 8 -5 9 -4 8 -4 9 -4 8 -4 8 -3 9 -3 8 -3 8 -3 8 -3 7 -4 7 -4 7 -4 7 -4 0 0 7 -4 7 -4 7 -5 7 -5 6 -5 6 -6 6 -6 6 -6 7 -7 6 -7 7 -7 6 -8 6 -8 7 -8 7 -8 7 -9 7 -8 7 -9 7 -9 7 -9 8 -9 8 -10 8 -10 8 -10 8 -10 8 -10 0 0 0 0 0 0 0 0 0 0
1784740903.019187,53229,-45,11,1,6,1,-95,1,624532654,128,0 0 0 0 0 0 0 0 0 0 0 0 -9 4 -9 3 -10 3 -10 2 -10 2 -10 2 -10 1 -10 1 -10 1 -11 0 -10 0 -11 -1 -11 -1 -10 -1 -10 0 -10 -1 -10 -1 -10 -1 -10 -1 -10 -1 -9 0 -9 -1 -9 0 -9 -1 -9 -1 -9 0 0 0 -9 0 -9 1 -9 1 -9 2 -9 2 -9 2 -9 3 -9 3 -9 3 -10 4 -10 4 -10 4 -10 4 -10 4 -11 5 -10 5 -11 5 -11 5 -11 6 -12 6 -12 6 -12 7 -12 6 -13 6 -13 6 -13 6 0 0 0 0 0 0 0 0 0 0
1784740903.038860,53230,-46,11,1,6,1,-95,1,624541842,128,0 0 0 0 0 0 0 0 0 0 0 0 4 -9 4 -8 5 -8 5 -8 6 -8 5 -7 5 -7 6 -7 6 -7 7 -7 7 -6 7 -7 7 -6 7 -6 7 -6 7 -6 6 -6 7 -7 7 -6 6 -6 6 -6 6 -6 6 -7 6 -6 6 -6 6 -6 0 0 5 -7 5 -7 5 -7 5 -8 5 -8 5 -8 4 -9 4 -9 4 -9 4 -10 4 -10 4 -10 4 -10 4 -11 4 -12 4 -12 4 -12 4 -12 4 -12 4 -13 4 -13 4 -13 5 -13 6 -13 5 -13 5 -13 0 0 0 0 0 0 0 0 0 0
1784740903.038860,53231,-47,11,1,6,1,-95,1,624551802,128,0 0 0 0 0 0 0 0 0 0 0 0 0 -11 1 -11 2 -11 2 -11 3 -10 3 -11 3 -11 4 -11 4 -11 4 -10 5 -10 5 -10 5 -10 5 -10 5 -10 5 -9 6 -9 5 -9 6 -9 5 -9 5 -9 5 -8 4 -8 4 -8 4 -8 4 -8 0 0 3 -9 3 -8 2 -9 2 -8 1 -9 1 -9 1 -9 0 -10 0 -10 -1 -10 -1 -10 -1 -11 -1 -11 -1 -12 -2 -11 -2 -12 -2 -12 -2 -12 -2 -12 -2 -13 -2 -13 -2 -13 -2 -13 -2 -13 -2 -13 -3 -13 0 0 0 0 0 0 0 0 0 0
1784740903.050835,53232,-48,11,1,6,1,-95,1,624561912,128,0 0 0 0 0 0 0 0 0 0 0 0 -11 -1 -11 -1 -11 -2 -11 -2 -11 -3 -11 -3 -11 -3 -10 -4 -11 -4 -10 -5 -10 -5 -10 -5 -9 -5 -9 -6 -9 -6 -9 -6 -8 -5 -8 -5 -8 -5 -8 -5 -7 -5 -7 -4 -7 -4 -6 -4 -6 -4 -7 -3 0 0 -6 -2 -7 -1 -6 -1 -7 -1 -7 0 -7 0 -7 1 -7 1 -7 2 -8 2 -8 2 -8 2 -8 3 -8 3 -9 4 -9 4 -9 4 -9 4 -9 5 -9 5 -9 5 -9 6 -10 5 -10 5 -10 5 -10 6 0 0 0 0 0 0 0 0 0 0
1784740903.066907,53233,-48,11,1,6,1,-95,1,624571813,128,0 0 0 0 0 0 0 0 0 0 0 0 -6 8 -6 7 -7 7 -7 7 -8 7 -8 6 -8 6 -8 6 -8 6 -9 5 -9 5 -9 5 -9 4 -9 4 -9 4 -9 4 -9 4 -9 4 -9 4 -8 4 -8 4 -8 4 -8 4 -8 4 -7 4 -7 4 0 0 -6 5 -6 5 -6 5 -6 6 -5 6 -5 6 -5 7 -5 7 -5 8 -5 8 -5 8 -5 9 -5 9 -5 9 -4 10 -5 10 -5 11 -5 11 -4 11 -5 12 -4 12 -4 12 -5 12 -6 12 -5 12 -5 12 0 0 0 0 0 0 0 0 0 0
1784740903.066907,53234,-46,11,1,6,1,-95,1,624582943,128,0 0 0 0 0 0 0 0 0 0 0 0 2 8 1 9 0 9 0 9 0 9 -1 9 -1 9 -1 10 -1 10 -2 10 -2 10 -2 10 -3 10 -3 10 -3 10 -4 10 -4 10 -4 10 -4 10 -4 10 -4 10 -4 10 -3 10 -4 9 -4 9 -3 9 0 0 -3 9 -3 9 -2 9 -2 9 -2 9 -2 9 -1 10 -1 10 -1 10 0 10 0 10 0 10 0 11 0 11 1 11 1 11 1 11 1 12 1 12 2 12 1 12 1 12 1 12 1 12 1 12 1 12 0 0 0 0 0 0 0 0 0 0
1784740903.083039,53235,-47,11,1,6,1,-95,1,624596270,128,0 0 0 0 0 0 0 0 0 0 0 0 0 -10 0 -10 1 -10 2 -10 2 -10 2 -10 2 -10 3 -11 3 -10 3 -10 4 -10 4 -10 5 -10 5 -10 5 -10 5 -9 5 -9 5 -9 5 -9 5 -9 5 -9 5 -9 5 -8 5 -8 4 -8 4 -8 0 0 4 -8 3 -9 3 -8 3 -8 2 -9 2 -9 1 -9 1 -9 1 -9 1 -10 1 -10 0 -10 0 -10 0 -10 0 -10 0 -11 0 -11 -1 -11 -1 -11 -1 -11 -1 -11 -1 -11 -1 -11 -1 -12 -1 -12 -2 -12 0 0 0 0 0 0 0 0 0 0
1784740903.083039,53236,-47,11,1,6,1,-95,1,624602229,128,0 0 0 0 0 0 0 0 0 0 0 0 -6 7 -7 6 -8 6 -8 6 -8 5 -8 5 -9 5 -9 5 -9 5 -9 4 -9 3 -9 3 -10 3 -9 3 -10 3 -9 2 -9 3 -9 2 -9 2 -8 2 -8 2 -8 2 -8 2 -8 2 -7 3 -8 3 0 0 -7 3 -7 4 -7 4 -7 5 -7 5 -7 5 -6 5 -7 6 -6 6 -7 7 -7 7 -7 7 -7 7 -7 8 -7 8 -7 9 -7 8 -7 9 -7 9 -7 10 -8 9 -7 10 -7 10 -8 9 -8 10 -8 10 0 0 0 0 0 0 0 0 0 0
1784740903.101567,53237,-47,11,1,6,1,-95,1,624611754,128,0 0 0 0 0 0 0 0 0 0 0 0 7 3 7 4 6 4 6 5 6 5 6 5 5 5 6 5 5 6 5 6 5 6 5 6 5 6 5 6 5 6 4 6 5 6 5 6 5 6 5 5 5 5 5 5 5 5 5 5 5 5 6 4 0 0 6 4 6 4 7 4 7 4 7 4 8 4 8 4 9 4 9 4 10 4 10 4 10 4 10 4 11 4 11 4 12 5 11 5 12 5 12 5 13 5 13 5 13 6 13 5 13 5 13 6 13 6 0 0 0 0 0 0 0 0 0 0
1784740903.115083,53238,-47,11,1,6,1,-95,1,624622126,128,0 0 0 0 0 0 0 0 0 0 0 0 -7 5 -7 5 -8 4 -8 4 -9 4 -9 4 -9 4 -9 4 -9 4 -10 3 -10 3 -10 2 -10 2 -10 2 -10 2 -11 2 -10 2 -10 2 -10 2 -10 2 -10 2 -10 2 -10 2 -9 2 -9 2 -9 2 0 0 -9 3 -9 4 -8 4 -9 5 -8 5 -9 5 -9 6 -9 6 -9 6 -10 7 -9 7 -9 7 -9 7 -9 7 -10 8 -9 8 -10 8 -10 8 -10 9 -10 9 -10 9 -10 9 -11 9 -11 9 -11 9 -11 8 0 0 0 0 0 0 0 0 0 0
1784740903.115083,53239,-48,11,1,6,1,-95,1,624631700,128,0 0 0 0 0 0 0 0 0 0 0 0 4 8 4 8 3 9 3 9 3 9 2 9 2 10 2 10 2 10 1 10 1 10 0 10 0 10 0 10 0 10 -1 10 -1 10 -1 10 -1 10 -1 9 -1 9 -1 9 -1 9 -1 9 -1 8 0 8 0 0 1 8 1 8 1 7 2 8 2 8 2 8 3 7 3 8 4 8 4 8 4 8 5 8 5 8 5 8 6 8 6 8 6 9 6 9 6 9 6 9 6 9 7 9 7 9 6 9 7 9 7 9 0 0 0 0 0 0 0 0 0 0
1784740903.130865,53240,-48,11,1,6,1,-95,1,624641793,128,0 0 0 0 0 0 0 0 0 0 0 0 5 5 5 6 5 6 5 7 4 7 4 7 4 8 4 8 3 8 3 8 3 8 3 8 2 9 2 9 2 9 1 8 1 9 1 8 1 8 1 8 1 8 1 8 2 8 2 7 2 7 2 8 0 0 3 7 3 7 3 8 4 7 4 7 4 7 4 8 5 7 5 8 6 8 5 8 6 8 6 8 7 9 6 8 7 9 7 9 7 9 7 9 7 9 8 9 8 10 7 9 7 9 8 10 8 10 0 0 0 0 0 0 0 0 0 0
1784740903.150874,53241,-46,11,1,6,1,-95,1,624651874,128,0 0 0 0 0 0 0 0 0 0 0 0 -2 7 -2 7 -3 8 -4 7 -4 8 -4 7 -5 8 -5 8 -5 8 -6 8 -6 7 -7 7 -7 7 -7 7 -6 7 -7 7 -7 7 -7 7 -7 7 -7 7 -7 7 -7 7 -7 7 -7 7 -7 7 -7 7 0 0 -6 8 -7 8 -6 8 -6 9 -6 8 -6 9 -6 9 -6 9 -6 10 -6 11 -6 10 -6 10 -6 10 -5 10 -5 11 -5 11 -6 12 -6 11 -5 12 -5 12 -5 12 -5 12 -6 12 -6 12 -6 12 -6 12 0 0 0 0 0 0 0 0 0 0
1784740903.150874,53242,-45,11,1,6,1,-95,1,624661956,128,0 0 0 0 0 0 0 0 0 0 0 0 -5 7 -5 7 -6 7 -6 7 -7 7 -7 7 -7 7 -8 7 -8 6 -9 6 -9 6 -9 6 -9 5 -9 5 -9 6 -9 5 -10 5 -10 5 -10 5 -9 5 -9 5 -9 5 -9 5 -9 5 -9 5 -9 5 0 0 -9 6 -9 6 -9 6 -9 7 -9 7 -8 7 -8 7 -8 8 -8 8 -8 8 -9 8 -8 8 -8 8 -8 9 -8 9 -8 9 -9 9 -8 10 -8 10 -8 10 -8 10 -8 10 -8 10 -8 9 -8 10 -8 10 0 0 0 0 0 0 0 0 0 0
1784740903.162865,53243,-46,11,1,6,1,-95,1,624671798,128,0 0 0 0 0 0 0 0 0 0 0 0 8 -2 8 -2 8 -1 8 0 9 0 9 1 9 1 9 1 9 2 9 2 9 2 9 3 9 3 9 3 9 3 9 4 9 4 8 4 8 4 8 4 8 4 8 3 8 3 8 3 8 3 9 3 0 0 9 3 9 3 9 3 9 2 9 2 9 2 9 2 10 1 10 2 10 1 10 1 10 1 11 1 11 1 11 1 11 1 11 0 11 0 12 0 11 0 12 0 12 0 11 -1 12 -1 12 0 12 -1 0 0 0 0 0 0 0 0 0 0
1784740903.179060,53244,-45,11,1,6,1,-95,1,624681721,128,0 0 0 0 0 0 0 0 0 0 0 0 5 5 5 6 5 7 4 6 4 7 3 7 4 7 3 8 3 8 2 8 2 8 2 9 2 9 2 8 2 8 2 9 2 8 2 9 2 8 2 8 2 9 2 9 2 9 2 8 2 8 3 8 0 0 3 8 4 9 4 8 5 9 4 8 5 9 5 8 5 9 5 8 6 9 6 9 6 9 6 9 6 9 7 9 7 9 7 10 7 9 8 9 8 9 8 9 8 9 8 10 8 10 8 10 8 10 0 0 0 0 0 0 0 0 0 0
1784740903.179060,53245,-45,11,1,6,1,-95,1,624693359,128,0 0 0 0 0 0 0 0 0 0 0 0 -7 3 -8 3 -8 3 -8 2 -9 2 -9 2 -9 2 -9 2 -10 1 -10 1 -10 0 -10 0 -10 0 -10 0 -10 0 -11 0 -10 0 -11 0 -11 0 -11 0 -11 0 -11 0 -11 0 -11 0 -11 0 -11 0 0 0 -11 0 -11 1 -11 0 -12 1 -11 1 -11 1 -11 1 -11 2 -11 2 -12 2 -12 2 -12 2 -12 2 -12 2 -12 3 -12 3 -13 3 -13 3 -13 3 -12 4 -12 4 -12 4 -13 4 -13 3 -13 3 -13 4 0 0 0 0 0 0 0 0 0 0
1784740903.197575,53246,-45,11,1,7,1,-95,1,624701836,128,0 0 0 0 0 0 0 0 0 0 0 0 2 8 1 8 0 8 0 8 0 9 -1 8 -1 9 -1 9 -2 9 -2 9 -2 9 -2 9 -3 9 -3 9 -3 9 -3 9 -3 9 -4 9 -4 9 -4 9 -3 9 -4 9 -3 9 -4 9 -4 9 -3 9 0 0 -3 9 -3 9 -3 9 -3 9 -2 9 -3 9 -2 9 -2 10 -2 10 -1 10 -1 10 -1 10 -1 11 -1 10 -1 11 -1 11 -1 11 0 11 0 11 0 11 0 12 0 11 0 12 0 12 1 12 1 12 0 0 0 0 0 0 0 0 0 0
1784740903.210731,53247,-45,11,1,6,1,-95,1,624713339,128,0 0 0 0 0 0 0 0 0 0 0 0 -7 -7 -6 -8 -6 -8 -5 -9 -5 -9 -5 -9 -4 -10 -4 -10 -4 -10 -4 -10 -3 -10 -3 -10 -3 -10 -3 -11 -3 -11 -2 -11 -2 -11 -2 -10 -2 -10 -2 -10 -2 -10 -2 -10 -2 -10 -2 -10 -2 -10 -3 -10 0 0 -3 -10 -3 -10 -3 -10 -3 -10 -4 -10 -4 -10 -4 -10 -5 -10 -4 -10 -5 -10 -6 -10 -6 -10 -6 -10 -6 -10 -6 -10 -6 -11 -6 -10 -7 -11 -7 -11 -7 -11 -7 -11 -8 -11 -8 -11 -8 -12 -8 -12 -8 -12 0 0 0 0 0 0 0 0 0 0
1784740903.210731,53248,-44,11,1,6,1,-95,1,624723464,128,0 0 0 0 0 0 0 0 0 0 0 0 -1 9 -2 8 -2 9 -3 9 -3 9 -3 9 -4 9 -4 9 -4 9 -5 9 -5 9 -6 9 -6 8 -6 8 -6 8 -6 9 -6 8 -6 9 -6 8 -6 9 -6 8 -5 8 -6 8 -6 8 -6 8 -5 8 0 0 -5 8 -5 9 -4 8 -4 9 -4 9 -4 9 -3 9 -3 10 -3 9 -3 10 -3 10 -2 10 -2 10 -2 10 -1 11 -1 11 -1 12 -1 12 -1 12 -1 12 -1 12 0 12 -1 13 -1 13 -1 13 -1 13 0 0 0 0 0 0 0 0 0 0
1784740903.226842,53249,-44,11,1,6,1,-95,1,624734238,128,0 0 0 0 0 0 0 0 0 0 0 0 -6 6 -6 6 -7 6 -8 5 -8 5 -8 5 -8 5 -9 5 -9 5 -9 5 -9 5 -10 5 -10 4 -10 4 -11 4 -11 3 -11 3 -11 3 -11 3 -11 3 -11 3 -11 2 -11 3 -11 3 -10 2 -11 3 0 0 -10 3 -10 3 -10 3 -10 3 -10 3 -10 4 -10 4 -10 4 -10 4 -10 5 -10 5 -10 6 -10 6 -10 6 -10 5 -11 6 -10 6 -10 7 -10 7 -10 7 -10 7 -11 7 -10 7 -10 7 -10 8 -10 8 0 0 0 0 0 0 0 0 0 0
1784740903.226842,53250,-43,11,1,7,1,-95,1,624741778,128,0 0 0 0 0 0 0 0 0 0 0 0 2 8 2 8 1 9 1 9 1 10 0 9 0 10 -1 10 0 10 -2 10 -2 10 -2 11 -3 11 -3 10 -3 11 -3 11 -3 11 -4 11 -4 11 -4 11 -4 10 -4 10 -4 10 -4 10 -4 9 -4 9 0 0 -3 9 -3 10 -3 9 -3 10 -2 10 -2 10 -2 10 -1 10 -1 10 -1 10 -1 10 -1 10 0 10 0 10 1 11 1 11 1 11 1 11 2 11 2 11 2 12 2 11 2 12 2 12 2 12 2 12 0 0 0 0 0 0 0 0 0 0
1784740903.242892,53251,-43,11,1,7,1,-95,1,624751773,128,0 0 0 0 0 0 0 0 0 0 0 0 -8 5 -9 5 -9 4 -10 4 -10 3 -11 3 -11 3 -11 3 -12 2 -11 2 -12 2 -12 2 -12 1 -12 1 -13 1 -12 0 -13 0 -13 0 -13 -1 -13 -1 -13 -1 -12 -1 -12 -1 -12 -1 -12 -1 -12 -1 0 0 -12 0 -12 0 -12 0 -11 0 -11 0 -12 1 -11 1 -11 1 -12 1 -11 2 -11 2 -11 3 -11 3 -12 3 -11 3 -12 3 -11 3 -12 4 -12 4 -12 4 -12 5 -12 5 -12 5 -12 5 -12 5 -13 5 0 0 0 0 0 0 0 0 0 0
1784740903.258898,53252,-44,11,1,7,1,-95,1,624772129,128,0 0 0 0 0 0 0 0 0 0 0 0 -2 -8 -2 -9 -1 -9 -1 -9 -1 -9 0 -10 0 -9 0 -10 1 -10 1 -10 1 -10 2 -11 2 -10 2 -11 3 -12 3 -10 3 -11 3 -11 4 -11 3 -10 4 -11 4 -10 3 -10 4 -10 4 -10 4 -10 0 0 4 -10 3 -9 3 -10 3 -10 2 -10 2 -10 2 -10 1 -10 1 -10 1 -11 1 -10 0 -11 1 -11 1 -11 -1 -11 -1 -12 0 -11 -1 -12 -1 -12 -1 -12 -2 -12 -2 -13 -1 -12 -1 -13 -2 -13 -1 -13 0 0 0 0 0 0 0 0 0 0
1784740903.258898,53253,-42,11,1,6,0,-95,1,624775614,128,0 0 0 0 0 0 0 0 0 0 0 0 -10 -3 -10 -3 -10 -4 -10 -4 -10 -5 -11 -6 -10 -6 -11 -6 -11 -7 -11 -7 -11 -8 -10 -8 -11 -9 -10 -9 -10 -9 -10 -10 -10 -10 -10 -10 -9 -10 -9 -10 -9 -10 -9 -11 -9 -10 -9 -10 -9 -10 -9 -10 0 0 -9 -10 -9 -10 -9 -9 -9 -9 -9 -8 -9 -8 -10 -8 -10 -8 -10 -8 -11 -7 -11 -7 -11 -7 -12 -7 -12 -7 -13 -6 -12 -6 -13 -6 -13 -6 -14 -6 -14 -6 -14 -6 -14 -6 -14 -6 -15 -6 -15 -6 -15 -6 0 0 0 0 0 0 0 0 0 0
1784740903.274973,53254,-45,11,1,6,1,-95,1,624783569,128,0 0 0 0 0 0 0 0 0 0 0 0 -5 7 -6 6 -7 6 -7 6 -7 6 -8 6 -8 6 -8 6 -8 5 -9 5 -9 5 -10 4 -10 4 -10 4 -10 4 -10 4 -10 4 -10 4 -10 4 -10 3 -10 3 -10 3 -10 3 -10 3 -10 3 -9 3 0 0 -9 3 -9 4 -8 4 -9 4 -8 5 -8 5 -8 5 -8 5 -8 6 -8 6 -8 6 -7 7 -8 7 -8 7 -7 8 -7 8 -7 8 -7 9 -7 9 -7 9 -7 9 -7 10 -8 9 -8 10 -7 9 -8 10 0 0 0 0 0 0 0 0 0 0
1784740903.274973,53255,-46,11,1,7,1,-95,1,624791790,128,0 0 0 0 0 0 0 0 0 0 0 0 2 9 1 9 0 10 0 10 -1 10 -1 10 -1 10 -2 10 -2 11 -2 10 -3 10 -3 10 -4 10 -4 10 -4 10 -4 10 -4 10 -4 10 -4 9 -5 10 -4 9 -4 9 -4 9 -4 9 -4 9 -4 9 0 0 -3 8 -3 9 -3 8 -2 9 -2 9 -2 9 -1 8 -1 9 -1 9 0 10 0 10 0 10 0 10 1 10 1 10 2 10 1 11 2 11 2 11 2 11 2 11 2 11 2 11 2 12 2 12 2 12 0 0 0 0 0 0 0 0 0 0
1784740903.296368,53256,-46,11,1,7,1,-95,1,624801982,128,0 0 0 0 0 0 0 0 0 0 0 0 -4 9 -5 9 -6 8 -6 8 -7 8 -7 8 -7 8 -8 8 -8 8 -8 8 -8 7 -9 7 -9 7 -9 7 -9 7 -10 6 -10 7 -9 6 -9 6 -9 6 -9 6 -9 6 -9 6 -9 6 -9 6 -8 6 0 0 -8 6 -8 6 -8 6 -7 7 -7 7 -7 7 -6 7 -6 8 -6 8 -6 9 -6 9 -5 9 -5 9 -6 10 -5 10 -5 11 -5 11 -5 11 -5 12 -5 12 -5 12 -5 12 -5 12 -5 12 -5 13 -5 13 0 0 0 0 0 0 0 0 0 0
1784740903.307236,53257,-46,11,1,7,1,-95,1,624811656,128,0 0 0 0 0 0 0 0 0 0 0 0 8 -6 9 -5 9 -5 9 -4 10 -4 10 -4 10 -3 11 -3 11 -2 11 -3 11 -3 11 -2 11 -2 11 -1 11 -1 12 -1 12 -1 11 -1 11 0 11 0 11 0 11 0 11 -1 10 -1 10 -1 10 -1 0 0 10 -1 10 -2 10 -2 10 -2 9 -3 10 -3 10 -3 10 -4 10 -4 10 -5 10 -5 10 -6 10 -6 10 -6 11 -6 11 -6 11 -6 11 -7 12 -7 12 -7 12 -7 12 -7 12 -8 12 -7 12 -7 13 -8 0 0 0 0 0 0 0 0 0 0
1784740903.307236,53258,-46,11,1,7,1,-95,1,624821735,128,0 0 0 0 0 0 0 0 0 0 0 0 4 8 4 8 3 9 3 9 3 9 2 9 2 9 1 10 1 10 1 10 0 10 0 10 0 10 -1 10 -1 10 -1 10 -1 10 -1 10 -1 10 -1 10 -1 9 -1 9 -1 10 -1 9 0 9 0 9 0 0 0 9 1 9 1 9 1 10 2 9 2 9 2 9 2 10 3 10 3 11 3 10 4 10 4 10 4 10 5 11 5 11 4 12 5 11 5 11 5 12 5 12 5 12 5 12 5 12 5 12 5 12 0 0 0 0 0 0 0 0 0 0
1784740903.323244,53259,-46,11,1,7,1,-95,1,624831680,128,0 0 0 0 0 0 0 0 0 0 0 0 -8 -2 -8 -3 -8 -4 -8 -4 -8 -5 -8 -4 -8 -5 -8 -5 -8 -5 -8 -5 -8 -6 -8 -6 -7 -6 -7 -6 -8 -6 -7 -7 -7 -7 -7 -6 -8 -6 -7 -6 -7 -6 -8 -6 -8 -6 -7 -6 -8 -6 -8 -6 0 0 -9 -6 -8 -5 -9 -5 -9 -5 -9 -5 -10 -5 -10 -5 -10 -5 -11 -5 -11 -5 -11 -5 -12 -5 -11 -5 -12 -5 -12 -5 -13 -5 -12 -5 -13 -5 -13 -5 -13 -4 -13 -5 -13 -5 -13 -4 -13 -5 -13 -5 -14 -5 0 0 0 0 0 0 0 0 0 0
1784740903.339201,53260,-46,11,1,6,1,-95,1,624843125,128,0 0 0 0 0 0 0 0 0 0 0 0 -6 -5 -5 -5 -5 -6 -5 -6 -5 -6 -5 -6 -5 -6 -5 -7 -5 -7 -5 -7 -4 -8 -5 -8 -4 -8 -4 -8 -4 -8 -4 -9 -4 -9 -4 -9 -4 -9 -4 -9 -4 -9 -4 -9 -5 -9 -4 -9 -4 -9 -5 -9 0 0 -4 -9 -5 -9 -5 -9 -5 -10 -5 -10 -6 -10 -6 -10 -6 -10 -6 -10 -7 -10 -7 -11 -7 -11 -7 -10 -7 -11 -8 -11 -8 -11 -8 -12 -8 -12 -8 -11 -9 -12 -8 -12 -9 -12 -8 -13 -8 -12 -8 -12 -8 -12 0 0 0 0 0 0 0 0 0 0
1784740903.346741,53261,-46,11,1,6,1,-95,1,624853457,128,0 0 0 0 0 0 0 0 0 0 0 0 2 6 2 6 2 7 2 7 1 7 1 7 1 8 1 8 0 8 1 8 1 8 0 9 0 9 0 9 0 9 -1 9 -1 9 -1 9 -1 10 -1 9 -1 10 -1 9 -1 9 -1 9 -1 9 -1 10 0 0 -1 10 -1 10 -1 10 -1 10 0 10 0 10 0 10 0 10 0 11 1 11 1 11 2 11 2 11 2 12 2 12 1 12 1 12 2 12 2 13 2 13 2 13 2 13 2 12 2 13 2 13 2 13 0 0 0 0 0 0 0 0 0 0
1784740903.355224,53262,-47,11,1,7,1,-95,1,624861780,128,0 0 0 0 0 0 0 0 0 0 0 0 3 -8 4 -9 4 -8 5 -8 5 -8 5 -8 6 -8 6 -8 6 -8 7 -8 7 -8 7 -8 7 -7 8 -7 8 -7 8 -7 8 -7 8 -7 8 -7 8 -6 8 -6 8 -7 7 -7 7 -7 7 -7 7 -7 0 0 7 -7 7 -7 6 -7 6 -8 6 -8 6 -8 5 -9 5 -9 6 -9 5 -10 5 -10 5 -10 5 -10 5 -11 5 -11 5 -11 5 -11 5 -12 5 -12 5 -12 5 -12 5 -12 5 -12 5 -12 5 -12 5 -12 0 0 0 0 0 0 0 0 0 0
1784740903.355224,53263,-47,11,1,7,1,-95,1,624871690,128,0 0 0 0 0 0 0 0 0 0 0 0 7 6 6 7 5 7 5 8 5 8 5 8 5 8 5 9 4 9 4 9 4 9 4 9 4 9 4 9 3 9 3 9 3 9 3 9 3 9 3 9 3 9 3 9 4 8 4 8 4 8 4 8 0 0 4 8 5 8 5 8 5 8 6 8 6 8 6 8 7 8 7 8 8 8 8 8 8 7 8 8 8 8 9 8 9 9 9 9 9 9 10 9 10 9 10 9 10 9 10 9 10 9 10 9 10 9 0 0 0 0 0 0 0 0 0 0
1784740903.375342,53264,-45,11,1,7,1,-95,1,624881759,128,0 0 0 0 0 0 0 0 0 0 0 0 1 7 0 7 0 7 -1 7 -1 8 -1 8 -1 8 -1 8 -1 8 -2 8 -2 8 -2 8 -2 8 -2 8 -2 8 -2 9 -2 8 -2 9 -2 9 -2 9 -2 9 -2 9 -2 9 -2 9 -2 9 -2 10 0 0 -2 10 -1 10 -1 10 -1 11 -1 10 -1 11 0 11 0 11 0 11 0 12 0 12 1 12 0 12 0 12 1 14 1 13 1 14 1 14 1 14 1 15 1 14 1 15 0 15 0 15 0 15 0 15 0 0 0 0 0 0 0 0 0 0
1784740903.486097,53265,-44,11,1,7,1,-95,1,624982638,128,0 0 0 0 0 0 0 0 0 0 0 0 4 -6 5 -6 6 -5 6 -5 6 -5 6 -5 6 -5 6 -5 7 -5 7 -5 7 -4 8 -4 8 -4 8 -4 8 -4 8 -4 8 -4 8 -5 9 -4 8 -5 9 -5 8 -5 9 -5 9 -4 9 -4 9 -5 0 0 9 -5 9 -6 9 -6 10 -6 9 -6 9 -6 9 -7 10 -7 9 -7 10 -8 10 -7 10 -8 10 -8 10 -8 11 -9 10 -9 11 -9 11 -9 11 -9 11 -10 11 -10 11 -10 12 -10 12 -9 12 -9 12 -9 0 0 0 0 0 0 0 0 0 0
1784740903.486097,53266,-44,11,1,7,1,-95,1,624983179,128,0 0 0 0 0 0 0 0 0 0 0 0 -7 3 -7 2 -8 2 -8 2 -8 1 -8 1 -9 1 -9 1 -9 1 -9 0 -9 0 -10 0 -10 0 -10 0 -10 0 -10 0 -10 0 -10 0 -10 0 -10 0 -11 0 -11 0 -11 0 -11 -1 -11 -1 -11 0 0 0 -11 0 -11 1 -11 0 -12 1 -12 1 -12 1 -12 1 -12 1 -12 2 -13 2 -13 2 -13 2 -13 2 -13 2 -14 3 -14 3 -14 2 -15 3 -15 3 -15 3 -15 3 -15 3 -15 3 -16 2 -16 2 -16 2 0 0 0 0 0 0 0 0 0 0
1784740903.486097,53267,-45,11,1,7,1,-95,1,624983782,128,0 0 0 0 0 0 0 0 0 0 0 0 6 -4 6 -4 6 -2 7 -3 7 -3 7 -3 7 -4 8 -3 7 -3 8 -2 7 -3 8 -2 8 -2 8 -2 9 -1 8 -2 9 -2 9 -2 10 -1 9 -2 9 -2 9 -2 8 -3 9 -2 9 -2 10 -2 0 0 10 -3 10 -3 10 -3 11 -3 10 -4 10 -4 10 -4 9 -4 11 -5 11 -5 11 -5 12 -6 11 -5 12 -6 11 -6 11 -5 12 -6 12 -7 12 -7 13 -8 13 -7 13 -7 13 -7 13 -5 13 -7 14 -7 0 0 0 0 0 0 0 0 0 0
1784740903.486097,53268,-45,11,1,6,1,-95,1,624986155,128,0 0 0 0 0 0 0 0 0 0 0 0 6 2 6 3 6 4 6 4 6 4 6 4 6 4 6 5 6 5 6 6 6 6 6 6 5 6 5 6 6 6 6 6 6 6 6 7 6 7 6 7 6 7 6 7 7 7 6 7 6 7 6 7 0 0 7 7 7 7 8 7 8 7 8 7 8 7 8 7 9 7 9 7 10 7 9 7 10 7 10 7 10 7 11 7 11 7 11 8 12 8 12 8 12 8 12 8 12 8 12 9 12 9 12 9 12 9 0 0 0 0 0 0 0 0 0 0
1784740903.486097,53269,-44,11,1,7,1,-95,1,624988332,128,0 0 0 0 0 0 0 0 0 0 0 0 -3 6 -3 6 -4 6 -4 6 -5 6 -5 6 -5 6 -5 6 -6 6 -6 6 -6 6 -7 6 -6 6 -7 6 -6 6 -7 6 -7 6 -8 6 -7 6 -7 7 -7 6 -7 7 -7 7 -7 7 -8 7 -7 7 0 0 -7 7 -8 8 -7 7 -8 9 -8 8 -7 9 -8 9 -7 9 -8 10 -8 10 -7 11 -7 10 -7 11 -8 10 -7 12 -8 11 -8 12 -8 12 -7 12 -8 13 -8 12 -8 13 -9 13 -9 13 -10 13 -9 13 0 0 0 0 0 0 0 0 0 0
1784740903.486097,53270,-45,11,1,7,1,-95,1,624992562,128,0 0 0 0 0 0 0 0 0 0 0 0 6 -4 6 -3 6 -3 7 -3 7 -2 7 -3 7 -2 8 -2 8 -2 7 -2 8 -1 8 -1 8 -1 9 -1 9 -2 9 -1 10 -1 9 -2 10 -1 9 -1 10 -2 10 -1 10 -2 10 -1 10 -1 10 -2 0 0 11 -2 11 -2 11 -2 11 -2 11 -3 11 -3 11 -3 11 -3 12 -4 12 -4 12 -4 12 -4 12 -5 13 -5 12 -5 13 -6 13 -5 14 -5 13 -6 14 -6 14 -6 14 -6 14 -6 14 -6 15 -6 15 -6 0 0 0 0 0 0 0 0 0 0
1784740903.486097,53271,-44,11,1,7,1,-95,1,625001625,128,0 0 0 0 0 0 0 0 0 0 0 0 -1 -6 -1 -7 0 -7 0 -7 0 -7 0 -8 1 -8 1 -8 1 -8 1 -8 1 -8 1 -9 1 -9 2 -9 2 -9 2 -9 2 -10 2 -9 3 -10 3 -10 3 -10 3 -10 2 -10 3 -10 3 -10 3 -11 0 0 3 -11 3 -11 3 -11 3 -11 2 -11 3 -12 2 -12 2 -12 3 -12 2 -12 2 -13 1 -13 2 -13 1 -14 2 -13 2 -14 2 -14 1 -14 2 -15 1 -15 1 -15 2 -15 1 -15 1 -15 1 -15 2 -16 0 0 0 0 0 0 0 0 0 0
1784740903.503181,53272,-45,11,1,7,1,-95,1,625011711,128,0 0 0 0 0 0 0 0 0 0 0 0 -6 -3 -7 -4 -6 -4 -6 -5 -6 -5 -7 -5 -6 -6 -7 -6 -6 -6 -6 -6 -7 -7 -7 -7 -7 -7 -7 -8 -7 -8 -6 -8 -7 -8 -6 -8 -7 -9 -7 -9 -7 -8 -7 -9 -7 -9 -7 -9 -7 -9 -7 -9 0 0 -7 -10 -7 -10 -7 -10 -7 -9 -7 -9 -8 -10 -8 -10 -8 -9 -8 -10 -9 -10 -9 -10 -9 -10 -9 -10 -10 -11 -9 -11 -10 -11 -10 -11 -10 -11 -10 -11 -11 -11 -11 -11 -11 -12 -11 -11 -11 -11 -11 -11 -11 -12 0 0 0 0 0 0 0 0 0 0
1784740903.519349,53273,-46,11,1,7,1,-95,1,625021771,128,0 0 0 0 0 0 0 0 0 0 0 0 -8 -3 -8 -3 -8 -4 -8 -4 -8 -4 -8 -5 -8 -5 -8 -5 -8 -5 -8 -5 -8 -6 -8 -6 -7 -6 -8 -6 -8 -6 -8 -7 -8 -7 -8 -7 -8 -7 -8 -7 -8 -7 -8 -7 -8 -7 -8 -7 -8 -7 -8 -7 0 0 -9 -7 -9 -7 -9 -7 -9 -7 -9 -7 -10 -7 -10 -6 -10 -7 -10 -6 -11 -7 -11 -7 -11 -6 -11 -6 -11 -7 -12 -6 -12 -7 -12 -7 -12 -7 -12 -7 -13 -6 -13 -6 -13 -6 -13 -7 -13 -7 -13 -7 -13 -7 0 0 0 0 0 0 0 0 0 0
1784740903.519349,53274,-46,11,1,7,1,-95,1,625031716,128,0 0 0 0 0 0 0 0 0 0 0 0 7 1 7 1 7 2 7 2 7 2 7 3 7 3 8 3 8 3 7 3 7 4 8 4 7 4 8 4 8 4 7 4 8 4 8 4 8 5 8 5 8 5 8 5 8 4 8 5 8 5 9 5 0 0 9 5 9 5 9 5 9 4 9 4 10 4 10 4 10 4 10 4 10 4 11 4 11 3 11 4 12 4 11 3 12 4 11 4 12 4 12 4 12 4 13 3 13 4 12 4 13 4 13 4 13 4 0 0 0 0 0 0 0 0 0 0
1784740903.531023,53275,-45,11,1,7,1,-95,1,625041680,128,0 0 0 0 0 0 0 0 0 0 0 0 7 -3 8 -3 8 -2 8 -2 8 -2 8 -1 8 -1 9 -1 9 -1 9 -1 9 -1 9 -1 9 0 9 0 10 0 10 0 10 0 10 0 10 0 10 0 10 0 10 0 10 0 10 0 10 0 10 0 0 0 10 0 10 0 10 0 10 -1 10 -1 11 -1 11 -1 11 -1 11 -1 11 -2 11 -2 11 -3 12 -3 12 -3 12 -3 13 -3 12 -3 13 -3 13 -3 13 -3 13 -3 13 -3 13 -3 14 -3 14 -3 14 -3 0 0 0 0 0 0 0 0 0 0
1784740903.547079,53276,-44,11,1,7,1,-95,1,625051726,128,0 0 0 0 0 0 0 0 0 0 0 0 8 -1 8 0 8 0 8 1 9 1 8 1 9 1 9 1 9 2 9 2 9 3 9 3 9 3 9 3 9 3 9 3 9 3 9 4 9 4 9 3 9 3 9 3 9 3 9 4 9 4 9 4 0 0 9 3 10 2 9 3 10 2 10 2 10 2 10 2 11 1 11 1 12 1 11 1 11 1 11 1 12 1 12 0 13 0 13 0 13 0 13 0 14 0 14 0 14 0 14 0 14 1 14 1 14 1 0 0 0 0 0 0 0 0 0 0
1784740903.547079,53277,-44,11,1,7,1,-95,1,625062261,128,0 0 0 0 0 0 0 0 0 0 0 0 8 -3 8 -3 8 -2 8 -1 8 -1 9 -1 9 -1 9 0 9 0 9 0 9 0 9 0 9 1 9 0 9 1 9 1 9 1 9 1 10 1 9 1 10 1 10 1 10 1 10 1 10 1 10 1 0 0 10 1 10 1 10 1 10 0 10 0 10 0 11 0 11 0 11 0 12 -1 12 -1 12 -1 12 -1 12 -1 13 -1 13 -1 13 -1 13 -1 13 -1 14 -1 14 -1 14 -1 14 -1 14 -1 14 -1 15 -1 0 0 0 0 0 0 0 0 0 0
1784740903.562919,53278,-45,11,1,7,1,-95,1,625080097,128,0 0 0 0 0 0 0 0 0 0 0 0 -7 1 -8 0 -8 0 -8 -1 -8 -1 -8 -1 -8 -1 -8 -1 -8 -1 -8 -1 -8 -1 -9 -1 -9 -1 -9 -1 -9 -1 -9 -2 -10 -2 -10 -2 -10 -2 -10 -2 -10 -2 -11 -2 -11 -2 -11 -2 -11 -2 -11 -2 0 0 -11 -2 -11 -2 -12 -2 -12 -2 -12 -2 -12 -2 -12 -2 -12 -1 -12 -2 -13 -1 -13 -1 -13 -1 -13 -1 -14 -1 -14 -1 -14 -1 -14 -1 -14 -1 -15 -1 -15 -1 -15 -1 -15 -1 -15 -1 -15 -1 -15 -1 -15 -1 0 0 0 0 0 0 0 0 0 0
1784740903.578921,53279,-45,11,1,7,1,-95,1,625082678,128,0 0 0 0 0 0 0 0 0 0 0 0 -7 -3 -7 -3 -7 -4 -7 -4 -6 -4 -7 -4 -7 -4 -7 -4 -7 -4 -7 -4 -7 -4 -7 -5 -7 -5 -8 -5 -8 -5 -7 -5 -8 -6 -8 -6 -8 -6 -8 -6 -8 -6 -8 -7 -9 -6 -9 -6 -9 -6 -9 -7 0 0 -9 -7 -9 -7 -9 -7 -9 -7 -10 -7 -10 -7 -10 -7 -10 -7 -10 -7 -11 -6 -11 -7 -11 -6 -11 -6 -12 -7 -12 -7 -12 -7 -12 -7 -12 -7 -13 -8 -13 -8 -13 -8 -13 -8 -13 -7 -13 -8 -13 -8 -13 -8 0 0 0 0 0 0 0 0 0 0
1784740903.595064,53280,-46,11,1,7,1,-95,1,625091686,128,0 0 0 0 0 0 0 0 0 0 0 0 6 -2 6 -1 6 -1 7 0 7 0 7 0 7 0 7 0 7 0 7 0 7 0 7 0 8 1 8 1 8 1 8 1 8 1 8 1 9 1 8 1 9 1 9 2 9 1 9 1 9 1 9 1 0 0 9 1 9 1 10 1 9 1 10 0 10 1 10 0 10 0 11 0 11 0 11 0 11 -1 12 -1 12 -1 12 -1 13 -1 12 -1 13 -1 13 0 14 0 14 -1 14 0 13 0 14 0 14 0 14 0 0 0 0 0 0 0 0 0 0 0
1784740903.674663,53281,-45,11,1,7,1,-95,1,625112514,128,0 0 0 0 0 0 0 0 0 0 0 0 7 -5 8 -5 8 -4 8 -4 9 -4 8 -3 9 -3 9 -3 9 -3 9 -3 9 -3 9 -3 10 -3 10 -3 10 -3 10 -2 10 -3 10 -2 10 -2 11 -2 11 -2 11 -2 11 -3 11 -3 11 -3 11 -3 0 0 11 -3 11 -3 11 -3 11 -3 11 -4 11 -4 11 -4 11 -4 12 -4 12 -5 12 -5 12 -5 12 -6 12 -5 12 -5 13 -5 12 -6 13 -6 13 -6 13 -6 13 -6 13 -6 13 -6 13 -6 13 -6 13 -6 0 0 0 0 0 0 0 0 0 0
1784740903.674663,53282,-44,11,1,7,1,-95,1,625121901,128,0 0 0 0 0 0 0 0 0 0 0 0 1 8 1 9 0 9 0 9 -1 9 0 9 -1 9 -1 10 -1 10 -1 10 -2 10 -2 10 -2 10 -2 10 -2 11 -3 11 -3 11 -3 11 -3 11 -3 11 -3 11 -4 11 -3 11 -4 11 -4 11 -4 12 0 0 -4 11 -4 12 -4 11 -4 12 -3 11 -3 12 -3 11 -3 12 -3 12 -3 12 -3 12 -2 12 -3 12 -2 12 -2 13 -3 13 -2 13 -2 13 -2 13 -2 13 -2 13 -2 14 -2 13 -2 13 -2 13 -2 13 0 0 0 0 0 0 0 0 0 0
1784740903.674663,53283,-44,11,1,6,1,-95,1,625151657,128,0 0 0 0 0 0 0 0 0 0 0 0 6 4 6 4 6 5 5 5 5 6 5 6 5 6 5 6 5 7 5 7 5 7 5 7 5 8 5 8 5 8 4 9 5 8 5 9 5 9 5 9 5 9 4 9 5 9 4 9 5 9 5 9 0 0 5 9 5 10 5 9 5 10 5 9 5 9 6 9 6 9 6 9 7 9 7 10 7 9 7 10 7 10 7 10 7 10 7 10 8 10 8 10 8 10 9 10 9 11 8 10 8 11 9 11 9 11 0 0 0 0 0 0 0 0 0 0
1784740903.674663,53284,-45,11,1,6,1,-95,1,625181816,128,0 0 0 0 0 0 0 0 0 0 0 0 7 -5 7 -5 8 -4 7 -4 8 -3 8 -3 8 -3 8 -3 8 -3 9 -2 9 -2 9 -2 9 -2 9 -2 9 -2 9 -2 9 -2 10 -2 9 -2 9 -2 9 -2 9 -2 10 -2 9 -2 10 -2 10 -2 0 0 10 -2 10 -3 10 -3 11 -3 10 -3 10 -3 10 -3 11 -4 11 -4 12 -4 11 -4 11 -4 11 -4 11 -4 12 -5 12 -5 13 -5 13 -5 13 -5 13 -5 13 -5 13 -5 14 -5 14 -5 14 -5 14 -5 0 0 0 0 0 0 0 0 0 0
1784740903.674663,53285,-45,11,1,7,1,-95,1,625183076,128,0 0 0 0 0 0 0 0 0 0 0 0 -8 3 -8 2 -8 2 -9 1 -9 1 -9 1 -9 1 -9 0 -9 1 -9 0 -9 0 -10 0 -9 0 -10 0 -10 0 -10 0 -10 0 -10 0 -10 0 -10 0 -10 0 -10 0 -10 0 -10 0 -10 0 -11 0 0 0 -11 0 -11 1 -11 0 -11 1 -11 1 -11 1 -11 1 -12 1 -12 1 -12 2 -12 2 -12 2 -13 2 -13 2 -13 2 -13 3 -13 2 -14 3 -14 3 -14 3 -14 3 -14 3 -15 2 -14 2 -15 2 -15 2 0 0 0 0 0 0 0 0 0 0
1784740903.690525,53286,-44,11,1,6,1,-95,1,625191692,128,0 0 0 0 0 0 0 0 0 0 0 0 6 3 6 4 6 5 6 5 6 5 6 5 6 5 6 6 6 6 5 6 5 6 5 7 5 7 5 7 6 7 6 7 6 7 6 7 6 7 6 7 6 7 6 7 6 7 6 7 6 7 6 7 0 0 7 7 7 7 7 7 7 7 8 7 8 7 8 7 8 7 8 7 9 7 9 7 9 7 9 7 10 8 10 7 11 7 10 8 11 8 11 8 11 7 11 8 11 8 11 8 11 8 11 8 11 9 0 0 0 0 0 0 0 0 0 0
1784740903.703943,53287,-44,11,1,6,1,-95,1,625202179,128,0 0 0 0 0 0 0 0 0 0 0 0 8 1 8 2 8 3 8 3 8 3 8 4 8 4 8 4 8 5 8 5 8 5 9 5 9 5 9 6 9 6 8 6 9 6 8 6 9 7 8 6 9 7 8 7 9 6 9 7 9 6 9 7 0 0 9 7 9 6 9 6 9 6 9 6 9 6 9 6 10 6 10 6 10 5 10 5 11 5 11 5 11 5 11 5 11 5 11 5 12 5 12 5 12 5 12 4 12 5 12 4 12 4 12 4 13 5 0 0 0 0 0 0 0 0 0 0
1784740903.706768,53288,-44,11,1,6,1,-95,1,625212507,128,0 0 0 0 0 0 0 0 0 0 0 0 7 6 7 7 6 7 6 8 5 8 5 9 5 9 5 9 5 9 5 10 5 10 5 10 4 10 4 11 4 11 3 11 4 11 3 11 4 11 3 11 3 11 3 11 3 11 3 11 3 11 4 11 0 0 3 11 4 10 4 11 4 10 4 10 4 10 5 10 5 10 5 10 6 10 6 10 6 10 7 10 7 10 7 10 7 11 7 10 8 10 8 10 8 10 8 10 8 10 8 10 8 10 8 11 9 10 0 0 0 0 0 0 0 0 0 0
1784740903.722651,53289,-44,11,1,6,1,-95,1,625221683,128,0 0 0 0 0 0 0 0 0 0 0 0 0 -10 1 -10 2 -10 2 -10 3 -10 3 -10 3 -10 4 -10 4 -10 4 -10 5 -10 5 -10 5 -10 5 -10 5 -10 6 -10 5 -10 6 -10 6 -10 6 -10 6 -10 6 -10 6 -10 6 -10 6 -9 6 -10 0 0 5 -10 5 -10 5 -10 5 -10 4 -10 5 -11 4 -11 4 -11 4 -11 4 -12 4 -12 4 -12 4 -12 4 -12 3 -13 3 -13 3 -13 3 -13 3 -13 3 -14 3 -14 3 -14 3 -14 4 -14 4 -14 4 -14 0 0 0 0 0 0 0 0 0 0
1784740903.722651,53290,-44,11,1,6,1,-95,1,625231980,128,0 0 0 0 0 0 0 0 0 0 0 0 -4 8 -4 8 -5 8 -6 7 -6 7 -6 7 -6 7 -6 7 -7 7 -7 7 -7 7 -7 7 -7 7 -8 7 -8 7 -8 7 -9 7 -9 7 -8 7 -8 7 -9 7 -9 7 -8 7 -9 7 -9 7 -9 7 0 0 -9 7 -9 7 -9 7 -9 7 -8 8 -9 8 -9 8 -8 8 -9 8 -8 9 -8 9 -8 9 -8 10 -8 10 -9 10 -9 10 -9 10 -9 10 -9 11 -9 11 -9 11 -10 11 -9 11 -9 11 -9 11 -10 12 0 0 0 0 0 0 0 0 0 0
1784740903.738713,53291,-43,11,1,6,1,-95,1,625243255,128,0 0 0 0 0 0 0 0 0 0 0 0 -5 -9 -5 -9 -4 -10 -3 -10 -3 -10 -4 -10 -3 -10 -3 -11 -3 -11 -3 -11 -2 -11 -2 -12 -2 -12 -2 -12 -2 -12 -1 -12 -1 -13 -1 -12 -1 -13 -1 -13 -1 -13 -1 -13 -1 -13 -1 -13 -1 -13 -1 -13 0 0 -1 -13 -1 -13 -1 -13 -2 -12 -2 -12 -2 -13 -2 -13 -3 -13 -2 -13 -3 -13 -3 -13 -3 -13 -3 -13 -4 -13 -4 -13 -4 -14 -4 -13 -5 -14 -5 -14 -5 -14 -5 -14 -5 -14 -5 -14 -5 -14 -5 -14 -5 -15 0 0 0 0 0 0 0 0 0 0
1784740903.738713,53292,-44,11,1,6,1,-95,1,625251867,128,0 0 0 0 0 0 0 0 0 0 0 0 -7 -8 -7 -8 -6 -9 -6 -9 -5 -9 -6 -10 -5 -10 -6 -10 -5 -10 -5 -10 -5 -11 -5 -11 -4 -11 -4 -12 -5 -12 -4 -12 -4 -12 -4 -12 -4 -13 -4 -12 -4 -12 -4 -12 -4 -12 -3 -12 -3 -12 -4 -12 0 0 -4 -12 -4 -11 -4 -12 -4 -11 -5 -11 -5 -11 -5 -11 -5 -11 -5 -11 -6 -11 -6 -11 -6 -11 -6 -11 -7 -11 -7 -10 -7 -11 -7 -11 -8 -11 -7 -11 -8 -10 -8 -11 -8 -11 -8 -10 -8 -11 -8 -11 -9 -11 0 0 0 0 0 0 0 0 0 0
1784740903.754605,53293,-44,11,1,6,1,-95,1,625261716,128,0 0 0 0 0 0 0 0 0 0 0 0 8 -5 9 -5 9 -4 9 -3 10 -3 10 -3 10 -3 10 -3 11 -2 11 -2 11 -1 11 -1 11 -1 11 -1 11 -1 11 0 11 0 11 0 11 0 11 0 11 0 11 1 11 0 11 1 11 0 11 0 0 0 11 0 10 0 11 0 10 0 10 -1 10 -1 10 -1 10 -1 10 -2 10 -2 10 -2 10 -3 10 -3 11 -3 10 -3 11 -3 10 -4 11 -4 11 -4 11 -4 11 -5 11 -5 11 -5 11 -5 11 -5 11 -5 0 0 0 0 0 0 0 0 0 0
1784740903.775128,53294,-44,11,1,6,1,-95,1,625271676,128,0 0 0 0 0 0 0 0 0 0 0 0 -1 9 -1 9 -2 9 -2 9 -2 9 -3 9 -3 9 -3 9 -3 9 -5 9 -5 9 -5 9 -5 9 -5 9 -5 9 -5 10 -5 9 -5 10 -6 9 -6 9 -5 9 -5 9 -6 9 -6 9 -6 9 -6 9 0 0 -5 9 -4 9 -4 9 -4 10 -4 10 -4 10 -3 10 -3 11 -3 10 -3 11 -3 11 -3 11 -3 11 -2 11 -2 12 -2 11 -2 12 -2 13 -1 12 -1 13 -1 13 -1 13 -2 13 -2 13 -2 13 -2 13 0 0 0 0 0 0 0 0 0 0
1784740903.775128,53295,-44,11,1,6,1,-95,1,625282926,128,0 0 0 0 0 0 0 0 0 0 0 0 -5 -8 -5 -9 -4 -9 -4 -9 -3 -10 -3 -10 -3 -10 -4 -10 -3 -11 -3 -10 -2 -11 -2 -11 -2 -11 -2 -11 -2 -12 -1 -12 -2 -12 -1 -11 -1 -12 -2 -12 -2 -12 -1 -12 -1 -12 -1 -12 -1 -12 -1 -12 0 0 -2 -12 -2 -12 -2 -12 -2 -12 -2 -11 -2 -12 -3 -12 -3 -12 -3 -12 -4 -12 -4 -12 -4 -12 -4 -12 -4 -13 -4 -13 -5 -13 -4 -13 -5 -13 -5 -13 -6 -13 -5 -13 -5 -13 -5 -14 -5 -14 -5 -14 -5 -14 0 0 0 0 0 0 0 0 0 0
1784740903.786840,53296,-44,11,1,6,1,-95,1,625291966,128,0 0 0 0 0 0 0 0 0 0 0 0 -8 4 -9 4 -10 3 -10 3 -10 3 -10 3 -10 3 -11 3 -11 2 -11 2 -11 2 -12 1 -12 1 -12 1 -12 1 -13 0 -13 0 -12 0 -13 0 -12 0 -13 0 -12 0 -13 0 -12 0 -12 0 -13 0 0 0 -13 0 -12 0 -12 0 -12 0 -12 1 -12 1 -12 1 -12 1 -12 1 -12 2 -12 2 -12 2 -12 2 -13 3 -13 3 -13 3 -13 3 -13 3 -13 3 -13 4 -13 4 -13 3 -13 4 -13 3 -13 4 -13 4 0 0 0 0 0 0 0 0 0 0
1784740903.786840,53297,-44,11,1,6,1,-95,1,625301965,128,0 0 0 0 0 0 0 0 0 0 0 0 -10 -4 -10 -4 -10 -5 -10 -5 -10 -6 -10 -6 -10 -7 -10 -7 -10 -7 -10 -8 -9 -8 -9 -8 -9 -9 -9 -9 -9 -9 -9 -9 -9 -10 -9 -9 -9 -10 -8 -10 -8 -10 -9 -10 -8 -10 -8 -10 -8 -9 -8 -9 0 0 -8 -9 -9 -9 -8 -9 -9 -8 -9 -8 -9 -8 -9 -8 -9 -8 -9 -8 -10 -7 -10 -7 -10 -7 -10 -7 -11 -6 -11 -6 -11 -6 -11 -6 -12 -6 -12 -6 -12 -6 -12 -6 -12 -5 -12 -6 -12 -6 -12 -5 -12 -5 0 0 0 0 0 0 0 0 0 0
1784740903.804352,53298,-45,11,1,6,1,-95,1,625311611,128,0 0 0 0 0 0 0 0 0 0 0 0 -6 -9 -6 -9 -6 -10 -5 -10 -5 -11 -5 -11 -4 -11 -4 -11 -4 -12 -4 -12 -3 -12 -3 -12 -3 -13 -3 -13 -3 -13 -2 -13 -2 -13 -2 -13 -2 -12 -2 -12 -2 -12 -1 -12 -2 -12 -2 -12 -2 -12 -2 -12 0 0 -2 -11 -2 -11 -2 -11 -3 -11 -3 -11 -4 -11 -4 -11 -4 -11 -4 -11 -5 -11 -5 -11 -6 -11 -6 -11 -6 -11 -6 -11 -6 -11 -7 -11 -7 -11 -7 -12 -7 -11 -8 -11 -8 -12 -8 -11 -8 -11 -8 -11 -8 -11 0 0 0 0 0 0 0 0 0 0
1784740903.818802,53299,-45,11,1,6,1,-95,1,625321991,128,0 0 0 0 0 0 0 0 0 0 0 0 -9 4 -9 3 -10 3 -10 2 -10 2 -10 2 -11 2 -11 2 -11 1 -11 0 -11 0 -11 0 -11 -1 -11 -1 -11 -1 -12 -1 -11 -1 -12 -1 -11 -1 -11 -1 -11 -1 -11 -1 -11 -1 -11 -1 -11 -1 -11 -1 0 0 -11 -1 -11 0 -10 0 -11 1 -10 1 -11 1 -11 1 -11 2 -11 2 -12 2 -11 2 -11 2 -11 2 -11 2 -12 3 -12 3 -12 3 -12 3 -12 4 -12 4 -12 4 -12 5 -12 4 -12 3 -12 4 -12 4 0 0 0 0 0 0 0 0 0 0
1784740903.834735,53300,-44,11,1,6,1,-95,1,625333359,128,0 0 0 0 0 0 0 0 0 0 0 0 5 7 4 8 3 8 3 9 3 9 3 9 3 9 3 9 2 10 2 10 2 10 2 10 1 10 1 10 1 11 0 11 1 11 0 11 0 11 0 11 0 11 0 11 1 11 0 10 0 10 0 11 0 0 1 11 1 10 1 11 1 10 1 10 1 10 2 10 2 10 2 10 3 10 3 10 3 10 3 11 3 11 3 11 4 11 4 11 4 11 4 11 4 11 5 11 4 12 5 11 4 11 5 11 5 12 0 0 0 0 0 0 0 0 0 0
1784740903.834735,53301,-43,11,1,6,1,-95,1,625341791,128,0 0 0 0 0 0 0 0 0 0 0 0 -2 6 -4 8 -4 9 -4 7 -6 6 -8 8 -6 8 -5 7 -7 2 -10 2 -13 4 -11 7 -7 5 -8 -1 -12 -3 -14 -1 -13 1 -11 -1 -11 -3 -9 -3 -9 -5 -10 -10 -12 -7 -12 -5 -8 -3 -4 -7 0 0 -11 -13 -10 -9 -7 -6 -3 -8 -3 -12 -5 -11 -6 -12 -4 -11 -6 -10 -5 -10 -1 -9 1 -12 -1 -16 -6 -14 -3 -9 3 -7 5 -12 3 -16 1 -14 1 -12 3 -12 4 -11 5 -10 8 -8 11 -10 10 -15 0 0 0 0 0 0 0 0 0 0
1784740903.847371,53302,-44,11,1,6,1,-95,1,625351926,128,0 0 0 0 0 0 0 0 0 0 0 0 2 -9 2 -8 3 -9 5 -7 4 -7 6 -7 7 -8 7 -8 7 -6 7 -7 11 -8 10 -6 10 -7 10 -5 8 -6 11 -5 10 -8 8 -7 7 -6 7 -6 8 -5 5 -5 8 -5 7 -5 6 -5 8 -3 0 0 8 -4 6 -5 8 -5 5 -7 9 -7 8 -7 7 -9 6 -8 5 -9 7 -10 5 -11 7 -12 5 -10 3 -9 3 -11 1 -5 5 -11 4 -11 4 -11 5 -13 4 -12 7 -12 7 -12 8 -14 10 -14 8 -14 0 0 0 0 0 0 0 0 0 0
1784740904.205997,53303,-44,11,1,6,1,-95,1,625361650,128,0 0 0 0 0 0 0 0 0 0 0 0 -7 5 -8 5 -8 5 -8 4 -9 4 -9 4 -9 4 -10 3 -10 4 -10 4 -10 3 -11 3 -11 3 -11 2 -12 2 -12 2 -12 2 -12 1 -12 2 -12 2 -12 1 -13 1 -12 1 -12 0 -12 0 -12 1 0 0 -12 0 -12 1 -11 1 -12 1 -12 2 -12 2 -12 1 -13 2 -12 3 -12 2 -13 2 -13 3 -12 3 -13 2 -14 3 -13 4 -13 2 -15 3 -14 4 -14 3 -14 2 -15 4 -14 3 -14 2 -15 2 -15 3 0 0 0 0 0 0 0 0 0 0
1784740905.309704,53304,-45,11,1,6,1,-95,1,625372037,128,0 0 0 0 0 0 0 0 0 0 0 0 -3 -9 -3 -9 -2 -9 -2 -9 -1 -9 -2 -10 -1 -10 -1 -10 0 -11 -1 -10 -1 -11 0 -11 0 -11 0 -11 0 -12 1 -11 1 -12 1 -11 1 -12 1 -12 1 -12 2 -12 1 -11 1 -12 1 -11 0 -12 0 0 0 -12 1 -12 1 -12 0 -12 0 -11 -1 -12 0 -12 -2 -12 0 -12 -2 -12 -2 -12 -3 -12 -2 -13 -2 -13 -2 -13 -2 -13 -3 -13 -2 -14 -3 -14 -2 -14 -4 -13 -2 -14 -4 -13 -3 -14 -3 -13 -3 -15 0 0 0 0 0 0 0 0 0 0
1784740905.309704,53305,-45,11,1,6,1,-95,1,625381817,128,0 0 0 0 0 0 0 0 0 0 0 0 -1 -10 0 -10 1 -9 1 -10 1 -11 1 -10 1 -10 2 -10 1 -11 3 -11 4 -11 3 -11 3 -11 3 -11 4 -10 4 -12 3 -11 4 -12 3 -12 4 -11 4 -11 4 -11 4 -13 4 -11 4 -11 4 -11 0 0 3 -11 3 -12 3 -11 2 -12 2 -11 2 -12 2 -12 0 -12 2 -12 2 -13 2 -12 1 -13 1 -12 1 -12 0 -13 0 -14 1 -14 0 -13 0 -13 1 -15 0 -13 -1 -13 0 -14 2 -13 0 -13 0 -13 0 0 0 0 0 0 0 0 0 0
1784740905.309704,53306,-45,11,1,6,1,-95,1,625391639,128,0 0 0 0 0 0 0 0 0 0 0 0 -4 8 -5 8 -6 8 -7 8 -6 7 -7 7 -7 7 -8 8 -8 7 -8 7 -8 7 -9 7 -9 7 -9 7 -9 7 -9 7 -10 7 -10 7 -10 7 -10 6 -10 6 -10 6 -10 6 -10 6 -10 6 -10 6 0 0 -9 6 -9 6 -9 7 -9 7 -9 7 -9 7 -9 7 -9 7 -8 7 -9 8 -8 8 -8 8 -8 8 -8 9 -8 9 -8 9 -8 9 -8 10 -8 10 -8 10 -8 10 -8 10 -7 10 -8 10 -7 10 -7 10 0 0 0 0 0 0 0 0 0 0
1784740905.309704,53307,-46,11,1,7,1,-95,1,625404130,128,0 0 0 0 0 0 0 0 0 0 0 0 1 -8 2 -9 2 -9 3 -9 3 -9 3 -9 4 -9 4 -9 5 -9 4 -9 4 -9 5 -9 5 -9 6 -9 6 -9 6 -9 6 -9 6 -9 6 -9 6 -9 6 -9 6 -9 6 -9 6 -9 6 -9 6 -9 0 0 6 -9 6 -9 6 -9 5 -9 5 -9 5 -10 5 -10 4 -10 5 -10 4 -11 4 -11 4 -11 4 -12 4 -12 4 -11 4 -12 4 -12 4 -12 4 -13 4 -13 4 -13 4 -13 4 -13 4 -13 4 -13 3 -13 0 0 0 0 0 0 0 0 0 0
1784740905.309704,53308,-46,11,1,7,1,-95,1,625411717,128,0 0 0 0 0 0 0 0 0 0 0 0 7 -4 7 -4 8 -3 8 -3 8 -3 8 -2 9 -2 9 -2 9 -2 10 -1 10 -1 10 -1 10 0 10 0 10 0 10 0 10 0 10 0 10 1 10 1 10 0 10 1 10 0 10 1 10 1 10 1 0 0 10 0 10 0 10 0 10 -1 10 -1 10 -1 10 -1 11 -1 10 -1 11 -2 11 -2 11 -2 11 -2 11 -2 12 -3 12 -3 12 -3 12 -3 12 -3 13 -3 13 -3 12 -3 13 -3 13 -3 13 -3 13 -3 0 0 0 0 0 0 0 0 0 0
1784740905.309704,53309,-45,11,1,7,1,-95,1,625422147,128,0 0 0 0 0 0 0 0 0 0 0 0 -2 -9 -2 -9 -1 -9 0 -10 0 -9 -1 -10 0 -10 0 -10 0 -10 1 -11 1 -11 1 -11 1 -11 1 -11 2 -11 2 -11 2 -11 2 -12 3 -11 2 -11 2 -12 2 -12 2 -11 1 -11 1 -12 2 -12 0 0 1 -11 1 -12 1 -12 0 -11 -1 -12 0 -13 0 -12 -1 -12 -2 -12 -1 -13 -2 -12 -2 -13 -2 -14 -2 -14 -2 -13 -3 -14 -3 -14 -2 -14 -3 -14 -4 -15 -3 -15 -3 -14 -4 -13 -3 -15 -3 -14 -3 -14 0 0 0 0 0 0 0 0 0 0
1784740905.309704,53334,-48,11,1,7,1,-95,1,625671703,128,0 0 0 0 0 0 0 0 0 0 0 0 -9 4 -10 3 -10 2 -10 2 -10 2 -10 2 -10 2 -10 1 -11 1 -10 1 -11 0 -11 0 -11 0 -11 0 -11 0 -11 0 -11 0 -11 0 -11 -1 -11 0 -11 0 -11 0 -11 0 -11 -1 -11 -1 -11 0 0 0 -11 0 -11 0 -11 0 -10 1 -11 1 -11 1 -11 1 -11 2 -11 2 -11 2 -11 2 -11 3 -11 3 -12 3 -12 3 -12 3 -12 3 -12 4 -12 4 -13 4 -13 4 -13 4 -13 4 -13 4 -13 4 -13 4 0 0 0 0 0 0 0 0 0 0
1784740905.309704,53444,-44,11,1,6,1,-95,1,626801694,128,0 0 0 0 0 0 0 0 0 0 0 0 2 5 2 5 2 5 2 6 1 6 1 6 1 6 1 6 1 7 1 7 1 7 1 7 1 7 1 8 1 8 0 8 0 9 0 8 1 9 0 9 1 9 0 10 1 9 1 9 1 10 1 10 0 0 0 11 0 10 0 11 0 11 1 11 0 11 0 11 1 11 1 12 1 12 1 12 2 12 2 12 2 13 2 12 2 13 2 13 2 13 2 13 2 13 2 14 2 14 2 13 2 14 3 14 2 15 0 0 0 0 0 0 0 0 0 0
1784740905.322570,53441,-45,11,1,6,1,-95,1,626785632,128,0 0 0 0 0 0 0 0 0 0 0 0 5 3 4 4 4 4 4 4 4 5 4 5 4 5 4 5 4 5 4 6 4 6 4 6 4 7 4 7 4 7 4 7 4 7 4 7 4 8 5 8 5 8 5 8 5 8 4 9 4 8 5 9 0 0 5 9 5 9 5 9 6 9 6 9 6 9 6 9 6 9 6 9 7 10 7 10 7 10 7 10 7 10 8 10 8 10 8 11 8 11 8 10 9 11 9 11 9 11 9 11 8 11 9 11 9 12 0 0 0 0 0 0 0 0 0 0
1784740905.322570,53442,-45,11,1,6,1,-95,1,626785942,128,0 0 0 0 0 0 0 0 0 0 0 0 -5 -5 -5 -5 -4 -6 -4 -6 -4 -6 -4 -6 -4 -7 -4 -7 -4 -7 -4 -7 -4 -7 -4 -8 -4 -8 -4 -8 -4 -8 -4 -9 -4 -9 -4 -9 -4 -9 -4 -9 -4 -9 -4 -10 -4 -10 -4 -10 -4 -10 -4 -10 0 0 -4 -10 -4 -11 -4 -11 -4 -11 -5 -11 -5 -11 -5 -11 -5 -11 -5 -11 -6 -11 -6 -11 -6 -12 -6 -12 -6 -12 -6 -12 -7 -13 -6 -12 -7 -13 -7 -12 -7 -13 -7 -13 -7 -13 -7 -13 -7 -14 -7 -14 -7 -14 0 0 0 0 0 0 0 0 0 0
1784740905.322570,53443,-45,11,1,6,1,-95,1,626791713,128,0 0 0 0 0 0 0 0 0 0 0 0 6 2 6 3 5 3 6 3 5 4 6 4 5 4 6 4 6 5 5 5 6 5 6 5 6 6 6 6 6 6 6 6 6 6 6 6 6 7 6 7 6 7 6 7 7 8 6 7 7 8 7 8 0 0 7 8 7 8 7 8 7 8 7 8 8 8 7 8 8 8 8 8 9 8 8 9 9 8 9 8 9 9 9 8 10 9 10 9 10 9 10 9 10 9 11 9 11 9 10 9 10 9 11 10 11 10 0 0 0 0 0 0 0 0 0 0
1784740905.322570,53444,-44,11,1,6,1,-95,1,626801694,128,0 0 0 0 0 0 0 0 0 0 0 0 2 5 2 5 2 5 2 6 1 6 1 6 1 6 1 6 1 7 1 7 1 7 1 7 1 7 1 8 1 8 0 8 0 9 0 8 1 9 0 9 1 9 0 10 1 9 1 9 1 10 1 10 0 0 0 11 0 10 0 11 0 11 1 11 0 11 0 11 1 11 1 12 1 12 1 12 2 12 2 12 2 13 2 12 2 13 2 13 2 13 2 13 2 13 2 14 2 14 2 13 2 14 3 14 2 15 0 0 0 0 0 0 0 0 0 0
1784740905.322570,53445,-44,11,1,6,1,-95,1,626811993,128,0 0 0 0 0 0 0 0 0 0 0 0 1 5 1 5 1 5 1 6 0 6 1 6 0 6 0 6 0 6 0 6 0 7 0 7 0 7 0 7 0 7 0 8 0 8 0 8 0 8 0 8 0 9 0 9 0 9 -1 9 0 10 -1 10 0 0 0 11 0 10 0 11 0 11 0 11 0 11 -1 11 0 12 0 11 0 12 0 12 0 12 0 12 0 13 1 13 0 13 0 13 0 14 0 14 1 14 0 14 0 14 0 14 0 14 0 14 0 15 0 0 0 0 0 0 0 0 0 0
1784740905.322570,53446,-45,11,1,6,1,-95,1,626823360,128,0 0 0 0 0 0 0 0 0 0 0 0 -6 -3 -6 -3 -6 -3 -6 -4 -6 -4 -6 -4 -6 -4 -6 -4 -7 -4 -7 -5 -6 -5 -7 -5 -7 -5 -7 -5 -7 -5 -7 -5 -7 -5 -8 -5 -7 -5 -8 -5 -8 -5 -8 -6 -8 -6 -8 -6 -8 -6 -8 -6 0 0 -9 -6 -9 -6 -9 -6 -10 -6 -10 -6 -10 -6 -10 -6 -11 -6 -11 -6 -11 -6 -11 -6 -11 -6 -11 -6 -11 -6 -12 -6 -12 -6 -12 -7 -13 -6 -13 -6 -14 -6 -13 -6 -13 -6 -13 -7 -13 -7 -13 -7 -13 -7 0 0 0 0 0 0 0 0 0 0
1784740905.322570,53447,-41,11,1,7,0,-95,1,626831757,128,0 0 0 0 0 0 0 0 0 0 0 0 -5 -5 -5 -5 -5 -6 -4 -6 -4 -6 -4 -6 -4 -7 -4 -7 -4 -7 -4 -7 -4 -8 -4 -8 -4 -8 -4 -8 -4 -8 -4 -8 -4 -8 -4 -9 -4 -9 -4 -9 -4 -9 -4 -9 -4 -9 -4 -9 -4 -9 -4 -9 0 0 -4 -10 -5 -10 -5 -10 -5 -10 -5 -10 -5 -10 -5 -10 -5 -10 -6 -10 -6 -11 -6 -11 -6 -11 -6 -11 -6 -11 -7 -11 -7 -11 -7 -12 -7 -12 -7 -12 -7 -12 -7 -12 -7 -12 -8 -12 -8 -13 -8 -12 -8 -13 0 0 0 0 0 0 0 0 0 0
1784740905.338547,53448,-43,11,1,5,1,-95,1,626844996,128,0 0 0 0 0 0 0 0 0 0 0 0 -7 3 -7 2 -8 2 -8 1 -8 1 -8 1 -9 1 -9 0 -9 0 -9 0 -9 0 -10 0 -10 -1 -10 -1 -10 -1 -10 -1 -10 -1 -10 -1 -10 -1 -10 -2 -10 -2 -10 -2 -11 -2 -11 -2 -10 -2 -10 -2 0 0 -10 -1 -11 -1 -10 -1 -11 -1 -11 0 -11 -1 -11 0 -11 0 -11 0 -12 0 -12 1 -12 1 -12 1 -12 1 -13 2 -13 1 -14 1 -14 1 -14 1 -14 2 -14 2 -14 2 -15 2 -15 2 -15 2 -15 2 0 0 0 0 0 0 0 0 0 0
1784740905.354775,53449,-41,11,1,6,0,-95,1,626853340,128,0 0 0 0 0 0 0 0 0 0 0 0 1 -9 1 -9 2 -9 3 -9 3 -9 3 -9 3 -9 4 -9 4 -10 4 -10 5 -10 5 -10 5 -10 6 -10 6 -10 6 -9 7 -10 6 -10 7 -10 7 -9 7 -9 7 -9 7 -10 7 -10 7 -10 7 -10 0 0 7 -10 7 -10 7 -10 7 -10 7 -10 7 -10 6 -10 6 -11 6 -11 6 -11 6 -11 6 -12 6 -12 6 -12 5 -12 6 -13 6 -13 6 -13 6 -13 6 -14 6 -14 6 -14 6 -14 6 -14 6 -15 6 -15 0 0 0 0 0 0 0 0 0 0
1784740905.354775,53450,-44,11,1,7,1,-95,1,626861673,128,0 0 0 0 0 0 0 0 0 0 0 0 6 5 6 5 6 6 5 6 5 6 5 7 5 7 5 7 5 7 5 8 5 8 4 8 5 8 4 9 5 9 4 9 4 9 4 9 4 10 4 10 4 10 4 10 4 10 4 10 4 10 4 10 0 0 4 10 4 10 4 10 4 10 4 10 4 10 4 10 4 10 5 10 5 10 6 10 6 10 6 10 6 10 6 10 6 10 6 10 7 10 7 10 7 10 7 10 7 11 7 10 7 11 7 11 8 11 0 0 0 0 0 0 0 0 0 0
1784740905.389010,53451,-43,11,1,7,1,-95,1,626878008,128,0 0 0 0 0 0 0 0 0 0 0 0 7 -4 7 -4 7 -3 8 -3 8 -3 8 -3 8 -3 9 -2 9 -2 9 -2 9 -2 9 -2 9 -1 10 -1 10 -1 9 -1 10 -1 10 -1 10 0 10 0 10 -1 11 0 10 -1 10 0 10 -1 11 -1 0 0 11 -1 11 -1 11 0 10 -1 10 -1 11 -1 11 -1 11 -2 11 -1 11 -2 11 -2 11 -3 12 -3 12 -3 11 -3 12 -3 12 -3 12 -4 12 -4 12 -4 12 -4 13 -4 12 -4 13 -4 13 -4 13 -4 0 0 0 0 0 0 0 0 0 0
1784740905.389532,53452,-44,11,1,7,1,-95,1,626895249,128,0 0 0 0 0 0 0 0 0 0 0 0 -2 8 -3 7 -3 7 -3 7 -4 7 -4 7 -4 8 -4 7 -5 8 -5 7 -5 8 -6 7 -6 7 -6 7 -6 7 -6 7 -6 8 -6 8 -6 7 -6 8 -6 8 -6 8 -6 7 -6 7 -6 7 -6 8 0 0 -6 8 -6 8 -6 8 -6 9 -5 9 -5 9 -5 9 -5 10 -5 9 -5 10 -5 10 -5 10 -5 10 -5 11 -5 11 -4 12 -5 12 -5 12 -4 12 -4 13 -5 13 -4 13 -5 13 -5 13 -5 13 -5 13 0 0 0 0 0 0 0 0 0 0
1784740905.389532,53453,-44,11,1,7,1,-95,1,626897183,128,0 0 0 0 0 0 0 0 0 0 0 0 -8 -3 -8 -4 -8 -4 -8 -5 -7 -5 -8 -5 -7 -5 -8 -6 -7 -6 -8 -6 -8 -6 -8 -6 -7 -6 -7 -7 -8 -7 -7 -7 -7 -8 -7 -7 -7 -8 -7 -8 -7 -8 -7 -8 -7 -7 -7 -7 -7 -7 -8 -8 0 0 -8 -7 -8 -8 -8 -8 -8 -7 -8 -7 -8 -7 -8 -7 -9 -7 -9 -7 -10 -7 -10 -7 -10 -7 -10 -7 -11 -7 -11 -7 -11 -8 -11 -7 -12 -8 -12 -8 -12 -8 -12 -8 -12 -8 -12 -8 -12 -8 -12 -8 -13 -9 0 0 0 0 0 0 0 0 0 0
1784740905.389532,53454,-45,11,1,7,1,-95,1,626903084,128,0 0 0 0 0 0 0 0 0 0 0 0 -3 7 -3 7 -4 7 -5 7 -5 6 -5 7 -5 6 -6 7 -6 6 -6 7 -6 7 -6 7 -6 7 -7 7 -7 7 -7 6 -8 6 -7 6 -7 6 -7 6 -8 6 -8 6 -7 6 -7 6 -7 6 -7 7 0 0 -7 7 -7 7 -8 7 -7 7 -7 7 -7 7 -7 7 -7 8 -7 8 -7 9 -7 9 -6 9 -7 10 -7 10 -7 10 -8 10 -7 10 -7 11 -8 11 -8 11 -8 11 -8 11 -8 11 -8 12 -8 12 -9 12 0 0 0 0 0 0 0 0 0 0
1784740905.418618,53455,-45,11,1,7,1,-95,1,626926226,128,0 0 0 0 0 0 0 0 0 0 0 0 2 -8 2 -8 3 -8 3 -7 3 -8 4 -8 4 -7 4 -8 4 -8 4 -8 5 -7 5 -8 5 -8 5 -8 6 -8 6 -8 6 -8 6 -8 6 -8 6 -8 6 -8 7 -8 6 -8 7 -7 7 -8 7 -8 0 0 7 -8 7 -8 7 -8 7 -8 6 -8 7 -9 7 -9 7 -9 7 -9 7 -10 7 -10 7 -10 7 -10 7 -10 7 -10 7 -11 7 -11 7 -11 7 -11 7 -12 7 -12 7 -12 7 -12 8 -12 8 -12 8 -12 0 0 0 0 0 0 0 0 0 0
1784740905.418618,53456,-45,11,1,7,1,-95,1,626926858,128,0 0 0 0 0 0 0 0 0 0 0 0 7 -1 7 -1 7 0 7 0 7 0 8 0 7 0 8 1 8 1 8 1 8 1 8 1 8 1 9 2 9 2 9 2 9 2 9 2 9 3 9 3 9 3 9 3 9 2 9 3 9 3 10 3 0 0 10 3 10 3 10 3 10 3 10 2 10 2 10 2 10 2 10 2 11 1 11 2 11 1 11 1 12 1 11 1 12 1 12 1 13 1 12 1 13 1 13 1 13 1 13 1 13 1 14 0 14 1 0 0 0 0 0 0 0 0 0 0
1784740905.418618,53457,-45,11,1,6,1,-95,1,626933419,128,0 0 0 0 0 0 0 0 0 0 0 0 -8 -1 -8 -1 -8 -2 -8 -2 -8 -3 -8 -3 -8 -3 -8 -3 -9 -3 -9 -4 -9 -4 -8 -4 -9 -4 -9 -5 -9 -4 -9 -5 -9 -5 -9 -5 -9 -5 -9 -5 -9 -5 -9 -5 -9 -5 -9 -6 -9 -6 -9 -5 0 0 -9 -5 -10 -5 -9 -5 -10 -5 -10 -5 -10 -5 -10 -4 -11 -5 -11 -5 -11 -5 -11 -5 -11 -5 -11 -5 -11 -4 -12 -4 -12 -4 -12 -5 -13 -5 -13 -4 -13 -4 -13 -4 -13 -4 -14 -5 -14 -6 -14 -5 -14 -5 0 0 0 0 0 0 0 0 0 0
1784740905.437955,53458,-43,11,1,7,0,-95,1,626941644,128,0 0 0 0 0 0 0 0 0 0 0 0 -10 0 -10 0 -10 -1 -10 -1 -10 -1 -10 -1 -10 -2 -10 -2 -10 -2 -10 -2 -10 -3 -11 -3 -11 -3 -11 -3 -11 -3 -11 -3 -11 -3 -11 -4 -11 -4 -11 -4 -11 -3 -11 -4 -11 -4 -11 -4 -11 -4 -11 -4 0 0 -12 -3 -12 -3 -12 -3 -12 -3 -12 -3 -13 -3 -13 -2 -13 -2 -13 -2 -13 -2 -13 -2 -14 -2 -14 -2 -14 -2 -15 -2 -14 -1 -15 -2 -15 -2 -15 -1 -16 -1 -16 -1 -16 -1 -16 -2 -16 -2 -16 -2 -16 -2 0 0 0 0 0 0 0 0 0 0
1784740905.437955,53459,-46,11,1,7,1,-95,1,626951730,128,0 0 0 0 0 0 0 0 0 0 0 0 6 -7 6 -7 7 -7 7 -6 8 -6 7 -6 8 -6 8 -6 8 -6 9 -5 9 -5 9 -5 9 -4 9 -4 9 -4 9 -4 9 -4 10 -5 9 -4 9 -4 9 -4 9 -4 9 -4 9 -4 9 -4 9 -4 0 0 8 -5 8 -5 8 -5 8 -6 8 -6 8 -6 8 -7 8 -7 8 -7 8 -8 8 -8 8 -8 8 -8 8 -8 9 -9 8 -9 9 -9 9 -10 9 -10 9 -10 9 -10 9 -11 10 -11 10 -11 10 -10 10 -11 0 0 0 0 0 0 0 0 0 0
1784740905.450347,53460,-46,11,1,7,1,-95,1,626961688,128,0 0 0 0 0 0 0 0 0 0 0 0 -1 -10 -1 -10 0 -10 1 -11 1 -10 1 -11 1 -11 1 -11 2 -11 2 -10 2 -11 3 -11 3 -11 3 -11 3 -11 4 -11 4 -11 3 -11 4 -11 4 -10 3 -11 4 -11 3 -10 3 -10 3 -10 3 -10 0 0 3 -11 3 -10 3 -11 2 -10 2 -11 2 -11 2 -11 1 -11 1 -11 1 -12 1 -12 0 -12 0 -12 0 -13 0 -13 0 -13 0 -13 0 -13 0 -13 -1 -14 -1 -14 0 -14 -1 -14 0 -14 0 -15 -1 -15 0 0 0 0 0 0 0 0 0 0
1784740905.466539,53461,-46,11,1,7,1,-95,1,626971557,128,0 0 0 0 0 0 0 0 0 0 0 0 6 -7 6 -6 7 -6 7 -6 7 -5 7 -6 7 -5 8 -6 8 -5 8 -5 8 -5 8 -5 9 -5 9 -5 9 -5 10 -4 10 -4 10 -4 10 -4 10 -4 10 -4 10 -4 10 -4 10 -4 9 -4 10 -4 0 0 10 -4 10 -4 10 -4 10 -4 9 -5 9 -5 9 -5 9 -5 10 -5 9 -6 9 -6 9 -7 9 -7 10 -7 9 -7 10 -7 10 -7 10 -8 10 -8 10 -8 10 -8 10 -8 10 -9 10 -9 10 -9 11 -9 0 0 0 0 0 0 0 0 0 0
1784740905.466539,53462,-46,11,1,7,1,-95,1,626981635,128,0 0 0 0 0 0 0 0 0 0 0 0 7 -5 7 -5 7 -5 7 -4 7 -4 7 -4 8 -4 8 -4 8 -4 8 -3 8 -3 9 -3 9 -3 9 -3 9 -3 9 -3 9 -3 9 -3 9 -3 9 -3 9 -2 10 -3 10 -3 9 -2 10 -2 9 -2 0 0 9 -3 9 -3 9 -3 10 -4 9 -4 10 -4 9 -4 10 -4 9 -4 10 -5 10 -5 10 -5 10 -5 10 -5 10 -6 10 -6 11 -6 11 -6 11 -6 11 -6 11 -6 11 -7 12 -6 12 -6 12 -6 12 -6 0 0 0 0 0 0 0 0 0 0
1784740905.482426,53463,-44,11,1,7,0,-95,1,626991661,128,0 0 0 0 0 0 0 0 0 0 0 0 1 10 0 10 -1 10 -1 10 -1 10 -1 10 -2 10 -2 10 -2 10 -2 11 -3 10 -3 10 -3 11 -3 10 -3 10 -3 11 -4 11 -3 11 -4 10 -4 11 -4 11 -3 10 -3 11 -4 11 -3 10 -3 10 0 0 -3 11 -3 11 -2 11 -2 11 -2 11 -2 12 -2 12 -2 12 -1 12 -1 12 -1 12 -1 12 0 13 0 13 0 13 0 13 0 14 0 13 0 14 1 14 0 14 1 14 1 14 1 15 1 14 1 15 0 0 0 0 0 0 0 0 0 0
1784740905.514875,53464,-46,11,1,7,1,-95,1,627001711,128,0 0 0 0 0 0 0 0 0 0 0 0 -10 2 -10 2 -10 1 -10 1 -11 0 -11 0 -11 0 -11 0 -11 0 -11 -1 -11 -1 -11 -1 -11 -1 -12 -2 -12 -2 -12 -2 -12 -2 -12 -2 -12 -2 -12 -2 -12 -3 -12 -3 -11 -2 -11 -3 -11 -2 -11 -2 0 0 -11 -2 -12 -2 -11 -2 -11 -1 -11 -1 -11 -1 -12 -1 -12 0 -12 -1 -12 0 -12 0 -12 0 -13 0 -13 0 -13 1 -13 1 -13 0 -13 1 -14 1 -14 1 -14 1 -14 1 -14 1 -14 1 -14 1 -14 1 0 0 0 0 0 0 0 0 0 0
1784740905.514875,53465,-48,11,1,7,1,-95,1,627030474,128,0 0 0 0 0 0 0 0 0 0 0 0 2 7 2 7 1 7 1 7 1 7 1 7 1 7 1 7 1 7 1 7 1 7 1 7 1 8 1 8 1 8 1 8 1 8 2 8 2 8 2 8 2 8 2 8 3 8 2 8 2 9 3 9 0 0 4 9 3 9 3 9 4 10 4 9 5 10 5 10 5 10 5 10 6 11 5 11 6 11 6 11 6 11 6 12 7 12 7 12 7 12 7 13 7 13 7 13 7 13 7 13 6 14 6 14 6 14 0 0 0 0 0 0 0 0 0 0
1784740905.531126,53466,-48,11,1,7,1,-95,1,627030989,128,0 0 0 0 0 0 0 0 0 0 0 0 6 -5 6 -5 6 -4 7 -5 6 -4 7 -4 6 -4 7 -4 7 -4 7 -4 7 -4 7 -5 7 -5 7 -5 7 -5 8 -4 8 -5 7 -4 8 -5 8 -5 8 -5 8 -5 7 -6 8 -6 8 -6 8 -6 0 0 8 -7 8 -7 9 -7 8 -7 9 -8 9 -8 9 -8 9 -8 10 -9 9 -9 10 -10 10 -10 10 -10 11 -11 10 -10 11 -11 11 -10 12 -11 12 -10 12 -11 12 -11 13 -11 12 -10 12 -11 12 -11 13 -11 0 0 0 0 0 0 0 0 0 0
1784740905.531126,53467,-48,11,1,7,1,-95,1,627031613,128,0 0 0 0 0 0 0 0 0 0 0 0 -3 -8 -2 -8 -2 -9 -2 -8 -2 -8 -2 -8 -2 -8 -2 -9 -2 -8 -2 -9 -1 -9 -1 -9 -1 -9 -1 -9 -2 -9 -2 -9 -2 -9 -2 -9 -2 -9 -2 -10 -3 -9 -3 -9 -3 -10 -3 -10 -3 -10 -3 -10 0 0 -4 -11 -4 -11 -4 -11 -5 -11 -5 -11 -5 -11 -6 -11 -5 -12 -6 -12 -6 -13 -6 -13 -6 -13 -6 -13 -6 -13 -7 -14 -7 -14 -7 -14 -7 -15 -7 -15 -7 -15 -7 -15 -7 -15 -7 -16 -6 -16 -6 -16 -6 -16 0 0 0 0 0 0 0 0 0 0
1784740905.531126,53468,-49,11,1,7,1,-95,1,627041583,128,0 0 0 0 0 0 0 0 0 0 0 0 -8 -5 -7 -6 -7 -6 -7 -6 -6 -6 -7 -6 -6 -7 -6 -7 -6 -7 -6 -7 -6 -7 -6 -7 -6 -7 -6 -7 -6 -7 -6 -7 -6 -7 -6 -7 -6 -7 -6 -6 -7 -6 -7 -6 -7 -6 -7 -6 -7 -6 -8 -6 0 0 -8 -5 -9 -5 -9 -5 -9 -5 -10 -5 -10 -5 -10 -5 -11 -5 -11 -5 -12 -6 -12 -6 -12 -6 -12 -6 -12 -6 -13 -6 -13 -6 -13 -6 -14 -7 -14 -7 -14 -7 -14 -7 -14 -7 -14 -7 -14 -8 -14 -8 -14 -8 0 0 0 0 0 0 0 0 0 0
1784740905.547290,53469,-49,11,1,7,1,-95,1,627051746,128,0 0 0 0 0 0 0 0 0 0 0 0 -7 -9 -6 -9 -5 -9 -5 -10 -4 -10 -4 -10 -4 -10 -4 -10 -4 -11 -4 -10 -4 -10 -4 -10 -3 -10 -3 -10 -3 -11 -3 -10 -3 -11 -3 -10 -3 -10 -3 -10 -3 -10 -3 -9 -4 -9 -4 -9 -4 -9 -4 -9 0 0 -5 -9 -5 -9 -6 -9 -6 -8 -6 -8 -7 -8 -7 -9 -8 -8 -8 -9 -8 -8 -9 -8 -9 -8 -10 -9 -10 -9 -10 -9 -11 -10 -10 -9 -11 -10 -11 -10 -11 -10 -11 -10 -11 -11 -11 -10 -11 -10 -12 -10 -12 -10 0 0 0 0 0 0 0 0 0 0
1784740905.547290,53470,-48,11,1,7,1,-95,1,627061584,128,0 0 0 0 0 0 0 0 0 0 0 0 -5 9 -5 8 -6 8 -6 8 -7 8 -7 8 -7 8 -8 8 -8 8 -8 7 -9 7 -9 7 -9 7 -9 7 -9 7 -9 6 -9 6 -9 6 -9 6 -9 6 -8 6 -8 6 -8 7 -8 6 -8 6 -8 7 0 0 -7 7 -7 8 -7 8 -7 9 -6 8 -6 9 -6 9 -6 10 -6 10 -6 11 -6 10 -6 11 -6 11 -6 11 -6 12 -6 12 -6 13 -6 13 -6 13 -6 14 -6 13 -6 14 -7 14 -7 13 -7 14 -7 14 0 0 0 0 0 0 0 0 0 0
1784740905.567003,53471,-44,11,1,7,0,-95,1,627074610,128,0 0 0 0 0 0 0 0 0 0 0 0 -2 8 -3 8 -3 8 -4 8 -4 8 -4 8 -4 9 -5 9 -5 9 -5 9 -6 9 -6 9 -7 9 -7 9 -7 9 -8 9 -8 9 -8 9 -8 9 -8 9 -8 9 -8 9 -8 9 -8 8 -8 9 -8 9 0 0 -8 9 -8 9 -8 10 -8 10 -8 10 -8 10 -7 11 -7 11 -8 11 -7 12 -7 12 -7 12 -7 12 -8 12 -8 13 -8 13 -8 13 -8 13 -8 13 -8 14 -9 14 -8 15 -9 15 -10 15 -10 15 -8 14 0 0 0 0 0 0 0 0 0 0
1784740905.579260,53472,-47,11,1,7,1,-95,1,627085945,128,0 0 0 0 0 0 0 0 0 0 0 0 5 6 4 6 4 6 4 6 4 7 4 7 4 7 4 7 4 7 4 8 3 8 3 8 3 9 3 9 3 9 3 9 3 9 3 9 3 10 3 10 3 10 3 10 3 10 2 10 2 10 2 10 0 0 3 9 4 9 3 9 4 9 4 9 4 9 4 9 5 9 5 9 5 10 5 9 5 9 5 9 6 9 7 9 7 9 7 10 7 10 7 10 8 10 7 10 8 10 7 11 7 11 7 11 7 11 0 0 0 0 0 0 0 0 0 0
1784740905.579260,53473,-47,11,1,7,1,-95,1,627091784,128,0 0 0 0 0 0 0 0 0 0 0 0 9 0 8 0 9 1 9 1 9 1 9 1 9 1 9 2 10 2 10 3 9 3 10 3 10 4 9 4 10 4 10 4 10 4 10 4 10 4 10 4 10 4 10 4 10 5 9 5 9 5 9 5 0 0 9 4 10 4 9 4 10 4 10 3 10 3 10 3 11 3 11 2 12 2 11 3 11 2 11 2 11 2 13 1 12 1 13 2 13 2 13 2 13 1 13 1 13 1 14 2 13 2 14 2 13 2 0 0 0 0 0 0 0 0 0 0
1784740905.597944,53474,-44,11,1,7,0,-95,1,627101613,128,0 0 0 0 0 0 0 0 0 0 0 0 -7 7 -7 6 -8 6 -8 6 -9 6 -9 5 -9 5 -9 5 -9 5 -10 5 -10 5 -10 4 -10 4 -11 4 -11 4 -11 4 -11 4 -11 3 -11 3 -11 3 -11 3 -10 4 -11 4 -10 4 -10 4 -10 4 0 0 -10 4 -10 5 -10 5 -10 5 -10 5 -10 5 -10 6 -10 6 -10 6 -10 7 -10 7 -10 7 -11 8 -10 8 -11 8 -11 7 -11 8 -11 8 -11 9 -11 8 -11 8 -12 8 -12 9 -11 8 -12 8 -12 8 0 0 0 0 0 0 0 0 0 0
1784740905.642951,53475,-47,11,1,7,1,-95,1,627112622,128,0 0 0 0 0 0 0 0 0 0 0 0 9 0 9 0 9 1 9 1 9 1 9 1 10 1 9 2 10 2 10 3 9 3 10 4 10 4 9 4 9 3 9 4 9 4 10 4 9 4 10 3 9 3 9 3 10 3 9 3 9 3 10 3 0 0 10 2 10 2 10 1 11 1 11 1 11 1 11 0 12 0 12 0 13 0 13 0 13 0 13 0 13 0 14 -1 14 -1 14 -1 14 -1 14 -1 15 -1 15 -1 15 -2 15 0 15 0 15 0 15 0 0 0 0 0 0 0 0 0 0 0
1784740905.642951,53476,-47,11,1,6,1,-95,1,627152050,128,0 0 0 0 0 0 0 0 0 0 0 0 2 8 1 9 1 9 0 9 0 9 0 9 0 9 -1 10 -1 9 -1 10 -1 10 -2 10 -2 10 -2 10 -2 10 -2 10 -2 10 -2 10 -2 10 -2 10 -2 9 -2 9 -1 9 -2 9 -1 9 -1 9 0 0 0 10 0 10 0 10 1 10 1 10 1 10 2 10 2 11 2 11 2 11 3 11 3 12 3 12 3 12 3 12 4 13 3 13 4 13 4 13 4 14 4 14 4 14 4 14 3 14 3 14 3 14 0 0 0 0 0 0 0 0 0 0
1784740905.658841,53477,-47,11,1,7,1,-95,1,627156984,128,0 0 0 0 0 0 0 0 0 0 0 0 3 8 2 8 2 8 2 8 1 9 1 8 1 9 1 9 1 9 0 9 0 9 0 10 0 9 -1 9 0 10 -1 10 -1 9 -1 10 -1 9 -1 9 0 9 0 9 0 9 0 9 0 9 0 9 0 0 1 9 1 10 1 9 2 10 2 9 3 10 3 10 3 10 3 10 4 11 4 11 4 11 4 11 4 11 5 12 5 12 5 13 5 13 5 12 6 13 6 13 5 13 5 14 5 14 5 14 5 14 0 0 0 0 0 0 0 0 0 0
1784740905.658841,53478,-47,11,1,6,1,-95,1,627166121,128,0 0 0 0 0 0 0 0 0 0 0 0 7 5 6 5 7 6 6 6 6 7 6 7 6 7 6 7 6 7 5 8 5 8 5 9 5 8 5 9 5 9 5 9 5 9 5 9 5 9 4 9 4 9 4 8 5 9 4 9 4 8 5 8 0 0 5 8 6 8 6 8 6 8 6 8 6 8 7 8 7 8 8 8 8 9 9 9 9 8 9 8 9 9 10 9 10 9 10 9 10 9 10 10 10 10 10 10 10 10 10 10 10 11 10 11 10 11 0 0 0 0 0 0 0 0 0 0
1784740905.658841,53479,-47,11,1,7,1,-95,1,627171697,128,0 0 0 0 0 0 0 0 0 0 0 0 -8 5 -8 4 -9 4 -9 4 -9 4 -9 4 -10 4 -10 4 -10 3 -11 3 -11 2 -11 2 -11 2 -11 2 -11 2 -12 2 -11 2 -12 2 -11 2 -11 2 -11 2 -11 2 -11 2 -11 1 -11 1 -11 2 0 0 -11 3 -11 3 -10 3 -11 4 -10 4 -10 4 -10 5 -10 5 -10 5 -11 6 -11 5 -11 6 -11 6 -11 6 -12 7 -11 7 -12 7 -12 7 -12 8 -12 8 -12 8 -12 8 -13 8 -13 7 -13 7 -13 7 0 0 0 0 0 0 0 0 0 0
1784740905.674781,53480,-47,11,1,7,1,-95,1,627181652,128,0 0 0 0 0 0 0 0 0 0 0 0 2 9 2 9 1 9 1 9 1 10 0 10 0 10 0 10 0 10 -1 10 -1 11 -1 11 -2 11 -2 11 -2 11 -2 11 -2 11 -2 11 -3 11 -3 11 -2 11 -2 11 -2 11 -3 11 -2 10 -2 10 0 0 -2 10 -2 10 -1 10 -1 10 -1 10 0 10 0 11 0 11 0 11 1 11 1 11 2 11 1 11 2 12 2 12 2 12 2 12 2 13 3 13 3 13 3 13 3 13 3 13 3 13 3 13 3 14 0 0 0 0 0 0 0 0 0 0
1784740905.674781,53481,-47,11,1,7,1,-95,1,627191649,128,0 0 0 0 0 0 0 0 0 0 0 0 -1 -10 0 -10 0 -10 1 -10 1 -10 1 -11 2 -10 2 -11 2 -11 2 -11 2 -11 2 -11 3 -11 3 -11 4 -12 4 -11 4 -12 4 -11 4 -12 4 -11 4 -11 4 -11 4 -11 4 -11 4 -11 4 -11 0 0 3 -11 3 -11 3 -12 2 -11 2 -11 2 -12 2 -12 1 -12 2 -12 1 -13 1 -13 1 -13 0 -13 0 -14 1 -13 1 -14 0 -14 0 -15 0 -15 0 -15 0 -15 1 -15 0 -15 0 -15 0 -15 0 -16 0 0 0 0 0 0 0 0 0 0
1784740905.692988,53482,-47,11,1,7,1,-95,1,627201626,128,0 0 0 0 0 0 0 0 0 0 0 0 6 -7 6 -7 7 -6 7 -6 8 -6 8 -5 8 -6 8 -6 8 -6 8 -5 9 -5 9 -5 9 -5 9 -4 9 -5 10 -5 9 -4 10 -5 9 -4 10 -4 9 -4 9 -4 10 -5 9 -4 9 -4 9 -5 0 0 9 -5 9 -6 9 -5 9 -6 9 -6 9 -6 9 -7 9 -7 9 -7 10 -8 10 -8 9 -8 10 -8 10 -8 10 -10 10 -9 11 -9 11 -9 11 -9 11 -10 11 -10 11 -10 12 -10 12 -9 12 -9 12 -9 0 0 0 0 0 0 0 0 0 0
1784740905.707142,53483,-48,11,1,7,1,-95,1,627211687,128,0 0 0 0 0 0 0 0 0 0 0 0 7 2 7 2 7 3 7 3 7 3 7 3 7 3 7 3 7 4 7 4 7 4 8 5 7 5 8 5 8 5 7 5 8 5 7 5 8 5 8 5 8 5 8 5 8 5 8 5 8 5 9 5 0 0 9 4 9 4 10 5 9 4 10 4 10 4 11 3 11 4 11 3 12 3 12 4 12 3 12 4 13 4 13 4 14 4 13 4 14 4 14 4 15 4 15 4 15 4 14 5 14 6 14 5 15 5 0 0 0 0 0 0 0 0 0 0
1784740905.711411,53484,-48,11,1,7,1,-95,1,627221657,128,0 0 0 0 0 0 0 0 0 0 0 0 2 -8 2 -9 3 -8 3 -9 4 -8 4 -9 4 -8 4 -9 5 -8 5 -8 5 -9 5 -9 5 -9 5 -9 6 -9 6 -9 6 -9 6 -9 6 -9 6 -8 6 -9 7 -8 5 -8 6 -9 6 -9 6 -9 0 0 6 -9 6 -9 6 -10 5 -10 5 -10 5 -10 5 -10 5 -11 5 -11 4 -11 4 -12 4 -12 4 -13 4 -13 4 -13 5 -13 4 -13 4 -14 5 -14 5 -14 5 -14 5 -15 4 -14 5 -15 4 -15 5 -15 0 0 0 0 0 0 0 0 0 0
1784740905.723099,53485,-47,11,1,7,1,-95,1,627231603,128,0 0 0 0 0 0 0 0 0 0 0 0 -8 -6 -8 -6 -8 -7 -7 -7 -8 -7 -7 -7 -8 -8 -8 -8 -8 -8 -8 -9 -7 -10 -7 -10 -7 -10 -7 -10 -7 -10 -8 -11 -7 -10 -8 -11 -7 -11 -7 -11 -7 -11 -7 -11 -7 -11 -6 -11 -6 -11 -6 -10 0 0 -7 -10 -7 -10 -7 -9 -8 -10 -7 -9 -8 -9 -8 -8 -8 -9 -8 -8 -9 -9 -9 -9 -9 -8 -9 -8 -9 -8 -11 -8 -10 -7 -11 -8 -10 -8 -11 -7 -11 -7 -11 -7 -11 -7 -12 -8 -11 -8 -11 -8 -11 -7 0 0 0 0 0 0 0 0 0 0
1784740905.739155,53486,-48,11,1,7,1,-95,1,627241650,128,0 0 0 0 0 0 0 0 0 0 0 0 6 -6 6 -6 7 -5 7 -5 7 -5 8 -5 8 -5 8 -5 8 -5 9 -4 9 -4 9 -4 10 -4 10 -4 10 -4 10 -3 10 -3 10 -3 11 -3 10 -3 10 -2 11 -2 10 -2 10 -2 10 -2 10 -2 0 0 10 -2 10 -3 10 -3 10 -3 9 -3 9 -4 9 -3 10 -4 9 -4 10 -4 10 -5 10 -5 10 -5 10 -5 10 -6 10 -6 10 -5 10 -6 10 -6 10 -6 10 -6 10 -7 10 -6 10 -6 10 -6 10 -6 0 0 0 0 0 0 0 0 0 0
1784740905.739155,53487,-49,11,1,6,1,-95,1,627252807,128,0 0 0 0 0 0 0 0 0 0 0 0 -3 8 -4 8 -4 8 -5 8 -5 8 -5 8 -6 8 -6 8 -6 8 -7 7 -7 7 -7 7 -7 7 -7 7 -7 7 -8 8 -8 7 -8 7 -8 7 -7 7 -7 7 -7 7 -7 7 -7 7 -7 7 -7 7 0 0 -7 8 -6 8 -6 8 -6 9 -6 9 -6 9 -5 9 -5 9 -5 9 -5 10 -6 10 -5 10 -5 10 -5 10 -5 11 -5 11 -5 11 -5 12 -4 12 -5 12 -5 12 -4 12 -5 12 -5 11 -5 11 -5 11 0 0 0 0 0 0 0 0 0 0
1784740905.755139,53488,-48,11,1,7,1,-95,1,627261676,128,0 0 0 0 0 0 0 0 0 0 0 0 -7 4 -7 3 -7 3 -7 3 -8 3 -8 2 -8 3 -8 3 -8 3 -9 2 -9 2 -9 2 -9 2 -9 2 -9 2 -10 2 -10 2 -10 2 -9 2 -10 2 -10 2 -10 2 -10 2 -10 2 -10 2 -10 2 0 0 -10 3 -11 3 -10 3 -11 4 -10 3 -11 4 -11 4 -11 4 -11 4 -12 5 -12 4 -12 5 -11 5 -11 5 -13 6 -12 6 -13 5 -12 5 -12 6 -13 6 -13 6 -13 6 -13 6 -13 5 -13 5 -13 5 0 0 0 0 0 0 0 0 0 0
1784740905.755139,53489,-47,11,1,7,1,-95,1,627271600,128,0 0 0 0 0 0 0 0 0 0 0 0 3 -6 4 -6 4 -6 5 -6 5 -6 5 -6 5 -6 5 -6 6 -6 6 -6 6 -6 6 -6 6 -6 7 -6 7 -7 7 -6 8 -6 7 -6 8 -6 7 -6 7 -6 8 -6 7 -7 7 -6 8 -7 8 -7 0 0 8 -7 8 -7 9 -8 8 -8 8 -8 8 -8 8 -8 8 -9 8 -9 8 -10 8 -10 8 -10 8 -10 9 -11 8 -10 9 -11 9 -11 9 -12 9 -11 9 -12 9 -12 9 -12 9 -11 9 -12 10 -12 10 -12 0 0 0 0 0 0 0 0 0 0
1784740905.770889,53490,-47,11,1,7,1,-95,1,627281650,128,0 0 0 0 0 0 0 0 0 0 0 0 5 4 5 5 5 6 5 6 5 6 5 6 5 6 5 6 5 7 5 7 5 8 5 8 5 8 5 8 5 8 4 9 4 9 4 9 4 9 4 9 5 9 4 10 4 9 4 9 4 10 4 10 0 0 4 9 5 10 4 10 5 9 5 9 5 9 5 9 6 9 6 9 7 9 6 9 7 9 7 10 7 9 7 10 8 10 8 10 8 10 8 10 8 10 9 10 9 10 9 10 8 11 9 11 9 11 0 0 0 0 0 0 0 0 0 0
1784740905.786957,53491,-47,11,1,7,1,-95,1,627291698,128,0 0 0 0 0 0 0 0 0 0 0 0 -7 2 -7 2 -8 1 -8 1 -8 1 -8 1 -8 1 -8 1 -9 1 -9 0 -9 0 -9 0 -9 0 -10 0 -10 0 -10 0 -10 0 -11 0 -11 0 -11 -1 -11 -1 -11 -1 -11 -1 -11 -1 -11 -1 -11 -1 0 0 -11 -1 -12 -1 -11 -1 -12 -1 -12 -1 -12 -1 -12 0 -12 0 -12 0 -12 0 -13 0 -12 0 -13 0 -13 0 -13 1 -13 1 -13 1 -14 0 -14 1 -14 1 -14 1 -14 1 -14 0 -15 0 -14 0 -15 1 0 0 0 0 0 0 0 0 0 0
1784740905.786957,53492,-47,11,1,7,1,-95,1,627301830,128,0 0 0 0 0 0 0 0 0 0 0 0 1 -7 1 -7 2 -7 2 -7 2 -7 2 -7 2 -7 3 -8 3 -7 3 -7 3 -8 3 -8 3 -8 3 -8 3 -8 4 -8 4 -8 4 -9 4 -9 5 -9 5 -9 5 -9 5 -9 4 -9 5 -9 5 -9 0 0 5 -10 5 -10 5 -10 5 -10 5 -9 5 -10 5 -10 5 -10 5 -10 5 -11 5 -11 5 -11 5 -11 5 -11 5 -12 5 -12 5 -12 5 -12 6 -12 6 -12 5 -12 6 -12 5 -13 6 -13 6 -13 6 -13 0 0 0 0 0 0 0 0 0 0
1784740905.802721,53493,-47,11,1,6,1,-95,1,627312885,128,0 0 0 0 0 0 0 0 0 0 0 0 -8 0 -8 -1 -8 -1 -8 -1 -8 -2 -8 -2 -8 -2 -8 -2 -8 -2 -8 -2 -9 -3 -9 -3 -9 -3 -9 -3 -9 -3 -9 -3 -9 -3 -9 -3 -10 -3 -10 -3 -10 -3 -10 -3 -10 -3 -10 -4 -10 -3 -11 -3 0 0 -11 -3 -11 -3 -11 -3 -11 -3 -11 -3 -12 -3 -12 -3 -12 -3 -12 -3 -13 -3 -13 -3 -13 -3 -13 -3 -14 -3 -13 -2 -14 -3 -14 -3 -14 -2 -14 -2 -15 -2 -14 -2 -14 -2 -14 -2 -15 -3 -15 -3 -15 -3 0 0 0 0 0 0 0 0 0 0
1784740905.818905,53494,-46,11,1,7,1,-95,1,627324116,128,0 0 0 0 0 0 0 0 0 0 0 0 -3 -8 -3 -8 -2 -9 -2 -9 -2 -9 -2 -9 -1 -10 -1 -10 -1 -10 -1 -10 0 -10 0 -10 0 -10 0 -10 0 -11 1 -11 0 -11 1 -11 1 -11 1 -11 1 -11 1 -11 1 -11 2 -11 2 -11 2 -11 0 0 1 -11 1 -11 1 -11 1 -12 0 -11 0 -12 0 -12 0 -12 -1 -11 -1 -12 -1 -13 -1 -12 -1 -12 -1 -12 -2 -13 -2 -13 -2 -13 -2 -13 -2 -13 -2 -14 -2 -14 -3 -13 -2 -14 -2 -14 -2 -14 -2 -14 0 0 0 0 0 0 0 0 0 0
1784740905.834640,53495,-46,11,1,7,1,-95,1,627331645,128,0 0 0 0 0 0 0 0 0 0 0 0 0 -9 1 -9 1 -9 2 -9 2 -9 2 -9 3 -9 3 -9 4 -9 4 -9 4 -9 4 -9 5 -9 5 -9 5 -10 6 -9 6 -10 6 -9 6 -9 6 -9 7 -9 7 -9 6 -9 6 -9 6 -9 7 -9 0 0 6 -9 6 -9 6 -9 6 -9 6 -9 6 -9 6 -9 5 -9 5 -9 5 -10 5 -10 4 -10 4 -10 4 -11 4 -11 4 -11 4 -11 4 -11 4 -12 4 -12 4 -12 4 -12 4 -12 4 -12 3 -12 4 -13 0 0 0 0 0 0 0 0 0 0
1784740905.850842,53496,-46,11,1,7,1,-95,1,627342097,128,0 0 0 0 0 0 0 0 0 0 0 0 7 -1 7 0 8 0 7 1 8 1 8 1 8 1 8 2 8 2 9 2 8 3 8 3 8 3 9 3 9 3 9 4 9 4 10 4 9 4 9 4 9 4 9 5 9 5 9 5 9 5 9 6 0 0 9 5 9 5 9 5 10 5 9 5 9 5 9 4 9 4 9 4 10 4 10 4 10 4 10 4 10 3 11 3 11 3 11 3 11 3 11 3 12 3 11 3 12 3 12 3 12 4 12 3 12 3 0 0 0 0 0 0 0 0 0 0
1784740905.850842,53497,-46,11,1,7,1,-95,1,627351585,128,0 0 0 0 0 0 0 0 0 0 0 0 1 6 0 6 0 7 -1 7 -1 7 -1 7 -1 7 -1 7 -1 7 -2 7 -2 7 -2 8 -2 8 -2 8 -2 8 -2 8 -2 8 -2 9 -3 9 -2 9 -2 9 -3 9 -3 9 -3 9 -3 9 -3 10 0 0 -3 10 -3 10 -3 10 -3 10 -3 10 -3 10 -2 10 -2 11 -2 10 -2 11 -2 11 -2 11 -2 11 -2 11 -2 11 -2 12 -2 12 -1 12 -1 12 -1 12 -1 12 -1 12 -1 12 -2 13 -2 13 -1 13 0 0 0 0 0 0 0 0 0 0
1784740905.850842,53498,-46,11,1,7,1,-95,1,627361848,128,0 0 0 0 0 0 0 0 0 0 0 0 6 -3 6 -3 7 -2 7 -2 7 -2 7 -1 7 -1 8 -1 7 -1 8 -1 8 -1 8 -1 8 -1 8 0 8 0 9 0 9 0 9 0 9 0 9 0 9 0 9 0 10 0 9 0 9 0 10 0 0 0 10 0 10 0 10 0 10 0 10 0 10 -1 10 0 11 -1 11 -1 11 -1 11 -1 11 -2 11 -2 12 -2 12 -2 12 -2 12 -2 12 -2 12 -2 12 -2 12 -2 13 -2 12 -3 13 -2 13 -3 13 -2 0 0 0 0 0 0 0 0 0 0
1784740905.867006,53499,-45,11,1,7,1,-95,1,627371685,128,0 0 0 0 0 0 0 0 0 0 0 0 -4 -8 -4 -8 -4 -9 -3 -9 -3 -10 -3 -9 -3 -10 -3 -10 -3 -10 -2 -11 -2 -11 -1 -11 -1 -11 -1 -11 -1 -11 -1 -12 -1 -11 -1 -12 -1 -12 -1 -12 -1 -12 -1 -12 -1 -12 0 -12 0 -12 0 -12 0 0 -1 -12 -1 -13 -1 -12 -1 -13 -1 -12 -2 -12 -2 -12 -2 -12 -2 -12 -3 -13 -3 -13 -3 -12 -3 -12 -3 -12 -4 -13 -4 -12 -4 -13 -4 -13 -5 -13 -5 -13 -5 -13 -5 -13 -5 -14 -5 -14 -5 -14 -5 -14 0 0 0 0 0 0 0 0 0 0
1784740905.867006,53500,-45,11,1,7,1,-95,1,627381658,128,0 0 0 0 0 0 0 0 0 0 0 0 7 3 7 3 7 4 7 5 7 5 7 5 7 5 7 5 7 6 7 6 7 6 7 7 7 7 7 7 7 8 6 8 7 8 7 8 6 8 7 8 7 8 7 9 7 8 6 9 6 9 7 9 0 0 7 9 6 8 7 9 7 8 7 8 7 8 7 8 8 8 8 8 8 8 8 8 8 8 9 8 9 8 9 8 9 8 9 8 10 8 10 8 10 8 10 8 10 8 10 7 10 8 10 8 10 8 0 0 0 0 0 0 0 0 0 0
1784740905.882964,53501,-45,11,1,7,1,-95,1,627391630,128,0 0 0 0 0 0 0 0 0 0 0 0 -3 -8 -3 -8 -2 -9 -2 -9 -1 -9 -1 -9 -1 -9 -1 -9 -1 -10 -1 -10 0 -10 0 -10 0 -10 0 -10 0 -11 1 -11 1 -11 0 -11 1 -11 1 -11 1 -11 1 -11 1 -11 1 -11 1 -11 1 -12 0 0 1 -12 1 -12 1 -12 0 -12 0 -12 0 -12 0 -12 -1 -12 0 -12 -1 -12 -2 -13 -2 -13 -2 -13 -2 -13 -2 -13 -2 -14 -2 -13 -2 -14 -2 -14 -3 -14 -3 -14 -2 -14 -3 -14 -3 -15 -3 -15 -3 -15 0 0 0 0 0 0 0 0 0 0
1784740905.882964,53502,-45,11,1,7,1,-95,1,627401664,128,0 0 0 0 0 0 0 0 0 0 0 0 4 6 3 6 3 7 2 7 2 8 2 8 2 8 2 8 2 8 1 9 1 9 0 9 0 9 0 9 0 9 0 10 0 9 0 10 0 10 0 10 0 10 0 10 -1 10 -1 10 -1 10 -1 10 0 0 0 10 0 10 0 10 1 11 1 10 1 10 1 10 1 11 1 10 2 11 2 11 2 11 2 11 2 11 3 12 3 11 3 12 3 12 3 12 4 13 3 12 4 12 3 13 3 13 3 13 3 13 0 0 0 0 0 0 0 0 0 0
1784740905.899007,53503,-45,11,1,7,1,-95,1,627411691,128,0 0 0 0 0 0 0 0 0 0 0 0 6 3 6 4 5 4 6 5 5 5 5 6 5 6 5 6 5 7 5 6 5 7 5 7 5 8 5 8 5 8 4 8 5 8 5 8 4 9 5 9 4 9 4 9 5 9 4 9 4 9 4 9 0 0 5 9 5 9 5 9 5 9 5 9 5 9 5 9 6 9 6 9 6 9 6 9 7 8 7 9 7 9 7 8 8 9 7 9 8 9 8 9 8 9 8 8 8 9 8 8 9 9 9 9 9 9 0 0 0 0 0 0 0 0 0 0
1784740905.915088,53504,-44,11,1,7,1,-95,1,627421694,128,0 0 0 0 0 0 0 0 0 0 0 0 3 7 2 7 2 7 2 7 2 8 1 8 1 8 1 8 1 8 1 9 1 9 0 9 0 9 0 10 1 10 0 10 0 10 0 11 0 11 0 11 0 11 0 11 0 11 -1 11 -1 11 0 12 0 0 0 12 0 12 -1 11 0 12 0 11 0 11 1 12 1 12 1 12 1 12 1 12 1 12 1 13 1 12 2 13 2 13 1 13 2 13 2 13 2 13 3 13 3 13 3 13 2 13 2 13 3 14 0 0 0 0 0 0 0 0 0 0
1784740905.915088,53505,-45,11,1,7,1,-95,1,627431685,128,0 0 0 0 0 0 0 0 0 0 0 0 2 6 2 6 1 7 1 6 1 7 1 7 1 7 0 7 1 7 0 8 0 8 0 8 0 8 0 8 0 8 0 9 0 9 0 9 0 9 0 10 0 10 0 10 -1 10 -1 10 -1 10 -1 10 0 0 -1 10 0 11 0 11 0 11 0 11 0 11 0 11 0 12 0 11 1 12 1 12 1 12 1 12 1 12 2 13 2 13 1 13 2 13 2 13 2 14 2 14 2 14 2 14 2 14 2 14 2 14 0 0 0 0 0 0 0 0 0 0
1784740905.931067,53506,-45,11,1,7,1,-95,1,627444592,128,0 0 0 0 0 0 0 0 0 0 0 0 2 -7 2 -7 3 -7 3 -7 3 -7 4 -7 4 -7 4 -7 4 -7 4 -7 5 -7 5 -7 5 -7 5 -7 5 -7 6 -7 6 -7 6 -7 6 -8 6 -8 6 -8 6 -8 6 -8 6 -8 6 -8 6 -8 0 0 6 -9 6 -9 7 -9 6 -9 6 -9 6 -9 6 -10 6 -10 6 -10 6 -11 6 -11 6 -11 6 -12 6 -12 6 -12 7 -12 7 -12 6 -13 7 -13 7 -13 7 -13 7 -13 7 -13 7 -13 7 -14 8 -14 0 0 0 0 0 0 0 0 0 0
1784740905.946773,53507,-44,11,1,7,1,-95,1,627451606,128,0 0 0 0 0 0 0 0 0 0 0 0 3 5 3 6 3 6 2 6 2 6 2 7 2 7 2 7 2 7 1 7 1 8 1 8 1 8 1 8 1 8 1 8 1 9 1 9 1 9 1 9 1 9 1 9 1 9 0 9 0 9 1 10 0 0 1 10 1 10 1 10 1 10 1 10 2 10 2 10 2 11 2 11 3 11 3 11 3 11 3 11 3 11 3 12 3 12 3 12 4 12 4 12 4 12 4 13 4 13 4 13 4 13 4 13 4 14 0 0 0 0 0 0 0 0 0 0
1784740905.946773,53508,-44,11,1,7,1,-95,1,627462149,128,0 0 0 0 0 0 0 0 0 0 0 0 4 -6 4 -6 5 -5 5 -6 5 -5 5 -5 5 -5 6 -5 6 -5 6 -5 7 -5 7 -5 7 -5 7 -5 8 -5 8 -5 8 -5 8 -5 8 -5 8 -5 9 -6 9 -5 9 -5 9 -5 9 -5 10 -5 0 0 10 -5 10 -5 10 -5 9 -6 10 -6 10 -6 10 -6 10 -7 10 -7 10 -7 10 -7 10 -7 10 -7 11 -8 11 -8 11 -8 11 -8 11 -8 12 -8 12 -8 12 -9 12 -8 12 -8 12 -8 12 -8 12 -8 0 0 0 0 0 0 0 0 0 0
1784740905.962631,53509,-44,11,1,7,1,-95,1,627478793,128,0 0 0 0 0 0 0 0 0 0 0 0 3 -7 3 -7 4 -7 4 -7 5 -7 5 -6 5 -7 5 -7 5 -7 6 -7 6 -6 6 -7 6 -6 6 -6 6 -7 6 -7 6 -7 6 -7 6 -7 7 -7 7 -7 7 -7 7 -8 7 -7 7 -7 7 -7 0 0 7 -8 7 -8 7 -8 7 -9 7 -8 7 -9 7 -9 7 -9 7 -10 7 -10 7 -10 7 -10 7 -10 7 -10 7 -12 7 -12 8 -12 8 -12 8 -12 8 -13 8 -13 8 -13 9 -13 9 -13 9 -13 9 -13 0 0 0 0 0 0 0 0 0 0
1784740905.980381,53510,-43,11,1,7,1,-95,1,627483619,128,0 0 0 0 0 0 0 0 0 0 0 0 -4 -8 -3 -8 -3 -8 -3 -8 -2 -9 -2 -9 -2 -9 -2 -9 -2 -9 -2 -9 -1 -9 -2 -9 -1 -10 -1 -10 -1 -10 -1 -10 -1 -11 -1 -11 -1 -11 0 -10 -1 -11 0 -11 -1 -11 -1 -11 -1 -11 -1 -11 0 0 -1 -11 -1 -11 -1 -12 -1 -11 -1 -11 -1 -12 -1 -12 -2 -12 -2 -12 -2 -12 -3 -13 -3 -13 -3 -13 -3 -13 -3 -13 -3 -14 -3 -14 -3 -14 -3 -15 -3 -15 -3 -15 -3 -15 -3 -15 -4 -16 -4 -15 -3 -16 0 0 0 0 0 0 0 0 0 0
1784740905.980381,53511,-43,11,1,7,1,-95,1,627491704,128,0 0 0 0 0 0 0 0 0 0 0 0 4 6 4 7 4 7 3 7 3 8 3 8 3 8 3 8 3 8 2 8 2 9 2 9 2 9 2 10 2 10 2 10 2 10 2 10 2 10 2 10 1 10 2 11 1 10 1 10 1 11 1 11 0 0 1 11 2 11 1 11 2 11 2 10 2 11 2 10 3 11 3 11 3 11 3 11 4 11 4 12 4 12 4 12 5 12 5 11 5 12 5 12 6 13 6 12 6 13 6 12 5 13 5 13 6 14 0 0 0 0 0 0 0 0 0 0
1784740905.994807,53512,-43,11,1,7,1,-95,1,627502148,128,0 0 0 0 0 0 0 0 0 0 0 0 7 -4 7 -4 8 -4 8 -3 8 -3 8 -3 8 -2 9 -3 9 -2 9 -2 10 -2 10 -2 10 -2 10 -2 10 -1 11 -1 11 -1 11 -1 11 -1 11 -1 11 -1 11 0 12 -1 11 0 11 0 12 -1 0 0 11 0 12 0 11 0 12 -1 11 -1 12 -1 12 -1 12 -2 12 -2 13 -2 12 -2 12 -3 12 -3 13 -3 13 -3 13 -3 13 -3 13 -3 13 -4 14 -4 14 -4 14 -4 14 -4 14 -4 14 -4 14 -4 0 0 0 0 0 0 0 0 0 0
1784740906.010696,53513,-43,11,1,7,1,-95,1,627511697,128,0 0 0 0 0 0 0 0 0 0 0 0 3 6 2 6 2 7 2 7 2 7 1 7 1 8 1 8 2 8 1 8 1 9 0 9 0 9 0 9 1 9 1 10 1 10 0 10 0 10 1 10 1 11 1 11 0 11 0 11 -1 11 0 11 0 0 0 11 1 11 0 11 1 12 1 11 1 11 2 12 2 12 2 11 2 13 2 13 2 12 2 12 2 12 4 13 4 13 3 13 3 13 4 13 4 14 4 14 4 13 4 14 3 14 3 14 3 14 0 0 0 0 0 0 0 0 0 0
1784740906.012230,53514,-44,11,1,7,1,-95,1,627521578,128,0 0 0 0 0 0 0 0 0 0 0 0 1 6 0 7 0 7 0 7 0 7 -1 7 0 7 -1 7 -1 7 -1 7 -1 7 -2 8 -2 8 -2 8 -1 9 -2 8 -2 9 -2 9 -2 9 -1 9 -1 9 -1 10 -1 9 -2 9 -2 10 -2 10 0 0 -2 10 -2 10 -2 11 -1 10 -1 11 -1 11 -1 11 0 11 0 11 0 12 -1 12 0 12 0 12 0 13 0 13 0 13 0 13 0 13 1 13 1 14 1 14 1 14 0 13 0 14 0 14 0 14 0 0 0 0 0 0 0 0 0 0
1784740906.029304,53515,-44,11,1,7,1,-95,1,627531682,128,0 0 0 0 0 0 0 0 0 0 0 0 5 -5 6 -5 6 -4 6 -4 6 -4 7 -4 7 -3 7 -4 8 -3 8 -3 8 -3 8 -3 8 -3 8 -3 8 -3 8 -3 9 -3 9 -3 9 -3 9 -3 9 -3 10 -3 10 -3 9 -3 9 -3 10 -3 0 0 10 -3 10 -3 10 -3 10 -3 10 -4 10 -4 10 -4 10 -4 11 -4 11 -5 11 -5 11 -5 11 -5 12 -5 11 -6 12 -5 12 -5 12 -6 12 -6 13 -6 13 -6 13 -6 13 -6 13 -6 13 -6 14 -6 0 0 0 0 0 0 0 0 0 0
1784740906.042703,53516,-43,11,1,7,1,-95,1,627541588,128,0 0 0 0 0 0 0 0 0 0 0 0 7 -3 7 -3 8 -2 8 -2 8 -2 8 -1 8 -1 8 -1 8 -1 9 0 9 0 9 0 9 0 9 0 9 0 10 0 9 0 10 1 10 1 10 1 10 1 10 1 11 1 10 1 10 1 10 1 0 0 10 1 11 1 10 1 11 0 11 0 11 0 11 0 11 0 11 -1 12 -1 12 -1 11 -1 11 -1 12 -1 13 -2 12 -2 13 -2 13 -2 13 -2 13 -2 13 -2 13 -3 14 -2 14 -2 14 -2 14 -2 0 0 0 0 0 0 0 0 0 0
1784740906.058413,53517,-43,11,1,7,1,-95,1,627552155,128,0 0 0 0 0 0 0 0 0 0 0 0 -1 -8 -1 -8 0 -8 0 -9 1 -9 1 -9 1 -9 1 -9 2 -9 2 -9 2 -9 2 -9 2 -10 2 -10 2 -10 3 -10 3 -10 3 -10 4 -10 4 -10 4 -11 4 -11 4 -10 4 -11 4 -10 4 -11 0 0 4 -11 4 -11 4 -11 4 -11 4 -11 4 -11 4 -11 3 -12 3 -12 3 -12 3 -12 3 -12 3 -13 3 -13 3 -13 3 -13 3 -13 3 -14 3 -14 3 -14 3 -14 3 -14 3 -14 3 -14 3 -14 3 -15 0 0 0 0 0 0 0 0 0 0
1784740906.074125,53518,-43,11,1,7,1,-95,1,627561633,128,0 0 0 0 0 0 0 0 0 0 0 0 3 -7 4 -7 4 -7 5 -7 5 -7 5 -7 5 -7 6 -7 6 -7 6 -7 6 -7 7 -7 7 -7 7 -7 7 -7 8 -7 8 -7 8 -7 8 -7 8 -7 9 -7 9 -7 9 -7 9 -7 9 -7 9 -7 0 0 9 -7 9 -7 9 -7 9 -7 9 -7 9 -8 9 -8 9 -8 9 -8 9 -9 9 -9 9 -9 9 -9 9 -9 9 -10 9 -10 9 -10 9 -10 9 -10 9 -11 9 -11 10 -10 9 -11 10 -10 10 -10 10 -11 0 0 0 0 0 0 0 0 0 0
1784740906.090096,53519,-43,11,1,7,1,-95,1,627571679,128,0 0 0 0 0 0 0 0 0 0 0 0 -7 4 -8 4 -8 4 -8 3 -9 3 -9 3 -9 3 -9 3 -10 3 -10 2 -10 2 -10 2 -11 2 -10 2 -11 2 -11 2 -11 2 -12 2 -12 2 -12 2 -12 2 -12 2 -12 1 -12 1 -12 1 -12 1 0 0 -12 2 -12 2 -12 2 -13 2 -12 2 -12 2 -12 2 -12 3 -12 3 -13 3 -13 3 -12 3 -12 4 -13 3 -13 5 -13 5 -13 4 -13 5 -13 5 -13 5 -13 5 -13 5 -13 5 -14 5 -14 5 -14 5 0 0 0 0 0 0 0 0 0 0
1784740906.105864,53520,-43,11,1,7,1,-95,1,627590008,128,0 0 0 0 0 0 0 0 0 0 0 0 4 6 3 6 3 7 3 7 3 7 2 7 2 7 2 8 2 8 2 9 2 9 1 9 1 9 1 9 1 9 1 10 1 9 1 10 1 10 1 10 1 10 1 10 1 11 1 10 1 10 1 11 0 0 1 11 2 11 1 10 2 11 2 10 2 11 2 11 2 11 3 11 3 12 3 12 3 12 3 12 3 11 4 12 4 12 4 13 4 13 4 13 4 13 4 13 5 13 5 14 4 13 4 13 4 13 0 0 0 0 0 0 0 0 0 0
1784740906.105864,53521,-43,11,1,7,1,-95,1,627600861,128,0 0 0 0 0 0 0 0 0 0 0 0 -6 4 -6 4 -7 3 -7 3 -7 3 -8 3 -8 3 -8 3 -8 3 -9 2 -9 2 -9 2 -9 2 -10 2 -10 2 -10 2 -11 2 -10 2 -11 2 -11 1 -11 2 -11 1 -11 2 -11 1 -11 1 -11 1 0 0 -12 1 -12 1 -12 1 -12 2 -12 2 -12 2 -12 2 -12 2 -12 2 -12 3 -12 3 -12 3 -12 3 -13 3 -13 3 -13 3 -13 3 -13 4 -13 4 -14 4 -13 4 -14 4 -14 4 -14 4 -14 4 -14 4 0 0 0 0 0 0 0 0 0 0
1784740906.105864,53522,-43,11,1,7,1,-95,1,627601813,128,0 0 0 0 0 0 0 0 0 0 0 0 -2 7 -2 6 -3 7 -3 6 -3 7 -3 7 -3 7 -4 7 -3 7 -4 8 -5 7 -5 7 -5 8 -5 7 -5 7 -6 8 -5 8 -6 9 -6 8 -6 9 -6 9 -6 9 -7 9 -7 8 -7 8 -7 8 0 0 -7 9 -7 9 -6 9 -7 9 -6 9 -6 10 -6 10 -6 10 -6 10 -6 11 -6 11 -6 10 -6 10 -6 10 -6 12 -5 11 -6 12 -6 12 -5 12 -5 13 -5 12 -5 13 -6 13 -6 12 -6 12 -6 12 0 0 0 0 0 0 0 0 0 0
1784740906.121335,53523,-43,11,1,7,1,-95,1,627611631,128,0 0 0 0 0 0 0 0 0 0 0 0 -7 0 -8 -1 -7 -1 -8 -1 -8 -2 -8 -2 -8 -2 -8 -2 -8 -2 -8 -2 -8 -3 -9 -3 -9 -3 -9 -3 -9 -3 -9 -3 -10 -3 -9 -3 -10 -3 -10 -3 -10 -3 -10 -4 -11 -3 -10 -4 -10 -4 -11 -4 0 0 -11 -4 -11 -4 -11 -4 -11 -4 -11 -4 -11 -3 -11 -3 -12 -3 -12 -3 -12 -3 -12 -3 -12 -3 -12 -3 -13 -3 -13 -3 -13 -3 -13 -3 -13 -2 -13 -2 -14 -2 -13 -2 -14 -2 -13 -2 -13 -3 -14 -2 -14 -2 0 0 0 0 0 0 0 0 0 0
1784740906.121335,53524,-42,11,1,7,1,-95,1,627621693,128,0 0 0 0 0 0 0 0 0 0 0 0 -6 -6 -6 -7 -5 -7 -5 -7 -5 -7 -5 -8 -5 -8 -5 -8 -4 -8 -4 -8 -4 -9 -4 -9 -4 -9 -4 -9 -4 -10 -4 -10 -3 -10 -3 -10 -4 -11 -3 -10 -3 -11 -3 -11 -3 -11 -3 -11 -3 -11 -3 -11 0 0 -3 -11 -3 -11 -3 -11 -3 -11 -3 -11 -3 -12 -4 -11 -4 -11 -4 -12 -5 -12 -4 -12 -5 -12 -5 -12 -5 -12 -5 -12 -5 -12 -5 -12 -5 -13 -5 -12 -5 -12 -6 -12 -6 -13 -6 -12 -6 -13 -6 -12 -6 -13 0 0 0 0 0 0 0 0 0 0
1784740906.136567,53525,-39,11,1,7,0,-95,1,627631895,128,0 0 0 0 0 0 0 0 0 0 0 0 -8 3 -10 2 -9 1 -9 2 -11 0 -10 1 -12 1 -9 0 -13 1 -9 -2 -13 2 -11 -3 -13 2 -13 -3 -12 1 -14 -2 -12 0 -13 -1 -14 -1 -12 -2 -15 -1 -11 -3 -16 1 -12 -4 -15 2 -14 -5 0 0 -16 -5 -11 2 -16 -3 -12 0 -16 0 -13 -1 -15 1 -14 0 -14 0 -15 2 -17 -1 -14 3 -18 -1 -13 3 -19 0 -12 1 -20 3 -14 1 -18 3 -15 1 -18 3 -16 2 -17 2 -17 3 -18 1 -16 5 0 0 0 0 0 0 0 0 0 0
1784740906.152275,53526,-43,11,1,7,1,-95,1,627649393,128,0 0 0 0 0 0 0 0 0 0 0 0 -9 2 -9 1 -9 1 -9 0 -9 0 -9 0 -10 0 -10 -1 -10 0 -10 -1 -10 -1 -10 -2 -10 -2 -10 -1 -10 -1 -11 -1 -10 -1 -11 -1 -11 -1 -11 -1 -11 -1 -11 -1 -12 -1 -11 -2 -11 -1 -11 -1 0 0 -11 -1 -12 0 -11 0 -12 0 -12 0 -12 0 -12 1 -12 1 -13 2 -13 1 -13 2 -13 2 -13 2 -13 2 -14 3 -14 3 -15 3 -15 3 -15 3 -15 3 -15 3 -15 3 -16 3 -15 2 -15 3 -15 3 0 0 0 0 0 0 0 0 0 0
1784740906.167984,53527,-44,11,1,7,1,-95,1,627656727,128,0 0 0 0 0 0 0 0 0 0 0 0 -8 0 -9 -1 -9 -1 -9 -2 -9 -2 -9 -2 -9 -2 -9 -2 -9 -2 -9 -2 -9 -2 -9 -2 -9 -3 -9 -3 -9 -3 -9 -3 -10 -2 -9 -3 -10 -2 -10 -3 -10 -2 -10 -2 -10 -2 -10 -2 -10 -2 -11 -2 0 0 -11 -1 -11 -1 -12 -1 -11 -1 -12 0 -12 -1 -12 0 -13 0 -13 0 -13 0 -14 0 -14 1 -14 1 -15 0 -15 1 -15 1 -15 0 -16 1 -16 0 -16 0 -16 0 -16 0 -16 0 -16 0 -16 0 -17 0 0 0 0 0 0 0 0 0 0 0
1784740906.167984,53528,-46,11,1,7,1,-95,1,627661620,128,0 0 0 0 0 0 0 0 0 0 0 0 6 -2 6 -1 7 -1 7 -1 7 -1 7 -1 7 -1 7 0 7 0 7 0 7 0 7 0 7 0 7 0 7 0 7 0 7 0 8 -1 7 -1 8 -1 8 -1 8 -1 8 -2 8 -2 8 -2 9 -2 0 0 9 -3 9 -3 10 -3 10 -3 10 -4 10 -4 10 -4 11 -4 11 -4 12 -5 12 -5 12 -5 12 -5 12 -5 13 -6 13 -6 14 -5 14 -5 14 -6 14 -6 14 -5 14 -6 15 -5 15 -5 15 -5 14 -5 0 0 0 0 0 0 0 0 0 0
1784740906.167984,53529,-47,11,1,7,1,-95,1,627671556,128,0 0 0 0 0 0 0 0 0 0 0 0 -5 -1 -5 -1 -5 -1 -5 -2 -5 -2 -5 -2 -5 -2 -6 -1 -6 -1 -5 -1 -5 -1 -6 -1 -6 -1 -6 -1 -6 -1 -6 -1 -7 -1 -7 0 -7 0 -7 0 -7 0 -8 0 -8 0 -8 0 -8 0 -9 0 0 0 -9 1 -10 1 -10 1 -10 1 -10 1 -11 1 -11 1 -12 1 -12 1 -12 2 -12 2 -13 2 -13 2 -14 2 -14 2 -14 2 -14 2 -15 2 -15 2 -15 2 -15 2 -15 2 -15 1 -15 1 -15 1 -15 1 0 0 0 0 0 0 0 0 0 0
1784740906.180364,53530,-46,11,1,7,1,-95,1,627683872,128,0 0 0 0 0 0 0 0 0 0 0 0 -3 -5 -2 -5 -2 -6 -2 -6 -2 -6 -2 -6 -2 -6 -2 -6 -2 -6 -2 -6 -2 -7 -1 -7 -2 -7 -2 -7 -2 -7 -2 -7 -2 -8 -1 -8 -2 -8 -2 -8 -2 -8 -2 -9 -2 -9 -2 -9 -2 -9 -2 -10 0 0 -2 -10 -2 -10 -2 -11 -2 -10 -2 -10 -3 -11 -2 -11 -3 -11 -2 -12 -3 -12 -3 -12 -3 -12 -3 -13 -3 -13 -3 -13 -3 -14 -3 -13 -3 -14 -3 -14 -3 -14 -3 -14 -3 -14 -3 -14 -3 -15 -3 -14 -3 -15 0 0 0 0 0 0 0 0 0 0
1784740906.205398,53531,-45,11,1,7,1,-95,1,627702793,128,0 0 0 0 0 0 0 0 0 0 0 0 3 -7 4 -7 4 -7 5 -7 5 -7 5 -6 6 -7 6 -6 6 -7 7 -6 7 -6 7 -6 7 -6 7 -6 7 -6 8 -6 7 -6 8 -6 8 -6 8 -6 8 -6 8 -6 8 -6 8 -6 8 -6 8 -6 0 0 8 -6 8 -7 8 -7 8 -7 8 -7 8 -7 8 -8 8 -8 8 -8 8 -9 8 -9 8 -9 8 -9 8 -9 8 -11 8 -11 9 -11 9 -11 9 -11 9 -11 9 -11 9 -12 10 -12 10 -11 10 -12 10 -12 0 0 0 0 0 0 0 0 0 0
1784740906.216224,53532,-45,11,1,7,1,-95,1,627712100,128,0 0 0 0 0 0 0 0 0 0 0 0 5 -6 5 -6 6 -6 6 -6 6 -6 6 -5 7 -5 7 -5 7 -5 8 -5 8 -4 8 -4 8 -4 8 -3 8 -4 8 -4 8 -4 9 -4 8 -4 8 -4 8 -4 8 -4 8 -4 8 -4 8 -4 8 -4 0 0 8 -4 8 -5 7 -5 8 -6 8 -6 8 -6 8 -6 8 -7 8 -7 9 -8 8 -8 8 -8 8 -8 9 -8 9 -9 9 -9 10 -9 10 -10 10 -10 10 -11 10 -10 10 -11 11 -10 11 -11 11 -10 11 -11 0 0 0 0 0 0 0 0 0 0
1784740906.216224,53533,-42,11,1,7,0,-95,1,627713970,128,0 0 0 0 0 0 0 0 0 0 0 0 -7 6 -7 6 -8 6 -8 5 -9 5 -9 5 -9 5 -10 5 -10 4 -10 4 -10 4 -11 4 -11 4 -11 3 -11 3 -11 3 -11 3 -11 3 -11 3 -11 3 -11 3 -11 3 -11 3 -11 3 -11 3 -11 4 0 0 -11 4 -11 4 -11 5 -11 5 -11 6 -11 6 -11 6 -11 6 -11 7 -11 7 -11 8 -11 8 -11 9 -12 8 -12 9 -12 9 -12 10 -12 10 -13 10 -13 10 -13 11 -13 11 -13 11 -14 11 -14 11 -14 11 0 0 0 0 0 0 0 0 0 0
1784740906.216224,53534,-46,11,1,7,1,-95,1,627722818,128,0 0 0 0 0 0 0 0 0 0 0 0 7 2 7 3 7 3 7 4 6 4 7 4 7 5 7 5 6 5 6 5 6 6 6 6 6 6 6 6 6 6 6 7 6 7 5 6 6 7 5 6 6 6 5 6 6 6 5 6 5 6 6 6 0 0 6 5 6 5 6 5 7 5 7 5 8 5 7 4 8 4 8 4 9 4 9 4 10 4 10 3 10 4 10 4 11 4 11 4 12 4 12 4 12 4 13 4 13 5 13 4 13 4 13 4 14 5 0 0 0 0 0 0 0 0 0 0
1784740906.221685,53535,-47,11,1,7,1,-95,1,627733756,128,0 0 0 0 0 0 0 0 0 0 0 0 7 3 7 4 7 5 7 5 7 5 7 6 6 6 6 6 6 6 6 7 6 7 6 7 6 7 5 8 5 8 5 8 5 8 4 8 5 8 4 8 5 8 4 8 5 7 4 7 4 7 5 7 0 0 5 7 5 7 5 7 5 6 6 6 6 6 6 6 7 6 7 6 7 6 8 6 8 6 8 6 9 6 9 6 10 6 9 6 10 6 10 7 11 7 11 7 11 7 11 7 11 7 12 7 12 8 0 0 0 0 0 0 0 0 0 0
1784740906.232331,53536,-48,11,1,7,1,-95,1,627741693,128,0 0 0 0 0 0 0 0 0 0 0 0 -8 -4 -7 -4 -8 -5 -7 -5 -7 -6 -7 -6 -7 -6 -7 -7 -7 -6 -7 -7 -6 -8 -6 -8 -6 -8 -6 -8 -6 -8 -6 -8 -6 -8 -6 -9 -6 -8 -6 -8 -6 -8 -6 -8 -6 -8 -5 -8 -5 -8 -6 -8 0 0 -6 -8 -7 -7 -6 -7 -7 -7 -7 -7 -7 -7 -8 -7 -8 -7 -8 -6 -9 -7 -9 -7 -9 -7 -9 -7 -9 -7 -11 -7 -11 -6 -11 -7 -11 -8 -11 -7 -12 -7 -12 -7 -12 -7 -13 -8 -12 -9 -12 -8 -12 -8 0 0 0 0 0 0 0 0 0 0
1784740906.248128,53537,-48,11,1,7,1,-95,1,627751644,128,0 0 0 0 0 0 0 0 0 0 0 0 3 -7 3 -8 4 -7 4 -7 5 -7 5 -7 5 -7 5 -7 5 -7 6 -7 6 -6 6 -7 7 -6 7 -6 7 -7 7 -6 7 -6 7 -6 7 -6 7 -6 7 -6 7 -6 7 -6 6 -5 7 -5 7 -6 0 0 6 -6 5 -6 6 -7 5 -7 5 -7 5 -8 5 -8 5 -8 5 -8 4 -9 5 -9 4 -9 5 -10 5 -10 4 -10 5 -11 4 -11 4 -12 4 -12 4 -12 4 -12 5 -13 4 -13 5 -13 5 -13 5 -14 0 0 0 0 0 0 0 0 0 0
1784740906.251905,53538,-44,11,1,7,0,-95,1,627761666,128,0 0 0 0 0 0 0 0 0 0 0 0 -6 6 -7 6 -7 6 -8 5 -8 5 -8 5 -9 5 -9 5 -9 4 -9 4 -9 4 -10 3 -10 3 -10 3 -10 3 -10 2 -10 2 -10 3 -10 2 -10 2 -10 2 -9 2 -9 2 -9 2 -9 2 -9 2 0 0 -8 3 -8 3 -8 3 -8 3 -8 4 -8 4 -8 4 -7 5 -7 5 -7 5 -7 5 -7 6 -7 6 -7 7 -7 7 -7 7 -7 8 -7 8 -7 8 -7 8 -7 9 -7 9 -7 9 -7 9 -7 9 -7 9 0 0 0 0 0 0 0 0 0 0
1784740906.263770,53539,-46,11,1,7,1,-95,1,627771561,128,0 0 0 0 0 0 0 0 0 0 0 0 4 7 4 8 4 8 3 9 3 9 3 9 2 10 2 10 2 10 1 10 1 10 0 10 0 10 0 10 0 10 0 11 0 10 0 11 -1 10 0 11 0 10 0 10 -1 10 -1 10 -1 9 -1 9 0 0 0 9 0 9 0 9 1 9 1 9 2 9 2 9 2 9 2 9 2 9 3 9 3 9 3 9 3 9 4 9 5 9 5 10 5 10 5 10 6 9 5 10 6 9 6 10 6 10 6 10 6 10 0 0 0 0 0 0 0 0 0 0
1784740906.275994,53540,-47,11,1,7,1,-95,1,627781660,128,0 0 0 0 0 0 0 0 0 0 0 0 -2 7 -2 7 -3 7 -4 7 -4 7 -4 7 -4 7 -4 7 -5 7 -5 7 -5 7 -6 7 -6 7 -6 7 -6 7 -6 7 -7 7 -6 7 -6 7 -6 7 -7 7 -7 7 -6 7 -6 7 -6 7 -6 7 0 0 -6 8 -6 8 -6 7 -6 8 -5 8 -5 8 -5 8 -5 9 -5 9 -5 9 -5 9 -4 10 -4 10 -4 10 -4 10 -4 11 -4 11 -4 11 -4 11 -4 11 -3 12 -4 12 -4 12 -4 11 -4 12 -4 12 0 0 0 0 0 0 0 0 0 0
1784740906.282257,53541,-47,11,1,7,1,-95,1,627791675,128,0 0 0 0 0 0 0 0 0 0 0 0 -5 5 -5 5 -6 5 -6 5 -6 4 -6 5 -6 4 -7 4 -7 4 -7 4 -7 4 -8 4 -8 4 -8 4 -8 4 -8 4 -8 4 -8 4 -9 4 -8 4 -9 4 -9 4 -8 4 -8 4 -8 4 -8 4 0 0 -8 5 -8 5 -9 5 -8 5 -8 5 -8 5 -8 6 -8 6 -8 6 -8 7 -8 7 -8 7 -9 7 -9 8 -9 8 -9 9 -9 8 -9 9 -9 9 -9 9 -10 9 -10 9 -10 9 -10 9 -10 9 -11 10 0 0 0 0 0 0 0 0 0 0
1784740906.296037,53542,-47,11,1,7,1,-95,1,627801631,128,0 0 0 0 0 0 0 0 0 0 0 0 3 6 3 6 2 7 2 7 2 7 1 7 2 7 1 8 1 8 0 8 0 8 0 8 0 8 0 8 0 8 0 8 -1 8 -1 8 0 8 0 9 -1 8 -1 8 0 8 -1 8 -1 8 0 8 0 0 0 8 1 8 1 8 1 9 2 8 1 9 2 8 2 9 2 9 3 10 3 9 3 9 3 9 3 10 4 10 4 10 4 11 4 11 4 11 4 11 5 12 5 11 4 12 4 12 4 12 4 12 0 0 0 0 0 0 0 0 0 0
1784740906.306062,53543,-47,11,1,7,1,-95,1,627811670,128,0 0 0 0 0 0 0 0 0 0 0 0 1 7 1 8 0 8 -1 8 -1 8 -1 9 -1 8 -2 9 -2 8 -2 8 -2 8 -2 8 -3 8 -3 8 -3 8 -4 8 -4 8 -3 8 -4 8 -4 8 -3 8 -3 8 -3 8 -3 7 -3 8 -2 8 0 0 -2 8 -2 8 -2 8 -1 8 -1 9 -1 9 -1 9 -1 9 -1 9 0 10 0 10 1 10 1 10 1 11 1 11 1 11 1 11 1 12 1 12 1 12 2 13 1 13 2 13 1 13 2 13 2 14 0 0 0 0 0 0 0 0 0 0
1784740906.316597,53544,-47,11,1,7,1,-95,1,627821724,128,0 0 0 0 0 0 0 0 0 0 0 0 6 7 5 7 5 8 4 8 4 8 4 8 4 9 3 9 3 9 3 10 2 10 2 10 2 10 1 9 1 10 1 10 1 9 1 10 1 9 1 9 1 9 1 9 1 9 1 8 1 8 1 8 0 0 2 7 2 8 2 7 3 7 3 7 3 7 4 7 4 7 4 7 5 7 5 7 5 7 6 7 6 7 7 8 7 7 7 8 7 8 8 7 8 8 8 8 8 8 9 8 9 8 9 9 9 8 0 0 0 0 0 0 0 0 0 0
1784740906.329492,53545,-45,11,1,7,1,-95,1,627831530,128,0 0 0 0 0 0 0 0 0 0 0 0 1 9 0 9 -1 10 -1 10 -2 10 -2 10 -3 10 -3 10 -3 10 -4 10 -4 10 -4 10 -4 10 -5 10 -5 10 -5 10 -5 10 -5 10 -6 9 -6 9 -6 9 -6 9 -5 9 -5 8 -5 8 -5 8 0 0 -4 8 -4 8 -4 8 -4 8 -3 8 -3 8 -3 8 -2 9 -2 9 -1 9 -1 9 -1 9 0 9 0 9 0 10 0 10 0 10 1 10 1 10 1 11 1 11 1 11 2 11 2 11 2 11 2 11 0 0 0 0 0 0 0 0 0 0
1784740906.332420,53546,-43,11,1,7,1,-95,1,627841652,128,0 0 0 0 0 0 0 0 0 0 0 0 -10 -1 -10 -2 -10 -3 -11 -4 -10 -4 -11 -4 -10 -5 -11 -5 -10 -6 -11 -6 -11 -6 -11 -6 -11 -7 -11 -7 -11 -8 -10 -8 -10 -9 -10 -8 -10 -9 -9 -9 -9 -9 -9 -9 -9 -8 -9 -8 -9 -8 -9 -8 0 0 -9 -8 -9 -8 -9 -7 -9 -7 -9 -7 -9 -7 -9 -6 -9 -6 -9 -6 -10 -5 -10 -5 -10 -5 -11 -4 -11 -4 -10 -4 -11 -4 -11 -4 -12 -3 -12 -4 -12 -4 -12 -3 -12 -3 -12 -3 -12 -2 -13 -2 -13 -2 0 0 0 0 0 0 0 0 0 0
1784740906.346655,53547,-42,11,1,7,1,-95,1,627851563,128,0 0 0 0 0 0 0 0 0 0 0 0 7 5 6 5 7 6 6 6 7 7 6 7 6 7 6 7 6 8 6 9 5 9 5 9 5 10 5 10 5 10 5 10 5 10 5 11 4 10 5 10 4 10 4 10 4 10 4 10 3 10 4 10 0 0 4 9 4 10 4 9 5 9 5 8 5 9 5 8 6 8 6 8 6 9 6 8 6 8 6 8 7 7 8 7 8 7 8 7 8 7 9 7 9 7 9 6 10 6 10 7 9 7 10 7 10 6 0 0 0 0 0 0 0 0 0 0
1784740906.356197,53548,-43,11,1,7,1,-95,1,627861550,128,0 0 0 0 0 0 0 0 0 0 0 0 -1 8 -2 9 -3 8 -3 9 -4 9 -4 9 -5 9 -5 9 -5 9 -6 9 -6 8 -6 9 -7 8 -7 8 -7 8 -7 8 -8 8 -8 8 -8 8 -8 8 -8 8 -8 8 -8 7 -8 7 -8 7 -8 7 0 0 -8 7 -8 7 -8 7 -7 8 -7 8 -7 8 -7 8 -7 8 -7 8 -6 9 -6 9 -6 9 -6 9 -6 9 -5 9 -6 10 -5 10 -5 10 -5 10 -5 11 -5 10 -5 11 -5 10 -5 11 -5 11 -5 12 0 0 0 0 0 0 0 0 0 0
1784740906.366555,53549,-43,11,1,7,1,-95,1,627871542,128,0 0 0 0 0 0 0 0 0 0 0 0 3 8 2 8 2 8 1 9 1 8 1 9 1 9 0 10 0 9 0 9 -1 10 -1 10 -1 10 -1 10 -1 10 -2 10 -2 10 -2 10 -2 10 -2 10 -2 10 -3 10 -2 10 -3 10 -3 9 -3 10 0 0 -2 10 -2 10 -2 10 -2 10 -1 9 -1 10 -1 10 -1 10 -1 10 0 10 0 10 0 10 0 10 1 10 1 11 0 11 1 10 1 11 1 11 1 11 2 11 2 11 2 11 2 12 2 12 2 12 0 0 0 0 0 0 0 0 0 0
1784740906.377839,53550,-43,11,1,7,1,-95,1,627881620,128,0 0 0 0 0 0 0 0 0 0 0 0 7 4 7 4 7 5 6 6 7 6 6 6 6 6 6 6 6 7 6 8 5 8 5 9 5 9 5 9 5 9 5 9 5 9 5 10 5 9 5 9 5 9 5 9 4 10 4 10 4 10 4 10 0 0 4 9 5 9 5 9 5 9 5 9 5 9 6 8 6 8 6 8 6 9 6 9 6 9 6 8 6 8 8 8 7 8 8 9 8 8 8 8 9 8 9 8 9 7 9 8 8 9 9 8 8 8 0 0 0 0 0 0 0 0 0 0
1784740906.385936,53551,-43,11,1,7,1,-95,1,627891580,128,0 0 0 0 0 0 0 0 0 0 0 0 -9 -2 -9 -2 -9 -3 -9 -4 -9 -4 -9 -4 -10 -4 -10 -5 -10 -5 -10 -6 -9 -6 -10 -6 -9 -7 -9 -7 -10 -7 -10 -7 -10 -8 -10 -8 -9 -8 -9 -8 -9 -8 -9 -8 -9 -8 -9 -8 -9 -8 -9 -8 0 0 -9 -8 -9 -8 -9 -8 -9 -8 -10 -8 -10 -7 -10 -7 -10 -7 -10 -7 -10 -7 -10 -7 -11 -7 -10 -7 -11 -7 -11 -7 -11 -7 -11 -6 -11 -6 -11 -6 -12 -6 -12 -6 -12 -6 -12 -6 -12 -6 -12 -6 -12 -6 0 0 0 0 0 0 0 0 0 0
1784740906.393934,53552,-44,11,1,7,1,-95,1,627901580,128,0 0 0 0 0 0 0 0 0 0 0 0 5 -8 5 -7 6 -7 6 -7 6 -7 7 -7 7 -6 7 -7 8 -6 8 -6 8 -6 8 -6 8 -6 9 -5 9 -5 9 -5 10 -5 9 -5 9 -5 9 -5 9 -5 9 -4 9 -5 9 -5 9 -4 9 -5 0 0 9 -5 10 -5 10 -5 9 -5 9 -5 9 -6 9 -6 9 -6 9 -6 9 -7 9 -6 9 -7 9 -7 9 -7 9 -7 9 -7 9 -7 9 -8 9 -8 9 -8 9 -8 9 -8 8 -8 9 -8 9 -8 9 -9 0 0 0 0 0 0 0 0 0 0
1784740906.402366,53553,-45,11,1,7,1,-95,1,627911583,128,0 0 0 0 0 0 0 0 0 0 0 0 5 -8 5 -7 6 -7 7 -7 7 -7 7 -6 8 -7 8 -6 8 -6 9 -5 9 -6 9 -5 9 -5 9 -5 9 -5 9 -5 9 -5 10 -5 9 -4 9 -5 9 -4 9 -4 10 -4 9 -4 9 -4 10 -4 0 0 9 -4 9 -5 9 -5 9 -6 9 -6 9 -5 9 -6 9 -6 9 -6 9 -6 9 -6 9 -6 9 -7 9 -6 9 -8 9 -8 10 -8 9 -8 9 -8 9 -8 9 -8 9 -9 10 -8 9 -9 9 -8 9 -9 0 0 0 0 0 0 0 0 0 0
1784740906.416944,53554,-46,11,1,7,1,-95,1,627921544,128,0 0 0 0 0 0 0 0 0 0 0 0 2 8 2 8 1 8 1 9 0 9 0 9 0 9 0 9 -1 9 -1 9 -1 9 -2 9 -2 9 -2 10 -2 10 -3 9 -3 9 -3 9 -3 9 -3 9 -3 9 -3 9 -2 9 -2 9 -2 9 -2 10 0 0 -2 10 -2 10 -2 10 -2 10 -1 10 -1 10 -1 10 -1 10 -1 11 -1 11 -1 11 0 11 0 11 0 11 0 11 0 12 0 11 0 11 0 12 0 12 1 12 1 12 1 12 1 12 1 12 1 12 0 0 0 0 0 0 0 0 0 0
1784740906.426541,53555,-47,11,1,7,1,-95,1,627931574,128,0 0 0 0 0 0 0 0 0 0 0 0 7 1 8 2 7 3 7 3 7 3 8 4 7 4 8 4 7 5 7 5 7 5 7 6 7 6 7 6 7 6 7 7 7 6 7 6 7 6 7 6 7 6 7 6 7 6 6 6 6 6 7 6 0 0 7 6 8 6 8 6 8 5 8 5 9 5 9 5 9 5 9 5 10 5 10 5 10 5 10 5 10 5 10 5 11 5 10 5 11 5 11 5 11 4 11 4 11 4 11 4 11 5 11 4 11 4 0 0 0 0 0 0 0 0 0 0
1784740906.435711,53556,-47,11,1,7,1,-95,1,627941584,128,0 0 0 0 0 0 0 0 0 0 0 0 -9 -2 -9 -3 -9 -3 -9 -4 -9 -4 -9 -5 -10 -5 -9 -5 -10 -5 -10 -6 -10 -7 -10 -7 -9 -7 -9 -8 -9 -7 -9 -7 -9 -7 -9 -8 -9 -8 -9 -7 -9 -7 -9 -7 -9 -7 -9 -7 -8 -7 -9 -7 0 0 -9 -6 -9 -6 -10 -6 -10 -6 -10 -5 -10 -5 -11 -5 -11 -5 -11 -4 -12 -4 -12 -5 -12 -4 -12 -4 -12 -4 -13 -4 -13 -4 -13 -4 -13 -4 -13 -4 -13 -3 -13 -3 -13 -3 -13 -3 -13 -3 -13 -3 -13 -3 0 0 0 0 0 0 0 0 0 0
1784740906.447395,53557,-46,11,1,7,1,-95,1,627951546,128,0 0 0 0 0 0 0 0 0 0 0 0 3 -9 3 -10 4 -9 5 -9 5 -9 5 -9 6 -9 6 -9 6 -9 7 -9 7 -9 7 -9 8 -8 8 -8 9 -9 8 -8 9 -8 8 -7 9 -7 9 -7 9 -7 9 -7 8 -7 8 -7 8 -7 8 -7 0 0 7 -8 7 -7 7 -8 7 -8 7 -9 6 -9 6 -9 6 -9 6 -9 6 -10 6 -10 6 -10 6 -11 6 -11 6 -11 6 -11 6 -11 6 -12 6 -12 5 -12 5 -12 5 -12 5 -12 5 -12 5 -12 5 -12 0 0 0 0 0 0 0 0 0 0
1784740906.458167,53558,-47,11,1,7,1,-95,1,627961651,128,0 0 0 0 0 0 0 0 0 0 0 0 -10 1 -10 0 -11 -1 -10 -1 -11 -1 -11 -2 -11 -2 -11 -3 -11 -3 -11 -3 -11 -4 -11 -4 -11 -5 -11 -5 -11 -5 -11 -5 -10 -5 -11 -5 -10 -5 -10 -5 -10 -5 -10 -5 -10 -5 -9 -5 -9 -4 -10 -4 0 0 -9 -4 -10 -3 -10 -3 -10 -3 -10 -2 -10 -2 -11 -2 -11 -1 -11 -1 -12 -1 -12 -1 -12 -1 -12 -1 -12 0 -13 0 -13 0 -13 0 -13 0 -13 0 -13 1 -13 1 -14 1 -14 0 -14 0 -14 1 -14 1 0 0 0 0 0 0 0 0 0 0
1784740906.465678,53559,-47,11,1,7,1,-95,1,627971601,128,0 0 0 0 0 0 0 0 0 0 0 0 6 -7 6 -7 7 -7 7 -6 8 -6 7 -6 8 -6 8 -5 8 -5 9 -5 9 -4 9 -4 9 -3 9 -3 9 -3 9 -3 9 -3 9 -3 8 -3 8 -3 8 -3 8 -3 8 -3 7 -3 7 -3 7 -3 0 0 7 -4 6 -4 6 -5 6 -5 6 -5 6 -6 6 -6 6 -7 6 -7 6 -8 6 -8 6 -8 6 -8 7 -8 7 -9 7 -9 7 -9 7 -10 7 -10 7 -10 7 -10 7 -10 7 -10 7 -10 7 -11 7 -11 0 0 0 0 0 0 0 0 0 0
1784740906.474159,53560,-46,11,1,7,1,-95,1,627981554,128,0 0 0 0 0 0 0 0 0 0 0 0 7 -5 8 -5 8 -4 8 -3 8 -3 9 -3 9 -2 9 -2 9 -2 9 -2 9 -2 9 -2 9 -1 10 -1 10 -1 9 0 10 0 9 0 9 0 9 0 9 0 8 0 8 -1 8 -1 8 -1 8 -1 0 0 8 -2 7 -2 8 -2 7 -2 8 -3 8 -3 8 -3 8 -4 8 -4 8 -5 8 -5 8 -6 8 -6 9 -6 9 -6 9 -6 9 -6 9 -7 9 -7 10 -6 10 -7 10 -7 9 -7 10 -7 10 -8 10 -8 0 0 0 0 0 0 0 0 0 0
1784740906.490146,53561,-46,11,1,7,1,-95,1,627991602,128,0 0 0 0 0 0 0 0 0 0 0 0 -3 9 -4 8 -5 8 -5 8 -5 8 -6 8 -6 8 -6 8 -6 8 -7 8 -7 7 -8 7 -8 7 -8 7 -8 7 -8 7 -8 7 -8 7 -8 7 -8 7 -8 7 -8 7 -8 7 -8 6 -8 6 -7 6 0 0 -6 7 -7 7 -6 7 -6 8 -6 7 -5 8 -5 8 -5 9 -5 9 -5 9 -5 9 -5 10 -5 9 -4 10 -4 11 -4 10 -4 11 -4 11 -3 11 -3 11 -3 11 -3 12 -4 12 -4 11 -4 12 -3 12 0 0 0 0 0 0 0 0 0 0
1784740906.492176,53562,-46,11,1,7,1,-95,1,628001571,128,0 0 0 0 0 0 0 0 0 0 0 0 7 6 7 6 6 7 6 8 6 7 5 8 5 8 5 8 5 8 5 8 5 9 4 9 4 9 4 9 4 10 3 10 4 10 3 9 3 10 3 10 3 9 3 9 3 9 3 9 3 9 3 9 0 0 4 9 4 8 4 9 4 8 5 8 5 8 5 8 5 8 5 8 6 8 6 8 6 8 7 7 7 8 7 7 8 8 8 8 8 8 8 7 8 8 8 8 9 8 9 7 8 8 9 8 10 7 0 0 0 0 0 0 0 0 0 0
1784740906.506186,53563,-46,11,1,7,1,-95,1,628011598,128,0 0 0 0 0 0 0 0 0 0 0 0 7 4 7 5 6 6 6 6 6 6 6 7 5 7 5 7 5 8 5 7 5 8 4 8 5 8 4 8 4 8 3 8 3 8 3 8 3 8 3 8 3 8 3 8 4 7 4 7 4 7 4 7 0 0 4 7 4 7 5 7 5 6 5 6 5 6 5 6 6 6 6 6 7 6 7 5 8 5 8 5 8 6 8 6 9 6 8 6 9 6 9 6 9 6 9 6 10 6 10 6 10 6 10 6 10 6 0 0 0 0 0 0 0 0 0 0
1784740906.516426,53564,-46,11,1,7,1,-95,1,628021588,128,0 0 0 0 0 0 0 0 0 0 0 0 6 6 5 6 5 7 4 7 4 8 4 7 3 8 3 8 3 8 2 9 2 9 1 9 1 9 1 9 1 9 1 9 1 8 1 9 1 8 1 8 1 8 1 8 1 9 1 8 1 8 1 8 0 0 2 8 2 8 2 7 3 8 3 7 3 8 3 8 4 8 4 7 5 8 5 8 5 8 5 8 5 8 6 9 6 8 6 9 6 9 7 9 7 9 7 9 7 9 7 10 7 10 7 10 7 10 0 0 0 0 0 0 0 0 0 0
1784740906.526123,53565,-45,11,1,7,1,-95,1,628031653,128,0 0 0 0 0 0 0 0 0 0 0 0 7 3 7 4 7 5 7 5 6 5 6 6 6 6 6 6 6 7 5 7 5 7 5 8 5 8 5 8 5 8 4 8 4 9 4 8 4 9 4 8 4 8 4 9 4 8 4 8 4 8 5 8 0 0 5 8 4 8 5 8 5 8 5 8 5 8 5 8 6 8 6 8 6 8 6 8 7 8 7 8 7 8 7 8 8 8 7 8 8 8 8 8 8 8 8 8 9 8 9 8 9 8 9 8 9 9 0 0 0 0 0 0 0 0 0 0
1784740906.542263,53566,-45,11,1,7,1,-95,1,628041587,128,0 0 0 0 0 0 0 0 0 0 0 0 -1 -9 0 -9 1 -9 1 -9 2 -9 2 -9 2 -9 2 -9 3 -9 2 -9 3 -9 3 -9 3 -9 4 -10 4 -10 4 -9 4 -10 4 -9 4 -10 4 -9 4 -9 5 -9 4 -9 4 -9 4 -9 4 -10 0 0 4 -10 4 -10 4 -10 4 -10 3 -10 3 -10 3 -11 3 -11 3 -11 3 -11 3 -12 2 -12 2 -12 3 -13 2 -12 3 -13 2 -12 2 -13 3 -13 2 -13 2 -13 2 -13 2 -13 2 -13 2 -13 1 -14 0 0 0 0 0 0 0 0 0 0
1784740906.542263,53567,-46,11,1,7,1,-95,1,628051598,128,0 0 0 0 0 0 0 0 0 0 0 0 3 7 2 7 2 8 1 8 1 8 1 8 1 8 1 8 1 9 -1 9 -1 9 -1 9 -1 9 -1 9 -1 9 -1 9 -1 9 -1 9 -1 9 -1 9 0 9 -1 9 -1 9 -1 8 -1 8 -1 9 0 0 0 9 0 9 0 9 1 9 1 9 1 9 1 9 1 10 1 10 2 11 2 10 2 10 2 10 2 11 3 11 3 11 3 12 3 12 3 12 3 12 3 12 4 12 2 12 2 12 2 12 3 12 0 0 0 0 0 0 0 0 0 0
1784740906.553900,53568,-47,11,1,7,1,-95,1,628063987,128,0 0 0 0 0 0 0 0 0 0 0 0 -5 7 -6 6 -6 6 -7 6 -7 6 -7 6 -8 5 -8 5 -8 5 -8 4 -8 4 -9 4 -9 4 -8 4 -8 4 -8 4 -9 4 -8 3 -8 4 -8 4 -8 4 -8 3 -8 4 -7 4 -7 4 -7 4 0 0 -7 5 -7 5 -7 6 -7 6 -7 6 -7 6 -7 6 -7 7 -7 7 -7 8 -7 8 -7 8 -7 8 -7 9 -7 9 -8 9 -8 9 -8 10 -8 10 -8 10 -8 10 -8 10 -8 10 -9 10 -9 10 -8 10 0 0 0 0 0 0 0 0 0 0
1784740906.572045,53569,-47,11,1,7,1,-95,1,628071620,128,0 0 0 0 0 0 0 0 0 0 0 0 7 -4 8 -3 8 -3 8 -2 8 -2 9 -2 8 -2 9 -1 9 -1 9 -1 9 0 9 0 9 0 9 1 9 0 9 1 9 1 8 1 8 1 8 0 8 0 8 0 8 0 8 0 8 0 8 -1 0 0 8 -1 8 -1 8 -2 8 -2 8 -2 8 -3 8 -3 9 -4 9 -3 10 -4 9 -4 10 -4 10 -5 10 -5 10 -5 11 -5 10 -5 11 -5 11 -6 11 -5 11 -6 12 -5 11 -6 11 -6 11 -5 12 -6 0 0 0 0 0 0 0 0 0 0
1784740906.577021,53570,-47,11,1,7,1,-95,1,628081615,128,0 0 0 0 0 0 0 0 0 0 0 0 -3 -8 -3 -9 -2 -9 -2 -9 -2 -9 -2 -9 -1 -9 -1 -9 -1 -9 0 -9 0 -9 0 -10 0 -10 1 -9 0 -10 0 -10 0 -9 0 -9 0 -9 0 -10 0 -9 0 -9 0 -9 0 -9 0 -9 -1 -10 0 0 -1 -10 -1 -10 -2 -10 -2 -10 -2 -10 -2 -10 -3 -10 -3 -11 -3 -11 -3 -11 -3 -11 -3 -11 -3 -11 -4 -11 -5 -12 -5 -12 -4 -12 -4 -13 -5 -13 -5 -13 -5 -13 -5 -13 -4 -13 -4 -13 -4 -13 -4 -13 0 0 0 0 0 0 0 0 0 0
1784740906.588014,53571,-46,11,1,7,1,-95,1,628092076,128,0 0 0 0 0 0 0 0 0 0 0 0 6 5 5 6 5 7 5 7 4 7 4 7 3 7 3 8 3 8 3 7 3 8 3 8 3 8 3 8 3 8 2 8 2 8 2 8 2 8 2 8 2 8 2 8 3 7 3 7 3 7 3 7 0 0 4 7 4 7 4 7 4 7 5 7 5 7 5 7 5 7 5 8 6 7 7 7 7 8 7 8 7 8 7 8 8 9 7 8 8 9 8 9 8 9 8 9 8 10 8 9 8 10 8 10 9 10 0 0 0 0 0 0 0 0 0 0
1784740906.596403,53572,-46,11,1,7,1,-95,1,628101658,128,0 0 0 0 0 0 0 0 0 0 0 0 1 -11 1 -10 2 -11 3 -10 3 -10 3 -10 3 -10 4 -10 4 -9 5 -10 5 -9 5 -9 5 -8 5 -8 5 -8 5 -9 5 -8 5 -8 5 -8 5 -8 4 -8 4 -8 4 -8 4 -8 4 -8 3 -8 0 0 3 -8 3 -9 2 -9 2 -10 2 -9 2 -9 1 -10 1 -10 1 -10 0 -11 1 -11 0 -11 1 -11 0 -11 0 -13 0 -12 0 -14 0 -13 0 -13 0 -14 0 -14 -1 -14 0 -15 0 -15 1 -14 0 -15 0 0 0 0 0 0 0 0 0 0
1784740906.606461,53573,-45,11,1,7,1,-95,1,628111555,128,0 0 0 0 0 0 0 0 0 0 0 0 -10 -5 -9 -6 -9 -7 -9 -7 -9 -7 -8 -8 -8 -8 -8 -8 -8 -9 -7 -9 -7 -9 -7 -9 -6 -9 -6 -9 -6 -9 -6 -9 -6 -9 -6 -9 -6 -9 -6 -8 -6 -8 -6 -8 -5 -8 -6 -8 -6 -7 -6 -7 0 0 -6 -7 -7 -6 -7 -7 -7 -6 -7 -6 -8 -6 -8 -6 -9 -6 -8 -6 -9 -5 -10 -5 -10 -5 -10 -5 -10 -5 -11 -5 -12 -5 -11 -5 -12 -5 -12 -5 -12 -5 -13 -5 -13 -5 -13 -5 -13 -6 -13 -5 -13 -5 0 0 0 0 0 0 0 0 0 0
1784740906.618447,53574,-45,11,1,7,1,-95,1,628121681,128,0 0 0 0 0 0 0 0 0 0 0 0 -9 3 -10 3 -10 2 -11 1 -10 1 -11 0 -11 0 -11 0 -11 -1 -11 -1 -11 -1 -11 -1 -11 -1 -11 -2 -11 -2 -10 -2 -11 -3 -10 -2 -11 -2 -10 -3 -10 -3 -10 -3 -10 -2 -10 -2 -10 -1 -10 -1 0 0 -10 -1 -10 -1 -10 -1 -9 0 -10 0 -9 0 -9 0 -10 1 -10 1 -10 2 -10 2 -10 3 -10 3 -11 3 -10 3 -11 3 -10 3 -11 4 -11 4 -11 4 -11 4 -12 4 -11 5 -11 5 -11 5 -12 5 0 0 0 0 0 0 0 0 0 0
1784740906.626259,53575,-45,11,1,7,1,-95,1,628131602,128,0 0 0 0 0 0 0 0 0 0 0 0 0 8 0 8 -1 9 -2 8 -2 9 -2 8 -2 9 -3 9 -3 9 -3 9 -4 9 -4 9 -5 8 -5 8 -4 8 -5 8 -5 8 -5 9 -5 8 -5 8 -5 8 -5 8 -5 8 -5 8 -5 8 -5 8 0 0 -4 8 -4 8 -4 8 -3 8 -3 8 -3 8 -2 8 -2 9 -2 9 -2 10 -2 9 -2 9 -1 9 -1 10 -1 10 -1 10 -1 11 -1 10 0 11 0 11 0 11 0 11 0 12 0 12 0 12 0 12 0 0 0 0 0 0 0 0 0 0
1784740906.637478,53576,-46,11,1,7,1,-95,1,628143251,128,0 0 0 0 0 0 0 0 0 0 0 0 2 6 2 6 1 7 1 7 1 7 1 7 1 7 1 7 0 7 0 7 0 7 -1 8 -1 8 -1 8 -1 8 -1 8 -1 8 -2 8 -2 8 -1 8 -1 8 -1 7 -1 7 -1 7 -1 7 -1 7 0 0 -1 8 0 8 -1 8 0 8 0 8 0 8 0 8 1 8 1 9 1 9 1 9 1 9 1 9 1 10 1 10 2 10 1 10 2 11 2 11 2 11 2 11 2 11 2 11 2 11 2 12 2 12 0 0 0 0 0 0 0 0 0 0
1784740906.641950,53577,-46,11,1,7,1,-95,1,628151574,128,0 0 0 0 0 0 0 0 0 0 0 0 6 2 6 3 5 3 5 3 5 3 5 4 5 4 5 4 5 4 5 4 5 4 5 4 5 5 5 5 5 5 4 5 4 5 4 5 5 5 4 5 4 5 4 5 5 4 5 5 5 5 5 5 0 0 5 5 5 5 6 5 6 5 6 5 6 5 7 5 7 5 7 5 8 5 8 5 8 5 8 5 9 6 8 6 9 6 8 6 9 6 9 7 9 7 9 6 9 7 9 7 10 7 10 7 10 7 0 0 0 0 0 0 0 0 0 0
1784740906.658864,53578,-46,11,1,7,1,-95,1,628161591,128,0 0 0 0 0 0 0 0 0 0 0 0 6 2 6 2 6 3 6 3 6 3 6 3 6 3 6 3 6 3 6 4 5 4 5 5 5 5 5 4 5 4 5 4 5 4 6 4 5 4 6 4 6 4 6 4 6 4 5 4 6 4 6 4 0 0 6 3 7 3 7 3 8 3 7 3 8 3 8 2 8 3 9 3 10 3 9 3 9 3 9 4 9 3 11 3 10 3 11 4 11 4 11 3 12 3 11 3 12 3 12 4 12 4 12 5 12 4 0 0 0 0 0 0 0 0 0 0
1784740906.674453,53579,-47,11,1,7,1,-95,1,628171557,128,0 0 0 0 0 0 0 0 0 0 0 0 -1 8 -2 8 -2 8 -3 8 -3 8 -4 8 -3 8 -4 8 -4 7 -4 7 -5 7 -5 7 -5 7 -5 7 -5 7 -5 7 -5 7 -5 7 -5 7 -5 7 -4 7 -4 7 -4 7 -4 7 -4 7 -4 7 0 0 -3 7 -3 7 -3 8 -2 8 -2 8 -2 8 -2 9 -2 9 -2 9 -2 10 -2 10 -1 10 -1 10 -1 11 -1 11 -1 12 -1 11 -1 12 -1 12 -1 12 -1 13 -1 13 -1 13 -1 13 -1 13 -1 13 0 0 0 0 0 0 0 0 0 0
1784740906.676545,53580,-46,11,1,7,1,-95,1,628181620,128,0 0 0 0 0 0 0 0 0 0 0 0 -7 5 -8 5 -9 5 -9 4 -9 4 -9 4 -9 3 -9 3 -10 3 -9 3 -10 2 -10 2 -10 2 -10 2 -10 2 -10 2 -10 1 -10 2 -10 2 -9 2 -9 2 -9 1 -9 2 -9 2 -9 2 -9 2 0 0 -8 3 -9 3 -9 3 -8 4 -8 4 -8 5 -8 5 -9 6 -9 6 -9 6 -9 6 -9 7 -9 7 -10 8 -10 7 -10 8 -10 8 -10 8 -10 9 -10 9 -11 9 -11 8 -11 8 -11 8 -11 8 -11 9 0 0 0 0 0 0 0 0 0 0
1784740906.686075,53581,-46,11,1,7,1,-95,1,628191571,128,0 0 0 0 0 0 0 0 0 0 0 0 4 -8 4 -8 5 -8 5 -7 6 -8 5 -7 6 -7 6 -7 6 -7 7 -6 7 -6 7 -6 7 -5 7 -5 7 -6 7 -6 6 -5 7 -5 6 -5 6 -5 6 -5 6 -5 6 -5 6 -5 5 -5 5 -6 0 0 4 -6 4 -7 4 -7 4 -8 4 -8 3 -8 3 -8 3 -9 3 -9 3 -10 3 -10 3 -10 3 -10 3 -10 3 -11 3 -11 3 -12 3 -12 3 -12 3 -13 3 -13 3 -13 4 -13 4 -13 4 -13 3 -13 0 0 0 0 0 0 0 0 0 0
1784740906.692284,53582,-46,11,1,7,1,-95,1,628201650,128,0 0 0 0 0 0 0 0 0 0 0 0 -5 -8 -4 -8 -3 -8 -3 -9 -3 -9 -3 -9 -2 -9 -2 -9 -2 -9 -1 -9 -1 -9 -1 -9 -1 -9 0 -9 -1 -9 0 -9 0 -9 0 -9 0 -9 0 -9 0 -8 0 -8 -1 -8 -1 -8 -1 -8 -1 -8 0 0 -2 -8 -2 -8 -2 -8 -3 -8 -3 -8 -3 -8 -3 -8 -4 -9 -4 -9 -5 -9 -5 -9 -6 -9 -5 -10 -6 -10 -6 -10 -6 -11 -6 -10 -6 -11 -6 -11 -6 -11 -7 -11 -7 -12 -7 -11 -7 -12 -7 -12 -7 -12 0 0 0 0 0 0 0 0 0 0
1784740906.701977,53583,-45,11,1,7,1,-95,1,628211564,128,0 0 0 0 0 0 0 0 0 0 0 0 7 -1 7 0 7 1 7 1 8 1 7 2 8 2 8 2 8 2 8 3 7 3 8 3 7 4 7 4 8 4 7 4 7 4 7 4 7 4 7 4 7 4 7 4 7 4 7 4 7 4 7 3 0 0 7 3 7 3 7 3 7 3 7 2 8 2 8 2 8 2 9 2 9 1 9 2 9 1 10 2 10 1 10 1 10 1 10 2 11 1 11 1 11 1 12 1 12 1 12 1 12 1 12 1 12 1 0 0 0 0 0 0 0 0 0 0
1784740906.717547,53584,-45,11,1,7,1,-95,1,628221587,128,0 0 0 0 0 0 0 0 0 0 0 0 -8 1 -8 0 -8 0 -8 -1 -8 -1 -8 -1 -9 -2 -8 -2 -9 -2 -8 -2 -9 -3 -9 -3 -8 -3 -9 -3 -9 -3 -9 -3 -9 -3 -9 -3 -8 -4 -8 -4 -8 -3 -8 -3 -8 -3 -8 -3 -8 -4 -8 -3 0 0 -8 -3 -9 -2 -8 -2 -9 -2 -9 -2 -9 -1 -9 -1 -10 -1 -10 -1 -10 -1 -10 -1 -11 0 -10 -1 -11 0 -12 0 -12 0 -12 0 -13 0 -12 0 -13 0 -13 0 -13 1 -13 0 -14 0 -13 0 -14 0 0 0 0 0 0 0 0 0 0 0
1784740906.722336,53585,-46,11,1,7,1,-95,1,628231621,128,0 0 0 0 0 0 0 0 0 0 0 0 7 0 8 0 7 1 7 2 7 2 7 2 7 3 7 3 7 3 7 3 7 3 6 4 7 4 6 4 6 4 6 4 6 4 6 4 6 4 6 4 5 4 5 4 5 3 5 3 5 3 5 3 0 0 6 2 6 2 6 2 6 1 7 1 7 1 7 1 8 0 8 1 9 0 9 0 9 0 9 0 10 0 10 0 10 0 10 0 11 0 11 0 11 0 12 0 12 0 12 0 12 0 12 0 13 0 0 0 0 0 0 0 0 0 0 0
1784740906.737325,53586,-45,11,1,7,1,-95,1,628241569,128,0 0 0 0 0 0 0 0 0 0 0 0 -7 -7 -6 -7 -6 -8 -5 -8 -5 -9 -5 -8 -4 -9 -5 -9 -4 -9 -4 -9 -3 -10 -3 -9 -3 -10 -2 -10 -3 -10 -2 -10 -2 -9 -2 -9 -2 -9 -2 -9 -2 -9 -2 -8 -2 -8 -2 -8 -2 -8 -2 -7 0 0 -3 -7 -4 -7 -4 -6 -4 -7 -5 -6 -5 -6 -6 -6 -6 -6 -6 -6 -7 -6 -7 -6 -8 -6 -7 -6 -8 -6 -8 -6 -9 -6 -9 -7 -9 -6 -9 -6 -10 -6 -10 -6 -10 -6 -10 -6 -10 -7 -11 -7 -11 -7 0 0 0 0 0 0 0 0 0 0
1784740906.746328,53587,-45,11,1,7,1,-95,1,628251626,128,0 0 0 0 0 0 0 0 0 0 0 0 -5 7 -6 7 -6 7 -7 7 -7 6 -7 7 -7 6 -8 6 -8 6 -8 6 -9 6 -9 6 -9 5 -9 5 -10 5 -9 5 -10 5 -9 5 -10 4 -9 4 -9 4 -9 4 -9 4 -9 4 -8 4 -8 4 0 0 -8 4 -7 5 -7 5 -7 5 -7 5 -7 6 -6 6 -7 6 -6 7 -6 7 -6 7 -6 8 -6 8 -6 8 -6 9 -6 9 -6 9 -6 9 -6 9 -6 10 -6 10 -6 10 -6 10 -6 10 -6 10 -6 11 0 0 0 0 0 0 0 0 0 0
1784740906.755680,53588,-45,11,1,7,1,-95,1,628261641,128,0 0 0 0 0 0 0 0 0 0 0 0 -9 2 -9 1 -9 1 -9 0 -9 0 -10 0 -10 -1 -10 -1 -10 -1 -10 -1 -10 -1 -10 -2 -10 -2 -10 -2 -10 -2 -10 -3 -10 -3 -10 -3 -10 -3 -10 -3 -10 -3 -10 -3 -10 -3 -10 -3 -10 -2 -10 -3 0 0 -10 -2 -10 -2 -10 -2 -10 -1 -10 -1 -10 -1 -10 0 -11 0 -11 0 -11 0 -11 1 -12 1 -12 1 -12 1 -12 1 -13 1 -12 1 -13 2 -13 2 -13 2 -13 2 -14 2 -13 3 -13 2 -13 2 -14 2 0 0 0 0 0 0 0 0 0 0
1784740906.767751,53589,-46,11,1,7,1,-95,1,628271605,128,0 0 0 0 0 0 0 0 0 0 0 0 -1 -8 0 -9 1 -9 1 -9 1 -9 1 -9 1 -9 2 -9 2 -9 2 -9 3 -9 3 -9 3 -9 3 -9 3 -9 4 -9 4 -9 4 -9 4 -9 4 -9 4 -9 3 -9 4 -9 4 -8 4 -9 3 -9 0 0 3 -9 2 -9 2 -9 2 -10 2 -10 1 -10 1 -10 1 -11 1 -11 1 -12 1 -11 0 -11 0 -12 0 -12 0 -13 0 -13 0 -13 0 -14 0 -13 0 -14 0 -14 0 -14 0 -14 1 -14 0 -14 0 -14 0 0 0 0 0 0 0 0 0 0
1784740906.772390,53590,-46,11,1,7,1,-95,1,628281556,128,0 0 0 0 0 0 0 0 0 0 0 0 5 6 4 7 4 7 4 7 3 7 3 8 3 8 3 8 3 8 3 8 2 9 2 9 2 9 2 9 1 10 1 10 1 10 1 10 1 9 1 9 1 9 1 9 1 9 1 9 1 8 1 8 0 0 2 8 2 8 2 8 3 8 3 8 3 8 3 8 4 8 4 8 5 8 5 8 5 9 6 9 6 9 6 9 6 9 6 9 7 9 7 10 7 10 7 10 8 10 7 10 7 10 7 10 8 11 0 0 0 0 0 0 0 0 0 0
1784740906.781977,53591,-46,11,1,7,1,-95,1,628291655,128,0 0 0 0 0 0 0 0 0 0 0 0 -9 2 -9 1 -9 1 -10 0 -10 0 -10 0 -10 0 -10 0 -10 -1 -10 0 -11 -1 -11 -1 -11 -1 -11 -2 -12 -2 -11 -3 -12 -3 -11 -3 -12 -3 -11 -3 -11 -3 -11 -4 -11 -3 -11 -3 -11 -3 -11 -2 0 0 -11 -2 -10 -2 -11 -2 -10 -1 -10 -1 -11 -1 -11 0 -11 0 -11 0 -11 1 -11 1 -12 2 -12 2 -13 2 -13 2 -13 2 -13 2 -14 2 -14 2 -14 3 -14 3 -14 2 -14 3 -14 3 -14 3 -15 3 0 0 0 0 0 0 0 0 0 0
1784740906.798356,53592,-46,11,1,7,1,-95,1,628302299,128,0 0 0 0 0 0 0 0 0 0 0 0 6 -4 7 -4 7 -4 7 -4 7 -3 8 -3 8 -3 8 -3 9 -3 9 -3 9 -2 9 -2 10 -2 10 -2 10 -2 10 -1 11 -1 10 -1 11 -1 11 -1 11 -1 10 -1 10 0 10 0 10 0 10 -1 0 0 10 -1 9 -1 10 -1 9 -2 10 -2 10 -3 9 -3 10 -3 9 -4 10 -4 10 -4 10 -5 10 -4 11 -5 10 -6 11 -6 11 -6 11 -6 11 -6 11 -7 11 -7 11 -7 12 -7 13 -7 12 -7 12 -7 0 0 0 0 0 0 0 0 0 0
1784740906.806249,53593,-46,11,1,7,1,-95,1,628311564,128,0 0 0 0 0 0 0 0 0 0 0 0 -5 -5 -5 -6 -5 -6 -5 -7 -5 -7 -5 -7 -5 -7 -5 -8 -5 -8 -5 -8 -5 -9 -5 -9 -4 -9 -4 -10 -4 -10 -4 -10 -4 -11 -4 -11 -4 -11 -3 -11 -3 -11 -3 -11 -3 -11 -3 -10 -3 -11 -3 -11 0 0 -3 -11 -3 -10 -3 -10 -4 -10 -4 -10 -4 -10 -4 -10 -5 -10 -5 -10 -6 -10 -6 -10 -6 -10 -6 -10 -7 -11 -7 -10 -7 -11 -7 -11 -8 -11 -8 -11 -8 -11 -8 -11 -9 -12 -8 -11 -8 -12 -9 -12 -9 -12 0 0 0 0 0 0 0 0 0 0
1784740906.815897,53594,-47,11,1,7,1,-95,1,628321604,128,0 0 0 0 0 0 0 0 0 0 0 0 0 -6 1 -7 1 -7 1 -7 2 -7 2 -7 2 -7 2 -8 3 -7 2 -8 2 -8 3 -8 3 -9 3 -9 4 -9 5 -9 5 -9 5 -9 5 -9 6 -9 6 -9 6 -9 5 -9 5 -9 6 -9 6 -9 0 0 6 -9 6 -9 6 -9 6 -9 6 -9 6 -9 6 -9 6 -10 6 -10 5 -10 5 -11 5 -11 5 -11 5 -11 5 -11 6 -12 5 -11 5 -12 6 -12 6 -12 6 -13 6 -12 5 -13 5 -13 5 -13 6 -13 0 0 0 0 0 0 0 0 0 0
1784740906.821814,53595,-47,11,1,7,1,-95,1,628331586,128,0 0 0 0 0 0 0 0 0 0 0 0 -7 -3 -6 -3 -7 -4 -6 -4 -7 -4 -6 -4 -7 -5 -7 -5 -7 -5 -7 -5 -7 -5 -7 -6 -7 -6 -7 -6 -7 -6 -8 -7 -7 -6 -8 -7 -7 -7 -8 -7 -8 -7 -8 -7 -8 -8 -7 -7 -7 -7 -7 -7 0 0 -8 -7 -8 -7 -8 -7 -9 -7 -9 -7 -9 -7 -9 -7 -10 -7 -9 -7 -10 -7 -10 -7 -10 -7 -11 -7 -10 -7 -12 -7 -11 -6 -12 -7 -11 -7 -12 -7 -12 -7 -12 -7 -12 -7 -13 -8 -12 -8 -12 -8 -12 -7 0 0 0 0 0 0 0 0 0 0
1784740906.833946,53596,-47,11,1,7,1,-95,1,628341628,128,0 0 0 0 0 0 0 0 0 0 0 0 -8 -2 -8 -2 -8 -3 -8 -3 -8 -3 -8 -3 -8 -3 -9 -4 -8 -4 -8 -4 -9 -4 -9 -4 -9 -4 -9 -4 -9 -5 -9 -5 -9 -5 -9 -5 -9 -5 -9 -5 -9 -6 -9 -6 -9 -5 -9 -5 -9 -5 -9 -5 0 0 -9 -5 -9 -5 -9 -5 -9 -5 -10 -4 -10 -4 -10 -4 -11 -4 -11 -4 -11 -3 -11 -4 -12 -3 -12 -3 -13 -3 -12 -4 -13 -4 -12 -3 -13 -3 -14 -3 -14 -3 -14 -3 -14 -4 -14 -3 -14 -4 -14 -4 -14 -4 0 0 0 0 0 0 0 0 0 0
1784740906.852197,53597,-46,11,1,7,1,-95,1,628351584,128,0 0 0 0 0 0 0 0 0 0 0 0 -9 -4 -8 -4 -8 -5 -8 -6 -8 -6 -8 -6 -8 -6 -8 -6 -7 -7 -8 -7 -8 -7 -8 -7 -7 -7 -7 -8 -8 -8 -7 -8 -7 -8 -7 -8 -7 -8 -7 -8 -7 -8 -7 -8 -7 -8 -7 -8 -7 -8 -7 -8 0 0 -7 -8 -7 -8 -7 -8 -8 -7 -8 -7 -8 -7 -8 -7 -9 -7 -9 -7 -10 -6 -10 -7 -11 -6 -10 -7 -11 -7 -11 -7 -12 -7 -11 -7 -12 -7 -12 -7 -12 -7 -13 -7 -13 -8 -13 -7 -13 -8 -13 -8 -13 -8 0 0 0 0 0 0 0 0 0 0
1784740906.856086,53598,-47,11,1,7,1,-95,1,628361544,128,0 0 0 0 0 0 0 0 0 0 0 0 3 7 3 7 2 8 2 8 1 8 1 8 1 8 1 8 1 8 0 8 0 8 0 9 -1 9 -1 8 0 8 -1 9 -1 9 -1 9 -1 9 -1 9 -1 9 -1 9 -1 9 -1 8 -1 8 -1 8 0 0 0 8 0 8 0 8 1 9 1 9 1 8 2 8 2 9 2 9 3 9 3 10 3 10 3 9 3 10 4 10 4 11 4 11 4 11 5 11 5 12 5 12 5 12 5 12 4 12 4 12 4 13 0 0 0 0 0 0 0 0 0 0
1784740906.866652,53599,-47,11,1,7,1,-95,1,628371518,128,0 0 0 0 0 0 0 0 0 0 0 0 -2 -9 -1 -9 -1 -9 0 -10 0 -10 0 -10 1 -10 1 -10 1 -10 1 -10 1 -10 2 -10 2 -10 2 -10 2 -10 3 -10 3 -10 3 -10 3 -10 3 -10 3 -10 3 -9 2 -9 3 -9 3 -9 2 -9 0 0 2 -9 2 -9 1 -9 1 -9 1 -9 1 -9 0 -10 0 -10 0 -10 -1 -10 -1 -11 -1 -11 -1 -11 -1 -12 -1 -12 -1 -12 -1 -12 -2 -12 -2 -13 -2 -13 -1 -13 -2 -14 -2 -13 -2 -13 -2 -14 -2 -14 0 0 0 0 0 0 0 0 0 0
1784740906.878232,53600,-47,11,1,7,1,-95,1,628381524,128,0 0 0 0 0 0 0 0 0 0 0 0 -4 -11 -3 -11 -2 -11 -1 -11 -1 -12 -1 -12 0 -12 0 -12 0 -12 1 -12 1 -12 2 -12 2 -12 2 -12 2 -11 2 -11 2 -11 2 -11 2 -11 2 -11 2 -10 2 -11 2 -10 2 -10 2 -10 1 -9 0 0 1 -9 0 -9 0 -9 -1 -9 -1 -9 -1 -9 -2 -9 -2 -10 -3 -9 -3 -10 -4 -10 -4 -10 -4 -10 -4 -10 -6 -11 -5 -10 -5 -11 -6 -11 -6 -11 -7 -12 -6 -12 -6 -11 -6 -12 -6 -12 -6 -12 -6 -12 0 0 0 0 0 0 0 0 0 0
1784740906.885870,53601,-47,11,1,7,1,-95,1,628391538,128,0 0 0 0 0 0 0 0 0 0 0 0 10 -5 11 -4 11 -3 12 -3 11 -2 12 -2 12 -1 12 -1 12 -1 12 0 12 0 12 0 12 1 12 1 12 1 12 2 12 2 11 1 12 2 11 2 11 2 10 2 10 1 10 1 10 1 10 1 0 0 9 0 9 0 9 -1 8 -1 8 -2 8 -2 8 -3 8 -4 8 -4 8 -5 8 -5 8 -6 8 -6 8 -6 8 -7 9 -7 8 -7 9 -8 9 -8 9 -8 8 -8 9 -8 8 -8 8 -9 8 -9 9 -9 0 0 0 0 0 0 0 0 0 0
1784740906.894326,53602,-47,11,1,7,1,-95,1,628401539,128,0 0 0 0 0 0 0 0 0 0 0 0 -3 10 -4 10 -5 9 -6 9 -6 9 -7 9 -7 9 -8 9 -8 9 -8 9 -8 9 -8 9 -9 9 -9 8 -9 8 -10 7 -10 8 -10 7 -10 7 -10 7 -10 7 -10 6 -9 6 -9 6 -8 6 -8 7 0 0 -8 6 -7 6 -7 6 -6 7 -6 7 -6 7 -6 7 -5 8 -5 8 -4 9 -4 9 -4 9 -4 10 -4 10 -4 10 -4 11 -3 10 -3 11 -4 11 -4 11 -3 12 -4 12 -3 12 -3 12 -3 12 -3 13 0 0 0 0 0 0 0 0 0 0
1784740906.901988,53603,-49,11,1,7,1,-95,1,628411617,128,0 0 0 0 0 0 0 0 0 0 0 0 -3 8 -4 8 -4 8 -5 8 -5 8 -5 8 -5 8 -6 8 -6 8 -6 8 -7 7 -7 7 -7 7 -7 7 -7 7 -8 7 -7 7 -8 7 -7 7 -7 7 -7 7 -7 7 -7 7 -7 6 -7 6 -6 6 0 0 -6 7 -5 7 -5 7 -5 8 -4 7 -4 8 -3 8 -4 9 -3 9 -3 10 -3 10 -3 10 -3 10 -3 10 -3 12 -2 12 -3 12 -3 12 -2 12 -2 13 -2 13 -2 13 -3 14 -3 13 -3 13 -3 13 0 0 0 0 0 0 0 0 0 0
1784740906.914165,53604,-49,11,1,7,1,-95,1,628423097,128,0 0 0 0 0 0 0 0 0 0 0 0 2 9 2 9 1 10 0 10 0 9 0 10 0 9 0 10 -1 10 -1 10 -1 10 -1 10 -2 10 -2 10 -2 10 -2 10 -2 10 -2 10 -2 10 -3 9 -2 9 -2 9 -2 9 -2 9 -2 9 -1 8 0 0 -1 9 0 8 0 8 0 8 1 8 1 8 2 8 3 8 2 9 3 9 4 9 4 9 4 10 5 10 5 10 5 11 5 10 5 11 5 11 6 11 6 11 6 12 6 12 6 12 6 12 6 12 0 0 0 0 0 0 0 0 0 0
1784740906.921960,53605,-49,11,1,7,1,-95,1,628431777,128,0 0 0 0 0 0 0 0 0 0 0 0 8 -6 9 -5 9 -4 9 -4 9 -3 10 -4 9 -3 10 -3 10 -2 10 -3 10 -3 10 -2 10 -2 10 -2 10 -1 10 0 11 -1 10 -1 10 0 10 0 10 0 9 0 9 -1 9 -1 8 -1 9 -1 0 0 8 -1 8 -2 8 -2 7 -2 7 -3 8 -3 8 -3 7 -4 8 -4 7 -5 7 -6 7 -6 8 -6 8 -7 8 -7 9 -7 8 -7 9 -8 9 -7 9 -8 10 -8 10 -8 9 -8 9 -8 10 -9 10 -8 0 0 0 0 0 0 0 0 0 0
1784740906.936119,53606,-48,11,1,7,1,-95,1,628441545,128,0 0 0 0 0 0 0 0 0 0 0 0 -6 6 -6 6 -7 6 -7 5 -8 5 -7 5 -8 5 -8 4 -8 5 -9 4 -8 4 -9 4 -9 3 -9 4 -9 4 -9 4 -9 3 -9 4 -9 3 -9 3 -9 4 -8 4 -8 4 -8 3 -8 3 -8 4 0 0 -7 4 -7 5 -7 4 -7 6 -6 5 -6 6 -6 6 -7 7 -6 7 -7 8 -6 8 -6 8 -6 8 -6 8 -6 10 -6 9 -7 10 -7 10 -7 10 -7 11 -7 11 -7 11 -8 11 -8 11 -8 11 -8 11 0 0 0 0 0 0 0 0 0 0
1784740906.948308,53607,-48,11,1,7,1,-95,1,628451631,128,0 0 0 0 0 0 0 0 0 0 0 0 -7 -3 -7 -4 -6 -4 -6 -4 -6 -5 -6 -5 -6 -5 -6 -5 -6 -5 -6 -5 -6 -5 -6 -5 -6 -5 -6 -6 -6 -6 -6 -6 -6 -6 -6 -6 -6 -6 -6 -6 -6 -6 -6 -6 -6 -6 -6 -6 -6 -6 -7 -6 0 0 -7 -6 -7 -6 -7 -6 -7 -5 -7 -5 -8 -5 -8 -5 -8 -5 -9 -5 -9 -5 -9 -5 -10 -5 -10 -5 -11 -6 -10 -6 -11 -6 -11 -6 -11 -6 -12 -6 -12 -6 -12 -7 -12 -7 -12 -7 -12 -8 -13 -8 -13 -8 0 0 0 0 0 0 0 0 0 0
1784740906.956033,53608,-48,11,1,7,1,-95,1,628461591,128,0 0 0 0 0 0 0 0 0 0 0 0 -2 5 -3 5 -3 4 -3 4 -3 4 -3 4 -3 4 -3 4 -3 4 -3 4 -3 5 -3 5 -3 5 -3 5 -3 5 -4 5 -4 5 -4 5 -4 5 -3 5 -3 5 -3 5 -3 5 -3 5 -3 5 -3 6 0 0 -3 6 -3 7 -3 7 -3 7 -2 7 -2 8 -3 8 -2 8 -3 9 -2 9 -2 10 -2 10 -2 10 -2 10 -3 11 -3 11 -3 11 -3 12 -3 12 -4 12 -4 12 -4 13 -4 12 -4 13 -4 13 -5 14 0 0 0 0 0 0 0 0 0 0
1784740906.966064,53609,-48,11,1,7,1,-95,1,628473612,128,0 0 0 0 0 0 0 0 0 0 0 0 4 -1 4 -1 4 -1 4 -1 4 -1 4 -1 4 -1 4 -1 4 -1 4 -1 4 -1 4 -2 4 -2 4 -2 4 -2 5 -2 5 -2 5 -2 5 -2 5 -2 5 -3 5 -3 5 -3 6 -3 6 -3 6 -4 0 0 7 -4 7 -4 7 -4 7 -4 7 -5 8 -5 7 -5 8 -5 9 -5 8 -6 8 -6 9 -6 9 -6 10 -6 10 -6 11 -6 10 -6 11 -6 11 -7 11 -6 12 -6 12 -6 11 -6 12 -7 12 -7 13 -7 0 0 0 0 0 0 0 0 0 0
1784740906.977367,53610,-48,11,1,7,1,-95,1,628481615,128,0 0 0 0 0 0 0 0 0 0 0 0 2 3 2 3 2 3 2 3 2 3 2 3 2 3 2 3 2 3 2 3 2 3 3 3 3 3 3 3 3 3 4 4 4 3 4 4 4 4 4 4 4 4 4 4 5 4 5 5 5 5 5 5 0 0 5 5 6 5 6 5 6 5 6 5 6 5 6 6 7 6 7 6 7 6 7 6 8 6 8 7 8 7 8 7 8 7 8 7 8 7 8 8 9 8 9 8 9 9 9 8 9 8 9 9 9 9 0 0 0 0 0 0 0 0 0 0
1784740906.982223,53611,-48,11,1,7,1,-95,1,628491578,128,0 0 0 0 0 0 0 0 0 0 0 0 -4 -4 -4 -4 -4 -4 -4 -4 -3 -4 -4 -4 -4 -4 -4 -4 -4 -4 -4 -4 -4 -4 -4 -4 -4 -5 -5 -5 -5 -5 -5 -5 -5 -5 -5 -5 -6 -6 -6 -6 -6 -6 -6 -6 -6 -6 -6 -6 -6 -6 -6 -7 0 0 -7 -7 -7 -7 -7 -8 -7 -7 -7 -8 -7 -8 -7 -8 -8 -8 -8 -8 -8 -8 -8 -9 -8 -9 -8 -9 -8 -9 -8 -9 -9 -10 -8 -10 -9 -10 -9 -10 -9 -10 -9 -10 -9 -10 -9 -10 -9 -11 -9 -11 -10 -11 0 0 0 0 0 0 0 0 0 0
1784740906.993514,53612,-47,11,1,7,1,-95,1,628501650,128,0 0 0 0 0 0 0 0 0 0 0 0 1 4 1 4 0 4 0 4 0 4 0 4 1 4 1 4 1 5 0 5 1 5 1 5 1 6 1 6 1 6 1 6 2 6 2 7 1 7 1 7 2 8 1 7 1 8 1 8 1 8 1 9 0 0 1 9 2 9 1 9 2 10 1 9 1 10 2 10 2 10 2 10 2 11 2 11 2 11 2 11 2 11 3 12 3 11 3 12 2 12 3 12 3 12 3 12 3 12 2 13 2 13 2 13 2 13 0 0 0 0 0 0 0 0 0 0
1784740907.002234,53613,-47,11,1,7,1,-95,1,628511555,128,0 0 0 0 0 0 0 0 0 0 0 0 -3 5 -3 5 -4 5 -4 5 -4 4 -4 5 -4 5 -4 5 -5 5 -4 5 -5 5 -5 5 -5 5 -6 6 -6 6 -6 6 -6 6 -6 6 -7 6 -7 6 -7 6 -7 6 -7 6 -7 6 -8 6 -8 7 0 0 -8 7 -8 7 -9 7 -8 7 -8 7 -9 7 -8 7 -9 7 -9 7 -9 8 -9 8 -8 8 -9 8 -9 8 -9 8 -9 8 -9 8 -9 9 -9 9 -9 9 -9 9 -9 9 -9 9 -9 9 -9 9 -10 10 0 0 0 0 0 0 0 0 0 0
1784740907.022064,53614,-46,11,1,7,1,-95,1,628521570,128,0 0 0 0 0 0 0 0 0 0 0 0 -6 -5 -6 -6 -5 -6 -5 -6 -5 -6 -5 -7 -5 -7 -5 -7 -5 -7 -5 -8 -5 -8 -5 -8 -4 -8 -4 -9 -5 -9 -4 -9 -5 -9 -4 -10 -5 -10 -5 -10 -5 -10 -5 -10 -4 -10 -4 -11 -4 -10 -4 -11 0 0 -4 -11 -4 -11 -4 -11 -5 -11 -5 -11 -5 -11 -5 -11 -5 -11 -5 -11 -6 -11 -5 -11 -6 -11 -5 -11 -6 -11 -6 -11 -6 -12 -6 -11 -6 -12 -7 -11 -7 -12 -7 -11 -7 -12 -7 -12 -7 -12 -7 -12 -7 -12 0 0 0 0 0 0 0 0 0 0
1784740907.026500,53615,-46,11,1,7,1,-95,1,628531688,128,0 0 0 0 0 0 0 0 0 0 0 0 -6 6 -6 5 -6 5 -7 5 -7 5 -7 5 -8 5 -8 5 -8 5 -9 5 -9 4 -9 4 -9 4 -9 4 -10 4 -10 4 -10 4 -10 4 -10 4 -10 4 -10 4 -10 4 -11 4 -11 4 -10 4 -11 4 0 0 -11 4 -11 4 -11 4 -11 5 -10 5 -11 5 -10 5 -11 5 -11 5 -11 6 -11 6 -10 6 -11 6 -11 6 -11 7 -11 7 -11 7 -11 7 -11 7 -11 8 -11 7 -11 8 -11 7 -11 7 -11 7 -11 7 0 0 0 0 0 0 0 0 0 0
1784740907.036454,53616,-46,11,1,7,1,-95,1,628541644,128,0 0 0 0 0 0 0 0 0 0 0 0 -6 6 -7 6 -7 5 -8 5 -8 5 -8 5 -8 5 -9 5 -9 4 -9 4 -9 5 -10 4 -10 4 -10 4 -11 4 -11 4 -11 4 -11 4 -11 4 -11 3 -11 4 -11 3 -11 4 -11 4 -11 3 -11 4 0 0 -11 4 -11 4 -11 4 -11 4 -11 4 -11 4 -11 4 -11 5 -11 4 -11 5 -11 5 -10 6 -11 6 -11 6 -10 6 -11 6 -10 6 -11 7 -11 7 -11 7 -11 7 -11 7 -10 7 -11 8 -10 8 -11 8 0 0 0 0 0 0 0 0 0 0
1784740907.046172,53617,-47,11,1,7,1,-95,1,628552919,128,0 0 0 0 0 0 0 0 0 0 0 0 1 8 1 8 0 8 0 9 0 9 0 9 -1 9 -1 10 -1 10 -2 10 -2 10 -3 10 -3 10 -3 10 -3 11 -3 11 -4 11 -3 10 -4 11 -4 11 -4 11 -4 11 -4 11 -4 10 -4 11 -4 10 0 0 -3 11 -3 10 -4 11 -3 10 -3 10 -3 11 -2 11 -2 11 -2 11 -1 11 -2 11 -1 11 -1 11 -1 11 -1 11 -1 12 -1 11 0 12 0 11 1 12 1 12 1 12 1 11 1 12 1 12 1 12 0 0 0 0 0 0 0 0 0 0
1784740907.056406,53618,-48,11,1,7,1,-95,1,628561573,128,0 0 0 0 0 0 0 0 0 0 0 0 5 5 5 6 5 7 5 7 4 7 5 8 4 8 4 8 4 8 4 9 4 9 3 9 3 10 3 10 3 10 2 10 3 11 2 11 3 11 2 10 2 11 2 10 2 10 2 10 2 10 2 10 0 0 3 10 3 10 3 10 3 10 3 10 3 10 4 10 4 10 4 10 5 10 5 10 5 10 5 10 5 10 6 10 6 10 6 10 6 10 6 10 7 10 6 10 7 10 7 10 7 10 7 9 7 9 0 0 0 0 0 0 0 0 0 0
1784740907.065753,53619,-50,11,1,7,1,-95,1,628571536,128,0 0 0 0 0 0 0 0 0 0 0 0 -7 -3 -7 -4 -7 -4 -7 -5 -7 -5 -8 -5 -7 -6 -8 -6 -7 -7 -8 -6 -8 -7 -8 -7 -7 -8 -7 -8 -8 -8 -7 -8 -7 -9 -7 -8 -7 -8 -7 -9 -7 -8 -7 -9 -7 -8 -7 -8 -8 -8 -8 -8 0 0 -8 -8 -8 -8 -8 -9 -9 -8 -9 -8 -9 -8 -9 -8 -10 -8 -10 -9 -10 -8 -10 -8 -11 -8 -11 -9 -11 -9 -11 -9 -11 -9 -11 -9 -11 -9 -11 -9 -11 -9 -11 -9 -11 -9 -11 -9 -11 -9 -11 -9 -11 -9 0 0 0 0 0 0 0 0 0 0
1784740907.072518,53620,-52,11,1,7,1,-95,1,628581519,128,0 0 0 0 0 0 0 0 0 0 0 0 -7 -3 -8 -3 -8 -3 -8 -3 -8 -4 -8 -4 -8 -4 -9 -4 -9 -4 -9 -5 -9 -5 -9 -6 -9 -6 -9 -6 -9 -6 -9 -6 -9 -6 -9 -6 -9 -6 -9 -6 -10 -6 -9 -6 -10 -6 -10 -6 -10 -6 -10 -6 0 0 -11 -6 -11 -5 -11 -5 -12 -5 -12 -5 -12 -5 -12 -5 -13 -5 -13 -5 -14 -5 -14 -6 -14 -6 -13 -6 -14 -6 -14 -5 -14 -5 -14 -6 -15 -6 -14 -5 -15 -5 -14 -6 -15 -5 -14 -6 -14 -6 -14 -6 -14 -6 0 0 0 0 0 0 0 0 0 0
1784740907.094115,53621,-53,11,1,7,1,-95,1,628591668,128,0 0 0 0 0 0 0 0 0 0 0 0 2 -6 3 -6 2 -6 3 -6 3 -6 3 -6 3 -6 3 -7 4 -7 4 -7 4 -7 4 -7 5 -7 4 -7 5 -8 5 -7 5 -8 4 -8 5 -8 4 -8 4 -8 4 -9 4 -9 4 -9 4 -9 4 -10 0 0 4 -11 5 -11 5 -11 4 -11 5 -12 5 -12 5 -12 5 -13 5 -13 5 -13 6 -14 5 -14 6 -14 6 -14 5 -14 6 -15 6 -14 6 -15 6 -14 6 -15 6 -15 6 -15 6 -14 7 -14 6 -14 7 -14 0 0 0 0 0 0 0 0 0 0
1784740907.096249,53622,-52,11,1,7,1,-95,1,628601791,128,0 0 0 0 0 0 0 0 0 0 0 0 3 1 3 1 3 2 3 2 4 2 4 2 4 3 4 3 4 3 4 3 4 3 5 3 5 3 5 3 5 4 5 4 6 4 6 4 6 4 6 4 7 4 7 4 7 4 8 5 8 5 8 5 0 0 9 6 9 6 9 7 9 7 10 7 10 7 10 8 10 8 10 9 11 8 11 8 11 8 11 9 11 9 11 9 11 10 11 9 11 9 11 10 11 10 11 9 11 10 11 9 11 9 11 9 11 10 0 0 0 0 0 0 0 0 0 0
1784740907.105591,53623,-53,11,1,6,1,-95,1,628614098,128,0 0 0 0 0 0 0 0 0 0 0 0 0 3 0 3 0 3 -1 3 -1 3 -1 3 -1 4 -1 3 -1 4 -1 4 -1 4 -1 4 -2 5 -1 5 -1 5 -2 5 -1 6 -2 6 -2 6 -2 7 -2 7 -2 7 -3 8 -2 8 -3 8 -3 9 0 0 -3 9 -3 10 -3 9 -4 10 -4 10 -4 10 -4 10 -4 10 -4 11 -5 12 -5 11 -5 11 -5 11 -5 11 -5 13 -4 12 -5 12 -5 12 -5 12 -5 13 -5 13 -4 13 -5 13 -6 13 -5 13 -5 13 0 0 0 0 0 0 0 0 0 0
1784740907.112211,53624,-54,11,1,7,1,-95,1,628621722,128,0 0 0 0 0 0 0 0 0 0 0 0 -1 -2 -1 -2 -1 -2 -1 -2 -1 -2 -1 -3 -1 -3 -1 -3 -1 -3 -1 -3 -1 -3 -1 -3 0 -3 0 -4 -1 -4 0 -4 0 -4 -1 -4 -1 -4 0 -5 -1 -5 -1 -5 -1 -5 -1 -6 0 -6 0 -7 0 0 0 -7 0 -7 0 -8 0 -8 0 -8 0 -9 0 -9 0 -9 1 -10 0 -10 1 -10 1 -11 1 -11 1 -11 1 -11 1 -12 1 -11 1 -12 1 -12 1 -12 1 -13 1 -13 1 -13 1 -13 1 -14 1 -14 0 0 0 0 0 0 0 0 0 0
1784740907.122170,53625,-57,11,1,6,1,-95,1,628634188,128,0 0 0 0 0 0 0 0 0 0 0 0 0 0 0 -1 0 -1 0 -1 1 -1 1 -1 1 -1 1 -1 1 -1 1 -1 1 0 1 0 1 0 1 0 1 0 1 0 1 -1 1 -1 1 -1 1 -1 1 -1 1 -1 1 -2 1 -2 1 -2 1 -3 0 0 1 -3 1 -3 1 -4 2 -4 2 -4 2 -5 2 -5 2 -5 3 -6 3 -6 3 -6 3 -6 3 -6 3 -7 4 -8 4 -8 4 -8 5 -8 4 -8 4 -9 5 -9 5 -9 5 -9 6 -10 6 -10 6 -10 0 0 0 0 0 0 0 0 0 0
1784740907.136092,53626,-56,11,1,7,1,-95,1,628641721,128,0 0 0 0 0 0 0 0 0 0 0 0 -1 -2 -1 -2 -1 -2 -1 -2 -1 -3 -1 -3 0 -3 0 -3 0 -3 0 -3 0 -3 0 -3 0 -3 1 -3 0 -3 1 -3 1 -3 1 -3 1 -3 0 -3 0 -3 0 -3 0 -3 0 -3 0 -4 0 -4 0 0 -1 -4 -1 -4 -1 -5 -1 -5 -1 -5 -1 -6 -1 -6 -2 -6 -2 -6 -2 -7 -2 -7 -2 -7 -2 -7 -2 -8 -2 -8 -3 -8 -2 -9 -2 -9 -2 -10 -3 -10 -2 -10 -3 -10 -2 -11 -2 -11 -2 -11 -3 -11 0 0 0 0 0 0 0 0 0 0
1784740907.147001,53627,-54,11,1,7,1,-95,1,628651526,128,0 0 0 0 0 0 0 0 0 0 0 0 1 1 1 2 1 2 1 2 1 2 1 3 1 3 1 3 0 3 0 3 0 3 0 3 0 3 0 3 0 4 -1 3 -1 4 -1 3 -1 4 0 3 0 4 0 4 0 4 0 4 0 4 0 4 0 0 0 5 0 5 0 5 0 5 1 5 1 5 1 6 1 6 1 6 2 6 2 7 2 7 2 7 2 8 2 7 2 9 2 8 2 9 2 9 2 9 3 9 2 10 3 10 2 10 3 11 3 11 0 0 0 0 0 0 0 0 0 0
1784740907.157181,53628,-53,11,1,7,1,-95,1,628661564,128,0 0 0 0 0 0 0 0 0 0 0 0 -3 0 -3 0 -3 0 -3 -1 -3 -1 -4 -1 -4 -1 -4 -1 -4 -1 -4 -1 -4 -1 -4 -1 -4 -2 -4 -2 -4 -2 -4 -2 -4 -2 -4 -2 -4 -2 -4 -1 -5 -1 -5 -1 -5 -1 -5 -1 -5 -1 -6 -1 0 0 -6 -1 -6 -1 -6 -1 -7 -1 -7 -1 -7 -1 -7 -1 -8 0 -8 -1 -9 0 -9 0 -9 0 -9 0 -10 0 -10 0 -11 0 -11 -1 -11 0 -12 0 -12 0 -12 0 -13 0 -13 0 -13 -1 -13 -1 -14 -1 0 0 0 0 0 0 0 0 0 0
1784740907.167197,53629,-54,11,1,7,1,-95,1,628671579,128,0 0 0 0 0 0 0 0 0 0 0 0 0 -3 0 -3 0 -3 1 -3 1 -3 1 -3 1 -3 1 -3 1 -3 1 -3 1 -3 1 -3 1 -3 1 -3 1 -3 1 -3 1 -4 1 -4 0 -4 0 -4 0 -5 0 -5 0 -5 0 -5 0 -6 0 -6 0 0 0 -7 0 -7 0 -7 0 -8 0 -8 0 -8 0 -9 0 -9 0 -9 0 -10 0 -10 0 -11 0 -11 0 -11 0 -12 0 -12 0 -12 0 -13 -1 -13 -1 -14 -1 -14 -1 -14 0 -15 0 -15 0 -15 0 -16 0 0 0 0 0 0 0 0 0 0
1784740907.175754,53630,-54,11,1,7,1,-95,1,628681631,128,0 0 0 0 0 0 0 0 0 0 0 0 2 -1 2 -1 2 -1 2 -1 2 -1 2 -1 2 -1 1 -1 2 -1 1 -1 2 -1 2 -1 2 -1 2 -2 2 -2 2 -2 2 -2 2 -2 2 -3 2 -3 3 -4 4 -3 3 -4 4 -4 4 -4 5 -5 0 0 5 -5 6 -5 6 -5 6 -5 6 -6 7 -6 7 -5 8 -6 8 -6 8 -7 8 -7 8 -7 9 -8 9 -8 10 -7 10 -8 10 -8 11 -9 11 -9 11 -9 12 -9 13 -9 11 -9 12 -10 12 -10 13 -10 0 0 0 0 0 0 0 0 0 0
1784740907.186209,53631,-54,11,1,7,1,-95,1,628691631,128,0 0 0 0 0 0 0 0 0 0 0 0 -2 1 -2 1 -3 1 -2 1 -2 1 -2 1 -2 1 -2 1 -2 1 -2 1 -2 1 -2 1 -2 2 -2 2 -2 2 -2 3 -2 3 -2 3 -2 3 -2 4 -3 4 -3 4 -3 5 -3 5 -4 5 -4 6 0 0 -4 6 -4 7 -5 6 -5 8 -5 7 -5 8 -5 8 -6 8 -6 8 -6 9 -6 9 -6 9 -7 9 -7 9 -7 11 -7 11 -8 11 -8 11 -8 12 -8 12 -8 12 -8 12 -9 13 -9 13 -9 13 -9 14 0 0 0 0 0 0 0 0 0 0
1784740907.196205,53632,-54,11,1,7,1,-95,1,628701528,128,0 0 0 0 0 0 0 0 0 0 0 0 -2 1 -2 1 -3 1 -2 1 -2 1 -2 1 -2 1 -2 1 -2 1 -2 1 -1 1 -2 1 -2 2 -1 1 -1 2 -1 2 -1 3 -1 3 -1 3 -1 3 -1 4 -1 5 -1 5 -1 6 -1 5 -1 6 0 0 -2 7 -1 7 -2 8 -2 8 -2 8 -2 9 -2 9 -2 9 -2 10 -2 10 -2 11 -2 11 -2 11 -2 12 -2 12 -3 13 -3 13 -3 13 -3 13 -3 14 -4 14 -4 15 -3 15 -4 15 -4 15 -4 16 0 0 0 0 0 0 0 0 0 0
1784740907.215785,53633,-55,11,1,7,1,-95,1,628711856,128,0 0 0 0 0 0 0 0 0 0 0 0 3 2 2 2 2 2 2 2 2 2 2 2 1 2 1 2 1 2 1 2 1 1 1 1 1 0 1 0 1 0 1 0 1 -1 1 -1 1 -2 1 -2 1 -3 1 -3 2 -3 2 -4 2 -4 3 -5 0 0 3 -5 4 -6 4 -6 4 -6 5 -6 5 -7 5 -7 5 -7 6 -7 6 -8 6 -8 6 -9 7 -9 7 -9 8 -10 8 -10 8 -10 9 -11 9 -11 9 -12 9 -12 10 -12 10 -12 10 -13 10 -13 11 -13 0 0 0 0 0 0 0 0 0 0
1784740907.215785,53634,-56,11,1,7,1,-95,1,628721546,128,0 0 0 0 0 0 0 0 0 0 0 0 1 4 1 4 0 4 0 4 0 4 0 3 0 3 -1 3 -1 3 -1 3 -1 2 -1 2 -1 2 -1 1 -1 1 -1 0 -1 0 -1 -1 -1 -1 -1 -2 -1 -2 -1 -3 -1 -3 0 -4 0 -4 0 -5 0 0 1 -6 1 -6 1 -6 1 -7 1 -7 1 -8 1 -8 1 -9 1 -9 2 -10 2 -10 2 -10 2 -10 2 -11 1 -12 1 -12 2 -13 2 -13 1 -13 1 -14 1 -14 0 -15 1 -16 2 -16 1 -16 1 -16 0 0 0 0 0 0 0 0 0 0
1784740907.222121,53635,-56,11,1,7,1,-95,1,628731578,128,0 0 0 0 0 0 0 0 0 0 0 0 1 2 1 3 0 3 0 3 0 2 -1 2 -1 2 -1 2 -2 2 -2 2 -2 1 -3 1 -3 1 -3 0 -4 0 -4 0 -4 -1 -4 -1 -5 -2 -5 -2 -5 -2 -5 -3 -6 -3 -6 -4 -6 -4 -6 -4 0 0 -7 -5 -7 -6 -7 -6 -7 -6 -7 -6 -7 -7 -8 -7 -8 -7 -8 -7 -9 -7 -9 -7 -10 -7 -10 -7 -10 -8 -10 -7 -11 -8 -11 -7 -12 -8 -12 -8 -13 -8 -13 -8 -13 -8 -14 -8 -14 -8 -15 -8 -15 -8 0 0 0 0 0 0 0 0 0 0
1784740907.231848,53636,-53,11,1,7,1,-95,1,628741533,128,0 0 0 0 0 0 0 0 0 0 0 0 -2 0 -2 0 -3 -1 -3 -1 -3 -1 -3 -2 -3 -2 -4 -2 -4 -3 -4 -3 -4 -4 -4 -4 -4 -5 -4 -5 -4 -6 -4 -6 -4 -7 -4 -7 -4 -8 -4 -8 -4 -8 -4 -9 -4 -9 -4 -10 -4 -10 -4 -11 0 0 -4 -11 -4 -11 -3 -12 -4 -11 -4 -11 -4 -12 -4 -12 -4 -12 -4 -12 -5 -12 -5 -13 -5 -13 -5 -13 -5 -14 -5 -13 -6 -14 -6 -13 -6 -14 -7 -14 -7 -14 -7 -14 -7 -15 -7 -14 -7 -15 -7 -15 -8 -16 0 0 0 0 0 0 0 0 0 0
1784740907.246932,53637,-50,11,1,7,1,-95,1,628751541,128,0 0 0 0 0 0 0 0 0 0 0 0 -2 3 -3 3 -3 3 -3 3 -3 4 -4 4 -4 4 -4 4 -4 4 -5 5 -6 5 -6 5 -7 5 -7 5 -7 5 -8 5 -8 6 -9 6 -9 6 -10 6 -10 6 -10 6 -11 6 -11 5 -11 5 -11 5 0 0 -12 5 -12 6 -12 5 -12 6 -12 6 -12 6 -12 6 -12 6 -12 6 -12 7 -12 6 -12 7 -12 7 -12 7 -12 7 -12 8 -12 8 -12 8 -12 8 -12 9 -12 9 -12 9 -12 9 -12 9 -12 9 -12 9 0 0 0 0 0 0 0 0 0 0
1784740907.255735,53638,-47,11,1,7,1,-95,1,628761637,128,0 0 0 0 0 0 0 0 0 0 0 0 3 -4 4 -4 4 -4 5 -4 5 -4 5 -4 6 -4 6 -4 7 -4 7 -4 7 -4 8 -4 8 -4 9 -4 9 -4 9 -4 10 -4 10 -4 11 -3 11 -3 11 -3 11 -3 11 -3 11 -3 12 -2 12 -3 0 0 12 -2 12 -2 12 -2 12 -2 12 -2 12 -2 12 -3 12 -3 12 -3 12 -3 12 -3 12 -4 12 -4 13 -4 12 -4 13 -4 12 -4 13 -5 13 -5 12 -5 13 -5 13 -5 12 -5 13 -6 13 -6 13 -6 0 0 0 0 0 0 0 0 0 0
1784740907.262150,53639,-45,11,1,7,1,-95,1,628771548,128,0 0 0 0 0 0 0 0 0 0 0 0 -4 -5 -4 -6 -4 -6 -4 -7 -3 -7 -4 -7 -4 -7 -4 -8 -4 -8 -4 -8 -4 -9 -4 -9 -3 -10 -3 -10 -4 -11 -3 -11 -3 -11 -3 -11 -2 -12 -2 -12 -2 -12 -2 -12 -3 -12 -2 -12 -2 -13 -2 -13 0 0 -2 -13 -1 -13 -1 -13 -2 -13 -2 -12 -2 -13 -2 -13 -3 -13 -2 -13 -3 -13 -3 -13 -3 -13 -3 -13 -3 -13 -4 -13 -4 -14 -4 -13 -4 -13 -5 -13 -5 -13 -5 -13 -5 -14 -5 -13 -5 -14 -5 -14 -5 -14 0 0 0 0 0 0 0 0 0 0
1784740907.377215,53640,-43,11,1,7,1,-95,1,628871204,128,0 0 0 0 0 0 0 0 0 0 0 0 2 -6 3 -6 3 -6 3 -6 4 -6 4 -6 4 -6 4 -6 4 -6 5 -6 5 -6 5 -6 6 -7 6 -7 6 -7 6 -7 7 -7 7 -7 7 -7 8 -7 8 -7 8 -7 8 -7 8 -7 8 -6 8 -7 0 0 8 -7 8 -7 9 -7 8 -7 9 -7 9 -7 8 -7 8 -7 9 -7 9 -8 9 -7 9 -8 9 -8 9 -8 9 -8 9 -9 9 -8 9 -9 9 -9 9 -9 9 -9 9 -9 9 -9 9 -9 9 -9 9 -10 0 0 0 0 0 0 0 0 0 0
1784740907.377215,53641,-43,11,1,7,1,-95,1,628871539,128,0 0 0 0 0 0 0 0 0 0 0 0 -4 5 -4 5 -4 5 -5 5 -5 5 -5 5 -5 5 -5 5 -6 6 -6 5 -6 5 -6 5 -7 5 -7 5 -7 6 -8 6 -8 6 -8 6 -9 6 -8 6 -8 6 -9 6 -9 6 -9 5 -9 5 -9 6 0 0 -10 6 -9 6 -10 6 -9 6 -9 6 -9 6 -9 6 -10 6 -10 7 -10 7 -10 6 -10 7 -10 7 -10 7 -10 7 -10 7 -10 7 -10 8 -10 8 -10 8 -10 8 -10 8 -10 8 -10 8 -10 8 -10 9 0 0 0 0 0 0 0 0 0 0
1784740907.377215,53642,-44,11,1,6,1,-95,1,628874372,128,0 0 0 0 0 0 0 0 0 0 0 0 5 -4 5 -4 5 -4 5 -4 6 -4 6 -4 6 -4 6 -4 6 -4 6 -4 7 -4 7 -4 7 -4 8 -4 8 -4 8 -3 9 -3 8 -3 9 -3 9 -4 9 -3 9 -3 9 -3 10 -3 9 -3 10 -3 0 0 10 -3 10 -3 10 -3 10 -3 10 -3 10 -3 10 -3 10 -4 10 -4 10 -4 10 -4 10 -4 10 -4 11 -4 10 -5 11 -5 10 -4 11 -5 11 -5 11 -5 11 -6 11 -5 11 -5 11 -5 11 -6 11 -6 0 0 0 0 0 0 0 0 0 0
1784740907.377215,53643,-42,11,1,5,1,-95,1,628878650,128,0 0 0 0 0 0 0 0 0 0 0 0 5 -4 5 -4 6 -4 6 -4 6 -4 6 -4 6 -4 6 -4 7 -4 7 -4 7 -3 8 -3 8 -3 8 -3 8 -3 9 -3 9 -3 9 -3 9 -3 10 -3 10 -3 10 -3 10 -3 10 -2 10 -2 10 -2 0 0 10 -2 10 -2 10 -2 11 -2 10 -3 10 -3 10 -3 10 -3 10 -3 11 -3 11 -3 11 -3 10 -3 10 -3 11 -4 11 -4 11 -4 11 -4 11 -4 11 -5 11 -5 11 -5 12 -5 11 -4 11 -5 11 -5 0 0 0 0 0 0 0 0 0 0
1784740907.377215,53644,-43,11,1,7,1,-95,1,628883362,128,0 0 0 0 0 0 0 0 0 0 0 0 0 6 -1 6 -1 6 -2 6 -2 6 -2 7 -2 7 -2 7 -3 7 -2 7 -3 7 -3 7 -3 8 -4 8 -4 8 -4 8 -4 8 -4 8 -5 8 -5 8 -5 9 -5 8 -5 8 -5 8 -6 8 -6 9 0 0 -6 9 -6 8 -6 8 -6 8 -5 8 -5 9 -5 8 -5 9 -6 9 -5 9 -5 9 -5 9 -5 9 -5 10 -5 10 -5 10 -5 10 -5 10 -5 10 -5 10 -4 11 -4 11 -4 11 -5 11 -5 11 -5 11 0 0 0 0 0 0 0 0 0 0
1784740907.382041,53645,-43,11,1,7,1,-95,1,628883852,128,0 0 0 0 0 0 0 0 0 0 0 0 5 2 6 3 5 3 5 4 5 4 5 4 5 4 6 4 6 4 6 5 6 4 6 5 6 5 6 6 6 6 6 6 6 7 6 7 6 7 6 7 6 7 6 7 6 7 6 7 6 8 6 8 0 0 6 8 6 8 6 8 6 8 6 7 6 7 6 7 7 7 6 8 7 7 7 7 7 7 7 7 7 7 7 7 8 8 7 7 8 7 8 7 8 7 8 7 9 7 9 7 9 7 9 7 9 7 0 0 0 0 0 0 0 0 0 0
1784740907.386653,53646,-43,11,1,7,1,-95,1,628891674,128,0 0 0 0 0 0 0 0 0 0 0 0 0 6 0 6 -1 6 -1 6 -1 6 -1 6 -1 6 -1 6 -1 7 -2 7 -2 7 -2 8 -3 7 -2 7 -2 7 -3 8 -3 8 -3 9 -3 8 -3 9 -3 9 -4 8 -4 9 -4 9 -4 8 -4 9 0 0 -4 9 -4 9 -4 9 -4 9 -4 9 -4 9 -4 9 -4 9 -3 9 -4 10 -4 10 -3 10 -3 9 -3 9 -3 11 -2 10 -3 11 -3 11 -3 11 -2 11 -2 11 -2 11 -3 12 -3 12 -2 12 -2 12 0 0 0 0 0 0 0 0 0 0
1784740907.395968,53647,-42,11,1,7,1,-95,1,628901532,128,0 0 0 0 0 0 0 0 0 0 0 0 -6 3 -6 3 -6 2 -6 2 -6 2 -7 2 -7 2 -7 2 -7 2 -7 2 -7 2 -8 2 -8 2 -8 2 -9 2 -8 2 -9 2 -9 1 -9 1 -9 2 -10 1 -10 1 -10 1 -10 1 -10 1 -10 1 0 0 -10 1 -10 1 -10 1 -10 1 -10 1 -10 1 -10 1 -10 1 -11 1 -11 2 -11 1 -11 2 -11 2 -11 2 -11 2 -12 2 -11 2 -12 3 -11 3 -12 3 -12 3 -12 4 -12 3 -12 3 -13 3 -13 3 0 0 0 0 0 0 0 0 0 0
1784740907.409962,53648,-41,11,1,7,1,-95,1,628911541,128,0 0 0 0 0 0 0 0 0 0 0 0 -1 6 -1 6 -2 6 -2 6 -2 6 -2 6 -3 6 -3 7 -3 7 -3 7 -3 7 -3 7 -4 7 -4 7 -4 8 -4 7 -4 8 -5 7 -5 8 -5 8 -5 8 -5 8 -5 8 -5 8 -6 8 -6 8 0 0 -6 8 -6 8 -6 8 -6 8 -5 8 -5 8 -5 8 -5 9 -6 9 -5 9 -5 9 -5 9 -5 9 -5 10 -5 10 -5 10 -5 10 -5 10 -5 11 -5 11 -5 11 -5 11 -5 11 -5 12 -5 11 -5 12 0 0 0 0 0 0 0 0 0 0
1784740907.412375,53649,-43,11,1,7,1,-95,1,628921536,128,0 0 0 0 0 0 0 0 0 0 0 0 -7 -5 -7 -5 -7 -6 -6 -6 -6 -6 -6 -6 -6 -6 -7 -6 -6 -7 -6 -7 -6 -7 -6 -8 -6 -8 -6 -8 -6 -8 -5 -8 -6 -8 -6 -9 -6 -8 -6 -9 -6 -8 -6 -9 -5 -9 -5 -10 -6 -9 -6 -9 0 0 -6 -9 -6 -9 -6 -9 -6 -9 -6 -9 -6 -9 -7 -8 -8 -9 -7 -8 -7 -9 -7 -9 -7 -9 -7 -9 -8 -9 -9 -9 -8 -9 -9 -10 -9 -10 -9 -9 -10 -9 -9 -9 -10 -9 -10 -9 -10 -10 -11 -9 -10 -10 0 0 0 0 0 0 0 0 0 0
1784740907.421976,53650,-41,11,1,7,1,-95,1,628931640,128,0 0 0 0 0 0 0 0 0 0 0 0 1 7 1 8 0 8 -1 8 -1 8 -1 8 -1 8 -1 8 -2 8 -1 8 -1 8 -2 8 -2 8 -2 9 -2 9 -3 9 -3 9 -3 9 -3 9 -3 9 -3 9 -3 9 -3 9 -3 9 -3 9 -3 9 0 0 -3 9 -3 9 -3 9 -3 9 -2 9 -2 9 -2 9 -2 9 -2 10 -2 10 -2 10 -1 10 -1 10 -1 11 -1 11 -1 11 -1 11 -1 11 -1 11 -1 11 0 12 0 12 0 12 0 12 0 12 0 12 0 0 0 0 0 0 0 0 0 0
1784740907.431996,53651,-42,11,1,7,1,-95,1,628941691,128,0 0 0 0 0 0 0 0 0 0 0 0 -7 -5 -6 -6 -6 -6 -6 -6 -6 -7 -6 -7 -6 -7 -6 -7 -6 -7 -5 -8 -5 -8 -5 -8 -5 -8 -5 -8 -5 -8 -5 -9 -5 -8 -5 -9 -5 -9 -5 -9 -5 -9 -5 -9 -5 -9 -5 -9 -5 -9 -5 -9 0 0 -5 -9 -5 -9 -5 -8 -6 -9 -5 -8 -6 -9 -6 -8 -6 -9 -6 -9 -7 -9 -7 -9 -7 -8 -7 -8 -7 -8 -8 -9 -8 -8 -8 -9 -8 -8 -8 -8 -9 -8 -9 -8 -9 -8 -9 -9 -9 -9 -9 -9 -9 -9 0 0 0 0 0 0 0 0 0 0
1784740907.442377,53652,-43,11,1,7,1,-95,1,628951548,128,0 0 0 0 0 0 0 0 0 0 0 0 1 -8 1 -9 2 -9 2 -9 2 -8 3 -8 3 -8 3 -8 3 -9 4 -8 4 -8 4 -8 4 -8 4 -8 4 -9 5 -9 5 -9 5 -9 5 -9 5 -9 5 -9 6 -8 5 -9 6 -8 6 -8 5 -8 0 0 5 -8 5 -8 5 -8 5 -9 5 -8 5 -9 5 -9 5 -9 5 -9 4 -10 4 -10 4 -10 4 -10 4 -10 4 -10 4 -11 4 -10 4 -11 4 -11 4 -11 4 -11 3 -11 4 -12 4 -12 4 -12 3 -12 0 0 0 0 0 0 0 0 0 0
1784740907.465806,53653,-44,11,1,7,1,-95,1,628963177,128,0 0 0 0 0 0 0 0 0 0 0 0 -3 -9 -2 -9 -2 -10 -2 -9 -1 -10 -1 -10 -1 -10 0 -10 0 -10 0 -10 1 -11 1 -10 1 -11 1 -11 1 -10 1 -11 1 -11 2 -11 2 -11 2 -11 2 -11 2 -11 2 -11 3 -10 3 -10 2 -10 0 0 2 -10 1 -10 1 -10 1 -11 1 -10 1 -10 1 -10 0 -10 0 -10 0 -11 0 -10 0 -10 -1 -10 -1 -10 -2 -11 -2 -10 -2 -12 -2 -11 -3 -11 -3 -12 -3 -12 -4 -12 -3 -12 -3 -12 -3 -13 -4 -12 0 0 0 0 0 0 0 0 0 0
1784740907.465806,53654,-46,11,1,7,1,-95,1,628971607,128,0 0 0 0 0 0 0 0 0 0 0 0 8 2 8 3 7 4 7 4 7 4 7 4 7 4 7 5 7 5 7 6 6 6 7 6 6 6 6 6 6 6 6 6 6 6 6 7 6 7 6 6 6 6 6 6 6 7 5 7 5 6 5 6 0 0 6 6 6 6 5 6 6 6 6 5 7 5 7 5 7 5 7 4 8 5 8 5 8 5 8 4 8 4 9 4 9 4 10 4 10 4 10 4 11 3 11 4 11 4 11 4 11 5 11 5 12 5 0 0 0 0 0 0 0 0 0 0
1784740907.471866,53655,-47,11,1,7,1,-95,1,628981650,128,0 0 0 0 0 0 0 0 0 0 0 0 6 0 6 0 6 1 7 1 6 1 7 1 6 1 6 1 7 2 7 2 7 2 7 2 7 2 7 2 7 2 7 2 7 2 7 2 7 2 7 2 7 2 7 2 7 2 7 2 7 2 8 2 0 0 8 1 8 1 9 1 9 1 9 1 9 1 9 1 10 0 10 0 11 0 11 0 11 0 11 0 12 0 12 -1 12 0 12 0 13 0 13 0 14 0 14 0 14 0 14 0 14 0 15 0 15 0 0 0 0 0 0 0 0 0 0 0
1784740907.487972,53656,-47,11,1,7,1,-95,1,628991658,128,0 0 0 0 0 0 0 0 0 0 0 0 5 -4 5 -3 5 -3 6 -3 6 -3 6 -3 6 -2 6 -3 7 -2 6 -2 7 -2 7 -2 7 -2 8 -2 8 -3 8 -2 8 -2 8 -2 8 -2 8 -2 8 -2 9 -2 8 -3 8 -2 9 -2 9 -3 0 0 9 -3 9 -3 10 -3 9 -3 10 -3 10 -3 10 -3 10 -4 11 -4 10 -4 11 -5 11 -5 11 -5 12 -5 11 -5 13 -5 12 -5 13 -5 13 -5 13 -5 13 -5 13 -5 13 -5 13 -5 14 -5 14 -5 0 0 0 0 0 0 0 0 0 0
1784740907.496355,53657,-48,11,1,7,1,-95,1,629001639,128,0 0 0 0 0 0 0 0 0 0 0 0 7 3 7 3 7 4 7 4 7 4 7 4 7 5 7 5 7 5 6 6 6 6 6 7 6 7 6 7 7 7 7 7 7 7 7 7 6 7 7 7 7 7 6 7 7 8 6 8 6 8 6 8 0 0 7 8 7 8 7 7 7 8 7 7 7 8 8 7 8 7 8 7 8 8 8 7 8 7 8 7 8 7 10 7 9 7 10 7 10 7 10 7 10 7 10 7 10 7 10 8 10 8 10 8 11 8 0 0 0 0 0 0 0 0 0 0
1784740907.507017,53658,-49,11,1,7,1,-95,1,629011583,128,0 0 0 0 0 0 0 0 0 0 0 0 7 4 7 4 6 5 6 5 6 6 5 6 6 6 6 6 5 6 5 6 5 7 5 7 5 7 5 7 5 7 5 7 5 7 4 7 4 7 4 7 4 7 5 7 5 7 4 7 5 7 5 7 0 0 5 7 5 7 5 7 5 7 6 6 6 7 6 7 6 7 6 7 7 6 6 7 7 7 7 7 7 7 8 7 8 7 8 7 8 7 8 7 8 7 8 7 9 7 9 7 8 7 9 7 9 7 0 0 0 0 0 0 0 0 0 0
1784740907.514958,53659,-49,11,1,7,1,-95,1,629021564,128,0 0 0 0 0 0 0 0 0 0 0 0 2 5 1 6 1 6 1 6 0 6 1 6 0 6 0 6 0 6 0 6 0 6 0 6 0 7 0 7 0 7 0 7 0 7 0 7 0 7 0 7 0 7 0 7 0 7 1 8 1 8 0 8 0 0 1 8 1 9 1 9 1 9 1 9 1 9 1 9 1 9 1 10 2 10 1 10 2 10 2 10 2 11 2 10 1 11 2 10 2 11 1 11 2 11 2 11 2 11 2 11 2 11 2 11 2 11 0 0 0 0 0 0 0 0 0 0
1784740907.521876,53660,-47,11,1,7,1,-95,1,629031604,128,0 0 0 0 0 0 0 0 0 0 0 0 -6 0 -6 0 -7 0 -7 -1 -7 -1 -7 -1 -7 -1 -8 -1 -8 -1 -8 -2 -8 -2 -8 -2 -8 -2 -8 -2 -8 -2 -9 -3 -9 -3 -9 -3 -9 -3 -9 -3 -9 -3 -9 -3 -10 -4 -9 -4 -9 -4 -9 -4 0 0 -9 -4 -10 -4 -9 -4 -10 -4 -10 -3 -10 -4 -10 -4 -11 -4 -10 -4 -11 -4 -11 -4 -11 -3 -11 -4 -11 -4 -12 -3 -11 -3 -12 -4 -12 -3 -12 -3 -12 -3 -12 -3 -12 -3 -12 -3 -12 -4 -13 -3 -13 -3 0 0 0 0 0 0 0 0 0 0
1784740907.535796,53661,-46,11,1,7,1,-95,1,629041679,128,0 0 0 0 0 0 0 0 0 0 0 0 1 -8 2 -9 3 -8 3 -8 3 -8 4 -8 4 -8 5 -9 5 -9 5 -9 5 -8 6 -8 6 -8 6 -8 7 -8 7 -8 7 -8 7 -8 7 -8 7 -8 7 -8 7 -8 7 -8 7 -7 7 -8 7 -8 0 0 7 -8 7 -8 7 -8 6 -8 6 -8 6 -8 6 -8 6 -9 6 -9 6 -9 6 -9 6 -10 6 -10 6 -10 5 -10 6 -10 6 -10 6 -11 6 -11 6 -11 6 -11 6 -11 5 -11 5 -11 5 -12 6 -12 0 0 0 0 0 0 0 0 0 0
1784740907.535796,53662,-46,11,1,7,1,-95,1,629051648,128,0 0 0 0 0 0 0 0 0 0 0 0 8 -3 8 -3 9 -2 9 -2 9 -2 9 -1 9 -1 9 -1 9 0 10 0 10 0 10 1 10 1 9 1 10 1 10 2 9 2 9 2 9 1 10 1 9 1 9 1 9 1 9 1 9 1 9 1 0 0 9 1 9 0 9 0 9 0 8 0 9 -1 9 -1 9 -1 9 -1 10 -2 10 -1 10 -2 10 -2 10 -2 10 -2 10 -2 10 -3 11 -3 11 -3 11 -4 11 -4 11 -4 11 -4 11 -3 11 -3 11 -4 0 0 0 0 0 0 0 0 0 0
1784740907.567622,53663,-45,11,1,7,1,-95,1,629072399,128,0 0 0 0 0 0 0 0 0 0 0 0 -9 2 -10 2 -10 1 -10 0 -10 0 -11 0 -11 -1 -11 0 -11 -1 -11 -1 -11 -1 -11 -2 -11 -2 -11 -2 -11 -3 -11 -3 -11 -3 -10 -3 -11 -3 -11 -3 -11 -3 -10 -3 -10 -3 -10 -3 -10 -3 -10 -2 0 0 -10 -2 -10 -2 -10 -2 -10 -1 -10 -1 -10 -1 -10 0 -10 0 -10 0 -10 1 -11 1 -11 1 -11 2 -11 2 -11 2 -12 2 -11 2 -12 2 -12 3 -12 3 -12 3 -12 3 -12 3 -12 3 -12 3 -13 4 0 0 0 0 0 0 0 0 0 0
1784740907.567622,53664,-45,11,1,7,1,-95,1,629072617,128,0 0 0 0 0 0 0 0 0 0 0 0 -9 -3 -9 -3 -9 -4 -9 -5 -9 -5 -9 -5 -9 -5 -9 -6 -9 -6 -9 -7 -8 -7 -8 -7 -8 -7 -8 -8 -8 -7 -8 -8 -8 -8 -8 -8 -7 -8 -8 -8 -7 -8 -8 -7 -7 -7 -7 -7 -7 -7 -7 -7 0 0 -7 -6 -8 -6 -7 -6 -8 -6 -8 -5 -8 -5 -8 -5 -9 -5 -9 -5 -10 -5 -9 -5 -9 -4 -10 -4 -10 -4 -11 -4 -11 -4 -11 -4 -11 -4 -11 -4 -11 -3 -11 -4 -12 -3 -12 -4 -12 -4 -12 -4 -12 -4 0 0 0 0 0 0 0 0 0 0
1784740907.584246,53665,-45,11,1,7,1,-95,1,629081649,128,0 0 0 0 0 0 0 0 0 0 0 0 -9 -3 -9 -3 -9 -4 -9 -4 -9 -5 -9 -5 -9 -5 -9 -6 -9 -6 -9 -7 -9 -7 -9 -7 -8 -8 -8 -8 -8 -7 -8 -8 -8 -8 -8 -8 -8 -8 -8 -8 -8 -7 -8 -7 -8 -8 -7 -7 -7 -7 -8 -7 0 0 -8 -7 -8 -7 -8 -6 -9 -6 -8 -6 -9 -6 -9 -6 -9 -6 -9 -5 -10 -5 -10 -5 -11 -5 -10 -5 -11 -5 -11 -5 -11 -5 -11 -5 -12 -5 -12 -4 -12 -4 -12 -4 -13 -4 -12 -4 -13 -5 -13 -4 -13 -4 0 0 0 0 0 0 0 0 0 0
1784740907.584246,53666,-45,11,1,7,1,-95,1,629091641,128,0 0 0 0 0 0 0 0 0 0 0 0 1 -9 1 -9 1 -9 2 -9 2 -9 2 -9 3 -9 3 -9 3 -9 4 -9 4 -9 4 -9 5 -9 5 -9 5 -9 5 -9 5 -9 5 -9 5 -9 5 -9 5 -9 5 -9 4 -9 5 -9 5 -8 5 -9 0 0 4 -9 4 -9 4 -9 4 -10 3 -10 3 -10 3 -10 3 -10 3 -10 3 -11 3 -11 3 -11 3 -11 3 -11 2 -12 2 -12 3 -12 3 -12 2 -12 2 -13 2 -12 2 -13 2 -12 3 -13 2 -12 2 -13 0 0 0 0 0 0 0 0 0 0
1784740907.584246,53667,-46,11,1,7,1,-95,1,629101531,128,0 0 0 0 0 0 0 0 0 0 0 0 -1 7 -2 7 -2 7 -3 7 -3 7 -3 7 -3 7 -4 7 -4 7 -4 7 -5 7 -4 7 -5 7 -5 7 -5 7 -5 7 -6 7 -5 7 -5 7 -5 7 -5 7 -5 7 -5 7 -5 7 -5 7 -5 7 0 0 -5 7 -5 7 -5 7 -5 7 -5 8 -5 8 -5 8 -5 8 -5 8 -5 9 -5 9 -4 9 -5 9 -5 10 -5 9 -5 10 -5 9 -4 10 -4 10 -5 10 -4 10 -5 10 -4 10 -4 10 -5 10 -5 11 0 0 0 0 0 0 0 0 0 0
1784740907.599984,53668,-45,11,1,7,1,-95,1,629111595,128,0 0 0 0 0 0 0 0 0 0 0 0 -6 -4 -6 -4 -6 -4 -6 -5 -6 -5 -6 -5 -6 -5 -6 -6 -6 -5 -6 -6 -6 -6 -5 -6 -5 -6 -6 -7 -6 -7 -6 -7 -6 -7 -6 -8 -5 -7 -6 -8 -6 -8 -6 -8 -6 -8 -5 -8 -5 -8 -6 -8 0 0 -6 -8 -6 -8 -6 -8 -7 -8 -6 -8 -6 -8 -7 -8 -7 -8 -7 -8 -7 -9 -7 -8 -7 -8 -7 -8 -7 -8 -8 -9 -8 -8 -8 -9 -8 -9 -9 -9 -9 -9 -9 -9 -9 -8 -9 -9 -9 -9 -9 -9 -9 -9 0 0 0 0 0 0 0 0 0 0
1784740907.615907,53669,-43,11,1,7,1,-95,1,629121553,128,0 0 0 0 0 0 0 0 0 0 0 0 -5 -6 -5 -6 -4 -7 -4 -7 -4 -7 -4 -8 -4 -8 -3 -8 -3 -8 -3 -9 -3 -9 -3 -9 -3 -9 -2 -10 -2 -10 -2 -10 -2 -10 -2 -10 -2 -10 -2 -10 -1 -10 -2 -11 -2 -10 -1 -10 -1 -11 -1 -11 0 0 -1 -11 -1 -10 -1 -11 -2 -11 -2 -11 -2 -11 -2 -11 -2 -11 -2 -11 -3 -11 -3 -11 -3 -11 -3 -11 -3 -12 -4 -12 -4 -12 -3 -12 -4 -13 -4 -12 -4 -13 -4 -13 -4 -13 -4 -13 -4 -13 -4 -13 -4 -14 0 0 0 0 0 0 0 0 0 0
1784740907.615907,53670,-43,11,1,7,1,-95,1,629131551,128,0 0 0 0 0 0 0 0 0 0 0 0 -6 5 -6 5 -7 5 -7 5 -8 4 -8 4 -8 4 -9 4 -9 4 -9 4 -9 4 -9 4 -10 4 -10 4 -10 3 -10 3 -11 3 -10 3 -11 3 -11 2 -11 2 -11 2 -10 3 -10 3 -10 2 -10 3 0 0 -11 3 -10 3 -10 3 -10 3 -10 3 -10 3 -10 4 -10 4 -10 4 -10 5 -10 5 -10 5 -10 6 -11 6 -10 6 -11 6 -10 6 -10 6 -11 6 -11 7 -11 7 -11 7 -11 7 -11 7 -11 8 -11 8 0 0 0 0 0 0 0 0 0 0
1784740907.631897,53671,-44,11,1,7,1,-95,1,629141556,128,0 0 0 0 0 0 0 0 0 0 0 0 -9 -4 -9 -4 -9 -5 -9 -6 -9 -6 -8 -6 -8 -6 -8 -7 -8 -7 -8 -8 -8 -8 -8 -8 -7 -9 -7 -9 -7 -9 -7 -9 -7 -9 -7 -9 -7 -9 -7 -9 -7 -9 -7 -9 -7 -9 -6 -9 -7 -9 -7 -9 0 0 -7 -8 -7 -8 -7 -8 -8 -8 -8 -8 -8 -8 -8 -7 -8 -7 -8 -7 -9 -7 -9 -7 -9 -7 -9 -7 -9 -7 -11 -7 -10 -6 -10 -7 -11 -7 -10 -7 -11 -7 -11 -7 -11 -6 -12 -7 -11 -7 -11 -7 -12 -7 0 0 0 0 0 0 0 0 0 0
1784740907.647936,53672,-45,11,1,7,1,-95,1,629151529,128,0 0 0 0 0 0 0 0 0 0 0 0 -5 8 -6 7 -6 7 -7 7 -7 7 -7 7 -8 7 -8 6 -8 6 -8 6 -8 6 -9 6 -9 6 -9 6 -9 6 -9 5 -10 6 -9 5 -9 5 -9 5 -9 5 -9 5 -9 5 -9 5 -9 5 -9 6 0 0 -9 6 -8 6 -9 6 -8 6 -8 7 -8 7 -8 7 -8 8 -8 8 -8 8 -8 9 -7 9 -8 9 -8 9 -8 10 -8 10 -8 10 -8 11 -8 11 -8 11 -8 11 -8 11 -8 11 -8 11 -8 11 -8 11 0 0 0 0 0 0 0 0 0 0
1784740907.647936,53673,-45,11,1,7,1,-95,1,629161626,128,0 0 0 0 0 0 0 0 0 0 0 0 1 -9 2 -9 2 -9 3 -9 3 -9 3 -9 4 -9 4 -9 4 -9 4 -9 5 -9 5 -9 5 -9 5 -9 6 -9 6 -9 6 -9 6 -9 6 -9 6 -9 6 -9 6 -8 6 -9 6 -9 6 -8 6 -9 0 0 6 -9 6 -9 6 -9 6 -9 6 -9 6 -10 5 -10 5 -10 6 -10 5 -11 5 -11 5 -11 5 -12 5 -12 5 -12 5 -12 6 -12 5 -13 6 -13 5 -13 5 -13 6 -13 6 -13 6 -14 6 -14 6 -14 0 0 0 0 0 0 0 0 0 0
1784740907.667661,53674,-45,11,1,7,1,-95,1,629171572,128,0 0 0 0 0 0 0 0 0 0 0 0 5 -7 5 -7 6 -7 6 -7 7 -7 7 -6 7 -7 8 -6 8 -6 9 -6 9 -6 9 -6 9 -5 9 -5 9 -5 9 -5 9 -5 10 -6 9 -5 10 -5 9 -5 9 -5 10 -5 9 -5 9 -5 9 -5 0 0 9 -5 9 -6 8 -6 9 -7 8 -7 9 -7 8 -7 9 -7 8 -8 9 -8 9 -8 9 -8 9 -9 8 -9 9 -10 8 -10 9 -10 9 -10 9 -10 9 -11 9 -11 9 -11 10 -11 10 -11 10 -11 9 -11 0 0 0 0 0 0 0 0 0 0
1784740907.667661,53675,-46,11,1,7,1,-95,1,629181601,128,0 0 0 0 0 0 0 0 0 0 0 0 8 2 8 2 8 3 8 3 8 3 8 4 8 4 8 4 8 4 8 5 7 5 7 5 7 5 7 6 7 6 7 6 7 6 7 6 7 6 7 6 7 6 7 6 7 6 7 6 7 5 7 6 0 0 8 5 8 5 8 5 8 5 8 4 8 4 9 4 9 4 9 4 10 4 9 4 10 4 10 4 10 4 10 4 10 4 10 4 11 3 11 3 11 3 11 3 11 3 11 3 11 4 11 3 11 4 0 0 0 0 0 0 0 0 0 0
1784740907.712070,53676,-45,11,1,7,1,-95,1,629217737,128,0 0 0 0 0 0 0 0 0 0 0 0 -2 7 -3 7 -3 7 -4 8 -4 7 -4 8 -5 7 -5 7 -5 7 -5 8 -5 8 -6 8 -6 8 -6 8 -7 8 -7 7 -8 8 -7 7 -7 7 -8 7 -7 7 -8 7 -7 7 -7 7 -7 7 -8 8 0 0 -7 8 -7 7 -7 8 -7 8 -7 8 -7 8 -7 8 -6 9 -7 9 -6 9 -6 9 -6 10 -6 10 -6 11 -6 10 -6 11 -6 11 -6 11 -6 11 -6 12 -6 12 -6 12 -6 12 -6 12 -6 12 -6 13 0 0 0 0 0 0 0 0 0 0
1784740907.712070,53677,-45,11,1,7,1,-95,1,629218063,128,0 0 0 0 0 0 0 0 0 0 0 0 -8 -3 -8 -3 -7 -4 -8 -5 -8 -5 -8 -5 -7 -6 -8 -6 -7 -7 -7 -6 -8 -6 -8 -7 -8 -7 -7 -7 -8 -8 -7 -8 -7 -8 -7 -8 -7 -8 -7 -8 -7 -9 -7 -9 -7 -8 -7 -8 -7 -8 -7 -8 0 0 -7 -8 -7 -8 -7 -8 -8 -8 -8 -8 -8 -8 -8 -8 -8 -7 -8 -8 -9 -7 -9 -7 -10 -7 -10 -7 -10 -7 -10 -7 -11 -7 -10 -7 -11 -7 -11 -8 -11 -7 -11 -7 -12 -8 -12 -7 -12 -7 -12 -7 -13 -7 0 0 0 0 0 0 0 0 0 0
1784740907.712070,53678,-42,11,1,7,0,-95,1,629222845,128,0 0 0 0 0 0 0 0 0 0 0 0 -1 7 -1 7 -2 7 -2 7 -2 7 -3 7 -3 7 -3 7 -4 8 -4 7 -4 8 -4 8 -5 8 -5 8 -5 8 -5 7 -6 8 -6 7 -6 8 -6 7 -6 7 -6 7 -6 7 -6 7 -6 8 -6 7 0 0 -6 7 -6 8 -6 8 -5 8 -5 8 -5 8 -5 8 -5 8 -5 8 -4 9 -4 9 -4 9 -4 9 -4 9 -4 9 -4 10 -4 10 -4 10 -4 10 -4 10 -4 11 -4 11 -4 11 -3 11 -3 11 -4 11 0 0 0 0 0 0 0 0 0 0
1784740907.712070,53679,-45,11,1,7,1,-95,1,629231585,128,0 0 0 0 0 0 0 0 0 0 0 0 1 7 0 8 0 8 -1 8 -1 8 -2 8 -2 9 -2 9 -2 9 -3 9 -4 9 -4 9 -4 9 -4 9 -4 9 -4 9 -5 9 -5 9 -5 9 -5 9 -5 9 -5 9 -5 9 -5 8 -5 8 -5 8 0 0 -5 9 -4 9 -4 9 -4 9 -4 9 -4 9 -3 9 -4 9 -3 9 -3 10 -3 10 -2 10 -2 10 -2 11 -2 11 -2 12 -2 11 -2 12 -1 12 -1 12 -1 12 -1 12 -2 13 -1 13 -1 13 -1 13 0 0 0 0 0 0 0 0 0 0
1784740907.728152,53680,-45,11,1,7,1,-95,1,629242360,128,0 0 0 0 0 0 0 0 0 0 0 0 -2 8 -3 8 -4 8 -4 8 -5 8 -5 8 -5 8 -5 8 -6 8 -6 8 -7 8 -7 7 -7 8 -7 7 -7 7 -8 7 -8 7 -8 7 -8 7 -8 7 -8 7 -8 7 -8 7 -8 7 -8 6 -7 7 0 0 -7 7 -7 7 -7 7 -7 7 -6 8 -6 8 -6 8 -6 9 -6 9 -6 10 -6 10 -6 10 -6 10 -6 10 -6 11 -6 11 -6 11 -5 11 -5 12 -5 12 -5 13 -5 12 -5 12 -6 13 -6 12 -6 13 0 0 0 0 0 0 0 0 0 0
1784740907.748680,53681,-46,11,1,7,1,-95,1,629251560,128,0 0 0 0 0 0 0 0 0 0 0 0 -8 4 -8 3 -9 3 -9 3 -9 2 -9 2 -9 2 -10 2 -10 2 -10 1 -10 0 -11 0 -11 0 -11 0 -10 0 -11 -1 -10 -1 -11 -1 -10 -1 -10 -1 -10 0 -10 -1 -10 -1 -10 -1 -10 -1 -10 0 0 0 -10 0 -10 1 -10 1 -10 1 -10 1 -10 2 -10 2 -11 2 -10 2 -11 3 -11 3 -11 3 -11 3 -11 3 -12 4 -11 4 -12 4 -12 4 -12 5 -13 5 -12 5 -13 5 -13 5 -13 5 -13 5 -13 5 0 0 0 0 0 0 0 0 0 0
1784740907.748680,53682,-47,11,1,7,1,-95,1,629261546,128,0 0 0 0 0 0 0 0 0 0 0 0 5 3 5 4 5 4 5 5 5 5 5 5 5 6 5 6 5 6 5 6 4 7 4 7 4 7 4 7 4 8 4 7 4 8 4 8 4 8 3 8 4 8 3 8 4 8 4 8 4 8 4 8 0 0 4 8 4 7 5 8 5 8 5 8 5 8 5 7 6 8 6 8 6 8 6 8 7 8 7 8 7 8 7 8 8 9 7 8 8 9 8 9 8 9 8 9 9 9 9 9 9 10 9 9 9 10 0 0 0 0 0 0 0 0 0 0
1784740907.759950,53683,-46,11,1,7,1,-95,1,629271556,128,0 0 0 0 0 0 0 0 0 0 0 0 4 -5 5 -5 5 -5 6 -5 6 -4 6 -5 7 -4 7 -4 7 -4 7 -4 7 -4 8 -4 8 -4 8 -4 9 -4 9 -3 9 -3 9 -3 10 -3 9 -2 10 -3 10 -2 9 -3 9 -3 9 -3 10 -3 0 0 10 -3 9 -3 10 -3 9 -3 10 -3 10 -3 10 -3 10 -4 10 -4 10 -5 10 -5 10 -5 11 -5 11 -5 11 -5 11 -5 11 -5 11 -6 11 -6 11 -6 12 -6 12 -6 11 -6 12 -6 12 -7 13 -7 0 0 0 0 0 0 0 0 0 0
1784740907.775897,53684,-45,11,1,7,1,-95,1,629281521,128,0 0 0 0 0 0 0 0 0 0 0 0 -6 5 -6 5 -7 5 -7 4 -8 5 -7 4 -8 4 -8 4 -8 4 -9 4 -9 3 -9 3 -10 3 -10 3 -10 3 -10 3 -10 3 -11 3 -10 3 -10 3 -10 3 -10 3 -11 3 -10 3 -10 2 -10 3 0 0 -10 4 -10 4 -10 4 -10 5 -10 4 -10 5 -10 5 -10 5 -10 5 -11 6 -10 6 -10 6 -10 6 -10 6 -10 7 -10 7 -11 7 -10 7 -10 8 -10 8 -11 8 -10 9 -11 8 -11 8 -11 8 -11 8 0 0 0 0 0 0 0 0 0 0
1784740907.850094,53685,-42,11,1,7,0,-95,1,629352390,128,0 0 0 0 0 0 0 0 0 0 0 0 3 7 4 8 4 8 4 8 3 8 2 8 0 8 0 10 -1 12 1 12 1 13 3 13 4 12 4 10 3 9 0 9 -1 10 -2 10 -3 11 -2 11 -2 11 -2 9 -3 10 -4 10 -6 11 -6 13 0 0 -3 15 -2 13 -1 13 -2 12 -2 11 -3 11 -4 12 -4 12 -3 12 -3 12 -3 12 -4 11 -6 11 -7 12 -6 14 -7 17 -5 17 -3 18 -2 16 -2 15 -3 14 -4 14 -5 13 -5 14 -5 15 -4 15 0 0 0 0 0 0 0 0 0 0
1784740907.852142,53686,-45,11,1,7,1,-95,1,629354405,128,0 0 0 0 0 0 0 0 0 0 0 0 7 -1 7 -1 7 0 7 0 7 1 8 1 7 1 8 1 8 1 8 2 8 2 8 2 9 3 9 3 9 3 8 3 9 3 8 3 9 4 9 4 9 4 9 4 9 3 9 4 9 4 9 4 0 0 10 3 9 3 10 4 10 3 10 3 10 3 10 3 10 3 11 3 11 2 10 2 11 2 11 2 12 2 11 2 12 2 12 2 12 2 12 2 12 2 12 1 13 2 12 1 12 1 13 2 13 1 0 0 0 0 0 0 0 0 0 0
1784740907.856475,53687,-45,11,1,6,1,-95,1,629357610,128,0 0 0 0 0 0 0 0 0 0 0 0 6 1 6 1 6 2 6 2 6 3 6 3 6 3 7 3 7 3 7 4 7 4 7 4 7 5 7 5 7 5 7 6 7 6 7 5 7 6 7 6 7 6 7 6 7 6 7 6 7 6 7 6 0 0 7 6 7 6 7 6 8 6 7 6 8 6 8 6 8 6 8 6 9 6 9 6 9 5 9 6 9 6 10 6 10 6 10 6 10 6 10 6 10 6 11 6 11 6 11 6 11 6 11 6 11 6 0 0 0 0 0 0 0 0 0 0
1784740907.856475,53688,-46,11,1,7,1,-95,1,629361676,128,0 0 0 0 0 0 0 0 0 0 0 0 -4 5 -5 5 -6 5 -5 4 -6 4 -6 4 -6 4 -7 4 -7 4 -7 4 -7 4 -8 4 -8 4 -8 4 -8 4 -9 4 -9 4 -9 4 -9 4 -9 4 -9 4 -9 4 -9 4 -9 3 -10 3 -9 3 0 0 -10 4 -10 4 -10 4 -10 4 -9 4 -10 4 -10 5 -10 5 -10 5 -10 5 -10 6 -10 6 -10 5 -10 6 -11 6 -10 6 -11 6 -11 7 -11 7 -11 7 -11 7 -11 7 -11 7 -12 7 -11 7 -11 7 0 0 0 0 0 0 0 0 0 0
1784740907.856475,53689,-45,11,1,7,1,-95,1,629371980,128,0 0 0 0 0 0 0 0 0 0 0 0 5 2 6 2 6 2 6 2 6 3 6 3 6 3 6 4 7 4 6 4 7 5 7 5 6 5 6 6 7 6 6 6 7 7 6 7 7 7 6 7 7 7 7 7 6 7 6 7 6 7 7 7 0 0 7 7 7 7 7 7 7 7 7 7 7 7 7 7 8 7 8 6 8 7 8 7 9 6 9 7 10 7 9 6 10 7 10 6 11 7 10 6 11 6 11 6 12 7 11 6 11 7 11 7 11 7 0 0 0 0 0 0 0 0 0 0
1784740907.872556,53690,-45,11,1,7,1,-95,1,629381488,128,0 0 0 0 0 0 0 0 0 0 0 0 6 0 7 1 7 1 7 2 7 2 7 2 7 3 7 3 7 4 7 4 7 4 7 4 7 5 7 5 7 5 7 6 7 6 7 6 7 6 7 6 7 6 7 6 7 6 7 6 7 6 7 6 0 0 7 6 7 6 7 6 8 6 8 5 8 6 8 5 9 5 9 5 10 5 9 5 10 5 10 5 10 5 10 5 11 5 11 5 11 5 11 5 12 5 12 5 12 6 12 6 12 6 12 6 12 6 0 0 0 0 0 0 0 0 0 0
1784740907.888477,53691,-46,11,1,7,1,-95,1,629391590,128,0 0 0 0 0 0 0 0 0 0 0 0 -1 6 -1 6 -2 7 -2 6 -3 7 -3 7 -3 7 -3 7 -3 7 -4 7 -4 7 -4 7 -5 7 -5 7 -4 7 -5 7 -5 7 -5 7 -5 7 -5 7 -5 7 -4 7 -5 8 -5 7 -5 7 -5 7 0 0 -4 8 -4 8 -4 8 -4 9 -4 9 -4 9 -3 9 -3 10 -3 10 -3 11 -4 10 -3 10 -3 11 -3 11 -3 12 -3 12 -3 12 -3 12 -3 13 -3 13 -3 13 -3 13 -4 13 -4 13 -4 14 -4 13 0 0 0 0 0 0 0 0 0 0
1784740907.888477,53692,-46,11,1,7,1,-95,1,629401549,128,0 0 0 0 0 0 0 0 0 0 0 0 0 6 0 6 -1 6 -1 6 -2 6 -2 6 -1 6 -2 7 -2 7 -2 7 -3 7 -2 7 -3 7 -3 7 -3 8 -3 7 -3 8 -3 7 -3 8 -3 8 -3 8 -3 8 -3 8 -3 8 -3 8 -3 8 0 0 -3 8 -3 9 -3 9 -3 9 -2 9 -2 9 -2 10 -2 10 -2 10 -2 10 -2 11 -2 11 -2 11 -2 11 -2 11 -2 12 -2 12 -2 13 -2 13 -2 13 -2 13 -2 13 -2 13 -2 14 -2 14 -2 14 0 0 0 0 0 0 0 0 0 0
1784740907.904282,53693,-46,11,1,7,1,-95,1,629411554,128,0 0 0 0 0 0 0 0 0 0 0 0 -7 1 -7 1 -7 1 -7 0 -8 0 -8 0 -8 0 -8 0 -8 -1 -9 0 -9 0 -9 -1 -9 -1 -9 -1 -9 -1 -9 -2 -10 -2 -9 -2 -10 -2 -9 -2 -10 -2 -10 -2 -10 -2 -9 -2 -9 -2 -10 -2 0 0 -10 -2 -10 -2 -10 -2 -10 -1 -10 -1 -11 -1 -11 -2 -11 -1 -11 -1 -12 0 -12 0 -12 0 -12 0 -13 0 -12 0 -13 0 -13 0 -13 0 -13 0 -14 0 -14 1 -14 0 -14 1 -14 0 -14 1 -14 0 0 0 0 0 0 0 0 0 0 0
1784740907.904282,53694,-46,11,1,7,1,-95,1,629421553,128,0 0 0 0 0 0 0 0 0 0 0 0 4 5 4 5 4 6 3 6 4 6 3 6 3 7 3 7 3 7 2 8 2 8 2 8 2 9 2 9 2 9 2 9 2 9 2 9 1 9 2 9 1 9 1 9 1 9 1 9 1 9 1 9 0 0 2 9 2 9 2 8 3 9 3 9 3 9 3 9 4 9 4 9 4 10 4 10 4 10 4 9 4 9 5 10 5 10 5 10 5 11 6 10 6 11 6 10 6 10 6 11 6 12 5 11 6 11 0 0 0 0 0 0 0 0 0 0
1784740907.920511,53695,-46,11,1,7,1,-95,1,629431475,128,0 0 0 0 0 0 0 0 0 0 0 0 4 5 4 6 3 6 3 7 3 7 3 7 2 7 2 7 2 8 2 8 2 8 2 8 1 8 1 9 1 9 1 8 0 9 0 8 1 9 1 9 1 9 0 9 1 8 1 8 1 9 1 9 0 0 1 9 1 9 2 9 2 9 2 9 3 9 2 9 3 9 3 10 3 9 3 10 4 10 3 10 4 11 4 10 4 12 4 11 5 11 4 12 5 11 5 12 5 12 5 12 5 12 5 12 5 13 0 0 0 0 0 0 0 0 0 0
1784740907.936664,53696,-46,11,1,7,1,-95,1,629441597,128,0 0 0 0 0 0 0 0 0 0 0 0 1 -7 1 -7 2 -7 2 -7 2 -7 2 -7 3 -7 2 -7 3 -7 3 -7 3 -7 3 -7 3 -7 4 -7 4 -7 4 -7 4 -7 4 -7 5 -8 4 -8 4 -7 5 -8 4 -8 4 -8 4 -8 4 -8 0 0 4 -9 4 -9 4 -9 4 -9 4 -9 4 -9 4 -10 4 -10 4 -10 4 -11 4 -11 4 -11 4 -11 4 -12 5 -12 5 -12 4 -12 4 -13 5 -13 5 -13 5 -13 5 -13 4 -13 5 -13 5 -14 5 -14 0 0 0 0 0 0 0 0 0 0
1784740907.936664,53697,-45,11,1,7,1,-95,1,629451695,128,0 0 0 0 0 0 0 0 0 0 0 0 -2 5 -3 5 -3 5 -3 6 -4 6 -4 6 -4 6 -4 6 -5 6 -5 6 -6 6 -6 6 -6 6 -6 6 -6 6 -7 7 -7 6 -7 7 -7 6 -7 6 -7 6 -7 7 -7 7 -7 6 -7 6 -8 7 0 0 -7 7 -7 8 -7 7 -7 8 -7 8 -7 8 -7 8 -7 9 -7 9 -8 9 -7 9 -7 9 -7 9 -7 10 -7 11 -7 11 -8 11 -8 11 -7 11 -8 12 -8 12 -8 12 -9 12 -9 12 -8 12 -9 12 0 0 0 0 0 0 0 0 0 0
1784740907.952806,53698,-45,11,1,7,1,-95,1,629461557,128,0 0 0 0 0 0 0 0 0 0 0 0 -1 6 -1 7 -2 7 -2 7 -3 7 -3 8 -3 7 -3 8 -4 8 -4 8 -4 8 -5 8 -5 8 -5 8 -6 9 -6 8 -6 9 -6 8 -6 9 -6 8 -6 8 -6 8 -6 8 -6 8 -6 8 -6 8 0 0 -6 9 -6 8 -6 9 -5 9 -6 9 -5 10 -5 9 -5 10 -5 10 -5 10 -5 10 -5 11 -5 11 -5 11 -4 11 -4 12 -4 11 -5 13 -4 13 -4 12 -4 13 -4 13 -4 12 -5 13 -4 13 -5 14 0 0 0 0 0 0 0 0 0 0
1784740907.968807,53699,-45,11,1,7,1,-95,1,629474340,128,0 0 0 0 0 0 0 0 0 0 0 0 -6 -6 -6 -6 -5 -7 -5 -7 -5 -8 -5 -8 -4 -8 -5 -9 -4 -9 -4 -9 -4 -9 -4 -9 -4 -10 -4 -10 -4 -10 -3 -10 -3 -10 -3 -10 -3 -11 -3 -10 -2 -11 -2 -10 -3 -10 -3 -10 -3 -10 -3 -10 0 0 -3 -10 -3 -10 -3 -10 -4 -10 -4 -10 -4 -10 -4 -10 -5 -10 -4 -10 -6 -10 -6 -10 -6 -10 -6 -10 -6 -11 -6 -11 -6 -11 -6 -11 -7 -11 -6 -11 -7 -11 -7 -11 -7 -12 -7 -11 -7 -12 -8 -11 -8 -11 0 0 0 0 0 0 0 0 0 0
1784740907.968807,53700,-45,11,1,7,1,-95,1,629481544,128,0 0 0 0 0 0 0 0 0 0 0 0 -7 -4 -7 -4 -7 -5 -7 -5 -7 -5 -7 -6 -7 -6 -7 -6 -7 -6 -7 -7 -7 -7 -7 -8 -7 -8 -7 -8 -7 -8 -7 -8 -6 -8 -7 -9 -6 -8 -6 -9 -6 -9 -6 -9 -6 -9 -6 -8 -6 -8 -6 -8 0 0 -7 -8 -7 -8 -7 -8 -8 -8 -8 -8 -8 -8 -8 -7 -8 -8 -8 -7 -9 -8 -9 -8 -9 -7 -9 -7 -9 -7 -10 -7 -10 -7 -10 -7 -10 -7 -11 -7 -11 -7 -11 -7 -11 -7 -11 -8 -11 -7 -11 -7 -11 -7 0 0 0 0 0 0 0 0 0 0
1784740907.988096,53701,-45,11,1,7,1,-95,1,629491618,128,0 0 0 0 0 0 0 0 0 0 0 0 5 6 4 7 4 7 3 8 3 7 3 8 3 8 3 8 2 9 3 9 2 9 2 9 2 10 1 10 1 10 1 10 1 10 0 10 1 10 0 10 0 10 0 10 1 10 0 10 1 10 1 10 0 0 1 10 1 10 1 10 1 10 2 10 2 10 2 10 2 10 2 10 3 11 3 11 3 10 3 11 4 11 3 11 4 11 4 11 4 11 4 11 5 11 5 11 5 12 4 11 5 12 5 12 5 12 0 0 0 0 0 0 0 0 0 0
1784740908.000574,53702,-44,11,1,7,1,-95,1,629501566,128,0 0 0 0 0 0 0 0 0 0 0 0 6 5 6 6 5 6 5 7 5 7 5 7 5 7 5 7 5 8 4 8 4 9 4 9 4 9 3 9 3 9 3 10 3 10 3 10 3 10 3 10 3 10 3 9 3 10 2 10 2 9 3 9 0 0 3 9 3 9 3 9 3 9 4 9 4 9 4 9 4 9 5 9 5 9 5 9 5 9 5 9 6 9 6 9 6 9 6 9 7 9 7 10 7 9 7 9 7 10 7 9 7 10 7 10 7 10 0 0 0 0 0 0 0 0 0 0
1784740908.000574,53703,-45,11,1,7,1,-95,1,629511584,128,0 0 0 0 0 0 0 0 0 0 0 0 -1 8 -1 8 -2 9 -2 9 -2 9 -3 9 -3 9 -3 9 -3 9 -4 9 -5 9 -5 9 -5 9 -5 9 -5 9 -6 9 -6 9 -6 9 -6 9 -6 9 -5 9 -5 9 -6 9 -6 8 -6 8 -6 9 0 0 -5 9 -5 9 -5 9 -4 9 -4 9 -4 9 -3 10 -3 10 -3 10 -3 11 -3 10 -3 10 -3 10 -2 11 -2 11 -2 11 -2 11 -2 12 -1 12 -1 12 -1 12 -1 12 -1 12 -2 12 -2 13 -1 13 0 0 0 0 0 0 0 0 0 0
1784740908.017531,53704,-45,11,1,7,1,-95,1,629521586,128,0 0 0 0 0 0 0 0 0 0 0 0 -2 -9 -2 -9 -2 -9 -1 -9 -1 -9 -1 -10 -1 -9 0 -10 0 -10 0 -10 0 -10 0 -10 1 -11 1 -11 1 -11 2 -11 2 -11 2 -11 2 -11 2 -11 2 -11 2 -11 2 -11 2 -10 2 -10 2 -11 0 0 1 -11 1 -11 1 -11 1 -11 0 -11 0 -11 0 -11 0 -11 0 -11 -1 -12 -1 -12 -1 -12 -1 -12 -1 -13 -1 -13 -1 -13 -1 -13 -2 -13 -2 -13 -2 -14 -2 -14 -2 -14 -2 -14 -2 -14 -2 -14 -2 -15 0 0 0 0 0 0 0 0 0 0
1784740908.018907,53705,-46,11,1,7,1,-95,1,629531565,128,0 0 0 0 0 0 0 0 0 0 0 0 4 6 3 6 3 7 3 7 3 7 3 7 3 7 3 8 3 8 3 8 2 9 2 9 2 9 2 9 2 9 1 10 1 10 1 10 1 10 1 10 1 10 1 9 1 10 1 9 1 10 1 10 0 0 2 9 2 10 2 9 3 10 3 9 3 10 4 10 4 10 4 10 4 11 4 11 5 11 4 11 5 11 5 11 6 11 6 12 6 12 6 12 7 12 6 12 6 12 6 12 6 13 6 12 6 13 0 0 0 0 0 0 0 0 0 0
1784740908.032216,53706,-46,11,1,7,1,-95,1,629541592,128,0 0 0 0 0 0 0 0 0 0 0 0 -7 2 -7 2 -7 2 -8 2 -8 1 -9 1 -9 1 -9 1 -9 1 -9 0 -10 0 -10 0 -10 0 -10 -1 -11 -1 -10 -1 -11 -1 -10 -1 -11 -1 -11 -1 -11 -2 -11 -1 -10 -1 -11 -2 -11 -1 -11 -1 0 0 -11 -1 -11 -1 -12 -1 -11 -1 -12 0 -12 -1 -12 0 -12 0 -12 0 -12 0 -13 0 -13 1 -12 0 -13 0 -13 1 -14 1 -13 1 -14 1 -14 1 -14 1 -14 1 -14 1 -14 1 -14 1 -14 1 -14 1 0 0 0 0 0 0 0 0 0 0
1784740908.048098,53707,-45,11,1,7,1,-95,1,629551713,128,0 0 0 0 0 0 0 0 0 0 0 0 4 5 4 5 4 6 4 6 3 6 4 7 3 7 4 7 3 7 3 8 3 8 3 8 3 9 2 9 2 9 2 9 2 10 2 9 2 9 2 9 2 10 1 10 2 9 1 9 1 10 2 10 0 0 2 10 2 10 2 10 2 10 2 10 3 10 3 10 3 10 3 10 4 10 3 10 4 11 4 11 4 11 4 11 4 11 4 11 4 11 5 11 5 11 5 11 5 11 5 11 5 11 5 11 5 11 0 0 0 0 0 0 0 0 0 0
1784740908.048098,53708,-45,11,1,7,1,-95,1,629561630,128,0 0 0 0 0 0 0 0 0 0 0 0 -6 -4 -6 -5 -6 -5 -6 -5 -6 -5 -6 -6 -6 -6 -6 -6 -6 -6 -6 -7 -6 -8 -6 -8 -6 -8 -6 -8 -6 -8 -6 -8 -6 -8 -6 -9 -6 -9 -6 -9 -6 -9 -6 -9 -6 -9 -5 -10 -5 -9 -5 -9 0 0 -6 -9 -6 -9 -6 -9 -7 -9 -7 -9 -7 -9 -7 -9 -7 -9 -8 -9 -8 -9 -8 -9 -8 -9 -8 -9 -8 -9 -9 -9 -9 -9 -9 -10 -9 -10 -10 -9 -10 -9 -10 -9 -10 -9 -10 -10 -10 -10 -10 -10 -10 -10 0 0 0 0 0 0 0 0 0 0
1784740908.063975,53709,-44,11,1,7,1,-95,1,629571513,128,0 0 0 0 0 0 0 0 0 0 0 0 1 -8 1 -8 1 -8 2 -8 2 -8 2 -8 2 -8 2 -9 3 -9 3 -9 4 -9 4 -9 4 -9 4 -9 5 -9 5 -9 5 -9 5 -9 5 -9 6 -9 6 -9 6 -9 6 -9 6 -9 6 -9 6 -9 0 0 6 -9 6 -9 6 -10 6 -10 5 -10 6 -10 5 -10 5 -10 5 -11 5 -11 5 -11 5 -11 5 -11 5 -12 4 -12 5 -12 5 -12 5 -13 4 -13 4 -13 4 -13 4 -13 4 -13 5 -13 4 -14 5 -14 0 0 0 0 0 0 0 0 0 0
1784740908.063975,53710,-43,11,1,7,1,-95,1,629581609,128,0 0 0 0 0 0 0 0 0 0 0 0 -7 -4 -7 -5 -7 -5 -7 -6 -6 -6 -7 -7 -7 -7 -7 -7 -7 -8 -7 -8 -7 -8 -7 -8 -7 -9 -6 -9 -7 -10 -6 -10 -6 -10 -6 -10 -6 -10 -5 -10 -5 -11 -5 -11 -6 -10 -6 -11 -6 -10 -6 -10 0 0 -5 -10 -5 -11 -6 -11 -5 -10 -6 -10 -6 -11 -6 -11 -6 -10 -6 -10 -7 -10 -7 -10 -8 -10 -8 -10 -8 -10 -7 -10 -8 -11 -7 -10 -8 -11 -8 -11 -8 -11 -9 -11 -8 -11 -9 -10 -9 -10 -9 -10 -9 -11 0 0 0 0 0 0 0 0 0 0
1784740908.085161,53711,-43,11,1,7,1,-95,1,629591525,128,0 0 0 0 0 0 0 0 0 0 0 0 3 7 2 7 2 8 1 8 1 8 1 8 1 9 1 9 1 9 0 10 0 10 -1 10 -1 10 -1 10 -1 11 -1 11 -1 11 -1 11 -2 11 -1 11 -2 11 -2 11 -2 11 -3 11 -3 11 -2 11 0 0 -2 11 -2 11 -1 11 -1 12 -1 11 -1 11 -1 11 -1 12 0 11 0 12 0 12 0 11 0 11 0 11 1 12 1 12 1 12 1 12 1 12 2 12 2 13 2 12 2 13 2 13 1 13 2 13 0 0 0 0 0 0 0 0 0 0
1784740908.095894,53712,-43,11,1,7,1,-95,1,629601527,128,0 0 0 0 0 0 0 0 0 0 0 0 -5 -7 -5 -8 -5 -8 -5 -9 -4 -8 -4 -9 -4 -9 -4 -10 -4 -10 -4 -10 -4 -11 -3 -11 -3 -11 -3 -12 -3 -12 -2 -12 -2 -12 -2 -12 -2 -12 -2 -12 -2 -12 -1 -13 -2 -12 -2 -12 -1 -12 -1 -13 0 0 -2 -13 -2 -12 -2 -13 -2 -12 -2 -12 -2 -12 -2 -12 -3 -12 -3 -12 -3 -12 -3 -12 -4 -12 -4 -13 -4 -13 -4 -12 -5 -13 -4 -12 -5 -13 -5 -13 -5 -13 -5 -13 -5 -14 -5 -13 -5 -13 -6 -13 -6 -13 0 0 0 0 0 0 0 0 0 0
1784740908.095894,53713,-45,11,1,7,1,-95,1,629612206,128,0 0 0 0 0 0 0 0 0 0 0 0 -4 -7 -4 -8 -3 -8 -3 -8 -3 -8 -3 -9 -3 -9 -3 -9 -3 -10 -2 -10 -2 -10 -2 -11 -2 -11 -1 -11 -1 -11 -1 -11 -1 -11 -1 -11 0 -12 -1 -12 -1 -12 0 -12 0 -12 0 -12 0 -11 0 -12 0 0 -1 -12 -1 -12 -1 -12 -1 -12 -1 -11 -2 -12 -2 -12 -2 -12 -2 -12 -3 -12 -3 -12 -3 -12 -3 -12 -3 -12 -4 -12 -4 -12 -4 -13 -4 -13 -4 -13 -5 -13 -5 -13 -5 -13 -5 -13 -5 -13 -5 -13 -5 -13 0 0 0 0 0 0 0 0 0 0
1784740908.112150,53714,-45,11,1,7,1,-95,1,629621559,128,0 0 0 0 0 0 0 0 0 0 0 0 -6 4 -6 4 -7 4 -7 3 -7 3 -8 3 -8 4 -8 3 -9 3 -9 3 -10 3 -10 2 -10 2 -10 2 -11 2 -11 2 -11 2 -11 2 -11 1 -11 2 -11 2 -11 2 -11 1 -11 1 -11 1 -11 1 0 0 -11 2 -12 2 -11 2 -12 2 -12 2 -12 3 -12 3 -12 3 -12 3 -12 3 -12 3 -12 3 -12 3 -12 4 -12 5 -12 5 -13 4 -13 5 -13 5 -13 6 -13 6 -13 6 -13 5 -14 5 -13 6 -13 6 0 0 0 0 0 0 0 0 0 0
1784740908.129101,53715,-45,11,1,7,1,-95,1,629633214,128,0 0 0 0 0 0 0 0 0 0 0 0 2 6 1 6 1 7 1 7 0 7 0 8 0 8 0 8 0 8 -1 9 -1 9 -2 9 -2 9 -2 9 -2 9 -3 10 -2 9 -3 10 -3 10 -3 10 -3 10 -3 10 -3 10 -3 10 -3 9 -3 10 0 0 -3 10 -3 10 -3 10 -3 11 -2 10 -2 11 -2 11 -2 11 -2 11 -2 12 -2 12 -2 11 -2 11 -2 12 -1 12 -1 13 -2 13 -1 13 -1 13 -1 13 -1 13 0 14 -1 14 -2 14 -1 14 -1 14 0 0 0 0 0 0 0 0 0 0
1784740908.129101,53716,-45,11,1,7,1,-95,1,629641646,128,0 0 0 0 0 0 0 0 0 0 0 0 -6 -1 -7 -1 -7 -1 -7 -1 -7 -1 -7 -2 -7 -2 -8 -2 -8 -2 -8 -3 -8 -3 -8 -3 -8 -3 -8 -4 -9 -4 -9 -4 -9 -4 -9 -4 -9 -4 -9 -5 -9 -4 -9 -5 -9 -5 -9 -5 -9 -5 -10 -5 0 0 -10 -5 -10 -5 -10 -5 -10 -5 -10 -5 -11 -5 -11 -5 -11 -5 -11 -5 -12 -5 -11 -5 -12 -5 -12 -5 -12 -5 -12 -5 -13 -5 -13 -5 -13 -5 -13 -5 -14 -5 -14 -5 -14 -5 -14 -5 -14 -6 -14 -5 -15 -6 0 0 0 0 0 0 0 0 0 0
1784740908.144694,53717,-44,11,1,7,1,-95,1,629652617,128,0 0 0 0 0 0 0 0 0 0 0 0 -6 -1 -6 -2 -6 -2 -7 -2 -6 -2 -7 -3 -7 -3 -7 -3 -8 -3 -7 -3 -8 -4 -8 -4 -8 -4 -8 -5 -9 -5 -8 -5 -9 -6 -8 -6 -9 -6 -9 -6 -9 -6 -9 -7 -9 -6 -9 -7 -9 -7 -9 -7 0 0 -10 -7 -9 -7 -9 -8 -9 -7 -9 -7 -10 -7 -10 -7 -10 -7 -10 -7 -11 -7 -11 -7 -11 -7 -11 -7 -12 -7 -11 -7 -12 -7 -11 -7 -12 -7 -12 -7 -13 -7 -13 -7 -13 -7 -13 -7 -13 -7 -14 -7 -14 -8 0 0 0 0 0 0 0 0 0 0
1784740908.144694,53718,-43,11,1,7,1,-95,1,629661585,128,0 0 0 0 0 0 0 0 0 0 0 0 0 -6 1 -7 1 -7 2 -7 2 -7 2 -8 2 -7 3 -8 3 -8 3 -8 4 -8 4 -8 5 -8 5 -8 5 -9 6 -9 6 -9 6 -8 6 -9 7 -9 6 -9 7 -9 6 -9 7 -9 7 -9 7 -9 0 0 7 -9 7 -9 8 -9 7 -9 7 -9 7 -9 7 -9 7 -10 7 -10 7 -10 7 -10 7 -10 7 -11 7 -11 6 -11 7 -11 6 -11 7 -12 7 -12 7 -12 6 -12 7 -12 6 -12 7 -12 7 -13 7 -13 0 0 0 0 0 0 0 0 0 0
1784740908.160815,53719,-43,11,1,7,1,-95,1,629671487,128,0 0 0 0 0 0 0 0 0 0 0 0 -7 -1 -7 -2 -8 -3 -8 -3 -8 -3 -8 -3 -8 -4 -8 -4 -9 -4 -9 -5 -8 -5 -9 -6 -9 -6 -9 -6 -9 -6 -9 -7 -9 -7 -9 -7 -9 -7 -9 -7 -9 -7 -9 -7 -9 -7 -9 -8 -9 -8 -9 -8 0 0 -9 -7 -9 -7 -9 -7 -10 -7 -9 -7 -10 -7 -10 -6 -10 -6 -10 -6 -11 -7 -11 -6 -11 -6 -11 -6 -11 -6 -12 -6 -12 -5 -12 -6 -12 -6 -12 -5 -13 -5 -13 -5 -13 -5 -13 -6 -13 -6 -13 -6 -13 -5 0 0 0 0 0 0 0 0 0 0
1784740908.179146,53720,-44,11,1,7,1,-95,1,629681525,128,0 0 0 0 0 0 0 0 0 0 0 0 5 4 5 5 4 5 4 5 4 6 4 6 4 6 4 7 4 7 4 7 4 7 4 8 4 8 3 8 4 9 4 9 3 9 3 9 3 9 3 9 3 9 3 9 3 10 3 9 3 9 3 9 0 0 3 10 3 10 3 9 4 10 4 9 4 10 4 10 5 10 4 10 5 10 5 10 5 10 5 10 5 10 6 10 6 10 6 10 6 10 6 10 7 11 7 11 7 11 7 11 7 11 7 11 7 11 0 0 0 0 0 0 0 0 0 0
1784740908.185318,53721,-44,11,1,7,1,-95,1,629691613,128,0 0 0 0 0 0 0 0 0 0 0 0 -7 0 -7 0 -8 -1 -8 -1 -8 -2 -9 -1 -8 -2 -9 -2 -9 -2 -9 -2 -9 -3 -9 -3 -9 -3 -10 -3 -10 -4 -10 -4 -10 -4 -10 -4 -10 -5 -10 -5 -10 -5 -10 -5 -10 -4 -10 -4 -10 -4 -10 -5 0 0 -11 -4 -11 -4 -11 -5 -11 -5 -11 -4 -11 -5 -11 -5 -11 -4 -12 -5 -12 -4 -12 -4 -12 -3 -12 -3 -13 -4 -12 -4 -13 -4 -13 -3 -13 -4 -14 -4 -14 -4 -14 -3 -14 -3 -14 -3 -14 -4 -14 -3 -15 -3 0 0 0 0 0 0 0 0 0 0
1784740908.192998,53722,-44,11,1,7,1,-95,1,629702392,128,0 0 0 0 0 0 0 0 0 0 0 0 -4 6 -4 6 -5 6 -5 6 -5 6 -6 6 -6 6 -6 6 -6 6 -7 6 -7 6 -7 6 -8 6 -8 6 -8 6 -9 6 -9 6 -9 6 -9 6 -9 6 -9 6 -9 6 -9 6 -9 5 -9 6 -9 6 0 0 -10 6 -9 6 -10 6 -10 6 -9 7 -9 7 -9 7 -9 7 -9 7 -10 8 -10 8 -9 8 -9 8 -10 8 -10 9 -10 9 -10 9 -10 10 -10 10 -10 10 -10 10 -10 10 -10 10 -11 10 -11 10 -11 10 0 0 0 0 0 0 0 0 0 0
1784740908.192998,53723,-45,11,1,7,1,-95,1,629711509,128,0 0 0 0 0 0 0 0 0 0 0 0 -7 2 -8 2 -8 2 -8 2 -8 1 -9 2 -9 1 -9 1 -9 1 -9 0 -10 0 -10 0 -10 0 -11 -1 -11 -1 -11 -1 -11 -1 -11 -1 -11 -1 -11 -2 -11 -1 -11 -2 -11 -1 -11 -2 -11 -2 -11 -2 0 0 -11 -2 -11 -1 -11 -1 -12 -1 -11 0 -12 -1 -12 0 -12 0 -12 0 -12 0 -12 0 -12 1 -13 1 -13 1 -13 1 -13 1 -13 1 -14 1 -14 1 -14 1 -14 1 -14 2 -14 1 -14 1 -14 1 -15 1 0 0 0 0 0 0 0 0 0 0
1784740908.209146,53724,-47,11,1,7,1,-95,1,629721590,128,0 0 0 0 0 0 0 0 0 0 0 0 -6 4 -6 4 -7 3 -7 3 -7 3 -7 3 -7 2 -8 2 -8 2 -8 2 -8 2 -8 2 -9 2 -9 2 -9 2 -9 1 -10 2 -9 1 -9 1 -9 1 -9 1 -9 1 -9 2 -9 2 -9 2 -9 2 0 0 -10 2 -10 2 -10 2 -10 2 -10 3 -10 3 -10 3 -11 3 -11 3 -11 4 -11 4 -11 5 -11 5 -12 4 -12 4 -12 4 -12 4 -13 5 -13 4 -13 4 -13 5 -13 4 -13 5 -13 5 -13 5 -14 5 0 0 0 0 0 0 0 0 0 0
1784740908.224978,53725,-46,11,1,7,1,-95,1,629731514,128,0 0 0 0 0 0 0 0 0 0 0 0 -4 4 -4 3 -5 4 -5 4 -5 4 -5 3 -5 4 -6 4 -5 4 -6 4 -7 4 -7 4 -7 3 -7 4 -7 4 -7 4 -7 4 -7 4 -8 4 -7 5 -7 5 -8 4 -8 5 -8 5 -8 4 -8 5 0 0 -9 5 -8 6 -8 6 -9 7 -9 6 -9 6 -9 7 -10 7 -9 7 -10 8 -10 8 -10 7 -10 7 -10 7 -10 9 -10 8 -11 8 -11 9 -11 9 -11 9 -11 9 -11 9 -12 9 -12 9 -12 9 -12 9 0 0 0 0 0 0 0 0 0 0
1784740908.224978,53726,-45,11,1,7,1,-95,1,629741512,128,0 0 0 0 0 0 0 0 0 0 0 0 1 5 1 5 1 5 1 6 0 6 0 6 0 6 0 6 0 7 0 7 -1 7 -1 8 -1 8 -1 8 -1 8 -1 8 -1 9 -1 9 -2 9 -2 9 -1 9 -1 9 -2 9 -2 10 -2 10 -2 10 0 0 -2 11 -2 10 -2 11 -2 11 -1 11 -2 11 -2 11 -2 11 -2 12 -2 12 -2 12 -1 12 -1 12 -1 13 -1 12 -1 13 -1 12 -1 13 -1 13 -1 13 -1 14 -1 14 -1 13 -1 14 -1 14 -1 14 0 0 0 0 0 0 0 0 0 0
1784740908.240774,53727,-44,11,1,7,1,-95,1,629751559,128,0 0 0 0 0 0 0 0 0 0 0 0 6 0 6 0 6 0 6 0 6 1 6 1 7 1 7 1 7 2 7 2 7 2 8 2 8 3 8 3 8 3 8 3 8 3 8 3 9 4 9 4 9 3 9 4 9 4 8 4 9 4 9 4 0 0 9 4 10 4 9 4 9 4 9 4 10 4 10 4 10 4 10 4 11 4 11 4 11 4 11 4 11 3 11 4 12 4 12 4 12 4 12 4 12 3 12 3 12 3 12 3 12 4 13 4 13 4 0 0 0 0 0 0 0 0 0 0
1784740908.256682,53728,-44,11,1,7,1,-95,1,629761584,128,0 0 0 0 0 0 0 0 0 0 0 0 -4 -6 -4 -6 -4 -6 -3 -6 -4 -7 -3 -7 -4 -7 -4 -7 -4 -7 -3 -8 -3 -8 -3 -8 -3 -8 -3 -9 -3 -8 -3 -9 -3 -9 -3 -9 -3 -10 -3 -9 -3 -9 -3 -10 -3 -10 -2 -10 -2 -10 -2 -10 0 0 -3 -10 -3 -10 -3 -10 -4 -11 -3 -10 -4 -11 -4 -10 -4 -11 -4 -11 -5 -11 -4 -11 -5 -11 -4 -11 -5 -11 -6 -12 -5 -12 -5 -12 -6 -12 -6 -12 -6 -12 -6 -13 -6 -12 -6 -13 -6 -13 -6 -13 -6 -13 0 0 0 0 0 0 0 0 0 0
1784740908.256682,53729,-44,11,1,7,1,-95,1,629771595,128,0 0 0 0 0 0 0 0 0 0 0 0 -6 2 -7 2 -7 1 -7 1 -7 1 -8 1 -7 1 -8 1 -8 1 -8 1 -8 1 -9 0 -9 0 -9 0 -9 0 -9 0 -10 0 -9 0 -10 0 -10 0 -10 0 -10 0 -10 0 -10 0 -10 0 -10 0 0 0 -11 1 -10 0 -11 1 -11 1 -11 1 -11 1 -11 1 -11 1 -12 2 -12 2 -12 2 -12 2 -12 2 -13 3 -12 3 -13 3 -13 3 -14 3 -14 3 -14 3 -14 3 -14 3 -14 3 -15 3 -15 3 -15 4 0 0 0 0 0 0 0 0 0 0
1784740908.272677,53730,-45,11,1,7,1,-95,1,629781633,128,0 0 0 0 0 0 0 0 0 0 0 0 6 -1 7 0 7 0 7 0 7 0 7 1 7 1 7 1 7 1 7 1 8 2 8 2 8 2 8 2 8 2 8 3 8 3 8 2 8 2 8 3 8 2 8 3 8 2 8 2 8 2 8 2 0 0 9 2 9 2 9 2 9 2 9 1 9 1 10 1 10 1 10 1 11 1 11 1 11 0 11 1 11 1 12 0 12 0 12 1 13 0 13 0 13 0 13 0 13 0 14 0 14 1 14 1 14 1 0 0 0 0 0 0 0 0 0 0
1784740908.285518,53731,-46,11,1,7,1,-95,1,629791506,128,0 0 0 0 0 0 0 0 0 0 0 0 4 5 4 6 4 6 3 6 3 7 3 6 3 7 3 7 3 7 3 7 3 7 2 7 2 8 2 7 2 8 2 8 3 8 2 8 2 8 2 8 3 8 3 7 3 7 2 7 2 7 3 8 0 0 4 7 4 8 4 8 4 8 5 8 5 8 5 8 6 8 6 8 6 9 6 9 6 9 6 9 6 9 8 9 8 9 8 10 8 10 8 10 9 10 8 10 9 10 8 11 8 11 8 11 9 11 0 0 0 0 0 0 0 0 0 0
1784740908.288898,53732,-46,11,1,7,1,-95,1,629801482,128,0 0 0 0 0 0 0 0 0 0 0 0 3 -7 3 -7 4 -7 4 -6 4 -7 4 -6 4 -6 4 -6 4 -6 4 -6 4 -6 5 -6 5 -6 5 -6 5 -7 5 -6 5 -6 5 -7 5 -6 5 -6 5 -7 5 -7 5 -7 5 -7 5 -7 5 -7 0 0 5 -8 5 -8 5 -8 5 -9 5 -9 5 -9 5 -9 5 -10 5 -10 5 -11 5 -11 5 -11 5 -11 5 -11 5 -12 5 -12 6 -12 6 -12 6 -12 6 -13 6 -13 6 -13 6 -13 7 -13 7 -13 7 -13 0 0 0 0 0 0 0 0 0 0
1784740908.304789,53733,-47,11,1,7,1,-95,1,629811554,128,0 0 0 0 0 0 0 0 0 0 0 0 -7 -3 -7 -3 -7 -3 -7 -3 -7 -3 -7 -3 -7 -4 -7 -4 -7 -4 -7 -4 -7 -4 -7 -4 -7 -5 -7 -5 -7 -5 -8 -5 -7 -5 -8 -5 -8 -5 -8 -5 -8 -5 -8 -5 -8 -5 -8 -5 -8 -5 -8 -5 0 0 -8 -5 -9 -5 -9 -5 -9 -5 -9 -5 -10 -5 -10 -4 -10 -5 -10 -5 -11 -5 -11 -5 -11 -5 -11 -5 -11 -5 -13 -5 -12 -5 -13 -6 -13 -6 -13 -6 -13 -6 -13 -6 -13 -6 -13 -6 -13 -7 -13 -7 -13 -7 0 0 0 0 0 0 0 0 0 0
1784740908.304789,53734,-47,11,1,7,1,-95,1,629821608,128,0 0 0 0 0 0 0 0 0 0 0 0 2 -7 2 -6 2 -6 2 -6 2 -6 2 -6 2 -6 3 -7 3 -7 3 -7 3 -7 3 -7 4 -7 4 -7 4 -7 4 -7 4 -7 4 -7 5 -7 4 -7 4 -8 5 -8 5 -8 5 -8 5 -8 5 -8 0 0 5 -8 5 -9 5 -9 5 -9 5 -9 5 -9 5 -9 5 -10 5 -10 5 -10 5 -10 5 -11 5 -11 5 -11 5 -11 6 -12 6 -11 6 -12 5 -12 6 -12 6 -12 6 -13 6 -12 6 -13 7 -13 7 -13 0 0 0 0 0 0 0 0 0 0
1784740908.320691,53735,-46,11,1,7,1,-95,1,629831528,128,0 0 0 0 0 0 0 0 0 0 0 0 5 1 5 2 5 2 5 2 5 2 5 2 5 3 5 3 5 3 5 3 5 3 6 3 6 4 6 4 6 4 6 4 6 5 6 5 6 5 6 5 6 5 6 5 6 5 6 5 6 5 7 6 0 0 7 6 7 6 7 6 7 6 7 6 7 6 7 6 8 6 8 7 8 6 8 6 9 6 9 6 9 7 9 7 10 7 9 6 10 7 10 8 10 8 10 7 10 8 10 7 10 8 10 7 11 8 0 0 0 0 0 0 0 0 0 0
1784740908.337285,53736,-46,11,1,7,1,-95,1,629841586,128,0 0 0 0 0 0 0 0 0 0 0 0 5 1 5 1 5 1 5 1 5 1 5 1 6 1 6 1 6 2 6 2 6 2 6 2 6 3 6 2 7 3 7 3 7 3 7 3 7 3 7 3 7 3 8 3 8 3 7 3 8 4 8 3 0 0 8 3 9 3 8 3 9 3 9 3 9 3 9 3 10 3 10 3 10 3 10 3 10 3 10 3 11 3 12 2 11 2 12 3 12 3 12 2 12 2 12 2 13 2 13 2 13 3 13 3 13 3 0 0 0 0 0 0 0 0 0 0
1784740908.337285,53737,-46,11,1,7,1,-95,1,629851568,128,0 0 0 0 0 0 0 0 0 0 0 0 1 5 1 5 0 5 0 6 0 6 0 6 0 6 0 6 0 6 0 6 0 7 0 7 0 7 0 7 0 8 0 7 0 8 0 8 0 8 -1 8 0 9 0 9 0 9 -1 8 0 9 0 9 0 0 0 9 0 10 0 10 0 10 0 10 0 10 0 10 1 11 0 11 1 11 0 11 1 12 1 12 1 13 1 12 1 13 1 12 1 13 1 13 1 13 2 13 2 14 1 13 1 14 1 15 1 15 0 0 0 0 0 0 0 0 0 0
1784740908.352669,53738,-45,11,1,7,1,-95,1,629861520,128,0 0 0 0 0 0 0 0 0 0 0 0 4 -4 4 -4 4 -4 4 -4 4 -4 5 -4 5 -4 5 -4 5 -4 5 -4 5 -4 5 -4 6 -4 6 -4 6 -4 6 -4 6 -5 7 -4 7 -5 7 -5 7 -5 7 -5 7 -5 7 -5 7 -5 8 -5 0 0 8 -6 8 -6 8 -6 8 -6 8 -6 9 -7 9 -7 9 -7 9 -7 9 -8 10 -7 9 -8 9 -7 10 -8 10 -9 10 -8 10 -8 11 -9 10 -9 11 -9 11 -9 11 -9 11 -9 12 -9 12 -9 11 -9 0 0 0 0 0 0 0 0 0 0
1784740908.352669,53739,-45,11,1,7,1,-95,1,629871576,128,0 0 0 0 0 0 0 0 0 0 0 0 5 -3 4 -3 5 -3 5 -2 5 -2 5 -2 5 -2 5 -2 5 -3 6 -3 6 -2 6 -2 6 -2 6 -2 6 -2 7 -2 7 -3 7 -3 7 -3 7 -3 8 -3 8 -3 8 -3 8 -3 8 -3 9 -3 0 0 9 -3 9 -4 9 -3 10 -4 10 -4 10 -4 10 -4 11 -4 10 -5 11 -5 11 -4 11 -4 11 -4 11 -4 12 -5 12 -5 13 -5 12 -5 12 -5 13 -6 13 -5 12 -6 14 -5 13 -5 13 -5 13 -5 0 0 0 0 0 0 0 0 0 0
1784740908.372796,53740,-44,11,1,7,1,-95,1,629884003,128,0 0 0 0 0 0 0 0 0 0 0 0 -6 -3 -6 -3 -6 -3 -6 -4 -6 -4 -6 -4 -6 -4 -6 -4 -6 -4 -6 -5 -6 -5 -6 -5 -6 -5 -6 -5 -6 -5 -6 -5 -7 -5 -7 -5 -7 -6 -7 -6 -7 -6 -7 -6 -8 -6 -8 -6 -8 -6 -8 -7 0 0 -8 -7 -9 -7 -9 -7 -9 -7 -9 -7 -10 -7 -10 -7 -10 -8 -10 -7 -11 -8 -11 -8 -11 -8 -11 -8 -11 -8 -12 -8 -12 -8 -11 -8 -12 -9 -12 -9 -12 -9 -12 -9 -12 -9 -12 -9 -13 -10 -12 -10 -12 -10 0 0 0 0 0 0 0 0 0 0
1784740908.385858,53741,-44,11,1,7,1,-95,1,629891593,128,0 0 0 0 0 0 0 0 0 0 0 0 6 0 6 0 6 1 6 1 6 1 6 1 6 1 6 1 6 1 6 1 6 2 6 2 7 2 7 2 7 2 7 2 7 2 7 3 8 3 8 2 8 2 8 2 8 2 8 2 8 2 9 3 0 0 9 3 9 3 9 3 10 3 10 3 10 3 10 3 10 2 11 3 11 3 11 3 12 3 12 3 12 3 12 3 12 3 12 3 12 3 13 3 13 3 13 2 13 3 13 3 13 3 13 3 14 3 0 0 0 0 0 0 0 0 0 0
1784740908.385858,53742,-44,11,1,7,1,-95,1,629901550,128,0 0 0 0 0 0 0 0 0 0 0 0 -1 6 -1 6 -1 7 -1 6 -2 7 -2 6 -2 7 -2 6 -2 7 -3 7 -3 7 -3 7 -3 7 -3 7 -3 7 -3 8 -3 8 -3 8 -4 8 -3 9 -4 8 -4 8 -4 9 -4 9 -4 9 -4 9 0 0 -4 9 -3 10 -3 9 -3 10 -3 10 -3 10 -3 10 -3 11 -3 11 -3 12 -3 12 -2 11 -3 11 -3 11 -2 12 -2 12 -3 13 -2 13 -2 13 -3 13 -2 13 -2 13 -3 13 -3 14 -3 13 -3 14 0 0 0 0 0 0 0 0 0 0
1784740908.401010,53743,-44,11,1,7,1,-95,1,629911571,128,0 0 0 0 0 0 0 0 0 0 0 0 -1 6 -1 7 -1 7 -2 7 -2 6 -2 7 -2 7 -2 7 -2 7 -2 7 -2 8 -3 8 -3 8 -3 8 -3 9 -4 8 -4 9 -4 8 -4 9 -4 8 -4 9 -4 9 -4 9 -4 9 -4 9 -4 9 0 0 -4 10 -4 9 -5 10 -4 10 -4 10 -4 10 -4 10 -4 11 -4 11 -4 11 -4 12 -4 12 -4 12 -4 12 -4 11 -4 13 -4 12 -4 12 -3 13 -4 13 -3 13 -4 13 -3 12 -4 13 -4 13 -4 13 0 0 0 0 0 0 0 0 0 0
1784740908.416699,53744,-44,11,1,7,1,-95,1,629921588,128,0 0 0 0 0 0 0 0 0 0 0 0 -6 -6 -5 -6 -5 -7 -5 -7 -5 -7 -5 -7 -5 -7 -5 -7 -5 -8 -5 -8 -5 -8 -5 -8 -4 -9 -4 -9 -4 -9 -4 -9 -4 -9 -5 -10 -4 -10 -4 -10 -5 -10 -4 -10 -5 -10 -4 -10 -4 -10 -4 -10 0 0 -5 -10 -5 -11 -5 -10 -6 -11 -5 -10 -6 -11 -6 -10 -6 -11 -6 -11 -6 -12 -6 -11 -6 -11 -6 -12 -6 -11 -7 -12 -7 -12 -7 -12 -7 -12 -8 -12 -8 -12 -8 -12 -8 -12 -8 -12 -7 -12 -7 -13 -7 -12 0 0 0 0 0 0 0 0 0 0
1784740908.416699,53745,-45,11,1,7,1,-95,1,629931626,128,0 0 0 0 0 0 0 0 0 0 0 0 2 6 2 6 1 6 1 7 1 7 1 7 1 7 1 7 1 7 0 8 0 8 0 8 0 8 0 8 0 8 0 9 0 9 0 9 0 9 0 9 0 9 0 9 0 9 0 9 0 9 0 10 0 0 1 10 1 9 1 10 1 10 1 10 1 10 1 10 2 11 2 11 2 11 2 11 2 11 2 11 2 11 3 11 3 12 2 12 3 12 3 12 3 12 3 12 3 12 3 12 3 13 3 12 3 12 0 0 0 0 0 0 0 0 0 0
1784740908.434500,53746,-45,11,1,7,1,-95,1,629941527,128,0 0 0 0 0 0 0 0 0 0 0 0 6 1 6 2 6 2 6 2 6 2 6 2 6 3 7 3 6 3 6 3 7 3 7 4 7 4 7 4 7 4 7 4 7 5 7 4 7 5 7 4 7 5 7 5 8 5 7 5 8 5 8 5 0 0 8 5 8 5 8 6 9 5 8 5 9 5 9 6 10 5 10 6 10 6 10 6 10 5 10 6 11 6 10 6 11 6 10 6 11 6 11 6 11 6 11 6 12 6 11 6 11 6 12 6 12 7 0 0 0 0 0 0 0 0 0 0
1784740908.434500,53747,-45,11,1,7,1,-95,1,629951599,128,0 0 0 0 0 0 0 0 0 0 0 0 5 -4 5 -5 5 -4 5 -4 6 -4 5 -4 6 -4 6 -4 6 -4 7 -4 7 -4 7 -3 7 -3 7 -3 7 -4 8 -3 8 -3 8 -3 8 -3 8 -4 8 -4 8 -4 9 -4 9 -3 9 -3 9 -4 0 0 9 -4 10 -4 9 -4 10 -4 10 -4 10 -5 10 -5 10 -5 10 -5 11 -5 11 -5 11 -5 11 -5 11 -5 12 -6 11 -6 12 -6 12 -6 12 -6 12 -6 12 -6 12 -6 12 -6 12 -6 12 -6 12 -6 0 0 0 0 0 0 0 0 0 0
1784740908.451138,53748,-45,11,1,7,1,-95,1,629961537,128,0 0 0 0 0 0 0 0 0 0 0 0 -4 -5 -5 -6 -4 -6 -4 -6 -4 -6 -4 -6 -4 -7 -4 -7 -4 -7 -4 -7 -4 -8 -4 -8 -4 -8 -4 -8 -4 -9 -4 -9 -4 -9 -4 -9 -4 -9 -4 -9 -4 -9 -4 -9 -4 -9 -4 -10 -4 -10 -4 -10 0 0 -5 -10 -5 -10 -5 -10 -5 -10 -5 -11 -5 -11 -5 -11 -5 -11 -5 -11 -6 -11 -5 -11 -6 -11 -6 -11 -6 -12 -6 -11 -7 -12 -6 -12 -7 -12 -6 -12 -7 -12 -7 -12 -7 -12 -6 -12 -7 -13 -6 -13 -7 -13 0 0 0 0 0 0 0 0 0 0
1784740908.467599,53749,-45,11,1,7,1,-95,1,629971580,128,0 0 0 0 0 0 0 0 0 0 0 0 3 -6 3 -6 4 -6 4 -6 4 -6 4 -6 4 -6 4 -6 5 -6 5 -6 5 -6 5 -6 5 -6 6 -6 6 -6 6 -6 7 -6 6 -6 7 -6 7 -6 7 -6 7 -6 7 -6 7 -6 7 -6 7 -7 0 0 8 -7 8 -7 8 -7 8 -7 8 -7 8 -7 8 -7 8 -8 9 -8 8 -8 8 -9 8 -8 8 -9 9 -9 8 -9 9 -9 9 -8 9 -9 9 -9 9 -9 9 -9 9 -9 9 -9 9 -9 9 -10 9 -10 0 0 0 0 0 0 0 0 0 0
1784740908.479714,53750,-45,11,1,7,1,-95,1,629981595,128,0 0 0 0 0 0 0 0 0 0 0 0 -1 6 -2 6 -2 6 -2 6 -2 7 -3 7 -3 7 -3 7 -4 7 -4 7 -4 7 -4 7 -5 7 -4 7 -5 7 -5 8 -5 8 -5 8 -5 8 -6 8 -6 8 -5 8 -6 8 -6 8 -6 8 -6 8 0 0 -6 8 -6 9 -6 8 -6 9 -6 9 -6 9 -6 9 -6 10 -6 10 -6 10 -6 10 -6 10 -6 10 -6 10 -5 11 -6 11 -6 11 -6 11 -6 11 -6 11 -6 11 -6 11 -6 11 -6 11 -6 11 -6 11 0 0 0 0 0 0 0 0 0 0
1784740908.486339,53751,-45,11,1,7,1,-95,1,629991480,128,0 0 0 0 0 0 0 0 0 0 0 0 -7 -1 -7 -1 -7 -1 -8 -2 -7 -2 -8 -2 -8 -2 -8 -2 -8 -2 -8 -3 -8 -3 -8 -4 -8 -4 -9 -4 -9 -4 -9 -4 -9 -4 -9 -4 -9 -4 -9 -4 -9 -4 -9 -5 -9 -4 -9 -5 -9 -5 -10 -5 0 0 -10 -5 -10 -5 -10 -5 -10 -5 -10 -5 -11 -5 -11 -4 -11 -4 -11 -5 -11 -5 -11 -5 -12 -5 -12 -5 -12 -5 -12 -4 -13 -5 -12 -4 -13 -5 -12 -4 -13 -4 -13 -4 -13 -4 -13 -4 -12 -5 -13 -5 -13 -4 0 0 0 0 0 0 0 0 0 0
1784740908.498025,53752,-45,11,1,7,1,-95,1,630001542,128,0 0 0 0 0 0 0 0 0 0 0 0 1 6 1 6 1 6 0 7 0 7 1 7 0 7 0 7 0 7 0 7 0 8 0 8 -1 8 -1 8 -1 9 -2 8 -1 9 -1 9 -2 9 -2 9 -2 9 -2 9 -1 9 -2 9 -1 9 -2 10 0 0 -2 10 -2 10 -2 10 -1 10 -1 10 -2 11 -2 11 -1 11 -2 11 -1 11 -1 11 -1 12 -1 12 -1 12 -1 12 -1 13 -1 12 -1 12 -1 13 -1 13 0 13 -1 13 -1 12 0 12 0 13 -1 13 0 0 0 0 0 0 0 0 0 0
1784740908.498025,53753,-45,11,1,7,1,-95,1,630011526,128,0 0 0 0 0 0 0 0 0 0 0 0 0 6 0 6 -1 7 -1 6 -1 7 -1 7 -2 7 -2 7 -2 7 -3 7 -3 8 -3 8 -3 8 -3 8 -3 8 -3 9 -3 8 -3 9 -3 9 -4 9 -4 9 -4 9 -4 9 -4 9 -4 9 -4 9 0 0 -4 9 -4 10 -4 10 -4 10 -3 10 -3 10 -3 11 -3 11 -3 11 -3 12 -4 11 -3 11 -3 11 -3 11 -3 12 -3 12 -3 12 -3 12 -3 12 -3 13 -3 13 -2 13 -3 13 -3 13 -3 13 -2 13 0 0 0 0 0 0 0 0 0 0
1784740908.511440,53754,-45,11,1,7,1,-95,1,630021498,128,0 0 0 0 0 0 0 0 0 0 0 0 -2 6 -3 6 -3 6 -4 6 -4 6 -4 6 -4 6 -4 7 -5 7 -5 7 -5 6 -6 7 -6 6 -6 7 -6 7 -6 6 -7 7 -7 7 -7 7 -7 7 -7 7 -7 7 -7 7 -7 7 -7 7 -7 7 0 0 -7 8 -7 7 -8 8 -7 8 -7 8 -7 8 -7 8 -7 9 -7 9 -7 9 -8 9 -8 9 -8 9 -8 10 -8 9 -8 10 -8 9 -8 10 -8 10 -8 10 -8 10 -8 11 -8 10 -8 10 -8 10 -8 11 0 0 0 0 0 0 0 0 0 0
1784740908.527282,53755,-45,11,1,7,1,-95,1,630031584,128,0 0 0 0 0 0 0 0 0 0 0 0 7 0 7 1 7 2 7 2 7 2 7 2 7 3 8 3 8 3 7 4 8 3 8 4 8 4 7 4 8 5 7 5 7 5 7 5 7 5 7 5 8 5 7 5 7 5 7 5 7 5 8 5 0 0 8 5 8 5 8 5 8 5 8 5 9 5 9 5 9 5 9 5 10 5 10 5 10 5 10 5 10 5 10 5 11 5 10 5 11 5 11 5 11 5 11 5 11 5 11 5 11 5 11 4 12 5 0 0 0 0 0 0 0 0 0 0
1784740908.527282,53756,-46,11,1,7,1,-95,1,630044043,128,0 0 0 0 0 0 0 0 0 0 0 0 7 1 7 1 7 2 7 2 7 2 7 2 7 2 7 3 7 3 7 4 7 4 7 4 7 4 7 5 7 4 7 5 7 4 7 4 7 5 7 5 7 4 7 5 8 5 7 5 7 5 8 5 0 0 8 5 8 5 8 5 9 5 8 4 9 4 9 4 9 4 9 5 10 5 10 5 9 5 10 5 10 5 11 4 10 4 11 5 11 5 11 4 12 4 11 4 11 4 12 5 11 5 11 5 11 5 0 0 0 0 0 0 0 0 0 0
1784740908.543437,53757,-46,11,1,7,1,-95,1,630051476,128,0 0 0 0 0 0 0 0 0 0 0 0 -5 4 -6 4 -6 4 -6 4 -6 4 -6 4 -7 3 -7 4 -7 3 -7 3 -7 4 -7 3 -8 3 -8 3 -8 3 -8 3 -8 3 -8 3 -8 3 -8 3 -9 3 -9 3 -9 4 -9 3 -9 4 -9 4 0 0 -10 4 -9 4 -10 4 -9 4 -10 4 -10 5 -10 5 -10 4 -10 5 -10 5 -10 5 -10 5 -11 6 -11 6 -10 6 -11 6 -11 6 -11 6 -11 6 -11 6 -11 6 -11 6 -11 6 -11 7 -11 7 -11 7 0 0 0 0 0 0 0 0 0 0
1784740908.543437,53758,-45,11,1,7,1,-95,1,630062106,128,0 0 0 0 0 0 0 0 0 0 0 0 -6 0 -6 -1 -7 -1 -6 -1 -7 -2 -7 -1 -7 -2 -8 -2 -7 -2 -8 -3 -8 -3 -8 -3 -8 -3 -8 -3 -8 -3 -9 -3 -8 -3 -9 -4 -9 -4 -9 -4 -9 -4 -9 -4 -9 -4 -9 -4 -9 -5 -9 -5 0 0 -10 -4 -10 -4 -9 -4 -11 -4 -10 -4 -10 -4 -10 -4 -11 -4 -11 -4 -12 -4 -11 -4 -11 -4 -11 -4 -11 -4 -12 -4 -12 -3 -12 -4 -12 -4 -12 -4 -12 -4 -12 -4 -12 -3 -13 -4 -13 -4 -12 -4 -13 -4 0 0 0 0 0 0 0 0 0 0
1784740908.559339,53759,-44,11,1,7,1,-95,1,630071539,128,0 0 0 0 0 0 0 0 0 0 0 0 -4 -6 -4 -6 -4 -7 -3 -7 -3 -7 -3 -7 -3 -7 -3 -8 -3 -8 -3 -8 -3 -9 -2 -9 -2 -9 -2 -9 -2 -9 -2 -9 -2 -9 -2 -10 -2 -10 -2 -10 -2 -10 -2 -10 -2 -10 -2 -10 -1 -10 -2 -11 0 0 -2 -11 -2 -11 -2 -11 -2 -11 -2 -11 -2 -11 -3 -11 -3 -11 -3 -11 -3 -12 -3 -12 -3 -12 -3 -11 -3 -12 -3 -12 -4 -12 -3 -12 -4 -12 -4 -12 -4 -12 -4 -12 -5 -12 -4 -12 -4 -13 -4 -12 -5 -13 0 0 0 0 0 0 0 0 0 0
1784740908.577866,53760,-44,11,1,7,1,-95,1,630081568,128,0 0 0 0 0 0 0 0 0 0 0 0 6 1 6 2 6 2 6 2 6 2 7 3 6 3 7 3 7 4 7 4 7 4 7 4 7 5 7 5 7 5 7 5 7 6 7 6 7 6 7 6 7 6 7 7 7 6 7 6 7 6 8 7 0 0 7 7 7 7 7 7 7 7 8 7 7 7 7 7 8 7 8 7 8 6 9 6 9 6 9 6 9 7 9 7 9 7 9 6 10 6 10 7 10 7 10 6 10 7 10 6 10 6 11 6 11 6 0 0 0 0 0 0 0 0 0 0
1784740908.591646,53761,-44,11,1,7,1,-95,1,630091540,128,0 0 0 0 0 0 0 0 0 0 0 0 3 6 2 6 2 7 2 7 2 7 2 7 2 7 2 8 1 8 1 8 0 8 0 8 0 8 0 9 0 9 0 9 0 9 0 9 -1 9 0 10 0 9 0 9 -1 10 -1 9 -1 9 -1 10 0 0 -1 10 0 10 0 10 0 10 0 10 0 10 0 10 0 10 0 10 0 11 0 11 1 11 0 11 1 10 1 11 1 11 1 12 1 11 2 11 2 12 2 11 2 12 2 12 1 12 1 12 2 12 0 0 0 0 0 0 0 0 0 0
1784740908.591646,53762,-44,11,1,7,1,-95,1,630101592,128,0 0 0 0 0 0 0 0 0 0 0 0 -5 -7 -5 -7 -4 -7 -4 -8 -4 -8 -4 -8 -4 -8 -4 -8 -4 -9 -4 -9 -3 -9 -3 -9 -3 -10 -3 -10 -3 -10 -3 -10 -3 -10 -3 -10 -3 -11 -3 -11 -2 -11 -3 -10 -3 -11 -3 -11 -2 -11 -3 -11 0 0 -3 -11 -3 -11 -3 -11 -3 -11 -4 -11 -4 -11 -4 -11 -4 -11 -4 -11 -5 -12 -5 -12 -5 -11 -5 -11 -5 -12 -5 -12 -6 -12 -5 -12 -6 -12 -6 -12 -6 -12 -6 -12 -6 -12 -6 -12 -6 -12 -6 -13 -7 -12 0 0 0 0 0 0 0 0 0 0
1784740908.607879,53763,-44,11,1,7,1,-95,1,630111978,128,0 0 0 0 0 0 0 0 0 0 0 0 2 -8 2 -8 3 -8 3 -8 4 -8 4 -8 4 -8 4 -8 4 -8 5 -8 5 -8 5 -8 6 -8 6 -8 6 -8 6 -8 7 -8 7 -8 7 -8 6 -8 7 -8 7 -8 7 -8 7 -8 7 -8 7 -8 0 0 7 -8 7 -9 7 -9 7 -9 6 -9 6 -9 6 -10 6 -10 6 -10 6 -10 6 -10 6 -10 6 -11 6 -11 6 -11 6 -11 6 -11 6 -11 6 -12 6 -12 6 -12 6 -12 6 -12 6 -12 6 -12 6 -12 0 0 0 0 0 0 0 0 0 0
1784740908.607879,53764,-44,11,1,7,1,-95,1,630121530,128,0 0 0 0 0 0 0 0 0 0 0 0 -7 4 -7 4 -7 4 -7 3 -8 4 -8 3 -8 4 -8 3 -8 4 -9 3 -10 3 -10 2 -10 2 -10 2 -10 2 -10 2 -10 2 -11 2 -10 2 -10 2 -10 2 -10 2 -11 2 -11 1 -10 2 -10 2 0 0 -11 2 -11 3 -10 3 -11 3 -10 3 -11 3 -11 4 -11 4 -11 4 -12 4 -11 4 -11 4 -11 4 -11 4 -11 5 -11 5 -12 5 -12 5 -12 6 -12 6 -12 5 -11 6 -12 5 -12 5 -12 5 -11 6 0 0 0 0 0 0 0 0 0 0
1784740908.624007,53765,-44,11,1,7,1,-95,1,630131606,128,0 0 0 0 0 0 0 0 0 0 0 0 4 -7 4 -7 4 -6 5 -6 5 -6 5 -6 5 -6 6 -6 6 -7 6 -6 7 -6 7 -6 8 -6 8 -6 8 -6 8 -6 8 -6 8 -6 8 -6 8 -6 8 -6 9 -6 8 -6 9 -6 9 -6 9 -6 0 0 9 -6 9 -6 9 -6 8 -7 8 -7 8 -7 8 -7 8 -8 8 -8 9 -8 9 -8 9 -8 9 -8 9 -9 8 -9 9 -9 8 -9 9 -9 8 -10 8 -10 8 -10 8 -10 8 -10 8 -9 9 -10 8 -10 0 0 0 0 0 0 0 0 0 0
1784740908.624007,53766,-45,11,1,7,1,-95,1,630141594,128,0 0 0 0 0 0 0 0 0 0 0 0 -6 -6 -5 -6 -5 -7 -5 -7 -5 -7 -5 -8 -5 -8 -5 -8 -4 -8 -4 -8 -5 -9 -4 -9 -4 -10 -4 -10 -4 -10 -3 -10 -3 -11 -3 -10 -3 -11 -3 -11 -3 -11 -3 -11 -3 -11 -3 -11 -3 -10 -3 -11 0 0 -3 -11 -3 -11 -3 -11 -3 -11 -3 -11 -3 -11 -4 -11 -4 -11 -4 -11 -4 -11 -4 -11 -5 -11 -5 -12 -5 -12 -5 -12 -5 -12 -4 -12 -5 -12 -5 -12 -5 -12 -5 -12 -5 -12 -5 -12 -5 -12 -6 -12 -6 -13 0 0 0 0 0 0 0 0 0 0
1784740908.639873,53767,-45,11,1,7,1,-95,1,630151493,128,0 0 0 0 0 0 0 0 0 0 0 0 0 -8 1 -8 1 -8 1 -8 2 -8 2 -8 2 -8 2 -8 2 -9 3 -9 3 -9 4 -9 4 -9 4 -9 4 -9 5 -9 4 -9 5 -10 5 -9 5 -9 5 -9 5 -9 5 -10 5 -9 5 -9 5 -9 0 0 4 -10 5 -10 4 -9 4 -11 4 -10 4 -11 4 -11 4 -11 4 -11 4 -12 4 -11 4 -11 4 -11 4 -11 3 -13 3 -12 4 -13 3 -12 3 -13 3 -13 3 -13 3 -13 3 -13 4 -13 3 -13 3 -13 0 0 0 0 0 0 0 0 0 0
1784740908.656037,53768,-45,11,1,7,1,-95,1,630161570,128,0 0 0 0 0 0 0 0 0 0 0 0 4 5 4 5 4 6 4 6 3 6 4 6 4 7 4 7 3 7 3 7 3 8 3 8 3 8 3 9 3 9 2 9 2 9 2 9 2 9 2 9 2 10 2 10 2 10 2 10 2 10 2 10 0 0 2 10 2 10 2 10 2 10 3 10 3 10 3 10 3 11 3 11 4 11 3 11 4 11 4 11 4 12 4 12 4 12 4 12 4 12 4 12 4 12 5 12 4 12 4 12 4 12 4 12 4 12 0 0 0 0 0 0 0 0 0 0
1784740908.656037,53769,-45,11,1,7,1,-95,1,630171480,128,0 0 0 0 0 0 0 0 0 0 0 0 -4 5 -4 5 -5 5 -5 5 -5 5 -5 5 -5 5 -6 5 -6 5 -7 5 -7 5 -7 5 -8 5 -8 5 -8 5 -8 5 -8 5 -9 5 -9 5 -9 5 -9 5 -9 6 -9 5 -9 5 -9 5 -9 5 0 0 -9 5 -9 6 -9 6 -10 6 -9 6 -10 6 -9 6 -10 7 -10 7 -10 7 -10 7 -10 7 -10 7 -10 7 -10 8 -10 8 -11 8 -10 8 -10 8 -10 8 -10 8 -10 8 -10 8 -11 8 -10 8 -10 8 0 0 0 0 0 0 0 0 0 0
1784740908.703462,53770,-45,11,1,7,1,-95,1,630181560,128,0 0 0 0 0 0 0 0 0 0 0 0 -6 -4 -7 -4 -6 -5 -6 -5 -6 -5 -6 -6 -6 -6 -6 -6 -7 -6 -6 -7 -6 -7 -6 -8 -6 -8 -6 -8 -6 -8 -6 -9 -6 -9 -6 -9 -6 -9 -6 -9 -6 -9 -6 -9 -6 -10 -6 -10 -6 -10 -6 -10 0 0 -6 -10 -7 -10 -7 -10 -7 -10 -7 -10 -7 -10 -7 -10 -7 -10 -7 -10 -8 -11 -8 -11 -8 -10 -8 -10 -8 -10 -9 -10 -9 -10 -8 -11 -9 -11 -9 -10 -9 -10 -9 -11 -9 -10 -9 -11 -9 -11 -9 -11 -9 -10 0 0 0 0 0 0 0 0 0 0
1784740908.703462,53771,-45,11,1,6,1,-95,1,630204844,128,0 0 0 0 0 0 0 0 0 0 0 0 0 -8 -1 -8 0 -8 0 -8 1 -9 1 -9 1 -9 2 -9 2 -9 3 -9 3 -9 3 -10 3 -9 4 -10 4 -10 4 -10 4 -10 4 -10 4 -10 4 -10 4 -10 5 -10 5 -10 5 -10 5 -9 4 -10 0 0 4 -10 4 -10 4 -10 4 -11 4 -10 4 -10 3 -11 4 -11 3 -11 3 -12 3 -12 3 -12 3 -11 3 -12 3 -12 3 -13 3 -13 3 -13 3 -13 3 -13 3 -13 3 -13 3 -13 3 -13 3 -13 3 -13 0 0 0 0 0 0 0 0 0 0
1784740908.703462,53772,-44,11,1,7,1,-95,1,630214552,128,0 0 0 0 0 0 0 0 0 0 0 0 -8 -1 -8 -1 -8 -2 -8 -2 -9 -2 -9 -2 -9 -3 -9 -3 -9 -3 -9 -4 -9 -4 -9 -5 -9 -5 -9 -5 -9 -5 -10 -5 -9 -5 -9 -6 -10 -5 -10 -6 -9 -6 -9 -6 -9 -6 -9 -6 -9 -6 -9 -6 0 0 -10 -6 -10 -5 -10 -5 -10 -5 -10 -5 -11 -5 -11 -5 -11 -4 -11 -4 -12 -5 -11 -4 -11 -4 -12 -4 -12 -4 -13 -4 -13 -4 -13 -4 -13 -4 -13 -4 -13 -4 -13 -4 -14 -3 -14 -4 -14 -4 -13 -4 -14 -4 0 0 0 0 0 0 0 0 0 0
1784740908.703462,53773,-44,11,1,7,1,-95,1,630221592,128,0 0 0 0 0 0 0 0 0 0 0 0 7 1 7 1 7 1 7 2 7 2 7 2 7 3 8 3 8 3 8 3 8 4 8 4 8 4 8 5 8 5 8 5 8 6 8 5 8 6 8 6 8 6 8 6 8 6 8 6 8 6 8 6 0 0 8 6 8 5 8 5 9 5 9 5 9 5 9 5 10 5 9 5 10 5 11 5 10 5 11 4 11 5 11 5 11 5 11 4 12 5 12 5 12 5 12 5 12 5 12 4 12 5 12 5 12 5 0 0 0 0 0 0 0 0 0 0
1784740908.719574,53774,-44,11,1,7,1,-95,1,630231529,128,0 0 0 0 0 0 0 0 0 0 0 0 7 0 7 1 7 1 7 1 7 2 7 2 7 2 8 2 8 2 8 3 8 4 8 4 8 4 8 4 8 4 8 5 8 5 8 5 8 5 8 5 8 5 8 5 8 5 8 5 8 5 8 5 0 0 8 5 9 5 8 5 9 5 9 4 9 4 9 4 10 4 10 4 11 4 10 4 10 4 10 4 11 4 12 4 11 4 12 4 12 4 12 3 12 3 12 4 12 3 12 4 12 4 12 4 12 4 0 0 0 0 0 0 0 0 0 0
1784740908.735724,53775,-44,11,1,7,1,-95,1,630241542,128,0 0 0 0 0 0 0 0 0 0 0 0 2 -7 2 -7 3 -7 3 -7 3 -7 4 -7 4 -7 4 -7 4 -7 5 -7 5 -8 6 -7 6 -7 6 -7 6 -7 6 -8 6 -7 7 -7 7 -7 7 -7 7 -7 7 -7 7 -7 7 -7 7 -7 7 -7 0 0 7 -7 7 -8 7 -8 7 -8 7 -8 7 -8 7 -9 7 -9 7 -9 7 -10 7 -10 7 -10 7 -10 7 -10 7 -11 7 -11 7 -11 7 -11 7 -11 7 -12 7 -11 7 -11 7 -11 7 -11 7 -11 7 -11 0 0 0 0 0 0 0 0 0 0
1784740908.735724,53776,-44,11,1,7,1,-95,1,630251486,128,0 0 0 0 0 0 0 0 0 0 0 0 4 5 4 5 4 6 4 6 4 6 4 7 3 7 4 7 3 8 3 8 3 8 3 8 3 9 3 9 3 9 2 9 2 10 2 9 2 10 1 10 1 10 1 10 2 10 2 10 2 10 2 10 0 0 2 10 2 10 2 10 2 10 2 10 3 10 3 10 3 11 3 11 4 10 4 10 4 11 4 11 4 11 4 11 4 12 4 11 4 11 5 12 4 12 5 12 4 12 5 11 5 12 5 11 5 12 0 0 0 0 0 0 0 0 0 0
1784740908.755214,53777,-45,11,1,7,1,-95,1,630261502,128,0 0 0 0 0 0 0 0 0 0 0 0 -5 -7 -4 -7 -4 -8 -4 -7 -4 -8 -4 -8 -4 -8 -4 -8 -4 -9 -3 -9 -3 -10 -3 -10 -2 -10 -2 -10 -2 -10 -2 -11 -2 -11 -2 -11 -2 -11 -2 -11 -2 -11 -2 -11 -2 -12 -1 -11 -1 -11 -1 -11 0 0 -2 -11 -2 -12 -2 -11 -2 -12 -3 -11 -3 -12 -3 -12 -3 -12 -3 -12 -4 -13 -3 -12 -3 -12 -3 -12 -4 -12 -4 -13 -4 -12 -4 -13 -4 -13 -5 -13 -5 -13 -5 -13 -5 -13 -5 -14 -5 -13 -4 -13 -5 -13 0 0 0 0 0 0 0 0 0 0
1784740908.767857,53778,-45,11,1,7,1,-95,1,630271545,128,0 0 0 0 0 0 0 0 0 0 0 0 5 -5 6 -5 6 -4 6 -4 6 -4 7 -4 7 -4 8 -4 8 -4 8 -3 8 -3 9 -3 9 -3 9 -2 10 -2 9 -2 10 -2 9 -2 10 -1 10 -2 10 -1 10 -1 10 -2 10 -1 10 -1 10 -1 0 0 10 -1 10 -2 10 -2 10 -2 11 -2 10 -2 10 -2 11 -2 11 -3 11 -3 11 -3 11 -3 11 -3 11 -3 11 -4 12 -4 12 -3 12 -3 12 -4 12 -4 12 -4 12 -4 12 -4 12 -4 12 -4 12 -4 0 0 0 0 0 0 0 0 0 0
1784740908.767857,53779,-45,11,1,7,1,-95,1,630281568,128,0 0 0 0 0 0 0 0 0 0 0 0 0 -8 0 -8 1 -8 1 -8 1 -8 1 -8 2 -9 2 -9 2 -9 2 -9 3 -9 3 -9 3 -9 4 -9 4 -9 5 -9 5 -9 5 -9 5 -9 5 -9 5 -9 5 -9 5 -10 5 -9 5 -9 5 -9 0 0 5 -9 5 -10 5 -10 5 -10 4 -10 5 -10 5 -10 4 -10 5 -10 4 -11 4 -11 4 -11 4 -11 4 -12 4 -12 4 -12 4 -12 4 -12 4 -12 4 -12 4 -13 4 -13 4 -12 4 -12 4 -13 4 -13 0 0 0 0 0 0 0 0 0 0
1784740908.787706,53780,-41,11,1,7,0,-95,1,630293506,128,0 0 0 0 0 0 0 0 0 0 0 0 -5 -8 -5 -8 -5 -9 -4 -9 -4 -9 -4 -10 -4 -10 -4 -10 -4 -11 -3 -11 -3 -11 -3 -12 -3 -12 -3 -13 -3 -13 -2 -13 -2 -13 -2 -13 -2 -13 -2 -13 -2 -13 -2 -13 -1 -13 -1 -13 -1 -13 -1 -13 0 0 -2 -14 -2 -14 -2 -14 -3 -13 -3 -14 -3 -14 -3 -14 -4 -14 -4 -14 -4 -14 -4 -14 -4 -14 -4 -15 -5 -15 -5 -15 -6 -15 -6 -15 -6 -15 -6 -15 -6 -15 -6 -15 -7 -16 -6 -15 -6 -16 -7 -16 -7 -15 0 0 0 0 0 0 0 0 0 0
1784740908.799800,53781,-44,11,1,7,1,-95,1,630302956,128,0 0 0 0 0 0 0 0 0 0 0 0 -6 -5 -6 -6 -6 -6 -6 -7 -6 -7 -6 -7 -6 -8 -6 -8 -6 -8 -6 -9 -5 -9 -5 -9 -5 -10 -5 -10 -5 -10 -4 -10 -4 -11 -4 -10 -4 -11 -4 -11 -4 -11 -4 -11 -4 -11 -4 -10 -4 -10 -4 -11 0 0 -5 -11 -5 -11 -4 -11 -5 -10 -5 -10 -5 -11 -6 -10 -6 -11 -6 -11 -7 -11 -7 -11 -7 -11 -7 -11 -7 -11 -8 -11 -7 -11 -7 -11 -8 -11 -8 -11 -8 -11 -8 -11 -8 -11 -9 -11 -8 -11 -9 -11 -9 -11 0 0 0 0 0 0 0 0 0 0
1784740908.799800,53782,-44,11,1,7,1,-95,1,630311561,128,0 0 0 0 0 0 0 0 0 0 0 0 0 -8 1 -8 1 -8 2 -8 2 -8 2 -9 2 -9 3 -9 3 -9 3 -9 3 -9 4 -9 4 -9 5 -9 5 -9 5 -9 5 -9 6 -9 6 -9 6 -9 6 -9 6 -9 6 -9 6 -9 6 -9 6 -9 0 0 5 -9 5 -9 6 -9 5 -9 5 -10 5 -10 5 -10 5 -10 5 -10 5 -11 5 -11 4 -11 4 -11 4 -11 5 -12 5 -12 5 -12 4 -12 4 -12 4 -12 4 -12 5 -12 4 -13 4 -13 4 -13 4 -13 0 0 0 0 0 0 0 0 0 0
1784740908.816058,53783,-44,11,1,7,1,-95,1,630321577,128,0 0 0 0 0 0 0 0 0 0 0 0 -4 6 -5 6 -6 5 -6 5 -6 6 -6 6 -6 6 -7 6 -7 6 -8 5 -8 5 -8 5 -9 5 -9 5 -9 5 -9 5 -9 5 -10 5 -10 5 -10 5 -10 5 -9 5 -10 5 -10 4 -10 4 -9 5 0 0 -9 5 -9 5 -9 5 -9 6 -9 6 -9 6 -9 6 -9 7 -9 7 -9 8 -9 7 -9 7 -9 7 -9 8 -9 9 -9 9 -9 9 -9 9 -9 9 -9 10 -9 9 -9 10 -9 9 -9 10 -9 10 -9 10 0 0 0 0 0 0 0 0 0 0
1784740908.816058,53784,-44,11,1,7,1,-95,1,630331458,128,0 0 0 0 0 0 0 0 0 0 0 0 5 -5 6 -4 6 -4 7 -4 7 -4 7 -4 7 -4 8 -4 8 -3 8 -3 8 -3 9 -3 9 -2 10 -2 10 -2 10 -2 10 -2 10 -1 10 -2 10 -1 10 -1 10 -1 10 -1 10 -1 10 -1 10 -1 0 0 10 -2 9 -2 10 -2 10 -2 10 -2 10 -2 10 -3 10 -3 10 -3 10 -4 11 -4 11 -4 11 -4 11 -4 11 -4 11 -4 11 -4 11 -5 12 -5 11 -5 12 -5 12 -6 11 -6 12 -5 12 -6 12 -6 0 0 0 0 0 0 0 0 0 0
1784740908.832042,53785,-44,11,1,7,1,-95,1,630341462,128,0 0 0 0 0 0 0 0 0 0 0 0 -5 5 -6 5 -6 4 -7 4 -7 4 -7 4 -7 4 -8 4 -8 4 -8 4 -9 4 -9 4 -9 4 -10 3 -10 3 -10 3 -10 3 -11 3 -10 2 -10 2 -11 2 -11 2 -10 2 -10 2 -10 2 -11 2 0 0 -10 3 -10 2 -10 3 -10 3 -10 3 -10 3 -10 4 -10 4 -11 4 -11 5 -11 5 -11 5 -11 5 -11 5 -11 5 -11 6 -11 5 -11 6 -12 6 -12 6 -12 6 -12 6 -12 7 -12 6 -12 7 -12 7 0 0 0 0 0 0 0 0 0 0
1784740908.848181,53786,-45,11,1,7,1,-95,1,630351498,128,0 0 0 0 0 0 0 0 0 0 0 0 -2 6 -2 6 -3 7 -3 7 -3 7 -4 7 -4 7 -4 7 -4 8 -5 8 -5 8 -6 8 -6 8 -6 8 -6 8 -7 8 -6 8 -7 8 -7 8 -7 8 -7 8 -7 8 -7 8 -8 7 -7 7 -7 7 0 0 -7 8 -7 8 -6 8 -7 9 -6 8 -6 9 -6 9 -6 9 -6 9 -7 10 -6 10 -6 10 -6 10 -6 10 -6 11 -5 11 -6 12 -6 12 -6 12 -6 12 -6 12 -6 12 -6 12 -6 12 -6 12 -6 12 0 0 0 0 0 0 0 0 0 0
1784740908.853387,53787,-45,11,1,7,1,-95,1,630361521,128,0 0 0 0 0 0 0 0 0 0 0 0 0 6 0 7 0 7 -1 7 -1 7 -1 8 -1 8 -2 8 -2 8 -2 8 -2 9 -3 9 -3 9 -3 9 -3 10 -4 9 -4 10 -4 9 -4 10 -5 9 -5 9 -5 9 -4 9 -4 9 -4 9 -4 9 0 0 -4 9 -4 9 -4 10 -3 10 -3 10 -3 10 -3 10 -3 11 -3 11 -2 11 -2 11 -2 11 -2 12 -2 12 -2 12 -2 12 -2 12 -2 13 -2 13 -2 13 -2 13 -2 13 -1 13 -1 13 -1 13 -1 13 0 0 0 0 0 0 0 0 0 0
1784740908.864309,53788,-45,11,1,7,1,-95,1,630371597,128,0 0 0 0 0 0 0 0 0 0 0 0 1 -7 1 -7 2 -8 2 -7 2 -8 2 -8 3 -8 3 -8 3 -9 4 -8 4 -9 5 -9 5 -9 5 -9 5 -9 6 -9 6 -9 6 -9 6 -9 6 -9 6 -8 6 -9 6 -9 6 -8 6 -8 6 -8 0 0 5 -9 5 -9 5 -9 5 -10 4 -9 5 -10 4 -10 4 -11 4 -10 4 -11 4 -11 4 -11 4 -11 4 -11 4 -12 4 -12 4 -12 4 -12 4 -12 3 -13 4 -13 4 -13 4 -13 4 -13 4 -13 4 -13 0 0 0 0 0 0 0 0 0 0
1784740908.864309,53789,-46,11,1,7,1,-95,1,630381464,128,0 0 0 0 0 0 0 0 0 0 0 0 -7 3 -7 3 -8 2 -8 2 -8 1 -8 2 -9 1 -9 1 -9 1 -9 1 -10 1 -10 1 -10 0 -11 0 -11 0 -11 -1 -11 -1 -11 -1 -11 -1 -11 -2 -11 -1 -10 -2 -10 -1 -10 -1 -10 -1 -11 -1 0 0 -11 -1 -11 -1 -11 -1 -11 0 -11 0 -11 0 -11 0 -11 0 -12 0 -12 1 -12 1 -12 2 -12 1 -13 1 -13 1 -13 1 -13 1 -13 2 -13 1 -13 2 -13 2 -13 2 -13 2 -13 2 -13 2 -13 2 0 0 0 0 0 0 0 0 0 0
1784740908.912318,53790,-45,11,1,7,1,-95,1,630391560,128,0 0 0 0 0 0 0 0 0 0 0 0 -6 3 -7 3 -7 3 -8 3 -8 2 -8 2 -8 2 -9 2 -9 1 -9 1 -10 1 -10 1 -10 0 -11 0 -11 1 -10 0 -11 0 -10 0 -11 0 -11 -1 -11 -1 -10 -1 -10 -1 -10 0 -10 0 -11 0 0 0 -11 0 -11 0 -11 0 -11 1 -11 1 -11 1 -11 1 -11 1 -12 1 -12 1 -12 2 -12 2 -12 2 -13 2 -12 2 -13 2 -12 2 -13 2 -13 2 -13 2 -13 2 -13 3 -13 2 -13 3 -13 3 -13 3 0 0 0 0 0 0 0 0 0 0
1784740908.912318,53791,-45,11,1,6,1,-95,1,630408716,128,0 0 0 0 0 0 0 0 0 0 0 0 -1 7 -2 7 -3 7 -3 7 -3 7 -3 7 -4 7 -4 7 -5 7 -5 7 -5 7 -5 7 -6 8 -6 8 -6 7 -7 7 -7 7 -7 7 -7 7 -8 6 -7 6 -8 6 -7 7 -7 7 -7 7 -7 7 0 0 -7 7 -7 7 -7 7 -7 7 -7 7 -8 7 -7 8 -7 8 -8 8 -7 8 -7 9 -7 9 -7 9 -7 9 -7 9 -8 10 -7 9 -7 9 -8 10 -8 10 -8 10 -8 10 -7 10 -7 10 -7 11 -7 11 0 0 0 0 0 0 0 0 0 0
1784740908.912318,53792,-44,11,1,5,1,-95,1,630426479,128,0 0 0 0 0 0 0 0 0 0 0 0 -6 4 -6 4 -6 4 -7 4 -7 4 -7 4 -7 3 -8 4 -8 3 -8 3 -8 3 -9 3 -9 3 -9 3 -10 3 -10 2 -10 2 -10 2 -10 2 -10 2 -10 2 -10 1 -10 2 -10 2 -10 2 -10 2 0 0 -10 2 -10 2 -10 2 -10 3 -10 3 -10 3 -10 3 -11 3 -11 3 -11 4 -11 4 -11 4 -11 4 -11 5 -11 4 -12 5 -11 5 -11 5 -12 5 -12 5 -12 6 -12 6 -11 6 -12 6 -12 6 -12 6 0 0 0 0 0 0 0 0 0 0
1784740908.928260,53793,-44,11,1,7,1,-95,1,630431678,128,0 0 0 0 0 0 0 0 0 0 0 0 6 1 6 2 6 3 6 3 6 3 6 3 7 3 7 4 7 4 7 5 7 5 7 5 6 6 7 6 7 6 7 6 7 6 7 7 6 7 7 6 6 6 6 6 6 7 6 6 6 7 6 7 0 0 6 6 7 6 7 6 7 6 7 6 7 6 8 5 8 6 8 6 9 6 9 6 9 6 8 5 9 6 10 5 10 5 10 6 10 6 10 5 11 5 10 5 11 5 11 6 11 6 11 6 11 5 0 0 0 0 0 0 0 0 0 0
1784740908.928260,53794,-44,11,1,7,1,-95,1,630441505,128,0 0 0 0 0 0 0 0 0 0 0 0 6 3 6 3 6 4 6 5 6 5 6 5 5 5 6 5 6 6 5 6 5 6 6 7 5 7 5 7 5 8 5 8 5 8 5 8 5 8 5 8 5 8 5 8 5 8 5 8 5 8 5 8 0 0 5 8 5 8 5 8 5 8 6 8 6 8 6 8 7 8 7 8 7 8 7 8 8 7 8 8 8 8 8 8 8 8 8 8 9 8 9 8 9 8 9 8 9 8 9 7 9 8 10 8 10 8 0 0 0 0 0 0 0 0 0 0
1784740908.944226,53795,-44,11,1,7,1,-95,1,630451482,128,0 0 0 0 0 0 0 0 0 0 0 0 5 -6 5 -6 5 -6 6 -6 6 -5 6 -6 7 -5 7 -6 7 -5 7 -5 8 -5 8 -5 8 -5 8 -5 9 -5 9 -4 9 -4 9 -4 9 -4 9 -4 9 -4 9 -4 9 -4 9 -4 9 -4 9 -4 0 0 9 -5 9 -4 9 -5 9 -5 9 -5 9 -6 9 -6 9 -6 9 -6 9 -7 9 -7 9 -7 9 -8 10 -8 9 -7 10 -8 9 -8 10 -9 10 -8 10 -9 10 -9 10 -9 9 -9 10 -9 10 -10 10 -10 0 0 0 0 0 0 0 0 0 0
1784740908.944226,53796,-44,11,1,7,1,-95,1,630461552,128,0 0 0 0 0 0 0 0 0 0 0 0 6 -4 6 -3 7 -3 7 -3 7 -3 7 -3 8 -3 8 -2 8 -2 8 -2 9 -2 9 -1 9 -1 9 -1 9 -1 10 -1 9 0 10 0 10 0 10 0 10 0 10 0 10 0 9 0 9 0 10 0 0 0 10 0 10 0 10 0 10 -1 10 -1 10 -1 10 -1 10 -2 10 -1 11 -2 11 -2 11 -2 11 -2 11 -2 12 -3 12 -3 12 -3 12 -3 12 -3 12 -3 12 -3 13 -4 13 -3 13 -3 13 -3 13 -4 0 0 0 0 0 0 0 0 0 0
1784740908.967679,53797,-44,11,1,7,1,-95,1,630471581,128,0 0 0 0 0 0 0 0 0 0 0 0 -7 3 -7 3 -8 2 -8 2 -8 2 -8 2 -8 2 -9 2 -9 2 -9 2 -10 1 -10 1 -10 1 -10 1 -11 1 -10 0 -11 0 -10 0 -11 0 -11 0 -11 0 -11 0 -10 0 -10 0 -10 0 -11 0 0 0 -11 0 -10 0 -11 0 -11 1 -11 1 -11 1 -11 2 -11 2 -12 2 -11 2 -12 2 -12 2 -12 3 -13 3 -12 3 -13 3 -12 3 -13 4 -13 4 -13 4 -13 4 -14 4 -13 4 -13 4 -14 4 -14 4 0 0 0 0 0 0 0 0 0 0
1784740908.975994,53798,-45,11,1,7,1,-95,1,630481620,128,0 0 0 0 0 0 0 0 0 0 0 0 6 2 6 2 7 3 6 3 7 3 7 3 7 4 7 4 7 4 7 5 7 5 7 5 7 5 7 6 7 6 7 7 7 7 7 7 7 7 6 7 7 7 7 7 7 7 6 7 6 7 7 7 0 0 7 7 7 7 7 6 8 7 8 6 8 6 8 6 8 6 8 6 9 6 9 6 9 6 9 6 9 6 10 6 10 6 10 6 10 6 11 6 11 6 11 6 11 6 11 7 11 7 11 7 12 7 0 0 0 0 0 0 0 0 0 0
1784740908.975994,53799,-45,11,1,7,1,-95,1,630491471,128,0 0 0 0 0 0 0 0 0 0 0 0 6 3 6 3 6 4 5 4 5 4 5 5 6 5 6 5 6 5 6 6 5 6 5 7 5 7 5 7 5 7 5 7 5 8 5 8 5 8 5 8 5 8 5 8 5 8 5 8 5 8 5 8 0 0 5 8 6 8 6 8 6 8 6 8 7 8 7 7 7 8 7 7 8 8 8 8 8 8 8 8 8 8 9 8 9 8 9 9 9 9 9 8 10 8 10 9 10 8 9 9 10 10 10 9 10 9 0 0 0 0 0 0 0 0 0 0
1784740908.997797,53800,-45,11,1,7,1,-95,1,630501497,128,0 0 0 0 0 0 0 0 0 0 0 0 0 -7 0 -8 1 -7 1 -8 2 -8 2 -8 2 -8 2 -8 3 -8 3 -9 3 -9 3 -9 3 -9 4 -9 4 -9 5 -9 5 -9 5 -9 5 -9 5 -9 5 -9 6 -9 5 -9 5 -9 5 -9 5 -9 0 0 5 -9 5 -9 5 -9 4 -9 5 -10 5 -10 5 -10 4 -11 5 -11 4 -11 4 -11 4 -11 5 -12 5 -12 5 -12 5 -12 5 -12 5 -13 5 -13 5 -13 5 -13 6 -13 5 -13 5 -13 5 -13 5 -14 0 0 0 0 0 0 0 0 0 0
1784740909.007961,53801,-45,11,1,7,1,-95,1,630511618,128,0 0 0 0 0 0 0 0 0 0 0 0 2 -7 2 -7 2 -7 3 -7 3 -7 3 -7 3 -7 3 -8 4 -8 4 -8 5 -8 5 -8 5 -8 5 -8 6 -8 6 -8 6 -8 6 -8 6 -8 6 -8 6 -8 7 -8 7 -8 6 -8 6 -8 6 -8 0 0 6 -9 6 -9 6 -8 6 -10 6 -9 6 -10 6 -10 6 -10 6 -10 6 -11 6 -11 6 -11 6 -11 6 -11 6 -12 6 -12 6 -12 6 -12 6 -12 6 -13 6 -13 6 -13 6 -13 6 -13 6 -13 6 -13 0 0 0 0 0 0 0 0 0 0
1784740909.012000,53802,-45,11,1,7,1,-95,1,630521581,128,0 0 0 0 0 0 0 0 0 0 0 0 -5 -5 -5 -5 -5 -5 -5 -6 -5 -6 -5 -6 -5 -7 -5 -7 -5 -7 -5 -7 -5 -8 -5 -8 -5 -9 -5 -9 -5 -9 -5 -9 -5 -9 -5 -10 -5 -10 -5 -10 -5 -10 -5 -10 -5 -10 -4 -10 -4 -10 -4 -10 0 0 -5 -10 -5 -10 -5 -10 -6 -10 -6 -10 -6 -10 -6 -10 -7 -10 -7 -10 -7 -11 -7 -11 -7 -11 -7 -11 -8 -11 -8 -11 -8 -11 -8 -12 -8 -12 -9 -11 -9 -11 -9 -12 -9 -12 -9 -12 -8 -12 -9 -12 -9 -12 0 0 0 0 0 0 0 0 0 0
1784740909.039633,53803,-45,11,1,7,1,-95,1,630542687,128,0 0 0 0 0 0 0 0 0 0 0 0 -6 -3 -6 -4 -6 -4 -7 -5 -6 -5 -7 -5 -7 -5 -7 -6 -7 -6 -7 -6 -7 -7 -7 -7 -7 -7 -7 -8 -7 -8 -7 -8 -7 -8 -7 -8 -7 -9 -7 -9 -7 -9 -7 -9 -7 -9 -6 -9 -6 -9 -7 -9 0 0 -7 -9 -7 -9 -7 -9 -7 -9 -8 -9 -8 -9 -8 -9 -8 -9 -8 -9 -9 -9 -9 -9 -9 -9 -9 -9 -10 -9 -10 -9 -10 -9 -10 -9 -10 -9 -11 -9 -11 -9 -11 -8 -11 -9 -10 -9 -11 -9 -11 -9 -11 -9 0 0 0 0 0 0 0 0 0 0
1784740909.039633,53804,-44,11,1,7,1,-95,1,630542932,128,0 0 0 0 0 0 0 0 0 0 0 0 -7 2 -7 2 -7 1 -8 1 -8 1 -8 1 -8 1 -9 1 -9 0 -9 0 -9 0 -10 0 -10 -1 -10 -1 -10 -1 -10 -1 -11 -2 -11 -2 -11 -2 -11 -2 -11 -2 -11 -2 -11 -2 -11 -3 -11 -2 -11 -2 0 0 -11 -2 -11 -2 -11 -2 -11 -2 -11 -2 -11 -1 -12 -1 -12 -1 -12 -1 -12 -1 -12 -1 -12 -1 -13 -1 -13 -1 -13 0 -13 0 -13 -1 -13 0 -13 0 -14 0 -14 0 -14 0 -14 0 -14 0 -14 0 -14 0 0 0 0 0 0 0 0 0 0 0
1784740909.039633,53805,-45,11,1,7,1,-95,1,630551514,128,0 0 0 0 0 0 0 0 0 0 0 0 -7 -3 -7 -4 -7 -5 -7 -5 -7 -5 -7 -6 -7 -6 -7 -6 -7 -6 -7 -7 -7 -8 -7 -8 -7 -8 -7 -8 -7 -9 -7 -9 -7 -9 -7 -9 -7 -10 -6 -10 -7 -10 -6 -10 -6 -9 -6 -10 -6 -10 -6 -10 0 0 -7 -10 -7 -10 -7 -10 -7 -10 -7 -10 -7 -9 -7 -9 -8 -10 -8 -10 -8 -9 -8 -10 -9 -10 -8 -10 -9 -10 -9 -9 -10 -10 -9 -10 -10 -10 -10 -10 -10 -10 -10 -10 -10 -10 -10 -10 -10 -10 -10 -11 -11 -10 0 0 0 0 0 0 0 0 0 0
1784740909.057873,53806,-44,11,1,7,1,-95,1,630561502,128,0 0 0 0 0 0 0 0 0 0 0 0 -6 4 -7 3 -7 3 -8 3 -8 3 -8 3 -9 2 -9 2 -9 2 -9 2 -10 2 -10 2 -10 1 -11 1 -11 1 -11 0 -11 0 -11 1 -11 0 -11 0 -11 0 -11 0 -11 0 -11 0 -11 0 -11 0 0 0 -11 0 -11 0 -11 0 -11 1 -11 1 -11 1 -11 1 -11 2 -12 1 -12 2 -11 3 -11 2 -12 3 -12 3 -12 3 -12 3 -12 3 -13 4 -13 3 -13 3 -13 4 -13 4 -13 4 -13 4 -13 4 -13 5 0 0 0 0 0 0 0 0 0 0
1784740909.057873,53807,-44,11,1,7,1,-95,1,630571495,128,0 0 0 0 0 0 0 0 0 0 0 0 6 -4 6 -4 7 -4 7 -4 7 -4 7 -3 8 -3 8 -3 8 -3 9 -3 9 -2 9 -2 9 -2 10 -2 10 -2 10 -2 10 -2 11 -1 10 -1 11 -1 10 -1 10 -1 10 -1 10 -1 10 0 10 -1 0 0 10 -2 11 -2 10 -2 11 -2 10 -2 10 -3 10 -3 11 -3 10 -3 11 -4 11 -4 11 -3 11 -4 10 -4 11 -5 11 -5 12 -5 12 -5 11 -5 12 -6 11 -5 11 -6 12 -6 12 -6 12 -5 12 -6 0 0 0 0 0 0 0 0 0 0
1784740909.075103,53808,-44,11,1,7,1,-95,1,630581508,128,0 0 0 0 0 0 0 0 0 0 0 0 -7 -3 -8 -3 -7 -3 -8 -4 -7 -4 -8 -4 -8 -5 -8 -5 -8 -6 -8 -6 -8 -6 -8 -6 -8 -7 -8 -7 -8 -8 -8 -8 -8 -8 -7 -8 -8 -8 -7 -8 -7 -8 -7 -8 -7 -8 -7 -8 -7 -8 -8 -8 0 0 -8 -8 -8 -8 -8 -8 -8 -8 -8 -7 -8 -7 -8 -7 -9 -8 -9 -8 -10 -7 -10 -7 -10 -7 -10 -7 -11 -7 -10 -7 -11 -8 -10 -7 -11 -8 -11 -7 -11 -8 -12 -7 -12 -8 -11 -7 -12 -7 -12 -7 -13 -7 0 0 0 0 0 0 0 0 0 0
1784740909.087704,53809,-44,11,1,7,1,-95,1,630591483,128,0 0 0 0 0 0 0 0 0 0 0 0 -8 1 -8 1 -9 0 -9 0 -9 0 -9 0 -9 -1 -10 -1 -10 -1 -10 -1 -10 -1 -11 -1 -11 -2 -11 -2 -11 -2 -11 -3 -11 -3 -11 -3 -11 -3 -11 -4 -11 -4 -11 -4 -11 -3 -11 -3 -10 -3 -11 -3 0 0 -11 -3 -11 -3 -11 -3 -11 -3 -11 -2 -12 -3 -11 -2 -12 -2 -12 -2 -12 -1 -12 -1 -13 0 -13 0 -13 -1 -13 -1 -14 0 -13 -1 -14 0 -14 0 -14 0 -14 0 -14 0 -14 0 -15 0 -15 0 -15 0 0 0 0 0 0 0 0 0 0 0
1784740909.088809,53810,-44,11,1,7,1,-95,1,630601715,128,0 0 0 0 0 0 0 0 0 0 0 0 -1 7 -2 7 -2 7 -3 7 -3 8 -3 8 -3 8 -3 8 -3 8 -4 8 -5 8 -5 9 -5 9 -5 8 -6 9 -6 9 -6 9 -6 9 -6 9 -6 9 -6 9 -6 9 -7 9 -6 8 -6 8 -6 9 0 0 -6 9 -6 9 -5 9 -5 10 -5 10 -5 10 -4 10 -4 10 -4 10 -4 11 -4 11 -4 11 -4 11 -4 11 -3 12 -3 12 -3 13 -4 13 -3 13 -3 13 -3 13 -3 13 -3 13 -4 14 -4 13 -3 14 0 0 0 0 0 0 0 0 0 0
1784740909.103780,53811,-44,11,1,7,1,-95,1,630611612,128,0 0 0 0 0 0 0 0 0 0 0 0 -7 -2 -8 -2 -7 -3 -8 -3 -8 -3 -8 -4 -8 -4 -8 -4 -8 -5 -8 -5 -9 -5 -9 -5 -9 -6 -8 -6 -9 -6 -8 -7 -9 -7 -8 -7 -8 -8 -8 -7 -8 -7 -8 -8 -8 -7 -8 -7 -8 -7 -9 -7 0 0 -9 -7 -8 -7 -9 -7 -9 -7 -9 -7 -10 -7 -10 -7 -10 -7 -10 -7 -10 -7 -11 -7 -11 -7 -11 -7 -12 -7 -11 -7 -12 -7 -11 -7 -12 -7 -12 -7 -13 -7 -12 -7 -13 -7 -12 -7 -13 -7 -13 -7 -13 -8 0 0 0 0 0 0 0 0 0 0
1784740909.135532,53812,-45,11,1,7,1,-95,1,630621946,128,0 0 0 0 0 0 0 0 0 0 0 0 5 3 5 3 5 4 5 4 5 5 5 5 6 5 5 5 6 6 5 6 5 7 5 7 5 7 5 8 5 8 5 8 5 8 5 8 5 8 5 8 5 8 5 8 5 8 5 8 5 8 5 8 0 0 5 8 6 8 6 8 6 8 6 8 7 8 7 8 7 8 7 8 8 8 8 8 8 8 8 8 8 8 9 8 9 8 9 9 9 9 10 9 10 9 10 9 10 9 10 9 10 10 10 9 10 9 0 0 0 0 0 0 0 0 0 0
1784740909.135532,53813,-44,11,1,7,1,-95,1,630653030,128,0 0 0 0 0 0 0 0 0 0 0 0 1 -7 1 -8 1 -7 2 -8 2 -8 2 -8 2 -8 3 -8 3 -9 3 -8 4 -9 4 -9 4 -9 5 -9 5 -9 5 -9 6 -9 5 -9 6 -9 5 -9 5 -9 6 -9 6 -9 6 -9 6 -9 6 -9 0 0 5 -10 5 -9 6 -10 5 -10 5 -10 5 -11 5 -11 5 -11 5 -11 5 -11 5 -12 5 -12 5 -12 5 -13 5 -12 5 -13 5 -12 5 -13 5 -13 5 -14 5 -14 5 -14 5 -14 5 -13 5 -14 5 -14 0 0 0 0 0 0 0 0 0 0
1784740909.151291,53814,-44,11,1,7,1,-95,1,630653348,128,0 0 0 0 0 0 0 0 0 0 0 0 -3 -7 -2 -7 -2 -7 -2 -8 -2 -8 -2 -8 -1 -8 -2 -8 -1 -9 -1 -9 -1 -9 -1 -9 0 -9 0 -10 0 -10 1 -10 1 -10 1 -10 1 -10 1 -10 1 -10 1 -10 1 -10 1 -10 1 -10 0 -11 0 0 0 -11 0 -11 1 -11 0 -11 0 -11 0 -11 0 -11 -1 -12 -1 -12 -1 -12 -1 -12 -1 -12 -1 -13 -1 -13 -1 -13 -1 -13 -1 -13 -2 -14 -2 -13 -2 -14 -2 -14 -1 -14 -2 -14 -2 -14 -2 -14 -2 -14 0 0 0 0 0 0 0 0 0 0
1784740909.151291,53815,-45,11,1,7,1,-95,1,630661439,128,0 0 0 0 0 0 0 0 0 0 0 0 5 2 5 3 5 3 5 4 5 4 5 4 5 4 6 5 6 5 6 5 6 5 5 6 5 6 5 6 5 7 5 7 5 7 5 7 5 8 5 7 5 7 5 7 5 7 5 7 5 7 5 7 0 0 6 7 6 7 6 7 6 7 7 7 7 7 7 7 8 7 8 7 8 7 8 7 8 7 8 7 9 7 9 7 9 7 9 7 10 7 10 7 10 7 10 7 10 7 10 7 10 8 10 8 10 8 0 0 0 0 0 0 0 0 0 0
1784740909.167213,53816,-45,11,1,7,1,-95,1,630671629,128,0 0 0 0 0 0 0 0 0 0 0 0 -5 5 -6 4 -6 4 -6 4 -6 4 -7 4 -7 3 -8 4 -8 3 -8 3 -9 3 -9 3 -9 3 -9 3 -10 3 -10 2 -10 2 -10 2 -10 2 -10 2 -10 2 -10 1 -10 2 -10 2 -10 2 -11 2 0 0 -10 2 -10 2 -11 2 -10 3 -11 3 -11 3 -11 3 -11 3 -11 3 -11 4 -11 4 -11 5 -11 4 -12 5 -12 4 -13 5 -12 5 -12 5 -13 5 -13 5 -13 5 -13 5 -13 5 -13 5 -13 6 -13 5 0 0 0 0 0 0 0 0 0 0
1784740909.167213,53817,-41,11,1,7,0,-95,1,630681738,128,0 0 0 0 0 0 0 0 0 0 0 0 -5 6 -5 6 -6 6 -6 6 -7 6 -7 6 -7 6 -8 7 -8 7 -8 6 -9 6 -9 6 -9 6 -10 6 -10 6 -10 6 -10 6 -11 6 -11 6 -11 6 -11 6 -11 6 -11 6 -11 6 -11 6 -11 6 0 0 -11 6 -11 7 -11 7 -11 7 -10 7 -11 8 -11 8 -11 9 -11 9 -11 9 -11 9 -11 9 -11 10 -11 10 -11 10 -11 11 -11 11 -11 11 -11 11 -11 11 -11 11 -11 12 -12 12 -12 11 -12 11 -13 11 0 0 0 0 0 0 0 0 0 0
1784740909.189148,53818,-45,11,1,7,1,-95,1,630696608,128,0 0 0 0 0 0 0 0 0 0 0 0 1 -7 1 -7 2 -7 2 -7 3 -7 3 -7 3 -8 3 -8 3 -8 4 -8 4 -8 5 -8 5 -8 5 -8 5 -8 5 -8 6 -8 6 -8 6 -8 6 -8 6 -8 6 -8 6 -8 6 -8 6 -7 6 -8 0 0 6 -8 5 -9 5 -9 5 -9 5 -9 5 -9 5 -10 5 -10 5 -10 5 -11 5 -10 5 -10 5 -11 5 -11 4 -12 4 -12 5 -12 4 -12 4 -12 4 -13 4 -13 4 -13 5 -13 5 -13 5 -13 5 -13 0 0 0 0 0 0 0 0 0 0
1784740909.199003,53819,-45,11,1,7,1,-95,1,630703435,128,0 0 0 0 0 0 0 0 0 0 0 0 4 -6 4 -6 4 -5 5 -6 5 -5 5 -6 5 -6 6 -6 6 -6 6 -5 7 -5 7 -5 7 -5 8 -5 8 -5 8 -5 9 -5 8 -5 8 -5 8 -5 9 -5 9 -5 9 -5 8 -4 9 -4 9 -5 0 0 9 -5 9 -5 9 -5 9 -5 9 -6 9 -6 9 -6 9 -6 9 -6 9 -7 9 -7 9 -7 9 -7 10 -8 9 -8 10 -8 10 -8 10 -8 10 -8 10 -9 10 -9 10 -9 10 -8 11 -8 11 -9 11 -9 0 0 0 0 0 0 0 0 0 0
1784740909.199003,53820,-45,11,1,7,1,-95,1,630711476,128,0 0 0 0 0 0 0 0 0 0 0 0 -7 2 -7 2 -8 2 -7 1 -8 1 -8 1 -9 2 -8 1 -9 1 -10 0 -10 0 -10 0 -10 0 -10 -1 -10 -1 -11 -1 -10 -1 -11 -1 -10 -1 -11 -1 -11 -1 -11 -1 -11 -1 -11 -2 -11 -2 -11 -1 0 0 -11 -1 -11 -1 -11 0 -12 0 -11 0 -12 0 -12 0 -12 0 -12 0 -13 1 -12 1 -13 1 -12 1 -12 1 -14 2 -13 2 -14 1 -14 1 -14 2 -14 2 -14 2 -14 2 -15 2 -15 1 -15 1 -15 2 0 0 0 0 0 0 0 0 0 0
1784740909.215144,53821,-45,11,1,7,1,-95,1,630721848,128,0 0 0 0 0 0 0 0 0 0 0 0 -1 -7 0 -7 1 -7 1 -8 1 -8 1 -8 1 -8 2 -8 2 -9 2 -9 2 -9 3 -9 3 -9 3 -9 4 -10 4 -9 4 -10 4 -9 5 -9 5 -9 5 -9 5 -9 4 -9 5 -9 4 -9 5 -10 0 0 5 -10 4 -9 5 -10 4 -10 4 -10 4 -10 4 -11 4 -11 4 -11 4 -11 4 -12 3 -12 3 -12 4 -13 4 -12 4 -13 4 -13 4 -13 4 -14 3 -13 4 -14 4 -14 3 -13 4 -14 4 -14 4 -15 0 0 0 0 0 0 0 0 0 0
1784740909.251407,53822,-45,11,1,7,1,-95,1,630733192,128,0 0 0 0 0 0 0 0 0 0 0 0 -6 3 -7 3 -7 2 -7 2 -8 2 -8 2 -8 2 -8 2 -9 2 -9 1 -9 1 -10 1 -10 0 -10 0 -10 0 -10 0 -11 0 -10 -1 -11 -1 -10 0 -11 -1 -11 -1 -10 -1 -10 -1 -11 -1 -11 -1 0 0 -11 0 -11 0 -11 0 -11 0 -11 0 -11 0 -11 0 -12 1 -12 1 -12 1 -12 1 -12 1 -13 1 -13 1 -13 2 -14 2 -13 2 -14 2 -14 2 -14 2 -14 2 -14 3 -14 2 -14 2 -14 2 -15 2 0 0 0 0 0 0 0 0 0 0
1784740909.251407,53823,-45,11,1,7,1,-95,1,630761741,128,0 0 0 0 0 0 0 0 0 0 0 0 5 4 4 4 4 5 4 5 4 5 4 6 4 6 4 6 5 6 4 7 4 7 4 8 4 8 3 8 4 8 3 9 3 9 4 9 3 9 3 9 3 9 3 9 3 9 3 9 3 9 3 9 0 0 4 9 4 9 4 9 4 9 4 9 5 9 5 9 5 9 6 9 6 9 6 10 6 9 6 10 6 9 7 10 7 9 7 10 7 10 8 10 8 10 8 10 8 10 8 10 8 11 8 10 8 10 0 0 0 0 0 0 0 0 0 0
1784740909.263136,53824,-45,11,1,7,1,-95,1,630764610,128,0 0 0 0 0 0 0 0 0 0 0 0 -1 -7 -1 -8 0 -8 0 -8 0 -8 1 -8 1 -9 1 -9 1 -9 1 -9 2 -9 2 -10 3 -10 3 -10 3 -10 4 -10 3 -10 4 -10 4 -10 4 -10 4 -10 4 -10 4 -10 4 -9 4 -10 4 -10 0 0 4 -10 4 -10 4 -10 4 -10 3 -10 3 -11 3 -11 3 -11 3 -11 3 -12 3 -12 3 -12 3 -12 3 -12 2 -13 3 -13 3 -13 3 -13 2 -14 2 -14 2 -14 3 -14 3 -14 3 -14 3 -14 2 -15 0 0 0 0 0 0 0 0 0 0
1784740909.263136,53825,-42,11,1,7,0,-95,1,630774281,128,0 0 0 0 0 0 0 0 0 0 0 0 -7 3 -8 3 -8 2 -8 2 -9 2 -9 2 -9 2 -9 2 -10 2 -10 2 -11 1 -11 1 -11 1 -11 0 -12 0 -12 0 -12 0 -12 0 -12 0 -12 0 -12 0 -12 -1 -12 0 -12 -1 -12 0 -12 -1 0 0 -12 0 -12 0 -13 0 -13 0 -13 1 -13 1 -13 1 -13 2 -13 2 -13 2 -14 2 -13 2 -14 2 -14 3 -14 3 -14 3 -14 3 -15 3 -15 3 -15 4 -15 4 -15 4 -15 4 -16 4 -16 4 -15 4 0 0 0 0 0 0 0 0 0 0
1784740909.263136,53826,-45,11,1,7,1,-95,1,630781772,128,0 0 0 0 0 0 0 0 0 0 0 0 2 -6 3 -6 4 -6 4 -6 4 -6 4 -7 5 -6 5 -7 6 -6 6 -7 6 -7 6 -7 7 -7 7 -7 7 -7 8 -6 8 -6 8 -6 8 -6 8 -6 8 -6 8 -5 8 -6 8 -6 8 -6 8 -6 0 0 8 -6 8 -6 8 -6 8 -7 8 -7 8 -7 8 -7 8 -7 9 -7 8 -8 8 -8 8 -9 9 -9 9 -9 9 -9 9 -9 9 -9 9 -10 9 -10 10 -10 9 -10 10 -10 9 -10 9 -10 9 -10 10 -11 0 0 0 0 0 0 0 0 0 0
1784740909.279201,53827,-45,11,1,7,1,-95,1,630791524,128,0 0 0 0 0 0 0 0 0 0 0 0 6 -1 6 -1 7 0 7 0 7 0 7 0 8 0 8 0 8 1 8 1 8 1 9 2 9 2 9 2 9 2 9 3 9 3 9 3 9 3 9 3 9 3 9 3 9 3 9 3 9 3 9 3 0 0 10 3 10 3 10 3 10 3 10 2 10 2 10 2 11 2 11 2 12 2 12 2 11 2 12 2 12 2 12 1 13 2 13 2 13 1 13 1 14 1 13 1 14 1 14 1 14 2 14 2 14 1 0 0 0 0 0 0 0 0 0 0
1784740909.295441,53828,-45,11,1,7,1,-95,1,630801494,128,0 0 0 0 0 0 0 0 0 0 0 0 0 6 -1 7 -1 7 -1 7 -1 7 -1 7 -2 7 -2 7 -2 7 -3 8 -3 8 -3 8 -4 8 -4 8 -4 8 -4 9 -4 9 -5 8 -5 9 -5 8 -5 8 -5 8 -5 9 -5 8 -5 8 -5 9 0 0 -5 9 -5 9 -5 9 -5 9 -4 9 -5 9 -4 10 -5 10 -4 10 -4 11 -4 11 -4 11 -4 11 -4 11 -4 12 -4 12 -4 12 -4 12 -5 12 -4 13 -4 12 -4 13 -5 13 -5 13 -5 13 -5 13 0 0 0 0 0 0 0 0 0 0
1784740909.295441,53829,-45,11,1,7,1,-95,1,630811537,128,0 0 0 0 0 0 0 0 0 0 0 0 -7 -1 -8 -2 -8 -2 -8 -3 -8 -3 -8 -3 -8 -3 -9 -3 -8 -4 -8 -4 -9 -4 -9 -4 -9 -5 -9 -5 -9 -5 -9 -6 -9 -6 -9 -6 -9 -6 -9 -6 -9 -6 -9 -7 -9 -6 -9 -6 -9 -6 -9 -6 0 0 -9 -6 -9 -6 -9 -6 -10 -6 -10 -5 -10 -5 -10 -6 -11 -5 -11 -5 -11 -5 -11 -5 -12 -5 -12 -5 -12 -5 -12 -5 -13 -6 -12 -5 -13 -5 -13 -6 -13 -6 -13 -5 -13 -6 -13 -5 -14 -6 -14 -5 -14 -6 0 0 0 0 0 0 0 0 0 0
1784740909.311329,53830,-45,11,1,7,1,-95,1,630821511,128,0 0 0 0 0 0 0 0 0 0 0 0 -8 -2 -8 -2 -8 -3 -8 -3 -8 -3 -8 -4 -9 -4 -9 -4 -9 -4 -9 -5 -8 -5 -9 -6 -9 -6 -9 -6 -9 -6 -9 -7 -9 -6 -9 -7 -9 -7 -9 -7 -9 -7 -9 -7 -9 -7 -8 -7 -8 -7 -9 -7 0 0 -9 -6 -10 -6 -9 -6 -10 -7 -10 -6 -10 -6 -10 -5 -11 -6 -11 -5 -12 -6 -12 -6 -12 -6 -12 -6 -12 -6 -13 -6 -13 -6 -13 -6 -13 -6 -13 -6 -14 -6 -14 -6 -14 -6 -14 -6 -14 -7 -14 -7 -14 -7 0 0 0 0 0 0 0 0 0 0
1784740909.327760,53831,-42,11,1,7,0,-95,1,630831600,128,0 0 0 0 0 0 0 0 0 0 0 0 6 5 6 5 6 6 6 6 5 7 5 7 5 7 5 8 5 8 5 8 5 8 5 9 5 9 5 10 5 10 4 10 4 10 4 10 4 10 4 10 4 10 4 10 4 10 4 10 4 10 4 10 0 0 5 10 5 10 5 10 5 10 6 10 6 10 6 10 6 10 7 10 7 10 7 10 7 10 8 11 8 11 8 11 8 11 8 11 8 12 9 12 9 11 9 12 9 12 9 12 9 12 9 12 9 12 0 0 0 0 0 0 0 0 0 0
1784740909.327760,53832,-45,11,1,7,1,-95,1,630842390,128,0 0 0 0 0 0 0 0 0 0 0 0 2 7 2 7 2 7 1 7 1 8 1 8 1 8 1 8 1 8 0 9 0 9 0 9 -1 9 -1 9 0 9 -1 10 -1 10 -1 10 -1 10 -1 10 -1 10 -1 10 -1 10 -1 10 -1 9 -1 9 0 0 0 10 0 10 1 9 1 10 1 10 1 10 2 10 2 10 2 10 2 11 2 11 2 11 2 11 3 11 4 12 4 11 3 12 4 12 4 12 5 12 4 12 5 12 4 13 4 13 4 13 4 13 0 0 0 0 0 0 0 0 0 0
1784740909.359474,53833,-45,11,1,7,1,-95,1,630871104,128,0 0 0 0 0 0 0 0 0 0 0 0 1 7 1 7 0 7 0 7 0 7 0 8 -1 8 -1 8 -1 8 -1 8 -1 9 -2 9 -2 9 -2 9 -2 10 -3 9 -3 9 -3 9 -3 9 -3 9 -3 9 -3 9 -2 9 -3 9 -3 9 -3 9 0 0 -2 9 -2 9 -2 10 -1 9 -1 9 -1 10 -1 10 -1 10 -1 10 0 11 0 11 0 11 0 11 0 12 0 12 0 12 1 12 1 12 1 13 1 13 1 13 1 13 1 12 1 13 1 13 1 13 0 0 0 0 0 0 0 0 0 0
1784740909.359474,53834,-45,11,1,7,1,-95,1,630871385,128,0 0 0 0 0 0 0 0 0 0 0 0 4 6 4 6 3 7 3 7 3 7 3 7 3 7 3 8 2 8 3 8 2 8 2 9 2 9 2 9 1 10 1 10 1 10 1 10 1 10 0 9 0 10 0 10 1 9 1 9 1 9 1 10 0 0 1 10 1 10 1 10 2 10 2 9 2 10 2 10 3 10 3 10 3 10 4 11 4 10 4 11 4 11 4 11 4 12 4 12 4 12 4 12 5 12 4 12 4 12 5 12 5 12 5 12 5 13 0 0 0 0 0 0 0 0 0 0
1784740909.375463,53835,-45,11,1,7,1,-95,1,630881559,128,0 0 0 0 0 0 0 0 0 0 0 0 0 -8 1 -8 1 -8 2 -8 2 -9 2 -8 2 -9 2 -9 2 -9 3 -9 4 -9 4 -9 4 -9 5 -9 4 -9 5 -9 5 -9 5 -9 5 -9 5 -9 5 -9 5 -8 5 -9 5 -9 5 -8 5 -9 0 0 5 -9 4 -9 4 -9 4 -10 4 -10 4 -10 4 -10 4 -10 3 -10 4 -11 3 -12 3 -11 3 -11 3 -11 3 -13 3 -12 3 -13 3 -13 3 -13 3 -13 3 -13 3 -13 4 -13 4 -13 4 -13 4 -14 0 0 0 0 0 0 0 0 0 0
1784740909.375463,53836,-44,11,1,7,1,-95,1,630891489,128,0 0 0 0 0 0 0 0 0 0 0 0 -5 6 -5 6 -5 6 -6 6 -6 6 -6 6 -6 6 -7 6 -7 6 -7 6 -8 6 -8 6 -9 6 -9 5 -9 6 -9 5 -10 5 -9 5 -10 5 -9 5 -9 5 -10 5 -9 5 -9 5 -9 5 -9 5 0 0 -9 6 -9 6 -9 6 -9 6 -9 6 -9 7 -8 7 -9 7 -8 7 -8 8 -9 8 -8 8 -9 8 -9 9 -9 9 -9 9 -9 9 -9 10 -9 10 -9 10 -9 10 -9 10 -9 10 -9 10 -9 10 -10 10 0 0 0 0 0 0 0 0 0 0
1784740909.391716,53837,-44,11,1,7,1,-95,1,630901570,128,0 0 0 0 0 0 0 0 0 0 0 0 -8 -1 -8 -2 -9 -2 -9 -2 -9 -3 -9 -3 -9 -3 -9 -3 -9 -4 -9 -4 -10 -4 -10 -4 -10 -5 -10 -5 -10 -5 -10 -6 -10 -6 -9 -6 -9 -6 -9 -6 -9 -6 -9 -7 -9 -6 -9 -6 -9 -6 -9 -6 0 0 -9 -6 -9 -6 -10 -6 -10 -5 -10 -5 -10 -5 -10 -5 -11 -5 -11 -5 -12 -4 -11 -4 -12 -4 -12 -4 -12 -5 -12 -4 -12 -4 -12 -5 -13 -4 -13 -4 -13 -4 -13 -4 -13 -5 -13 -4 -13 -4 -14 -4 -14 -4 0 0 0 0 0 0 0 0 0 0
1784740909.407756,53838,-44,11,1,7,1,-95,1,630911553,128,0 0 0 0 0 0 0 0 0 0 0 0 1 -8 2 -8 3 -8 3 -8 3 -8 3 -8 4 -9 4 -8 4 -9 5 -9 5 -9 6 -9 6 -9 6 -8 6 -9 6 -9 7 -9 7 -9 7 -8 7 -9 7 -8 7 -8 7 -8 7 -8 7 -8 7 -8 0 0 7 -8 7 -9 6 -9 7 -9 6 -9 6 -9 6 -10 6 -10 6 -10 6 -11 6 -11 6 -11 5 -11 6 -11 5 -12 5 -12 6 -12 5 -12 6 -13 6 -12 5 -13 5 -13 6 -13 6 -13 6 -13 6 -13 0 0 0 0 0 0 0 0 0 0
1784740909.407756,53839,-44,11,1,7,1,-95,1,630921469,128,0 0 0 0 0 0 0 0 0 0 0 0 -8 -2 -8 -2 -8 -3 -8 -3 -8 -3 -8 -4 -8 -4 -9 -4 -9 -5 -9 -5 -9 -5 -9 -5 -9 -6 -9 -6 -9 -6 -9 -7 -9 -7 -9 -7 -9 -7 -9 -7 -9 -7 -9 -7 -9 -7 -8 -7 -9 -7 -9 -7 0 0 -9 -7 -9 -7 -9 -7 -9 -7 -9 -6 -10 -6 -10 -6 -10 -6 -10 -6 -11 -6 -11 -6 -11 -6 -11 -6 -12 -6 -12 -6 -12 -6 -12 -6 -12 -6 -12 -6 -13 -6 -13 -6 -13 -6 -13 -6 -13 -6 -14 -6 -14 -6 0 0 0 0 0 0 0 0 0 0
1784740909.425530,53840,-44,11,1,7,1,-95,1,630931478,128,0 0 0 0 0 0 0 0 0 0 0 0 -5 -7 -5 -7 -5 -7 -4 -7 -4 -8 -4 -8 -4 -8 -4 -8 -4 -9 -3 -9 -4 -10 -3 -10 -3 -10 -3 -10 -3 -10 -2 -11 -2 -11 -2 -11 -2 -11 -2 -11 -2 -11 -2 -11 -2 -11 -2 -11 -2 -11 -2 -11 0 0 -2 -11 -2 -11 -2 -11 -2 -11 -3 -11 -3 -11 -3 -11 -4 -11 -3 -11 -4 -12 -4 -12 -4 -12 -4 -12 -4 -12 -5 -13 -5 -12 -5 -13 -5 -13 -5 -13 -6 -13 -6 -13 -5 -13 -5 -13 -5 -14 -5 -13 -5 -14 0 0 0 0 0 0 0 0 0 0
1784740909.425530,53841,-44,11,1,7,1,-95,1,630941585,128,0 0 0 0 0 0 0 0 0 0 0 0 -1 -7 -1 -8 -1 -8 0 -8 0 -8 0 -9 0 -9 1 -9 1 -9 1 -9 1 -9 2 -10 2 -10 2 -10 2 -10 3 -10 3 -10 3 -10 3 -10 3 -10 3 -10 3 -10 3 -10 3 -10 3 -10 3 -10 0 0 3 -10 3 -10 3 -10 3 -10 3 -11 3 -11 2 -11 2 -11 2 -11 2 -11 2 -12 2 -12 2 -12 2 -12 1 -13 2 -13 2 -13 2 -13 2 -13 1 -13 1 -13 1 -14 1 -14 2 -14 1 -14 1 -14 0 0 0 0 0 0 0 0 0 0
1784740909.471281,53842,-44,11,1,7,1,-95,1,630979281,128,0 0 0 0 0 0 0 0 0 0 0 0 4 5 4 6 4 6 3 6 3 7 3 7 3 7 4 7 3 8 3 8 2 8 2 8 2 9 2 9 2 9 2 9 2 9 2 10 2 9 2 9 2 9 2 9 2 10 1 10 1 9 1 9 0 0 2 9 2 10 2 9 3 10 2 9 3 10 3 10 4 10 3 10 4 11 3 10 4 10 4 10 4 10 5 11 4 11 5 11 5 11 5 11 6 11 6 11 6 11 6 12 5 12 5 12 5 12 0 0 0 0 0 0 0 0 0 0
1784740909.471281,53843,-42,11,1,7,0,-95,1,630981152,128,0 0 0 0 0 0 0 0 0 0 0 0 -5 -8 -5 -9 -4 -9 -4 -9 -4 -10 -4 -10 -4 -10 -3 -11 -3 -11 -3 -11 -3 -12 -2 -12 -2 -12 -2 -12 -2 -12 -1 -13 -1 -12 -1 -13 -1 -13 -1 -13 -1 -13 -1 -13 -1 -13 0 -13 -1 -13 -1 -13 0 0 -1 -13 -1 -13 -1 -13 -2 -13 -2 -13 -2 -14 -2 -13 -3 -14 -2 -14 -3 -14 -3 -14 -3 -14 -3 -14 -3 -15 -4 -14 -4 -15 -4 -15 -4 -15 -4 -15 -5 -15 -4 -16 -5 -16 -4 -16 -5 -16 -5 -16 -5 -16 0 0 0 0 0 0 0 0 0 0
1784740909.471281,53844,-44,11,1,7,1,-95,1,630981502,128,0 0 0 0 0 0 0 0 0 0 0 0 6 -4 6 -4 7 -3 7 -3 7 -3 8 -3 8 -2 8 -2 8 -2 8 -2 8 -2 9 -2 9 -1 9 -1 10 -1 9 0 10 0 9 0 10 0 10 0 10 0 10 0 10 0 9 0 9 0 10 0 0 0 10 0 10 0 10 0 10 0 10 0 10 0 10 -1 10 -1 11 -1 11 -1 11 -1 11 -2 11 -2 12 -2 11 -2 12 -2 11 -2 12 -2 12 -2 12 -2 12 -2 13 -2 12 -2 12 -2 13 -2 13 -2 0 0 0 0 0 0 0 0 0 0
1784740909.487177,53845,-44,11,1,7,1,-95,1,630991469,128,0 0 0 0 0 0 0 0 0 0 0 0 -2 7 -3 7 -3 7 -4 7 -4 7 -4 7 -4 8 -4 7 -5 8 -5 8 -6 8 -6 8 -6 8 -6 8 -6 8 -7 8 -7 8 -7 8 -7 7 -8 8 -7 8 -7 8 -8 8 -8 7 -8 7 -8 7 0 0 -7 7 -7 8 -7 7 -7 9 -7 8 -7 9 -7 9 -7 9 -7 9 -7 10 -7 10 -7 10 -7 10 -7 9 -6 11 -6 10 -7 11 -7 11 -6 11 -6 12 -6 11 -6 12 -7 12 -7 12 -7 12 -6 12 0 0 0 0 0 0 0 0 0 0
1784740909.489803,53846,-44,11,1,7,1,-95,1,631001576,128,0 0 0 0 0 0 0 0 0 0 0 0 1 7 0 8 0 7 -1 8 -1 8 -1 8 -1 8 -1 8 -2 8 -2 8 -3 9 -3 9 -3 9 -3 9 -3 10 -3 9 -4 10 -4 9 -4 9 -4 9 -4 9 -4 9 -4 9 -5 9 -4 9 -4 10 0 0 -4 10 -4 10 -4 10 -4 10 -4 10 -3 10 -3 10 -3 10 -3 10 -3 11 -3 11 -3 11 -3 11 -3 11 -2 11 -3 12 -2 11 -2 12 -2 12 -2 12 -2 12 -2 13 -2 12 -2 12 -2 12 -2 12 0 0 0 0 0 0 0 0 0 0
1784740909.502940,53847,-44,11,1,7,1,-95,1,631012352,128,0 0 0 0 0 0 0 0 0 0 0 0 -8 1 -8 1 -9 1 -8 0 -9 0 -9 0 -9 0 -9 -1 -10 -1 -10 -1 -10 -2 -10 -2 -10 -2 -10 -2 -10 -2 -11 -3 -10 -3 -11 -3 -11 -3 -11 -3 -11 -3 -11 -3 -11 -3 -11 -4 -11 -4 -11 -4 0 0 -11 -3 -11 -3 -11 -3 -12 -2 -11 -2 -12 -2 -12 -2 -12 -2 -11 -2 -13 -2 -12 -2 -12 -2 -12 -1 -12 -2 -13 -1 -13 -1 -13 -1 -13 -1 -13 0 -14 0 -13 0 -14 0 -14 -1 -14 -1 -14 -1 -14 0 0 0 0 0 0 0 0 0 0 0
1784740909.518994,53848,-44,11,1,7,1,-95,1,631022136,128,0 0 0 0 0 0 0 0 0 0 0 0 4 -6 4 -6 5 -6 6 -6 6 -6 6 -6 6 -6 6 -6 7 -6 7 -5 7 -5 8 -5 8 -5 8 -5 9 -5 8 -5 9 -5 9 -5 9 -5 9 -5 9 -5 9 -5 9 -5 9 -4 9 -4 9 -5 0 0 10 -5 9 -5 9 -5 9 -5 9 -6 9 -5 9 -6 9 -6 9 -6 10 -7 9 -7 9 -7 9 -7 10 -7 9 -8 9 -8 10 -7 10 -8 9 -8 10 -9 10 -8 10 -9 10 -8 10 -8 10 -9 10 -9 0 0 0 0 0 0 0 0 0 0
1784740909.518994,53849,-41,11,1,7,0,-95,1,631034353,128,0 0 0 0 0 0 0 0 0 0 0 0 2 -9 3 -9 3 -9 4 -9 4 -9 4 -9 5 -9 5 -9 6 -9 6 -9 6 -9 7 -9 7 -10 7 -9 8 -10 8 -9 8 -9 8 -9 8 -9 8 -9 8 -10 8 -9 8 -10 9 -9 9 -9 9 -10 0 0 9 -10 9 -10 9 -10 8 -10 8 -10 8 -11 8 -11 8 -11 8 -11 8 -12 8 -12 8 -12 8 -12 7 -12 7 -13 8 -13 8 -13 7 -13 7 -14 7 -14 7 -14 7 -14 7 -14 7 -14 7 -15 7 -15 0 0 0 0 0 0 0 0 0 0
1784740909.534869,53850,-44,11,1,7,1,-95,1,631041564,128,0 0 0 0 0 0 0 0 0 0 0 0 -5 6 -5 6 -6 5 -6 5 -7 5 -7 5 -7 5 -7 5 -8 5 -8 5 -9 5 -9 5 -9 5 -9 4 -10 4 -10 4 -10 4 -10 4 -10 4 -10 4 -10 4 -10 3 -10 4 -10 3 -10 3 -10 4 0 0 -10 4 -10 4 -11 3 -10 4 -10 4 -10 4 -10 5 -10 5 -10 5 -11 6 -11 5 -10 5 -10 6 -10 6 -11 6 -11 6 -11 6 -10 6 -11 7 -11 7 -10 7 -11 7 -11 7 -11 7 -11 7 -11 8 0 0 0 0 0 0 0 0 0 0
1784740909.534869,53851,-44,11,1,7,1,-95,1,631051583,128,0 0 0 0 0 0 0 0 0 0 0 0 -8 -3 -7 -4 -8 -4 -7 -5 -8 -5 -8 -5 -8 -5 -8 -6 -8 -6 -7 -7 -8 -7 -7 -8 -7 -8 -7 -8 -7 -8 -7 -9 -7 -9 -7 -9 -7 -9 -6 -9 -7 -9 -6 -9 -6 -9 -6 -9 -6 -9 -7 -9 0 0 -7 -9 -7 -9 -7 -9 -7 -9 -7 -9 -7 -9 -8 -9 -8 -9 -8 -9 -8 -9 -8 -9 -8 -9 -8 -9 -8 -9 -9 -9 -9 -8 -9 -9 -9 -8 -10 -8 -10 -8 -10 -8 -10 -8 -10 -8 -10 -8 -10 -8 -11 -8 0 0 0 0 0 0 0 0 0 0
1784740909.552760,53852,-45,11,1,7,1,-95,1,631061482,128,0 0 0 0 0 0 0 0 0 0 0 0 -4 -7 -4 -8 -3 -8 -3 -8 -2 -9 -3 -9 -2 -9 -2 -10 -2 -10 -2 -10 -1 -10 -1 -11 -1 -11 -1 -11 0 -11 0 -11 0 -12 0 -11 1 -12 1 -12 1 -11 1 -11 0 -11 1 -11 1 -11 1 -12 0 0 1 -11 1 -11 1 -12 1 -11 0 -11 0 -12 0 -11 0 -12 0 -12 -1 -12 -1 -12 -1 -12 -1 -13 -1 -13 -1 -12 -1 -13 -1 -12 -1 -13 -1 -13 -1 -13 -2 -13 -2 -13 -2 -13 -2 -13 -2 -13 -3 -14 0 0 0 0 0 0 0 0 0 0
1784740909.566502,53853,-45,11,1,7,1,-95,1,631071505,128,0 0 0 0 0 0 0 0 0 0 0 0 -4 -7 -4 -7 -3 -8 -3 -8 -3 -8 -3 -8 -3 -9 -3 -9 -3 -9 -2 -10 -1 -10 -1 -10 -1 -10 -1 -10 -1 -10 -1 -11 0 -11 -1 -11 0 -11 0 -11 0 -11 0 -11 0 -11 0 -11 0 -11 0 -11 0 0 -1 -11 0 -11 0 -11 0 -11 -1 -11 -1 -11 -1 -12 -2 -12 -1 -11 -1 -12 -1 -12 -1 -12 -2 -12 -2 -12 -2 -12 -2 -12 -2 -12 -2 -12 -3 -12 -3 -13 -3 -12 -3 -12 -3 -13 -3 -12 -3 -13 -3 -12 0 0 0 0 0 0 0 0 0 0
1784740909.566502,53854,-45,11,1,7,1,-95,1,631081581,128,0 0 0 0 0 0 0 0 0 0 0 0 2 6 2 7 1 6 1 7 1 7 1 7 1 7 0 8 1 8 0 8 0 8 -1 9 -1 9 -1 9 -1 9 -1 9 -1 10 -1 9 -2 10 -2 10 -2 10 -2 10 -2 10 -2 9 -2 10 -2 10 0 0 -2 10 -2 10 -2 10 -1 10 -1 10 -1 10 -1 10 -1 10 -1 11 -1 11 -1 11 -1 11 -1 11 -1 12 0 11 0 12 0 11 0 12 0 12 0 12 0 12 0 12 0 12 0 12 0 12 1 12 0 0 0 0 0 0 0 0 0 0
1784740909.582525,53855,-46,11,1,7,1,-95,1,631091600,128,0 0 0 0 0 0 0 0 0 0 0 0 -7 2 -8 1 -8 1 -8 0 -8 0 -8 1 -8 0 -9 0 -9 -1 -9 0 -9 -1 -9 -1 -10 -1 -10 -1 -10 -1 -10 -2 -10 -2 -10 -2 -10 -2 -10 -2 -10 -2 -10 -3 -10 -2 -10 -2 -10 -2 -11 -2 0 0 -11 -2 -11 -2 -11 -2 -11 -2 -11 -2 -11 -2 -11 -2 -11 -2 -11 -2 -11 -1 -12 -1 -12 -1 -12 -1 -12 -1 -12 -1 -12 -1 -12 -1 -13 0 -12 -1 -12 0 -13 0 -13 0 -13 0 -13 0 -13 1 -13 0 0 0 0 0 0 0 0 0 0 0
1784740909.598228,53856,-42,11,1,7,0,-95,1,631101537,128,0 0 0 0 0 0 0 0 0 0 0 0 -9 -2 -9 -2 -9 -3 -9 -3 -9 -4 -9 -4 -9 -4 -9 -4 -9 -4 -10 -5 -10 -5 -10 -6 -10 -6 -10 -6 -10 -6 -10 -7 -10 -7 -10 -7 -10 -7 -10 -7 -10 -7 -10 -7 -10 -7 -10 -7 -10 -8 -10 -7 0 0 -11 -7 -11 -7 -11 -7 -11 -7 -11 -7 -12 -7 -12 -7 -12 -7 -12 -7 -12 -7 -12 -7 -12 -7 -13 -7 -13 -7 -13 -7 -13 -6 -13 -7 -13 -6 -13 -6 -14 -6 -14 -6 -14 -6 -14 -6 -14 -6 -14 -6 -14 -6 0 0 0 0 0 0 0 0 0 0
1784740909.598228,53857,-45,11,1,7,1,-95,1,631112670,128,0 0 0 0 0 0 0 0 0 0 0 0 -5 5 -6 5 -6 5 -7 5 -7 4 -7 5 -7 4 -8 5 -8 4 -8 5 -8 4 -9 4 -9 4 -9 4 -10 4 -10 4 -10 4 -10 3 -10 4 -10 3 -10 3 -10 3 -10 4 -10 3 -10 3 -11 4 0 0 -11 4 -11 4 -11 4 -11 4 -10 4 -11 4 -11 4 -11 5 -11 4 -11 5 -11 5 -11 6 -11 6 -11 6 -11 5 -12 6 -11 5 -11 6 -11 6 -12 6 -11 6 -12 6 -11 7 -11 6 -11 7 -11 7 0 0 0 0 0 0 0 0 0 0
1784740909.630266,53858,-44,11,1,7,1,-95,1,631144675,128,0 0 0 0 0 0 0 0 0 0 0 0 -9 1 -9 1 -9 0 -10 0 -9 -1 -9 -1 -10 -1 -10 -1 -10 -2 -10 -2 -10 -2 -11 -3 -11 -3 -11 -3 -11 -3 -11 -3 -11 -4 -11 -4 -11 -4 -11 -4 -11 -4 -11 -4 -11 -4 -11 -4 -11 -4 -11 -4 0 0 -11 -3 -11 -3 -11 -4 -11 -3 -11 -3 -12 -3 -12 -3 -12 -3 -12 -2 -12 -2 -12 -2 -13 -2 -13 -2 -14 -2 -13 -1 -14 -2 -13 -2 -14 -1 -14 -1 -14 -1 -14 -1 -14 -1 -14 -1 -14 -1 -14 -1 -15 -1 0 0 0 0 0 0 0 0 0 0
1784740909.630266,53859,-44,11,1,7,1,-95,1,631145001,128,0 0 0 0 0 0 0 0 0 0 0 0 -1 -9 0 -9 1 -9 1 -9 1 -10 2 -10 2 -10 2 -10 3 -10 3 -10 3 -10 3 -10 4 -10 4 -10 4 -11 5 -10 5 -10 5 -10 5 -10 5 -10 5 -10 5 -10 5 -10 5 -10 5 -10 5 -10 0 0 5 -11 5 -11 5 -11 4 -11 4 -11 4 -11 4 -11 4 -12 4 -12 3 -12 3 -12 3 -13 3 -13 3 -13 3 -13 3 -14 3 -13 3 -14 3 -14 4 -14 3 -14 3 -14 3 -14 3 -14 3 -14 3 -15 0 0 0 0 0 0 0 0 0 0
1784740909.646034,53860,-44,11,1,7,1,-95,1,631151543,128,0 0 0 0 0 0 0 0 0 0 0 0 -1 8 -1 8 -2 8 -2 8 -3 8 -3 8 -3 8 -3 9 -3 9 -4 9 -4 9 -4 9 -5 9 -5 9 -5 9 -6 9 -6 9 -6 9 -6 9 -6 9 -6 9 -6 9 -6 9 -6 9 -6 9 -6 10 0 0 -6 9 -5 10 -5 10 -5 10 -5 10 -5 10 -5 10 -5 11 -5 11 -4 11 -4 11 -4 11 -4 12 -4 12 -4 12 -4 12 -4 12 -4 13 -4 13 -4 13 -4 13 -4 13 -4 13 -4 13 -4 13 -4 13 0 0 0 0 0 0 0 0 0 0
1784740909.646034,53861,-44,11,1,7,1,-95,1,631161527,128,0 0 0 0 0 0 0 0 0 0 0 0 -8 3 -8 2 -9 2 -9 1 -9 1 -9 1 -10 1 -10 1 -10 1 -10 0 -10 0 -11 0 -10 -1 -11 -1 -11 -1 -11 -1 -11 -1 -11 -1 -11 -1 -11 -1 -11 -1 -11 -1 -11 -1 -11 -2 -11 -2 -11 -1 0 0 -11 -2 -12 -1 -11 -1 -12 0 -12 -1 -12 0 -12 0 -12 0 -12 0 -13 0 -13 0 -12 1 -13 0 -13 0 -13 1 -13 1 -14 1 -14 1 -13 1 -14 1 -14 1 -14 2 -14 1 -15 1 -15 1 -15 1 0 0 0 0 0 0 0 0 0 0
1784740909.661914,53862,-44,11,1,7,1,-95,1,631171487,128,0 0 0 0 0 0 0 0 0 0 0 0 -9 1 -9 0 -9 0 -9 -1 -9 -1 -9 -1 -9 -2 -10 -2 -9 -2 -10 -2 -10 -2 -10 -3 -10 -3 -10 -3 -10 -3 -10 -4 -10 -4 -10 -4 -10 -4 -10 -4 -10 -4 -10 -4 -11 -4 -10 -4 -10 -4 -11 -4 0 0 -11 -4 -11 -4 -11 -4 -11 -4 -11 -3 -11 -3 -11 -3 -12 -3 -11 -3 -12 -3 -12 -3 -12 -3 -12 -3 -13 -3 -13 -2 -13 -3 -13 -3 -13 -3 -13 -2 -14 -2 -14 -2 -14 -2 -14 -2 -14 -3 -14 -2 -14 -3 0 0 0 0 0 0 0 0 0 0
1784740909.677660,53863,-44,11,1,7,1,-95,1,631181480,128,0 0 0 0 0 0 0 0 0 0 0 0 7 -1 8 -1 8 -1 8 0 8 0 8 0 8 0 8 1 8 1 9 1 9 2 9 2 9 2 9 2 9 2 9 3 9 3 9 3 9 3 9 3 9 3 9 3 9 3 9 3 9 3 10 3 0 0 10 3 10 3 9 3 10 3 10 2 10 2 10 2 11 2 11 2 11 2 11 2 11 1 11 1 11 1 12 1 12 1 12 1 12 1 12 1 13 0 13 1 13 0 13 1 13 0 13 0 13 0 0 0 0 0 0 0 0 0 0 0
1784740909.677660,53864,-44,11,1,7,1,-95,1,631191508,128,0 0 0 0 0 0 0 0 0 0 0 0 -8 -2 -8 -3 -8 -3 -9 -4 -8 -4 -8 -4 -9 -4 -9 -5 -9 -5 -9 -5 -9 -6 -9 -6 -8 -6 -9 -6 -9 -7 -9 -7 -9 -7 -9 -7 -9 -7 -9 -7 -9 -7 -9 -7 -9 -7 -9 -7 -9 -7 -9 -7 0 0 -9 -7 -10 -7 -9 -7 -10 -7 -10 -7 -10 -7 -10 -6 -11 -7 -10 -6 -11 -7 -11 -7 -11 -7 -11 -6 -11 -6 -12 -6 -12 -6 -12 -7 -13 -6 -13 -6 -13 -6 -13 -6 -13 -5 -13 -6 -13 -7 -13 -6 -14 -6 0 0 0 0 0 0 0 0 0 0
1784740909.693416,53865,-43,11,1,7,1,-95,1,631201564,128,0 0 0 0 0 0 0 0 0 0 0 0 -3 -8 -3 -8 -2 -9 -1 -9 -1 -9 -1 -9 -1 -9 -1 -10 0 -10 0 -10 0 -10 0 -10 1 -10 1 -11 1 -11 1 -11 1 -11 1 -11 1 -11 2 -11 2 -11 2 -11 1 -11 1 -11 2 -11 2 -11 0 0 1 -12 1 -12 1 -11 1 -12 1 -11 1 -12 1 -12 0 -12 1 -12 0 -13 0 -13 0 -12 -1 -13 -1 -13 -1 -13 -1 -13 -1 -13 -1 -13 -1 -14 -1 -14 -1 -14 -1 -14 -2 -14 -2 -14 -2 -14 -2 -15 0 0 0 0 0 0 0 0 0 0
1784740909.709457,53866,-40,11,1,7,0,-95,1,631211597,128,0 0 0 0 0 0 0 0 0 0 0 0 5 -6 5 -6 6 -6 6 -6 6 -6 7 -6 7 -6 7 -6 8 -6 8 -5 9 -5 9 -5 9 -5 9 -5 9 -5 10 -5 10 -5 10 -4 10 -4 10 -4 10 -4 10 -4 11 -5 11 -4 11 -4 11 -4 0 0 11 -5 11 -5 11 -4 11 -5 11 -5 11 -5 11 -5 11 -5 11 -5 11 -6 11 -6 11 -6 12 -6 11 -6 12 -7 12 -7 12 -7 12 -7 12 -7 12 -7 12 -8 12 -8 12 -8 13 -7 12 -7 12 -8 0 0 0 0 0 0 0 0 0 0
1784740909.709457,53867,-43,11,1,7,1,-95,1,631221521,128,0 0 0 0 0 0 0 0 0 0 0 0 7 -1 7 0 7 0 7 1 7 1 7 1 8 1 8 1 8 1 8 2 8 2 8 3 8 3 8 3 9 3 9 3 9 3 9 3 9 4 9 3 9 3 9 3 9 4 9 4 9 4 10 4 0 0 10 4 10 3 10 4 10 3 11 3 11 3 11 3 11 3 11 3 11 3 12 3 12 3 12 3 12 2 12 2 13 2 12 2 13 2 13 2 13 2 13 2 13 2 13 2 14 2 14 2 14 2 0 0 0 0 0 0 0 0 0 0
1784740909.725425,53868,-43,11,1,7,1,-95,1,631233206,128,0 0 0 0 0 0 0 0 0 0 0 0 -6 -5 -6 -5 -6 -5 -6 -6 -6 -6 -6 -6 -6 -6 -6 -6 -6 -7 -6 -7 -6 -8 -6 -8 -6 -8 -6 -8 -6 -8 -6 -9 -6 -9 -6 -9 -6 -9 -6 -9 -6 -9 -6 -9 -6 -9 -6 -9 -5 -9 -6 -9 0 0 -6 -10 -6 -10 -6 -9 -7 -10 -7 -9 -7 -9 -7 -9 -7 -10 -8 -9 -8 -10 -8 -10 -8 -10 -8 -10 -8 -10 -9 -10 -9 -10 -9 -10 -10 -10 -10 -10 -10 -10 -10 -10 -10 -10 -10 -11 -10 -11 -10 -11 -10 -11 0 0 0 0 0 0 0 0 0 0
1784740909.725425,53869,-43,11,1,7,1,-95,1,631241577,128,0 0 0 0 0 0 0 0 0 0 0 0 5 -5 5 -4 6 -4 5 -4 6 -4 6 -4 6 -4 7 -4 7 -4 8 -4 8 -3 8 -3 8 -3 8 -3 8 -3 9 -3 9 -3 9 -3 9 -3 9 -3 9 -3 9 -3 10 -3 10 -2 10 -2 10 -2 0 0 10 -3 10 -3 9 -3 10 -3 10 -3 10 -4 10 -4 10 -4 10 -4 11 -4 11 -4 10 -4 10 -4 10 -4 11 -6 10 -5 11 -5 11 -5 11 -6 11 -6 11 -6 11 -6 12 -6 12 -6 11 -6 11 -6 0 0 0 0 0 0 0 0 0 0
1784740909.741436,53870,-44,11,1,7,1,-95,1,631251848,128,0 0 0 0 0 0 0 0 0 0 0 0 -2 6 -2 6 -3 6 -3 7 -3 6 -3 7 -3 7 -4 7 -4 7 -4 7 -5 7 -5 8 -5 7 -5 8 -6 8 -6 7 -6 8 -6 8 -6 8 -6 8 -6 8 -6 8 -6 8 -7 8 -7 8 -7 8 0 0 -7 9 -7 8 -7 9 -7 9 -7 9 -7 9 -7 9 -7 9 -7 9 -6 10 -7 10 -6 10 -7 10 -7 10 -6 10 -7 11 -6 10 -7 11 -6 11 -6 11 -6 11 -6 11 -6 11 -6 11 -6 11 -6 11 0 0 0 0 0 0 0 0 0 0
1784740909.757411,53871,-44,11,1,7,1,-95,1,631261480,128,0 0 0 0 0 0 0 0 0 0 0 0 -2 6 -3 6 -4 6 -4 6 -4 6 -4 6 -4 6 -5 7 -5 6 -5 6 -5 7 -5 7 -6 7 -6 7 -7 7 -7 7 -7 7 -7 6 -8 7 -8 7 -7 7 -8 7 -7 7 -7 8 -8 7 -8 8 0 0 -8 8 -8 8 -9 8 -8 8 -9 8 -8 8 -9 8 -8 9 -9 8 -8 9 -8 9 -8 9 -8 9 -8 10 -8 9 -9 10 -8 9 -8 10 -9 10 -8 10 -8 10 -9 10 -8 10 -8 10 -8 10 -8 11 0 0 0 0 0 0 0 0 0 0
1784740909.757411,53872,-44,11,1,7,1,-95,1,631271799,128,0 0 0 0 0 0 0 0 0 0 0 0 6 0 6 1 6 1 6 1 6 1 6 1 6 2 7 2 7 2 7 3 7 3 7 3 7 3 7 4 7 3 8 4 8 4 8 4 8 4 8 4 8 4 8 4 9 5 8 5 8 5 8 4 0 0 9 4 9 4 9 4 10 4 9 4 10 4 10 4 10 4 10 4 11 5 11 4 10 4 10 4 10 4 12 4 11 4 12 4 12 4 12 4 12 3 12 4 12 3 13 4 12 4 12 4 12 4 0 0 0 0 0 0 0 0 0 0
1784740909.777534,53873,-45,11,1,7,1,-95,1,631281542,128,0 0 0 0 0 0 0 0 0 0 0 0 3 -6 4 -6 4 -6 5 -6 5 -6 5 -6 5 -6 6 -6 6 -6 6 -6 6 -6 7 -6 7 -6 7 -6 8 -6 8 -5 8 -6 8 -5 8 -5 8 -6 8 -5 8 -5 8 -5 8 -5 8 -6 9 -6 0 0 9 -6 9 -6 9 -6 9 -6 9 -7 9 -7 9 -7 9 -7 9 -7 9 -8 9 -8 9 -8 9 -8 10 -9 9 -8 10 -9 9 -9 10 -9 10 -9 10 -9 10 -10 10 -10 10 -10 10 -10 10 -10 11 -10 0 0 0 0 0 0 0 0 0 0
1784740909.777534,53874,-45,11,1,7,1,-95,1,631291501,128,0 0 0 0 0 0 0 0 0 0 0 0 5 2 5 3 5 3 5 4 5 4 5 4 5 4 6 5 5 5 5 5 5 5 5 6 5 6 5 6 5 7 5 7 5 7 5 7 5 7 5 7 5 7 5 7 5 7 5 7 5 7 5 7 0 0 5 8 5 7 6 8 6 7 6 7 6 8 6 7 7 8 7 8 7 7 8 8 8 7 8 7 8 8 8 8 9 8 8 8 9 8 9 9 9 8 9 8 9 8 10 8 10 9 10 8 10 9 0 0 0 0 0 0 0 0 0 0
1784740909.790507,53875,-46,11,1,7,1,-95,1,631301548,128,0 0 0 0 0 0 0 0 0 0 0 0 5 3 5 3 5 4 5 4 5 4 5 4 5 4 6 5 6 5 6 5 5 6 5 6 5 6 5 6 5 7 5 7 5 7 5 7 5 7 5 7 5 7 5 7 5 8 5 8 5 8 5 8 0 0 6 8 6 8 6 7 6 8 6 7 7 8 7 8 7 8 7 8 8 8 7 8 8 8 8 8 8 8 9 8 9 8 9 9 9 9 10 9 10 9 9 9 10 9 10 9 10 9 10 10 10 10 0 0 0 0 0 0 0 0 0 0
1784740909.805495,53876,-46,11,1,7,1,-95,1,631312136,128,0 0 0 0 0 0 0 0 0 0 0 0 -5 -5 -5 -5 -5 -6 -4 -6 -4 -7 -4 -7 -4 -7 -4 -7 -4 -7 -4 -7 -4 -7 -5 -8 -4 -8 -4 -8 -4 -9 -4 -9 -3 -9 -3 -9 -4 -9 -3 -9 -3 -9 -3 -9 -4 -9 -4 -9 -4 -9 -4 -9 0 0 -4 -9 -4 -10 -4 -10 -5 -10 -5 -10 -5 -10 -5 -10 -5 -10 -5 -10 -6 -11 -7 -11 -7 -10 -7 -11 -7 -11 -7 -12 -7 -12 -7 -12 -7 -12 -7 -12 -7 -12 -7 -12 -7 -13 -7 -13 -7 -12 -7 -13 -7 -13 0 0 0 0 0 0 0 0 0 0
1784740909.805495,53877,-46,11,1,7,1,-95,1,631321570,128,0 0 0 0 0 0 0 0 0 0 0 0 7 -3 7 -3 7 -2 7 -2 7 -2 7 -2 8 -2 8 -2 8 -1 8 -1 9 -1 9 0 9 0 9 0 9 0 9 0 9 1 9 1 9 1 9 1 9 1 9 1 9 1 9 1 9 1 9 1 0 0 9 0 9 1 9 0 10 0 10 0 10 0 10 -1 10 -1 10 -1 11 -1 11 -1 11 -1 11 -1 11 -1 11 -1 11 -2 12 -1 12 -1 12 -1 12 -2 12 -2 13 -2 12 -1 13 -2 13 -1 13 -1 0 0 0 0 0 0 0 0 0 0
1784740909.821447,53878,-45,11,1,7,1,-95,1,631331522,128,0 0 0 0 0 0 0 0 0 0 0 0 1 -7 1 -7 2 -7 2 -7 2 -7 3 -7 3 -8 3 -8 3 -8 4 -8 4 -8 4 -8 5 -8 5 -8 5 -8 5 -8 5 -8 5 -8 6 -8 5 -9 6 -8 5 -8 6 -8 6 -8 6 -8 6 -8 0 0 6 -8 5 -9 5 -9 5 -9 5 -9 5 -9 5 -9 5 -10 5 -10 5 -10 5 -10 5 -10 5 -10 5 -11 4 -11 4 -12 5 -12 5 -12 5 -12 4 -12 5 -12 4 -12 5 -12 5 -12 5 -12 5 -13 0 0 0 0 0 0 0 0 0 0
1784740909.837348,53879,-44,11,1,7,1,-95,1,631341520,128,0 0 0 0 0 0 0 0 0 0 0 0 -3 -6 -2 -7 -2 -7 -2 -7 -2 -7 -1 -7 -1 -7 -2 -8 -1 -8 -1 -8 -1 -9 -1 -9 -1 -9 -1 -9 0 -10 0 -10 0 -10 0 -10 0 -10 1 -10 1 -10 1 -10 1 -10 0 -10 0 -10 1 -11 0 0 1 -11 1 -11 1 -11 1 -11 0 -11 1 -11 1 -12 0 -12 1 -12 0 -12 0 -12 -1 -13 0 -13 0 -13 0 -13 0 -14 0 -13 0 -14 0 -14 0 -14 0 -14 0 -15 0 -14 0 -15 -1 -15 0 -15 0 0 0 0 0 0 0 0 0 0
1784740909.845799,53880,-44,11,1,7,1,-95,1,631351517,128,0 0 0 0 0 0 0 0 0 0 0 0 3 -5 4 -5 4 -5 4 -5 5 -5 4 -5 5 -5 5 -5 5 -5 5 -5 6 -5 6 -5 6 -5 7 -5 7 -5 7 -5 7 -5 7 -5 8 -5 8 -5 8 -5 8 -5 8 -5 8 -5 8 -5 8 -5 0 0 8 -5 9 -5 8 -5 8 -6 9 -6 9 -6 9 -6 9 -6 9 -6 9 -7 9 -7 9 -7 9 -7 9 -7 9 -8 10 -8 10 -8 10 -8 10 -8 10 -9 10 -8 11 -9 11 -9 11 -9 11 -9 11 -9 0 0 0 0 0 0 0 0 0 0
1784740909.857610,53881,-44,11,1,7,1,-95,1,631361449,128,0 0 0 0 0 0 0 0 0 0 0 0 -2 5 -2 6 -2 5 -3 6 -3 6 -3 6 -3 6 -3 6 -4 6 -3 6 -4 6 -4 7 -4 7 -5 7 -5 7 -5 7 -5 7 -5 7 -6 8 -6 7 -6 7 -6 7 -6 8 -6 8 -6 8 -6 8 0 0 -7 8 -7 8 -7 8 -7 8 -6 8 -7 8 -7 8 -7 9 -7 9 -7 9 -7 9 -6 10 -7 10 -7 10 -7 10 -7 11 -7 10 -7 11 -8 11 -7 11 -8 11 -8 11 -8 11 -8 12 -8 12 -8 12 0 0 0 0 0 0 0 0 0 0
1784740909.869594,53882,-43,11,1,7,1,-95,1,631371460,128,0 0 0 0 0 0 0 0 0 0 0 0 2 5 2 5 1 5 1 6 1 5 1 6 1 6 1 7 1 7 1 7 1 7 1 7 1 8 1 8 0 9 0 9 0 9 0 9 -1 9 -1 9 0 10 -1 9 -1 9 -1 10 -1 9 -1 10 0 0 -1 10 -1 10 -1 11 -1 10 -1 10 -1 11 -1 11 -1 11 -1 11 0 11 0 11 0 11 0 12 0 12 0 12 0 12 0 12 0 12 1 13 1 13 1 13 1 13 1 13 1 13 1 13 1 13 0 0 0 0 0 0 0 0 0 0
1784740909.869594,53883,-44,11,1,7,1,-95,1,631381514,128,0 0 0 0 0 0 0 0 0 0 0 0 -3 -6 -2 -6 -2 -6 -2 -6 -2 -7 -2 -7 -2 -7 -2 -8 -2 -8 -2 -8 -2 -8 -1 -9 -1 -9 -1 -9 -1 -9 -1 -10 -1 -10 -1 -10 -1 -10 -1 -10 -1 -11 -1 -11 -1 -11 0 -11 0 -11 0 -11 0 0 -1 -11 -1 -12 -1 -11 -1 -12 -1 -12 -1 -12 -1 -12 -1 -12 -1 -12 -2 -13 -1 -13 -1 -13 -1 -13 -2 -13 -2 -14 -2 -13 -2 -14 -2 -14 -3 -14 -3 -14 -3 -14 -3 -14 -3 -15 -2 -15 -2 -15 -2 -15 0 0 0 0 0 0 0 0 0 0
1784740909.885668,53884,-45,11,1,7,1,-95,1,631392569,128,0 0 0 0 0 0 0 0 0 0 0 0 5 1 5 1 5 2 5 2 5 2 6 2 6 2 6 2 6 3 6 2 6 3 7 3 7 3 7 3 7 4 6 4 7 4 7 4 7 4 7 5 7 5 7 5 8 5 8 5 8 5 8 5 0 0 8 6 9 5 8 6 8 6 9 5 9 6 9 6 9 6 9 6 10 6 10 6 10 5 10 5 10 6 10 6 11 6 11 6 11 6 12 6 11 6 12 6 12 6 12 6 12 6 12 6 12 6 0 0 0 0 0 0 0 0 0 0
1784740909.890913,53885,-46,11,1,7,1,-95,1,631401446,128,0 0 0 0 0 0 0 0 0 0 0 0 5 -4 5 -4 5 -4 5 -3 5 -3 5 -3 6 -3 6 -3 6 -3 7 -3 7 -3 7 -3 7 -2 7 -2 7 -2 8 -2 8 -2 8 -3 8 -2 8 -3 8 -2 8 -2 9 -3 8 -2 9 -2 9 -3 0 0 9 -3 10 -3 9 -3 10 -3 9 -3 10 -3 10 -3 10 -3 10 -3 11 -4 11 -4 11 -4 10 -4 11 -4 11 -4 11 -4 12 -4 11 -4 11 -5 12 -5 12 -5 12 -5 13 -5 12 -5 12 -5 13 -5 0 0 0 0 0 0 0 0 0 0
1784740909.903493,53886,-46,11,1,7,1,-95,1,631412940,128,0 0 0 0 0 0 0 0 0 0 0 0 -2 5 -2 5 -3 6 -3 6 -3 6 -3 6 -3 6 -3 6 -3 6 -4 6 -4 6 -4 7 -4 6 -4 7 -5 7 -5 6 -5 7 -5 6 -5 7 -5 7 -5 8 -5 7 -5 7 -5 7 -5 8 -5 8 0 0 -6 8 -6 8 -6 9 -6 8 -6 9 -6 9 -6 9 -6 9 -6 9 -6 10 -6 10 -6 10 -6 10 -6 11 -6 10 -7 11 -6 11 -6 11 -6 11 -7 12 -6 12 -7 12 -6 12 -7 12 -7 12 -7 13 0 0 0 0 0 0 0 0 0 0
1784740909.917706,53887,-46,11,1,7,1,-95,1,631421672,128,0 0 0 0 0 0 0 0 0 0 0 0 2 5 2 5 2 5 2 5 1 5 2 5 2 5 2 6 2 6 2 6 2 6 2 7 1 7 1 7 1 7 1 7 1 7 1 7 1 8 2 8 1 8 2 8 2 8 1 8 2 8 2 9 0 0 2 9 2 9 2 9 2 9 2 9 3 10 2 10 3 10 3 10 3 10 3 11 3 11 4 11 4 11 3 11 4 12 4 11 4 12 4 12 4 12 4 12 4 13 4 12 4 13 4 13 4 14 0 0 0 0 0 0 0 0 0 0
1784740909.917706,53888,-45,11,1,7,1,-95,1,631431462,128,0 0 0 0 0 0 0 0 0 0 0 0 -1 6 -1 6 -1 6 -1 6 -2 6 -2 6 -2 6 -2 6 -2 7 -2 7 -2 7 -3 7 -3 7 -3 7 -3 7 -4 7 -4 7 -4 8 -4 7 -4 8 -4 8 -4 8 -4 8 -4 8 -4 8 -4 9 0 0 -4 9 -4 9 -4 9 -4 10 -4 9 -4 10 -4 10 -4 10 -4 10 -4 11 -4 11 -3 11 -4 11 -3 11 -4 12 -4 12 -4 12 -3 12 -4 12 -4 13 -4 13 -4 13 -4 14 -4 13 -4 14 -4 14 0 0 0 0 0 0 0 0 0 0
1784740909.933897,53889,-44,11,1,7,1,-95,1,631444133,128,0 0 0 0 0 0 0 0 0 0 0 0 4 4 3 4 4 5 3 4 4 5 3 5 4 6 3 6 4 6 3 7 3 7 3 7 3 7 3 8 3 7 3 8 2 8 3 9 2 8 3 9 3 9 3 9 3 9 2 9 2 9 2 9 0 0 2 9 3 10 2 9 3 10 3 9 3 10 4 10 4 10 4 10 4 11 4 10 4 10 4 10 4 10 5 11 5 10 5 11 5 11 5 11 6 11 6 11 6 11 6 12 6 12 6 12 6 12 0 0 0 0 0 0 0 0 0 0
1784740909.933897,53890,-43,11,1,7,1,-95,1,631451445,128,0 0 0 0 0 0 0 0 0 0 0 0 -6 1 -7 0 -7 0 -7 0 -7 0 -7 -1 -8 -1 -8 -1 -8 -1 -8 -1 -8 -1 -9 -1 -9 -2 -9 -2 -9 -2 -9 -3 -9 -3 -9 -3 -10 -3 -10 -3 -10 -3 -10 -3 -10 -3 -10 -3 -10 -3 -10 -3 0 0 -11 -3 -11 -3 -11 -4 -11 -3 -11 -3 -11 -3 -11 -3 -11 -3 -11 -3 -12 -3 -12 -3 -12 -2 -12 -2 -12 -2 -13 -2 -13 -2 -13 -2 -13 -2 -13 -2 -14 -2 -14 -2 -14 -2 -14 -2 -14 -2 -15 -1 -15 -2 0 0 0 0 0 0 0 0 0 0
1784740909.949631,53891,-44,11,1,7,1,-95,1,631461536,128,0 0 0 0 0 0 0 0 0 0 0 0 3 -6 3 -5 4 -5 4 -5 4 -5 4 -5 4 -5 5 -5 5 -6 5 -6 5 -5 6 -6 6 -6 6 -5 6 -6 7 -5 7 -5 7 -6 7 -5 7 -5 8 -6 8 -5 8 -6 8 -5 8 -6 8 -6 0 0 9 -6 9 -6 9 -6 9 -6 8 -6 9 -6 9 -6 9 -7 9 -6 9 -7 9 -7 9 -7 9 -7 9 -7 10 -8 9 -8 10 -8 10 -8 10 -8 10 -9 10 -9 10 -9 10 -9 10 -9 10 -9 11 -9 0 0 0 0 0 0 0 0 0 0
1784740909.965812,53892,-45,11,1,7,1,-95,1,631471428,128,0 0 0 0 0 0 0 0 0 0 0 0 -5 -4 -5 -4 -5 -5 -5 -5 -5 -5 -5 -6 -5 -6 -5 -6 -5 -6 -5 -7 -5 -7 -5 -7 -5 -7 -5 -7 -5 -7 -5 -8 -5 -8 -5 -8 -5 -9 -5 -9 -5 -9 -5 -9 -5 -9 -5 -9 -5 -9 -5 -9 0 0 -5 -10 -5 -9 -5 -10 -5 -10 -5 -10 -5 -10 -5 -10 -5 -10 -5 -10 -6 -10 -6 -10 -6 -11 -6 -10 -6 -11 -6 -10 -6 -11 -6 -11 -7 -11 -7 -11 -7 -11 -7 -11 -7 -11 -7 -11 -8 -11 -8 -12 -8 -12 0 0 0 0 0 0 0 0 0 0
1784740909.965812,53893,-46,11,1,7,1,-95,1,631481548,128,0 0 0 0 0 0 0 0 0 0 0 0 -3 -6 -2 -6 -2 -6 -2 -6 -2 -7 -2 -7 -2 -7 -1 -7 -1 -8 -1 -8 -1 -8 -1 -8 -1 -8 0 -8 0 -9 0 -9 0 -9 0 -9 0 -9 0 -9 0 -9 1 -9 0 -9 1 -9 1 -10 1 -10 0 0 1 -10 1 -10 1 -10 1 -10 1 -10 1 -10 1 -11 1 -11 1 -11 0 -11 0 -11 0 -11 0 -12 0 -12 0 -12 0 -12 0 -12 0 -12 0 -13 0 -13 -1 -13 0 -13 0 -13 0 -13 0 -13 0 -14 0 0 0 0 0 0 0 0 0 0
1784740909.981672,53894,-47,11,1,7,1,-95,1,631491535,128,0 0 0 0 0 0 0 0 0 0 0 0 -3 -6 -3 -6 -3 -7 -3 -6 -3 -7 -3 -7 -2 -7 -2 -8 -2 -8 -2 -8 -2 -9 -1 -9 -1 -9 -1 -9 -1 -9 -1 -10 -1 -9 -1 -10 -1 -9 -1 -10 -1 -10 -1 -10 -1 -10 0 -10 0 -10 0 -10 0 0 -1 -10 -1 -10 -1 -10 -1 -11 -1 -10 -1 -10 -2 -10 -2 -11 -2 -10 -2 -11 -2 -11 -2 -11 -2 -11 -2 -11 -3 -12 -3 -11 -3 -12 -3 -12 -4 -12 -4 -12 -4 -13 -4 -12 -4 -13 -4 -13 -4 -13 -4 -13 0 0 0 0 0 0 0 0 0 0
1784740909.997816,53895,-46,11,1,7,1,-95,1,631501554,128,0 0 0 0 0 0 0 0 0 0 0 0 6 0 6 0 6 1 6 1 6 1 7 2 7 2 7 2 7 2 7 3 8 3 8 3 7 4 8 4 8 4 8 4 8 5 8 5 8 5 8 5 8 5 8 5 8 5 7 5 8 5 7 6 0 0 8 6 8 5 8 5 8 5 8 5 8 5 9 5 9 5 9 5 9 5 9 5 9 4 10 4 10 5 10 4 11 4 10 4 11 5 11 4 11 4 11 4 12 4 11 5 11 4 11 5 12 4 0 0 0 0 0 0 0 0 0 0
1784740909.997816,53896,-45,11,1,7,1,-95,1,631511539,128,0 0 0 0 0 0 0 0 0 0 0 0 2 5 1 6 1 6 1 6 1 6 1 7 1 7 1 7 1 8 1 8 1 8 0 8 0 8 0 9 0 9 -1 9 -1 9 -1 9 -1 10 -1 10 -1 10 -1 10 -1 10 -1 10 -1 10 -1 11 0 0 -1 11 -1 11 -1 11 -1 11 -1 11 0 11 0 11 0 11 -1 11 0 12 0 12 0 12 0 12 1 12 0 12 1 13 1 12 1 13 1 13 1 13 2 13 1 14 2 13 1 13 1 14 1 14 0 0 0 0 0 0 0 0 0 0
1784740910.015851,53897,-44,11,1,7,1,-95,1,631522502,128,0 0 0 0 0 0 0 0 0 0 0 0 5 3 5 4 5 4 5 5 5 5 5 5 5 5 5 6 5 6 5 6 5 7 5 7 5 7 5 7 5 7 5 8 5 8 5 8 5 8 5 8 5 8 5 9 5 9 5 9 5 9 5 9 0 0 5 9 6 9 5 9 6 9 6 9 6 9 6 9 6 9 6 9 7 9 7 9 7 9 7 9 8 9 8 9 8 10 8 9 8 10 9 10 9 10 9 10 9 10 9 10 9 10 9 10 9 10 0 0 0 0 0 0 0 0 0 0
1784740910.015851,53898,-44,11,1,7,1,-95,1,631531529,128,0 0 0 0 0 0 0 0 0 0 0 0 2 -7 3 -7 3 -7 4 -7 4 -7 4 -7 4 -7 5 -7 5 -7 5 -7 6 -7 6 -7 6 -7 6 -7 7 -7 7 -7 7 -7 7 -7 8 -7 8 -7 7 -7 8 -7 8 -7 8 -6 8 -7 8 -7 0 0 8 -7 8 -7 8 -7 8 -7 8 -7 8 -8 8 -7 8 -8 8 -8 8 -8 8 -8 8 -9 8 -9 8 -9 8 -9 8 -9 8 -9 8 -10 8 -10 8 -10 8 -11 7 -11 8 -10 8 -11 8 -11 8 -11 0 0 0 0 0 0 0 0 0 0
1784740910.029595,53899,-44,11,1,7,1,-95,1,631541582,128,0 0 0 0 0 0 0 0 0 0 0 0 -7 3 -7 3 -8 2 -8 2 -8 2 -8 2 -9 1 -9 1 -9 1 -10 1 -10 1 -10 1 -10 0 -11 0 -10 0 -11 -1 -11 -1 -11 -1 -11 -2 -11 -2 -11 -2 -11 -2 -11 -2 -11 -1 -11 -1 -11 -2 0 0 -11 -2 -12 -2 -11 -2 -11 -2 -11 -2 -12 -2 -12 -2 -12 -2 -12 -2 -12 -1 -12 -1 -12 0 -12 0 -13 -1 -13 -1 -13 -1 -13 0 -13 0 -13 -1 -13 0 -13 0 -14 0 -14 0 -13 1 -14 1 -14 1 0 0 0 0 0 0 0 0 0 0
1784740910.045748,53900,-44,11,1,7,1,-95,1,631551496,128,0 0 0 0 0 0 0 0 0 0 0 0 -5 4 -6 4 -6 4 -6 3 -7 4 -7 3 -8 4 -8 4 -8 4 -8 3 -9 3 -9 3 -9 2 -10 2 -10 2 -10 2 -10 2 -10 2 -10 2 -10 2 -10 2 -10 2 -11 2 -11 1 -11 1 -11 1 0 0 -11 2 -11 2 -11 2 -11 2 -11 2 -11 2 -11 2 -11 3 -11 3 -12 3 -11 3 -11 3 -11 3 -11 3 -12 4 -11 4 -12 4 -12 4 -12 4 -12 5 -12 5 -12 5 -12 5 -12 4 -12 5 -12 5 0 0 0 0 0 0 0 0 0 0
1784740910.045748,53901,-45,11,1,7,1,-95,1,631561511,128,0 0 0 0 0 0 0 0 0 0 0 0 5 2 5 3 5 4 5 4 5 4 5 5 5 5 5 5 5 5 5 6 5 6 5 7 5 7 5 7 5 8 5 8 5 8 4 8 5 8 5 8 5 8 4 9 4 8 4 9 4 9 4 9 0 0 5 9 5 9 5 9 5 9 5 9 5 9 5 9 6 9 6 9 6 10 6 9 6 9 7 10 7 10 7 9 7 10 7 10 8 10 8 10 8 10 8 10 8 10 8 10 8 10 8 10 9 11 0 0 0 0 0 0 0 0 0 0
1784740910.077673,53902,-46,11,1,7,1,-95,1,631582073,128,0 0 0 0 0 0 0 0 0 0 0 0 1 -5 1 -5 1 -6 1 -5 2 -6 2 -6 2 -6 2 -6 2 -7 3 -6 3 -6 3 -7 3 -7 4 -7 4 -7 4 -7 4 -8 5 -7 5 -7 5 -8 5 -7 5 -8 5 -8 5 -8 5 -8 5 -8 0 0 6 -8 6 -9 6 -8 6 -9 5 -9 6 -9 6 -9 6 -9 6 -9 6 -10 6 -9 6 -10 6 -10 6 -10 6 -11 6 -11 7 -11 6 -11 6 -12 6 -11 6 -11 6 -12 7 -12 7 -12 6 -12 6 -12 0 0 0 0 0 0 0 0 0 0
1784740910.077673,53903,-46,11,1,7,1,-95,1,631582363,128,0 0 0 0 0 0 0 0 0 0 0 0 4 0 5 0 5 0 5 0 5 0 5 0 6 0 6 0 6 1 6 1 6 1 7 2 7 2 7 2 7 2 7 2 8 3 7 2 8 3 7 2 8 3 8 3 8 3 8 3 8 3 8 3 0 0 9 3 9 3 9 3 9 3 9 3 9 3 9 3 10 3 10 3 10 3 10 3 11 3 11 3 11 3 11 3 12 3 11 3 11 3 12 3 12 3 12 2 12 3 12 3 13 3 12 3 13 3 0 0 0 0 0 0 0 0 0 0
1784740910.077673,53904,-46,11,1,7,1,-95,1,631591452,128,0 0 0 0 0 0 0 0 0 0 0 0 -4 -4 -5 -4 -4 -4 -5 -4 -4 -5 -5 -5 -5 -5 -5 -6 -5 -6 -5 -6 -5 -6 -5 -7 -5 -7 -5 -7 -5 -8 -4 -8 -5 -8 -4 -8 -4 -9 -5 -9 -5 -9 -4 -9 -5 -9 -4 -9 -4 -9 -5 -9 0 0 -5 -10 -4 -10 -5 -10 -5 -10 -5 -10 -5 -10 -5 -10 -6 -10 -5 -11 -6 -10 -6 -11 -6 -11 -6 -11 -6 -11 -6 -11 -6 -12 -6 -11 -6 -12 -6 -12 -7 -12 -7 -12 -7 -12 -7 -12 -6 -12 -7 -13 -7 -13 0 0 0 0 0 0 0 0 0 0
1784740910.095886,53905,-45,11,1,7,1,-95,1,631601514,128,0 0 0 0 0 0 0 0 0 0 0 0 -6 1 -7 1 -7 0 -7 0 -7 0 -8 0 -8 0 -8 0 -8 -1 -8 -1 -9 -1 -9 -1 -9 -1 -9 -2 -9 -2 -9 -2 -10 -2 -10 -3 -10 -3 -10 -2 -10 -2 -10 -3 -10 -2 -10 -3 -10 -3 -11 -3 0 0 -11 -3 -11 -3 -11 -3 -11 -3 -11 -3 -12 -3 -12 -3 -12 -3 -12 -3 -12 -2 -13 -3 -13 -3 -13 -3 -13 -2 -13 -2 -14 -3 -13 -3 -14 -2 -14 -2 -14 -2 -14 -2 -15 -2 -14 -2 -14 -2 -15 -2 -15 -2 0 0 0 0 0 0 0 0 0 0
1784740910.095886,53906,-44,11,1,7,1,-95,1,631611424,128,0 0 0 0 0 0 0 0 0 0 0 0 -2 -7 -2 -7 -2 -8 -1 -8 -1 -8 -1 -8 -1 -9 0 -9 -1 -9 0 -9 0 -9 1 -10 1 -10 1 -10 1 -10 2 -10 1 -10 2 -11 2 -10 2 -11 2 -10 2 -11 2 -11 2 -11 3 -10 2 -11 0 0 2 -11 2 -11 2 -11 2 -12 2 -11 2 -12 2 -12 2 -12 2 -12 2 -13 2 -13 1 -12 2 -12 1 -12 1 -13 1 -13 1 -13 1 -14 1 -14 1 -14 1 -14 1 -14 1 -14 1 -14 1 -14 1 -14 0 0 0 0 0 0 0 0 0 0
1784740910.109427,53907,-44,11,1,7,1,-95,1,631624876,128,0 0 0 0 0 0 0 0 0 0 0 0 -7 -3 -7 -3 -7 -4 -7 -4 -7 -5 -7 -5 -7 -5 -7 -6 -7 -6 -7 -6 -8 -6 -7 -7 -8 -7 -8 -7 -7 -8 -7 -8 -7 -9 -7 -8 -7 -9 -7 -9 -7 -9 -7 -9 -7 -9 -7 -9 -7 -9 -8 -9 0 0 -7 -9 -7 -9 -7 -10 -8 -9 -8 -9 -8 -10 -8 -10 -8 -10 -8 -10 -9 -9 -9 -9 -9 -9 -10 -9 -10 -10 -9 -9 -10 -10 -10 -9 -10 -10 -10 -10 -10 -10 -10 -10 -10 -10 -10 -9 -10 -10 -11 -9 -11 -10 0 0 0 0 0 0 0 0 0 0
1784740910.125273,53908,-44,11,1,7,1,-95,1,631631511,128,0 0 0 0 0 0 0 0 0 0 0 0 -7 0 -7 0 -8 -1 -8 -1 -8 -1 -9 -1 -9 -1 -9 -2 -9 -2 -9 -3 -9 -3 -9 -3 -9 -4 -9 -4 -9 -4 -10 -4 -10 -4 -10 -4 -10 -4 -10 -4 -10 -4 -10 -4 -10 -5 -10 -5 -10 -5 -10 -5 0 0 -11 -5 -11 -4 -10 -4 -11 -4 -11 -4 -11 -4 -11 -4 -12 -4 -12 -4 -12 -4 -12 -4 -12 -4 -12 -4 -12 -4 -13 -3 -13 -3 -13 -4 -13 -3 -13 -3 -14 -3 -13 -3 -14 -3 -14 -3 -14 -4 -14 -4 -14 -4 0 0 0 0 0 0 0 0 0 0
1784740910.133331,53909,-41,11,1,7,0,-95,1,631641454,128,0 0 0 0 0 0 0 0 0 0 0 0 7 1 8 2 8 2 8 3 8 3 8 3 8 4 8 4 8 5 8 5 8 5 8 6 8 6 8 7 8 7 8 7 8 7 8 7 8 7 8 7 8 7 8 8 8 7 8 8 8 8 8 8 0 0 9 8 8 8 9 8 9 8 9 7 9 8 9 7 9 8 9 8 10 7 10 7 10 7 10 7 10 7 11 7 11 7 11 7 11 7 11 7 12 7 12 7 12 7 12 7 12 7 12 7 12 7 0 0 0 0 0 0 0 0 0 0
1784740910.141130,53910,-44,11,1,7,1,-95,1,631651426,128,0 0 0 0 0 0 0 0 0 0 0 0 -5 6 -6 6 -6 6 -7 6 -7 5 -7 5 -8 5 -8 5 -8 5 -9 5 -9 5 -9 5 -10 4 -10 4 -10 4 -10 3 -11 4 -10 3 -10 3 -10 3 -11 3 -10 3 -10 3 -10 3 -10 3 -10 3 0 0 -10 4 -11 3 -11 3 -10 3 -10 4 -10 4 -10 4 -10 4 -10 4 -10 5 -10 5 -10 5 -10 5 -11 6 -10 5 -11 6 -10 6 -11 6 -11 6 -11 6 -11 7 -11 7 -10 7 -11 7 -11 7 -11 7 0 0 0 0 0 0 0 0 0 0
1784740910.173418,53911,-45,11,1,7,1,-95,1,631665567,128,0 0 0 0 0 0 0 0 0 0 0 0 -4 -8 -3 -8 -3 -9 -2 -9 -2 -9 -2 -10 -2 -10 -1 -10 -1 -10 0 -10 0 -11 0 -11 1 -11 1 -11 1 -11 1 -11 1 -11 1 -11 2 -11 2 -11 2 -11 2 -11 2 -11 2 -11 2 -11 2 -11 0 0 1 -11 1 -11 2 -11 1 -11 1 -11 1 -11 1 -11 0 -12 0 -12 0 -12 0 -12 0 -12 0 -12 0 -12 -1 -12 -1 -12 -1 -12 -1 -13 -1 -12 -1 -13 -2 -12 -2 -13 -1 -12 -2 -13 -2 -13 -2 -13 0 0 0 0 0 0 0 0 0 0
1784740910.173418,53912,-44,11,1,7,1,-95,1,631671558,128,0 0 0 0 0 0 0 0 0 0 0 0 -9 1 -9 1 -9 0 -10 0 -10 0 -10 0 -10 -1 -11 -1 -11 -1 -11 -2 -11 -2 -11 -3 -11 -3 -11 -3 -11 -3 -11 -4 -11 -4 -11 -4 -11 -4 -11 -4 -11 -4 -11 -4 -11 -4 -11 -4 -11 -4 -11 -4 0 0 -11 -4 -11 -4 -12 -4 -11 -3 -11 -3 -11 -3 -12 -3 -12 -2 -12 -3 -12 -2 -12 -2 -12 -2 -12 -2 -12 -2 -13 -1 -13 -1 -13 -2 -13 -1 -13 -1 -13 -1 -13 -1 -13 0 -13 0 -13 0 -13 0 -13 0 0 0 0 0 0 0 0 0 0 0
1784740910.173418,53913,-43,11,1,7,1,-95,1,631681469,128,0 0 0 0 0 0 0 0 0 0 0 0 1 -8 1 -9 2 -8 2 -9 3 -9 3 -9 4 -9 4 -9 4 -9 4 -9 5 -10 5 -9 5 -9 6 -10 6 -10 6 -9 7 -10 6 -9 7 -9 7 -9 7 -9 7 -9 6 -9 7 -9 7 -9 7 -10 0 0 7 -9 7 -9 7 -10 6 -9 6 -10 6 -10 6 -10 6 -10 6 -10 5 -11 6 -11 5 -11 5 -11 5 -12 5 -11 5 -12 5 -11 5 -12 5 -12 5 -12 4 -12 5 -12 4 -12 4 -13 3 -13 4 -13 0 0 0 0 0 0 0 0 0 0
1784740910.191348,53914,-43,11,1,7,1,-95,1,631691672,128,0 0 0 0 0 0 0 0 0 0 0 0 6 4 5 5 5 5 5 5 5 6 5 6 5 7 5 7 6 7 5 8 5 8 5 8 4 9 4 9 4 9 4 10 4 9 4 10 4 10 4 10 4 10 4 10 4 10 3 10 3 10 3 10 0 0 4 10 4 10 4 10 4 10 4 10 5 10 5 10 5 10 5 10 6 10 6 10 5 10 6 10 6 10 7 10 6 10 6 10 7 10 7 10 8 10 8 10 8 9 8 10 7 10 8 10 8 10 0 0 0 0 0 0 0 0 0 0
1784740910.191348,53915,-43,11,1,7,1,-95,1,631701492,128,0 0 0 0 0 0 0 0 0 0 0 0 -1 -8 -1 -8 0 -8 0 -9 0 -9 1 -9 1 -9 1 -9 1 -10 2 -9 2 -10 3 -10 3 -10 3 -10 3 -10 4 -10 4 -11 4 -10 4 -10 4 -10 4 -10 4 -10 4 -10 5 -10 5 -10 5 -10 0 0 4 -11 4 -10 5 -11 4 -10 4 -11 4 -11 4 -11 3 -11 4 -11 3 -11 3 -12 3 -12 3 -12 3 -13 2 -12 3 -13 2 -12 2 -13 2 -13 2 -13 2 -13 2 -14 2 -13 2 -14 2 -14 2 -15 0 0 0 0 0 0 0 0 0 0
1784740910.207778,53916,-43,11,1,7,1,-95,1,631711478,128,0 0 0 0 0 0 0 0 0 0 0 0 2 -7 2 -8 3 -7 4 -8 4 -7 4 -8 4 -8 5 -8 5 -8 5 -8 6 -8 6 -8 6 -8 7 -8 7 -8 8 -7 8 -7 8 -7 8 -7 8 -7 8 -7 8 -7 8 -7 8 -7 8 -7 9 -7 0 0 9 -7 9 -7 9 -7 8 -7 8 -7 8 -7 8 -7 8 -8 8 -8 8 -9 8 -9 8 -9 8 -9 9 -9 8 -9 9 -9 8 -9 9 -10 9 -10 9 -10 9 -10 9 -10 8 -10 8 -11 8 -11 8 -11 0 0 0 0 0 0 0 0 0 0
1784740910.207778,53917,-43,11,1,7,1,-95,1,631721539,128,0 0 0 0 0 0 0 0 0 0 0 0 4 -7 4 -7 5 -7 5 -6 5 -7 6 -7 6 -7 6 -7 6 -7 8 -6 8 -6 8 -6 8 -6 8 -6 8 -6 9 -6 9 -6 9 -6 9 -6 9 -6 9 -6 9 -6 10 -6 10 -5 10 -5 10 -5 0 0 9 -6 10 -6 9 -6 10 -6 9 -6 10 -7 9 -7 10 -7 9 -7 10 -7 10 -7 9 -7 9 -7 9 -7 9 -9 9 -8 9 -8 9 -9 9 -9 9 -10 9 -9 8 -10 9 -10 9 -9 9 -9 9 -10 0 0 0 0 0 0 0 0 0 0
1784740910.237156,53918,-44,11,1,7,1,-95,1,631745505,128,0 0 0 0 0 0 0 0 0 0 0 0 -7 -3 -7 -4 -7 -5 -7 -5 -7 -5 -7 -5 -7 -6 -7 -6 -7 -7 -7 -7 -7 -8 -7 -8 -6 -8 -6 -8 -7 -8 -6 -9 -6 -8 -6 -9 -6 -9 -7 -9 -7 -9 -7 -9 -7 -9 -6 -9 -6 -9 -6 -9 0 0 -7 -9 -7 -9 -7 -9 -7 -10 -7 -9 -8 -10 -8 -9 -8 -10 -8 -9 -9 -10 -8 -10 -9 -10 -9 -9 -9 -9 -10 -9 -10 -9 -9 -10 -10 -10 -10 -9 -11 -9 -10 -9 -11 -9 -11 -9 -10 -10 -11 -10 -11 -9 0 0 0 0 0 0 0 0 0 0
1784740910.237156,53919,-44,11,1,7,1,-95,1,631745877,128,0 0 0 0 0 0 0 0 0 0 0 0 6 3 6 3 6 4 6 4 6 5 6 5 6 5 6 6 6 6 6 6 6 7 6 7 5 7 5 8 6 8 5 8 6 8 5 8 5 8 6 8 6 8 6 8 5 8 5 9 5 9 6 9 0 0 6 9 6 9 6 9 6 9 7 9 6 9 7 9 7 9 7 9 7 9 8 9 8 9 8 9 8 9 8 8 9 9 9 9 9 9 9 9 9 9 9 9 10 8 9 9 10 9 10 9 10 9 0 0 0 0 0 0 0 0 0 0
1784740910.237156,53920,-41,11,1,7,0,-95,1,631751551,128,0 0 0 0 0 0 0 0 0 0 0 0 0 -8 1 -8 1 -8 2 -9 2 -9 2 -9 3 -9 3 -9 4 -9 4 -9 4 -9 5 -9 5 -9 5 -9 5 -10 6 -9 6 -10 6 -9 6 -10 6 -9 6 -10 6 -10 6 -10 6 -10 7 -10 7 -10 0 0 7 -10 7 -10 7 -10 6 -10 6 -11 6 -11 6 -11 6 -11 6 -11 6 -12 6 -12 6 -12 6 -12 6 -12 6 -13 6 -13 6 -13 6 -13 6 -13 6 -13 6 -14 6 -14 6 -14 6 -14 6 -14 6 -14 0 0 0 0 0 0 0 0 0 0
1784740910.253055,53921,-45,11,1,7,1,-95,1,631761432,128,0 0 0 0 0 0 0 0 0 0 0 0 -8 0 -8 0 -8 0 -9 -1 -8 -1 -9 -1 -9 -2 -9 -2 -9 -2 -9 -3 -9 -3 -10 -4 -9 -4 -9 -4 -10 -4 -10 -4 -10 -4 -10 -4 -9 -5 -9 -5 -9 -5 -10 -5 -10 -5 -9 -5 -9 -5 -10 -5 0 0 -10 -5 -10 -4 -10 -4 -10 -4 -11 -4 -11 -4 -11 -4 -11 -4 -11 -4 -12 -3 -12 -3 -12 -3 -12 -3 -12 -3 -12 -3 -13 -3 -13 -3 -13 -3 -13 -3 -14 -3 -14 -3 -14 -2 -14 -3 -14 -3 -14 -3 -15 -3 0 0 0 0 0 0 0 0 0 0
1784740910.300598,53922,-45,11,1,7,1,-95,1,631803404,128,0 0 0 0 0 0 0 0 0 0 0 0 -3 -8 -2 -8 -2 -8 -1 -9 -1 -9 -1 -9 -1 -9 0 -10 0 -10 0 -10 0 -10 0 -10 1 -10 1 -10 1 -11 2 -11 2 -10 2 -11 2 -11 2 -11 2 -11 3 -11 2 -11 2 -11 2 -11 2 -11 0 0 2 -11 3 -11 2 -11 2 -11 2 -11 2 -12 2 -11 2 -12 2 -12 1 -12 1 -12 1 -12 1 -12 1 -13 1 -13 1 -13 1 -13 1 -13 1 -14 1 -14 1 -14 1 -14 0 -14 0 -14 0 -14 0 -14 0 0 0 0 0 0 0 0 0 0
1784740910.300598,53923,-45,11,1,7,1,-95,1,631805393,128,0 0 0 0 0 0 0 0 0 0 0 0 -7 -5 -7 -5 -6 -6 -6 -6 -6 -6 -6 -7 -6 -7 -6 -7 -6 -7 -6 -8 -6 -8 -6 -8 -6 -9 -6 -9 -6 -9 -6 -9 -6 -9 -5 -9 -6 -10 -6 -10 -6 -10 -5 -10 -5 -10 -5 -10 -5 -10 -6 -10 0 0 -6 -10 -6 -10 -6 -10 -6 -10 -6 -10 -6 -10 -7 -9 -7 -10 -7 -10 -8 -10 -8 -10 -8 -9 -8 -9 -8 -10 -9 -9 -9 -10 -9 -9 -9 -10 -9 -10 -10 -9 -10 -10 -10 -10 -10 -9 -10 -10 -10 -10 -10 -10 0 0 0 0 0 0 0 0 0 0
1784740910.300598,53924,-44,11,1,7,1,-95,1,631815733,128,0 0 0 0 0 0 0 0 0 0 0 0 -3 7 -3 7 -4 7 -4 7 -5 7 -5 7 -5 7 -6 7 -6 7 -6 7 -7 7 -7 7 -7 7 -8 7 -8 7 -8 7 -8 7 -8 7 -8 7 -8 7 -8 7 -9 7 -8 7 -9 6 -9 6 -9 7 0 0 -9 7 -9 7 -9 7 -8 7 -8 7 -8 8 -8 8 -8 8 -8 8 -7 9 -8 9 -8 9 -8 9 -8 9 -8 9 -8 10 -7 9 -7 10 -7 10 -7 11 -7 11 -7 11 -7 11 -7 11 -7 11 -7 11 0 0 0 0 0 0 0 0 0 0
1784740910.316813,53925,-44,11,1,7,1,-95,1,631821595,128,0 0 0 0 0 0 0 0 0 0 0 0 -7 2 -8 2 -9 1 -9 1 -9 1 -9 1 -9 1 -10 0 -10 0 -10 0 -10 0 -10 -1 -10 -1 -11 -1 -11 -1 -11 -2 -11 -2 -11 -2 -11 -2 -12 -2 -12 -2 -11 -2 -12 -2 -11 -2 -11 -2 -12 -2 0 0 -12 -2 -12 -2 -12 -2 -12 -1 -12 -1 -12 -1 -12 -1 -12 -1 -12 -1 -13 0 -13 0 -13 0 -13 0 -13 0 -13 0 -13 0 -13 1 -14 1 -14 1 -14 1 -14 1 -14 1 -14 1 -14 1 -14 1 -14 2 0 0 0 0 0 0 0 0 0 0
1784740910.316813,53926,-44,11,1,7,1,-95,1,631831462,128,0 0 0 0 0 0 0 0 0 0 0 0 0 7 0 7 0 8 -1 8 -1 8 -1 8 -1 9 -1 9 -1 9 -2 9 -3 9 -3 9 -3 9 -3 9 -3 9 -3 10 -3 9 -4 10 -4 10 -4 10 -3 10 -4 10 -4 10 -4 10 -4 10 -4 10 0 0 -4 11 -3 11 -4 11 -3 11 -3 11 -3 11 -3 11 -3 11 -2 11 -3 12 -3 12 -2 12 -3 12 -2 12 -2 13 -2 13 -2 13 -2 13 -2 13 -1 13 -1 13 -1 13 -2 13 -2 13 -2 13 -2 13 0 0 0 0 0 0 0 0 0 0
1784740910.332791,53927,-41,11,1,7,0,-95,1,631841502,128,0 0 0 0 0 0 0 0 0 0 0 0 2 -7 3 -7 3 -7 4 -7 4 -7 4 -7 5 -7 5 -7 5 -7 6 -7 6 -7 6 -6 7 -7 7 -7 7 -6 7 -6 7 -6 7 -6 8 -6 8 -6 8 -6 8 -6 8 -6 8 -6 8 -6 8 -6 0 0 8 -7 8 -7 8 -7 8 -7 8 -7 8 -7 8 -7 8 -7 8 -8 8 -8 8 -8 7 -9 8 -9 8 -9 7 -9 8 -9 8 -9 8 -9 8 -10 8 -10 8 -10 8 -10 7 -10 7 -10 8 -10 8 -10 0 0 0 0 0 0 0 0 0 0
1784740910.348777,53928,-44,11,1,7,1,-95,1,631852660,128,0 0 0 0 0 0 0 0 0 0 0 0 -4 -7 -3 -7 -3 -8 -3 -8 -2 -9 -2 -9 -2 -9 -2 -9 -1 -10 -1 -10 0 -10 0 -10 0 -10 0 -11 0 -10 0 -11 1 -10 1 -11 1 -11 1 -11 1 -11 1 -11 1 -11 1 -11 1 -11 1 -11 0 0 1 -11 1 -11 1 -11 0 -12 0 -11 0 -12 0 -12 0 -12 0 -12 -1 -13 0 -12 -1 -12 -1 -12 -1 -12 -2 -13 -1 -13 -1 -14 -1 -13 -2 -13 -2 -14 -2 -14 -2 -14 -2 -14 -2 -14 -2 -14 -2 -14 0 0 0 0 0 0 0 0 0 0
1784740910.355221,53929,-44,11,1,7,1,-95,1,631861418,128,0 0 0 0 0 0 0 0 0 0 0 0 -8 -2 -8 -2 -8 -3 -8 -3 -8 -4 -8 -4 -9 -4 -9 -4 -9 -4 -8 -5 -8 -6 -9 -6 -8 -6 -8 -6 -9 -6 -9 -6 -9 -6 -9 -6 -9 -6 -9 -6 -9 -6 -9 -6 -9 -7 -9 -7 -9 -7 -9 -7 0 0 -10 -7 -10 -7 -10 -6 -11 -7 -10 -6 -11 -6 -11 -6 -11 -6 -11 -6 -12 -6 -12 -6 -12 -6 -12 -6 -12 -6 -13 -6 -13 -5 -13 -6 -13 -6 -14 -5 -14 -5 -14 -6 -14 -5 -14 -6 -14 -7 -14 -6 -14 -6 0 0 0 0 0 0 0 0 0 0
1784740910.367905,53930,-44,11,1,7,1,-95,1,631871535,128,0 0 0 0 0 0 0 0 0 0 0 0 0 -8 1 -8 1 -8 2 -8 2 -8 2 -8 2 -8 3 -8 3 -8 3 -8 3 -8 4 -8 4 -8 4 -8 4 -9 5 -9 5 -9 5 -9 5 -9 5 -9 5 -9 5 -9 5 -9 5 -9 5 -9 5 -10 0 0 5 -10 5 -10 5 -10 5 -10 5 -10 5 -11 5 -11 5 -11 5 -11 5 -12 5 -12 5 -12 5 -12 5 -13 5 -13 5 -13 5 -13 5 -13 5 -13 6 -14 5 -13 6 -14 6 -13 5 -14 6 -14 6 -14 0 0 0 0 0 0 0 0 0 0
1784740910.380811,53931,-44,11,1,7,1,-95,1,631881531,128,0 0 0 0 0 0 0 0 0 0 0 0 6 4 5 5 5 5 5 5 5 6 5 6 5 6 5 7 5 7 5 7 4 8 5 8 4 8 4 8 4 8 4 9 4 9 4 9 4 9 4 9 4 9 4 9 4 9 4 10 4 9 4 9 0 0 5 10 5 10 5 10 5 10 5 9 6 10 6 9 6 9 6 10 7 10 7 10 7 9 7 10 7 10 8 10 7 10 7 10 8 10 8 10 8 10 8 10 9 10 9 10 8 11 9 10 8 11 0 0 0 0 0 0 0 0 0 0
1784740910.380811,53932,-44,11,1,7,1,-95,1,631891491,128,0 0 0 0 0 0 0 0 0 0 0 0 -7 5 -7 5 -8 4 -8 4 -8 4 -8 4 -9 4 -9 4 -9 4 -10 3 -10 3 -11 2 -10 2 -10 2 -10 2 -11 2 -11 2 -11 3 -11 2 -11 3 -11 2 -11 2 -12 2 -12 2 -11 2 -11 2 0 0 -11 2 -12 3 -11 3 -12 4 -11 3 -11 3 -11 4 -11 4 -11 4 -12 5 -12 5 -11 5 -11 5 -11 5 -12 6 -11 6 -12 6 -12 6 -12 7 -12 7 -12 7 -11 7 -12 7 -12 7 -12 6 -12 7 0 0 0 0 0 0 0 0 0 0
1784740910.398572,53933,-44,11,1,7,1,-95,1,631901546,128,0 0 0 0 0 0 0 0 0 0 0 0 -1 -9 0 -8 0 -9 0 -9 1 -9 1 -9 1 -10 1 -10 2 -10 2 -10 2 -10 3 -10 3 -10 3 -10 3 -10 4 -10 4 -10 4 -10 4 -10 4 -10 4 -10 4 -10 4 -10 4 -10 4 -10 4 -11 0 0 4 -11 4 -11 4 -11 3 -11 3 -10 3 -11 3 -11 2 -11 3 -11 2 -12 2 -12 1 -12 1 -12 1 -12 1 -13 1 -13 1 -13 1 -13 1 -13 1 -13 1 -14 1 -14 0 -14 1 -14 0 -14 1 -14 0 0 0 0 0 0 0 0 0 0
1784740910.398572,53934,-44,11,1,7,1,-95,1,631911551,128,0 0 0 0 0 0 0 0 0 0 0 0 -3 7 -3 7 -4 7 -4 7 -4 7 -5 7 -5 8 -6 7 -6 8 -6 8 -7 7 -7 7 -7 7 -7 7 -7 7 -8 8 -8 7 -8 8 -8 7 -8 7 -8 7 -8 7 -8 7 -8 7 -8 7 -8 7 0 0 -8 7 -8 8 -7 7 -8 9 -7 8 -7 8 -7 9 -7 9 -7 9 -7 10 -7 10 -7 10 -7 10 -7 10 -6 11 -6 11 -7 11 -7 11 -6 11 -6 12 -6 12 -6 12 -7 12 -7 12 -7 12 -7 12 0 0 0 0 0 0 0 0 0 0
1784740910.412604,53935,-44,11,1,7,1,-95,1,631921437,128,0 0 0 0 0 0 0 0 0 0 0 0 -8 -4 -7 -4 -8 -5 -7 -5 -8 -6 -7 -6 -7 -6 -7 -6 -8 -7 -7 -8 -7 -7 -7 -8 -7 -8 -7 -8 -7 -8 -7 -9 -7 -8 -7 -9 -7 -9 -7 -9 -7 -9 -7 -10 -7 -10 -7 -9 -7 -9 -7 -9 0 0 -7 -9 -8 -10 -7 -9 -8 -9 -8 -9 -8 -9 -8 -9 -8 -9 -8 -9 -10 -9 -9 -9 -9 -9 -9 -9 -9 -9 -11 -9 -10 -9 -11 -10 -10 -9 -11 -9 -11 -9 -11 -9 -11 -9 -11 -10 -11 -10 -11 -10 -11 -9 0 0 0 0 0 0 0 0 0 0
1784740910.428486,53936,-44,11,1,7,1,-95,1,631931877,128,0 0 0 0 0 0 0 0 0 0 0 0 -5 5 -6 5 -6 4 -6 5 -7 4 -7 5 -7 4 -8 5 -8 4 -8 4 -8 4 -9 4 -9 4 -9 4 -10 4 -10 3 -10 4 -10 3 -11 3 -11 3 -10 3 -11 3 -10 3 -10 3 -11 4 -11 4 0 0 -11 4 -11 3 -11 4 -10 4 -11 4 -11 4 -11 4 -11 5 -11 5 -11 5 -11 5 -11 6 -11 6 -12 6 -12 6 -12 6 -11 6 -12 6 -12 6 -12 6 -12 7 -12 7 -12 7 -12 7 -12 7 -13 7 0 0 0 0 0 0 0 0 0 0
1784740910.432921,53937,-45,11,1,7,1,-95,1,631941435,128,0 0 0 0 0 0 0 0 0 0 0 0 -6 -5 -6 -5 -6 -6 -5 -6 -6 -7 -5 -7 -6 -7 -6 -7 -6 -7 -6 -8 -5 -8 -5 -8 -5 -9 -5 -9 -5 -9 -5 -9 -5 -9 -5 -10 -5 -10 -5 -10 -5 -10 -5 -10 -5 -10 -5 -10 -5 -10 -5 -10 0 0 -6 -10 -6 -10 -6 -10 -6 -10 -6 -10 -7 -10 -7 -10 -7 -10 -7 -10 -8 -10 -7 -11 -8 -10 -8 -10 -8 -10 -9 -11 -9 -10 -9 -11 -9 -10 -9 -10 -10 -10 -10 -11 -10 -11 -9 -11 -10 -11 -9 -11 -10 -11 0 0 0 0 0 0 0 0 0 0
1784740910.444284,53938,-44,11,1,7,1,-95,1,631951485,128,0 0 0 0 0 0 0 0 0 0 0 0 -7 2 -7 2 -7 1 -7 1 -8 1 -8 1 -8 1 -9 1 -9 0 -9 0 -9 0 -9 -1 -9 -1 -10 -1 -10 -1 -10 -1 -10 -1 -10 -1 -10 -1 -10 -1 -11 -1 -11 -1 -11 -1 -11 -2 -11 -2 -11 -2 0 0 -11 -2 -11 -1 -11 -1 -12 -1 -11 -1 -12 -1 -12 -1 -12 -1 -12 0 -13 0 -13 0 -13 0 -13 0 -13 0 -13 1 -13 1 -13 0 -14 1 -14 1 -14 1 -14 1 -14 1 -14 1 -14 1 -14 1 -15 1 0 0 0 0 0 0 0 0 0 0
1784740910.444284,53939,-45,11,1,7,1,-95,1,631961440,128,0 0 0 0 0 0 0 0 0 0 0 0 6 -1 6 0 6 0 6 0 7 1 7 1 7 1 7 1 7 2 7 2 8 2 8 2 8 3 8 3 8 3 8 4 8 4 8 4 9 4 8 4 9 4 8 5 8 4 9 4 9 4 9 4 0 0 9 4 9 4 9 5 9 4 9 4 10 4 9 4 10 4 10 4 10 4 11 4 11 3 11 3 12 4 11 3 12 4 11 3 12 3 12 3 13 3 12 3 13 4 13 3 13 3 13 3 13 3 0 0 0 0 0 0 0 0 0 0
1784740910.460168,53940,-44,11,1,7,1,-95,1,631971413,128,0 0 0 0 0 0 0 0 0 0 0 0 1 6 1 6 0 7 0 7 0 7 0 7 -1 8 -1 8 -1 8 -2 9 -2 8 -2 9 -3 8 -3 9 -3 9 -3 9 -3 9 -3 10 -3 9 -3 9 -3 9 -3 10 -4 10 -4 10 -4 10 -4 10 0 0 -4 10 -4 11 -3 10 -4 11 -3 10 -3 11 -3 11 -3 11 -3 11 -3 12 -3 11 -3 11 -3 11 -2 11 -2 13 -2 12 -2 13 -2 13 -2 13 -1 13 -2 13 -1 13 -2 14 -2 13 -2 13 -2 13 0 0 0 0 0 0 0 0 0 0
1784740910.478071,53941,-44,11,1,7,1,-95,1,631981407,128,0 0 0 0 0 0 0 0 0 0 0 0 -4 -7 -3 -7 -3 -7 -3 -8 -3 -8 -2 -9 -2 -8 -2 -9 -2 -9 -2 -9 -1 -9 -1 -10 -1 -10 0 -10 -1 -10 -1 -10 -1 -10 0 -10 0 -11 -1 -11 -1 -11 -1 -11 0 -11 0 -11 0 -11 0 -11 0 0 0 -12 0 -11 0 -12 -1 -12 -1 -12 -1 -12 -1 -12 -1 -12 -1 -12 -1 -12 -1 -13 -1 -12 -1 -13 -2 -13 -2 -13 -2 -13 -2 -13 -2 -14 -2 -13 -3 -14 -3 -14 -3 -14 -2 -14 -2 -14 -2 -14 -3 -14 0 0 0 0 0 0 0 0 0 0
1784740910.478071,53942,-44,11,1,7,1,-95,1,631991522,128,0 0 0 0 0 0 0 0 0 0 0 0 4 5 4 5 4 6 4 6 3 6 4 6 3 7 4 7 3 7 3 7 3 7 3 7 3 8 3 8 3 8 2 8 3 9 3 9 3 9 2 9 3 9 2 9 3 9 2 10 2 10 3 10 0 0 2 10 2 10 2 10 2 10 3 10 3 10 3 10 3 10 3 11 3 10 3 10 4 11 4 11 4 11 4 11 4 12 4 11 4 12 4 12 5 12 5 12 5 12 5 11 5 12 5 12 5 12 0 0 0 0 0 0 0 0 0 0
1784740910.492022,53943,-44,11,1,7,1,-95,1,632001538,128,0 0 0 0 0 0 0 0 0 0 0 0 4 -6 4 -6 4 -6 4 -5 5 -6 5 -6 5 -6 5 -6 5 -6 6 -6 6 -6 7 -6 7 -6 7 -5 7 -6 7 -6 7 -6 8 -6 8 -6 8 -6 8 -6 8 -6 9 -6 9 -6 9 -6 9 -6 0 0 9 -6 9 -6 9 -6 9 -7 9 -6 9 -7 9 -7 9 -7 9 -7 9 -8 9 -8 9 -7 9 -8 9 -8 9 -9 9 -9 9 -9 10 -9 9 -9 9 -10 10 -9 10 -10 10 -10 10 -10 10 -10 10 -10 0 0 0 0 0 0 0 0 0 0
1784740910.508135,53944,-44,11,1,7,1,-95,1,632011546,128,0 0 0 0 0 0 0 0 0 0 0 0 5 4 5 4 4 5 5 5 4 5 5 5 4 6 5 6 4 6 4 6 4 7 4 7 4 7 4 8 4 8 3 8 4 9 4 8 4 8 4 9 4 9 3 9 4 9 4 9 4 9 4 9 0 0 4 10 4 9 4 10 4 9 4 9 5 9 5 9 5 9 5 9 5 9 6 9 6 9 6 9 6 10 6 9 7 10 6 9 7 10 7 10 8 10 8 10 8 11 8 10 8 11 8 11 8 11 0 0 0 0 0 0 0 0 0 0
1784740910.508135,53945,-44,11,1,7,1,-95,1,632021479,128,0 0 0 0 0 0 0 0 0 0 0 0 -8 0 -8 -1 -8 -1 -8 -2 -9 -2 -9 -2 -9 -3 -9 -3 -9 -3 -10 -3 -9 -4 -10 -4 -10 -4 -9 -5 -10 -5 -10 -5 -10 -6 -10 -6 -10 -5 -10 -5 -10 -6 -10 -6 -10 -6 -10 -6 -10 -6 -10 -6 0 0 -10 -6 -11 -6 -10 -6 -11 -5 -10 -5 -11 -5 -11 -4 -11 -5 -11 -5 -12 -4 -12 -4 -12 -4 -12 -4 -12 -4 -13 -3 -13 -4 -13 -3 -13 -3 -13 -3 -14 -3 -14 -3 -14 -3 -14 -3 -14 -3 -14 -3 -15 -3 0 0 0 0 0 0 0 0 0 0
1784740910.524319,53946,-44,11,1,7,1,-95,1,632034639,128,0 0 0 0 0 0 0 0 0 0 0 0 -5 6 -5 5 -6 5 -6 5 -7 5 -7 5 -7 5 -8 5 -8 5 -8 4 -9 5 -9 4 -10 4 -10 4 -10 4 -10 4 -10 4 -10 4 -10 4 -11 4 -11 4 -11 4 -11 4 -11 3 -11 3 -11 3 0 0 -10 4 -11 4 -11 4 -11 4 -10 4 -11 4 -10 5 -10 5 -10 5 -11 5 -10 5 -10 6 -10 6 -10 6 -10 7 -10 7 -10 7 -10 7 -10 7 -10 8 -10 7 -10 8 -10 8 -10 7 -10 8 -10 8 0 0 0 0 0 0 0 0 0 0
1784740910.524319,53947,-44,11,1,7,1,-95,1,632041452,128,0 0 0 0 0 0 0 0 0 0 0 0 -5 -5 -5 -6 -5 -6 -5 -7 -5 -7 -5 -7 -5 -8 -5 -8 -4 -8 -4 -8 -4 -9 -4 -9 -4 -9 -4 -9 -4 -10 -3 -10 -3 -11 -3 -10 -3 -11 -3 -11 -3 -11 -2 -11 -3 -10 -3 -11 -2 -11 -3 -11 0 0 -2 -11 -2 -11 -2 -12 -2 -10 -3 -11 -3 -11 -3 -11 -3 -11 -3 -11 -4 -11 -4 -11 -4 -11 -4 -11 -4 -11 -4 -11 -5 -12 -5 -10 -5 -11 -5 -11 -5 -11 -6 -11 -6 -11 -6 -11 -6 -11 -6 -11 -6 -12 0 0 0 0 0 0 0 0 0 0
1784740910.540138,53948,-44,11,1,7,1,-95,1,632052769,128,0 0 0 0 0 0 0 0 0 0 0 0 -8 1 -8 0 -8 0 -8 0 -9 -1 -9 -1 -9 -1 -9 -1 -9 -1 -10 -2 -10 -2 -10 -2 -10 -3 -10 -3 -10 -3 -11 -3 -11 -4 -11 -4 -11 -4 -11 -4 -11 -4 -11 -4 -11 -4 -10 -5 -10 -5 -11 -5 0 0 -11 -5 -10 -5 -10 -5 -11 -5 -11 -4 -11 -4 -11 -4 -11 -4 -11 -4 -12 -4 -11 -3 -12 -3 -11 -3 -12 -3 -12 -3 -12 -3 -13 -3 -13 -2 -13 -2 -13 -2 -13 -3 -13 -2 -14 -2 -14 -2 -14 -2 -14 -2 0 0 0 0 0 0 0 0 0 0
1784740910.558108,53949,-44,11,1,7,1,-95,1,632062813,128,0 0 0 0 0 0 0 0 0 0 0 0 -4 -6 -4 -7 -4 -7 -4 -8 -4 -8 -3 -8 -3 -9 -3 -9 -3 -9 -3 -9 -3 -9 -3 -9 -3 -10 -3 -10 -2 -10 -2 -10 -2 -11 -2 -10 -1 -11 -1 -11 -1 -11 -1 -11 -1 -11 -2 -11 -2 -11 -1 -11 0 0 -2 -11 -1 -11 -1 -12 -2 -11 -2 -11 -2 -11 -2 -11 -2 -11 -2 -11 -3 -11 -4 -11 -4 -12 -4 -12 -4 -12 -4 -12 -4 -13 -4 -12 -5 -13 -5 -13 -5 -13 -5 -14 -5 -14 -6 -13 -6 -13 -6 -13 -6 -14 0 0 0 0 0 0 0 0 0 0
1784740910.558108,53950,-44,11,1,7,1,-95,1,632071559,128,0 0 0 0 0 0 0 0 0 0 0 0 -6 4 -6 4 -7 4 -7 4 -7 4 -8 4 -8 3 -8 3 -8 3 -9 3 -9 3 -9 2 -10 2 -10 2 -10 2 -10 2 -10 2 -10 2 -10 2 -11 2 -10 2 -10 2 -11 2 -11 1 -10 1 -11 2 0 0 -11 2 -11 2 -10 2 -11 3 -11 3 -11 3 -11 3 -11 4 -11 4 -11 4 -11 4 -11 5 -11 5 -11 5 -12 5 -12 5 -12 5 -12 6 -12 6 -12 6 -12 6 -12 6 -13 6 -13 6 -13 6 -13 6 0 0 0 0 0 0 0 0 0 0
1784740910.572131,53951,-44,11,1,7,1,-95,1,632081446,128,0 0 0 0 0 0 0 0 0 0 0 0 -8 -1 -8 -1 -8 -2 -8 -2 -9 -2 -8 -3 -9 -3 -9 -3 -9 -3 -9 -4 -9 -4 -9 -5 -9 -5 -9 -5 -9 -5 -10 -6 -9 -5 -10 -6 -9 -6 -9 -6 -10 -6 -10 -6 -10 -6 -9 -6 -9 -6 -10 -6 0 0 -10 -6 -10 -6 -10 -5 -10 -6 -10 -5 -11 -5 -11 -5 -11 -5 -11 -5 -12 -5 -12 -5 -12 -5 -12 -5 -12 -5 -13 -4 -12 -4 -13 -5 -13 -4 -13 -4 -13 -4 -13 -4 -14 -4 -14 -5 -13 -5 -13 -4 -14 -5 0 0 0 0 0 0 0 0 0 0
1784740910.587831,53952,-44,11,1,7,1,-95,1,632091497,128,0 0 0 0 0 0 0 0 0 0 0 0 1 7 0 8 0 7 0 8 -1 8 -1 8 -1 8 -1 8 -2 9 -2 9 -2 9 -3 9 -3 9 -3 9 -3 10 -4 10 -4 10 -4 10 -4 10 -4 10 -4 10 -4 10 -4 10 -5 10 -5 10 -4 10 0 0 -4 10 -4 10 -4 10 -4 10 -4 10 -4 10 -3 10 -3 11 -3 11 -3 11 -3 11 -2 11 -2 11 -2 12 -2 12 -2 12 -2 12 -2 12 -1 12 -1 13 -1 12 -1 13 -1 13 -1 13 -1 13 -1 13 0 0 0 0 0 0 0 0 0 0
1784740910.592368,53953,-44,11,1,7,1,-95,1,632101524,128,0 0 0 0 0 0 0 0 0 0 0 0 6 -3 6 -3 7 -3 7 -3 7 -2 7 -2 7 -2 8 -2 8 -1 8 -1 8 -1 9 -1 9 -1 9 0 10 0 9 0 10 0 10 1 10 1 10 1 10 1 10 1 10 1 10 1 10 1 10 1 0 0 10 1 10 1 10 1 10 1 10 0 10 1 10 1 10 0 10 0 10 -1 11 0 11 -1 11 -1 11 -1 11 -1 12 -1 11 -1 12 -2 12 -2 12 -2 13 -2 13 -2 12 -2 13 -2 13 -2 13 -2 0 0 0 0 0 0 0 0 0 0
1784740910.607975,53954,-45,11,1,7,1,-95,1,632111478,128,0 0 0 0 0 0 0 0 0 0 0 0 -6 -4 -6 -4 -6 -5 -6 -5 -6 -5 -6 -5 -6 -6 -6 -6 -6 -6 -6 -7 -6 -7 -6 -7 -6 -8 -5 -8 -5 -7 -6 -8 -6 -8 -6 -8 -5 -8 -6 -9 -6 -9 -6 -8 -6 -9 -5 -9 -5 -9 -6 -9 0 0 -6 -9 -6 -9 -6 -8 -7 -9 -7 -8 -7 -9 -7 -9 -8 -9 -8 -8 -8 -9 -8 -9 -8 -9 -8 -9 -9 -8 -10 -9 -10 -9 -10 -9 -10 -9 -11 -9 -11 -9 -11 -10 -11 -9 -11 -10 -11 -11 -11 -11 -11 -11 0 0 0 0 0 0 0 0 0 0
1784740910.607975,53955,-44,11,1,7,1,-95,1,632122924,128,0 0 0 0 0 0 0 0 0 0 0 0 6 -1 6 -1 7 0 6 0 7 0 7 0 7 0 7 0 8 0 8 1 8 1 8 1 8 1 8 2 8 1 9 2 9 2 9 2 9 2 9 2 9 2 9 2 9 2 9 3 9 3 10 2 0 0 10 2 10 2 10 2 11 2 10 1 11 1 11 1 11 1 11 1 12 1 12 1 12 1 12 1 12 1 13 0 12 0 13 0 13 0 13 0 14 0 14 0 14 -1 14 0 14 0 14 0 14 0 0 0 0 0 0 0 0 0 0 0
1784740910.620111,53956,-44,11,1,7,1,-95,1,632131593,128,0 0 0 0 0 0 0 0 0 0 0 0 6 2 6 2 6 3 6 3 6 3 7 3 7 4 7 4 7 4 7 4 7 5 7 5 7 5 8 6 7 6 7 6 7 6 7 6 8 6 7 7 8 7 7 7 8 7 8 7 8 7 8 7 0 0 8 7 8 7 8 7 8 7 8 7 9 7 9 7 9 7 9 7 10 7 10 7 10 6 10 7 11 7 10 7 11 7 11 7 11 7 11 7 12 7 12 7 12 7 11 7 12 7 12 7 12 8 0 0 0 0 0 0 0 0 0 0
1784740910.636009,53957,-44,11,1,7,1,-95,1,632141455,128,0 0 0 0 0 0 0 0 0 0 0 0 -3 6 -3 6 -4 6 -4 6 -5 6 -5 6 -5 7 -5 7 -5 7 -6 7 -7 7 -7 7 -7 6 -7 7 -7 7 -7 7 -8 7 -8 7 -8 7 -8 7 -8 7 -8 7 -9 7 -9 7 -9 6 -9 7 0 0 -8 7 -8 8 -8 7 -9 8 -8 8 -8 8 -8 8 -8 9 -8 8 -8 9 -8 9 -8 9 -8 9 -7 10 -7 10 -7 11 -8 10 -7 11 -7 11 -7 11 -7 11 -7 12 -8 11 -8 11 -7 11 -8 11 0 0 0 0 0 0 0 0 0 0
1784740910.636009,53958,-44,11,1,7,1,-95,1,632151434,128,0 0 0 0 0 0 0 0 0 0 0 0 5 -3 6 -3 6 -2 7 -2 6 -2 7 -2 7 -2 7 -2 8 -2 8 -2 8 -1 8 -1 9 -1 9 -1 9 -1 9 0 10 0 9 0 10 0 10 0 10 0 10 0 10 0 10 0 10 0 10 0 0 0 10 0 10 0 11 0 10 -1 11 -1 11 -1 11 -1 11 -2 11 -2 11 -2 11 -2 12 -2 12 -2 12 -3 12 -3 13 -3 12 -3 13 -3 13 -3 13 -3 13 -3 13 -3 13 -3 13 -3 13 -3 14 -3 0 0 0 0 0 0 0 0 0 0
1784740910.652251,53959,-45,11,1,7,1,-95,1,632161468,128,0 0 0 0 0 0 0 0 0 0 0 0 4 4 3 4 3 5 3 5 3 5 3 6 3 6 3 6 3 7 3 7 3 7 3 7 3 7 3 8 3 8 2 9 2 8 2 8 2 9 3 9 2 9 2 9 3 9 3 9 3 9 3 9 0 0 3 10 3 10 3 10 3 10 3 10 3 10 3 10 4 11 4 11 4 11 5 11 5 11 5 11 5 11 5 12 5 12 5 12 5 12 5 12 6 13 6 13 6 13 6 12 6 13 6 13 6 13 0 0 0 0 0 0 0 0 0 0
1784740910.668197,53960,-44,11,1,7,1,-95,1,632171857,128,0 0 0 0 0 0 0 0 0 0 0 0 3 5 3 5 3 5 2 6 2 6 3 6 2 7 2 7 2 7 2 7 2 8 2 8 2 8 2 8 2 9 1 9 2 9 1 9 1 10 1 10 1 10 1 10 1 10 1 10 2 10 2 10 0 0 2 11 2 11 2 11 2 11 2 11 2 11 2 11 2 11 3 11 3 11 4 12 4 12 4 12 4 12 4 12 4 13 4 12 4 13 4 13 5 13 5 13 5 13 5 13 5 13 5 13 5 14 0 0 0 0 0 0 0 0 0 0
1784740910.668197,53961,-44,11,1,7,1,-95,1,632181591,128,0 0 0 0 0 0 0 0 0 0 0 0 5 -4 6 -4 6 -4 6 -4 6 -3 7 -3 7 -3 7 -3 8 -3 8 -3 8 -3 8 -3 8 -3 9 -2 9 -2 9 -2 10 -2 10 -2 10 -1 10 -2 10 -1 10 -1 10 -2 10 -1 10 -1 11 -1 0 0 11 -1 11 -1 11 -1 11 -1 11 -2 11 -2 11 -2 11 -2 11 -2 11 -3 12 -2 12 -3 12 -3 12 -3 12 -3 13 -3 12 -3 13 -3 13 -3 13 -3 13 -4 13 -3 13 -3 13 -3 13 -3 14 -3 0 0 0 0 0 0 0 0 0 0
1784740910.684111,53962,-44,11,1,7,1,-95,1,632191422,128,0 0 0 0 0 0 0 0 0 0 0 0 3 -6 3 -7 3 -6 4 -6 4 -7 4 -7 4 -7 4 -7 5 -7 5 -7 5 -7 6 -7 6 -7 6 -7 6 -7 7 -7 7 -7 7 -7 7 -7 8 -7 8 -7 8 -7 8 -8 8 -7 8 -7 8 -7 0 0 8 -8 8 -8 9 -8 8 -8 8 -8 9 -8 8 -8 8 -8 9 -8 8 -9 8 -9 8 -9 8 -10 9 -10 8 -10 9 -10 9 -10 9 -10 9 -10 9 -11 9 -11 9 -11 9 -11 9 -11 9 -11 9 -11 0 0 0 0 0 0 0 0 0 0
1784740910.692791,53963,-45,11,1,7,1,-95,1,632201396,128,0 0 0 0 0 0 0 0 0 0 0 0 2 -6 3 -6 3 -6 4 -7 4 -6 4 -7 4 -6 4 -7 5 -6 5 -7 5 -7 5 -7 6 -7 6 -7 6 -7 6 -7 7 -7 7 -7 7 -7 7 -7 7 -7 8 -7 7 -8 8 -7 8 -8 8 -8 0 0 8 -8 8 -8 9 -8 8 -8 8 -8 8 -8 8 -8 8 -9 8 -9 8 -9 8 -9 8 -10 8 -10 9 -10 8 -10 9 -11 8 -10 9 -11 9 -11 9 -11 9 -11 9 -11 9 -11 9 -11 9 -12 9 -12 0 0 0 0 0 0 0 0 0 0
1784740910.700080,53964,-45,11,1,7,1,-95,1,632212260,128,0 0 0 0 0 0 0 0 0 0 0 0 5 -2 6 -2 6 -1 6 -1 6 -1 6 -1 7 -1 7 0 7 0 7 0 7 0 8 0 8 0 8 1 8 1 8 1 9 1 9 1 9 1 9 1 9 2 9 2 10 2 9 2 9 2 10 2 0 0 10 2 10 2 10 3 10 2 10 2 10 2 11 2 11 2 11 2 11 2 11 2 11 1 11 2 12 1 12 1 12 1 12 2 13 1 13 1 13 1 13 1 13 1 13 1 13 2 13 1 14 1 0 0 0 0 0 0 0 0 0 0
1784740910.715870,53965,-44,11,1,7,1,-95,1,632221469,128,0 0 0 0 0 0 0 0 0 0 0 0 2 -6 2 -6 3 -6 3 -6 3 -7 3 -6 3 -7 4 -7 4 -7 4 -7 5 -7 5 -7 5 -7 5 -7 5 -7 6 -8 6 -8 6 -8 6 -8 7 -8 7 -8 7 -8 7 -8 7 -8 7 -8 7 -8 0 0 7 -8 8 -9 8 -8 8 -9 7 -8 7 -9 7 -9 7 -9 7 -9 8 -10 8 -9 7 -10 7 -10 7 -10 8 -11 7 -11 8 -11 7 -11 7 -11 7 -12 7 -12 7 -12 8 -12 8 -12 8 -11 8 -12 0 0 0 0 0 0 0 0 0 0
1784740910.715870,53966,-44,11,1,7,1,-95,1,632231428,128,0 0 0 0 0 0 0 0 0 0 0 0 6 1 6 2 6 2 6 2 6 2 6 2 7 3 7 3 7 3 7 3 7 4 7 4 7 4 7 4 8 5 8 5 8 5 8 5 8 6 8 6 8 6 8 6 8 6 8 6 8 7 8 7 0 0 8 7 8 7 8 7 8 7 8 7 9 6 9 6 9 7 9 6 10 6 9 7 10 6 9 6 10 6 10 6 10 7 10 7 11 7 11 7 11 6 11 6 11 6 11 7 11 7 11 7 11 7 0 0 0 0 0 0 0 0 0 0
1784740910.732101,53967,-44,11,1,7,1,-95,1,632241393,128,0 0 0 0 0 0 0 0 0 0 0 0 5 -4 5 -4 6 -4 5 -4 6 -4 6 -4 7 -4 7 -4 7 -4 7 -4 8 -3 8 -3 8 -3 8 -3 8 -3 9 -3 9 -3 10 -3 9 -3 10 -3 10 -3 10 -3 10 -3 10 -2 10 -2 10 -2 0 0 10 -2 11 -3 10 -2 11 -3 10 -3 11 -3 11 -3 11 -3 11 -3 11 -4 11 -4 11 -4 11 -4 11 -4 12 -4 12 -4 12 -4 12 -4 12 -5 12 -5 13 -5 13 -5 13 -5 13 -5 13 -5 13 -5 0 0 0 0 0 0 0 0 0 0
1784740910.748072,53968,-44,11,1,7,1,-95,1,632251412,128,0 0 0 0 0 0 0 0 0 0 0 0 -4 5 -4 5 -5 5 -5 5 -6 5 -6 5 -6 5 -6 5 -6 6 -7 5 -7 5 -8 5 -8 5 -8 5 -8 5 -9 5 -8 5 -9 6 -9 5 -9 5 -9 6 -9 5 -10 5 -10 4 -10 4 -10 5 0 0 -10 5 -10 5 -9 5 -10 6 -9 5 -10 6 -9 6 -10 6 -10 6 -10 7 -10 6 -10 6 -10 6 -10 7 -10 8 -9 8 -11 8 -10 8 -10 8 -10 9 -10 8 -10 9 -11 9 -11 8 -11 8 -11 9 0 0 0 0 0 0 0 0 0 0
1784740910.748072,53969,-44,11,1,7,1,-95,1,632262308,128,0 0 0 0 0 0 0 0 0 0 0 0 1 -7 2 -7 2 -7 3 -7 3 -8 3 -8 3 -7 3 -8 4 -8 4 -8 4 -8 4 -9 5 -9 5 -9 5 -9 6 -9 6 -9 6 -9 6 -9 6 -9 7 -9 7 -9 6 -9 7 -9 7 -9 7 -9 0 0 7 -9 7 -9 7 -9 7 -9 7 -9 7 -9 7 -9 6 -10 7 -10 7 -10 6 -10 6 -11 6 -11 6 -11 6 -11 7 -11 6 -12 6 -12 7 -12 7 -12 6 -13 7 -12 6 -13 6 -13 6 -13 6 -13 0 0 0 0 0 0 0 0 0 0
1784740910.763894,53970,-44,11,1,7,1,-95,1,632271475,128,0 0 0 0 0 0 0 0 0 0 0 0 4 4 4 5 4 5 4 5 4 6 4 6 4 6 4 6 4 7 4 7 4 7 4 7 4 7 4 8 4 8 3 9 3 9 3 9 3 9 3 9 3 9 3 10 3 10 3 10 3 10 3 10 0 0 3 10 3 10 3 10 3 10 3 10 4 10 3 10 4 10 4 10 5 10 5 10 5 10 5 11 5 10 5 11 5 11 5 11 6 11 6 11 6 11 6 11 6 11 6 11 6 11 6 11 6 12 0 0 0 0 0 0 0 0 0 0
1784740910.763894,53971,-44,11,1,7,1,-95,1,632281529,128,0 0 0 0 0 0 0 0 0 0 0 0 0 -7 0 -7 1 -8 1 -8 1 -8 1 -8 1 -8 2 -9 2 -9 3 -9 3 -9 3 -9 3 -9 3 -9 4 -10 3 -10 4 -10 4 -11 4 -10 4 -11 4 -11 4 -11 5 -11 5 -10 5 -10 5 -10 0 0 5 -10 5 -11 5 -11 5 -11 5 -11 5 -11 4 -11 4 -12 4 -12 4 -12 4 -12 4 -12 4 -12 3 -12 3 -13 3 -13 4 -13 3 -13 3 -13 3 -14 3 -14 3 -14 3 -14 4 -14 3 -14 3 -14 0 0 0 0 0 0 0 0 0 0
1784740910.779959,53972,-44,11,1,7,1,-95,1,632291411,128,0 0 0 0 0 0 0 0 0 0 0 0 -6 5 -6 5 -7 4 -7 4 -7 4 -8 4 -8 4 -8 4 -9 4 -9 4 -9 4 -9 4 -10 4 -10 4 -10 4 -10 4 -11 4 -11 4 -11 4 -11 4 -11 3 -12 3 -11 4 -12 3 -11 3 -12 3 0 0 -12 4 -12 4 -12 3 -11 4 -11 4 -12 4 -11 4 -12 4 -12 4 -11 5 -11 5 -11 5 -11 6 -12 6 -11 6 -12 6 -11 6 -11 6 -12 6 -12 7 -11 7 -11 7 -11 7 -11 7 -12 7 -11 7 0 0 0 0 0 0 0 0 0 0
1784740910.795784,53973,-44,11,1,7,1,-95,1,632301412,128,0 0 0 0 0 0 0 0 0 0 0 0 -4 7 -4 7 -5 7 -6 7 -6 7 -6 7 -6 7 -7 7 -7 7 -7 7 -7 7 -8 7 -8 7 -8 7 -9 7 -9 7 -9 7 -10 6 -10 7 -10 6 -10 6 -10 6 -10 7 -10 6 -10 6 -10 6 0 0 -10 6 -11 6 -10 6 -10 6 -10 6 -11 6 -10 6 -10 7 -10 6 -10 7 -10 7 -9 7 -10 8 -9 8 -10 8 -10 8 -10 8 -10 8 -10 9 -10 9 -10 9 -10 9 -10 9 -10 9 -10 9 -10 9 0 0 0 0 0 0 0 0 0 0
1784740910.795784,53974,-44,11,1,7,1,-95,1,632311485,128,0 0 0 0 0 0 0 0 0 0 0 0 -7 5 -7 5 -8 4 -8 4 -8 4 -8 4 -9 4 -9 3 -9 4 -9 3 -10 3 -10 3 -10 3 -10 3 -10 3 -11 2 -11 2 -11 2 -11 2 -11 2 -11 2 -11 2 -11 2 -11 1 -11 2 -11 2 0 0 -11 2 -11 2 -11 2 -11 2 -11 2 -11 3 -11 3 -11 3 -11 3 -12 4 -12 4 -11 4 -11 4 -11 4 -11 5 -12 5 -12 5 -12 5 -12 5 -12 6 -12 5 -12 6 -12 6 -13 6 -13 5 -13 6 0 0 0 0 0 0 0 0 0 0
1784740910.812011,53975,-45,11,1,7,1,-95,1,632321467,128,0 0 0 0 0 0 0 0 0 0 0 0 -1 -8 -1 -8 0 -8 0 -9 0 -8 1 -9 1 -9 1 -9 1 -9 1 -9 1 -9 2 -10 2 -10 2 -10 2 -10 3 -10 3 -11 3 -10 3 -10 3 -10 3 -11 3 -11 3 -10 3 -11 4 -10 4 -11 0 0 3 -11 4 -11 4 -11 3 -11 3 -11 3 -11 3 -11 3 -11 3 -11 2 -12 3 -11 2 -12 2 -12 2 -12 2 -12 2 -13 2 -12 2 -13 2 -13 2 -13 2 -13 2 -13 2 -13 2 -13 2 -13 2 -14 0 0 0 0 0 0 0 0 0 0
1784740910.827803,53976,-45,11,1,7,1,-95,1,632331491,128,0 0 0 0 0 0 0 0 0 0 0 0 2 -8 2 -7 3 -8 3 -7 3 -8 3 -7 4 -8 4 -8 4 -8 4 -8 5 -8 5 -8 5 -9 5 -8 5 -9 6 -9 6 -8 6 -9 6 -8 7 -9 6 -9 7 -9 7 -9 7 -9 7 -9 7 -9 0 0 7 -9 7 -9 7 -9 7 -9 7 -9 7 -9 7 -10 7 -10 7 -10 7 -11 7 -10 6 -10 7 -11 7 -11 7 -11 7 -12 7 -12 7 -12 7 -12 7 -12 7 -12 7 -12 7 -13 7 -12 7 -12 7 -13 0 0 0 0 0 0 0 0 0 0
1784740910.827803,53977,-45,11,1,7,1,-95,1,632341579,128,0 0 0 0 0 0 0 0 0 0 0 0 -6 -5 -6 -5 -6 -5 -6 -6 -6 -6 -6 -6 -6 -6 -6 -6 -6 -6 -6 -7 -6 -8 -6 -8 -6 -8 -6 -8 -6 -8 -6 -9 -6 -9 -6 -9 -6 -9 -6 -9 -6 -10 -6 -10 -6 -10 -6 -10 -6 -10 -6 -10 0 0 -6 -10 -6 -10 -6 -10 -6 -10 -6 -10 -7 -10 -7 -10 -7 -10 -7 -10 -8 -11 -7 -10 -8 -10 -8 -10 -8 -10 -9 -10 -9 -10 -9 -11 -9 -11 -9 -10 -10 -11 -9 -11 -10 -10 -9 -11 -9 -11 -9 -11 -9 -11 0 0 0 0 0 0 0 0 0 0
1784740910.843634,53978,-45,11,1,7,1,-95,1,632352719,128,0 0 0 0 0 0 0 0 0 0 0 0 4 5 4 5 4 5 4 6 4 6 4 6 4 6 4 7 4 7 4 7 4 8 4 8 3 8 4 9 4 9 4 9 4 10 4 9 4 10 3 10 3 10 3 10 3 10 3 10 3 10 3 10 0 0 3 11 3 10 3 11 3 10 4 11 4 10 4 10 4 10 4 10 4 11 5 11 5 10 5 10 5 11 6 10 6 11 6 10 6 11 7 11 7 11 7 11 7 11 7 11 7 11 7 11 7 11 0 0 0 0 0 0 0 0 0 0
1784740910.859510,53979,-45,11,1,7,1,-95,1,632361611,128,0 0 0 0 0 0 0 0 0 0 0 0 6 1 6 1 6 2 6 2 6 2 6 2 7 2 7 3 7 2 7 3 7 4 7 4 8 4 7 4 8 4 8 5 8 5 8 5 8 5 8 5 8 5 8 5 8 6 8 6 8 6 8 6 0 0 8 6 9 6 8 6 9 6 8 6 9 6 9 5 9 5 9 5 10 6 10 5 10 5 10 5 10 5 11 5 11 5 11 5 11 5 11 5 12 5 12 5 12 5 12 6 12 6 12 6 12 6 0 0 0 0 0 0 0 0 0 0
1784740910.859510,53980,-45,11,1,7,1,-95,1,632371408,128,0 0 0 0 0 0 0 0 0 0 0 0 -1 -7 -1 -7 0 -7 0 -8 0 -7 0 -8 0 -8 0 -8 0 -8 1 -8 1 -9 1 -9 1 -9 1 -9 1 -10 1 -9 1 -10 2 -10 2 -11 2 -10 2 -10 2 -11 2 -11 2 -11 2 -11 2 -11 0 0 2 -11 2 -11 2 -12 2 -11 2 -12 2 -12 2 -12 2 -12 1 -12 1 -13 1 -13 1 -13 1 -13 1 -14 1 -13 1 -14 1 -14 1 -15 1 -14 1 -15 1 -15 0 -15 1 -15 1 -15 1 -15 1 -15 0 0 0 0 0 0 0 0 0 0
1784740910.875517,53981,-45,11,1,7,1,-95,1,632381400,128,0 0 0 0 0 0 0 0 0 0 0 0 -4 5 -4 5 -4 5 -4 5 -5 5 -5 5 -5 5 -5 5 -6 5 -5 5 -5 5 -6 6 -6 6 -6 6 -7 6 -7 6 -7 6 -8 6 -8 6 -8 6 -8 6 -9 6 -9 7 -9 6 -9 7 -9 7 0 0 -9 7 -10 7 -10 7 -9 7 -9 7 -10 7 -10 7 -10 7 -10 7 -10 8 -10 8 -9 8 -10 8 -10 8 -10 8 -10 9 -10 8 -10 9 -11 9 -11 9 -11 9 -11 9 -10 9 -10 9 -10 9 -11 10 0 0 0 0 0 0 0 0 0 0
1784740910.875517,53982,-45,11,1,7,1,-95,1,632391477,128,0 0 0 0 0 0 0 0 0 0 0 0 4 4 4 4 4 5 4 5 4 5 4 5 4 5 4 6 4 6 4 7 4 7 4 7 4 7 4 7 4 7 4 8 4 8 4 9 4 8 4 9 4 9 4 9 4 10 3 9 3 10 3 10 0 0 4 10 4 10 4 9 4 10 4 9 4 10 5 10 5 10 5 10 5 11 5 10 5 10 5 10 5 10 6 10 6 10 6 11 6 10 7 10 7 10 7 11 7 11 7 11 7 11 6 11 7 11 0 0 0 0 0 0 0 0 0 0
1784740910.893048,53983,-45,11,1,7,1,-95,1,632401542,128,0 0 0 0 0 0 0 0 0 0 0 0 3 -6 3 -6 4 -6 4 -6 4 -6 4 -6 5 -6 5 -7 5 -6 5 -6 6 -6 6 -7 6 -6 7 -6 7 -7 7 -6 8 -6 8 -6 8 -6 8 -6 8 -6 8 -6 8 -6 9 -6 9 -6 9 -6 0 0 9 -6 9 -6 9 -6 9 -6 9 -6 9 -6 9 -6 9 -7 9 -7 9 -7 9 -7 9 -7 9 -7 9 -8 9 -8 9 -8 9 -8 9 -9 10 -9 9 -9 10 -9 10 -9 9 -9 10 -9 10 -9 10 -10 0 0 0 0 0 0 0 0 0 0
1784740910.907424,53984,-44,11,1,7,1,-95,1,632411523,128,0 0 0 0 0 0 0 0 0 0 0 0 -6 3 -7 3 -7 3 -7 2 -8 2 -8 2 -8 2 -8 2 -8 1 -8 2 -9 2 -9 2 -9 1 -10 1 -10 1 -10 1 -10 0 -10 1 -10 1 -10 0 -11 0 -11 0 -11 1 -11 0 -11 0 -11 1 0 0 -11 0 -11 0 -11 0 -11 1 -11 1 -11 1 -11 1 -11 1 -12 1 -12 2 -12 2 -11 2 -12 2 -12 2 -12 3 -12 2 -13 3 -13 3 -13 3 -13 3 -13 3 -14 3 -14 4 -14 4 -14 4 -15 4 0 0 0 0 0 0 0 0 0 0
1784740910.907424,53985,-44,11,1,6,1,-95,1,632424055,128,0 0 0 0 0 0 0 0 0 0 0 0 5 -5 5 -5 5 -5 5 -5 6 -5 6 -5 6 -5 6 -4 7 -5 7 -4 7 -4 7 -4 8 -4 8 -4 8 -4 8 -5 8 -5 9 -5 8 -4 9 -4 9 -4 9 -5 9 -5 9 -4 9 -4 9 -4 0 0 9 -4 9 -5 9 -5 10 -5 9 -5 10 -5 9 -6 10 -6 9 -6 10 -7 10 -7 10 -7 10 -7 10 -7 10 -8 10 -8 11 -8 11 -8 11 -8 11 -9 11 -8 11 -9 12 -9 12 -9 12 -9 12 -9 0 0 0 0 0 0 0 0 0 0
1784740910.939475,53986,-44,11,1,7,1,-95,1,632446093,128,0 0 0 0 0 0 0 0 0 0 0 0 1 -7 1 -8 1 -7 1 -8 1 -7 2 -8 2 -8 2 -8 2 -8 2 -8 3 -8 3 -9 3 -8 3 -9 3 -9 4 -9 4 -10 4 -9 4 -10 4 -10 4 -10 4 -10 4 -10 5 -10 5 -10 5 -10 0 0 5 -10 5 -10 5 -11 5 -10 5 -11 4 -11 4 -11 4 -11 5 -12 4 -12 4 -12 4 -12 5 -12 4 -12 4 -13 5 -13 4 -13 4 -13 4 -14 4 -14 4 -14 5 -14 4 -14 5 -14 5 -14 5 -14 0 0 0 0 0 0 0 0 0 0
1784740910.939475,53987,-44,11,1,7,1,-95,1,632446518,128,0 0 0 0 0 0 0 0 0 0 0 0 5 -3 6 -3 6 -3 6 -2 6 -2 6 -3 6 -3 7 -2 7 -2 7 -2 7 -2 8 -2 8 -2 8 -2 9 -2 9 -2 9 -2 9 -2 9 -2 9 -2 10 -1 10 -1 10 -2 10 -1 10 -1 10 -1 0 0 10 -1 11 -1 10 -1 11 -2 10 -2 11 -2 11 -2 11 -2 11 -2 11 -3 11 -3 11 -3 12 -3 12 -3 12 -3 12 -3 12 -3 12 -4 13 -3 13 -4 13 -4 14 -3 13 -4 13 -4 13 -4 14 -4 0 0 0 0 0 0 0 0 0 0
1784740910.939475,53988,-44,11,1,7,1,-95,1,632451414,128,0 0 0 0 0 0 0 0 0 0 0 0 -7 1 -7 0 -8 0 -7 0 -8 0 -8 0 -8 0 -8 0 -8 0 -9 0 -9 -1 -9 -1 -9 -1 -9 -1 -9 -1 -10 -1 -10 -1 -11 -2 -10 -2 -11 -2 -11 -2 -11 -2 -11 -2 -11 -2 -11 -3 -11 -2 0 0 -11 -2 -12 -2 -11 -2 -12 -2 -12 -2 -12 -2 -12 -1 -12 -2 -12 -2 -13 -1 -13 -1 -13 -1 -13 -1 -13 -1 -14 0 -14 -1 -14 -1 -14 -1 -14 0 -15 0 -14 0 -15 0 -15 -1 -15 -1 -15 -1 -15 -1 0 0 0 0 0 0 0 0 0 0
1784740910.955654,53989,-44,11,1,7,1,-95,1,632461455,128,0 0 0 0 0 0 0 0 0 0 0 0 5 5 5 5 4 5 4 6 4 6 4 6 4 6 4 6 4 7 4 7 4 7 4 8 4 8 4 8 4 8 4 8 4 9 3 9 4 9 4 9 4 9 4 9 4 9 3 10 4 10 4 10 0 0 4 10 4 10 4 10 4 10 4 10 4 10 4 10 5 10 5 10 5 10 5 10 5 11 5 11 6 11 6 11 6 11 6 11 7 11 7 11 7 12 7 12 7 12 7 12 7 12 7 12 7 13 0 0 0 0 0 0 0 0 0 0
1784740910.955654,53990,-45,11,1,7,1,-95,1,632471475,128,0 0 0 0 0 0 0 0 0 0 0 0 -8 -1 -8 -1 -8 -2 -8 -2 -8 -3 -8 -2 -8 -3 -8 -3 -9 -3 -9 -3 -9 -3 -9 -3 -9 -4 -9 -4 -9 -4 -9 -4 -10 -4 -9 -4 -10 -5 -10 -5 -10 -5 -10 -5 -10 -4 -10 -5 -10 -5 -10 -5 0 0 -11 -5 -10 -5 -11 -5 -11 -5 -11 -5 -11 -4 -11 -4 -12 -4 -12 -4 -12 -4 -12 -4 -12 -4 -12 -4 -13 -4 -13 -4 -14 -4 -13 -4 -14 -4 -14 -4 -14 -3 -15 -4 -15 -4 -15 -4 -15 -4 -15 -4 -15 -4 0 0 0 0 0 0 0 0 0 0
1784740910.978705,53991,-45,11,1,7,1,-95,1,632481397,128,0 0 0 0 0 0 0 0 0 0 0 0 6 -2 6 -1 6 -1 6 -1 7 0 7 0 7 0 7 0 7 0 7 0 8 0 8 0 8 1 8 1 8 1 9 1 9 1 9 1 9 1 9 1 9 1 9 1 10 1 10 1 9 2 10 1 0 0 10 1 10 1 10 1 11 1 10 1 11 1 11 1 11 1 11 1 12 1 12 1 12 0 11 1 12 1 13 0 12 0 13 0 13 1 13 0 13 0 13 1 13 0 14 1 14 1 14 1 14 1 0 0 0 0 0 0 0 0 0 0
1784740910.987241,53992,-44,11,1,7,1,-95,1,632491513,128,0 0 0 0 0 0 0 0 0 0 0 0 -7 -2 -7 -2 -7 -2 -7 -3 -8 -3 -8 -3 -8 -3 -8 -3 -8 -4 -8 -4 -8 -4 -9 -4 -8 -4 -9 -5 -9 -5 -9 -5 -9 -6 -9 -5 -9 -6 -9 -6 -9 -6 -9 -6 -10 -6 -9 -6 -9 -6 -10 -6 0 0 -10 -7 -10 -7 -10 -7 -10 -6 -10 -7 -10 -7 -10 -7 -11 -6 -11 -7 -11 -6 -11 -6 -12 -6 -12 -6 -12 -6 -12 -7 -12 -7 -12 -7 -12 -7 -12 -7 -13 -7 -13 -7 -13 -7 -13 -7 -13 -7 -13 -7 -13 -7 0 0 0 0 0 0 0 0 0 0
1784740910.993620,53993,-44,11,1,7,1,-95,1,632501400,128,0 0 0 0 0 0 0 0 0 0 0 0 4 -6 4 -6 5 -6 5 -6 5 -6 5 -5 5 -6 5 -6 6 -6 6 -6 6 -6 7 -5 7 -5 7 -6 7 -6 8 -6 7 -6 8 -6 7 -6 8 -6 8 -6 8 -6 8 -6 8 -6 8 -6 9 -6 0 0 9 -6 9 -7 8 -6 9 -7 8 -7 9 -7 9 -8 9 -8 9 -8 9 -8 9 -8 9 -8 9 -8 9 -8 9 -9 9 -9 10 -9 9 -9 9 -10 9 -10 9 -10 10 -10 10 -10 10 -10 10 -10 10 -10 0 0 0 0 0 0 0 0 0 0
1784740911.007896,53994,-44,11,1,7,1,-95,1,632511524,128,0 0 0 0 0 0 0 0 0 0 0 0 0 -7 0 -7 1 -7 1 -8 1 -7 1 -7 1 -8 1 -8 1 -8 2 -8 2 -8 2 -8 2 -8 2 -8 2 -9 3 -8 3 -9 3 -9 3 -9 3 -9 3 -10 3 -10 3 -10 3 -10 3 -10 3 -10 0 0 4 -11 4 -11 4 -11 4 -11 3 -11 4 -11 4 -11 4 -12 4 -12 4 -12 4 -12 3 -12 4 -12 4 -13 3 -13 4 -14 4 -13 4 -14 4 -14 4 -14 4 -14 4 -14 4 -14 4 -14 4 -14 5 -15 0 0 0 0 0 0 0 0 0 0
1784740911.019423,53995,-41,11,1,7,0,-95,1,632521429,128,0 0 0 0 0 0 0 0 0 0 0 0 -7 -5 -7 -5 -7 -5 -7 -6 -7 -6 -7 -6 -7 -6 -7 -7 -7 -7 -7 -7 -7 -8 -7 -8 -7 -8 -8 -8 -8 -9 -8 -9 -8 -9 -8 -9 -8 -9 -8 -10 -8 -10 -8 -10 -8 -10 -9 -11 -8 -11 -9 -11 0 0 -9 -12 -9 -12 -9 -12 -9 -12 -9 -12 -9 -12 -9 -12 -9 -12 -10 -12 -10 -12 -10 -12 -10 -12 -11 -12 -10 -13 -11 -13 -11 -13 -11 -13 -11 -13 -11 -13 -11 -13 -11 -13 -12 -13 -11 -13 -12 -13 -12 -13 -12 -13 0 0 0 0 0 0 0 0 0 0
1784740911.019423,53996,-44,11,1,7,1,-95,1,632531470,128,0 0 0 0 0 0 0 0 0 0 0 0 -4 6 -4 6 -4 6 -4 6 -5 6 -5 6 -5 6 -6 6 -5 6 -6 6 -6 6 -7 6 -7 6 -7 6 -7 6 -7 7 -7 7 -8 7 -8 7 -8 7 -8 7 -8 7 -9 7 -9 7 -9 7 -9 7 0 0 -9 7 -9 7 -9 7 -10 8 -9 8 -9 8 -9 8 -9 8 -9 8 -10 9 -9 9 -9 9 -9 9 -9 9 -9 10 -9 10 -10 10 -10 10 -9 10 -9 11 -9 10 -9 11 -10 11 -10 10 -10 10 -9 11 0 0 0 0 0 0 0 0 0 0
1784740911.053123,53997,-45,11,1,7,1,-95,1,632565591,128,0 0 0 0 0 0 0 0 0 0 0 0 -4 -7 -4 -8 -3 -8 -3 -8 -3 -8 -3 -9 -3 -9 -3 -9 -2 -9 -3 -9 -2 -9 -2 -10 -2 -10 -2 -10 -2 -11 -2 -10 -2 -11 -2 -11 -2 -11 -2 -11 -2 -11 -1 -11 -2 -11 -2 -11 -2 -12 -2 -12 0 0 -2 -12 -2 -12 -2 -12 -2 -12 -2 -12 -3 -12 -2 -12 -3 -13 -3 -13 -3 -13 -4 -13 -3 -13 -4 -13 -4 -14 -4 -13 -4 -14 -4 -13 -4 -14 -4 -14 -4 -14 -4 -14 -4 -14 -4 -13 -4 -14 -5 -14 -5 -14 0 0 0 0 0 0 0 0 0 0
1784740911.053123,53998,-45,11,1,7,1,-95,1,632565872,128,0 0 0 0 0 0 0 0 0 0 0 0 -5 -6 -5 -6 -4 -7 -4 -7 -4 -7 -4 -8 -4 -8 -4 -8 -3 -8 -4 -8 -4 -8 -3 -9 -3 -9 -3 -9 -4 -9 -3 -10 -3 -10 -3 -10 -3 -10 -3 -10 -3 -10 -3 -10 -3 -11 -3 -10 -3 -11 -3 -11 0 0 -4 -11 -3 -11 -3 -11 -4 -11 -4 -11 -4 -11 -4 -11 -4 -11 -4 -12 -5 -12 -5 -11 -5 -12 -5 -12 -5 -12 -5 -12 -6 -12 -6 -12 -6 -12 -6 -12 -6 -12 -6 -12 -6 -12 -6 -12 -6 -12 -6 -12 -6 -12 0 0 0 0 0 0 0 0 0 0
1784740911.067287,53999,-45,11,1,7,1,-95,1,632571508,128,0 0 0 0 0 0 0 0 0 0 0 0 -8 -3 -8 -3 -7 -4 -7 -4 -7 -5 -8 -5 -8 -5 -8 -5 -8 -5 -8 -6 -8 -6 -8 -6 -8 -6 -8 -6 -8 -6 -8 -7 -8 -7 -8 -7 -8 -7 -8 -7 -9 -7 -8 -7 -9 -7 -8 -7 -8 -7 -9 -8 0 0 -9 -8 -9 -8 -9 -8 -9 -8 -9 -7 -10 -7 -10 -7 -10 -7 -10 -7 -11 -7 -11 -7 -11 -7 -11 -7 -11 -7 -11 -7 -12 -7 -11 -7 -12 -7 -12 -7 -12 -7 -12 -7 -12 -7 -12 -7 -12 -7 -12 -7 -12 -7 0 0 0 0 0 0 0 0 0 0
1784740911.067287,54000,-45,11,1,7,1,-95,1,632581395,128,0 0 0 0 0 0 0 0 0 0 0 0 2 -7 3 -7 3 -7 4 -7 4 -7 4 -7 4 -7 5 -7 5 -7 5 -7 5 -6 5 -7 6 -7 6 -7 6 -7 6 -6 7 -7 6 -6 7 -7 7 -7 7 -7 7 -7 7 -7 7 -7 7 -7 7 -7 0 0 7 -7 7 -7 8 -8 7 -7 7 -8 7 -8 7 -8 7 -8 8 -8 7 -9 7 -9 8 -9 8 -9 8 -9 8 -9 8 -9 8 -9 8 -10 8 -10 8 -10 8 -10 8 -10 8 -10 8 -10 8 -11 8 -10 0 0 0 0 0 0 0 0 0 0
1784740911.083456,54001,-44,11,1,7,1,-95,1,632591400,128,0 0 0 0 0 0 0 0 0 0 0 0 -7 -3 -7 -3 -7 -4 -7 -4 -7 -5 -7 -5 -7 -5 -7 -5 -7 -5 -7 -6 -7 -6 -7 -6 -7 -7 -7 -7 -7 -7 -7 -7 -7 -7 -7 -8 -7 -8 -7 -8 -7 -8 -7 -8 -7 -8 -7 -8 -7 -8 -7 -8 0 0 -8 -8 -8 -9 -8 -8 -9 -9 -8 -8 -9 -8 -9 -8 -9 -8 -9 -9 -10 -9 -10 -9 -10 -9 -10 -8 -9 -9 -11 -9 -11 -9 -11 -9 -11 -9 -11 -9 -12 -9 -11 -9 -12 -9 -12 -10 -11 -10 -11 -10 -12 -10 0 0 0 0 0 0 0 0 0 0
1784740911.102280,54002,-41,11,1,7,0,-95,1,632602380,128,0 0 0 0 0 0 0 0 0 0 0 0 -4 7 -5 7 -5 7 -6 7 -6 7 -7 7 -7 7 -7 7 -8 7 -8 7 -8 7 -9 7 -9 7 -10 7 -10 7 -10 7 -10 7 -11 7 -11 7 -11 7 -11 7 -11 7 -11 7 -11 7 -12 7 -12 7 0 0 -12 8 -12 7 -12 8 -12 8 -12 8 -12 8 -12 8 -12 9 -12 9 -12 9 -12 9 -12 9 -12 10 -13 10 -12 10 -12 10 -13 11 -13 11 -12 11 -12 11 -13 11 -13 11 -13 12 -13 11 -13 12 -13 11 0 0 0 0 0 0 0 0 0 0
1784740911.104051,54003,-44,11,1,7,1,-95,1,632611519,128,0 0 0 0 0 0 0 0 0 0 0 0 7 -1 7 -1 7 0 8 0 8 1 8 0 8 1 8 1 8 1 8 2 9 2 9 2 9 3 9 3 9 3 9 3 9 4 9 4 9 4 9 4 9 4 9 4 9 4 9 4 9 4 9 4 0 0 10 4 10 4 10 4 10 4 10 4 10 4 10 4 10 4 10 4 11 3 11 3 11 3 11 3 11 3 11 3 12 3 11 3 12 3 12 3 12 3 12 3 12 3 12 3 12 3 12 3 13 3 0 0 0 0 0 0 0 0 0 0
1784740911.117855,54004,-45,11,1,7,1,-95,1,632621547,128,0 0 0 0 0 0 0 0 0 0 0 0 2 -7 2 -7 3 -7 3 -8 3 -7 3 -8 4 -8 4 -8 4 -8 5 -8 5 -8 6 -8 6 -8 6 -8 6 -8 6 -8 7 -8 7 -8 7 -8 7 -8 7 -8 7 -8 7 -8 7 -7 7 -7 7 -8 0 0 7 -8 7 -8 7 -8 7 -8 7 -8 7 -8 6 -9 7 -9 7 -9 7 -10 7 -10 7 -10 7 -9 7 -10 7 -10 7 -11 7 -11 7 -11 6 -11 6 -11 7 -11 6 -11 7 -11 7 -11 7 -11 6 -12 0 0 0 0 0 0 0 0 0 0
1784740911.118572,54005,-45,11,1,7,1,-95,1,632631477,128,0 0 0 0 0 0 0 0 0 0 0 0 -7 -4 -7 -4 -7 -5 -6 -5 -7 -5 -7 -6 -7 -6 -7 -6 -6 -7 -7 -7 -7 -7 -7 -7 -7 -8 -7 -8 -6 -8 -6 -9 -6 -9 -6 -9 -6 -9 -6 -9 -6 -9 -6 -9 -6 -9 -6 -9 -6 -9 -6 -9 0 0 -6 -10 -6 -10 -6 -9 -7 -9 -7 -9 -7 -9 -7 -10 -7 -9 -7 -10 -8 -10 -8 -9 -9 -9 -9 -9 -9 -10 -9 -10 -9 -10 -9 -10 -9 -10 -9 -10 -9 -11 -9 -11 -9 -11 -9 -10 -9 -10 -10 -10 -10 -11 0 0 0 0 0 0 0 0 0 0
1784740911.131760,54006,-45,11,1,7,1,-95,1,632641409,128,0 0 0 0 0 0 0 0 0 0 0 0 1 7 0 7 0 7 -1 7 -1 7 -1 8 -1 8 -1 8 -1 8 -2 8 -2 8 -3 8 -3 8 -3 8 -3 9 -3 9 -3 9 -4 9 -4 9 -3 9 -3 9 -4 9 -3 9 -4 9 -4 9 -4 9 0 0 -4 10 -3 10 -4 10 -3 10 -3 10 -3 10 -3 10 -3 10 -3 11 -2 11 -2 11 -2 11 -2 11 -2 11 -2 12 -2 12 -2 12 -2 12 -2 12 -1 12 -1 12 -1 12 -1 12 -2 12 -2 12 -2 12 0 0 0 0 0 0 0 0 0 0
1784740911.149155,54007,-45,11,1,7,1,-95,1,632651774,128,0 0 0 0 0 0 0 0 0 0 0 0 -7 3 -7 3 -8 3 -8 2 -8 2 -9 2 -8 2 -9 2 -9 1 -9 1 -10 1 -10 1 -10 0 -10 0 -11 1 -10 0 -11 0 -11 0 -11 0 -11 0 -11 0 -11 -1 -11 0 -11 -1 -11 -1 -11 -1 0 0 -11 0 -11 0 -11 0 -11 0 -11 0 -11 1 -11 1 -12 1 -12 1 -12 1 -12 1 -12 1 -12 1 -13 2 -12 2 -13 2 -12 2 -13 2 -13 3 -13 2 -13 3 -13 3 -13 3 -13 2 -13 3 -13 3 0 0 0 0 0 0 0 0 0 0
1784740911.163816,54008,-44,11,1,7,1,-95,1,632677332,128,0 0 0 0 0 0 0 0 0 0 0 0 3 -7 3 -7 4 -7 4 -7 5 -7 5 -7 5 -7 5 -7 6 -7 6 -7 7 -7 7 -7 7 -6 7 -6 7 -7 8 -6 8 -6 8 -7 8 -6 8 -6 8 -6 8 -6 8 -6 8 -6 8 -6 8 -7 0 0 8 -7 8 -7 8 -7 8 -8 8 -7 8 -8 8 -8 8 -8 8 -8 9 -9 8 -9 8 -9 8 -9 8 -9 8 -10 8 -10 9 -10 9 -10 9 -10 9 -11 9 -10 9 -11 9 -11 9 -10 9 -10 9 -10 0 0 0 0 0 0 0 0 0 0
1784740911.180015,54009,-44,11,1,7,1,-95,1,632679319,128,0 0 0 0 0 0 0 0 0 0 0 0 4 -7 5 -7 5 -6 6 -6 6 -6 6 -6 6 -6 7 -6 7 -6 7 -6 8 -6 8 -6 8 -6 8 -6 9 -6 9 -5 10 -5 9 -5 10 -5 9 -5 9 -5 9 -5 9 -6 9 -6 9 -6 10 -6 0 0 10 -6 10 -6 10 -6 9 -6 9 -6 9 -7 9 -7 9 -7 10 -7 9 -8 10 -8 9 -8 10 -8 10 -9 10 -8 11 -9 10 -8 10 -9 10 -9 11 -9 11 -9 11 -9 10 -9 10 -9 10 -10 11 -10 0 0 0 0 0 0 0 0 0 0
1784740911.180015,54010,-45,11,1,7,1,-95,1,632684181,128,0 0 0 0 0 0 0 0 0 0 0 0 5 5 5 5 4 6 4 6 4 6 4 6 4 7 4 7 4 7 4 8 3 8 3 8 3 8 3 8 3 9 3 9 3 9 3 9 3 9 3 9 3 9 3 9 3 9 3 9 2 9 3 9 0 0 3 9 3 9 3 9 4 10 4 9 4 10 4 9 4 10 4 10 5 10 5 10 5 10 5 10 5 10 6 10 6 10 6 10 6 11 6 10 6 11 6 11 6 10 6 11 6 11 6 11 6 10 0 0 0 0 0 0 0 0 0 0
1784740911.180015,54011,-46,11,1,7,1,-95,1,632692505,128,0 0 0 0 0 0 0 0 0 0 0 0 -7 1 -8 1 -8 1 -8 0 -8 0 -8 0 -9 0 -8 0 -9 0 -9 -1 -9 -1 -9 -1 -9 -2 -9 -2 -9 -2 -10 -2 -10 -2 -10 -2 -10 -2 -10 -2 -10 -2 -10 -2 -10 -2 -10 -2 -10 -2 -10 -2 0 0 -10 -2 -10 -1 -10 -1 -11 -1 -10 -1 -11 -1 -11 -1 -11 -1 -11 -1 -12 0 -12 0 -12 -1 -11 0 -12 0 -12 1 -12 1 -13 0 -13 0 -13 1 -13 1 -13 1 -13 1 -13 1 -13 1 -13 0 -13 1 0 0 0 0 0 0 0 0 0 0
1784740911.196031,54012,-46,11,1,7,1,-95,1,632701460,128,0 0 0 0 0 0 0 0 0 0 0 0 5 -5 5 -4 5 -4 5 -4 6 -4 6 -4 6 -4 6 -3 7 -4 7 -3 8 -3 8 -3 7 -3 8 -3 8 -2 8 -2 8 -2 8 -3 8 -2 9 -2 9 -2 8 -2 9 -2 9 -2 9 -2 9 -2 0 0 9 -2 9 -3 9 -3 10 -3 9 -3 10 -3 9 -3 10 -3 10 -4 11 -4 11 -4 10 -4 10 -4 10 -4 11 -5 11 -5 12 -4 12 -5 12 -5 12 -5 12 -5 12 -5 12 -5 12 -4 12 -4 12 -5 0 0 0 0 0 0 0 0 0 0
1784740911.196031,54013,-45,11,1,7,1,-95,1,632711464,128,0 0 0 0 0 0 0 0 0 0 0 0 -6 -5 -5 -6 -5 -6 -5 -6 -5 -7 -5 -7 -5 -7 -5 -7 -5 -7 -5 -8 -5 -8 -5 -8 -5 -9 -5 -9 -5 -9 -4 -9 -5 -10 -4 -9 -5 -10 -4 -10 -4 -10 -4 -10 -5 -9 -4 -10 -5 -10 -5 -10 0 0 -5 -10 -5 -10 -5 -11 -5 -10 -6 -10 -6 -10 -6 -10 -7 -10 -7 -10 -7 -11 -7 -11 -7 -10 -7 -11 -8 -11 -8 -11 -8 -11 -8 -11 -8 -12 -9 -12 -9 -11 -9 -12 -9 -12 -9 -11 -9 -12 -9 -12 -9 -12 0 0 0 0 0 0 0 0 0 0
1784740911.213158,54014,-45,11,1,7,1,-95,1,632721459,128,0 0 0 0 0 0 0 0 0 0 0 0 6 3 6 3 6 4 6 4 6 4 6 4 6 4 6 4 6 5 6 5 6 6 6 6 6 6 6 6 6 6 6 7 6 7 6 7 6 7 6 7 6 7 6 7 6 7 6 7 6 7 6 7 0 0 7 7 7 7 7 7 7 7 7 7 8 7 8 7 8 7 8 7 9 7 9 7 9 7 9 7 9 7 9 7 10 8 9 8 10 8 10 8 10 8 10 8 10 8 10 7 10 8 10 7 11 8 0 0 0 0 0 0 0 0 0 0
1784740911.227866,54015,-45,11,1,7,1,-95,1,632731462,128,0 0 0 0 0 0 0 0 0 0 0 0 -1 -7 -1 -7 0 -8 0 -8 0 -8 1 -8 1 -8 1 -8 1 -9 1 -9 2 -8 2 -9 2 -9 2 -9 2 -9 2 -9 2 -9 3 -10 3 -9 3 -9 3 -9 3 -10 3 -10 3 -10 3 -10 3 -10 0 0 3 -10 2 -10 2 -10 2 -11 2 -11 2 -11 2 -11 2 -11 2 -11 2 -12 2 -12 2 -12 2 -12 2 -12 1 -13 1 -13 2 -13 1 -13 2 -13 1 -14 1 -14 1 -14 2 -14 2 -14 2 -14 1 -14 0 0 0 0 0 0 0 0 0 0
1784740911.227866,54016,-44,11,1,7,1,-95,1,632741501,128,0 0 0 0 0 0 0 0 0 0 0 0 -6 -5 -6 -5 -5 -6 -5 -6 -5 -6 -5 -7 -5 -7 -5 -7 -5 -7 -5 -7 -5 -8 -5 -8 -5 -8 -5 -8 -5 -9 -5 -9 -5 -9 -5 -9 -5 -9 -5 -9 -5 -9 -5 -10 -5 -9 -5 -10 -5 -10 -5 -10 0 0 -6 -10 -5 -10 -5 -11 -6 -10 -6 -10 -6 -10 -6 -10 -6 -10 -6 -11 -7 -10 -7 -11 -8 -11 -7 -11 -8 -11 -8 -11 -8 -12 -8 -11 -8 -11 -8 -12 -8 -11 -9 -11 -9 -12 -9 -11 -9 -11 -9 -11 -9 -12 0 0 0 0 0 0 0 0 0 0
1784740911.243875,54017,-45,11,1,7,1,-95,1,632751408,128,0 0 0 0 0 0 0 0 0 0 0 0 -2 7 -2 7 -3 7 -3 7 -4 7 -4 7 -4 7 -4 7 -5 7 -5 7 -5 7 -5 7 -6 7 -6 7 -6 7 -7 7 -7 7 -7 7 -7 7 -7 7 -7 8 -8 7 -7 7 -8 7 -7 7 -8 7 0 0 -8 8 -8 8 -8 8 -8 8 -7 8 -7 8 -7 8 -7 9 -7 9 -7 9 -7 9 -7 9 -7 9 -7 10 -7 10 -7 10 -7 10 -7 10 -7 11 -7 11 -7 11 -7 11 -7 11 -8 11 -8 11 -7 11 0 0 0 0 0 0 0 0 0 0
1784740911.243875,54018,-44,11,1,7,1,-95,1,632761405,128,0 0 0 0 0 0 0 0 0 0 0 0 -7 -2 -8 -3 -8 -3 -8 -4 -8 -4 -8 -4 -8 -4 -8 -5 -8 -5 -8 -5 -8 -5 -8 -6 -8 -6 -8 -6 -9 -6 -9 -6 -9 -7 -9 -7 -9 -7 -9 -7 -9 -7 -9 -7 -9 -7 -9 -8 -8 -8 -9 -8 0 0 -9 -8 -9 -7 -9 -8 -9 -7 -10 -7 -10 -8 -10 -7 -10 -7 -10 -7 -11 -7 -11 -7 -11 -7 -11 -7 -11 -7 -12 -7 -12 -7 -12 -7 -13 -7 -13 -7 -13 -7 -13 -7 -13 -7 -13 -7 -13 -8 -13 -7 -13 -7 0 0 0 0 0 0 0 0 0 0
1784740911.260105,54019,-45,11,1,7,1,-95,1,632771478,128,0 0 0 0 0 0 0 0 0 0 0 0 -7 -4 -7 -4 -6 -5 -7 -5 -6 -6 -7 -6 -6 -6 -7 -6 -7 -7 -7 -7 -7 -7 -7 -7 -7 -7 -7 -8 -7 -8 -6 -9 -6 -9 -6 -9 -6 -9 -6 -9 -6 -9 -6 -10 -6 -9 -6 -9 -6 -9 -6 -9 0 0 -6 -10 -7 -10 -7 -10 -7 -10 -7 -9 -7 -9 -7 -9 -8 -9 -7 -10 -8 -10 -8 -10 -9 -9 -9 -10 -9 -10 -9 -10 -9 -10 -9 -10 -9 -10 -9 -10 -10 -11 -10 -11 -10 -11 -10 -10 -10 -11 -10 -11 -10 -11 0 0 0 0 0 0 0 0 0 0
1784740911.276258,54020,-45,11,1,7,1,-95,1,632781409,128,0 0 0 0 0 0 0 0 0 0 0 0 -5 4 -6 4 -6 4 -6 4 -7 4 -7 4 -7 4 -7 4 -8 4 -8 4 -9 3 -9 3 -9 3 -9 3 -9 3 -10 3 -10 3 -10 3 -10 3 -10 3 -10 3 -10 2 -10 3 -10 2 -10 2 -10 2 0 0 -10 3 -10 3 -10 3 -11 3 -10 4 -10 4 -10 4 -10 4 -10 4 -11 5 -11 5 -11 5 -11 5 -11 5 -11 6 -11 6 -12 5 -12 6 -12 6 -12 7 -12 6 -12 6 -12 6 -12 6 -12 6 -12 6 0 0 0 0 0 0 0 0 0 0
1784740911.276258,54021,-45,11,1,7,1,-95,1,632791440,128,0 0 0 0 0 0 0 0 0 0 0 0 2 -7 3 -8 3 -7 3 -7 4 -7 4 -7 4 -7 4 -8 5 -8 5 -7 5 -7 6 -7 6 -7 6 -8 6 -8 7 -7 7 -8 7 -7 7 -8 7 -7 7 -7 7 -7 7 -7 7 -7 7 -7 7 -8 0 0 7 -8 7 -8 7 -8 7 -8 7 -9 7 -9 7 -9 7 -9 7 -9 7 -10 7 -10 7 -10 7 -10 7 -11 7 -11 7 -11 7 -11 7 -12 7 -12 7 -12 7 -12 7 -12 7 -12 8 -12 7 -12 7 -12 0 0 0 0 0 0 0 0 0 0
1784740911.296162,54022,-45,11,1,7,1,-95,1,632801518,128,0 0 0 0 0 0 0 0 0 0 0 0 -8 -1 -8 -1 -8 -2 -8 -2 -8 -2 -9 -2 -9 -3 -9 -3 -9 -4 -9 -3 -9 -4 -10 -4 -10 -4 -10 -4 -10 -5 -10 -5 -10 -6 -10 -6 -10 -6 -10 -6 -10 -6 -10 -6 -10 -6 -10 -5 -10 -6 -11 -6 0 0 -10 -6 -10 -6 -11 -6 -10 -5 -10 -5 -11 -6 -11 -5 -11 -5 -11 -5 -12 -4 -12 -4 -12 -4 -13 -4 -13 -4 -12 -4 -13 -5 -13 -4 -13 -4 -13 -5 -13 -5 -14 -4 -14 -5 -13 -3 -14 -4 -14 -3 -14 -4 0 0 0 0 0 0 0 0 0 0
1784740911.307825,54023,-45,11,1,7,1,-95,1,632811470,128,0 0 0 0 0 0 0 0 0 0 0 0 -8 -1 -8 -2 -8 -3 -8 -3 -9 -3 -8 -3 -9 -3 -9 -3 -9 -4 -9 -5 -9 -5 -9 -5 -9 -6 -9 -6 -9 -6 -9 -6 -9 -6 -10 -7 -9 -6 -9 -7 -9 -7 -9 -7 -10 -7 -9 -7 -9 -7 -9 -7 0 0 -9 -7 -10 -7 -10 -7 -10 -7 -10 -6 -10 -6 -10 -6 -11 -6 -11 -6 -12 -6 -11 -6 -11 -6 -11 -6 -11 -6 -12 -6 -12 -6 -13 -7 -12 -6 -13 -6 -13 -6 -13 -6 -13 -5 -14 -6 -13 -7 -13 -6 -13 -6 0 0 0 0 0 0 0 0 0 0
1784740911.307825,54024,-45,11,1,7,1,-95,1,632821502,128,0 0 0 0 0 0 0 0 0 0 0 0 5 -6 6 -5 6 -5 7 -5 7 -4 7 -5 7 -4 7 -5 8 -4 8 -4 8 -4 9 -4 9 -4 9 -3 9 -4 9 -3 10 -3 9 -3 10 -3 10 -3 10 -3 10 -3 9 -3 10 -3 10 -3 10 -3 0 0 10 -3 10 -3 10 -3 10 -3 10 -4 10 -4 11 -4 11 -4 11 -4 10 -5 11 -5 11 -5 11 -5 12 -5 11 -5 12 -6 11 -5 12 -6 12 -6 12 -6 12 -6 12 -6 12 -6 12 -6 13 -6 13 -6 0 0 0 0 0 0 0 0 0 0
1784740911.323896,54025,-45,11,1,7,1,-95,1,632831533,128,0 0 0 0 0 0 0 0 0 0 0 0 -6 3 -7 3 -7 3 -7 2 -8 2 -8 2 -8 2 -8 2 -8 2 -8 2 -8 2 -9 2 -9 2 -9 2 -10 2 -10 1 -10 1 -10 1 -10 1 -10 1 -10 1 -10 1 -10 1 -10 1 -10 1 -11 1 0 0 -11 1 -11 2 -11 1 -11 2 -11 2 -11 2 -11 2 -11 2 -11 2 -12 3 -12 3 -12 4 -12 4 -12 4 -12 4 -13 4 -13 4 -13 4 -13 4 -13 4 -13 4 -14 4 -13 4 -13 5 -13 5 -14 5 0 0 0 0 0 0 0 0 0 0
1784740911.323896,54026,-45,11,1,7,1,-95,1,632841495,128,0 0 0 0 0 0 0 0 0 0 0 0 -6 -4 -6 -4 -6 -5 -6 -5 -6 -5 -6 -5 -6 -5 -6 -6 -7 -5 -6 -6 -6 -7 -6 -7 -6 -7 -6 -7 -6 -7 -7 -7 -6 -7 -7 -8 -7 -8 -7 -8 -7 -8 -7 -8 -7 -8 -7 -8 -7 -8 -7 -8 0 0 -8 -8 -8 -8 -8 -8 -9 -8 -8 -8 -9 -8 -9 -8 -9 -8 -9 -8 -10 -9 -10 -8 -10 -8 -10 -8 -10 -8 -11 -8 -11 -8 -12 -9 -11 -8 -12 -8 -12 -8 -12 -8 -12 -8 -12 -9 -12 -9 -12 -9 -12 -9 0 0 0 0 0 0 0 0 0 0
1784740911.357948,54027,-45,11,1,7,1,-95,1,632860325,128,0 0 0 0 0 0 0 0 0 0 0 0 -7 -2 -8 -2 -7 -3 -8 -3 -8 -3 -8 -4 -8 -3 -8 -4 -8 -4 -8 -4 -8 -5 -9 -5 -9 -5 -9 -6 -9 -6 -9 -6 -9 -6 -9 -6 -9 -7 -9 -6 -9 -7 -9 -7 -9 -6 -9 -7 -9 -7 -9 -7 0 0 -10 -7 -10 -7 -10 -7 -10 -6 -10 -6 -10 -6 -10 -6 -11 -6 -11 -6 -11 -6 -11 -6 -12 -6 -12 -6 -12 -6 -12 -5 -13 -6 -12 -6 -13 -6 -13 -5 -13 -5 -13 -6 -13 -5 -13 -5 -13 -6 -13 -6 -14 -6 0 0 0 0 0 0 0 0 0 0
1784740911.357948,54028,-45,11,1,7,1,-95,1,632861407,128,0 0 0 0 0 0 0 0 0 0 0 0 3 -7 3 -7 3 -6 4 -7 4 -7 4 -7 5 -7 5 -7 5 -7 5 -7 6 -7 6 -7 6 -7 6 -7 7 -8 7 -7 8 -7 7 -7 8 -7 8 -7 8 -7 8 -7 7 -7 8 -7 8 -7 8 -7 0 0 8 -7 8 -7 8 -8 8 -7 8 -8 8 -8 8 -8 8 -9 8 -8 8 -9 8 -9 8 -10 8 -10 8 -10 8 -10 8 -10 8 -10 8 -11 8 -11 8 -11 8 -11 8 -11 8 -11 9 -11 8 -11 8 -11 0 0 0 0 0 0 0 0 0 0
1784740911.452165,54029,-45,11,1,7,1,-95,1,632871429,128,0 0 0 0 0 0 0 0 0 0 0 0 6 4 5 4 5 4 5 5 5 5 5 5 5 6 5 6 5 6 5 7 5 7 5 7 5 7 5 7 5 8 5 8 5 8 5 8 5 8 5 8 5 8 5 8 5 9 4 8 4 9 5 8 0 0 5 8 5 8 5 8 6 9 6 8 6 9 6 8 6 9 6 8 7 9 7 9 7 9 7 9 7 9 8 9 8 9 8 10 8 10 8 9 9 10 9 10 9 10 9 10 8 10 9 10 9 10 0 0 0 0 0 0 0 0 0 0
1784740911.467944,54030,-44,11,1,7,1,-95,1,632968068,128,0 0 0 0 0 0 0 0 0 0 0 0 -3 6 -3 6 -4 6 -4 6 -4 6 -4 7 -5 7 -5 7 -5 7 -5 6 -5 7 -6 7 -6 7 -6 7 -7 7 -7 7 -7 7 -7 7 -8 7 -7 7 -8 7 -8 7 -7 7 -7 7 -8 7 -8 8 0 0 -8 8 -8 8 -8 8 -8 8 -7 8 -8 8 -8 8 -8 9 -8 9 -8 9 -8 9 -7 9 -8 9 -8 10 -8 9 -8 11 -8 10 -8 10 -8 10 -8 11 -8 11 -8 11 -7 11 -7 11 -8 11 -8 11 0 0 0 0 0 0 0 0 0 0
1784740911.467944,54031,-45,11,1,7,1,-95,1,632968439,128,0 0 0 0 0 0 0 0 0 0 0 0 5 -5 6 -5 6 -4 7 -4 6 -4 7 -4 7 -3 7 -3 8 -3 7 -4 8 -3 8 -3 8 -3 9 -3 9 -3 9 -3 9 -3 9 -3 10 -3 9 -2 10 -3 10 -2 10 -3 10 -3 10 -3 10 -3 0 0 10 -3 10 -3 11 -3 10 -3 10 -3 10 -3 10 -3 11 -3 11 -3 11 -4 11 -4 11 -5 11 -5 12 -5 11 -5 12 -5 11 -5 12 -5 12 -5 12 -5 12 -5 12 -5 11 -5 12 -6 12 -6 12 -6 0 0 0 0 0 0 0 0 0 0
1784740911.467944,54032,-44,11,1,7,1,-95,1,632970263,128,0 0 0 0 0 0 0 0 0 0 0 0 -4 6 -5 6 -5 5 -5 6 -6 5 -6 5 -6 5 -6 6 -7 6 -7 6 -7 6 -7 6 -7 6 -8 6 -8 6 -8 5 -9 6 -8 5 -9 6 -9 5 -9 6 -9 5 -9 6 -9 6 -9 6 -9 6 0 0 -10 7 -9 6 -10 6 -9 6 -9 7 -9 7 -10 7 -9 7 -10 7 -9 8 -9 8 -9 8 -9 9 -9 9 -9 8 -10 9 -9 9 -10 9 -10 9 -10 9 -10 10 -10 10 -9 10 -10 10 -10 10 -10 10 0 0 0 0 0 0 0 0 0 0
1784740911.467944,54033,-44,11,1,7,1,-95,1,632971950,128,0 0 0 0 0 0 0 0 0 0 0 0 7 2 6 2 7 2 6 2 7 3 6 3 7 3 7 4 7 4 7 5 7 5 7 5 7 5 7 5 7 5 7 6 7 6 8 6 7 6 7 6 7 6 7 6 8 7 7 7 7 7 7 7 0 0 7 7 8 7 8 6 9 7 8 6 9 7 9 7 9 7 9 6 10 7 9 7 10 6 9 6 9 6 11 7 10 6 11 7 10 7 11 7 11 6 11 7 11 6 11 7 11 7 11 7 11 7 0 0 0 0 0 0 0 0 0 0
1784740911.467944,54034,-44,11,1,7,1,-95,1,632973461,128,0 0 0 0 0 0 0 0 0 0 0 0 3 6 3 6 2 7 2 7 2 7 2 7 2 8 2 8 1 8 1 8 1 8 1 9 1 9 1 9 1 9 0 9 0 10 0 10 0 10 0 10 0 10 0 10 1 10 0 10 0 10 0 10 0 0 1 10 1 10 1 11 1 11 1 11 1 11 1 11 2 11 2 11 2 11 2 11 2 11 2 11 3 12 3 12 3 12 3 12 3 12 4 12 4 13 4 12 4 12 4 12 3 13 3 13 4 13 0 0 0 0 0 0 0 0 0 0
1784740911.467944,54035,-41,11,1,7,0,-95,1,632981622,128,0 0 0 0 0 0 0 0 0 0 0 0 6 2 7 2 6 3 7 3 6 3 7 4 7 4 7 4 7 4 7 5 7 5 7 5 7 6 7 6 7 6 7 6 7 7 6 6 7 7 7 6 7 7 7 7 7 6 7 7 7 7 8 7 0 0 8 7 8 7 8 7 8 7 8 7 8 7 9 7 8 6 9 6 9 6 9 7 10 6 10 6 10 6 9 6 10 6 10 6 11 6 11 6 11 6 11 5 11 6 11 5 11 6 11 6 11 6 0 0 0 0 0 0 0 0 0 0
1784740911.484164,54036,-44,11,1,7,1,-95,1,632991783,128,0 0 0 0 0 0 0 0 0 0 0 0 7 -2 8 -2 8 -1 8 -1 8 0 8 0 9 0 9 0 9 0 9 1 9 0 9 1 10 1 10 1 10 1 10 2 10 2 10 2 10 2 10 2 10 2 10 3 11 2 10 3 10 2 11 3 0 0 11 3 11 3 11 3 11 2 11 2 11 2 11 2 11 1 11 1 12 1 12 1 12 1 12 1 12 1 12 0 13 0 12 0 13 0 13 0 13 0 13 0 13 0 13 -1 13 0 13 0 13 -1 0 0 0 0 0 0 0 0 0 0
1784740911.496675,54037,-44,11,1,7,1,-95,1,633001451,128,0 0 0 0 0 0 0 0 0 0 0 0 -1 8 -1 8 -2 8 -2 8 -3 8 -3 8 -3 8 -3 9 -3 8 -4 9 -4 9 -4 9 -5 9 -5 9 -5 9 -6 9 -6 9 -6 9 -6 9 -6 9 -6 9 -6 9 -6 9 -6 9 -6 9 -6 9 0 0 -6 9 -6 9 -6 9 -6 9 -6 9 -6 9 -5 9 -5 10 -5 10 -5 10 -5 10 -5 10 -5 11 -5 11 -5 11 -5 11 -5 11 -4 11 -4 12 -4 12 -4 12 -4 12 -4 12 -5 12 -5 12 -4 12 0 0 0 0 0 0 0 0 0 0
1784740911.500059,54038,-45,11,1,7,1,-95,1,633012602,128,0 0 0 0 0 0 0 0 0 0 0 0 8 -1 8 -1 8 0 8 0 8 1 8 1 8 1 9 1 9 2 9 2 9 2 9 3 9 3 9 3 9 3 9 3 9 4 9 4 9 4 9 4 9 4 9 4 9 4 9 4 9 4 9 4 0 0 9 4 9 4 10 4 9 3 10 3 10 3 10 3 10 3 10 3 10 2 11 2 11 2 11 2 11 2 11 2 12 2 11 2 12 2 12 2 12 2 12 2 12 2 12 2 12 2 13 2 13 2 0 0 0 0 0 0 0 0 0 0
1784740911.516277,54039,-45,11,1,7,1,-95,1,633021402,128,0 0 0 0 0 0 0 0 0 0 0 0 -8 -1 -9 -2 -8 -2 -9 -3 -8 -3 -9 -3 -8 -3 -9 -4 -9 -4 -9 -4 -9 -4 -9 -5 -9 -5 -9 -5 -9 -5 -9 -6 -9 -6 -9 -6 -9 -6 -9 -6 -9 -6 -9 -6 -9 -6 -9 -6 -9 -6 -9 -6 0 0 -10 -6 -9 -6 -10 -6 -10 -5 -10 -5 -10 -5 -10 -5 -11 -5 -11 -5 -11 -5 -11 -5 -12 -5 -12 -5 -12 -5 -12 -4 -13 -5 -12 -5 -13 -5 -13 -5 -13 -4 -13 -4 -13 -5 -13 -5 -13 -5 -13 -5 -14 -5 0 0 0 0 0 0 0 0 0 0
1784740911.516277,54040,-45,11,1,7,1,-95,1,633031765,128,0 0 0 0 0 0 0 0 0 0 0 0 5 -6 5 -6 6 -5 5 -5 6 -5 6 -5 6 -5 7 -5 7 -5 7 -5 7 -4 8 -4 8 -4 8 -4 8 -4 8 -4 8 -4 9 -4 8 -4 9 -4 8 -4 9 -4 9 -4 9 -4 9 -4 9 -4 0 0 9 -4 9 -5 8 -5 9 -5 9 -5 9 -5 9 -6 9 -6 9 -6 10 -7 9 -7 9 -7 9 -7 9 -7 10 -8 9 -8 10 -8 10 -8 10 -8 10 -8 10 -8 10 -9 11 -8 11 -8 11 -8 11 -8 0 0 0 0 0 0 0 0 0 0
1784740911.532145,54041,-45,11,1,7,1,-95,1,633041426,128,0 0 0 0 0 0 0 0 0 0 0 0 1 -8 1 -8 2 -8 2 -8 3 -8 3 -8 3 -9 3 -9 3 -9 4 -9 5 -9 5 -9 5 -9 5 -9 5 -9 5 -9 5 -9 5 -9 5 -9 5 -9 5 -9 5 -9 6 -9 6 -9 6 -9 6 -9 0 0 5 -10 5 -10 5 -10 5 -10 5 -10 5 -11 4 -10 4 -11 4 -11 4 -12 4 -11 4 -12 4 -11 4 -12 3 -12 3 -13 3 -13 3 -13 3 -13 3 -13 3 -13 2 -13 3 -13 3 -14 3 -13 3 -14 0 0 0 0 0 0 0 0 0 0
1784740911.563984,54042,-45,11,1,7,1,-95,1,633051387,128,0 0 0 0 0 0 0 0 0 0 0 0 7 2 8 3 7 3 7 4 7 4 7 4 7 4 7 5 7 5 7 5 7 6 7 6 7 7 7 7 7 7 7 7 7 8 7 7 7 8 7 8 7 8 6 8 7 8 6 8 6 8 7 8 0 0 7 8 6 8 7 8 7 7 7 7 7 7 7 7 8 7 8 7 8 7 8 7 8 7 8 7 9 7 9 7 9 7 9 7 9 7 10 7 10 6 10 6 10 7 10 6 10 7 10 7 10 7 0 0 0 0 0 0 0 0 0 0
1784740911.563984,54043,-45,11,1,7,1,-95,1,633068622,128,0 0 0 0 0 0 0 0 0 0 0 0 8 -2 9 -2 9 -1 9 -1 9 0 10 0 9 0 10 0 10 1 10 1 10 1 10 1 10 2 10 2 11 2 10 3 11 3 10 3 11 3 10 3 10 3 10 4 10 3 10 3 10 3 10 3 0 0 10 3 10 3 10 3 10 2 10 2 10 2 10 2 10 2 10 2 10 1 11 1 11 1 11 0 12 0 11 0 12 0 11 0 12 0 12 0 12 -1 12 -1 12 -1 12 -1 12 -1 12 -2 12 -2 0 0 0 0 0 0 0 0 0 0
1784740911.563984,54044,-45,11,1,7,1,-95,1,633071519,128,0 0 0 0 0 0 0 0 0 0 0 0 -9 1 -9 1 -9 0 -10 0 -10 -1 -10 -1 -10 -1 -10 -1 -10 -2 -10 -2 -11 -2 -11 -3 -11 -3 -11 -3 -11 -3 -11 -4 -11 -4 -11 -4 -11 -4 -11 -4 -11 -4 -11 -4 -10 -4 -10 -4 -10 -4 -10 -4 0 0 -10 -4 -10 -4 -10 -4 -11 -4 -11 -3 -11 -3 -11 -3 -11 -3 -11 -2 -11 -2 -11 -2 -11 -2 -11 -2 -12 -2 -12 -1 -12 -1 -12 -1 -12 -1 -12 -1 -12 0 -12 0 -13 0 -12 0 -13 -1 -13 0 -13 0 0 0 0 0 0 0 0 0 0 0
1784740911.660520,54045,-45,11,1,7,1,-95,1,633168648,128,0 0 0 0 0 0 0 0 0 0 0 0 -6 6 -6 6 -7 6 -7 5 -8 5 -7 5 -8 5 -8 5 -8 5 -9 5 -9 5 -9 4 -9 4 -9 4 -9 4 -10 5 -9 4 -10 5 -9 4 -10 5 -10 5 -9 5 -10 5 -10 4 -10 4 -10 5 0 0 -9 5 -10 6 -9 5 -10 6 -9 6 -9 6 -9 7 -9 7 -9 7 -10 8 -10 7 -9 7 -10 7 -9 8 -10 9 -9 8 -10 9 -9 9 -9 9 -9 10 -10 9 -9 10 -10 10 -10 9 -10 9 -10 10 0 0 0 0 0 0 0 0 0 0
1784740911.660520,54046,-45,11,1,7,1,-95,1,633170687,128,0 0 0 0 0 0 0 0 0 0 0 0 5 6 5 6 5 7 4 7 4 7 4 7 4 7 4 8 4 8 4 8 4 8 4 8 3 8 3 9 3 9 2 9 3 9 3 9 3 9 3 9 3 9 2 9 3 9 3 9 3 9 3 9 0 0 3 9 3 9 4 10 4 9 4 9 4 9 4 9 5 10 5 10 5 9 6 10 6 10 6 10 6 10 6 10 6 11 6 10 7 11 7 11 7 11 7 11 7 11 7 10 7 11 7 11 7 11 0 0 0 0 0 0 0 0 0 0
1784740911.660520,54047,-45,11,1,7,1,-95,1,633172377,128,0 0 0 0 0 0 0 0 0 0 0 0 -9 -2 -9 -2 -9 -3 -9 -3 -9 -3 -9 -4 -9 -4 -9 -4 -9 -4 -9 -5 -9 -5 -9 -5 -9 -5 -9 -5 -10 -6 -9 -6 -10 -6 -10 -6 -10 -6 -9 -6 -9 -6 -10 -6 -9 -6 -9 -6 -10 -6 -10 -6 0 0 -10 -6 -10 -5 -10 -5 -10 -5 -11 -5 -11 -5 -11 -5 -11 -4 -11 -4 -12 -4 -12 -4 -12 -4 -12 -4 -13 -4 -13 -3 -13 -4 -13 -4 -14 -4 -13 -3 -14 -3 -14 -3 -14 -3 -14 -3 -14 -4 -14 -3 -15 -4 0 0 0 0 0 0 0 0 0 0
1784740911.660520,54048,-45,11,1,7,1,-95,1,633173947,128,0 0 0 0 0 0 0 0 0 0 0 0 2 -9 2 -9 3 -9 3 -8 4 -9 4 -8 4 -8 4 -8 5 -8 5 -8 5 -8 6 -8 6 -8 6 -8 6 -8 6 -8 6 -8 6 -8 6 -8 6 -8 6 -8 6 -8 6 -8 6 -8 6 -8 6 -8 0 0 6 -9 6 -9 6 -9 6 -9 6 -9 6 -9 5 -10 6 -10 6 -10 6 -11 6 -10 6 -10 6 -11 6 -11 5 -12 6 -12 6 -12 6 -12 5 -12 6 -13 6 -12 6 -13 6 -12 6 -12 6 -13 6 -13 0 0 0 0 0 0 0 0 0 0
1784740911.676343,54049,-45,11,1,7,1,-95,1,633184050,128,0 0 0 0 0 0 0 0 0 0 0 0 -9 -1 -9 -1 -9 -2 -9 -2 -9 -2 -9 -3 -9 -3 -9 -3 -9 -3 -9 -4 -9 -4 -9 -4 -9 -5 -9 -5 -9 -5 -9 -5 -9 -5 -10 -5 -9 -5 -9 -5 -9 -5 -9 -5 -10 -5 -9 -5 -10 -5 -10 -5 0 0 -10 -5 -10 -5 -10 -5 -11 -4 -10 -4 -11 -4 -11 -4 -11 -4 -11 -4 -12 -4 -12 -4 -12 -4 -12 -4 -12 -4 -13 -3 -13 -3 -13 -4 -13 -4 -13 -4 -14 -4 -14 -4 -14 -4 -14 -4 -14 -4 -14 -4 -14 -4 0 0 0 0 0 0 0 0 0 0
1784740911.676343,54050,-45,11,1,7,1,-95,1,633191379,128,0 0 0 0 0 0 0 0 0 0 0 0 -5 -7 -5 -8 -4 -8 -4 -9 -4 -9 -3 -9 -3 -9 -3 -9 -3 -9 -3 -9 -3 -9 -3 -10 -3 -10 -3 -10 -3 -10 -2 -10 -2 -10 -2 -10 -2 -10 -2 -10 -2 -11 -2 -11 -2 -10 -2 -10 -3 -10 -3 -11 0 0 -3 -11 -3 -11 -3 -11 -3 -11 -4 -11 -3 -11 -4 -11 -4 -11 -4 -12 -5 -12 -5 -12 -5 -12 -5 -12 -5 -12 -6 -12 -6 -13 -6 -12 -6 -13 -6 -13 -6 -13 -6 -13 -6 -14 -7 -13 -7 -13 -7 -13 -7 -14 0 0 0 0 0 0 0 0 0 0
1784740911.696990,54051,-44,11,1,7,1,-95,1,633201375,128,0 0 0 0 0 0 0 0 0 0 0 0 5 5 5 6 5 6 5 6 4 7 4 7 4 7 4 7 4 8 4 8 3 8 4 9 4 8 4 9 4 9 3 9 3 9 3 9 3 9 4 9 3 9 4 9 4 9 3 9 3 9 3 9 0 0 4 9 4 10 4 9 5 10 5 9 5 9 5 9 6 9 6 9 7 10 6 10 6 9 7 10 7 9 7 10 7 10 7 10 7 10 8 10 8 10 8 10 8 11 8 10 8 11 8 10 8 11 0 0 0 0 0 0 0 0 0 0
1784740911.696990,54052,-44,11,1,7,1,-95,1,633211408,128,0 0 0 0 0 0 0 0 0 0 0 0 -6 -7 -6 -7 -6 -8 -5 -8 -5 -9 -5 -9 -5 -9 -5 -9 -5 -9 -4 -10 -4 -10 -4 -10 -4 -11 -4 -11 -4 -11 -4 -11 -4 -11 -4 -11 -4 -11 -4 -11 -3 -11 -4 -11 -4 -11 -3 -11 -3 -11 -3 -11 0 0 -4 -11 -4 -11 -4 -11 -5 -11 -5 -11 -5 -11 -5 -11 -6 -11 -6 -11 -6 -11 -6 -11 -6 -11 -6 -11 -7 -11 -7 -11 -7 -12 -7 -12 -8 -12 -8 -12 -8 -12 -8 -12 -9 -12 -8 -12 -8 -12 -8 -12 -8 -12 0 0 0 0 0 0 0 0 0 0
1784740911.710513,54053,-44,11,1,7,1,-95,1,633221377,128,0 0 0 0 0 0 0 0 0 0 0 0 -6 7 -7 6 -8 6 -8 6 -8 5 -9 5 -9 5 -9 5 -10 5 -10 5 -10 5 -10 4 -10 4 -11 4 -11 4 -11 4 -11 4 -11 4 -12 4 -11 3 -11 4 -11 3 -11 4 -11 4 -11 4 -11 4 0 0 -11 4 -11 4 -11 4 -11 4 -11 5 -11 5 -11 5 -11 5 -11 5 -11 6 -11 6 -11 7 -11 7 -11 7 -11 7 -12 8 -11 7 -12 8 -11 8 -12 8 -11 8 -11 8 -11 8 -11 8 -11 8 -12 8 0 0 0 0 0 0 0 0 0 0
1784740911.724608,54054,-44,11,1,7,1,-95,1,633231476,128,0 0 0 0 0 0 0 0 0 0 0 0 -9 3 -9 2 -10 2 -9 1 -10 1 -10 1 -10 1 -11 1 -11 1 -11 0 -11 -1 -11 -1 -12 -1 -12 -2 -11 -1 -12 -1 -11 -1 -12 -1 -11 -2 -12 -1 -12 -1 -12 -1 -12 -2 -11 -2 -11 -2 -11 -2 0 0 -11 -1 -12 0 -11 -1 -12 0 -11 0 -12 0 -12 1 -12 1 -12 1 -13 1 -12 1 -12 1 -12 1 -12 1 -13 3 -12 3 -13 3 -13 3 -13 3 -13 4 -13 3 -13 4 -14 3 -13 3 -13 3 -13 3 0 0 0 0 0 0 0 0 0 0
1784740911.724608,54055,-44,11,1,7,1,-95,1,633241453,128,0 0 0 0 0 0 0 0 0 0 0 0 -9 2 -10 2 -10 1 -10 0 -10 0 -10 0 -11 0 -11 -1 -11 -1 -11 -1 -11 -2 -11 -2 -11 -2 -11 -2 -12 -3 -11 -3 -12 -3 -11 -3 -12 -4 -11 -3 -12 -3 -12 -3 -12 -3 -11 -4 -11 -3 -11 -3 0 0 -12 -3 -11 -3 -12 -3 -11 -2 -12 -2 -12 -2 -12 -2 -12 -1 -12 -1 -12 -1 -12 -2 -12 -1 -12 -1 -13 -1 -13 -1 -14 -1 -13 -1 -14 0 -13 0 -13 0 -13 0 -14 0 -13 0 -13 0 -14 0 -14 0 0 0 0 0 0 0 0 0 0 0
1784740911.740810,54056,-44,11,1,7,1,-95,1,633251380,128,0 0 0 0 0 0 0 0 0 0 0 0 -6 -8 -5 -8 -5 -9 -4 -9 -4 -10 -4 -10 -3 -10 -4 -10 -3 -11 -3 -11 -3 -11 -3 -11 -3 -11 -2 -12 -2 -12 -2 -12 -1 -12 -2 -12 -1 -12 -1 -12 -1 -12 -1 -12 -2 -12 -1 -12 -2 -12 -1 -12 0 0 -1 -12 -1 -12 -1 -12 -2 -12 -2 -11 -2 -12 -2 -12 -3 -12 -2 -12 -3 -12 -4 -12 -4 -12 -4 -12 -4 -12 -4 -12 -4 -13 -4 -13 -4 -12 -4 -13 -4 -13 -5 -13 -4 -13 -5 -13 -5 -12 -5 -13 -5 -12 0 0 0 0 0 0 0 0 0 0
1784740911.756831,54057,-44,11,1,7,1,-95,1,633263106,128,0 0 0 0 0 0 0 0 0 0 0 0 -5 7 -5 7 -6 7 -7 7 -7 7 -7 7 -7 7 -8 7 -8 7 -8 7 -8 7 -8 7 -9 7 -9 7 -9 7 -9 6 -10 6 -10 6 -10 6 -10 6 -10 7 -10 6 -9 7 -10 7 -9 7 -10 7 0 0 -10 7 -9 7 -10 7 -9 7 -9 8 -9 8 -9 8 -9 8 -9 8 -9 9 -9 9 -8 9 -9 9 -9 10 -8 10 -9 10 -8 10 -8 10 -9 10 -8 10 -8 10 -8 10 -8 11 -8 10 -8 11 -8 11 0 0 0 0 0 0 0 0 0 0
1784740911.756831,54058,-44,11,1,7,1,-95,1,633271416,128,0 0 0 0 0 0 0 0 0 0 0 0 7 5 7 6 6 6 6 7 5 6 6 7 6 7 6 8 6 8 5 8 6 9 5 9 5 9 5 9 6 10 5 9 5 10 5 9 6 10 5 10 5 10 5 10 5 9 5 10 5 10 5 10 0 0 6 10 6 9 6 10 6 9 6 9 7 9 7 9 7 9 7 9 8 9 8 9 8 9 8 9 9 10 8 9 9 10 9 9 9 9 9 9 9 9 9 9 10 9 9 9 9 9 10 9 10 9 0 0 0 0 0 0 0 0 0 0
1784740911.772824,54059,-44,11,1,7,1,-95,1,633281451,128,0 0 0 0 0 0 0 0 0 0 0 0 -9 0 -10 0 -10 -1 -10 -1 -9 -1 -10 -1 -10 -2 -10 -2 -10 -2 -11 -2 -11 -2 -11 -2 -11 -3 -11 -3 -11 -3 -11 -4 -11 -4 -11 -4 -11 -4 -11 -4 -11 -4 -11 -4 -11 -3 -11 -4 -11 -4 -12 -3 0 0 -12 -3 -12 -3 -12 -4 -12 -3 -12 -2 -12 -3 -12 -3 -12 -2 -13 -3 -13 -2 -13 -2 -13 -1 -13 -2 -13 -1 -13 -2 -14 -2 -13 -2 -14 -1 -14 -1 -14 -1 -14 -1 -14 -1 -14 -1 -14 -1 -14 -1 -14 -1 0 0 0 0 0 0 0 0 0 0
1784740911.788494,54060,-44,11,1,7,1,-95,1,633292893,128,0 0 0 0 0 0 0 0 0 0 0 0 -8 4 -8 4 -9 4 -9 3 -9 3 -9 3 -9 3 -10 3 -10 3 -10 3 -10 2 -11 2 -11 2 -11 2 -11 2 -11 2 -12 2 -11 2 -12 1 -11 2 -12 2 -12 1 -12 2 -12 1 -11 2 -12 2 0 0 -12 2 -12 2 -12 2 -12 2 -12 2 -12 3 -12 3 -12 3 -12 3 -13 4 -12 4 -12 4 -12 4 -12 4 -13 5 -13 5 -13 4 -13 5 -13 5 -13 5 -13 5 -13 5 -13 5 -13 5 -13 5 -13 5 0 0 0 0 0 0 0 0 0 0
1784740911.797410,54061,-45,11,1,7,1,-95,1,633301530,128,0 0 0 0 0 0 0 0 0 0 0 0 -7 5 -8 5 -8 5 -9 4 -9 4 -9 4 -9 4 -10 4 -10 4 -10 4 -10 4 -10 4 -10 3 -11 3 -11 4 -11 3 -11 3 -11 3 -12 3 -11 3 -11 3 -11 3 -11 3 -11 3 -11 3 -11 3 0 0 -12 4 -12 4 -12 4 -12 4 -11 4 -11 5 -11 4 -11 5 -12 5 -12 6 -12 5 -12 6 -12 6 -12 6 -12 6 -12 6 -11 6 -12 7 -12 7 -12 7 -12 8 -12 7 -12 8 -12 7 -12 8 -12 8 0 0 0 0 0 0 0 0 0 0
1784740911.804471,54062,-44,11,1,7,1,-95,1,633311374,128,0 0 0 0 0 0 0 0 0 0 0 0 -8 3 -9 3 -9 2 -9 2 -9 2 -9 1 -10 2 -10 1 -10 1 -10 1 -10 0 -10 0 -10 0 -11 0 -11 0 -11 0 -11 0 -11 0 -11 0 -11 0 -11 0 -11 0 -11 0 -11 -1 -11 -1 -11 -1 0 0 -11 0 -11 0 -11 0 -12 0 -12 0 -12 1 -12 1 -12 1 -12 1 -12 1 -13 1 -12 2 -12 1 -12 2 -13 2 -13 2 -13 2 -13 2 -13 3 -13 3 -13 3 -13 3 -13 3 -14 2 -13 3 -13 3 0 0 0 0 0 0 0 0 0 0
1784740911.804471,54063,-44,11,1,7,1,-95,1,633321410,128,0 0 0 0 0 0 0 0 0 0 0 0 -7 -7 -7 -7 -7 -8 -6 -8 -6 -8 -6 -8 -6 -8 -6 -9 -6 -9 -6 -10 -5 -10 -5 -10 -5 -10 -5 -10 -5 -10 -5 -10 -5 -10 -5 -11 -5 -10 -5 -11 -5 -10 -5 -10 -5 -11 -5 -11 -5 -10 -5 -11 0 0 -5 -10 -6 -10 -6 -10 -6 -11 -6 -10 -7 -10 -7 -10 -7 -10 -7 -10 -8 -11 -8 -11 -8 -10 -8 -10 -8 -10 -9 -10 -9 -10 -9 -11 -9 -11 -9 -11 -10 -10 -9 -10 -10 -10 -9 -11 -9 -11 -9 -11 -10 -10 0 0 0 0 0 0 0 0 0 0
1784740911.820371,54064,-44,11,1,7,1,-95,1,633331359,128,0 0 0 0 0 0 0 0 0 0 0 0 8 2 8 3 8 4 8 4 7 4 8 5 7 5 8 5 7 5 7 6 7 6 7 6 7 6 7 7 7 7 7 7 7 7 7 7 7 7 7 7 7 7 7 7 7 7 7 7 7 7 7 7 0 0 7 7 7 7 7 7 8 7 8 7 8 7 8 7 9 7 8 7 9 7 9 7 9 6 9 6 10 6 10 6 10 7 10 6 10 6 11 6 11 6 11 6 11 6 11 6 11 6 11 6 11 6 0 0 0 0 0 0 0 0 0 0
1784740911.836284,54065,-44,11,1,7,1,-95,1,633341558,128,0 0 0 0 0 0 0 0 0 0 0 0 8 -1 9 -1 9 0 9 0 9 0 9 1 9 1 9 1 10 1 10 2 9 3 10 3 10 3 10 3 10 3 10 4 10 3 10 4 10 4 10 4 10 4 10 4 10 4 10 4 10 4 10 4 0 0 10 4 10 3 10 3 11 3 10 3 11 3 11 2 11 2 11 2 12 2 11 2 11 2 11 2 11 2 12 1 12 1 13 2 12 1 12 1 13 1 13 1 13 0 13 1 13 1 13 1 13 1 0 0 0 0 0 0 0 0 0 0
1784740911.836284,54066,-44,11,1,7,1,-95,1,633351384,128,0 0 0 0 0 0 0 0 0 0 0 0 -6 6 -7 6 -7 5 -8 5 -8 5 -8 5 -8 5 -9 5 -9 5 -9 4 -10 4 -10 4 -10 4 -10 4 -10 4 -10 4 -11 4 -10 4 -11 3 -10 4 -11 3 -10 3 -10 3 -10 3 -10 3 -10 3 0 0 -10 4 -10 4 -10 4 -10 4 -10 5 -10 5 -10 5 -10 5 -10 5 -10 6 -10 6 -10 6 -10 6 -10 7 -10 7 -10 7 -10 7 -10 8 -10 8 -10 8 -10 8 -10 8 -10 8 -10 8 -10 9 -10 8 0 0 0 0 0 0 0 0 0 0
1784740911.857035,54067,-44,11,1,7,1,-95,1,633365655,128,0 0 0 0 0 0 0 0 0 0 0 0 -9 2 -9 1 -10 1 -10 0 -10 0 -10 0 -10 -1 -10 -1 -11 -1 -11 -2 -11 -2 -11 -2 -11 -3 -11 -3 -11 -3 -11 -3 -11 -3 -11 -3 -11 -3 -11 -3 -11 -3 -11 -3 -11 -4 -11 -3 -11 -4 -11 -3 0 0 -11 -3 -11 -3 -11 -3 -11 -2 -11 -2 -11 -2 -11 -2 -12 -2 -12 -2 -12 -2 -12 -1 -12 -1 -12 -1 -12 -1 -13 0 -13 0 -13 0 -13 0 -13 0 -13 0 -13 0 -14 1 -14 0 -14 0 -14 0 -14 0 0 0 0 0 0 0 0 0 0 0
1784740911.857035,54068,-45,11,1,7,1,-95,1,633371527,128,0 0 0 0 0 0 0 0 0 0 0 0 5 6 5 6 5 7 5 7 5 7 4 7 5 8 4 8 4 8 4 9 3 9 3 9 3 10 3 9 3 9 3 10 3 9 3 10 3 9 3 10 3 10 3 10 3 10 2 10 2 10 2 9 0 0 3 9 4 10 3 9 4 10 4 9 4 9 5 9 5 9 5 9 6 10 5 10 5 10 5 9 5 9 7 10 7 9 7 10 7 10 7 10 8 10 7 10 8 10 8 11 7 11 7 11 7 10 0 0 0 0 0 0 0 0 0 0
1784740911.870354,54069,-45,11,1,7,1,-95,1,633381427,128,0 0 0 0 0 0 0 0 0 0 0 0 -9 2 -9 1 -9 1 -10 0 -10 0 -10 0 -10 0 -10 0 -10 -1 -10 -1 -10 -1 -10 -2 -11 -2 -11 -2 -11 -2 -11 -3 -11 -3 -11 -2 -11 -3 -11 -3 -11 -3 -11 -3 -11 -3 -10 -3 -11 -3 -11 -3 0 0 -11 -2 -11 -2 -11 -2 -11 -2 -11 -2 -11 -1 -11 -1 -12 -1 -12 -1 -12 0 -12 -1 -12 0 -12 0 -13 0 -12 0 -13 0 -13 0 -13 0 -13 1 -13 1 -13 1 -14 1 -13 1 -14 0 -14 1 -14 1 0 0 0 0 0 0 0 0 0 0
1784740911.884207,54070,-45,11,1,7,1,-95,1,633391477,128,0 0 0 0 0 0 0 0 0 0 0 0 -7 -6 -7 -6 -7 -7 -6 -7 -6 -8 -6 -8 -6 -8 -6 -8 -6 -9 -5 -9 -5 -9 -5 -9 -5 -9 -5 -10 -5 -10 -4 -10 -5 -10 -5 -10 -5 -10 -4 -10 -4 -10 -4 -10 -5 -10 -4 -10 -5 -10 -5 -10 0 0 -5 -10 -5 -10 -5 -10 -5 -9 -5 -9 -6 -10 -6 -10 -6 -10 -6 -10 -7 -10 -7 -9 -7 -9 -8 -10 -8 -10 -8 -10 -8 -10 -8 -10 -8 -10 -8 -10 -8 -10 -8 -10 -9 -11 -9 -10 -9 -10 -9 -10 -9 -11 0 0 0 0 0 0 0 0 0 0
1784740911.897812,54071,-45,11,1,7,1,-95,1,633401409,128,0 0 0 0 0 0 0 0 0 0 0 0 -10 2 -9 2 -10 1 -10 1 -10 0 -10 0 -10 0 -10 0 -11 0 -11 -1 -11 -2 -11 -2 -11 -2 -11 -2 -11 -2 -11 -2 -11 -2 -12 -2 -11 -3 -11 -2 -11 -2 -11 -2 -12 -3 -11 -3 -11 -3 -11 -3 0 0 -11 -2 -12 -2 -11 -1 -12 -1 -11 -1 -12 -1 -12 -1 -12 -1 -12 0 -13 0 -13 0 -12 0 -12 0 -12 0 -13 1 -13 1 -14 1 -13 1 -13 1 -14 2 -14 1 -13 2 -15 1 -14 1 -14 1 -14 1 0 0 0 0 0 0 0 0 0 0
1784740911.900019,54072,-45,11,1,7,1,-95,1,633411367,128,0 0 0 0 0 0 0 0 0 0 0 0 8 2 8 2 8 3 8 4 8 4 8 4 8 4 8 4 8 5 8 5 8 5 8 6 7 6 8 6 8 6 7 6 8 7 7 6 7 7 7 6 8 6 7 6 7 6 7 6 7 6 8 6 0 0 8 6 8 6 8 6 8 6 8 6 9 5 9 5 9 5 9 5 9 5 9 5 9 5 10 5 11 5 10 5 11 5 10 5 11 5 11 5 11 5 11 4 11 5 11 4 11 5 11 5 12 5 0 0 0 0 0 0 0 0 0 0
1784740911.915837,54073,-46,11,1,7,1,-95,1,633423364,128,0 0 0 0 0 0 0 0 0 0 0 0 -7 -7 -7 -7 -6 -8 -6 -8 -5 -8 -6 -9 -5 -9 -5 -9 -5 -9 -5 -9 -5 -10 -5 -10 -5 -10 -4 -10 -4 -11 -4 -10 -4 -11 -4 -10 -4 -11 -3 -10 -4 -11 -3 -11 -4 -10 -4 -10 -4 -10 -4 -11 0 0 -4 -11 -4 -10 -4 -11 -4 -10 -5 -10 -5 -11 -5 -10 -5 -10 -5 -11 -6 -10 -6 -10 -6 -10 -6 -11 -7 -11 -7 -10 -7 -11 -7 -11 -7 -11 -7 -11 -7 -11 -8 -11 -7 -11 -7 -10 -8 -11 -8 -11 -8 -11 0 0 0 0 0 0 0 0 0 0
1784740911.915837,54074,-45,11,1,7,1,-95,1,633431426,128,0 0 0 0 0 0 0 0 0 0 0 0 1 -9 1 -9 2 -9 2 -9 3 -9 3 -9 3 -9 3 -9 3 -10 4 -9 4 -9 5 -9 5 -9 5 -9 5 -9 5 -9 5 -9 5 -10 5 -9 5 -9 5 -9 5 -9 6 -9 6 -9 6 -9 5 -9 0 0 5 -9 5 -10 5 -10 5 -10 4 -10 4 -10 4 -10 4 -10 4 -11 4 -11 4 -11 4 -11 4 -11 4 -11 3 -12 3 -12 4 -12 4 -12 3 -12 3 -13 3 -12 2 -13 3 -13 3 -12 3 -12 3 -12 0 0 0 0 0 0 0 0 0 0
1784740911.932091,54075,-45,11,1,7,1,-95,1,633441516,128,0 0 0 0 0 0 0 0 0 0 0 0 -9 -1 -9 -2 -9 -2 -9 -3 -9 -3 -9 -3 -9 -4 -9 -4 -9 -4 -9 -4 -9 -5 -9 -5 -9 -5 -10 -5 -10 -5 -9 -6 -10 -6 -10 -6 -10 -6 -9 -6 -10 -6 -10 -7 -10 -6 -10 -6 -10 -6 -10 -6 0 0 -10 -6 -10 -6 -10 -6 -10 -6 -10 -6 -10 -6 -11 -6 -11 -6 -11 -6 -11 -5 -11 -5 -11 -5 -11 -5 -12 -5 -12 -5 -12 -5 -12 -5 -12 -5 -12 -5 -13 -5 -12 -5 -12 -5 -12 -5 -12 -5 -12 -4 -13 -4 0 0 0 0 0 0 0 0 0 0
1784740911.948141,54076,-45,11,1,7,1,-95,1,633451535,128,0 0 0 0 0 0 0 0 0 0 0 0 0 7 0 8 -1 8 -1 8 -1 8 -1 8 -1 8 -2 8 -2 8 -2 9 -3 9 -3 9 -3 9 -3 9 -3 9 -3 9 -3 9 -3 10 -3 9 -3 10 -3 10 -3 10 -4 10 -4 10 -4 10 -4 10 0 0 -3 10 -3 10 -3 10 -3 11 -3 10 -3 11 -2 10 -2 11 -2 11 -2 11 -2 11 -2 11 -2 11 -2 11 -1 12 -2 12 -2 12 -1 12 -1 12 -1 12 -1 12 -1 12 -1 12 -1 12 -1 12 -1 12 0 0 0 0 0 0 0 0 0 0
1784740911.948141,54077,-45,11,1,7,1,-95,1,633461477,128,0 0 0 0 0 0 0 0 0 0 0 0 2 6 1 7 1 7 1 7 0 7 0 7 0 8 0 8 0 8 -1 8 -1 8 -1 8 -1 9 -2 9 -1 9 -2 9 -2 9 -2 9 -2 10 -2 10 -2 10 -2 10 -2 10 -2 10 -2 10 -2 10 0 0 -2 10 -2 10 -2 10 -2 10 -1 10 -2 11 -1 10 -1 11 -1 11 -1 11 -1 11 -1 11 -1 11 -1 11 0 12 0 12 -1 12 -1 12 0 12 0 12 0 12 0 12 0 12 0 12 0 12 0 12 0 0 0 0 0 0 0 0 0 0
1784740911.963952,54078,-45,11,1,7,1,-95,1,633471350,128,0 0 0 0 0 0 0 0 0 0 0 0 1 -8 2 -8 2 -8 3 -8 3 -8 3 -8 3 -8 4 -8 4 -8 4 -8 4 -8 5 -8 5 -8 5 -8 5 -9 5 -9 6 -9 6 -9 6 -9 6 -9 6 -9 6 -9 6 -9 6 -9 6 -9 6 -9 0 0 6 -9 7 -9 7 -9 7 -10 6 -10 6 -10 6 -9 6 -10 6 -10 6 -11 7 -11 6 -11 6 -11 6 -11 6 -12 6 -12 6 -11 6 -12 6 -12 6 -12 6 -12 6 -12 6 -12 6 -12 6 -12 6 -12 0 0 0 0 0 0 0 0 0 0
1784740911.963952,54079,-44,11,1,7,1,-95,1,633481374,128,0 0 0 0 0 0 0 0 0 0 0 0 6 3 5 3 6 4 5 4 6 4 6 4 5 5 6 5 6 5 6 5 5 6 5 6 5 6 5 6 6 6 6 7 6 7 6 7 5 7 6 7 6 7 5 8 6 8 6 8 6 8 6 8 0 0 6 8 6 8 6 8 6 8 6 8 7 8 7 8 7 8 7 8 8 9 8 9 8 8 8 8 8 8 8 9 8 8 9 9 8 9 9 9 9 9 9 8 9 8 9 9 9 9 9 9 9 8 0 0 0 0 0 0 0 0 0 0
1784740911.979805,54080,-44,11,1,7,1,-95,1,633491461,128,0 0 0 0 0 0 0 0 0 0 0 0 1 6 1 7 0 6 0 7 0 7 -1 7 -1 7 -1 7 -1 8 -1 7 -1 8 -2 8 -2 8 -2 8 -2 9 -2 8 -2 9 -2 8 -3 9 -2 9 -3 9 -3 9 -3 9 -3 10 -3 9 -3 10 0 0 -3 10 -3 10 -3 10 -2 9 -2 11 -2 10 -2 10 -2 11 -2 11 -2 11 -2 11 -2 11 -2 11 -2 12 -1 11 -1 13 -1 11 -1 13 -1 12 -1 13 -1 13 0 13 -1 12 -1 13 -1 13 0 13 0 0 0 0 0 0 0 0 0 0
1784740911.998153,54081,-45,11,1,7,1,-95,1,633501427,128,0 0 0 0 0 0 0 0 0 0 0 0 2 6 2 6 2 6 1 7 1 7 1 7 1 7 0 8 0 8 0 8 0 8 0 8 0 8 0 9 0 9 -1 9 -1 9 -1 9 -1 9 -1 9 -1 9 -1 9 -1 10 -1 10 -1 10 -1 10 0 0 -1 10 -1 10 -2 10 -1 10 -1 10 -1 11 -1 11 -1 11 0 11 0 11 0 11 0 12 0 12 0 12 0 12 0 12 0 12 1 12 1 12 0 12 1 12 0 13 1 13 1 12 1 13 1 13 0 0 0 0 0 0 0 0 0 0
1784740911.998153,54082,-45,11,1,7,1,-95,1,633511410,128,0 0 0 0 0 0 0 0 0 0 0 0 4 -6 5 -6 5 -6 6 -5 6 -5 6 -5 6 -5 7 -5 7 -5 8 -5 7 -4 8 -4 8 -4 8 -4 8 -4 9 -4 9 -4 9 -4 9 -4 9 -4 9 -4 9 -4 9 -4 9 -4 9 -4 9 -4 0 0 9 -5 9 -5 9 -5 10 -5 9 -5 10 -6 10 -6 10 -6 10 -6 11 -6 10 -6 10 -6 10 -6 10 -6 10 -7 10 -7 11 -7 11 -7 10 -8 11 -8 11 -8 10 -8 11 -8 11 -8 11 -8 11 -8 0 0 0 0 0 0 0 0 0 0
1784740912.011880,54083,-45,11,1,7,1,-95,1,633521393,128,0 0 0 0 0 0 0 0 0 0 0 0 -7 -3 -8 -3 -7 -4 -8 -5 -7 -5 -7 -5 -7 -5 -8 -5 -7 -6 -7 -6 -7 -6 -7 -7 -7 -7 -7 -7 -8 -7 -7 -7 -7 -7 -7 -7 -7 -7 -7 -7 -7 -8 -8 -7 -8 -7 -7 -8 -7 -7 -8 -8 0 0 -8 -8 -8 -8 -8 -8 -9 -8 -9 -7 -9 -7 -9 -8 -9 -8 -10 -8 -10 -7 -10 -8 -10 -8 -10 -8 -11 -8 -10 -7 -11 -8 -10 -8 -11 -8 -12 -7 -12 -7 -12 -7 -12 -8 -11 -7 -12 -8 -12 -7 -12 -8 0 0 0 0 0 0 0 0 0 0
1784740912.027809,54084,-45,11,1,7,1,-95,1,633531349,128,0 0 0 0 0 0 0 0 0 0 0 0 -6 5 -6 5 -7 5 -7 4 -7 4 -7 4 -8 4 -8 4 -8 4 -8 4 -9 4 -9 3 -9 3 -9 3 -9 3 -9 3 -9 3 -10 3 -10 3 -10 3 -10 3 -10 3 -10 3 -10 3 -10 3 -10 3 0 0 -10 4 -11 4 -10 4 -11 5 -10 4 -11 5 -11 5 -11 5 -11 5 -11 6 -11 5 -11 5 -11 6 -11 6 -12 6 -11 6 -12 6 -12 6 -12 7 -12 7 -12 7 -12 7 -12 7 -12 7 -12 7 -12 7 0 0 0 0 0 0 0 0 0 0
1784740912.027809,54085,-45,11,1,7,1,-95,1,633542992,128,0 0 0 0 0 0 0 0 0 0 0 0 7 -2 7 -1 8 -1 8 0 8 0 8 0 8 1 8 1 9 1 9 1 8 1 9 2 9 2 9 2 9 2 9 2 9 2 9 3 9 2 9 3 9 2 9 3 9 2 9 3 9 2 9 2 0 0 10 2 10 2 10 2 10 2 10 2 11 1 11 1 11 1 11 1 12 1 12 1 12 1 12 1 12 1 12 1 12 1 12 0 12 0 13 0 13 0 13 0 13 0 13 0 13 0 13 0 13 0 0 0 0 0 0 0 0 0 0 0
1784740912.047760,54086,-45,11,1,7,1,-95,1,633551430,128,0 0 0 0 0 0 0 0 0 0 0 0 0 7 0 8 -1 7 -1 8 -1 8 -2 8 -2 8 -2 8 -2 8 -3 8 -3 8 -3 8 -3 8 -3 9 -3 9 -3 8 -4 9 -4 9 -4 9 -4 9 -4 9 -4 9 -4 9 -4 9 -4 9 -4 9 0 0 -4 10 -4 10 -4 10 -3 10 -3 10 -3 10 -3 10 -3 11 -3 11 -3 11 -3 11 -3 11 -3 11 -3 12 -2 12 -3 12 -3 12 -2 12 -2 12 -3 13 -2 12 -2 13 -3 12 -2 13 -2 13 -2 13 0 0 0 0 0 0 0 0 0 0
1784740912.047760,54087,-45,11,1,7,1,-95,1,633561384,128,0 0 0 0 0 0 0 0 0 0 0 0 3 6 2 7 2 7 2 7 1 7 1 8 1 8 1 8 0 8 1 8 1 8 0 9 0 9 0 9 0 9 -1 9 -1 9 -1 9 -1 10 -1 9 -1 10 -1 10 0 10 -1 10 0 10 0 10 0 0 -1 10 0 10 0 10 0 10 0 10 0 11 0 11 0 11 0 11 1 12 1 12 1 11 1 12 1 12 1 12 1 13 1 12 1 12 1 13 1 13 1 13 1 13 1 13 1 13 2 13 1 13 0 0 0 0 0 0 0 0 0 0
1784740912.059740,54088,-45,11,1,7,1,-95,1,633571470,128,0 0 0 0 0 0 0 0 0 0 0 0 -8 2 -8 1 -9 1 -9 0 -9 0 -9 0 -9 0 -9 -1 -9 0 -10 -1 -10 -2 -10 -2 -10 -2 -10 -2 -10 -2 -10 -2 -10 -2 -10 -2 -11 -2 -11 -2 -11 -2 -11 -2 -11 -2 -11 -3 -11 -3 -11 -3 0 0 -11 -2 -11 -2 -11 -2 -12 -2 -12 -2 -12 -2 -12 -2 -12 -2 -12 -2 -13 -2 -13 -2 -13 -1 -12 -1 -13 -1 -13 -1 -14 -1 -14 -1 -14 -1 -14 -1 -14 -1 -14 -1 -14 0 -14 -1 -14 -1 -14 -1 -14 -1 0 0 0 0 0 0 0 0 0 0
1784740912.075830,54089,-44,11,1,7,1,-95,1,633581379,128,0 0 0 0 0 0 0 0 0 0 0 0 2 7 2 7 2 7 1 8 1 8 1 8 1 8 1 8 0 8 0 8 0 9 0 9 -1 9 0 9 0 9 -1 9 -1 10 -1 9 -1 10 -1 10 -1 10 -1 10 0 10 -1 10 -1 10 -1 10 0 0 0 11 0 10 0 11 0 11 0 11 0 11 0 11 1 11 0 11 1 12 1 11 1 12 1 12 1 12 1 12 1 13 1 12 2 13 2 12 2 12 2 13 2 13 2 12 2 13 2 13 2 13 0 0 0 0 0 0 0 0 0 0
1784740912.075830,54090,-44,11,1,7,1,-95,1,633593438,128,0 0 0 0 0 0 0 0 0 0 0 0 -6 -6 -6 -6 -5 -6 -5 -7 -5 -7 -5 -7 -5 -7 -5 -8 -5 -8 -5 -8 -5 -8 -5 -8 -5 -9 -4 -9 -5 -9 -4 -9 -4 -10 -4 -9 -4 -10 -4 -9 -4 -10 -4 -10 -5 -9 -4 -10 -5 -10 -5 -10 0 0 -5 -10 -5 -10 -4 -11 -5 -10 -5 -11 -5 -11 -5 -11 -6 -11 -5 -11 -6 -11 -6 -11 -6 -11 -7 -11 -7 -12 -6 -12 -7 -12 -7 -11 -7 -12 -7 -12 -7 -12 -7 -12 -7 -12 -7 -11 -8 -12 -8 -12 -8 -12 0 0 0 0 0 0 0 0 0 0
1784740912.091573,54091,-44,11,1,7,1,-95,1,633601390,128,0 0 0 0 0 0 0 0 0 0 0 0 2 -7 2 -7 3 -7 3 -7 3 -7 4 -7 4 -7 4 -7 4 -7 5 -7 5 -7 5 -7 5 -7 6 -7 6 -7 6 -7 6 -7 6 -8 6 -8 6 -8 6 -8 7 -8 7 -8 7 -8 7 -8 7 -8 0 0 7 -8 7 -9 7 -8 7 -9 7 -9 7 -9 7 -9 7 -9 7 -9 7 -10 7 -10 7 -10 7 -10 7 -10 7 -11 7 -11 7 -11 7 -11 7 -11 7 -11 8 -11 7 -11 8 -12 8 -12 8 -12 7 -12 0 0 0 0 0 0 0 0 0 0
1784740912.107803,54092,-45,11,1,7,1,-95,1,633611444,128,0 0 0 0 0 0 0 0 0 0 0 0 -4 -7 -4 -7 -4 -8 -3 -8 -3 -8 -3 -8 -3 -8 -3 -9 -2 -9 -2 -9 -2 -9 -2 -9 -2 -9 -2 -10 -2 -10 -1 -10 -1 -10 -1 -10 -1 -10 -1 -10 -1 -10 -1 -10 -1 -11 -1 -11 -1 -11 -2 -11 0 0 -2 -11 -2 -11 -1 -11 -2 -11 -2 -11 -2 -12 -2 -12 -2 -12 -2 -12 -3 -12 -3 -12 -3 -12 -3 -13 -3 -13 -3 -13 -3 -13 -3 -13 -3 -13 -4 -13 -3 -13 -3 -14 -3 -14 -4 -13 -4 -13 -4 -14 -4 -14 0 0 0 0 0 0 0 0 0 0
1784740912.107803,54093,-45,11,1,7,1,-95,1,633621347,128,0 0 0 0 0 0 0 0 0 0 0 0 4 -6 4 -6 5 -6 5 -6 6 -6 6 -5 6 -6 6 -6 6 -6 7 -6 7 -5 7 -5 8 -5 8 -5 8 -5 8 -5 8 -5 8 -5 8 -5 8 -5 8 -6 8 -5 9 -5 9 -5 9 -5 9 -5 0 0 9 -6 9 -6 9 -6 9 -6 9 -6 9 -7 9 -7 9 -7 9 -7 10 -8 10 -7 10 -7 10 -7 10 -7 10 -8 9 -8 10 -8 10 -8 9 -9 10 -9 10 -9 10 -9 10 -9 10 -9 10 -9 10 -10 0 0 0 0 0 0 0 0 0 0
1784740912.127866,54094,-45,11,1,7,1,-95,1,633631398,128,0 0 0 0 0 0 0 0 0 0 0 0 7 -1 7 -1 8 0 7 0 8 0 8 0 8 1 8 1 8 1 8 2 8 2 8 2 9 2 8 2 8 2 9 2 9 3 9 3 9 3 9 3 9 3 9 3 9 3 9 3 9 3 9 3 0 0 9 3 10 2 10 2 10 3 10 2 10 2 10 2 11 2 11 2 11 2 11 2 11 2 11 2 11 2 12 1 12 1 12 2 12 1 12 1 13 1 12 1 12 1 12 1 12 1 13 1 13 1 0 0 0 0 0 0 0 0 0 0
1784740912.139530,54095,-45,11,1,7,1,-95,1,633641431,128,0 0 0 0 0 0 0 0 0 0 0 0 -7 -5 -6 -6 -6 -6 -6 -7 -6 -7 -6 -7 -6 -7 -6 -8 -5 -8 -5 -8 -6 -8 -5 -8 -5 -9 -5 -9 -5 -9 -4 -9 -5 -10 -5 -9 -5 -10 -4 -10 -5 -10 -5 -10 -5 -9 -5 -9 -5 -10 -5 -10 0 0 -5 -10 -5 -10 -5 -10 -6 -10 -6 -10 -6 -10 -6 -10 -7 -10 -6 -10 -7 -9 -7 -9 -8 -9 -8 -10 -8 -10 -8 -10 -8 -10 -8 -10 -8 -10 -8 -10 -9 -10 -8 -10 -8 -10 -9 -10 -9 -10 -9 -10 -9 -10 0 0 0 0 0 0 0 0 0 0
1784740912.139530,54096,-45,11,1,7,1,-95,1,633651435,128,0 0 0 0 0 0 0 0 0 0 0 0 -8 0 -8 0 -9 0 -8 -1 -9 -1 -9 -1 -9 -2 -9 -2 -9 -2 -10 -3 -10 -3 -10 -3 -9 -4 -10 -4 -10 -4 -10 -4 -10 -4 -10 -4 -10 -4 -10 -4 -10 -4 -10 -4 -10 -5 -10 -5 -10 -5 -10 -5 0 0 -10 -5 -10 -4 -10 -4 -11 -4 -10 -4 -11 -4 -11 -4 -11 -4 -11 -3 -12 -3 -12 -3 -11 -3 -11 -3 -12 -3 -13 -3 -12 -3 -12 -3 -12 -3 -12 -2 -13 -2 -13 -2 -13 -2 -13 -2 -13 -3 -13 -2 -12 -2 0 0 0 0 0 0 0 0 0 0
1784740912.155667,54097,-45,11,1,7,1,-95,1,633661341,128,0 0 0 0 0 0 0 0 0 0 0 0 -7 2 -8 2 -8 1 -9 1 -9 1 -9 1 -9 1 -10 1 -10 0 -10 0 -10 0 -10 0 -11 0 -11 -1 -11 -1 -11 -2 -11 -2 -11 -2 -11 -2 -11 -2 -11 -2 -11 -2 -11 -2 -11 -2 -11 -2 -12 -2 0 0 -12 -2 -11 -2 -12 -2 -11 -2 -11 -2 -11 -1 -11 -1 -12 -1 -12 -1 -12 0 -12 -1 -12 0 -12 0 -13 0 -12 0 -13 0 -12 0 -13 0 -13 0 -13 1 -13 1 -13 0 -12 1 -12 1 -13 1 -13 1 0 0 0 0 0 0 0 0 0 0
1784740912.155667,54098,-45,11,1,7,1,-95,1,633672714,128,0 0 0 0 0 0 0 0 0 0 0 0 1 7 0 7 0 8 0 8 0 8 -1 8 -1 9 -1 8 -1 9 -2 9 -2 9 -2 9 -3 9 -3 10 -3 10 -3 10 -3 10 -3 11 -4 10 -4 10 -4 11 -3 10 -4 11 -4 10 -4 10 -4 10 0 0 -4 11 -4 11 -3 10 -3 11 -3 11 -3 11 -3 11 -3 11 -2 11 -3 12 -2 12 -3 12 -2 11 -2 11 -1 12 -1 12 -2 13 -2 12 -1 12 -1 13 -1 12 -1 12 -2 13 -1 12 -2 12 -1 12 0 0 0 0 0 0 0 0 0 0
1784740912.171828,54099,-45,11,1,7,1,-95,1,633681387,128,0 0 0 0 0 0 0 0 0 0 0 0 -1 8 -1 7 -2 8 -2 7 -2 8 -2 8 -2 8 -2 8 -2 8 -4 9 -4 9 -4 9 -4 9 -4 9 -4 9 -5 10 -4 9 -5 10 -5 10 -5 10 -5 10 -5 10 -6 10 -6 10 -6 10 -6 10 0 0 -5 10 -5 11 -5 10 -6 11 -5 10 -5 11 -5 11 -5 11 -5 11 -5 12 -5 11 -5 11 -5 11 -4 11 -4 12 -4 12 -4 13 -4 12 -4 12 -3 13 -4 13 -3 13 -4 13 -4 13 -4 12 -4 12 0 0 0 0 0 0 0 0 0 0
1784740912.188004,54100,-45,11,1,7,1,-95,1,633691425,128,0 0 0 0 0 0 0 0 0 0 0 0 -7 3 -7 3 -7 3 -8 3 -8 2 -8 2 -8 2 -9 2 -9 2 -9 2 -9 2 -9 2 -10 1 -10 1 -10 2 -10 1 -11 1 -10 1 -11 1 -11 1 -11 1 -11 1 -11 1 -11 0 -11 1 -12 1 0 0 -12 1 -12 1 -12 1 -12 1 -12 1 -12 1 -12 1 -12 1 -13 1 -12 2 -13 2 -13 2 -13 2 -13 2 -13 2 -14 2 -13 2 -13 3 -13 3 -13 3 -13 3 -14 3 -13 3 -13 2 -13 3 -14 3 0 0 0 0 0 0 0 0 0 0
1784740912.188004,54101,-45,11,1,7,1,-95,1,633701370,128,0 0 0 0 0 0 0 0 0 0 0 0 0 7 -1 7 -1 7 -2 7 -2 7 -2 7 -2 7 -2 8 -3 8 -3 8 -3 8 -3 8 -3 8 -4 8 -4 8 -4 8 -4 8 -4 8 -4 8 -4 8 -4 9 -5 9 -5 9 -5 9 -5 9 -5 9 0 0 -5 9 -5 10 -5 9 -5 10 -5 10 -5 10 -5 10 -5 10 -5 10 -5 11 -5 11 -5 11 -5 11 -5 11 -5 11 -5 12 -5 11 -5 11 -5 12 -5 12 -5 12 -5 12 -5 12 -5 12 -5 12 -5 12 0 0 0 0 0 0 0 0 0 0
1784740912.203782,54102,-45,11,1,7,1,-95,1,633711408,128,0 0 0 0 0 0 0 0 0 0 0 0 -6 4 -6 4 -7 4 -7 4 -7 4 -7 3 -8 3 -8 3 -8 3 -8 3 -8 3 -9 2 -9 2 -9 2 -9 2 -9 2 -9 2 -10 3 -9 2 -10 3 -10 3 -10 3 -10 3 -10 2 -10 2 -10 3 0 0 -11 3 -11 3 -10 3 -11 4 -11 3 -11 4 -11 4 -11 4 -11 5 -12 4 -12 4 -11 4 -12 4 -12 5 -12 6 -12 5 -12 5 -12 5 -12 6 -12 6 -12 6 -12 6 -13 6 -13 5 -13 6 -12 6 0 0 0 0 0 0 0 0 0 0
1784740912.203782,54103,-45,11,1,7,1,-95,1,633721393,128,0 0 0 0 0 0 0 0 0 0 0 0 6 -4 6 -4 6 -4 7 -3 7 -3 7 -3 7 -2 8 -3 8 -2 8 -2 8 -2 8 -2 8 -2 8 -2 9 -2 9 -1 9 -1 8 -1 9 -1 9 -1 9 -1 9 -1 9 -1 9 -2 9 -1 10 -2 0 0 10 -2 10 -2 10 -2 10 -2 10 -2 10 -2 10 -2 10 -2 11 -2 11 -3 11 -3 11 -3 11 -3 12 -3 11 -3 12 -4 11 -3 12 -3 12 -4 12 -4 12 -4 12 -4 12 -4 12 -4 12 -4 12 -4 0 0 0 0 0 0 0 0 0 0
1784740912.219824,54104,-46,11,1,7,1,-95,1,633731450,128,0 0 0 0 0 0 0 0 0 0 0 0 -6 -5 -6 -6 -6 -6 -5 -7 -5 -7 -5 -7 -5 -7 -5 -8 -5 -8 -5 -8 -4 -8 -4 -9 -4 -9 -4 -9 -4 -9 -4 -9 -4 -9 -4 -9 -4 -9 -5 -9 -4 -9 -4 -9 -4 -9 -4 -10 -4 -9 -5 -10 0 0 -5 -9 -5 -10 -5 -10 -6 -10 -6 -9 -6 -9 -6 -10 -6 -9 -7 -10 -7 -10 -6 -10 -7 -10 -7 -10 -7 -10 -8 -10 -8 -10 -7 -10 -8 -10 -8 -10 -8 -10 -8 -10 -9 -10 -9 -10 -8 -10 -8 -10 -8 -10 0 0 0 0 0 0 0 0 0 0
1784740912.236042,54105,-45,11,1,7,1,-95,1,633741469,128,0 0 0 0 0 0 0 0 0 0 0 0 -4 7 -4 7 -5 7 -5 7 -5 6 -5 7 -6 7 -6 6 -6 7 -7 6 -7 6 -7 6 -8 6 -7 6 -8 6 -8 6 -8 6 -8 6 -9 6 -8 6 -8 6 -8 6 -8 6 -9 6 -8 6 -9 6 0 0 -8 6 -8 7 -8 7 -8 7 -8 7 -8 7 -8 7 -8 8 -8 8 -8 8 -8 8 -8 8 -8 8 -8 9 -8 9 -8 9 -8 9 -8 10 -8 9 -7 10 -7 10 -7 10 -8 9 -8 10 -7 10 -7 10 0 0 0 0 0 0 0 0 0 0
1784740912.236042,54106,-45,11,1,7,1,-95,1,633751452,128,0 0 0 0 0 0 0 0 0 0 0 0 7 -1 8 -1 8 0 8 0 8 1 9 0 9 1 9 1 9 1 9 2 9 2 9 2 9 2 9 3 10 2 9 3 10 3 10 3 10 3 10 3 10 3 10 3 10 3 10 4 10 4 10 4 0 0 10 4 10 4 11 4 11 3 10 3 11 3 11 3 11 2 11 3 11 3 11 3 11 2 11 2 12 2 12 2 12 2 12 2 12 2 12 2 12 2 12 2 12 1 12 1 13 2 13 1 12 1 0 0 0 0 0 0 0 0 0 0
1784740912.251862,54107,-44,11,1,7,1,-95,1,633761461,128,0 0 0 0 0 0 0 0 0 0 0 0 -7 -5 -6 -5 -7 -6 -6 -6 -6 -7 -6 -6 -6 -7 -6 -7 -7 -7 -6 -8 -6 -8 -6 -8 -6 -9 -6 -9 -6 -8 -6 -9 -6 -9 -6 -10 -6 -9 -6 -9 -6 -9 -6 -10 -7 -10 -6 -10 -6 -10 -6 -10 0 0 -7 -10 -7 -10 -6 -10 -7 -10 -7 -10 -7 -10 -7 -10 -8 -10 -7 -10 -8 -11 -8 -10 -8 -10 -8 -10 -8 -10 -9 -10 -9 -10 -9 -10 -9 -10 -9 -10 -10 -10 -9 -10 -10 -9 -10 -10 -9 -10 -9 -10 -10 -10 0 0 0 0 0 0 0 0 0 0
1784740912.267725,54108,-44,11,1,7,1,-95,1,633775027,128,0 0 0 0 0 0 0 0 0 0 0 0 -8 -1 -8 -1 -8 -2 -8 -2 -8 -2 -8 -2 -8 -2 -9 -2 -9 -3 -9 -3 -9 -3 -9 -3 -9 -4 -9 -4 -10 -4 -9 -4 -10 -4 -10 -4 -10 -4 -10 -4 -10 -4 -10 -5 -10 -4 -10 -5 -10 -5 -11 -5 0 0 -11 -5 -11 -5 -11 -5 -11 -4 -11 -4 -11 -4 -11 -4 -12 -4 -12 -4 -12 -4 -12 -4 -12 -4 -12 -4 -13 -4 -12 -4 -13 -4 -13 -3 -13 -4 -13 -3 -14 -3 -14 -3 -13 -3 -13 -3 -13 -3 -13 -3 -14 -3 0 0 0 0 0 0 0 0 0 0
1784740912.267725,54109,-44,11,1,7,1,-95,1,633781412,128,0 0 0 0 0 0 0 0 0 0 0 0 4 5 4 5 4 5 4 6 3 6 3 6 3 6 3 7 3 7 3 7 3 7 3 7 3 8 3 8 3 8 2 8 3 9 3 9 3 9 3 9 3 9 2 9 3 9 3 9 3 10 3 10 0 0 3 10 3 10 3 10 3 10 3 10 3 10 3 10 4 11 3 11 4 11 4 11 5 11 5 11 5 12 4 11 4 12 5 11 5 11 5 12 5 11 5 12 5 12 5 11 5 11 6 12 6 12 0 0 0 0 0 0 0 0 0 0
1784740912.283738,54110,-44,11,1,7,1,-95,1,633791441,128,0 0 0 0 0 0 0 0 0 0 0 0 7 1 6 1 7 2 6 2 7 2 7 3 7 3 7 3 7 3 7 4 7 4 7 5 7 5 7 5 7 5 8 5 7 5 8 5 7 5 8 5 8 6 8 5 8 6 8 6 8 6 8 6 0 0 8 6 9 6 8 6 9 6 9 5 9 6 9 5 10 6 10 5 10 6 10 6 10 6 10 6 10 5 11 6 11 5 11 6 11 5 11 5 12 5 12 5 12 5 12 6 12 6 11 6 12 5 0 0 0 0 0 0 0 0 0 0
1784740912.283738,54111,-44,11,1,7,1,-95,1,633801501,128,0 0 0 0 0 0 0 0 0 0 0 0 -7 2 -8 2 -8 1 -8 1 -8 1 -9 1 -9 0 -9 0 -9 0 -9 0 -9 -1 -10 -1 -10 -1 -10 -1 -10 -1 -10 -2 -10 -1 -10 -2 -11 -1 -10 -2 -11 -2 -11 -2 -11 -1 -11 -2 -11 -2 -11 -2 0 0 -11 -2 -11 -1 -12 -2 -11 -1 -12 -1 -12 -1 -12 -1 -12 -1 -12 -1 -12 -1 -13 -1 -13 0 -13 0 -13 0 -13 0 -13 0 -13 0 -14 0 -13 0 -14 0 -14 0 -14 1 -13 0 -14 0 -14 0 -14 1 0 0 0 0 0 0 0 0 0 0
1784740912.303800,54112,-44,11,1,7,1,-95,1,633811450,128,0 0 0 0 0 0 0 0 0 0 0 0 6 -3 7 -2 7 -1 7 -1 7 -1 7 -1 8 0 8 0 8 0 8 0 8 0 9 0 9 0 9 1 9 1 9 2 9 2 9 2 10 2 9 2 10 2 10 2 10 2 10 2 10 2 10 2 0 0 10 2 10 2 11 2 10 2 10 2 11 2 11 2 11 2 11 2 11 1 11 1 12 1 12 1 12 1 12 1 12 2 12 1 12 1 13 1 12 1 13 1 13 1 12 1 12 1 13 1 13 1 0 0 0 0 0 0 0 0 0 0
1784740912.315371,54113,-44,11,1,7,1,-95,1,633821457,128,0 0 0 0 0 0 0 0 0 0 0 0 -2 -7 -2 -7 -1 -8 -1 -8 -1 -8 -1 -8 -1 -9 -1 -9 -1 -9 0 -9 0 -9 1 -10 1 -10 1 -10 1 -10 1 -11 1 -10 1 -11 1 -10 1 -11 1 -11 1 -11 2 -11 2 -11 2 -11 2 -11 0 0 2 -11 2 -12 2 -11 2 -12 1 -12 2 -12 1 -12 1 -12 1 -12 1 -13 1 -13 1 -13 1 -13 1 -12 0 -13 0 -13 1 -14 1 -14 0 -13 0 -14 0 -14 0 -14 0 -14 0 -14 0 -14 0 -14 0 0 0 0 0 0 0 0 0 0
1784740912.315371,54114,-44,11,1,7,1,-95,1,633831746,128,0 0 0 0 0 0 0 0 0 0 0 0 -4 5 -5 5 -5 5 -5 5 -5 5 -6 5 -6 5 -7 5 -7 5 -7 5 -7 5 -7 5 -7 5 -8 5 -8 6 -8 5 -9 5 -9 5 -9 5 -9 5 -9 5 -10 5 -9 6 -9 5 -9 6 -10 6 0 0 -10 6 -10 6 -10 6 -10 6 -10 6 -10 6 -10 6 -10 6 -10 6 -10 7 -10 7 -10 8 -10 7 -10 8 -10 7 -11 8 -10 7 -10 8 -11 8 -11 8 -11 8 -11 8 -10 8 -10 8 -10 9 -10 9 0 0 0 0 0 0 0 0 0 0
1784740912.331317,54115,-44,11,1,7,1,-95,1,633841470,128,0 0 0 0 0 0 0 0 0 0 0 0 -4 5 -5 5 -5 4 -6 5 -6 4 -6 4 -6 5 -6 5 -7 5 -7 5 -7 5 -8 5 -8 4 -8 5 -8 5 -9 4 -9 5 -9 5 -9 5 -9 5 -9 5 -10 5 -10 5 -10 4 -10 4 -10 5 0 0 -11 5 -10 5 -11 5 -10 5 -10 5 -11 5 -10 5 -11 6 -11 5 -11 6 -11 6 -11 6 -11 6 -11 6 -11 6 -11 6 -11 6 -11 7 -11 7 -11 7 -11 7 -11 7 -11 7 -11 7 -11 7 -11 7 0 0 0 0 0 0 0 0 0 0
1784740912.347293,54116,-45,11,1,7,1,-95,1,633851519,128,0 0 0 0 0 0 0 0 0 0 0 0 -6 -4 -6 -4 -6 -5 -6 -5 -6 -6 -6 -6 -6 -6 -6 -6 -6 -6 -6 -7 -6 -7 -6 -8 -6 -8 -6 -8 -6 -8 -6 -9 -6 -8 -6 -9 -6 -9 -6 -9 -6 -10 -6 -9 -6 -10 -6 -10 -6 -10 -6 -10 0 0 -6 -10 -6 -11 -6 -10 -7 -11 -6 -10 -7 -11 -6 -10 -7 -11 -7 -11 -7 -11 -7 -11 -7 -11 -7 -11 -7 -11 -8 -11 -8 -11 -8 -12 -8 -11 -8 -11 -8 -11 -8 -11 -8 -11 -8 -12 -8 -12 -8 -11 -8 -11 0 0 0 0 0 0 0 0 0 0
1784740912.357371,54117,-45,11,1,7,1,-95,1,633861397,128,0 0 0 0 0 0 0 0 0 0 0 0 5 -5 5 -4 6 -4 6 -4 6 -4 6 -4 6 -4 7 -4 7 -3 7 -4 7 -3 8 -3 8 -3 8 -3 9 -3 9 -3 9 -3 9 -3 9 -3 9 -3 9 -3 10 -2 10 -3 10 -3 10 -3 10 -3 0 0 11 -3 11 -2 11 -2 11 -2 10 -3 11 -3 11 -3 11 -3 11 -3 11 -3 11 -3 11 -4 12 -4 12 -4 12 -4 12 -4 12 -4 12 -4 12 -4 12 -4 12 -4 12 -4 12 -5 12 -4 12 -4 12 -5 0 0 0 0 0 0 0 0 0 0
1784740912.363087,54118,-45,11,1,7,1,-95,1,633871363,128,0 0 0 0 0 0 0 0 0 0 0 0 6 2 6 2 6 2 6 3 6 3 6 3 6 3 7 3 7 3 7 4 7 4 7 4 7 4 7 5 7 5 7 5 7 5 7 6 7 5 7 6 8 6 7 6 8 6 8 6 8 6 8 6 0 0 8 7 9 7 8 7 8 7 8 6 9 7 9 7 9 7 9 7 9 7 9 7 10 7 10 7 10 7 10 7 10 7 10 7 11 7 11 7 11 7 11 7 11 7 11 7 11 7 11 7 11 7 0 0 0 0 0 0 0 0 0 0
1784740912.363087,54119,-45,11,1,7,1,-95,1,633881412,128,0 0 0 0 0 0 0 0 0 0 0 0 -3 6 -3 6 -4 6 -4 5 -4 6 -4 6 -5 6 -5 6 -5 6 -5 6 -6 6 -6 6 -6 6 -6 6 -6 7 -7 7 -6 7 -7 7 -7 7 -7 7 -7 7 -7 7 -7 7 -8 7 -8 7 -8 8 0 0 -8 8 -8 8 -8 8 -8 8 -8 8 -8 9 -8 9 -8 9 -8 9 -8 9 -8 10 -8 10 -7 9 -7 10 -7 10 -7 11 -8 10 -8 11 -8 11 -8 11 -8 11 -7 11 -7 11 -8 11 -8 11 -8 11 0 0 0 0 0 0 0 0 0 0
1784740912.383845,54120,-45,11,1,7,1,-95,1,633891423,128,0 0 0 0 0 0 0 0 0 0 0 0 -1 -7 -1 -8 0 -8 0 -8 0 -8 0 -8 0 -8 0 -8 1 -8 1 -9 1 -9 1 -9 1 -9 2 -9 1 -10 2 -10 2 -10 2 -10 2 -10 2 -10 2 -10 3 -10 3 -11 3 -10 3 -11 3 -11 0 0 3 -11 3 -11 3 -11 3 -11 3 -11 3 -12 3 -12 2 -12 3 -12 2 -12 3 -13 2 -13 3 -13 3 -13 2 -13 3 -13 2 -13 2 -14 2 -14 2 -14 2 -14 2 -14 3 -14 3 -14 3 -14 3 -15 0 0 0 0 0 0 0 0 0 0
1784740912.395055,54121,-45,11,1,7,1,-95,1,633901403,128,0 0 0 0 0 0 0 0 0 0 0 0 2 -7 3 -7 3 -7 3 -7 3 -7 3 -7 4 -7 4 -7 4 -7 5 -7 5 -7 5 -7 5 -7 5 -7 5 -7 6 -8 6 -8 6 -8 6 -8 6 -8 6 -8 6 -8 6 -8 7 -8 7 -8 7 -8 0 0 7 -9 7 -9 7 -9 7 -9 6 -9 7 -9 6 -9 6 -10 6 -9 6 -10 7 -10 6 -10 6 -10 6 -10 6 -11 6 -11 7 -11 7 -11 6 -12 6 -12 6 -12 6 -12 7 -12 7 -12 7 -12 7 -12 0 0 0 0 0 0 0 0 0 0
1784740912.399261,54122,-45,11,1,7,1,-95,1,633911341,128,0 0 0 0 0 0 0 0 0 0 0 0 4 5 4 6 3 6 3 6 3 6 3 7 3 7 3 7 3 7 3 7 2 8 2 8 2 8 2 9 2 9 2 9 2 9 2 9 2 9 2 9 2 10 2 10 2 10 2 10 1 10 2 10 0 0 2 10 2 10 2 10 2 10 2 10 2 10 2 10 3 10 2 11 3 11 3 11 3 11 3 11 3 11 3 11 4 11 3 11 4 12 4 12 4 12 4 12 4 12 4 12 4 12 4 12 4 12 0 0 0 0 0 0 0 0 0 0
1784740912.411263,54123,-45,11,1,7,1,-95,1,633921411,128,0 0 0 0 0 0 0 0 0 0 0 0 0 -8 1 -8 1 -8 1 -8 2 -8 2 -9 2 -8 2 -9 3 -9 2 -9 2 -9 3 -9 3 -9 4 -10 4 -10 4 -9 4 -10 4 -10 5 -10 5 -10 5 -10 5 -10 4 -10 5 -10 5 -10 5 -10 0 0 5 -11 6 -10 6 -11 5 -10 5 -10 5 -11 5 -11 5 -11 5 -11 5 -11 5 -11 4 -11 5 -12 5 -12 5 -12 5 -12 4 -12 5 -12 5 -12 5 -13 4 -13 5 -13 4 -13 5 -13 4 -13 4 -13 0 0 0 0 0 0 0 0 0 0
1784740912.427188,54124,-44,11,1,7,1,-95,1,633931360,128,0 0 0 0 0 0 0 0 0 0 0 0 -6 5 -6 5 -7 5 -7 4 -7 5 -7 4 -8 5 -8 5 -8 4 -9 4 -9 4 -9 4 -9 4 -10 4 -10 4 -10 4 -10 4 -11 4 -10 4 -11 4 -11 4 -11 4 -11 4 -11 3 -11 3 -11 4 0 0 -11 4 -12 4 -11 4 -12 4 -11 4 -11 5 -11 5 -12 5 -11 5 -12 6 -12 5 -12 5 -12 5 -11 5 -12 6 -11 6 -12 6 -12 6 -12 7 -12 7 -12 7 -12 7 -13 7 -13 6 -13 6 -12 7 0 0 0 0 0 0 0 0 0 0
1784740912.427188,54125,-45,11,1,7,1,-95,1,633941406,128,0 0 0 0 0 0 0 0 0 0 0 0 5 -6 5 -6 6 -6 6 -6 6 -5 7 -5 7 -5 7 -5 7 -5 7 -5 8 -4 8 -4 8 -4 9 -4 9 -4 9 -4 9 -4 9 -4 9 -4 9 -4 9 -4 10 -4 10 -4 10 -4 10 -4 10 -4 0 0 10 -4 10 -4 10 -4 10 -4 10 -4 10 -5 10 -5 10 -5 11 -5 11 -5 11 -5 11 -5 11 -5 11 -6 11 -6 11 -7 11 -6 11 -6 11 -7 11 -7 11 -7 11 -7 11 -7 12 -7 11 -6 12 -7 0 0 0 0 0 0 0 0 0 0
1784740912.443383,54126,-44,11,1,7,1,-95,1,633953236,128,0 0 0 0 0 0 0 0 0 0 0 0 0 7 -1 7 -1 7 -2 8 -2 8 -2 8 -2 8 -3 8 -3 8 -3 8 -4 8 -4 8 -4 8 -5 9 -5 9 -4 9 -5 9 -5 9 -5 9 -5 9 -5 9 -5 9 -5 9 -5 9 -6 9 -6 9 0 0 -6 10 -5 10 -6 10 -5 10 -5 10 -5 10 -5 10 -5 10 -5 10 -5 11 -5 11 -5 11 -5 11 -5 11 -4 11 -5 12 -5 11 -5 12 -5 12 -5 12 -4 12 -5 13 -5 12 -5 12 -5 12 -5 12 0 0 0 0 0 0 0 0 0 0
1784740912.443383,54127,-44,11,1,7,1,-95,1,633961362,128,0 0 0 0 0 0 0 0 0 0 0 0 1 7 1 7 0 7 0 7 0 8 0 7 0 8 0 8 0 8 -1 9 -1 9 -2 9 -2 9 -2 9 -2 9 -2 10 -2 9 -2 10 -2 10 -2 10 -2 10 -2 10 -3 11 -3 10 -3 10 -3 10 0 0 -3 11 -2 11 -2 10 -2 12 -2 10 -2 11 -2 11 -2 12 -1 11 -1 13 -1 12 -1 12 -1 11 -1 12 0 13 0 12 -1 13 -1 12 0 13 0 13 0 13 0 13 0 14 0 13 -1 13 0 13 0 0 0 0 0 0 0 0 0 0
1784740912.459497,54128,-44,11,1,7,1,-95,1,633971354,128,0 0 0 0 0 0 0 0 0 0 0 0 5 4 5 4 4 5 4 5 4 5 4 6 5 5 5 6 5 6 4 6 4 7 4 7 4 7 4 8 5 8 4 8 4 9 4 9 4 9 4 9 4 9 4 9 4 9 4 9 4 9 4 10 0 0 4 10 4 9 4 10 4 10 5 9 5 9 5 9 5 9 5 9 6 10 6 10 6 10 6 10 6 10 6 10 7 10 6 10 7 10 7 10 7 10 8 10 7 10 7 10 7 10 7 10 7 11 0 0 0 0 0 0 0 0 0 0
1784740912.475754,54129,-45,11,1,7,1,-95,1,633986516,128,0 0 0 0 0 0 0 0 0 0 0 0 -6 5 -6 5 -7 4 -7 4 -7 4 -7 4 -8 4 -8 4 -8 4 -8 4 -9 3 -9 3 -9 3 -9 3 -10 3 -10 3 -10 3 -10 3 -11 3 -10 3 -10 3 -11 3 -11 3 -11 3 -11 3 -11 3 0 0 -11 3 -11 3 -11 3 -11 3 -11 3 -11 3 -11 3 -11 4 -11 4 -11 4 -11 4 -11 5 -12 5 -12 5 -12 5 -12 5 -11 5 -12 5 -12 6 -12 6 -12 6 -12 6 -11 6 -12 5 -12 6 -12 6 0 0 0 0 0 0 0 0 0 0
1784740912.475754,54130,-45,11,1,7,1,-95,1,633995059,128,0 0 0 0 0 0 0 0 0 0 0 0 6 4 6 4 5 5 5 5 5 5 5 6 5 5 5 6 5 6 5 6 5 7 5 7 5 7 5 7 5 8 5 8 5 8 5 8 5 8 5 8 5 8 5 9 5 8 5 9 5 9 5 9 0 0 5 9 5 9 5 9 5 9 5 9 6 9 6 9 6 9 6 9 6 9 6 9 7 9 7 9 7 10 7 9 8 10 7 9 7 9 8 9 8 9 8 9 8 9 8 9 8 9 8 9 8 9 0 0 0 0 0 0 0 0 0 0
1784740912.499794,54131,-45,11,1,7,1,-95,1,634003297,128,0 0 0 0 0 0 0 0 0 0 0 0 2 -7 3 -7 3 -7 3 -7 4 -7 4 -7 4 -8 5 -7 5 -7 5 -7 5 -7 6 -7 6 -7 6 -7 6 -7 6 -8 6 -8 7 -8 6 -8 7 -8 7 -8 7 -8 7 -8 7 -8 7 -7 7 -8 0 0 7 -8 7 -8 7 -8 7 -9 7 -9 7 -9 7 -9 7 -9 7 -9 7 -10 7 -10 7 -10 7 -9 7 -9 6 -11 6 -10 7 -11 7 -11 7 -11 6 -11 7 -11 6 -11 7 -11 7 -11 7 -11 6 -11 0 0 0 0 0 0 0 0 0 0
1784740912.507826,54132,-45,11,1,7,1,-95,1,634011391,128,0 0 0 0 0 0 0 0 0 0 0 0 -6 5 -6 5 -7 4 -7 4 -7 4 -7 4 -7 4 -8 4 -8 4 -8 4 -8 3 -9 3 -9 3 -9 3 -10 4 -10 3 -10 3 -10 3 -10 3 -10 3 -10 3 -10 3 -10 3 -11 3 -11 3 -11 3 0 0 -11 3 -11 3 -11 3 -11 3 -11 4 -11 4 -11 4 -11 4 -11 4 -11 4 -11 4 -11 5 -12 4 -12 5 -12 5 -12 5 -12 5 -12 5 -12 6 -12 6 -12 6 -12 6 -12 6 -12 5 -12 5 -12 6 0 0 0 0 0 0 0 0 0 0
1784740912.507826,54133,-45,11,1,7,1,-95,1,634021425,128,0 0 0 0 0 0 0 0 0 0 0 0 6 -3 7 -2 7 -2 7 -2 7 -2 7 -1 8 -1 8 -1 8 -1 8 -1 8 -1 9 0 9 0 9 0 9 0 9 0 9 0 10 0 10 0 10 0 10 0 10 0 10 0 10 1 10 1 11 1 0 0 11 1 11 1 11 1 11 0 11 0 11 1 11 0 12 0 12 0 12 0 12 0 12 0 12 0 12 0 12 -1 12 -1 13 -1 13 -1 13 -1 13 -1 13 -1 13 -1 13 -1 13 0 13 -1 13 -1 0 0 0 0 0 0 0 0 0 0
1784740912.526043,54134,-44,11,1,7,1,-95,1,634031382,128,0 0 0 0 0 0 0 0 0 0 0 0 0 -7 0 -7 0 -7 1 -7 1 -7 1 -8 1 -8 1 -8 2 -8 2 -8 2 -8 2 -8 3 -9 3 -9 3 -9 3 -9 3 -9 3 -9 3 -10 3 -10 3 -10 3 -10 4 -10 4 -10 4 -10 4 -11 0 0 4 -11 4 -11 5 -11 4 -11 4 -11 4 -12 4 -12 4 -12 4 -12 4 -12 4 -12 4 -12 4 -12 4 -13 4 -13 4 -13 4 -13 4 -13 3 -13 3 -13 3 -13 3 -14 3 -13 4 -14 4 -13 3 -14 0 0 0 0 0 0 0 0 0 0
1784740912.526043,54135,-45,11,1,7,1,-95,1,634041358,128,0 0 0 0 0 0 0 0 0 0 0 0 4 4 4 4 3 5 3 5 3 5 3 6 4 5 4 6 3 6 4 6 4 6 4 7 4 7 4 7 4 7 4 8 4 8 4 8 4 8 5 8 4 9 4 9 5 9 4 9 4 9 4 10 0 0 5 10 5 11 5 10 5 11 5 10 5 10 5 10 6 10 5 11 6 11 6 11 6 11 6 11 6 11 6 11 6 12 6 11 7 12 7 12 7 11 7 12 7 12 7 12 7 12 7 12 7 12 0 0 0 0 0 0 0 0 0 0
1784740912.539974,54136,-45,11,1,7,1,-95,1,634055180,128,0 0 0 0 0 0 0 0 0 0 0 0 1 5 1 5 1 6 0 6 1 6 0 6 0 6 0 6 0 6 0 6 0 7 0 7 0 7 0 8 0 8 0 8 0 9 0 8 0 9 0 9 0 9 0 9 0 9 0 10 0 10 0 10 0 0 0 11 0 11 0 11 0 11 0 11 0 11 -1 12 0 11 0 12 0 12 0 12 0 12 0 12 0 13 0 13 0 13 0 13 0 13 0 13 0 14 0 14 0 14 0 13 0 14 0 14 0 14 0 0 0 0 0 0 0 0 0 0
1784740912.559222,54137,-45,11,1,7,1,-95,1,634062886,128,0 0 0 0 0 0 0 0 0 0 0 0 -7 0 -7 -1 -7 -1 -7 -1 -7 -1 -7 -1 -7 -1 -8 -1 -8 -1 -8 -2 -8 -2 -8 -2 -8 -2 -9 -2 -9 -2 -9 -2 -9 -3 -9 -2 -10 -2 -10 -3 -10 -3 -10 -3 -10 -3 -10 -3 -11 -3 -11 -3 0 0 -11 -4 -11 -3 -12 -3 -11 -3 -12 -3 -12 -3 -12 -3 -12 -3 -12 -3 -13 -3 -13 -3 -13 -3 -13 -3 -14 -3 -13 -3 -15 -3 -14 -3 -14 -3 -14 -3 -15 -3 -15 -3 -15 -3 -14 -3 -15 -3 -15 -3 -15 -3 0 0 0 0 0 0 0 0 0 0
1784740912.559222,54138,-42,11,1,7,0,-95,1,634071457,128,0 0 0 0 0 0 0 0 0 0 0 0 7 -1 7 -1 7 -1 8 0 7 0 8 0 8 0 8 0 8 0 8 0 9 1 9 1 9 1 9 1 10 1 9 2 10 2 10 1 10 2 10 2 11 2 11 2 11 2 11 2 11 2 11 2 0 0 12 2 12 2 12 3 12 2 12 2 12 2 12 2 13 2 13 2 13 1 13 2 13 1 14 1 14 1 14 1 14 1 14 1 14 1 15 1 15 1 15 1 15 1 15 1 15 1 15 1 16 1 0 0 0 0 0 0 0 0 0 0
1784740912.587491,54139,-45,11,1,7,1,-95,1,634083183,128,0 0 0 0 0 0 0 0 0 0 0 0 5 -5 5 -5 5 -5 5 -4 6 -4 6 -4 6 -4 6 -5 7 -4 7 -4 7 -4 8 -4 8 -4 8 -4 8 -4 8 -4 9 -4 9 -4 9 -4 9 -4 9 -4 9 -4 10 -4 10 -3 10 -3 10 -4 0 0 10 -4 10 -4 10 -4 10 -4 10 -4 11 -4 11 -4 11 -4 11 -4 11 -4 11 -4 11 -4 11 -4 11 -4 11 -5 11 -5 12 -5 12 -5 12 -5 12 -5 12 -6 12 -6 12 -5 12 -5 12 -5 12 -6 0 0 0 0 0 0 0 0 0 0
1784740912.587491,54140,-44,11,1,7,1,-95,1,634096187,128,0 0 0 0 0 0 0 0 0 0 0 0 6 -2 6 -1 7 -1 7 -1 7 0 7 0 7 0 7 0 8 0 7 0 8 0 8 0 8 1 8 1 9 1 9 1 9 1 9 1 10 1 9 2 10 1 10 2 10 1 10 2 10 2 11 2 0 0 11 2 11 2 11 3 11 2 11 2 11 2 11 2 12 2 11 2 12 2 12 2 12 1 12 2 12 1 12 2 13 2 12 1 13 1 13 2 13 1 13 1 13 1 13 1 13 1 13 1 13 1 0 0 0 0 0 0 0 0 0 0
1784740912.587491,54141,-44,11,1,7,1,-95,1,634101457,128,0 0 0 0 0 0 0 0 0 0 0 0 6 1 6 2 6 2 6 2 6 2 6 3 6 3 6 3 7 3 7 4 6 4 7 4 7 5 6 5 7 4 7 5 7 5 8 5 7 5 8 5 8 5 8 5 8 6 8 6 8 6 8 6 0 0 8 6 9 6 8 6 9 6 9 6 9 6 9 6 10 6 9 6 10 7 10 7 9 6 9 6 9 6 11 6 10 5 11 7 11 6 11 6 11 6 11 6 11 5 12 6 11 7 11 6 11 6 0 0 0 0 0 0 0 0 0 0
1784740912.603487,54142,-44,11,1,7,1,-95,1,634111396,128,0 0 0 0 0 0 0 0 0 0 0 0 -6 3 -7 3 -7 2 -7 2 -7 2 -7 2 -8 2 -8 2 -8 2 -8 2 -9 1 -9 2 -9 1 -9 1 -10 1 -10 1 -10 1 -10 1 -10 1 -11 1 -11 1 -11 1 -11 1 -11 1 -11 1 -12 1 0 0 -12 1 -12 1 -12 1 -12 1 -12 1 -12 1 -12 1 -12 2 -12 2 -13 2 -13 2 -12 2 -13 2 -13 2 -13 2 -13 3 -13 2 -13 3 -13 3 -13 3 -13 3 -13 3 -13 3 -13 3 -13 3 -13 3 0 0 0 0 0 0 0 0 0 0
1784740912.603487,54143,-45,11,1,7,1,-95,1,634121409,128,0 0 0 0 0 0 0 0 0 0 0 0 -4 -6 -4 -6 -4 -6 -4 -6 -4 -7 -3 -7 -4 -7 -4 -7 -4 -8 -3 -8 -4 -8 -3 -8 -3 -9 -3 -9 -3 -9 -3 -9 -3 -10 -3 -10 -3 -10 -3 -10 -3 -10 -3 -11 -3 -11 -3 -11 -3 -11 -3 -11 0 0 -3 -12 -3 -12 -3 -12 -3 -12 -3 -11 -3 -12 -3 -12 -4 -12 -4 -12 -4 -12 -4 -12 -4 -12 -4 -13 -4 -13 -4 -13 -4 -13 -4 -13 -5 -13 -5 -13 -5 -13 -5 -13 -5 -13 -5 -13 -5 -13 -5 -13 -5 -13 0 0 0 0 0 0 0 0 0 0
1784740912.619659,54144,-45,11,1,7,1,-95,1,634131356,128,0 0 0 0 0 0 0 0 0 0 0 0 -6 3 -6 3 -6 3 -7 3 -7 3 -7 3 -7 3 -7 3 -8 3 -8 2 -8 2 -9 2 -9 2 -9 2 -9 2 -9 2 -9 2 -10 3 -10 2 -10 3 -10 3 -10 3 -11 2 -11 2 -11 2 -11 2 0 0 -11 2 -12 3 -11 3 -12 3 -12 3 -12 3 -12 3 -12 3 -12 3 -13 4 -13 3 -13 3 -13 3 -13 3 -13 4 -13 4 -14 4 -14 4 -14 4 -14 5 -14 4 -14 5 -14 4 -14 4 -14 4 -14 4 0 0 0 0 0 0 0 0 0 0
1784740912.637538,54145,-45,11,1,7,1,-95,1,634141376,128,0 0 0 0 0 0 0 0 0 0 0 0 4 5 3 5 3 5 3 6 3 6 3 6 3 6 3 6 3 7 3 7 3 7 3 7 3 7 3 8 3 8 2 8 3 8 3 8 3 8 3 8 3 9 3 9 3 9 3 9 3 9 3 9 0 0 3 10 3 10 3 10 3 10 3 10 3 10 3 10 4 10 4 10 4 10 4 10 4 11 4 11 5 11 5 11 5 12 5 11 5 11 5 11 5 11 6 11 6 12 6 11 5 11 6 12 6 12 0 0 0 0 0 0 0 0 0 0
1784740912.652116,54146,-42,11,1,7,0,-95,1,634153595,128,0 0 0 0 0 0 0 0 0 0 0 0 -6 -6 -6 -7 -6 -7 -6 -7 -6 -7 -6 -7 -6 -8 -6 -8 -6 -8 -6 -9 -6 -9 -6 -9 -6 -9 -6 -9 -6 -9 -6 -10 -6 -10 -6 -10 -6 -10 -6 -11 -6 -11 -6 -11 -7 -11 -7 -11 -6 -12 -7 -12 0 0 -7 -12 -7 -12 -7 -12 -7 -12 -7 -12 -8 -12 -8 -12 -8 -12 -8 -12 -9 -13 -9 -12 -9 -12 -9 -12 -9 -12 -10 -12 -9 -12 -9 -13 -10 -12 -10 -12 -10 -12 -10 -12 -11 -13 -11 -13 -11 -13 -12 -12 -10 -13 0 0 0 0 0 0 0 0 0 0
1784740912.652116,54147,-45,11,1,7,1,-95,1,634161561,128,0 0 0 0 0 0 0 0 0 0 0 0 -5 -6 -5 -6 -4 -7 -4 -7 -4 -7 -4 -7 -4 -7 -4 -7 -4 -7 -4 -8 -4 -8 -3 -9 -3 -9 -3 -9 -4 -9 -4 -9 -4 -9 -4 -10 -4 -10 -4 -10 -4 -10 -4 -10 -4 -10 -3 -10 -3 -11 -3 -11 0 0 -3 -11 -4 -11 -3 -11 -4 -12 -4 -11 -4 -11 -4 -11 -4 -12 -4 -12 -4 -12 -4 -12 -4 -12 -4 -12 -4 -12 -5 -13 -5 -12 -4 -13 -5 -13 -5 -13 -5 -13 -5 -13 -6 -13 -5 -13 -4 -14 -5 -13 -5 -13 0 0 0 0 0 0 0 0 0 0
1784740912.652116,54148,-45,11,1,7,1,-95,1,634171465,128,0 0 0 0 0 0 0 0 0 0 0 0 4 -6 4 -6 5 -6 5 -6 5 -5 6 -6 6 -6 6 -6 6 -5 6 -5 6 -5 7 -6 7 -6 7 -6 7 -6 8 -5 8 -6 8 -6 8 -6 8 -6 8 -6 9 -5 9 -6 9 -6 9 -6 9 -6 0 0 9 -6 9 -6 10 -6 9 -6 9 -6 9 -6 10 -6 10 -7 10 -7 10 -7 10 -7 10 -7 10 -7 10 -8 10 -7 11 -8 10 -8 10 -8 10 -8 10 -8 10 -8 10 -8 10 -8 10 -8 10 -9 11 -9 0 0 0 0 0 0 0 0 0 0
1784740912.668240,54149,-45,11,1,7,1,-95,1,634184607,128,0 0 0 0 0 0 0 0 0 0 0 0 -4 -7 -3 -7 -3 -8 -3 -8 -3 -8 -3 -8 -3 -8 -3 -8 -3 -8 -2 -9 -2 -9 -2 -9 -2 -9 -1 -10 -2 -9 -2 -10 -2 -10 -2 -11 -2 -10 -2 -11 -2 -11 -2 -11 -2 -11 -1 -11 -1 -11 -1 -11 0 0 -2 -11 -2 -12 -2 -11 -2 -12 -2 -12 -2 -12 -3 -12 -3 -12 -3 -12 -3 -13 -3 -13 -3 -13 -3 -13 -3 -13 -4 -13 -4 -13 -4 -14 -3 -13 -4 -13 -5 -14 -4 -14 -5 -14 -4 -14 -3 -14 -3 -14 -4 -14 0 0 0 0 0 0 0 0 0 0
1784740912.684451,54150,-45,11,1,7,1,-95,1,634191493,128,0 0 0 0 0 0 0 0 0 0 0 0 -1 6 -1 7 -2 7 -2 7 -2 7 -2 7 -3 7 -3 7 -3 7 -3 7 -4 7 -4 7 -4 7 -4 8 -4 8 -4 8 -5 8 -5 8 -5 8 -5 8 -5 9 -5 9 -5 9 -5 8 -5 9 -5 9 0 0 -5 9 -5 9 -5 9 -5 10 -5 10 -5 10 -5 10 -5 10 -5 10 -5 11 -5 11 -5 11 -5 11 -5 11 -5 11 -5 12 -5 11 -5 12 -5 12 -5 12 -5 12 -5 12 -5 12 -5 12 -5 12 -5 12 0 0 0 0 0 0 0 0 0 0
1784740912.700685,54151,-44,11,1,7,1,-95,1,634203282,128,0 0 0 0 0 0 0 0 0 0 0 0 5 -6 6 -5 6 -5 7 -5 7 -5 7 -5 7 -5 7 -5 8 -5 8 -5 8 -4 9 -4 8 -4 9 -4 9 -4 9 -4 9 -4 10 -4 9 -4 10 -4 10 -4 10 -4 10 -4 10 -4 10 -4 10 -4 0 0 10 -4 10 -5 10 -4 11 -5 10 -5 10 -5 10 -5 11 -6 11 -6 11 -6 11 -6 11 -6 10 -6 11 -6 11 -7 11 -7 11 -7 11 -7 11 -7 11 -7 11 -8 11 -8 11 -8 11 -7 11 -8 11 -8 0 0 0 0 0 0 0 0 0 0
1784740912.700685,54152,-44,11,1,7,1,-95,1,634211914,128,0 0 0 0 0 0 0 0 0 0 0 0 7 3 6 3 6 4 6 4 7 4 6 4 7 5 6 5 7 5 6 6 6 6 6 6 6 7 6 7 6 7 7 7 7 7 7 7 7 7 7 8 7 8 7 8 7 8 7 8 7 9 7 9 0 0 7 9 8 8 7 8 8 9 7 8 8 8 8 8 8 9 8 8 9 9 9 8 8 8 8 8 8 8 10 8 9 8 10 9 9 8 10 8 10 8 10 8 10 8 10 9 10 8 10 8 10 8 0 0 0 0 0 0 0 0 0 0
1784740912.716577,54153,-44,11,1,7,1,-95,1,634221458,128,0 0 0 0 0 0 0 0 0 0 0 0 -8 1 -8 0 -8 0 -9 -1 -9 -1 -9 -1 -9 -1 -9 -1 -9 -1 -9 -2 -10 -2 -10 -2 -10 -3 -10 -3 -10 -3 -10 -3 -11 -3 -11 -3 -11 -3 -11 -3 -11 -3 -11 -4 -11 -4 -11 -4 -11 -4 -12 -4 0 0 -12 -4 -12 -4 -12 -4 -12 -4 -12 -4 -12 -4 -12 -4 -13 -3 -12 -4 -13 -4 -13 -4 -13 -3 -13 -3 -13 -3 -13 -3 -14 -3 -14 -3 -14 -3 -14 -3 -14 -3 -14 -3 -14 -2 -14 -3 -14 -4 -15 -3 -14 -3 0 0 0 0 0 0 0 0 0 0
1784740912.716577,54154,-44,11,1,7,1,-95,1,634231369,128,0 0 0 0 0 0 0 0 0 0 0 0 6 -3 6 -3 7 -3 7 -2 7 -2 7 -2 7 -2 8 -2 8 -1 8 -2 8 -1 8 -1 9 -1 9 -1 9 -1 9 0 9 0 9 0 10 0 10 0 10 0 10 0 10 0 10 0 10 0 11 0 0 0 11 0 11 0 11 1 11 0 11 0 11 0 11 0 11 0 11 0 11 -1 12 -1 12 -1 12 -1 12 -1 12 -1 12 -1 12 -1 13 -1 13 -1 13 -1 13 -1 13 -1 12 -2 13 -2 13 -2 13 -2 0 0 0 0 0 0 0 0 0 0
1784740912.732395,54155,-44,11,1,7,1,-95,1,634241328,128,0 0 0 0 0 0 0 0 0 0 0 0 -8 0 -8 0 -8 -1 -8 -1 -9 -1 -8 -2 -9 -2 -9 -2 -9 -2 -9 -3 -9 -3 -9 -3 -9 -4 -9 -4 -10 -4 -10 -4 -10 -4 -10 -4 -10 -4 -10 -4 -10 -4 -10 -4 -11 -4 -11 -5 -10 -5 -10 -5 0 0 -11 -4 -11 -4 -11 -4 -12 -4 -11 -4 -12 -4 -11 -4 -12 -4 -12 -3 -12 -4 -12 -4 -12 -3 -12 -3 -12 -3 -13 -3 -13 -3 -13 -3 -13 -3 -13 -3 -13 -2 -13 -3 -13 -2 -14 -3 -13 -3 -14 -3 -14 -2 0 0 0 0 0 0 0 0 0 0
1784740912.748478,54156,-44,11,1,7,1,-95,1,634251424,128,0 0 0 0 0 0 0 0 0 0 0 0 5 -6 5 -6 6 -5 6 -5 6 -5 7 -5 7 -5 7 -5 8 -5 7 -5 8 -4 8 -4 8 -4 9 -4 9 -4 9 -4 10 -4 9 -4 10 -4 9 -4 9 -4 9 -4 10 -4 10 -4 10 -4 10 -4 0 0 10 -4 10 -4 10 -4 10 -4 10 -5 10 -5 10 -4 10 -5 10 -5 10 -5 10 -5 10 -5 10 -6 11 -6 10 -6 11 -6 10 -6 11 -6 11 -7 10 -7 11 -7 11 -7 10 -7 11 -7 10 -7 10 -7 0 0 0 0 0 0 0 0 0 0
1784740912.748478,54157,-45,11,1,7,1,-95,1,634261460,128,0 0 0 0 0 0 0 0 0 0 0 0 1 7 1 7 0 8 0 8 -1 8 -1 8 -1 8 -1 8 -2 9 -2 9 -2 9 -2 9 -2 9 -2 9 -3 9 -3 10 -3 10 -3 10 -4 10 -4 10 -4 10 -4 10 -3 10 -4 10 -3 11 -4 11 0 0 -4 11 -4 11 -4 11 -4 11 -3 11 -3 11 -4 11 -3 11 -4 12 -3 12 -3 12 -2 12 -3 12 -2 12 -2 12 -2 12 -2 12 -2 12 -2 13 -2 13 -2 13 -2 13 -1 13 -1 13 -1 13 -1 13 0 0 0 0 0 0 0 0 0 0
1784740912.764702,54158,-44,11,1,7,1,-95,1,634271362,128,0 0 0 0 0 0 0 0 0 0 0 0 -7 2 -7 2 -8 2 -7 2 -8 2 -8 1 -8 1 -8 1 -9 1 -9 1 -9 1 -10 0 -10 0 -10 0 -10 0 -11 0 -10 0 -11 0 -10 -1 -11 0 -11 0 -11 0 -11 -1 -11 -1 -11 -1 -11 -1 0 0 -12 -1 -12 0 -12 0 -13 0 -12 0 -12 0 -12 0 -13 0 -12 1 -13 1 -13 0 -13 0 -13 0 -13 0 -14 1 -13 1 -14 1 -14 1 -14 2 -14 2 -14 2 -14 2 -15 1 -14 1 -14 1 -14 1 0 0 0 0 0 0 0 0 0 0
1784740912.780639,54159,-44,11,1,7,1,-95,1,634281366,128,0 0 0 0 0 0 0 0 0 0 0 0 -5 5 -6 5 -6 4 -7 4 -7 4 -7 4 -7 4 -8 4 -8 4 -8 4 -8 4 -9 4 -9 4 -9 4 -10 4 -9 3 -10 4 -10 4 -10 4 -10 4 -10 4 -10 3 -10 4 -10 4 -11 4 -11 4 0 0 -11 4 -11 4 -11 4 -11 4 -11 4 -11 4 -11 4 -11 5 -11 5 -11 5 -12 5 -12 6 -11 6 -12 6 -11 5 -12 6 -11 6 -12 6 -12 6 -12 6 -12 7 -12 6 -12 6 -12 6 -12 7 -12 7 0 0 0 0 0 0 0 0 0 0
1784740912.780639,54160,-45,11,1,7,1,-95,1,634291426,128,0 0 0 0 0 0 0 0 0 0 0 0 3 -8 3 -8 4 -8 4 -8 5 -8 5 -8 5 -8 5 -8 5 -8 6 -8 6 -8 6 -8 6 -8 7 -8 7 -8 7 -8 7 -8 7 -8 7 -8 7 -8 7 -8 8 -8 7 -9 8 -8 8 -8 8 -9 0 0 8 -9 8 -9 8 -8 8 -9 8 -9 8 -9 7 -9 7 -10 8 -10 7 -10 8 -10 7 -10 8 -10 7 -10 7 -11 7 -11 7 -11 7 -11 7 -11 7 -12 7 -12 7 -12 7 -12 7 -12 7 -12 7 -12 0 0 0 0 0 0 0 0 0 0
1784740912.796742,54161,-44,11,1,7,1,-95,1,634301937,128,0 0 0 0 0 0 0 0 0 0 0 0 5 6 5 6 4 6 4 7 4 7 4 8 4 7 4 8 4 8 4 8 3 9 3 9 3 9 3 10 3 9 2 9 3 10 3 10 3 10 3 10 3 10 3 10 3 10 3 10 3 10 3 11 0 0 3 11 3 11 4 11 4 11 4 11 4 11 4 11 4 11 4 11 5 11 5 11 5 11 5 11 5 12 5 11 6 12 6 11 6 12 6 11 6 12 6 12 6 12 6 12 6 11 6 12 6 12 0 0 0 0 0 0 0 0 0 0
1784740912.801009,54162,-44,11,1,7,1,-95,1,634311363,128,0 0 0 0 0 0 0 0 0 0 0 0 -8 0 -9 -1 -8 -1 -9 -2 -9 -2 -9 -2 -9 -2 -9 -2 -9 -3 -9 -3 -9 -3 -10 -4 -10 -4 -10 -4 -10 -4 -10 -5 -10 -5 -10 -5 -10 -5 -10 -5 -11 -5 -10 -6 -10 -5 -10 -5 -11 -6 -11 -6 0 0 -11 -5 -11 -5 -11 -6 -11 -5 -11 -5 -11 -5 -11 -5 -12 -5 -12 -5 -12 -4 -12 -5 -13 -5 -12 -5 -13 -4 -13 -4 -13 -5 -13 -4 -13 -4 -13 -4 -14 -4 -14 -4 -14 -4 -14 -4 -14 -4 -14 -4 -14 -3 0 0 0 0 0 0 0 0 0 0
1784740912.812758,54163,-44,11,1,7,1,-95,1,634322412,128,0 0 0 0 0 0 0 0 0 0 0 0 2 -7 3 -7 3 -7 4 -7 4 -7 4 -7 5 -7 5 -7 5 -7 5 -7 6 -7 6 -7 6 -7 7 -7 7 -7 7 -7 7 -7 7 -7 8 -7 8 -7 8 -7 8 -7 8 -7 8 -7 8 -7 8 -7 0 0 8 -7 8 -7 8 -7 8 -8 8 -7 8 -8 8 -8 8 -8 8 -8 8 -9 8 -9 8 -9 8 -9 9 -9 8 -10 8 -10 8 -10 9 -10 9 -10 8 -11 9 -10 8 -11 9 -10 9 -10 9 -10 8 -11 0 0 0 0 0 0 0 0 0 0
1784740912.812758,54164,-44,11,1,7,1,-95,1,634331414,128,0 0 0 0 0 0 0 0 0 0 0 0 4 -7 4 -7 4 -6 5 -6 5 -6 6 -6 6 -6 6 -6 6 -6 7 -6 7 -6 8 -6 8 -5 8 -5 8 -6 8 -5 9 -6 8 -5 9 -5 9 -5 9 -5 9 -5 9 -5 9 -5 9 -5 9 -5 0 0 9 -5 9 -5 9 -5 9 -6 9 -6 9 -6 9 -6 9 -6 9 -6 9 -7 10 -7 9 -7 9 -7 10 -8 9 -8 10 -8 10 -8 10 -8 10 -8 10 -8 10 -8 10 -8 10 -8 10 -8 10 -8 10 -9 0 0 0 0 0 0 0 0 0 0
1784740912.828979,54165,-44,11,1,7,1,-95,1,634341453,128,0 0 0 0 0 0 0 0 0 0 0 0 7 -1 7 -1 8 0 8 0 8 0 8 0 8 1 8 1 9 1 9 1 9 1 9 2 9 2 9 2 9 2 9 3 10 3 10 3 10 3 10 4 10 4 10 4 10 3 10 4 10 4 10 4 0 0 10 4 10 4 10 4 10 3 10 3 10 3 10 3 11 3 11 3 11 2 11 2 12 2 12 2 12 2 12 2 12 2 12 2 13 1 13 2 13 2 13 1 13 2 13 1 13 1 13 1 14 1 0 0 0 0 0 0 0 0 0 0
1784740912.844925,54166,-45,11,1,7,1,-95,1,634351384,128,0 0 0 0 0 0 0 0 0 0 0 0 7 -2 7 -2 7 -1 7 -1 8 -1 8 -1 8 0 8 0 9 0 9 1 9 1 9 1 9 2 9 2 9 2 10 2 10 2 10 2 10 2 10 2 10 3 10 3 10 3 10 3 10 3 10 3 0 0 10 3 10 3 10 3 10 3 10 3 10 3 10 2 10 2 10 2 11 2 11 2 11 2 11 2 11 2 12 1 11 1 12 2 12 1 12 1 12 1 12 1 12 1 12 1 12 1 12 1 12 1 0 0 0 0 0 0 0 0 0 0
1784740912.857978,54167,-44,11,1,7,1,-95,1,634362603,128,0 0 0 0 0 0 0 0 0 0 0 0 -2 7 -2 7 -3 8 -3 8 -3 8 -4 8 -4 8 -4 8 -5 8 -5 8 -5 8 -5 9 -6 9 -6 9 -6 9 -7 9 -7 9 -7 9 -7 9 -7 9 -7 9 -8 9 -7 9 -8 9 -8 9 -8 9 0 0 -8 9 -8 9 -8 9 -8 9 -8 9 -8 9 -8 9 -7 10 -8 10 -7 10 -7 10 -7 10 -7 10 -7 11 -7 10 -7 11 -7 10 -7 11 -7 11 -6 11 -6 11 -6 11 -6 11 -6 11 -6 11 -6 12 0 0 0 0 0 0 0 0 0 0
1784740912.861104,54168,-44,11,1,7,1,-95,1,634371426,128,0 0 0 0 0 0 0 0 0 0 0 0 7 1 7 2 7 2 7 3 7 2 8 3 8 3 8 3 8 4 8 4 8 4 8 4 8 5 8 5 9 6 8 6 8 6 8 6 9 6 8 7 9 7 8 7 9 7 9 7 8 7 9 7 0 0 9 7 9 7 9 7 9 7 9 7 9 7 9 7 9 7 9 7 10 7 10 6 10 6 10 6 11 7 10 6 11 6 10 6 11 6 11 6 11 6 11 6 11 6 11 5 11 5 11 5 12 6 0 0 0 0 0 0 0 0 0 0
1784740912.877099,54169,-44,11,1,7,1,-95,1,634381354,128,0 0 0 0 0 0 0 0 0 0 0 0 -1 7 -1 7 -2 8 -2 7 -2 8 -3 8 -3 8 -3 8 -3 9 -4 9 -5 8 -5 8 -5 8 -6 8 -5 9 -6 9 -5 9 -6 9 -6 9 -6 9 -6 9 -6 9 -6 9 -7 9 -7 9 -7 9 0 0 -6 9 -6 10 -6 9 -6 10 -6 9 -6 10 -5 10 -5 11 -6 10 -6 11 -6 11 -6 10 -6 10 -5 10 -5 12 -5 11 -5 12 -5 12 -4 12 -4 12 -4 12 -4 12 -5 13 -5 12 -5 12 -4 12 0 0 0 0 0 0 0 0 0 0
1784740912.877099,54170,-44,11,1,7,1,-95,1,634391459,128,0 0 0 0 0 0 0 0 0 0 0 0 5 -6 5 -6 5 -6 7 -6 6 -6 7 -6 7 -5 7 -6 8 -6 8 -5 8 -5 8 -5 9 -5 9 -5 10 -5 9 -5 10 -5 10 -4 10 -4 10 -5 10 -4 10 -5 10 -4 10 -4 10 -4 10 -5 0 0 10 -5 10 -5 10 -5 10 -5 10 -5 10 -6 10 -6 10 -6 10 -6 10 -7 10 -6 10 -7 10 -7 11 -7 10 -7 11 -8 10 -7 10 -8 10 -8 10 -8 10 -9 10 -9 10 -8 11 -8 11 -9 11 -9 0 0 0 0 0 0 0 0 0 0
1784740912.892917,54171,-44,11,1,7,1,-95,1,634401434,128,0 0 0 0 0 0 0 0 0 0 0 0 0 7 0 7 -1 8 -1 8 -2 8 -2 8 -2 9 -2 9 -3 9 -3 9 -3 9 -3 9 -4 9 -4 9 -4 10 -5 9 -5 10 -5 10 -5 10 -5 10 -5 10 -5 10 -5 10 -5 10 -5 10 -5 10 0 0 -5 10 -5 10 -5 10 -5 10 -4 10 -5 11 -4 11 -4 11 -4 11 -4 11 -4 11 -4 11 -4 11 -4 12 -4 12 -4 12 -3 12 -3 12 -3 13 -3 12 -3 13 -3 12 -3 13 -3 13 -2 13 -3 13 0 0 0 0 0 0 0 0 0 0
1784740912.908815,54172,-44,11,1,7,1,-95,1,634412600,128,0 0 0 0 0 0 0 0 0 0 0 0 5 -6 6 -6 6 -5 6 -5 7 -5 7 -5 7 -5 8 -5 8 -5 8 -5 8 -4 9 -4 9 -4 10 -4 10 -4 10 -3 10 -4 10 -3 10 -3 10 -3 11 -3 11 -3 10 -3 10 -3 11 -3 11 -3 0 0 11 -3 11 -3 11 -3 11 -4 10 -3 11 -4 11 -4 11 -4 11 -4 11 -5 11 -4 11 -5 11 -5 11 -5 11 -5 11 -6 11 -5 11 -6 11 -6 11 -6 11 -6 11 -6 11 -7 11 -6 11 -7 11 -7 0 0 0 0 0 0 0 0 0 0
1784740912.908815,54173,-43,11,1,7,1,-95,1,634421402,128,0 0 0 0 0 0 0 0 0 0 0 0 -8 3 -8 3 -8 2 -9 2 -9 2 -10 2 -9 2 -10 2 -10 1 -10 1 -11 1 -11 1 -11 0 -12 0 -12 0 -12 -1 -12 -1 -12 -1 -12 -1 -12 -1 -12 -1 -12 -1 -12 -1 -12 -1 -12 -2 -13 -2 0 0 -13 -1 -12 -1 -13 -2 -12 -1 -12 -1 -12 -1 -12 0 -12 0 -13 0 -12 0 -12 1 -13 1 -13 1 -13 1 -12 1 -13 1 -13 1 -13 2 -13 2 -13 2 -13 2 -13 2 -13 2 -13 3 -13 2 -14 3 0 0 0 0 0 0 0 0 0 0
1784740912.927233,54174,-43,11,1,7,1,-95,1,634431424,128,0 0 0 0 0 0 0 0 0 0 0 0 7 -2 7 -2 8 -2 8 -1 8 -1 8 -1 9 -1 9 -1 9 0 9 0 9 0 10 0 10 0 10 1 10 1 11 2 10 1 11 2 11 2 11 2 11 2 11 2 11 2 11 3 11 3 11 3 0 0 11 3 11 2 11 2 11 2 11 2 11 2 11 1 11 1 11 1 12 1 12 1 12 1 12 1 12 1 12 0 12 0 13 0 13 0 13 -1 13 -1 13 -1 13 -1 13 -1 13 -1 13 -1 13 -1 0 0 0 0 0 0 0 0 0 0
1784740912.931260,54175,-43,11,1,7,1,-95,1,634441375,128,0 0 0 0 0 0 0 0 0 0 0 0 -2 7 -2 7 -2 7 -3 7 -3 7 -3 7 -3 7 -3 7 -4 7 -4 8 -5 8 -5 8 -5 8 -5 8 -5 8 -6 8 -6 8 -6 9 -6 9 -6 9 -6 9 -6 9 -6 9 -7 9 -7 9 -7 9 0 0 -7 9 -7 10 -7 9 -7 10 -6 9 -6 9 -6 10 -6 10 -6 10 -6 11 -6 11 -6 11 -6 11 -5 11 -6 12 -5 11 -6 12 -5 12 -5 11 -5 12 -5 12 -5 13 -5 13 -6 12 -5 12 -5 12 0 0 0 0 0 0 0 0 0 0
1784740912.940938,54176,-44,11,1,7,1,-95,1,634451366,128,0 0 0 0 0 0 0 0 0 0 0 0 -1 8 -1 8 -2 8 -2 8 -3 7 -3 8 -3 8 -3 8 -3 8 -3 8 -3 8 -3 8 -4 8 -4 9 -4 9 -5 8 -5 9 -5 9 -5 9 -5 9 -5 9 -5 9 -5 9 -5 9 -5 9 -5 10 0 0 -5 10 -5 10 -5 10 -5 10 -5 10 -5 10 -5 10 -5 11 -5 11 -4 11 -4 11 -4 11 -4 12 -4 12 -4 12 -4 12 -4 12 -4 12 -4 12 -4 13 -3 13 -4 13 -3 13 -3 12 -3 13 -3 13 0 0 0 0 0 0 0 0 0 0
1784740912.957164,54177,-44,11,1,7,1,-95,1,634461447,128,0 0 0 0 0 0 0 0 0 0 0 0 8 0 8 0 9 1 8 1 9 2 9 2 9 2 9 2 9 2 9 3 9 3 9 4 9 4 9 4 9 4 10 4 9 4 10 5 9 5 9 4 10 4 9 5 9 5 9 5 9 5 9 5 0 0 10 5 10 4 9 5 10 4 10 4 10 4 10 3 10 4 10 3 11 3 11 4 11 3 11 3 11 3 12 3 12 3 12 3 12 3 12 2 12 2 12 2 13 2 12 2 12 3 13 2 13 3 0 0 0 0 0 0 0 0 0 0
1784740912.957164,54178,-43,11,1,7,1,-95,1,634471460,128,0 0 0 0 0 0 0 0 0 0 0 0 6 5 5 6 5 6 5 7 5 7 5 7 5 8 4 8 4 8 4 8 4 9 4 9 4 9 4 9 4 10 3 10 3 10 3 10 3 10 3 10 3 10 3 10 3 10 3 10 3 10 3 10 0 0 3 10 3 10 3 10 3 10 4 10 4 10 4 9 4 10 5 10 5 10 5 10 5 9 5 9 6 10 6 10 7 10 7 10 7 10 7 10 7 10 7 10 8 9 8 10 7 10 8 10 8 9 0 0 0 0 0 0 0 0 0 0
1784740912.972920,54179,-44,11,1,7,1,-95,1,634481418,128,0 0 0 0 0 0 0 0 0 0 0 0 4 -7 4 -7 5 -7 5 -6 6 -6 6 -6 6 -6 7 -6 7 -6 7 -6 7 -6 8 -6 8 -6 8 -6 9 -6 9 -5 9 -5 9 -5 9 -5 9 -5 10 -5 10 -4 10 -5 9 -5 10 -5 10 -5 0 0 10 -5 10 -5 10 -5 9 -5 9 -5 10 -5 9 -5 9 -6 10 -6 9 -6 9 -6 9 -7 9 -7 9 -7 9 -7 10 -7 9 -7 10 -8 10 -8 10 -8 9 -8 10 -8 9 -9 10 -9 9 -9 10 -9 0 0 0 0 0 0 0 0 0 0
1784740912.972920,54180,-45,11,1,7,1,-95,1,634491841,128,0 0 0 0 0 0 0 0 0 0 0 0 -8 -3 -8 -3 -8 -4 -8 -4 -8 -5 -8 -5 -8 -5 -8 -6 -9 -5 -8 -6 -8 -7 -8 -7 -8 -8 -8 -8 -8 -8 -9 -8 -8 -8 -8 -8 -8 -8 -8 -9 -8 -9 -8 -9 -8 -9 -7 -9 -7 -9 -7 -9 0 0 -7 -9 -8 -9 -7 -8 -8 -8 -8 -8 -8 -8 -8 -8 -8 -8 -8 -7 -9 -8 -9 -8 -9 -7 -9 -7 -9 -7 -10 -7 -10 -7 -10 -7 -10 -7 -10 -6 -11 -6 -11 -6 -11 -6 -11 -7 -11 -7 -11 -7 -11 -6 0 0 0 0 0 0 0 0 0 0
1784740912.997876,54181,-44,11,1,7,1,-95,1,634501377,128,0 0 0 0 0 0 0 0 0 0 0 0 6 -6 7 -6 7 -5 8 -5 8 -5 9 -5 9 -5 9 -5 9 -4 10 -4 10 -3 10 -4 11 -3 11 -3 11 -3 11 -3 12 -3 11 -2 12 -2 12 -2 12 -2 12 -2 12 -2 11 -2 11 -1 12 -2 0 0 11 -2 11 -2 11 -2 11 -2 11 -2 10 -2 10 -3 10 -3 10 -3 10 -3 10 -4 10 -4 10 -4 10 -4 10 -4 10 -5 9 -5 10 -5 10 -5 10 -6 9 -6 9 -6 9 -6 9 -6 9 -6 9 -7 0 0 0 0 0 0 0 0 0 0
1784740913.004506,54182,-43,11,1,7,1,-95,1,634511339,128,0 0 0 0 0 0 0 0 0 0 0 0 -6 6 -6 6 -7 6 -7 6 -8 6 -8 5 -9 6 -9 6 -9 6 -10 5 -10 5 -10 5 -11 5 -11 5 -11 5 -12 5 -11 4 -12 5 -12 4 -12 4 -12 4 -12 4 -13 4 -12 4 -12 4 -12 4 0 0 -12 4 -13 4 -12 3 -12 4 -11 4 -12 4 -12 5 -12 5 -11 5 -12 6 -11 5 -11 6 -11 6 -10 6 -11 6 -11 6 -11 7 -10 7 -10 7 -10 7 -10 7 -10 7 -10 8 -10 8 -10 8 -10 8 0 0 0 0 0 0 0 0 0 0
1784740913.004506,54183,-43,11,1,7,1,-95,1,634521319,128,0 0 0 0 0 0 0 0 0 0 0 0 -3 7 -3 7 -4 7 -4 7 -5 7 -5 7 -5 7 -5 7 -6 7 -6 7 -7 7 -7 7 -7 7 -7 7 -7 7 -8 8 -8 8 -8 8 -9 8 -9 8 -9 8 -9 8 -9 8 -9 7 -9 7 -9 7 0 0 -9 7 -9 8 -9 8 -9 8 -9 8 -9 8 -9 8 -9 8 -9 8 -9 9 -9 9 -9 9 -8 8 -8 9 -8 9 -8 10 -8 10 -8 10 -8 10 -8 10 -8 10 -8 10 -8 10 -8 10 -8 10 -8 10 0 0 0 0 0 0 0 0 0 0
1784740913.020144,54184,-46,11,1,7,1,-95,1,634531362,128,0 0 0 0 0 0 0 0 0 0 0 0 6 1 6 2 6 2 6 3 6 3 6 3 7 3 7 4 7 4 6 4 7 5 7 5 6 5 7 5 7 6 7 6 7 6 7 6 7 7 7 7 7 7 7 7 8 7 7 7 7 7 8 7 0 0 8 7 8 7 8 7 8 7 8 7 8 7 8 7 8 7 9 7 9 7 9 7 9 7 9 7 10 7 10 6 10 7 10 6 11 6 10 6 11 6 10 6 11 7 10 6 10 6 11 6 11 6 0 0 0 0 0 0 0 0 0 0
1784740913.040274,54185,-47,11,1,7,1,-95,1,634541342,128,0 0 0 0 0 0 0 0 0 0 0 0 5 3 5 4 5 4 5 5 5 5 5 5 5 6 5 6 5 6 5 6 5 7 5 7 4 7 4 7 4 8 4 8 4 9 4 8 4 9 4 9 4 9 4 9 4 9 4 9 4 9 4 10 0 0 4 10 4 10 4 10 4 10 4 10 4 10 5 10 5 10 5 10 6 10 5 10 6 10 6 10 6 11 6 10 6 11 6 10 7 11 7 11 7 11 7 11 7 11 7 11 7 11 7 11 7 12 0 0 0 0 0 0 0 0 0 0
1784740913.040274,54186,-45,11,1,7,1,-95,1,634551396,128,0 0 0 0 0 0 0 0 0 0 0 0 5 3 5 3 5 4 5 4 5 4 5 4 6 5 6 5 6 5 6 6 5 6 6 7 6 7 6 7 6 7 6 7 6 7 6 8 6 8 6 8 6 8 6 8 6 9 6 9 6 9 6 9 0 0 6 9 6 9 6 9 7 9 7 9 7 9 7 9 7 9 7 9 8 9 8 9 8 9 8 9 8 9 9 9 9 9 9 10 9 9 10 10 10 9 10 10 10 9 10 10 10 10 10 11 11 10 0 0 0 0 0 0 0 0 0 0
1784740913.054604,54187,-44,11,1,7,1,-95,1,634561390,128,0 0 0 0 0 0 0 0 0 0 0 0 5 -6 5 -6 6 -6 6 -6 6 -6 6 -6 7 -6 7 -6 7 -6 8 -6 8 -5 8 -6 8 -5 9 -5 9 -5 9 -5 10 -5 9 -5 10 -5 9 -5 10 -5 10 -5 10 -5 10 -4 10 -4 11 -5 0 0 10 -4 10 -5 10 -5 10 -5 10 -5 10 -5 10 -5 10 -5 10 -5 10 -6 10 -6 10 -6 10 -6 10 -7 10 -6 10 -7 10 -7 10 -7 10 -8 10 -7 10 -8 10 -8 10 -8 10 -8 10 -8 10 -9 0 0 0 0 0 0 0 0 0 0
1784740913.068295,54188,-42,11,1,7,1,-95,1,634571394,128,0 0 0 0 0 0 0 0 0 0 0 0 7 -5 7 -5 8 -4 8 -4 8 -4 8 -4 9 -4 9 -3 9 -3 10 -3 10 -3 10 -2 11 -2 11 -2 11 -2 11 -2 11 -2 11 -2 11 -1 11 -1 11 -1 12 -1 12 -1 12 -1 12 0 12 -1 0 0 12 -1 12 -1 11 -1 12 -1 11 -1 11 -1 11 -2 11 -2 11 -2 11 -2 11 -2 11 -3 11 -2 11 -3 11 -3 11 -3 11 -3 11 -3 11 -4 11 -4 11 -4 11 -4 11 -4 11 -4 11 -5 11 -5 0 0 0 0 0 0 0 0 0 0
1784740913.068295,54189,-42,11,1,7,1,-95,1,634581400,128,0 0 0 0 0 0 0 0 0 0 0 0 0 -9 0 -9 1 -9 2 -9 2 -9 2 -9 3 -10 3 -10 3 -10 4 -10 4 -10 5 -10 5 -10 5 -10 5 -10 5 -10 6 -10 6 -10 6 -10 6 -10 6 -10 6 -11 6 -11 7 -10 7 -10 7 -10 0 0 7 -10 7 -11 6 -11 6 -11 6 -11 6 -11 6 -11 6 -11 6 -11 6 -11 5 -11 5 -11 5 -11 5 -11 5 -12 5 -12 5 -12 5 -13 4 -12 4 -13 4 -12 4 -13 4 -13 4 -13 4 -12 3 -13 0 0 0 0 0 0 0 0 0 0
1784740913.087679,54190,-42,11,1,7,1,-95,1,634594384,128,0 0 0 0 0 0 0 0 0 0 0 0 -6 3 -7 3 -8 3 -8 2 -8 2 -9 2 -9 2 -9 2 -10 1 -10 1 -10 1 -10 1 -10 0 -11 0 -11 0 -11 -1 -11 -1 -11 -1 -12 -1 -12 -1 -12 -1 -12 -1 -12 -1 -12 -1 -12 -1 -12 -1 0 0 -12 -1 -12 -1 -12 -2 -12 -1 -12 -1 -12 -1 -12 -1 -12 0 -12 0 -12 0 -12 0 -12 1 -12 1 -12 1 -12 1 -13 1 -12 1 -12 2 -13 2 -13 2 -13 2 -13 2 -13 2 -13 2 -13 3 -13 3 0 0 0 0 0 0 0 0 0 0
1784740913.087679,54191,-43,11,1,7,1,-95,1,634601670,128,0 0 0 0 0 0 0 0 0 0 0 0 -1 7 -1 7 -2 8 -2 7 -3 8 -3 8 -3 8 -4 8 -4 8 -5 9 -6 8 -6 8 -7 8 -6 8 -6 8 -7 9 -7 8 -7 9 -7 8 -7 9 -7 9 -8 9 -8 9 -9 8 -8 8 -8 8 0 0 -8 8 -8 9 -8 8 -8 9 -7 8 -7 9 -7 9 -7 9 -7 9 -7 10 -7 10 -7 9 -6 9 -6 9 -6 11 -5 10 -6 11 -6 11 -5 11 -5 12 -5 11 -4 11 -5 12 -5 12 -5 12 -5 12 0 0 0 0 0 0 0 0 0 0
1784740913.102230,54192,-44,11,1,7,1,-95,1,634611443,128,0 0 0 0 0 0 0 0 0 0 0 0 -2 6 -2 7 -3 7 -3 7 -4 7 -4 7 -4 8 -5 8 -5 8 -6 8 -6 8 -7 8 -7 8 -8 8 -8 8 -8 8 -8 8 -9 8 -9 8 -9 8 -9 8 -9 8 -10 8 -10 8 -10 7 -10 7 0 0 -10 7 -10 8 -10 7 -10 8 -10 8 -10 8 -10 8 -10 8 -9 8 -10 9 -9 9 -9 9 -9 9 -9 9 -9 9 -8 9 -8 10 -9 10 -8 10 -8 10 -8 10 -8 10 -8 11 -8 11 -7 11 -7 11 0 0 0 0 0 0 0 0 0 0
1784740913.117706,54193,-45,11,1,7,1,-95,1,634621349,128,0 0 0 0 0 0 0 0 0 0 0 0 -2 5 -2 5 -3 5 -3 5 -3 5 -4 5 -4 5 -4 6 -5 6 -5 6 -5 6 -6 6 -6 6 -6 7 -7 7 -7 7 -7 7 -8 7 -8 7 -8 7 -9 7 -9 7 -9 8 -9 7 -9 8 -10 8 0 0 -10 7 -10 7 -11 7 -10 7 -11 8 -11 7 -11 7 -11 8 -11 8 -11 8 -11 8 -10 9 -10 9 -10 9 -10 9 -11 9 -10 9 -10 9 -10 10 -10 10 -10 10 -10 10 -10 10 -10 10 -10 11 -10 11 0 0 0 0 0 0 0 0 0 0
1784740913.117706,54194,-45,11,1,7,1,-95,1,634631409,128,0 0 0 0 0 0 0 0 0 0 0 0 1 -5 1 -5 1 -5 2 -5 2 -6 2 -6 2 -6 2 -6 2 -6 3 -7 3 -7 4 -7 4 -7 4 -7 4 -7 4 -7 5 -7 5 -8 5 -8 5 -8 5 -8 5 -8 6 -8 6 -8 7 -8 7 -8 0 0 7 -8 7 -9 7 -8 8 -9 7 -9 8 -9 8 -9 8 -9 8 -9 9 -10 9 -9 8 -10 9 -9 8 -9 9 -10 8 -10 9 -10 9 -10 9 -11 9 -11 8 -11 8 -11 9 -11 9 -11 9 -11 9 -11 0 0 0 0 0 0 0 0 0 0
1784740913.135223,54195,-44,11,1,7,1,-95,1,634641359,128,0 0 0 0 0 0 0 0 0 0 0 0 -4 5 -4 4 -4 5 -5 5 -5 5 -5 5 -5 5 -6 5 -6 5 -6 5 -7 5 -7 5 -7 5 -8 5 -8 5 -8 5 -8 5 -8 5 -8 5 -8 5 -9 5 -9 5 -9 5 -9 5 -9 5 -9 5 0 0 -10 5 -10 6 -10 6 -10 6 -10 6 -10 6 -10 6 -10 7 -10 7 -10 7 -10 7 -10 7 -10 7 -10 7 -10 8 -10 8 -10 8 -10 8 -10 8 -11 9 -10 8 -10 9 -10 9 -11 9 -11 9 -11 9 0 0 0 0 0 0 0 0 0 0
1784740913.147876,54196,-43,11,1,7,1,-95,1,634651343,128,0 0 0 0 0 0 0 0 0 0 0 0 6 -1 6 -1 7 0 7 0 7 0 7 0 7 1 8 1 8 1 8 1 8 1 8 2 8 2 9 3 9 3 8 3 9 3 8 3 9 4 9 3 9 4 9 4 9 4 9 4 9 4 9 4 0 0 10 4 10 4 10 5 10 4 10 4 10 4 10 4 10 4 10 4 11 4 11 4 11 4 11 4 11 4 11 4 11 4 11 4 12 3 12 3 12 3 12 3 13 3 12 3 12 3 13 3 13 3 0 0 0 0 0 0 0 0 0 0
1784740913.156389,54197,-42,11,1,7,1,-95,1,634661436,128,0 0 0 0 0 0 0 0 0 0 0 0 2 -7 2 -7 2 -7 2 -7 3 -7 3 -7 3 -7 4 -7 4 -7 5 -7 5 -7 5 -7 5 -7 6 -7 6 -7 6 -8 6 -7 6 -8 6 -7 6 -8 6 -8 7 -8 7 -8 7 -7 7 -7 7 -8 0 0 7 -8 7 -8 7 -8 7 -9 7 -8 7 -9 7 -9 7 -9 7 -9 7 -10 7 -9 7 -9 7 -9 7 -9 6 -11 6 -11 7 -11 7 -11 6 -11 6 -12 6 -11 6 -12 7 -12 7 -12 7 -12 7 -12 0 0 0 0 0 0 0 0 0 0
1784740913.167988,54198,-42,11,1,7,1,-95,1,634671454,128,0 0 0 0 0 0 0 0 0 0 0 0 -3 -7 -2 -7 -2 -8 -1 -8 -1 -8 -1 -8 -1 -8 -1 -8 -1 -9 -1 -9 0 -9 0 -10 0 -10 0 -10 0 -10 1 -10 1 -11 1 -10 1 -11 1 -11 1 -11 1 -11 1 -11 2 -11 2 -11 2 -11 0 0 2 -11 2 -11 2 -11 1 -11 1 -11 1 -11 1 -11 1 -11 1 -11 0 -12 0 -12 0 -12 0 -12 0 -13 -1 -12 0 -13 0 -12 -1 -13 -1 -13 -1 -13 -1 -13 -2 -14 -1 -13 -1 -14 -1 -14 -2 -14 0 0 0 0 0 0 0 0 0 0
1784740913.167988,54199,-42,11,1,7,1,-95,1,634681437,128,0 0 0 0 0 0 0 0 0 0 0 0 -5 4 -5 4 -6 4 -6 4 -6 4 -6 4 -7 4 -7 4 -7 4 -8 4 -8 3 -8 3 -9 3 -9 3 -9 3 -9 3 -10 3 -10 3 -10 3 -10 3 -10 3 -10 2 -10 3 -11 2 -10 2 -11 2 0 0 -11 2 -11 2 -11 2 -11 2 -10 2 -11 3 -11 3 -11 3 -11 3 -11 3 -11 3 -11 4 -11 4 -11 4 -11 4 -11 4 -11 4 -11 5 -12 5 -12 5 -12 5 -12 5 -12 5 -12 5 -12 5 -12 6 0 0 0 0 0 0 0 0 0 0
1784740913.179846,54200,-43,11,1,7,1,-95,1,634691403,128,0 0 0 0 0 0 0 0 0 0 0 0 -7 -3 -7 -4 -7 -4 -6 -4 -7 -5 -6 -5 -7 -5 -6 -5 -7 -6 -7 -6 -6 -6 -6 -7 -6 -7 -6 -7 -7 -7 -7 -8 -7 -8 -7 -8 -6 -8 -6 -9 -6 -9 -7 -9 -6 -9 -6 -9 -6 -9 -6 -9 0 0 -6 -9 -6 -9 -6 -9 -7 -9 -6 -9 -6 -9 -7 -9 -7 -9 -7 -9 -7 -9 -7 -9 -7 -9 -7 -8 -7 -9 -9 -8 -8 -8 -9 -9 -9 -9 -9 -9 -9 -9 -9 -9 -10 -9 -10 -9 -10 -9 -10 -9 -10 -9 0 0 0 0 0 0 0 0 0 0
1784740913.195992,54201,-44,11,1,7,1,-95,1,634701361,128,0 0 0 0 0 0 0 0 0 0 0 0 -7 1 -8 1 -8 1 -8 0 -8 0 -8 0 -8 0 -9 0 -9 -1 -9 -1 -9 -1 -10 -1 -10 -1 -10 -2 -10 -2 -10 -2 -11 -2 -10 -2 -11 -3 -11 -3 -11 -3 -11 -3 -11 -3 -10 -3 -11 -3 -11 -3 0 0 -11 -3 -11 -3 -11 -3 -10 -3 -11 -3 -11 -3 -11 -2 -11 -2 -11 -2 -11 -1 -11 -2 -11 -1 -11 -1 -12 -1 -11 -1 -12 -1 -11 -1 -12 0 -12 0 -12 0 -12 0 -12 0 -12 1 -12 1 -12 1 -12 1 0 0 0 0 0 0 0 0 0 0
1784740913.202314,54202,-46,11,1,7,1,-95,1,634711424,128,0 0 0 0 0 0 0 0 0 0 0 0 -4 -5 -4 -6 -4 -6 -4 -6 -4 -7 -3 -7 -4 -7 -4 -8 -3 -8 -3 -8 -3 -9 -3 -9 -3 -9 -3 -9 -3 -9 -2 -10 -2 -10 -2 -11 -2 -11 -2 -11 -2 -11 -2 -11 -2 -11 -1 -12 -1 -12 -1 -12 0 0 -1 -12 -1 -12 -1 -12 -1 -12 -1 -11 -2 -12 -2 -12 -2 -12 -2 -12 -2 -12 -2 -12 -2 -12 -2 -12 -2 -12 -3 -13 -3 -12 -3 -13 -3 -12 -3 -13 -4 -13 -4 -13 -4 -13 -4 -13 -3 -13 -4 -13 -4 -13 0 0 0 0 0 0 0 0 0 0
1784740913.214987,54203,-47,11,1,7,1,-95,1,634721437,128,0 0 0 0 0 0 0 0 0 0 0 0 3 1 3 1 4 1 4 1 4 2 4 2 4 2 5 2 5 2 5 2 5 3 5 3 6 3 6 3 6 3 7 3 7 4 7 4 7 4 8 4 8 4 8 5 8 5 8 5 8 6 9 6 0 0 9 6 9 6 9 7 9 7 9 7 9 7 9 7 10 7 10 7 10 7 10 7 10 7 10 7 10 7 11 7 11 7 11 8 11 8 11 7 11 8 11 8 11 7 12 8 12 8 12 8 12 8 0 0 0 0 0 0 0 0 0 0
1784740913.227759,54204,-47,11,1,6,1,-95,1,634734288,128,0 0 0 0 0 0 0 0 0 0 0 0 3 -6 3 -6 3 -6 4 -6 4 -6 4 -6 4 -6 4 -6 4 -6 4 -6 4 -6 4 -6 4 -6 4 -6 4 -6 4 -6 4 -6 4 -6 4 -7 4 -7 4 -7 4 -7 4 -8 4 -8 4 -8 5 -8 0 0 5 -9 5 -9 5 -9 5 -9 5 -10 5 -10 5 -10 5 -10 6 -11 6 -11 6 -11 6 -12 6 -12 6 -12 7 -12 7 -12 7 -12 7 -13 7 -13 8 -13 8 -13 8 -13 8 -13 8 -13 8 -13 9 -14 0 0 0 0 0 0 0 0 0 0
1784740913.227759,54205,-45,11,1,7,1,-95,1,634741467,128,0 0 0 0 0 0 0 0 0 0 0 0 -8 -2 -7 -3 -8 -4 -7 -4 -7 -4 -7 -4 -7 -4 -8 -4 -8 -4 -7 -5 -7 -5 -7 -5 -7 -5 -7 -5 -7 -5 -7 -6 -7 -5 -8 -6 -7 -6 -8 -6 -8 -5 -8 -6 -8 -5 -8 -6 -8 -6 -8 -6 0 0 -8 -6 -9 -6 -9 -5 -9 -6 -9 -5 -9 -5 -10 -5 -10 -5 -10 -5 -11 -5 -11 -5 -11 -5 -11 -5 -11 -5 -12 -5 -12 -5 -12 -6 -13 -5 -13 -5 -13 -5 -13 -5 -14 -5 -14 -6 -13 -7 -14 -7 -14 -7 0 0 0 0 0 0 0 0 0 0
1784740913.243949,54206,-43,11,1,7,1,-95,1,634753239,128,0 0 0 0 0 0 0 0 0 0 0 0 0 -8 0 -8 1 -8 1 -8 1 -8 1 -8 1 -9 2 -9 2 -9 2 -9 3 -9 3 -9 3 -9 3 -9 3 -9 4 -9 4 -9 4 -10 4 -9 4 -9 4 -9 4 -9 4 -9 5 -9 5 -9 5 -9 0 0 5 -9 5 -10 5 -9 4 -10 4 -9 4 -10 4 -10 4 -10 4 -10 4 -11 4 -11 3 -11 4 -10 4 -11 3 -12 3 -11 4 -12 3 -12 3 -12 3 -12 3 -12 3 -12 3 -13 4 -13 3 -13 3 -13 0 0 0 0 0 0 0 0 0 0
1784740913.243949,54207,-43,11,1,7,1,-95,1,634761312,128,0 0 0 0 0 0 0 0 0 0 0 0 5 5 5 5 4 5 4 6 4 6 4 6 4 6 4 6 4 7 4 7 4 7 4 7 3 8 3 8 3 8 3 8 3 8 3 9 3 9 3 9 3 9 2 9 3 9 3 10 2 9 3 10 0 0 3 10 3 10 3 9 3 9 3 9 3 10 3 9 3 10 3 10 4 10 4 9 4 10 4 10 4 10 4 10 5 10 5 10 5 10 5 10 6 10 6 10 6 10 6 10 6 11 6 10 6 11 0 0 0 0 0 0 0 0 0 0
1784740913.259824,54208,-42,11,1,7,1,-95,1,634771902,128,0 0 0 0 0 0 0 0 0 0 0 0 3 6 2 6 2 7 2 7 2 7 2 7 2 7 1 7 1 7 1 8 1 8 0 8 0 8 0 8 0 8 0 9 0 9 0 9 0 9 0 9 0 9 0 9 0 9 -1 9 -1 9 -1 9 0 0 -1 9 0 10 0 10 0 10 0 9 0 10 0 9 1 10 1 10 1 10 1 10 1 10 1 10 1 10 2 11 2 10 2 11 2 11 2 11 3 11 3 11 3 11 2 11 2 12 2 11 3 12 0 0 0 0 0 0 0 0 0 0
1784740913.275738,54209,-42,11,1,7,1,-95,1,634781345,128,0 0 0 0 0 0 0 0 0 0 0 0 1 7 0 7 0 7 0 7 0 7 0 7 -1 7 -1 8 -1 8 -1 8 -1 8 -2 8 -2 8 -2 9 -2 9 -2 9 -2 9 -3 9 -3 9 -3 9 -3 9 -3 9 -3 9 -3 9 -4 9 -4 10 0 0 -4 10 -3 10 -3 10 -3 10 -3 10 -3 10 -3 10 -3 10 -3 10 -3 10 -3 10 -2 11 -3 10 -3 11 -2 11 -2 12 -2 11 -2 12 -2 12 -2 12 -2 12 -2 12 -2 12 -2 12 -2 12 -2 12 0 0 0 0 0 0 0 0 0 0
1784740913.275738,54210,-42,11,1,7,1,-95,1,634791377,128,0 0 0 0 0 0 0 0 0 0 0 0 6 2 6 2 6 2 6 3 6 3 6 3 6 3 6 3 6 4 6 3 6 4 7 4 7 5 7 5 7 5 6 5 7 6 6 5 7 6 7 6 7 6 7 6 7 6 7 7 7 7 7 7 0 0 7 7 7 7 7 8 7 7 7 7 7 7 7 7 8 7 8 7 8 7 8 7 8 7 8 7 9 7 8 7 9 7 9 7 9 7 9 7 10 7 10 7 10 7 10 7 10 7 10 7 10 7 0 0 0 0 0 0 0 0 0 0
1784740913.291556,54211,-43,11,1,7,1,-95,1,634802681,128,0 0 0 0 0 0 0 0 0 0 0 0 -6 -4 -6 -4 -6 -5 -6 -5 -6 -5 -6 -5 -6 -5 -6 -6 -6 -6 -6 -6 -6 -6 -6 -6 -6 -7 -6 -7 -7 -7 -6 -7 -7 -8 -7 -8 -6 -8 -7 -8 -7 -8 -7 -8 -7 -8 -7 -8 -7 -9 -7 -9 0 0 -7 -9 -7 -9 -7 -9 -7 -9 -7 -9 -7 -9 -7 -9 -7 -9 -8 -9 -8 -9 -8 -9 -9 -9 -9 -9 -9 -9 -9 -9 -9 -9 -9 -9 -9 -9 -10 -9 -10 -10 -10 -9 -10 -10 -10 -9 -10 -10 -10 -10 -10 -10 0 0 0 0 0 0 0 0 0 0
1784740913.307812,54212,-43,11,1,7,1,-95,1,634811382,128,0 0 0 0 0 0 0 0 0 0 0 0 -7 -1 -7 -1 -7 -1 -7 -2 -7 -2 -7 -2 -7 -2 -8 -2 -8 -3 -8 -2 -8 -3 -8 -3 -8 -3 -9 -3 -9 -3 -8 -3 -9 -4 -9 -4 -9 -4 -9 -4 -9 -4 -10 -4 -10 -4 -10 -5 -10 -5 -10 -5 0 0 -10 -5 -10 -5 -10 -5 -10 -5 -10 -5 -10 -5 -10 -5 -11 -5 -11 -5 -11 -5 -11 -5 -11 -4 -11 -5 -12 -5 -12 -4 -12 -5 -12 -4 -13 -4 -12 -4 -13 -4 -13 -4 -13 -4 -13 -4 -13 -5 -14 -5 -14 -5 0 0 0 0 0 0 0 0 0 0
1784740913.307812,54213,-44,11,1,7,1,-95,1,634822237,128,0 0 0 0 0 0 0 0 0 0 0 0 6 -2 6 -1 6 -1 6 -1 7 0 6 0 7 0 7 0 7 -1 7 0 7 0 8 0 8 0 8 0 8 0 9 0 8 1 9 1 9 1 9 1 9 1 10 1 10 1 9 2 9 1 10 2 0 0 10 1 10 1 10 1 10 1 10 1 10 1 10 1 10 1 10 0 11 0 11 0 11 0 10 0 10 0 12 -1 11 -1 12 0 11 0 11 -1 12 -1 12 -1 12 -2 13 -1 12 -1 12 -1 12 -1 0 0 0 0 0 0 0 0 0 0
1784740913.324014,54214,-45,11,1,7,1,-95,1,634831379,128,0 0 0 0 0 0 0 0 0 0 0 0 -2 -8 -2 -8 -2 -8 -2 -8 -2 -8 -1 -8 -1 -8 -1 -8 -1 -8 0 -9 0 -9 0 -9 0 -9 0 -9 -1 -9 -1 -10 0 -10 0 -11 0 -10 -1 -11 0 -11 0 -11 0 -11 1 -11 1 -11 1 -11 0 0 0 -11 0 -12 0 -11 0 -12 0 -11 0 -12 0 -12 -1 -12 0 -12 -1 -12 0 -12 0 -12 0 -12 -1 -12 -1 -13 -1 -12 -1 -13 -1 -13 -2 -13 -2 -13 -2 -13 -3 -13 -2 -13 -2 -13 -2 -14 -2 -13 0 0 0 0 0 0 0 0 0 0
1784740913.324014,54215,-45,11,1,7,1,-95,1,634841367,128,0 0 0 0 0 0 0 0 0 0 0 0 2 7 1 7 1 7 1 7 0 7 0 7 0 7 0 7 0 7 0 7 0 7 0 7 0 8 0 8 0 8 0 8 0 9 0 9 0 9 0 9 0 9 -1 10 0 9 -1 10 -1 10 -1 10 0 0 0 11 -1 10 -1 10 -1 11 0 11 0 10 0 11 0 11 0 11 0 11 0 11 0 11 1 11 0 12 0 12 0 12 0 12 1 12 1 12 1 13 1 13 1 13 1 13 1 13 1 13 1 13 0 0 0 0 0 0 0 0 0 0
1784740913.339992,54216,-45,11,1,7,1,-95,1,634851341,128,0 0 0 0 0 0 0 0 0 0 0 0 3 -6 4 -6 4 -5 4 -5 4 -5 4 -5 4 -5 4 -5 4 -5 4 -5 4 -5 5 -5 5 -6 5 -6 5 -6 5 -6 5 -6 6 -6 6 -7 6 -7 6 -7 6 -7 6 -7 6 -7 7 -7 7 -7 0 0 7 -7 7 -7 7 -7 7 -8 7 -8 8 -8 7 -8 7 -8 8 -8 8 -9 8 -9 8 -9 8 -9 8 -9 8 -9 8 -9 8 -10 9 -10 9 -10 9 -10 9 -10 9 -11 9 -10 9 -10 9 -10 9 -11 0 0 0 0 0 0 0 0 0 0
1784740913.355940,54217,-44,11,1,7,1,-95,1,634861400,128,0 0 0 0 0 0 0 0 0 0 0 0 -6 2 -6 2 -6 2 -6 1 -6 1 -6 1 -6 1 -6 1 -6 1 -7 1 -7 1 -7 1 -7 1 -7 1 -8 2 -8 2 -8 2 -8 2 -9 2 -9 2 -9 1 -9 2 -10 2 -10 1 -10 1 -10 1 0 0 -10 1 -10 2 -11 1 -11 2 -11 2 -11 2 -11 2 -11 2 -11 2 -12 2 -12 2 -12 2 -12 2 -12 2 -12 3 -12 3 -13 3 -13 3 -13 3 -13 3 -13 3 -13 3 -13 3 -13 3 -14 3 -14 3 0 0 0 0 0 0 0 0 0 0
1784740913.358520,54218,-44,11,1,7,1,-95,1,634871438,128,0 0 0 0 0 0 0 0 0 0 0 0 2 -5 2 -5 2 -5 2 -5 2 -5 2 -6 2 -5 2 -6 3 -6 3 -6 3 -6 3 -6 3 -7 4 -7 4 -7 4 -7 4 -8 4 -8 5 -8 5 -8 5 -8 6 -9 5 -9 6 -8 6 -9 6 -9 0 0 7 -9 7 -9 7 -9 7 -9 7 -9 7 -9 7 -9 7 -10 8 -10 7 -10 7 -10 7 -10 8 -10 8 -11 7 -10 8 -11 7 -10 8 -11 8 -11 8 -11 8 -11 8 -11 8 -11 8 -12 7 -12 8 -12 0 0 0 0 0 0 0 0 0 0
1784740913.371723,54219,-45,11,1,7,1,-95,1,634881438,128,0 0 0 0 0 0 0 0 0 0 0 0 -2 4 -2 3 -3 4 -3 4 -3 4 -3 4 -3 4 -3 4 -3 5 -3 5 -3 5 -4 5 -4 5 -4 6 -4 6 -4 6 -4 6 -5 6 -5 7 -5 7 -5 7 -6 8 -6 8 -7 8 -7 7 -7 8 0 0 -7 8 -7 8 -7 8 -8 8 -7 8 -7 8 -7 9 -7 9 -8 9 -8 9 -8 9 -8 9 -8 9 -8 9 -8 10 -8 10 -9 10 -8 10 -8 10 -8 10 -8 10 -8 10 -8 10 -9 10 -8 10 -8 10 0 0 0 0 0 0 0 0 0 0
1784740913.387534,54220,-47,11,1,7,1,-95,1,634891331,128,0 0 0 0 0 0 0 0 0 0 0 0 -4 0 -4 0 -4 -1 -4 0 -5 0 -5 0 -5 0 -5 0 -5 0 -5 0 -6 0 -6 0 -7 0 -7 0 -7 0 -8 0 -8 0 -9 0 -9 0 -9 0 -9 -1 -10 -1 -10 -1 -10 -2 -10 -2 -10 -2 0 0 -10 -2 -11 -2 -11 -2 -11 -1 -11 -2 -11 -2 -11 -2 -12 -2 -12 -2 -12 -2 -12 -2 -12 -2 -12 -2 -12 -2 -13 -1 -13 -1 -13 -2 -13 -2 -13 -1 -14 -1 -13 -2 -13 -1 -13 -2 -14 -2 -14 -2 -14 -1 0 0 0 0 0 0 0 0 0 0
1784740913.387534,54221,-48,11,1,7,1,-95,1,634901389,128,0 0 0 0 0 0 0 0 0 0 0 0 -2 3 -2 3 -1 3 -2 3 -1 3 -1 3 -1 4 -1 4 -1 4 0 4 0 5 0 5 -1 6 -1 6 -1 7 -1 7 -1 8 -1 7 -1 8 -1 8 -2 9 -2 9 -2 9 -2 9 -2 10 -2 10 0 0 -3 10 -3 10 -3 11 -3 10 -3 11 -3 11 -3 11 -3 11 -3 12 -3 12 -3 12 -3 12 -3 12 -3 13 -3 12 -4 13 -3 12 -3 13 -3 13 -3 13 -3 14 -3 14 -3 13 -3 14 -3 14 -3 14 0 0 0 0 0 0 0 0 0 0
1784740913.407923,54222,-47,11,1,7,1,-95,1,634911415,128,0 0 0 0 0 0 0 0 0 0 0 0 -2 -3 -2 -3 -3 -4 -3 -4 -3 -4 -3 -4 -3 -4 -4 -5 -4 -5 -4 -5 -4 -6 -4 -6 -4 -7 -4 -7 -4 -7 -5 -8 -5 -8 -5 -9 -5 -9 -5 -9 -5 -10 -5 -10 -5 -11 -4 -11 -4 -11 -5 -11 0 0 -5 -12 -5 -12 -5 -12 -5 -13 -5 -12 -5 -12 -6 -12 -6 -13 -6 -13 -6 -14 -5 -13 -6 -13 -5 -13 -6 -13 -7 -14 -7 -13 -7 -15 -7 -14 -8 -14 -8 -14 -8 -14 -8 -14 -8 -15 -7 -15 -7 -15 -8 -14 0 0 0 0 0 0 0 0 0 0
1784740913.418756,54223,-47,11,1,7,1,-95,1,634921351,128,0 0 0 0 0 0 0 0 0 0 0 0 -2 5 -2 5 -2 5 -3 6 -3 5 -3 6 -3 6 -3 6 -4 6 -4 6 -5 7 -5 7 -5 7 -6 7 -6 8 -6 8 -7 9 -7 8 -7 9 -7 8 -8 9 -8 9 -8 9 -9 9 -9 9 -9 9 0 0 -10 9 -9 9 -10 9 -9 9 -9 9 -9 9 -9 9 -9 10 -9 10 -9 10 -9 10 -9 10 -9 10 -9 11 -9 10 -9 11 -9 11 -9 12 -9 11 -9 11 -9 12 -9 12 -9 11 -9 12 -9 12 -9 12 0 0 0 0 0 0 0 0 0 0
1784740913.418756,54224,-48,11,1,6,1,-95,1,634933835,128,0 0 0 0 0 0 0 0 0 0 0 0 -3 7 -3 7 -4 7 -4 7 -5 8 -5 8 -5 8 -6 9 -6 8 -6 8 -7 9 -7 9 -7 9 -8 9 -8 9 -9 9 -9 9 -9 9 -9 9 -10 9 -10 10 -10 9 -10 10 -10 9 -10 9 -10 10 0 0 -10 9 -10 9 -10 9 -10 9 -9 9 -10 9 -9 9 -9 10 -9 10 -8 10 -8 10 -8 10 -8 10 -8 11 -8 10 -8 11 -7 10 -7 10 -7 11 -7 11 -6 11 -7 11 -6 11 -6 11 -6 11 -6 11 0 0 0 0 0 0 0 0 0 0
1784740913.434778,54225,-49,11,1,7,1,-95,1,634941469,128,0 0 0 0 0 0 0 0 0 0 0 0 0 -10 0 -10 1 -11 1 -10 2 -11 2 -11 2 -11 3 -12 3 -11 4 -12 4 -12 5 -12 5 -12 5 -12 5 -12 5 -13 5 -13 5 -13 6 -13 5 -13 6 -13 6 -13 6 -13 7 -12 7 -12 7 -12 0 0 6 -12 6 -13 6 -12 6 -13 5 -12 5 -12 4 -12 5 -12 4 -12 4 -13 4 -12 4 -12 4 -12 3 -11 3 -13 2 -12 3 -12 2 -12 2 -12 2 -12 1 -12 1 -12 2 -12 1 -11 1 -11 1 -11 0 0 0 0 0 0 0 0 0 0
1784740913.434778,54226,-51,11,1,7,1,-95,1,634951439,128,0 0 0 0 0 0 0 0 0 0 0 0 -3 -10 -2 -10 -2 -10 -1 -11 -1 -11 -1 -11 -1 -11 -1 -12 0 -12 0 -12 0 -12 0 -12 1 -12 1 -13 0 -13 1 -12 1 -13 1 -12 1 -13 1 -13 1 -13 1 -13 1 -13 1 -12 1 -12 1 -13 0 0 1 -12 1 -12 1 -12 1 -11 1 -11 0 -11 0 -11 0 -11 0 -11 0 -10 0 -10 -1 -10 -1 -10 -1 -10 -1 -9 -1 -10 -1 -9 -2 -9 -2 -9 -2 -9 -2 -9 -2 -8 -2 -8 -2 -8 -2 -8 -3 -8 0 0 0 0 0 0 0 0 0 0
1784740913.450635,54227,-52,11,1,7,1,-95,1,634961359,128,0 0 0 0 0 0 0 0 0 0 0 0 4 -9 4 -9 5 -9 5 -9 6 -9 6 -9 6 -9 7 -9 7 -9 7 -9 7 -9 7 -9 7 -9 7 -9 7 -9 8 -9 7 -9 7 -9 7 -9 7 -8 7 -9 7 -8 7 -9 7 -8 7 -8 7 -8 0 0 7 -7 6 -8 6 -7 6 -7 5 -7 5 -7 5 -7 5 -7 4 -6 4 -6 4 -6 3 -6 3 -6 3 -6 3 -6 2 -6 2 -6 2 -6 2 -5 2 -5 2 -5 1 -5 1 -5 1 -5 1 -5 1 -6 0 0 0 0 0 0 0 0 0 0
1784740913.466497,54228,-53,11,1,7,1,-95,1,634971422,128,0 0 0 0 0 0 0 0 0 0 0 0 -6 6 -6 6 -7 6 -7 6 -7 6 -7 6 -7 6 -7 6 -7 6 -7 6 -7 6 -7 6 -7 6 -7 6 -6 6 -7 6 -6 7 -6 7 -6 7 -6 7 -6 6 -6 6 -6 6 -6 6 -6 6 -6 6 0 0 -5 5 -5 5 -5 5 -5 5 -4 5 -4 4 -4 4 -4 4 -4 4 -4 4 -4 4 -3 3 -3 3 -3 3 -3 3 -3 3 -3 3 -3 3 -3 3 -3 3 -3 3 -3 3 -3 3 -3 3 -3 3 -3 3 0 0 0 0 0 0 0 0 0 0
1784740913.466497,54229,-53,11,1,7,1,-95,1,634981460,128,0 0 0 0 0 0 0 0 0 0 0 0 -2 -7 -2 -7 -2 -7 -1 -7 -1 -7 -2 -7 -1 -7 -2 -7 -1 -7 -1 -7 -1 -7 -1 -7 -1 -7 -2 -7 -2 -7 -1 -7 -2 -7 -2 -7 -2 -7 -2 -7 -2 -7 -1 -7 -1 -7 -1 -7 -1 -7 -1 -7 0 0 -1 -6 0 -6 0 -6 0 -6 0 -6 0 -6 0 -6 0 -6 0 -6 0 -6 0 -6 0 -6 0 -6 0 -6 0 -6 0 -6 0 -6 0 -6 0 -6 0 -7 0 -7 0 -7 0 -7 0 -7 -1 -7 -1 -8 0 0 0 0 0 0 0 0 0 0
1784740913.482588,54230,-52,11,1,7,1,-95,1,634991369,128,0 0 0 0 0 0 0 0 0 0 0 0 -3 -5 -3 -5 -2 -5 -2 -6 -2 -6 -2 -6 -2 -6 -2 -6 -2 -6 -2 -6 -2 -6 -2 -6 -2 -6 -1 -6 -1 -7 -1 -6 -1 -7 -1 -7 -1 -7 -1 -7 -1 -7 -1 -7 -1 -7 0 -7 0 -7 0 -7 0 0 0 -7 0 -7 1 -7 1 -7 1 -7 1 -7 1 -7 1 -7 1 -7 1 -7 1 -8 0 -7 1 -7 0 -8 0 -8 0 -8 0 -8 0 -8 0 -8 0 -9 -1 -9 -1 -9 -1 -9 -1 -9 -1 -9 -2 -10 0 0 0 0 0 0 0 0 0 0
1784740913.501640,54231,-53,11,1,7,1,-95,1,635005386,128,0 0 0 0 0 0 0 0 0 0 0 0 2 -4 2 -4 3 -4 3 -4 3 -4 3 -4 4 -4 4 -4 4 -4 5 -3 5 -3 5 -3 5 -3 5 -3 6 -3 6 -2 6 -2 6 -3 6 -2 7 -2 7 -2 7 -2 7 -2 7 -2 7 -2 8 -2 0 0 8 -2 8 -1 8 -1 8 -1 8 -1 8 -1 8 -1 8 -1 9 -1 9 -2 9 -2 8 -2 9 -2 8 -2 9 -2 9 -2 9 -2 9 -2 9 -2 9 -2 9 -3 9 -3 8 -3 9 -3 9 -4 9 -4 0 0 0 0 0 0 0 0 0 0
1784740913.503112,54232,-53,11,1,7,1,-95,1,635011407,128,0 0 0 0 0 0 0 0 0 0 0 0 -5 -1 -5 -1 -5 -2 -5 -2 -5 -2 -5 -2 -5 -2 -5 -3 -5 -3 -5 -3 -6 -4 -5 -4 -5 -4 -5 -4 -5 -4 -6 -5 -5 -5 -5 -5 -5 -5 -5 -5 -6 -5 -6 -5 -6 -6 -6 -5 -6 -5 -6 -6 0 0 -6 -6 -6 -6 -6 -6 -6 -7 -6 -6 -6 -7 -6 -7 -7 -7 -6 -7 -7 -7 -7 -7 -7 -6 -7 -6 -7 -7 -7 -7 -7 -6 -7 -7 -7 -6 -7 -7 -7 -6 -7 -6 -8 -6 -7 -6 -8 -6 -8 -6 -8 -6 0 0 0 0 0 0 0 0 0 0
1784740913.518434,54233,-53,11,1,7,1,-95,1,635021411,128,0 0 0 0 0 0 0 0 0 0 0 0 1 -4 0 -4 1 -5 1 -5 1 -5 1 -5 2 -5 2 -5 1 -5 2 -6 2 -5 2 -6 2 -6 3 -6 2 -6 2 -6 2 -6 3 -7 2 -7 2 -7 2 -7 3 -7 3 -8 3 -8 3 -8 3 -8 0 0 3 -9 3 -9 3 -9 3 -9 3 -9 3 -9 3 -9 3 -9 3 -9 3 -10 3 -9 3 -9 3 -9 3 -9 3 -9 3 -9 3 -9 3 -9 3 -9 3 -10 3 -9 3 -9 3 -9 3 -9 3 -9 3 -9 0 0 0 0 0 0 0 0 0 0
1784740913.518434,54234,-53,11,1,7,1,-95,1,635031384,128,0 0 0 0 0 0 0 0 0 0 0 0 -6 1 -6 1 -7 1 -7 0 -7 0 -7 0 -7 0 -7 0 -7 0 -8 0 -8 0 -8 0 -8 0 -8 0 -8 0 -9 0 -9 0 -9 0 -9 0 -9 0 -9 1 -10 1 -10 1 -10 0 -10 0 -10 0 0 0 -11 0 -11 0 -11 0 -11 0 -11 0 -11 0 -11 0 -11 0 -11 0 -11 1 -11 0 -11 1 -11 0 -11 0 -11 1 -11 1 -11 1 -11 1 -11 1 -11 1 -10 1 -10 1 -10 0 -10 0 -9 0 -9 0 0 0 0 0 0 0 0 0 0 0
1784740913.534281,54235,-51,11,1,7,1,-95,1,635041298,128,0 0 0 0 0 0 0 0 0 0 0 0 6 -2 5 -2 6 -2 6 -2 6 -2 6 -1 6 -2 6 -2 7 -2 7 -2 7 -1 7 -1 8 -1 8 -2 8 -1 9 -2 9 -2 9 -1 9 -1 9 -2 9 -2 10 -2 10 -1 10 -1 10 -1 11 -1 0 0 10 -1 11 -1 10 -1 11 -1 11 -1 11 -1 10 -2 11 -1 11 -2 11 -2 11 -2 10 -2 11 -2 11 -2 11 -2 10 -2 11 -2 11 -2 11 -2 10 -3 11 -2 10 -3 10 -2 10 -2 10 -2 10 -2 0 0 0 0 0 0 0 0 0 0
1784740913.547841,54236,-48,11,1,7,1,-95,1,635051359,128,0 0 0 0 0 0 0 0 0 0 0 0 -6 -1 -6 -1 -7 -1 -7 -1 -7 -1 -7 -1 -7 -1 -7 -1 -7 -1 -8 -2 -8 -2 -8 -2 -8 -2 -8 -2 -9 -2 -9 -2 -9 -2 -10 -2 -10 -2 -10 -2 -10 -2 -11 -2 -11 -3 -11 -3 -11 -3 -11 -3 0 0 -12 -3 -12 -4 -12 -4 -12 -4 -12 -3 -12 -4 -12 -3 -12 -4 -12 -3 -13 -4 -12 -4 -12 -4 -12 -4 -12 -4 -13 -3 -12 -3 -13 -4 -12 -3 -12 -3 -12 -3 -12 -3 -12 -3 -12 -3 -12 -4 -12 -4 -11 -3 0 0 0 0 0 0 0 0 0 0
1784740913.547841,54237,-48,11,1,7,1,-95,1,635061376,128,0 0 0 0 0 0 0 0 0 0 0 0 -4 -6 -4 -6 -4 -6 -4 -6 -4 -6 -3 -6 -4 -6 -4 -7 -4 -7 -4 -7 -4 -7 -4 -7 -4 -8 -4 -8 -4 -8 -4 -8 -4 -8 -4 -9 -4 -9 -5 -9 -5 -9 -5 -9 -5 -10 -4 -10 -4 -10 -4 -10 0 0 -5 -10 -5 -11 -5 -11 -5 -11 -5 -11 -5 -11 -5 -11 -5 -11 -5 -11 -5 -12 -5 -11 -5 -12 -5 -11 -5 -11 -5 -11 -5 -12 -5 -12 -5 -12 -5 -11 -5 -11 -5 -11 -5 -11 -5 -11 -5 -11 -5 -11 -5 -10 0 0 0 0 0 0 0 0 0 0
1784740913.567122,54238,-48,11,1,7,1,-95,1,635071288,128,0 0 0 0 0 0 0 0 0 0 0 0 -5 4 -5 3 -5 3 -5 3 -6 3 -5 3 -6 3 -6 4 -6 3 -6 4 -6 4 -6 4 -6 4 -6 4 -7 4 -7 4 -7 4 -7 5 -7 5 -8 5 -8 5 -8 5 -8 5 -8 5 -8 5 -9 5 0 0 -9 5 -10 6 -9 6 -10 6 -9 6 -10 6 -10 6 -10 6 -10 6 -11 7 -11 6 -10 6 -10 6 -11 6 -11 7 -11 6 -11 6 -11 7 -11 7 -11 7 -11 7 -10 7 -10 7 -11 6 -11 7 -10 6 0 0 0 0 0 0 0 0 0 0
1784740913.578701,54239,-47,11,1,7,1,-95,1,635081410,128,0 0 0 0 0 0 0 0 0 0 0 0 4 -2 3 -3 4 -2 3 -3 4 -3 4 -3 4 -3 4 -3 4 -3 5 -3 5 -3 5 -3 6 -3 6 -3 6 -3 6 -4 6 -4 7 -4 7 -4 7 -4 8 -4 8 -4 9 -4 9 -4 9 -4 9 -4 0 0 10 -4 10 -4 10 -4 11 -4 10 -4 11 -4 10 -4 11 -4 11 -4 12 -4 11 -4 11 -4 11 -3 11 -3 12 -4 11 -4 12 -4 12 -4 11 -4 11 -5 11 -4 11 -5 12 -4 12 -4 11 -4 11 -4 0 0 0 0 0 0 0 0 0 0
1784740913.578701,54240,-45,11,1,7,1,-95,1,635091369,128,0 0 0 0 0 0 0 0 0 0 0 0 2 -5 2 -5 3 -5 3 -5 3 -5 3 -5 3 -6 3 -6 3 -6 4 -6 4 -6 5 -7 5 -7 5 -7 5 -7 6 -7 6 -8 6 -7 6 -8 6 -8 6 -8 7 -8 7 -8 8 -8 8 -8 8 -9 0 0 9 -9 9 -9 9 -9 9 -9 9 -9 9 -9 9 -9 9 -9 9 -9 9 -9 10 -9 9 -9 9 -9 9 -10 9 -9 9 -10 9 -9 9 -10 8 -10 8 -10 8 -10 8 -11 8 -10 9 -10 8 -10 9 -11 0 0 0 0 0 0 0 0 0 0
1784740913.594704,54241,-44,11,1,7,1,-95,1,635101358,128,0 0 0 0 0 0 0 0 0 0 0 0 0 6 0 6 -1 6 -1 7 -1 7 -1 7 -1 7 -1 8 -2 8 -2 8 -2 8 -2 8 -2 8 -2 9 -3 9 -3 9 -4 10 -3 9 -3 10 -4 10 -4 10 -4 10 -3 10 -4 10 -4 11 -4 11 0 0 -5 11 -5 11 -5 11 -5 11 -5 11 -5 12 -5 11 -5 12 -5 12 -4 12 -5 12 -4 12 -5 12 -5 13 -5 12 -5 12 -5 12 -4 12 -4 13 -4 13 -4 13 -4 13 -4 12 -4 13 -3 13 -4 13 0 0 0 0 0 0 0 0 0 0
1784740913.603701,54242,-44,11,1,7,1,-95,1,635111408,128,0 0 0 0 0 0 0 0 0 0 0 0 -1 -7 -1 -7 0 -8 0 -8 0 -8 0 -8 0 -9 1 -9 1 -9 1 -10 2 -10 2 -10 2 -10 2 -10 2 -10 2 -11 3 -11 3 -11 3 -11 3 -12 3 -11 3 -12 3 -12 4 -12 4 -12 4 -12 0 0 4 -12 3 -13 4 -12 4 -13 3 -13 3 -13 3 -13 3 -13 3 -13 3 -14 3 -13 3 -13 3 -13 3 -13 2 -14 2 -14 3 -14 2 -14 2 -14 2 -15 2 -14 1 -14 2 -15 2 -14 2 -14 2 -14 0 0 0 0 0 0 0 0 0 0
1784740913.610753,54243,-44,11,1,7,1,-95,1,635121418,128,0 0 0 0 0 0 0 0 0 0 0 0 -6 5 -7 4 -7 4 -8 4 -8 3 -9 4 -9 3 -9 3 -9 3 -9 3 -10 3 -10 3 -11 3 -11 3 -11 3 -11 2 -12 2 -11 2 -12 2 -12 2 -12 2 -12 1 -12 2 -12 1 -12 2 -13 2 0 0 -13 2 -13 1 -13 1 -12 2 -13 2 -13 2 -12 2 -12 3 -13 2 -13 3 -12 3 -12 3 -13 3 -13 4 -13 4 -13 4 -12 4 -12 4 -13 5 -13 5 -12 5 -13 5 -12 5 -12 5 -13 5 -13 5 0 0 0 0 0 0 0 0 0 0
1784740913.626520,54244,-44,11,1,7,1,-95,1,635131310,128,0 0 0 0 0 0 0 0 0 0 0 0 5 -7 5 -7 6 -6 7 -6 7 -6 7 -6 7 -6 8 -6 8 -6 8 -6 8 -5 9 -5 9 -5 9 -5 10 -5 10 -4 10 -4 10 -4 10 -4 10 -4 10 -4 10 -4 10 -4 10 -4 10 -4 11 -4 0 0 10 -4 11 -4 10 -4 10 -4 10 -4 10 -4 10 -5 10 -5 10 -5 10 -6 10 -6 10 -6 10 -6 10 -6 10 -6 10 -6 10 -6 10 -7 10 -7 10 -7 10 -8 10 -8 10 -8 10 -8 10 -8 10 -8 0 0 0 0 0 0 0 0 0 0
1784740913.626520,54245,-44,11,1,7,1,-95,1,635141776,128,0 0 0 0 0 0 0 0 0 0 0 0 -3 7 -3 7 -3 7 -4 7 -4 7 -4 8 -5 8 -5 8 -5 8 -6 7 -6 8 -7 7 -7 8 -7 7 -7 8 -7 7 -7 8 -7 8 -8 8 -8 8 -8 7 -8 8 -8 8 -9 7 -8 7 -8 7 0 0 -8 7 -8 8 -8 8 -7 8 -7 8 -7 8 -7 8 -7 8 -7 8 -7 9 -7 9 -7 9 -7 9 -6 9 -6 10 -6 10 -6 10 -6 11 -6 11 -6 11 -6 11 -6 11 -6 11 -6 11 -6 11 -6 12 0 0 0 0 0 0 0 0 0 0
1784740913.642345,54246,-44,11,1,7,1,-95,1,635151287,128,0 0 0 0 0 0 0 0 0 0 0 0 4 -6 5 -6 5 -6 6 -6 6 -6 6 -6 6 -5 7 -6 7 -5 7 -5 7 -5 7 -5 8 -5 8 -5 8 -5 8 -5 9 -5 9 -5 9 -5 9 -4 9 -5 9 -4 9 -5 9 -4 9 -5 9 -5 0 0 9 -5 9 -5 10 -5 9 -5 9 -5 9 -6 9 -6 9 -6 9 -6 9 -7 9 -7 9 -7 9 -7 10 -8 10 -7 10 -8 10 -8 10 -8 10 -8 10 -8 10 -9 10 -9 10 -9 10 -9 10 -9 11 -9 0 0 0 0 0 0 0 0 0 0
1784740913.658470,54247,-42,11,1,7,0,-95,1,635162822,128,0 0 0 0 0 0 0 0 0 0 0 0 -4 -6 -3 -6 -3 -6 -3 -6 -3 -7 -3 -7 -3 -7 -3 -7 -3 -7 -3 -7 -3 -8 -3 -8 -3 -8 -3 -9 -3 -9 -3 -9 -3 -9 -3 -9 -3 -10 -3 -10 -3 -10 -3 -10 -3 -10 -2 -11 -2 -11 -3 -11 0 0 -3 -12 -2 -11 -2 -12 -2 -11 -3 -12 -3 -12 -3 -12 -3 -12 -3 -12 -3 -12 -3 -13 -3 -12 -3 -13 -4 -13 -4 -12 -4 -13 -4 -13 -4 -13 -4 -13 -5 -13 -5 -13 -5 -14 -4 -13 -4 -14 -4 -14 -5 -14 0 0 0 0 0 0 0 0 0 0
1784740913.658470,54248,-44,11,1,7,1,-95,1,635171300,128,0 0 0 0 0 0 0 0 0 0 0 0 6 0 6 0 6 1 6 1 7 1 7 1 7 1 7 2 7 2 7 2 7 3 8 3 8 3 8 3 8 3 8 4 8 4 9 4 9 4 9 4 9 4 9 4 9 5 9 5 9 5 9 5 0 0 9 6 9 6 9 6 10 5 10 5 10 6 10 5 10 5 10 5 11 5 10 5 10 5 10 5 10 5 11 5 11 5 11 5 11 5 11 5 12 5 12 5 12 5 12 5 12 5 12 5 12 5 0 0 0 0 0 0 0 0 0 0
1784740913.674273,54249,-46,11,1,7,1,-95,1,635183373,128,0 0 0 0 0 0 0 0 0 0 0 0 -4 -8 -3 -8 -2 -8 -2 -9 -2 -9 -2 -9 -2 -9 -2 -9 -1 -10 -1 -9 -1 -10 -1 -10 -1 -10 -1 -11 -1 -11 0 -10 0 -11 0 -11 0 -12 0 -11 0 -11 1 -11 0 -11 0 -11 0 -11 0 -11 0 0 0 -12 0 -11 0 -11 0 -11 0 -11 0 -11 -1 -12 -1 -12 -1 -12 -1 -12 -1 -12 -2 -12 -2 -12 -2 -13 -2 -12 -2 -13 -2 -12 -2 -13 -2 -13 -2 -13 -3 -13 -2 -14 -3 -13 -3 -13 -3 -13 -3 -14 0 0 0 0 0 0 0 0 0 0
1784740913.674273,54250,-47,11,1,7,1,-95,1,635191530,128,0 0 0 0 0 0 0 0 0 0 0 0 -3 6 -3 6 -4 6 -4 6 -4 6 -4 6 -4 6 -4 6 -4 6 -5 6 -5 6 -6 6 -6 6 -6 6 -6 7 -6 7 -6 7 -6 7 -6 7 -6 7 -6 7 -6 7 -7 7 -7 7 -7 7 -7 7 0 0 -6 7 -6 7 -6 7 -6 8 -6 8 -6 8 -6 8 -6 9 -6 9 -6 9 -7 9 -6 9 -6 9 -6 10 -6 10 -6 10 -6 10 -6 11 -6 11 -6 11 -6 11 -6 12 -7 11 -7 11 -7 11 -7 11 0 0 0 0 0 0 0 0 0 0
1784740913.690029,54251,-46,11,1,7,1,-95,1,635202415,128,0 0 0 0 0 0 0 0 0 0 0 0 -4 3 -5 3 -5 3 -5 3 -5 3 -6 3 -5 3 -6 4 -6 4 -6 4 -6 4 -6 4 -6 4 -7 4 -8 4 -8 4 -8 4 -8 4 -9 4 -9 4 -9 4 -9 4 -9 5 -9 4 -9 4 -10 5 0 0 -10 5 -10 5 -11 5 -10 4 -10 5 -10 5 -11 5 -11 5 -11 5 -11 6 -11 6 -11 6 -11 6 -12 6 -12 6 -12 6 -12 6 -12 7 -13 7 -13 7 -13 7 -13 7 -12 7 -13 7 -13 7 -14 7 0 0 0 0 0 0 0 0 0 0
1784740913.705759,54252,-46,11,1,7,1,-95,1,635212996,128,0 0 0 0 0 0 0 0 0 0 0 0 -3 5 -3 5 -4 5 -4 5 -4 5 -5 5 -4 6 -5 6 -5 6 -5 6 -6 6 -6 6 -6 6 -7 7 -7 7 -7 6 -8 7 -7 7 -8 7 -8 7 -8 7 -8 7 -8 7 -8 7 -9 7 -9 7 0 0 -9 8 -9 8 -9 8 -9 8 -8 8 -9 8 -9 8 -9 9 -9 9 -8 9 -9 9 -9 10 -9 10 -9 10 -8 10 -9 11 -8 10 -9 11 -9 11 -9 11 -8 12 -9 11 -8 11 -9 11 -9 11 -9 12 0 0 0 0 0 0 0 0 0 0
1784740913.705759,54253,-45,11,1,7,1,-95,1,635221483,128,0 0 0 0 0 0 0 0 0 0 0 0 5 -4 5 -4 6 -3 6 -3 7 -3 7 -3 7 -3 7 -3 8 -3 8 -2 8 -2 9 -2 9 -2 9 -2 9 -2 10 -2 9 -2 10 -2 10 -2 10 -2 10 -1 10 -2 11 -1 10 -1 10 -1 10 -1 0 0 11 -1 11 -2 11 -2 12 -2 11 -2 11 -2 11 -2 11 -3 11 -3 12 -3 12 -3 12 -3 12 -3 12 -3 12 -4 12 -4 13 -4 13 -4 13 -4 13 -5 13 -4 13 -5 14 -4 14 -4 14 -4 13 -4 0 0 0 0 0 0 0 0 0 0
1784740913.721927,54254,-45,11,1,7,1,-95,1,635231827,128,0 0 0 0 0 0 0 0 0 0 0 0 -4 6 -4 6 -5 6 -5 6 -5 6 -6 6 -6 6 -6 6 -7 6 -7 6 -7 6 -7 6 -8 6 -8 6 -9 6 -9 6 -9 6 -9 6 -9 6 -9 5 -10 6 -10 5 -9 6 -9 5 -9 5 -9 6 0 0 -10 6 -9 6 -9 6 -9 6 -9 6 -9 6 -9 6 -9 7 -9 7 -8 7 -8 8 -8 8 -9 8 -9 9 -9 8 -9 9 -9 9 -9 9 -10 9 -10 9 -10 9 -10 10 -9 10 -10 10 -10 10 -10 10 0 0 0 0 0 0 0 0 0 0
1784740913.737750,54255,-45,11,1,7,1,-95,1,635241358,128,0 0 0 0 0 0 0 0 0 0 0 0 -4 5 -5 5 -5 5 -6 5 -6 5 -6 5 -6 5 -6 5 -7 5 -6 5 -7 5 -7 5 -7 6 -8 6 -8 6 -8 5 -9 5 -9 5 -9 5 -9 5 -9 5 -10 5 -9 5 -9 5 -9 5 -10 5 0 0 -10 5 -9 5 -10 5 -9 5 -9 5 -9 6 -9 6 -9 6 -10 6 -9 7 -10 8 -9 8 -10 8 -10 8 -10 8 -11 8 -10 8 -11 9 -11 9 -11 9 -11 9 -12 8 -11 9 -11 9 -11 9 -12 9 0 0 0 0 0 0 0 0 0 0
1784740913.737750,54256,-47,11,1,7,1,-95,1,635252713,128,0 0 0 0 0 0 0 0 0 0 0 0 7 -2 7 -2 8 -1 8 -1 8 -1 8 -1 8 -1 9 -1 9 0 9 0 9 0 9 0 10 0 10 0 10 0 10 1 11 1 10 1 11 1 11 1 11 2 11 2 10 1 11 2 11 2 11 1 0 0 11 1 11 1 11 2 11 1 11 1 11 1 11 1 12 0 12 1 12 0 12 0 13 0 13 0 14 0 13 0 14 0 13 0 14 0 14 0 14 0 14 0 14 0 14 0 14 0 14 0 15 0 0 0 0 0 0 0 0 0 0 0
1784740913.753970,54257,-47,11,1,7,1,-95,1,635261505,128,0 0 0 0 0 0 0 0 0 0 0 0 -8 -8 -7 -8 -7 -9 -6 -9 -6 -9 -6 -9 -6 -10 -6 -10 -6 -10 -5 -10 -5 -10 -5 -11 -5 -11 -5 -11 -5 -11 -4 -11 -4 -11 -5 -11 -4 -11 -4 -11 -4 -11 -4 -11 -5 -11 -5 -11 -5 -11 -5 -11 0 0 -5 -11 -5 -11 -5 -11 -6 -10 -6 -10 -6 -11 -6 -10 -7 -10 -7 -11 -8 -10 -8 -10 -8 -10 -8 -11 -9 -11 -9 -11 -9 -11 -9 -11 -9 -11 -9 -11 -9 -11 -9 -12 -9 -12 -10 -11 -10 -11 -10 -11 -10 -12 0 0 0 0 0 0 0 0 0 0
1784740913.753970,54258,-48,11,1,7,1,-95,1,635271376,128,0 0 0 0 0 0 0 0 0 0 0 0 -3 -9 -3 -9 -2 -10 -2 -10 -1 -10 -1 -10 -1 -10 -1 -10 -1 -10 -1 -10 0 -10 0 -10 0 -10 0 -10 0 -10 0 -10 0 -10 0 -10 0 -11 0 -10 0 -10 0 -10 0 -10 0 -10 0 -10 0 -11 0 0 0 -11 -1 -11 -1 -11 -1 -11 -1 -11 -2 -11 -2 -11 -2 -12 -2 -12 -3 -13 -3 -13 -3 -13 -3 -13 -3 -13 -3 -14 -3 -14 -3 -14 -3 -14 -3 -15 -4 -15 -4 -15 -3 -16 -3 -15 -3 -16 -3 -16 -3 -16 0 0 0 0 0 0 0 0 0 0
1784740913.770055,54259,-47,11,1,7,1,-95,1,635281404,128,0 0 0 0 0 0 0 0 0 0 0 0 8 3 7 4 7 5 7 5 7 5 7 5 7 5 7 6 7 6 7 6 7 6 7 7 7 7 7 7 7 7 7 7 7 8 7 8 7 8 7 8 7 8 7 8 7 8 6 8 6 8 6 8 0 0 7 8 7 8 7 8 7 8 7 7 8 7 7 7 8 7 8 7 9 7 9 7 9 6 9 7 9 6 10 6 10 7 10 7 11 7 11 7 11 7 12 7 12 7 12 7 12 8 12 8 12 8 0 0 0 0 0 0 0 0 0 0
1784740913.786200,54260,-49,11,1,7,1,-95,1,635291603,128,0 0 0 0 0 0 0 0 0 0 0 0 -10 5 -10 5 -11 4 -11 4 -11 3 -12 3 -12 3 -12 3 -12 2 -12 2 -12 2 -13 2 -13 1 -13 1 -13 1 -13 0 -13 0 -13 0 -13 0 -13 -1 -12 -1 -12 -1 -12 0 -11 0 -11 0 -11 0 0 0 -11 1 -11 1 -10 1 -10 2 -10 2 -9 2 -9 3 -9 3 -9 4 -9 5 -9 5 -9 5 -9 6 -9 6 -9 7 -9 7 -9 7 -9 8 -9 8 -10 8 -10 9 -10 8 -10 9 -10 9 -10 9 -10 9 0 0 0 0 0 0 0 0 0 0
1784740913.786200,54261,-51,11,1,7,1,-95,1,635301427,128,0 0 0 0 0 0 0 0 0 0 0 0 -5 6 -5 6 -6 5 -6 5 -6 5 -7 5 -7 5 -7 4 -7 4 -7 4 -7 3 -7 3 -7 3 -7 3 -7 3 -7 3 -6 3 -6 3 -6 3 -6 3 -5 3 -5 3 -4 3 -4 3 -4 3 -4 4 0 0 -3 5 -3 5 -3 5 -3 6 -2 6 -2 7 -2 7 -2 8 -2 8 -2 9 -2 9 -2 10 -2 10 -2 10 -2 11 -2 11 -3 11 -2 12 -3 12 -2 13 -2 13 -3 13 -3 13 -3 13 -3 14 -3 14 0 0 0 0 0 0 0 0 0 0
1784740913.804071,54262,-48,11,1,7,1,-95,1,635311371,128,0 0 0 0 0 0 0 0 0 0 0 0 -8 0 -8 -1 -8 -1 -8 -2 -7 -2 -7 -2 -7 -2 -7 -2 -7 -2 -7 -3 -7 -3 -7 -3 -7 -3 -7 -3 -7 -3 -7 -3 -7 -3 -7 -3 -7 -2 -7 -2 -7 -2 -8 -2 -8 -2 -8 -2 -8 -2 -8 -2 0 0 -9 -1 -9 -1 -9 -1 -10 -1 -10 0 -10 0 -10 0 -11 0 -11 0 -12 0 -12 0 -12 0 -12 0 -13 0 -13 1 -13 0 -14 0 -14 0 -14 0 -15 0 -14 0 -15 0 -15 -1 -15 -1 -15 -1 -16 -1 0 0 0 0 0 0 0 0 0 0
1784740913.818080,54263,-47,11,1,7,1,-95,1,635321335,128,0 0 0 0 0 0 0 0 0 0 0 0 6 6 6 6 5 6 5 7 5 7 5 7 4 7 5 8 4 8 4 8 4 8 4 8 4 8 4 8 4 9 3 9 3 9 3 9 3 9 3 9 3 9 3 9 4 9 4 9 4 9 4 9 0 0 4 9 4 9 4 9 5 9 5 9 5 9 6 9 6 9 6 9 7 9 7 9 7 9 8 9 8 10 8 10 8 10 8 10 8 11 8 11 8 11 8 11 8 11 9 10 9 11 9 11 9 11 0 0 0 0 0 0 0 0 0 0
1784740913.818080,54264,-48,11,1,7,1,-95,1,635331391,128,0 0 0 0 0 0 0 0 0 0 0 0 6 6 6 6 5 7 5 7 5 8 5 7 5 8 5 8 5 8 4 8 4 9 3 9 3 9 3 9 3 9 3 9 3 9 3 9 3 9 3 9 3 9 3 9 3 9 2 9 3 8 3 8 0 0 4 8 4 8 4 8 5 8 5 7 5 7 6 7 6 8 6 8 7 8 7 8 7 8 7 8 7 8 8 8 8 8 8 9 8 9 9 8 10 8 9 8 10 8 9 9 9 9 9 10 10 9 0 0 0 0 0 0 0 0 0 0
1784740913.834040,54265,-48,11,1,7,1,-95,1,635341377,128,0 0 0 0 0 0 0 0 0 0 0 0 7 -6 7 -5 8 -5 8 -5 8 -4 8 -4 8 -4 9 -3 9 -3 9 -3 9 -2 9 -2 9 -2 9 -2 9 -2 9 -2 9 -2 9 -2 9 -1 9 -2 9 -1 9 -2 9 -2 9 -2 9 -2 9 -2 0 0 8 -3 8 -3 8 -3 8 -3 8 -4 9 -4 8 -4 8 -5 8 -5 9 -6 9 -5 9 -6 9 -6 9 -6 9 -7 10 -7 10 -7 10 -8 10 -8 10 -8 10 -8 10 -9 11 -8 11 -8 11 -9 12 -9 0 0 0 0 0 0 0 0 0 0
1784740913.834040,54266,-47,11,1,7,1,-95,1,635352781,128,0 0 0 0 0 0 0 0 0 0 0 0 -8 -2 -8 -2 -8 -3 -8 -3 -8 -3 -8 -4 -8 -4 -8 -4 -8 -4 -8 -5 -8 -5 -8 -5 -8 -5 -8 -5 -9 -6 -8 -6 -9 -6 -8 -6 -9 -6 -8 -6 -8 -6 -8 -6 -8 -5 -8 -6 -8 -6 -8 -6 0 0 -8 -5 -9 -5 -9 -5 -9 -5 -9 -5 -9 -5 -9 -4 -10 -4 -10 -4 -10 -3 -11 -3 -11 -3 -11 -3 -12 -3 -12 -3 -13 -3 -12 -3 -13 -3 -13 -3 -14 -3 -14 -3 -14 -3 -14 -3 -14 -3 -15 -3 -15 -3 0 0 0 0 0 0 0 0 0 0
1784740913.850076,54267,-47,11,1,7,1,-95,1,635361441,128,0 0 0 0 0 0 0 0 0 0 0 0 7 -3 7 -2 8 -2 8 -1 8 -1 8 -1 8 -1 8 0 8 0 9 1 9 1 9 1 9 1 9 1 8 1 9 1 8 1 9 1 8 1 9 1 8 1 8 1 8 1 8 1 8 1 8 0 0 0 8 0 9 -1 8 -1 9 -2 8 -1 9 -2 9 -2 9 -2 9 -3 10 -3 10 -3 10 -3 10 -4 10 -4 12 -5 11 -5 12 -5 12 -5 12 -5 13 -5 13 -5 13 -5 14 -5 14 -5 14 -5 13 -5 0 0 0 0 0 0 0 0 0 0
1784740913.865877,54268,-47,11,1,7,1,-95,1,635371304,128,0 0 0 0 0 0 0 0 0 0 0 0 4 -9 5 -9 5 -8 6 -8 6 -8 6 -8 6 -7 7 -7 7 -7 7 -7 7 -7 8 -6 8 -6 8 -6 8 -6 8 -6 8 -6 8 -6 8 -6 7 -6 7 -6 7 -5 7 -6 7 -6 7 -6 7 -6 0 0 6 -7 6 -7 6 -7 6 -7 6 -8 5 -8 5 -8 5 -9 6 -9 6 -10 5 -10 6 -10 6 -10 6 -11 6 -11 6 -12 6 -11 6 -12 6 -12 7 -12 7 -12 7 -12 6 -12 7 -12 7 -13 7 -13 0 0 0 0 0 0 0 0 0 0
1784740913.865877,54269,-46,11,1,7,1,-95,1,635381543,128,0 0 0 0 0 0 0 0 0 0 0 0 8 -4 8 -3 9 -3 9 -2 9 -2 9 -2 9 -1 9 -1 9 -1 9 0 9 0 10 0 9 1 9 1 9 1 9 1 9 1 9 1 9 1 9 1 9 1 8 1 8 1 8 1 8 1 8 1 0 0 8 0 8 0 8 0 8 -1 8 -1 8 -1 8 -2 9 -2 9 -2 9 -3 9 -3 9 -3 9 -3 10 -3 10 -4 10 -4 10 -4 10 -4 11 -4 11 -4 11 -4 11 -4 11 -4 11 -4 11 -5 12 -5 0 0 0 0 0 0 0 0 0 0
1784740913.881938,54270,-47,11,1,7,1,-95,1,635391371,128,0 0 0 0 0 0 0 0 0 0 0 0 -7 -7 -7 -7 -6 -8 -6 -8 -6 -8 -5 -8 -5 -9 -5 -9 -5 -9 -4 -9 -4 -10 -4 -10 -4 -10 -3 -10 -3 -10 -3 -10 -3 -10 -3 -10 -3 -10 -3 -10 -3 -9 -3 -9 -3 -9 -3 -9 -3 -8 -3 -9 0 0 -4 -8 -4 -8 -4 -8 -5 -8 -5 -7 -5 -7 -6 -7 -6 -7 -6 -7 -7 -7 -7 -7 -7 -7 -7 -7 -8 -7 -9 -7 -9 -7 -9 -8 -9 -7 -10 -7 -10 -7 -10 -8 -10 -7 -11 -8 -10 -8 -10 -8 -11 -8 0 0 0 0 0 0 0 0 0 0
1784740913.898006,54271,-48,11,1,7,1,-95,1,635401416,128,0 0 0 0 0 0 0 0 0 0 0 0 -9 -3 -9 -4 -9 -5 -9 -5 -8 -5 -8 -6 -8 -6 -8 -6 -8 -7 -7 -6 -7 -7 -7 -7 -7 -8 -7 -8 -7 -8 -6 -7 -6 -8 -6 -7 -6 -7 -6 -7 -6 -7 -6 -7 -6 -6 -6 -6 -6 -6 -6 -6 0 0 -7 -6 -7 -5 -7 -5 -7 -5 -8 -5 -8 -4 -8 -4 -9 -4 -9 -4 -9 -4 -10 -4 -10 -4 -10 -4 -11 -4 -11 -4 -12 -4 -11 -4 -12 -4 -12 -4 -12 -4 -12 -4 -13 -4 -13 -4 -13 -5 -13 -5 -14 -5 0 0 0 0 0 0 0 0 0 0
1784740913.904248,54272,-49,11,1,7,1,-95,1,635413454,128,0 0 0 0 0 0 0 0 0 0 0 0 2 6 1 7 0 7 0 7 0 7 0 7 -1 7 0 7 -1 7 -1 7 -1 7 -1 7 -2 7 -1 7 -2 7 -2 7 -2 7 -2 7 -2 7 -1 7 -1 7 -1 7 -1 7 -1 7 -1 7 -1 7 0 0 0 8 0 8 0 8 0 8 1 8 1 8 1 8 2 9 2 9 2 9 2 9 3 10 3 10 3 10 3 11 3 11 3 11 3 12 3 11 3 12 4 12 3 12 3 12 3 12 3 13 3 13 0 0 0 0 0 0 0 0 0 0
1784740913.914091,54273,-49,11,1,7,1,-95,1,635421369,128,0 0 0 0 0 0 0 0 0 0 0 0 -6 -6 -5 -6 -5 -6 -5 -6 -5 -7 -5 -7 -4 -7 -4 -7 -5 -7 -4 -8 -4 -8 -4 -8 -4 -8 -4 -8 -4 -8 -4 -8 -4 -8 -4 -8 -4 -9 -4 -8 -4 -9 -4 -8 -4 -8 -4 -8 -4 -8 -4 -9 0 0 -4 -8 -5 -8 -5 -8 -5 -8 -5 -8 -6 -8 -6 -9 -6 -9 -7 -9 -8 -9 -8 -9 -8 -9 -8 -9 -8 -9 -9 -10 -9 -10 -9 -10 -9 -11 -9 -11 -9 -11 -9 -11 -10 -11 -9 -12 -9 -12 -10 -12 -10 -12 0 0 0 0 0 0 0 0 0 0
1784740913.930184,54274,-50,11,1,7,1,-95,1,635431339,128,0 0 0 0 0 0 0 0 0 0 0 0 -3 -5 -3 -6 -2 -6 -2 -6 -2 -6 -2 -7 -2 -6 -2 -7 -2 -7 -2 -7 -1 -7 -1 -7 -1 -8 -1 -8 -2 -8 -1 -8 -1 -8 -1 -8 -1 -8 -1 -8 -1 -8 -1 -8 -1 -8 -1 -8 -1 -8 -2 -8 0 0 -2 -9 -2 -9 -2 -9 -3 -9 -3 -9 -3 -9 -3 -9 -4 -10 -4 -10 -4 -10 -4 -11 -5 -11 -4 -11 -5 -12 -5 -12 -5 -12 -5 -12 -5 -13 -5 -13 -5 -13 -5 -13 -5 -14 -5 -13 -5 -14 -5 -14 -5 -15 0 0 0 0 0 0 0 0 0 0
1784740913.930184,54275,-49,11,1,7,1,-95,1,635441417,128,0 0 0 0 0 0 0 0 0 0 0 0 3 -1 3 -1 4 -1 3 0 4 0 4 0 4 0 4 0 4 0 4 -1 4 -1 5 -1 5 0 5 0 5 -1 5 -1 6 -1 6 -1 6 -1 6 -1 7 -1 7 -1 7 -1 7 -1 7 -1 7 -1 0 0 8 -1 9 -1 8 -1 9 -2 9 -2 9 -2 9 -2 10 -2 10 -2 11 -2 11 -2 11 -2 11 -2 12 -2 12 -3 12 -2 13 -2 13 -2 13 -3 14 -3 14 -2 14 -3 14 -2 14 -2 14 -2 15 -2 0 0 0 0 0 0 0 0 0 0
1784740913.946124,54276,-47,11,1,7,1,-95,1,635451327,128,0 0 0 0 0 0 0 0 0 0 0 0 4 -3 4 -2 5 -2 5 -2 5 -2 5 -2 5 -2 5 -2 5 -2 5 -2 6 -2 6 -2 6 -2 6 -2 6 -2 7 -2 7 -2 7 -2 7 -2 7 -3 7 -2 8 -3 8 -3 8 -2 8 -2 8 -3 0 0 9 -3 9 -3 9 -3 9 -3 9 -3 10 -4 10 -4 10 -4 10 -4 11 -4 11 -4 11 -4 11 -4 11 -5 12 -5 11 -5 12 -5 12 -5 12 -5 12 -6 12 -5 12 -6 13 -5 13 -5 13 -5 13 -5 0 0 0 0 0 0 0 0 0 0
1784740913.946124,54277,-46,11,1,7,1,-95,1,635461373,128,0 0 0 0 0 0 0 0 0 0 0 0 2 -7 2 -7 3 -7 3 -7 3 -7 4 -7 4 -7 4 -7 5 -7 4 -7 5 -7 5 -7 5 -7 6 -7 6 -7 6 -6 6 -7 6 -6 6 -7 6 -6 6 -6 6 -6 6 -6 6 -6 6 -6 6 -7 0 0 6 -7 6 -7 6 -7 6 -7 6 -7 6 -8 6 -8 6 -8 6 -8 6 -9 6 -9 6 -9 6 -9 6 -10 6 -9 7 -10 6 -9 7 -10 7 -10 7 -10 7 -11 7 -10 6 -10 7 -11 7 -11 7 -11 0 0 0 0 0 0 0 0 0 0
1784740913.961890,54278,-46,11,1,7,1,-95,1,635473915,128,0 0 0 0 0 0 0 0 0 0 0 0 -1 7 -1 7 -2 7 -2 7 -3 7 -3 7 -3 7 -3 8 -4 8 -4 8 -4 8 -4 8 -5 8 -5 8 -5 8 -5 8 -6 8 -6 7 -6 8 -6 7 -6 7 -6 7 -6 7 -5 7 -6 7 -5 7 0 0 -5 8 -5 8 -5 8 -4 8 -4 8 -4 8 -4 8 -3 9 -4 9 -3 10 -3 10 -3 10 -3 10 -3 11 -3 11 -3 12 -3 11 -3 12 -3 12 -3 13 -3 12 -4 13 -3 12 -3 13 -4 13 -3 13 0 0 0 0 0 0 0 0 0 0
1784740913.977691,54279,-46,11,1,7,1,-95,1,635481321,128,0 0 0 0 0 0 0 0 0 0 0 0 -6 3 -7 3 -7 3 -7 3 -7 2 -8 2 -7 2 -8 2 -8 2 -8 2 -8 1 -9 1 -9 1 -9 1 -9 1 -9 1 -9 1 -9 1 -9 1 -9 1 -9 1 -8 1 -9 1 -8 1 -8 1 -8 1 0 0 -8 2 -8 2 -8 3 -8 3 -8 3 -8 3 -9 4 -9 4 -9 5 -10 5 -10 5 -10 5 -10 5 -10 5 -10 6 -11 6 -11 6 -11 6 -11 6 -11 7 -11 7 -11 7 -12 7 -12 6 -12 7 -12 7 0 0 0 0 0 0 0 0 0 0
1784740913.977691,54280,-45,11,1,7,1,-95,1,635491447,128,0 0 0 0 0 0 0 0 0 0 0 0 -3 -7 -2 -7 -1 -7 -1 -8 -1 -8 -1 -8 -1 -8 0 -8 0 -8 0 -8 0 -8 1 -9 0 -8 1 -9 1 -9 1 -9 1 -9 1 -9 1 -9 1 -9 1 -9 2 -9 1 -9 1 -9 1 -9 1 -9 0 0 1 -9 1 -9 1 -9 0 -9 0 -9 0 -10 0 -10 0 -10 0 -11 0 -11 0 -11 -1 -11 -1 -12 -1 -12 -1 -12 -1 -12 -1 -12 -1 -12 -1 -13 -1 -13 -1 -13 0 -14 -1 -13 -1 -13 -1 -14 -1 -14 0 0 0 0 0 0 0 0 0 0
1784740913.993732,54281,-45,11,1,7,1,-95,1,635501390,128,0 0 0 0 0 0 0 0 0 0 0 0 6 4 6 4 6 5 5 5 5 5 5 5 5 6 5 6 5 6 5 7 4 7 4 7 4 7 4 7 4 7 4 8 4 7 4 8 3 7 4 8 4 8 4 8 4 8 3 7 3 7 3 7 0 0 4 7 4 7 4 7 5 7 5 7 5 7 5 6 6 7 6 6 7 7 7 7 7 7 7 7 7 7 8 7 8 6 9 7 9 7 9 7 9 7 9 7 10 7 10 8 9 8 9 8 10 8 0 0 0 0 0 0 0 0 0 0
1784740914.009522,54282,-45,11,1,7,1,-95,1,635511343,128,0 0 0 0 0 0 0 0 0 0 0 0 -8 -3 -8 -4 -8 -5 -8 -5 -8 -6 -8 -6 -7 -6 -8 -7 -7 -7 -7 -7 -7 -7 -7 -7 -7 -8 -6 -8 -7 -8 -6 -8 -6 -8 -6 -8 -6 -8 -6 -8 -6 -8 -5 -8 -6 -8 -6 -7 -5 -7 -6 -7 0 0 -6 -7 -6 -6 -6 -6 -6 -6 -7 -6 -7 -6 -7 -5 -8 -5 -8 -5 -9 -5 -9 -5 -9 -5 -10 -5 -10 -5 -10 -5 -11 -6 -10 -5 -11 -5 -11 -5 -11 -5 -12 -5 -12 -6 -12 -6 -12 -6 -12 -6 -13 -6 0 0 0 0 0 0 0 0 0 0
1784740914.017574,54283,-46,11,1,7,1,-95,1,635521434,128,0 0 0 0 0 0 0 0 0 0 0 0 2 -8 3 -8 3 -8 4 -8 4 -7 4 -8 5 -7 5 -7 5 -7 5 -7 5 -7 5 -7 6 -7 6 -7 6 -7 6 -6 7 -7 6 -6 6 -7 6 -6 6 -7 6 -6 5 -7 5 -6 5 -7 5 -7 0 0 5 -7 5 -7 5 -8 4 -8 4 -8 4 -9 4 -9 4 -9 4 -10 4 -10 3 -11 3 -11 3 -11 4 -12 4 -12 4 -12 4 -12 4 -13 5 -13 5 -13 4 -13 5 -13 5 -13 5 -14 5 -14 5 -14 0 0 0 0 0 0 0 0 0 0
1784740914.025544,54284,-45,11,1,7,1,-95,1,635531320,128,0 0 0 0 0 0 0 0 0 0 0 0 3 -7 3 -6 3 -6 3 -6 4 -6 3 -6 4 -6 4 -6 4 -6 4 -6 5 -6 5 -7 5 -7 5 -7 5 -7 5 -7 5 -7 6 -7 5 -7 6 -7 5 -7 6 -7 6 -8 6 -7 6 -7 6 -8 0 0 6 -8 6 -8 6 -8 6 -9 6 -9 6 -9 6 -10 6 -10 6 -10 6 -11 6 -11 6 -10 7 -10 7 -11 7 -12 6 -12 7 -12 7 -12 7 -12 7 -13 7 -13 7 -13 8 -13 8 -12 8 -12 8 -13 0 0 0 0 0 0 0 0 0 0
1784740914.025544,54285,-45,11,1,7,1,-95,1,635543468,128,0 0 0 0 0 0 0 0 0 0 0 0 -8 1 -8 1 -8 1 -8 0 -9 0 -8 0 -9 0 -9 0 -9 -1 -9 -1 -9 -1 -9 -1 -9 -2 -9 -2 -9 -1 -10 -2 -10 -2 -10 -2 -10 -2 -10 -2 -10 -2 -10 -2 -10 -2 -10 -3 -10 -2 -10 -2 0 0 -10 -2 -10 -2 -10 -2 -10 -1 -10 -1 -10 -1 -10 -1 -11 -1 -11 0 -12 0 -12 0 -12 0 -12 0 -12 0 -13 1 -13 1 -13 0 -13 0 -13 1 -14 1 -14 1 -13 1 -14 1 -14 1 -14 1 -14 1 0 0 0 0 0 0 0 0 0 0
1784740914.041416,54286,-46,11,1,7,1,-95,1,635551315,128,0 0 0 0 0 0 0 0 0 0 0 0 -7 -5 -7 -5 -7 -6 -7 -6 -6 -6 -6 -7 -6 -7 -6 -7 -6 -7 -6 -8 -6 -8 -6 -8 -6 -8 -6 -8 -6 -8 -5 -9 -5 -9 -5 -9 -5 -9 -5 -9 -5 -8 -5 -9 -5 -8 -5 -8 -5 -8 -6 -8 0 0 -6 -8 -6 -8 -6 -8 -6 -8 -7 -8 -7 -8 -7 -8 -8 -8 -8 -8 -9 -8 -9 -8 -9 -8 -9 -8 -10 -8 -10 -8 -10 -8 -10 -8 -11 -9 -11 -9 -11 -9 -11 -9 -11 -9 -11 -9 -11 -9 -11 -9 -12 -9 0 0 0 0 0 0 0 0 0 0
1784740914.057519,54287,-47,11,1,7,1,-95,1,635561385,128,0 0 0 0 0 0 0 0 0 0 0 0 -7 -4 -7 -4 -7 -4 -7 -5 -7 -5 -7 -5 -7 -5 -7 -6 -7 -6 -7 -6 -7 -6 -6 -7 -6 -7 -6 -7 -7 -7 -6 -7 -6 -7 -7 -7 -7 -7 -7 -7 -7 -6 -7 -7 -7 -7 -7 -6 -7 -6 -7 -6 0 0 -7 -6 -8 -6 -8 -6 -8 -6 -8 -6 -9 -6 -9 -5 -10 -6 -9 -5 -10 -6 -11 -6 -10 -6 -11 -6 -11 -6 -12 -6 -12 -6 -12 -6 -12 -7 -12 -6 -13 -6 -12 -7 -13 -6 -13 -7 -13 -7 -13 -7 -13 -7 0 0 0 0 0 0 0 0 0 0
1784740914.057519,54288,-47,11,1,7,1,-95,1,635572859,128,0 0 0 0 0 0 0 0 0 0 0 0 -8 3 -8 2 -8 2 -8 2 -9 1 -9 1 -9 1 -9 1 -9 1 -10 1 -9 0 -10 0 -10 0 -10 -1 -10 0 -10 -1 -10 0 -10 0 -10 -1 -10 0 -10 0 -10 0 -10 0 -10 -1 -10 -1 -10 0 0 0 -10 0 -11 0 -10 0 -11 1 -11 1 -11 1 -11 1 -11 1 -11 1 -12 2 -12 2 -12 2 -12 1 -12 2 -13 2 -13 2 -13 2 -13 2 -13 2 -13 2 -13 2 -13 2 -13 2 -14 2 -13 2 -13 2 0 0 0 0 0 0 0 0 0 0
1784740914.078334,54289,-47,11,1,7,1,-95,1,635581424,128,0 0 0 0 0 0 0 0 0 0 0 0 -3 -9 -3 -9 -2 -9 -2 -9 -1 -10 -1 -9 -1 -10 -1 -10 -1 -10 0 -10 0 -10 0 -10 1 -10 1 -10 1 -10 1 -11 1 -10 1 -11 1 -10 1 -10 1 -10 1 -10 1 -10 1 -10 1 -10 1 -10 0 0 1 -10 1 -10 1 -10 0 -11 0 -10 0 -11 -1 -11 -1 -11 -1 -11 -1 -11 -1 -11 -1 -11 -1 -11 -2 -11 -2 -12 -2 -12 -2 -12 -2 -12 -2 -12 -3 -12 -3 -12 -3 -12 -3 -12 -2 -12 -3 -12 -3 -12 0 0 0 0 0 0 0 0 0 0
1784740914.078334,54290,-48,11,1,7,1,-95,1,635591830,128,0 0 0 0 0 0 0 0 0 0 0 0 6 5 6 5 5 6 5 6 5 6 5 7 5 7 5 7 4 7 4 7 4 8 4 8 3 8 3 8 3 8 3 8 3 8 3 8 3 8 3 8 3 8 3 8 3 8 2 7 3 7 3 8 0 0 4 7 4 7 4 7 4 7 5 7 5 6 5 6 6 7 6 7 7 7 6 7 7 7 7 7 7 7 8 7 8 7 8 7 9 7 9 7 9 7 9 7 9 8 9 8 9 8 10 8 10 8 0 0 0 0 0 0 0 0 0 0
1784740914.095390,54291,-49,11,1,7,1,-95,1,635603061,128,0 0 0 0 0 0 0 0 0 0 0 0 2 -7 3 -7 3 -6 4 -6 4 -6 4 -6 4 -6 4 -6 4 -6 5 -6 5 -5 5 -6 5 -5 5 -5 5 -6 5 -5 5 -5 5 -6 5 -6 5 -6 4 -6 4 -6 5 -6 5 -6 4 -6 4 -6 0 0 4 -7 4 -7 4 -7 4 -8 4 -8 4 -8 3 -9 4 -9 4 -9 4 -10 4 -10 4 -10 4 -10 4 -10 4 -11 4 -11 5 -11 5 -12 5 -12 5 -12 5 -12 5 -12 6 -12 6 -12 6 -12 6 -13 0 0 0 0 0 0 0 0 0 0
1784740914.104836,54292,-48,11,1,7,1,-95,1,635611402,128,0 0 0 0 0 0 0 0 0 0 0 0 -7 0 -7 0 -7 -1 -7 -1 -7 -1 -7 -1 -7 -2 -8 -2 -8 -2 -7 -2 -8 -2 -7 -3 -8 -3 -8 -3 -8 -3 -8 -3 -8 -3 -8 -3 -8 -3 -8 -2 -8 -2 -8 -3 -8 -2 -8 -3 -8 -3 -8 -2 0 0 -8 -2 -8 -2 -8 -2 -9 -2 -9 -1 -9 -1 -9 -1 -9 -1 -9 -1 -10 -1 -10 0 -10 -1 -10 0 -10 0 -11 0 -11 0 -11 0 -11 0 -12 0 -12 0 -12 0 -12 0 -12 0 -12 0 -12 0 -12 0 0 0 0 0 0 0 0 0 0 0
1784740914.104836,54293,-47,11,1,7,1,-95,1,635621320,128,0 0 0 0 0 0 0 0 0 0 0 0 5 -5 5 -5 5 -4 6 -4 6 -4 6 -4 6 -4 6 -3 7 -4 7 -3 7 -3 7 -3 7 -3 7 -3 7 -2 8 -2 7 -2 8 -2 8 -2 8 -2 7 -2 7 -2 7 -2 7 -2 7 -2 7 -2 0 0 7 -2 7 -2 7 -3 7 -3 7 -3 7 -3 7 -4 7 -4 7 -4 8 -5 7 -4 7 -5 8 -5 8 -5 8 -6 8 -6 8 -5 9 -6 8 -6 9 -6 9 -6 9 -6 9 -6 9 -6 9 -6 9 -7 0 0 0 0 0 0 0 0 0 0
1784740914.120839,54294,-46,11,1,7,1,-95,1,635631341,128,0 0 0 0 0 0 0 0 0 0 0 0 0 -7 1 -7 1 -7 2 -7 2 -7 2 -7 3 -7 3 -7 4 -7 3 -7 3 -7 4 -7 4 -7 4 -7 4 -7 5 -6 5 -6 4 -6 5 -6 5 -6 5 -6 5 -6 4 -7 4 -7 4 -7 5 -7 0 0 5 -7 5 -7 5 -7 4 -7 4 -8 4 -8 4 -8 4 -9 5 -9 4 -9 4 -9 4 -10 5 -10 4 -10 5 -10 5 -11 5 -10 5 -11 5 -11 5 -11 5 -11 6 -11 5 -11 5 -12 5 -12 6 -12 0 0 0 0 0 0 0 0 0 0
1784740914.136926,54295,-45,11,1,7,1,-95,1,635641409,128,0 0 0 0 0 0 0 0 0 0 0 0 5 -3 6 -3 6 -2 6 -2 7 -2 6 -1 7 -1 7 -1 7 -1 7 -1 7 -1 7 0 7 0 7 0 7 0 7 0 7 0 8 0 8 0 8 0 8 0 8 0 8 0 8 0 8 0 8 0 0 0 9 0 9 0 9 0 10 -1 9 -1 10 0 10 -1 10 -1 10 -1 11 -1 11 -1 11 -1 11 -1 11 -1 12 -1 11 -1 12 -1 12 -1 12 -1 13 -2 13 -1 13 -1 13 -1 13 -1 13 -1 13 -1 0 0 0 0 0 0 0 0 0 0
1784740914.136926,54296,-45,11,1,7,1,-95,1,635651298,128,0 0 0 0 0 0 0 0 0 0 0 0 1 -7 2 -7 2 -6 3 -6 3 -6 3 -6 3 -6 3 -6 4 -6 4 -6 4 -6 4 -6 4 -6 4 -6 4 -7 4 -6 5 -7 4 -7 5 -7 5 -7 5 -7 5 -7 5 -7 5 -7 5 -7 5 -8 0 0 5 -8 5 -8 6 -8 5 -8 5 -8 5 -9 5 -9 5 -9 6 -9 5 -10 5 -10 5 -10 6 -10 6 -10 5 -10 6 -11 6 -10 6 -11 6 -11 6 -11 6 -12 6 -11 6 -11 6 -11 6 -12 6 -12 0 0 0 0 0 0 0 0 0 0
1784740914.152871,54297,-45,11,1,7,1,-95,1,635661366,128,0 0 0 0 0 0 0 0 0 0 0 0 3 -5 4 -5 4 -5 4 -5 5 -5 5 -5 5 -5 5 -5 5 -4 5 -4 5 -5 6 -5 6 -4 6 -4 6 -4 7 -4 7 -4 7 -4 7 -4 7 -4 7 -4 7 -4 7 -5 7 -4 7 -4 8 -5 0 0 8 -5 8 -5 8 -5 8 -5 8 -5 8 -5 8 -5 8 -6 9 -6 8 -6 8 -7 9 -7 9 -7 9 -7 9 -7 10 -7 9 -7 10 -7 10 -7 10 -7 10 -8 10 -7 10 -8 10 -8 10 -8 10 -8 0 0 0 0 0 0 0 0 0 0
1784740914.160654,54298,-45,11,1,7,1,-95,1,635671379,128,0 0 0 0 0 0 0 0 0 0 0 0 -6 -3 -5 -3 -6 -4 -5 -4 -6 -5 -5 -5 -5 -5 -5 -5 -6 -5 -5 -6 -5 -6 -5 -6 -5 -6 -5 -6 -5 -6 -6 -7 -5 -7 -6 -7 -5 -7 -6 -7 -6 -7 -6 -7 -6 -7 -6 -8 -6 -7 -6 -7 0 0 -6 -7 -7 -8 -6 -7 -7 -8 -7 -7 -7 -8 -8 -7 -8 -7 -8 -7 -9 -8 -9 -8 -9 -8 -9 -8 -9 -8 -10 -8 -10 -7 -10 -9 -10 -8 -10 -8 -11 -8 -11 -8 -11 -8 -11 -9 -11 -10 -11 -9 -11 -9 0 0 0 0 0 0 0 0 0 0
1784740914.168869,54299,-44,11,1,7,1,-95,1,635681349,128,0 0 0 0 0 0 0 0 0 0 0 0 -1 -7 0 -8 0 -8 1 -8 1 -7 1 -8 1 -8 1 -8 2 -8 2 -8 2 -8 2 -8 3 -8 3 -9 3 -9 3 -8 3 -9 3 -9 4 -9 3 -9 3 -9 4 -9 3 -9 4 -9 4 -9 4 -10 0 0 4 -9 4 -9 4 -10 3 -9 3 -10 3 -10 3 -10 3 -10 3 -10 3 -11 3 -11 3 -11 3 -11 3 -12 2 -11 3 -12 2 -12 2 -13 2 -13 2 -13 3 -13 2 -13 2 -13 3 -13 2 -14 2 -14 0 0 0 0 0 0 0 0 0 0
1784740914.184922,54300,-44,11,1,7,1,-95,1,635691475,128,0 0 0 0 0 0 0 0 0 0 0 0 5 4 5 5 5 5 4 6 4 6 4 6 4 6 4 7 4 7 4 7 4 7 4 8 4 8 3 8 3 8 3 9 3 9 3 9 3 9 3 9 3 9 3 10 3 10 3 10 3 10 3 10 0 0 3 10 3 10 3 10 3 10 3 10 3 10 3 9 3 10 4 10 4 10 4 10 4 10 5 10 4 10 5 10 5 10 5 10 5 10 6 10 6 10 6 10 6 10 6 10 6 10 6 10 7 11 0 0 0 0 0 0 0 0 0 0
1784740914.184922,54301,-44,11,1,7,1,-95,1,635701323,128,0 0 0 0 0 0 0 0 0 0 0 0 -2 7 -3 7 -3 7 -4 7 -4 8 -4 7 -5 8 -5 7 -5 8 -6 7 -6 7 -7 7 -7 7 -7 7 -7 7 -8 8 -7 7 -8 8 -8 7 -9 7 -9 7 -9 7 -9 7 -9 7 -9 7 -9 6 0 0 -9 6 -9 7 -8 7 -8 7 -8 7 -8 7 -8 7 -8 8 -7 7 -8 8 -8 8 -7 8 -7 8 -7 8 -7 9 -7 9 -7 10 -7 10 -7 10 -7 10 -7 10 -6 10 -7 10 -7 10 -7 11 -7 11 0 0 0 0 0 0 0 0 0 0
1784740914.205129,54302,-44,11,1,7,1,-95,1,635711392,128,0 0 0 0 0 0 0 0 0 0 0 0 -4 6 -5 7 -5 6 -6 6 -6 6 -7 6 -7 5 -7 6 -8 5 -7 5 -8 5 -8 5 -9 5 -9 5 -9 5 -9 4 -10 5 -9 4 -10 4 -10 4 -10 4 -10 4 -9 4 -10 4 -10 4 -10 4 0 0 -10 4 -9 4 -10 4 -9 4 -9 4 -9 5 -9 4 -9 5 -9 5 -9 6 -9 6 -9 6 -9 6 -9 7 -8 6 -9 7 -8 7 -9 8 -9 8 -9 8 -9 8 -9 9 -8 8 -9 9 -9 9 -9 10 0 0 0 0 0 0 0 0 0 0
1784740914.216609,54303,-44,11,1,7,1,-95,1,635721367,128,0 0 0 0 0 0 0 0 0 0 0 0 7 2 7 3 6 4 6 4 6 4 6 4 6 5 6 5 6 5 6 6 6 6 5 6 5 7 5 6 5 6 5 7 5 7 5 7 5 7 5 7 5 7 5 7 5 7 5 7 5 7 5 7 0 0 5 7 5 7 5 6 6 7 5 6 5 6 6 6 6 6 6 6 7 6 7 6 7 5 7 6 8 5 8 5 8 5 8 6 9 5 9 5 9 5 10 5 10 5 10 6 10 6 11 6 11 6 0 0 0 0 0 0 0 0 0 0
1784740914.216609,54304,-44,11,1,7,1,-95,1,635731363,128,0 0 0 0 0 0 0 0 0 0 0 0 5 4 5 4 5 5 4 6 4 6 4 6 4 6 4 6 4 7 3 7 3 7 3 8 3 8 3 8 3 8 3 8 3 8 3 8 2 8 3 9 2 8 3 8 2 9 2 8 2 9 2 9 0 0 2 8 3 8 2 8 3 9 3 8 3 8 3 8 4 8 4 8 4 9 4 8 5 8 5 8 5 9 6 9 6 9 6 10 6 9 7 9 7 9 7 10 7 9 7 10 7 11 7 11 7 11 0 0 0 0 0 0 0 0 0 0
1784740914.232769,54305,-44,11,1,7,1,-95,1,635743816,128,0 0 0 0 0 0 0 0 0 0 0 0 3 -8 3 -8 4 -8 4 -8 5 -7 5 -8 5 -7 6 -7 6 -7 6 -7 7 -7 7 -7 7 -7 8 -7 8 -7 8 -7 8 -7 8 -7 9 -7 8 -7 8 -7 9 -7 8 -7 8 -6 8 -6 8 -7 0 0 8 -7 8 -7 8 -7 8 -7 7 -8 8 -8 7 -8 7 -8 7 -8 7 -9 7 -9 7 -9 7 -10 7 -10 7 -10 7 -11 7 -10 7 -11 7 -11 7 -12 7 -12 7 -12 7 -12 7 -12 7 -13 8 -13 0 0 0 0 0 0 0 0 0 0
1784740914.248911,54306,-44,11,1,7,1,-95,1,635751330,128,0 0 0 0 0 0 0 0 0 0 0 0 -2 8 -3 8 -4 8 -4 8 -4 8 -4 8 -5 8 -5 8 -5 8 -6 8 -6 8 -7 8 -7 7 -7 8 -7 8 -7 8 -7 8 -8 8 -8 8 -7 8 -7 8 -7 8 -7 8 -7 7 -8 7 -7 8 0 0 -7 8 -7 8 -7 8 -7 8 -6 8 -6 8 -6 9 -6 9 -6 9 -5 10 -6 10 -5 10 -5 10 -5 10 -5 11 -5 11 -5 11 -5 11 -4 11 -4 12 -4 12 -4 12 -4 12 -5 12 -4 13 -4 13 0 0 0 0 0 0 0 0 0 0
1784740914.248911,54307,-44,11,1,7,1,-95,1,635761363,128,0 0 0 0 0 0 0 0 0 0 0 0 -1 8 -1 8 -2 8 -3 8 -3 8 -3 8 -4 8 -4 8 -4 8 -5 8 -5 8 -5 8 -6 8 -6 8 -6 8 -6 8 -6 8 -6 8 -7 8 -6 8 -7 8 -7 8 -6 8 -7 8 -7 8 -7 8 0 0 -7 8 -6 8 -6 8 -6 8 -6 9 -6 9 -6 9 -6 9 -6 9 -6 10 -6 10 -5 10 -5 10 -5 11 -5 11 -5 11 -5 11 -5 11 -5 11 -5 12 -5 12 -5 12 -5 12 -6 12 -5 12 -6 13 0 0 0 0 0 0 0 0 0 0
1784740914.267637,54308,-43,11,1,7,1,-95,1,635771302,128,0 0 0 0 0 0 0 0 0 0 0 0 7 0 7 1 7 1 7 2 7 2 7 2 7 2 8 3 7 3 7 3 8 3 8 3 8 4 8 4 8 4 8 4 8 5 8 5 8 5 8 5 8 5 8 5 8 5 8 5 8 5 9 5 0 0 9 5 9 5 9 5 9 5 9 5 9 5 9 5 9 5 10 5 10 4 10 4 11 4 11 4 11 4 11 4 12 4 11 4 12 4 12 4 12 5 12 4 13 4 13 4 13 4 13 4 14 5 0 0 0 0 0 0 0 0 0 0
1784740914.267637,54309,-43,11,1,7,1,-95,1,635781406,128,0 0 0 0 0 0 0 0 0 0 0 0 3 7 2 7 2 8 2 8 1 8 1 8 1 9 1 9 1 9 0 9 0 9 0 9 -1 9 -1 9 -1 10 -1 10 -1 10 -1 10 -1 10 -1 10 -1 10 -1 10 -1 11 -2 10 -2 10 -2 10 0 0 -1 10 -1 11 -1 10 -1 11 -1 10 -1 11 0 10 0 11 0 11 1 11 1 11 1 11 1 11 1 11 2 12 2 11 2 12 2 12 2 12 3 13 3 12 3 13 3 13 3 13 3 13 3 13 0 0 0 0 0 0 0 0 0 0
1784740914.280550,54310,-43,11,1,7,1,-95,1,635791382,128,0 0 0 0 0 0 0 0 0 0 0 0 8 -4 8 -4 8 -3 9 -3 9 -2 9 -2 9 -2 9 -1 10 -1 10 -1 10 -1 10 0 10 0 10 0 10 0 10 1 10 1 10 1 10 1 11 1 10 1 10 1 11 1 10 1 10 1 11 1 0 0 11 1 10 1 10 1 10 0 10 0 10 0 10 0 10 0 11 0 11 -1 11 -1 11 -1 11 -1 11 -1 11 -2 11 -2 11 -2 11 -3 11 -3 12 -3 12 -3 12 -4 12 -3 12 -3 12 -4 13 -4 0 0 0 0 0 0 0 0 0 0
1784740914.296481,54311,-43,11,1,7,1,-95,1,635801298,128,0 0 0 0 0 0 0 0 0 0 0 0 -8 -3 -8 -4 -8 -4 -8 -4 -8 -5 -8 -5 -8 -5 -8 -6 -8 -6 -8 -6 -8 -6 -8 -7 -8 -7 -8 -7 -8 -7 -8 -8 -8 -8 -8 -8 -8 -8 -8 -8 -8 -8 -8 -8 -8 -8 -8 -8 -8 -8 -8 -8 0 0 -8 -8 -8 -8 -8 -8 -8 -8 -8 -8 -8 -8 -8 -8 -9 -7 -9 -7 -9 -7 -9 -7 -9 -7 -9 -7 -10 -7 -10 -7 -10 -7 -11 -7 -11 -7 -11 -7 -12 -7 -11 -7 -12 -6 -12 -6 -12 -7 -12 -6 -12 -6 0 0 0 0 0 0 0 0 0 0
1784740914.305593,54312,-44,11,1,7,1,-95,1,635811402,128,0 0 0 0 0 0 0 0 0 0 0 0 -3 -8 -2 -8 -2 -9 -2 -9 -1 -9 -1 -9 -1 -9 -1 -10 -1 -10 0 -10 0 -10 1 -10 1 -10 1 -10 1 -10 1 -11 1 -11 1 -11 2 -11 2 -11 2 -11 2 -11 2 -11 2 -11 2 -11 2 -11 0 0 1 -11 1 -11 1 -11 1 -11 1 -11 1 -11 0 -11 0 -12 0 -11 0 -12 -1 -12 -1 -12 -1 -12 -1 -12 -2 -13 -2 -12 -2 -14 -1 -14 -2 -13 -2 -14 -2 -14 -3 -14 -2 -15 -2 -15 -2 -15 -2 -15 0 0 0 0 0 0 0 0 0 0
1784740914.316613,54313,-45,11,1,7,1,-95,1,635823076,128,0 0 0 0 0 0 0 0 0 0 0 0 -4 7 -4 7 -5 7 -5 7 -6 7 -6 7 -7 7 -7 7 -7 7 -8 7 -8 6 -9 6 -9 6 -9 6 -9 6 -9 6 -9 5 -10 6 -9 5 -9 5 -9 5 -9 5 -10 5 -9 5 -9 5 -9 5 0 0 -8 5 -9 6 -8 5 -9 6 -8 6 -8 6 -8 7 -8 7 -7 7 -8 8 -8 8 -7 8 -7 8 -7 8 -7 10 -7 9 -8 10 -8 10 -7 10 -8 11 -8 11 -7 11 -8 11 -9 11 -9 11 -8 11 0 0 0 0 0 0 0 0 0 0
1784740914.316613,54314,-46,11,1,7,1,-95,1,635831402,128,0 0 0 0 0 0 0 0 0 0 0 0 6 5 6 6 6 7 5 7 5 7 5 7 4 8 4 8 4 8 4 9 3 9 3 9 3 9 3 9 3 9 2 9 2 9 2 9 2 9 2 9 2 9 2 9 2 9 2 8 2 8 3 9 0 0 3 8 3 9 3 8 3 8 3 8 4 8 4 8 5 8 5 8 5 9 5 9 6 8 6 9 6 9 6 9 7 9 7 9 7 9 8 10 8 10 8 10 9 10 9 11 9 11 9 11 9 11 0 0 0 0 0 0 0 0 0 0
1784740914.328745,54315,-47,11,1,7,1,-95,1,635841381,128,0 0 0 0 0 0 0 0 0 0 0 0 -6 -5 -6 -6 -6 -7 -5 -7 -5 -7 -5 -7 -5 -8 -5 -8 -5 -8 -4 -8 -4 -8 -3 -9 -3 -8 -3 -8 -3 -9 -3 -9 -3 -8 -4 -9 -3 -9 -4 -9 -4 -9 -4 -9 -4 -9 -4 -8 -4 -9 -4 -9 0 0 -4 -8 -5 -9 -5 -8 -5 -9 -5 -8 -6 -8 -6 -8 -6 -9 -6 -8 -7 -9 -7 -9 -7 -9 -8 -9 -8 -9 -9 -9 -9 -9 -9 -10 -10 -10 -10 -10 -10 -10 -10 -10 -11 -10 -11 -11 -11 -12 -11 -12 -11 -12 0 0 0 0 0 0 0 0 0 0
1784740914.344942,54316,-47,11,1,7,1,-95,1,635851295,128,0 0 0 0 0 0 0 0 0 0 0 0 -7 3 -8 3 -8 2 -9 2 -9 1 -9 1 -9 1 -9 1 -9 1 -9 1 -9 0 -10 0 -10 0 -10 0 -10 0 -10 -1 -10 0 -10 0 -10 0 -10 0 -10 0 -10 0 -10 0 -10 0 -10 0 -10 0 0 0 -11 1 -11 1 -11 1 -11 1 -11 2 -11 2 -11 2 -11 2 -11 3 -12 3 -12 3 -12 4 -12 4 -13 4 -13 4 -13 5 -13 5 -13 5 -14 5 -14 6 -14 6 -15 6 -15 6 -15 5 -16 6 -16 6 0 0 0 0 0 0 0 0 0 0
1784740914.344942,54317,-48,11,1,7,1,-95,1,635861387,128,0 0 0 0 0 0 0 0 0 0 0 0 -6 -4 -6 -4 -6 -5 -6 -5 -6 -5 -6 -5 -6 -5 -7 -6 -6 -6 -6 -6 -6 -7 -6 -7 -6 -7 -6 -7 -6 -7 -6 -7 -6 -7 -7 -8 -6 -7 -7 -8 -7 -7 -7 -8 -7 -8 -7 -8 -7 -8 -7 -8 0 0 -8 -8 -8 -8 -8 -7 -9 -8 -8 -7 -9 -7 -9 -7 -10 -7 -10 -7 -10 -7 -10 -7 -11 -7 -11 -7 -11 -7 -12 -7 -12 -7 -13 -8 -13 -8 -13 -8 -14 -8 -14 -8 -14 -8 -14 -9 -14 -9 -14 -9 -14 -9 0 0 0 0 0 0 0 0 0 0
1784740914.360973,54318,-48,11,1,7,1,-95,1,635871375,128,0 0 0 0 0 0 0 0 0 0 0 0 -2 5 -2 5 -3 5 -3 5 -3 5 -3 5 -3 5 -3 5 -4 5 -4 5 -4 5 -5 5 -5 5 -5 5 -5 6 -5 6 -5 6 -5 6 -5 6 -5 6 -5 6 -6 6 -5 6 -6 6 -6 6 -6 7 0 0 -6 7 -6 7 -6 7 -6 8 -6 8 -6 8 -6 8 -6 9 -6 9 -6 10 -6 10 -6 10 -6 10 -6 10 -6 11 -6 11 -7 11 -7 11 -7 12 -7 12 -7 12 -7 12 -8 12 -8 12 -8 12 -8 12 0 0 0 0 0 0 0 0 0 0
1784740914.378861,54319,-48,11,1,7,1,-95,1,635882512,128,0 0 0 0 0 0 0 0 0 0 0 0 5 -3 5 -3 5 -2 5 -2 6 -2 6 -2 6 -2 6 -2 6 -2 7 -1 7 -1 7 -1 7 -1 7 -1 7 0 8 0 8 0 8 0 8 0 8 0 8 0 8 0 8 0 8 0 8 0 9 0 0 0 9 0 9 -1 9 -1 9 -1 9 -1 9 -1 9 -1 10 -2 10 -2 10 -2 10 -2 10 -2 10 -2 10 -2 11 -3 11 -3 12 -3 12 -3 12 -3 12 -3 12 -3 12 -3 13 -3 13 -3 13 -3 13 -3 0 0 0 0 0 0 0 0 0 0
1784740914.378861,54320,-47,11,1,7,1,-95,1,635891385,128,0 0 0 0 0 0 0 0 0 0 0 0 6 -1 6 -1 7 0 6 0 7 0 7 0 7 1 7 1 7 1 7 2 7 2 7 2 7 3 7 3 8 3 8 3 8 3 8 3 8 3 8 3 8 3 8 3 8 4 8 4 8 4 8 4 0 0 8 4 8 3 8 3 8 3 8 3 9 3 9 3 9 2 9 2 10 3 9 3 9 2 10 2 10 2 10 2 11 2 11 2 11 2 11 1 12 1 12 1 12 1 12 2 12 2 12 2 12 2 0 0 0 0 0 0 0 0 0 0
1784740914.393060,54321,-46,11,1,7,1,-95,1,635901336,128,0 0 0 0 0 0 0 0 0 0 0 0 -1 -8 0 -8 0 -8 0 -8 1 -9 1 -8 2 -8 2 -9 2 -9 3 -9 3 -9 3 -9 4 -9 3 -9 4 -9 4 -9 4 -9 4 -9 5 -9 4 -9 5 -9 5 -9 5 -9 5 -9 5 -9 5 -9 0 0 5 -9 5 -9 5 -9 5 -9 4 -10 4 -9 4 -10 4 -10 4 -10 4 -10 4 -11 4 -10 3 -10 3 -11 3 -11 3 -12 3 -11 3 -12 3 -12 3 -12 3 -12 3 -12 2 -12 2 -12 2 -12 2 -13 0 0 0 0 0 0 0 0 0 0
1784740914.408832,54322,-45,11,1,7,1,-95,1,635911272,128,0 0 0 0 0 0 0 0 0 0 0 0 1 -8 2 -8 3 -8 3 -8 3 -8 3 -8 4 -8 4 -8 4 -8 5 -8 5 -8 5 -8 5 -8 6 -8 5 -8 6 -8 6 -8 6 -8 6 -8 6 -9 7 -8 6 -9 7 -8 7 -8 7 -8 7 -8 0 0 7 -9 7 -9 7 -8 7 -9 6 -9 7 -9 6 -9 6 -10 6 -10 6 -11 6 -10 6 -10 6 -10 6 -10 6 -11 5 -11 6 -12 6 -12 5 -12 5 -12 5 -12 5 -12 6 -13 6 -12 5 -12 5 -12 0 0 0 0 0 0 0 0 0 0
1784740914.408832,54323,-44,11,1,7,1,-95,1,635921328,128,0 0 0 0 0 0 0 0 0 0 0 0 5 -5 6 -5 6 -4 6 -4 7 -4 7 -4 7 -4 7 -4 8 -4 8 -3 8 -3 8 -3 9 -3 9 -2 9 -3 9 -2 10 -2 10 -3 10 -2 10 -2 10 -2 10 -2 11 -2 10 -2 10 -2 11 -2 0 0 11 -2 11 -2 10 -2 11 -2 10 -2 11 -2 11 -2 11 -3 11 -3 12 -3 11 -3 11 -3 11 -3 11 -3 11 -4 11 -4 12 -4 12 -4 12 -4 12 -5 12 -5 12 -5 12 -5 12 -5 12 -5 12 -5 0 0 0 0 0 0 0 0 0 0
1784740914.428585,54324,-44,11,1,7,1,-95,1,635931304,128,0 0 0 0 0 0 0 0 0 0 0 0 -5 -6 -4 -6 -4 -7 -4 -7 -4 -7 -4 -8 -4 -8 -4 -8 -3 -9 -3 -9 -3 -9 -3 -9 -3 -10 -3 -10 -3 -10 -2 -10 -2 -11 -2 -11 -2 -11 -2 -11 -2 -11 -2 -12 -2 -11 -2 -12 -2 -12 -2 -12 0 0 -2 -12 -1 -12 -1 -12 -1 -12 -2 -12 -2 -12 -2 -12 -2 -12 -2 -12 -3 -12 -3 -12 -3 -12 -3 -12 -3 -13 -3 -12 -3 -13 -3 -12 -4 -13 -4 -13 -4 -13 -4 -13 -4 -13 -4 -12 -5 -13 -5 -13 -5 -13 0 0 0 0 0 0 0 0 0 0
1784740914.428585,54325,-44,11,1,7,1,-95,1,635941388,128,0 0 0 0 0 0 0 0 0 0 0 0 -7 -2 -7 -3 -7 -3 -7 -4 -7 -4 -7 -4 -7 -5 -8 -5 -7 -5 -7 -5 -7 -6 -7 -6 -7 -6 -8 -6 -8 -7 -7 -7 -7 -7 -7 -7 -7 -8 -7 -8 -7 -8 -7 -8 -8 -8 -7 -8 -7 -8 -7 -8 0 0 -7 -9 -7 -9 -7 -9 -8 -9 -7 -8 -7 -8 -8 -8 -8 -8 -8 -9 -8 -8 -9 -8 -9 -8 -9 -8 -9 -8 -9 -8 -9 -8 -9 -8 -10 -8 -10 -8 -10 -8 -10 -8 -11 -8 -11 -8 -11 -8 -11 -8 -11 -8 0 0 0 0 0 0 0 0 0 0
1784740914.440468,54326,-45,11,1,7,1,-95,1,635951347,128,0 0 0 0 0 0 0 0 0 0 0 0 -5 -6 -4 -6 -4 -7 -3 -7 -4 -7 -3 -7 -3 -8 -3 -8 -3 -8 -2 -8 -2 -8 -2 -8 -2 -9 -2 -9 -2 -9 -2 -9 -2 -9 -2 -9 -2 -9 -2 -9 -2 -9 -2 -9 -1 -10 -1 -9 -1 -10 -1 -10 0 0 -1 -10 -2 -10 -2 -9 -2 -10 -2 -10 -2 -10 -3 -10 -2 -10 -3 -10 -3 -11 -3 -11 -3 -10 -3 -10 -3 -10 -4 -11 -5 -11 -4 -12 -5 -12 -5 -12 -5 -12 -5 -12 -5 -12 -5 -13 -5 -13 -5 -13 -5 -13 0 0 0 0 0 0 0 0 0 0
1784740914.457707,54327,-45,11,1,7,1,-95,1,635961371,128,0 0 0 0 0 0 0 0 0 0 0 0 -6 0 -7 0 -7 0 -7 -1 -7 -1 -7 -1 -7 -1 -7 -1 -7 -2 -8 -2 -7 -2 -8 -2 -8 -2 -8 -2 -8 -2 -8 -3 -9 -3 -8 -3 -8 -3 -9 -3 -9 -3 -9 -3 -9 -3 -9 -3 -9 -3 -9 -3 0 0 -9 -3 -10 -4 -10 -3 -10 -3 -10 -3 -10 -3 -10 -3 -11 -3 -11 -3 -11 -3 -11 -3 -12 -2 -12 -2 -12 -2 -12 -2 -13 -3 -13 -3 -13 -2 -13 -2 -14 -2 -14 -2 -14 -2 -14 -2 -14 -3 -15 -3 -15 -3 0 0 0 0 0 0 0 0 0 0
1784740914.457707,54328,-44,11,1,7,1,-95,1,635971401,128,0 0 0 0 0 0 0 0 0 0 0 0 4 -4 5 -4 5 -4 5 -4 5 -4 6 -4 6 -4 6 -4 6 -3 6 -3 6 -3 7 -3 7 -3 7 -3 7 -3 7 -3 7 -3 8 -3 8 -3 8 -3 8 -4 8 -3 8 -4 8 -4 8 -3 9 -4 0 0 9 -4 9 -4 9 -4 9 -4 9 -5 9 -4 9 -5 9 -5 10 -5 10 -6 10 -5 10 -6 10 -6 11 -6 10 -6 11 -7 11 -6 11 -7 12 -7 11 -7 12 -7 12 -7 12 -7 12 -7 12 -7 13 -8 0 0 0 0 0 0 0 0 0 0
1784740914.472895,54329,-44,11,1,7,1,-95,1,635982092,128,0 0 0 0 0 0 0 0 0 0 0 0 6 1 6 1 6 2 7 2 6 2 7 3 6 2 7 3 7 3 6 3 6 4 7 4 7 4 7 4 7 4 7 4 8 5 7 4 8 5 8 4 8 4 8 4 8 5 8 5 8 5 8 5 0 0 9 5 9 5 9 5 9 5 10 5 10 5 10 5 10 5 11 5 10 4 11 5 11 5 11 5 12 5 12 4 13 5 12 5 13 5 13 4 14 5 13 5 14 5 13 5 13 6 13 6 14 6 0 0 0 0 0 0 0 0 0 0
1784740914.472895,54330,-44,11,1,7,1,-95,1,635991357,128,0 0 0 0 0 0 0 0 0 0 0 0 6 2 6 2 6 3 6 3 6 3 6 4 6 4 6 4 6 4 6 4 6 5 6 5 6 5 6 5 6 5 6 6 7 6 6 6 6 6 7 6 7 6 7 7 7 7 7 6 7 7 7 7 0 0 8 7 8 7 8 8 8 7 8 7 8 7 8 7 9 7 9 8 9 7 9 7 10 7 10 8 10 8 10 8 11 8 10 8 11 8 11 8 11 8 11 8 11 9 11 8 11 9 11 9 11 9 0 0 0 0 0 0 0 0 0 0
1784740914.488935,54331,-45,11,1,7,1,-95,1,636001686,128,0 0 0 0 0 0 0 0 0 0 0 0 6 -1 6 -1 6 -1 6 -1 7 0 7 0 7 0 7 0 7 0 8 1 8 1 8 1 8 1 8 1 8 1 9 1 8 1 9 1 9 1 9 1 9 1 9 1 10 2 10 2 10 2 10 2 0 0 10 2 11 2 10 2 11 2 10 2 11 2 11 1 11 1 11 1 12 1 12 1 12 1 12 1 12 1 13 1 12 1 13 1 13 1 13 1 13 1 13 1 13 1 14 1 13 2 13 2 13 1 0 0 0 0 0 0 0 0 0 0
1784740914.507713,54332,-45,11,1,7,1,-95,1,636011341,128,0 0 0 0 0 0 0 0 0 0 0 0 5 -4 5 -4 5 -4 5 -4 6 -4 6 -4 6 -4 7 -4 6 -4 7 -3 7 -3 7 -3 8 -3 8 -3 8 -3 8 -3 8 -3 9 -3 9 -3 9 -3 9 -3 9 -3 10 -3 10 -3 10 -3 10 -3 0 0 10 -3 10 -3 10 -3 10 -4 10 -4 10 -4 10 -4 11 -4 10 -4 11 -4 11 -5 11 -5 11 -5 11 -5 11 -6 11 -6 12 -5 12 -6 12 -6 12 -6 12 -6 12 -6 13 -6 13 -6 13 -6 13 -6 0 0 0 0 0 0 0 0 0 0
1784740914.520807,54333,-45,11,1,7,1,-95,1,636021352,128,0 0 0 0 0 0 0 0 0 0 0 0 0 -7 0 -7 1 -7 1 -7 1 -7 2 -8 2 -7 2 -8 2 -8 3 -8 3 -8 3 -9 3 -9 4 -9 4 -9 4 -9 5 -9 5 -9 5 -9 5 -9 5 -9 6 -9 6 -9 6 -9 6 -9 6 -9 0 0 6 -9 6 -9 6 -10 6 -9 6 -10 6 -10 6 -10 6 -10 6 -10 5 -11 5 -11 5 -11 5 -11 5 -12 5 -11 6 -12 5 -12 6 -12 6 -12 6 -12 6 -13 6 -13 6 -13 6 -13 6 -13 6 -13 0 0 0 0 0 0 0 0 0 0
1784740914.520807,54334,-44,11,1,7,1,-95,1,636031355,128,0 0 0 0 0 0 0 0 0 0 0 0 -6 2 -7 2 -7 2 -7 2 -8 2 -8 1 -8 1 -9 1 -9 1 -10 1 -10 0 -10 0 -10 0 -11 0 -11 0 -11 -1 -11 0 -12 -1 -12 -1 -12 -1 -12 -1 -12 -1 -12 -1 -12 -2 -12 -2 -12 -2 0 0 -12 -2 -12 -2 -12 -2 -12 -1 -12 -1 -12 -1 -12 -1 -12 0 -12 -1 -13 0 -13 0 -13 0 -13 0 -13 0 -14 1 -13 1 -14 1 -14 1 -14 1 -14 2 -14 2 -15 2 -15 1 -15 1 -15 1 -15 2 0 0 0 0 0 0 0 0 0 0
1784740914.536831,54335,-44,11,1,7,1,-95,1,636041389,128,0 0 0 0 0 0 0 0 0 0 0 0 -5 4 -6 4 -6 4 -7 4 -7 4 -7 3 -7 4 -8 4 -8 4 -8 3 -9 3 -9 3 -9 3 -9 3 -10 3 -10 3 -11 3 -10 3 -11 3 -11 3 -11 2 -11 2 -11 2 -11 2 -11 2 -11 2 0 0 -12 2 -12 2 -12 2 -12 3 -12 3 -11 3 -11 3 -12 3 -12 4 -12 4 -12 4 -12 4 -12 4 -12 4 -12 5 -13 5 -12 5 -13 5 -13 6 -13 6 -13 6 -13 6 -13 6 -13 6 -14 6 -14 6 0 0 0 0 0 0 0 0 0 0
1784740914.539964,54336,-45,11,1,7,1,-95,1,636051259,128,0 0 0 0 0 0 0 0 0 0 0 0 3 -5 4 -5 4 -4 4 -4 5 -5 5 -4 5 -4 5 -4 6 -4 6 -4 6 -4 7 -4 7 -4 7 -4 8 -4 8 -4 8 -4 9 -4 9 -4 9 -4 9 -4 9 -4 10 -4 10 -4 10 -4 10 -4 0 0 10 -4 11 -4 10 -4 10 -4 10 -4 10 -4 10 -4 10 -5 10 -5 11 -5 11 -5 11 -5 11 -6 11 -6 11 -6 11 -6 11 -6 12 -6 12 -7 12 -7 12 -7 12 -7 12 -7 13 -7 13 -7 13 -7 0 0 0 0 0 0 0 0 0 0
1784740914.552757,54337,-46,11,1,7,1,-95,1,636061272,128,0 0 0 0 0 0 0 0 0 0 0 0 -4 -5 -3 -5 -3 -6 -3 -6 -4 -6 -3 -6 -4 -7 -3 -7 -4 -7 -3 -8 -3 -8 -3 -8 -3 -8 -3 -9 -3 -8 -3 -10 -3 -9 -3 -10 -3 -10 -3 -10 -3 -10 -3 -10 -3 -11 -3 -11 -2 -11 -3 -11 0 0 -2 -11 -3 -12 -2 -11 -3 -12 -3 -12 -3 -12 -3 -12 -3 -12 -3 -12 -4 -13 -3 -13 -4 -13 -4 -13 -4 -12 -5 -14 -5 -13 -5 -14 -5 -14 -5 -14 -6 -14 -5 -14 -6 -14 -5 -15 -5 -15 -5 -15 -5 -15 0 0 0 0 0 0 0 0 0 0
1784740914.552757,54338,-47,11,1,7,1,-95,1,636071381,128,0 0 0 0 0 0 0 0 0 0 0 0 -5 2 -5 2 -5 2 -6 2 -6 1 -6 1 -6 1 -7 2 -7 1 -7 2 -7 1 -8 1 -8 1 -8 1 -9 1 -9 1 -10 1 -9 1 -10 1 -10 1 -10 1 -10 1 -10 1 -11 1 -11 1 -11 0 0 0 -11 1 -11 0 -12 0 -12 1 -12 1 -12 1 -12 1 -12 1 -12 1 -13 2 -13 2 -13 2 -13 2 -14 2 -14 2 -14 2 -14 2 -15 3 -15 3 -15 3 -15 3 -16 3 -16 3 -16 2 -16 2 -16 2 0 0 0 0 0 0 0 0 0 0
1784740914.568904,54339,-48,11,1,7,1,-95,1,636081353,128,0 0 0 0 0 0 0 0 0 0 0 0 -5 -3 -5 -3 -5 -3 -5 -3 -5 -3 -5 -3 -5 -4 -5 -4 -5 -4 -6 -4 -6 -4 -6 -4 -6 -5 -6 -5 -6 -5 -6 -6 -6 -6 -6 -6 -7 -6 -7 -6 -7 -6 -7 -7 -7 -6 -7 -6 -7 -7 -7 -7 0 0 -8 -7 -8 -8 -7 -7 -8 -7 -8 -7 -8 -7 -8 -8 -9 -7 -9 -8 -10 -8 -10 -8 -10 -8 -10 -8 -11 -8 -11 -9 -11 -9 -11 -9 -11 -9 -12 -10 -12 -10 -12 -10 -12 -11 -12 -10 -12 -11 -13 -11 -12 -11 0 0 0 0 0 0 0 0 0 0
1784740914.586887,54340,-49,11,1,7,1,-95,1,636091517,128,0 0 0 0 0 0 0 0 0 0 0 0 4 1 3 1 4 1 4 1 4 1 4 1 4 1 4 1 5 1 5 2 5 2 5 2 5 2 5 2 5 2 6 2 6 2 7 2 6 2 7 2 7 2 7 2 8 3 7 3 7 3 8 3 0 0 8 3 9 3 8 3 10 3 9 3 10 3 10 2 10 3 10 2 12 3 12 3 11 3 11 3 12 2 13 3 13 2 14 3 14 3 14 3 14 3 14 4 15 3 15 4 15 5 15 5 15 5 0 0 0 0 0 0 0 0 0 0
1784740914.586887,54341,-47,11,1,7,1,-95,1,636103145,128,0 0 0 0 0 0 0 0 0 0 0 0 -4 -1 -5 -1 -5 -1 -5 -1 -5 -1 -5 -1 -5 -1 -6 -1 -6 -1 -6 -1 -6 -1 -6 -1 -7 -1 -7 -1 -7 -1 -8 -1 -8 -1 -8 -1 -8 -1 -9 -1 -9 0 -9 -1 -10 -1 -10 -2 -10 -2 -10 -1 0 0 -11 -1 -11 -1 -11 -1 -12 -1 -11 -1 -12 -1 -12 0 -12 0 -12 0 -13 0 -13 0 -13 0 -13 0 -13 0 -15 1 -15 0 -15 0 -15 0 -15 0 -16 1 -16 0 -16 0 -16 0 -17 -1 -17 -1 -17 -1 0 0 0 0 0 0 0 0 0 0
1784740914.605703,54342,-47,11,1,7,1,-95,1,636111392,128,0 0 0 0 0 0 0 0 0 0 0 0 3 -3 3 -3 3 -3 4 -3 4 -3 4 -3 4 -3 4 -3 4 -3 4 -3 5 -3 5 -4 5 -4 5 -4 6 -4 6 -4 6 -5 7 -5 7 -5 7 -5 7 -5 8 -5 8 -5 8 -5 9 -5 9 -5 0 0 9 -5 9 -5 10 -5 10 -6 10 -6 10 -6 10 -6 10 -6 10 -6 10 -7 10 -7 10 -7 11 -7 11 -8 11 -8 12 -8 12 -8 12 -8 12 -8 12 -9 12 -9 13 -8 12 -9 13 -8 13 -8 13 -8 0 0 0 0 0 0 0 0 0 0
1784740914.616663,54343,-46,11,1,7,1,-95,1,636121276,128,0 0 0 0 0 0 0 0 0 0 0 0 0 4 0 4 0 4 0 4 0 5 0 5 0 5 0 5 0 5 0 6 0 6 0 6 0 7 0 7 0 7 0 8 0 8 0 9 0 9 0 9 0 10 0 10 -1 10 -1 10 -1 10 -1 11 0 0 -1 11 -1 12 -1 11 -1 12 -1 11 -1 12 -1 12 -1 12 -1 12 -1 13 -1 13 0 13 -1 12 -1 13 0 14 0 13 -1 14 0 14 0 14 0 14 0 14 0 14 -1 15 -1 15 -1 15 -1 15 0 0 0 0 0 0 0 0 0 0
1784740914.652768,54344,-46,11,1,7,1,-95,1,636145566,128,0 0 0 0 0 0 0 0 0 0 0 0 -5 1 -6 1 -6 1 -6 1 -6 1 -7 1 -7 1 -7 1 -7 1 -7 1 -8 1 -8 1 -8 1 -9 1 -9 1 -9 0 -10 1 -10 1 -10 1 -10 1 -11 1 -11 1 -11 1 -11 0 -11 0 -12 0 0 0 -12 1 -12 0 -12 0 -13 0 -12 0 -13 1 -13 1 -13 1 -13 1 -14 1 -14 1 -14 1 -14 1 -14 2 -14 1 -15 2 -14 2 -15 2 -15 2 -15 2 -15 2 -16 2 -15 2 -15 1 -15 1 -16 1 0 0 0 0 0 0 0 0 0 0
1784740914.652768,54345,-45,11,1,7,1,-95,1,636158482,128,0 0 0 0 0 0 0 0 0 0 0 0 -6 2 -6 2 -6 2 -6 2 -7 2 -7 2 -7 2 -7 2 -7 2 -7 2 -8 2 -8 2 -8 2 -9 2 -9 2 -9 2 -9 2 -10 2 -10 2 -10 2 -10 3 -11 2 -11 2 -11 2 -11 2 -12 2 0 0 -12 2 -12 2 -12 2 -12 2 -12 2 -12 3 -12 3 -13 3 -13 3 -13 4 -13 3 -13 4 -13 3 -13 4 -14 4 -14 4 -14 4 -14 4 -15 4 -15 4 -14 4 -15 4 -15 4 -15 3 -15 3 -16 4 0 0 0 0 0 0 0 0 0 0
1784740914.664907,54346,-44,11,1,7,1,-95,1,636170726,128,0 0 0 0 0 0 0 0 0 0 0 0 -6 2 -6 2 -7 1 -7 1 -7 1 -7 1 -7 1 -8 1 -8 1 -8 1 -8 1 -8 1 -9 1 -9 1 -9 0 -10 0 -10 0 -10 0 -11 0 -11 0 -11 0 -12 -1 -11 0 -11 0 -12 0 -12 0 0 0 -13 -1 -12 -1 -13 -1 -12 -1 -13 -1 -13 -1 -13 -1 -13 -1 -13 -1 -13 0 -13 0 -13 0 -14 0 -15 0 -14 0 -15 -1 -14 0 -15 0 -15 0 -16 0 -16 0 -16 -1 -15 0 -16 0 -16 0 -16 0 0 0 0 0 0 0 0 0 0 0
1784740914.683806,54347,-43,11,1,7,1,-95,1,636183241,128,0 0 0 0 0 0 0 0 0 0 0 0 -4 4 -4 4 -5 4 -5 4 -5 4 -5 4 -5 5 -6 4 -6 4 -6 4 -7 4 -7 4 -8 4 -8 4 -7 5 -8 5 -8 5 -8 5 -9 5 -9 5 -9 5 -9 5 -10 5 -10 5 -10 5 -10 5 0 0 -10 5 -10 5 -10 5 -11 6 -10 5 -10 6 -10 6 -10 6 -10 6 -11 7 -11 7 -11 7 -11 7 -10 7 -11 8 -11 8 -11 8 -11 8 -11 9 -11 9 -11 9 -11 9 -12 9 -12 8 -12 9 -12 9 0 0 0 0 0 0 0 0 0 0
1784740914.764973,54348,-43,11,1,7,1,-95,1,636192231,128,0 0 0 0 0 0 0 0 0 0 0 0 4 -5 4 -5 5 -5 5 -4 5 -4 5 -4 6 -5 6 -4 6 -4 7 -4 7 -4 7 -4 8 -4 8 -4 8 -4 8 -4 8 -4 9 -4 9 -4 9 -4 9 -5 10 -4 10 -4 10 -3 10 -3 10 -3 0 0 10 -4 11 -4 10 -4 11 -4 10 -4 11 -4 10 -5 11 -5 10 -5 11 -5 11 -5 11 -5 11 -5 11 -5 12 -6 11 -6 12 -6 12 -6 12 -7 12 -7 12 -7 12 -7 13 -7 13 -6 13 -7 13 -7 0 0 0 0 0 0 0 0 0 0
1784740914.824409,54349,-45,11,1,6,1,-95,1,636279246,128,0 0 0 0 0 0 0 0 0 0 0 0 5 3 5 4 5 4 4 4 4 5 5 5 5 5 4 5 5 5 5 6 4 6 5 6 5 7 5 7 5 7 5 7 5 8 5 8 5 8 5 8 5 8 5 9 5 9 5 9 5 9 5 9 0 0 5 10 5 10 5 10 5 10 5 10 5 9 5 10 5 10 6 10 6 10 6 10 6 10 6 10 6 10 7 10 7 10 7 10 7 10 8 10 7 10 8 10 8 10 8 10 8 10 8 11 8 11 0 0 0 0 0 0 0 0 0 0
1784740914.824409,54350,-48,11,1,7,1,-95,1,636336084,128,0 0 0 0 0 0 0 0 0 0 0 0 -3 7 -2 7 -2 7 0 7 0 7 2 6 1 6 2 5 3 5 1 3 1 2 1 1 0 1 -1 1 -2 1 -2 3 -3 3 -5 6 -5 8 -6 9 -5 11 -6 13 -4 13 -3 13 -2 14 -1 15 0 0 0 14 0 13 0 12 -2 10 -2 10 -4 9 -5 9 -7 9 -9 9 -10 12 -12 12 -12 14 -13 15 -14 17 -13 17 -13 18 -12 17 -12 18 -10 16 -10 16 -10 13 -9 12 -10 10 -11 7 -10 5 -10 3 0 0 0 0 0 0 0 0 0 0
1784740914.840472,54351,-48,11,1,7,1,-95,1,636336349,128,0 0 0 0 0 0 0 0 0 0 0 0 -3 -7 -3 -7 -2 -7 -3 -7 -2 -7 -2 -8 -2 -8 -2 -8 -2 -8 -2 -8 -2 -8 -2 -8 -2 -8 -2 -9 -2 -9 -2 -9 -2 -9 -2 -9 -2 -10 -2 -9 -3 -10 -3 -10 -3 -10 -3 -10 -3 -11 -3 -11 0 0 -3 -11 -3 -11 -3 -12 -3 -11 -3 -11 -3 -12 -4 -12 -4 -12 -4 -12 -4 -12 -4 -13 -5 -13 -5 -13 -5 -13 -5 -13 -5 -14 -5 -14 -5 -14 -5 -14 -5 -14 -5 -14 -5 -15 -5 -15 -5 -15 -5 -15 -5 -15 0 0 0 0 0 0 0 0 0 0
1784740914.840472,54352,-48,11,1,7,1,-95,1,636358871,128,0 0 0 0 0 0 0 0 0 0 0 0 6 1 5 2 5 3 8 2 6 2 4 -1 1 1 6 8 9 9 8 6 8 -2 7 0 1 6 10 7 12 5 9 4 6 1 8 4 8 5 6 6 5 6 8 7 7 4 5 2 7 8 5 5 0 0 13 0 8 6 4 5 3 7 6 8 8 3 10 4 9 6 10 4 10 6 10 3 11 5 8 8 10 3 10 -2 9 5 8 3 12 6 12 9 10 4 9 3 10 4 11 5 9 5 9 5 10 11 0 0 0 0 0 0 0 0 0 0
1784740914.859827,54353,-47,11,1,7,1,-95,1,636361760,128,0 0 0 0 0 0 0 0 0 0 0 0 -5 6 -5 6 -5 6 -6 6 -6 6 -6 6 -7 6 -7 6 -7 6 -7 6 -8 6 -7 6 -8 6 -8 6 -8 6 -8 6 -8 6 -9 6 -9 6 -9 6 -9 7 -9 7 -9 7 -10 7 -10 7 -10 7 0 0 -10 7 -10 7 -10 7 -10 7 -10 7 -10 8 -10 8 -10 8 -10 8 -10 9 -10 9 -10 9 -10 9 -10 9 -10 9 -11 10 -10 10 -10 10 -10 10 -10 10 -10 10 -10 10 -11 10 -11 10 -11 10 -11 10 0 0 0 0 0 0 0 0 0 0
1784740914.904031,54354,-46,11,1,7,1,-95,1,636372924,128,0 0 0 0 0 0 0 0 0 0 0 0 5 -6 5 -6 6 -6 6 -6 6 -5 6 -5 6 -5 7 -5 7 -5 7 -5 7 -5 8 -5 8 -5 8 -5 8 -5 9 -5 9 -5 9 -5 9 -5 9 -5 9 -5 10 -5 10 -6 10 -5 10 -5 10 -5 0 0 10 -5 11 -5 10 -5 10 -5 10 -6 10 -6 10 -6 10 -6 10 -6 10 -7 10 -7 10 -7 10 -7 10 -8 11 -8 11 -8 11 -8 11 -8 11 -8 11 -8 11 -9 11 -9 11 -8 11 -8 10 -9 11 -9 0 0 0 0 0 0 0 0 0 0
1784740914.906546,54355,-45,11,1,7,1,-95,1,636385221,128,0 0 0 0 0 0 0 0 0 0 0 0 -5 -7 -4 -7 -4 -7 -4 -8 -4 -8 -4 -8 -4 -8 -4 -9 -3 -9 -4 -9 -3 -9 -3 -9 -3 -10 -3 -10 -3 -10 -3 -11 -3 -11 -3 -11 -3 -11 -3 -12 -3 -12 -2 -12 -3 -12 -2 -12 -2 -12 -2 -12 0 0 -2 -12 -2 -12 -2 -12 -2 -12 -3 -12 -3 -12 -3 -12 -3 -12 -3 -12 -4 -13 -4 -12 -4 -12 -4 -12 -4 -13 -4 -13 -4 -13 -5 -13 -5 -13 -5 -13 -5 -13 -5 -13 -5 -13 -5 -13 -5 -13 -5 -13 -6 -13 0 0 0 0 0 0 0 0 0 0
1784740914.919932,54356,-45,11,1,7,1,-95,1,636422622,128,0 0 0 0 0 0 0 0 0 0 0 0 7 1 7 2 7 2 7 3 7 3 7 3 7 3 7 4 7 4 7 4 7 4 7 5 7 5 7 5 8 5 8 5 8 6 8 5 8 6 8 6 8 6 8 6 8 7 8 7 8 7 8 7 0 0 9 7 8 7 8 7 8 7 9 7 8 7 9 6 9 7 9 6 9 7 9 7 9 6 9 6 10 7 10 6 11 7 10 6 11 6 11 6 11 6 11 6 11 6 10 6 11 6 11 6 11 6 0 0 0 0 0 0 0 0 0 0
1784740914.919932,54357,-44,11,1,7,1,-95,1,636423006,128,0 0 0 0 0 0 0 0 0 0 0 0 -7 -5 -7 -5 -6 -6 -6 -6 -6 -7 -6 -7 -6 -7 -6 -7 -6 -7 -6 -7 -6 -7 -6 -8 -6 -8 -6 -8 -7 -9 -6 -9 -7 -9 -6 -9 -7 -10 -6 -10 -7 -10 -6 -11 -7 -10 -7 -11 -7 -11 -7 -11 0 0 -7 -11 -6 -11 -6 -11 -6 -11 -7 -11 -7 -11 -7 -11 -7 -11 -7 -11 -7 -11 -8 -11 -8 -11 -8 -11 -8 -11 -8 -11 -8 -11 -8 -11 -9 -11 -9 -11 -9 -11 -9 -11 -9 -11 -9 -10 -9 -11 -9 -10 -9 -11 0 0 0 0 0 0 0 0 0 0
1784740914.968223,54358,-43,11,1,6,1,-95,1,636474389,128,0 0 0 0 0 0 0 0 0 0 0 0 6 3 6 3 6 4 6 4 6 5 6 4 6 5 6 5 6 5 6 5 6 6 6 6 6 6 6 6 6 7 6 7 6 7 6 7 6 8 7 8 7 8 6 8 7 8 6 8 6 9 6 9 0 0 7 9 6 9 6 9 7 9 7 8 7 8 7 8 7 8 7 8 8 8 7 8 8 8 8 8 8 8 8 8 8 8 9 8 9 8 9 8 9 8 9 8 10 8 9 8 9 8 10 8 9 8 0 0 0 0 0 0 0 0 0 0
1784740914.968223,54359,-43,11,1,7,1,-95,1,636477589,128,0 0 0 0 0 0 0 0 0 0 0 0 7 -2 7 -2 8 -2 7 -1 8 -1 7 -1 8 -1 8 0 8 0 9 0 9 0 9 1 9 1 9 1 9 1 10 1 10 1 10 1 10 1 11 2 10 2 11 2 11 2 11 3 10 3 10 3 0 0 11 3 11 3 10 3 11 3 10 2 11 2 11 2 11 2 11 2 12 2 11 2 11 2 11 2 11 2 12 1 12 1 12 1 12 1 12 1 13 1 12 1 13 1 13 1 12 1 12 1 13 0 0 0 0 0 0 0 0 0 0 0
1784740914.968223,54360,-43,11,1,6,1,-95,1,636479354,128,0 0 0 0 0 0 0 0 0 0 0 0 -4 6 -5 6 -5 6 -6 6 -6 6 -6 5 -6 5 -6 6 -7 5 -7 5 -7 5 -7 5 -8 5 -8 6 -8 6 -8 6 -9 6 -9 5 -9 6 -9 6 -9 6 -10 5 -10 5 -10 5 -10 5 -11 6 0 0 -11 5 -10 5 -11 5 -10 5 -10 6 -10 6 -10 5 -10 6 -10 6 -10 6 -10 7 -10 7 -10 7 -10 7 -10 7 -10 7 -10 7 -10 8 -10 8 -10 8 -10 8 -10 8 -10 8 -10 8 -10 8 -10 9 0 0 0 0 0 0 0 0 0 0
1784740914.968223,54361,-43,11,1,7,1,-95,1,636481590,128,0 0 0 0 0 0 0 0 0 0 0 0 4 3 6 5 4 5 7 4 6 6 8 5 7 3 6 4 5 4 5 4 2 6 2 6 3 8 3 10 5 8 6 8 6 7 7 7 5 7 3 6 2 8 1 10 1 12 1 13 3 13 6 12 0 0 6 9 6 9 2 8 5 8 0 9 1 9 0 9 1 11 2 11 2 11 3 11 2 10 2 10 2 11 3 12 3 13 1 12 5 12 5 11 5 12 6 11 5 10 4 10 1 9 2 8 1 11 0 0 0 0 0 0 0 0 0 0
1784740914.984435,54362,-42,11,1,7,1,-95,1,636498477,128,0 0 0 0 0 0 0 0 0 0 0 0 -1 -7 1 -7 1 -8 0 -7 2 -6 5 -6 5 -10 1 -10 1 -5 5 -3 9 -6 7 -9 4 -7 5 -3 9 -4 10 -6 8 -6 8 -5 8 -4 8 -3 9 -2 13 -3 12 -4 8 -3 8 2 13 3 0 0 9 -5 8 0 9 4 13 3 12 0 10 1 9 1 9 2 9 5 11 6 13 4 10 1 6 4 8 9 14 7 13 2 8 4 6 8 10 9 12 7 10 6 9 7 9 8 7 8 5 10 7 13 0 0 0 0 0 0 0 0 0 0
1784740915.368520,54363,-42,11,1,6,1,-95,1,636507631,128,0 0 0 0 0 0 0 0 0 0 0 0 3 -7 5 -5 5 -6 3 -5 6 -4 9 -4 8 -7 3 -4 8 0 12 -1 10 -5 5 -1 9 3 12 0 8 -3 8 1 9 3 11 3 10 3 10 2 7 4 8 8 11 8 9 4 4 7 7 12 0 0 5 3 4 9 6 12 9 10 5 7 2 10 3 11 3 12 4 9 4 10 0 10 1 13 4 11 -1 7 -3 13 1 16 2 12 -3 9 -6 13 -1 14 -2 13 -4 11 -4 12 -7 10 -9 12 -5 14 0 0 0 0 0 0 0 0 0 0
1784740915.368520,54364,-42,11,1,6,1,-95,1,636542323,128,0 0 0 0 0 0 0 0 0 0 0 0 5 -6 5 -6 6 -6 6 -5 6 -5 7 -5 6 -5 7 -5 7 -5 7 -5 7 -5 8 -5 8 -5 8 -5 9 -5 9 -5 9 -5 9 -5 10 -5 10 -5 10 -5 10 -4 10 -5 10 -5 10 -5 11 -5 0 0 11 -5 11 -4 11 -4 11 -4 11 -5 11 -5 11 -5 11 -5 11 -5 11 -6 11 -6 11 -6 11 -6 12 -7 11 -6 12 -6 11 -6 12 -7 12 -7 12 -7 12 -7 12 -7 12 -7 12 -7 12 -8 12 -8 0 0 0 0 0 0 0 0 0 0
1784740915.368520,54365,-42,11,1,7,1,-95,1,636542851,128,0 0 0 0 0 0 0 0 0 0 0 0 -5 -6 -5 -7 -5 -7 -4 -7 -4 -8 -4 -7 -4 -8 -4 -8 -4 -8 -4 -9 -4 -9 -4 -9 -4 -9 -3 -10 -4 -10 -4 -10 -4 -10 -4 -11 -4 -11 -4 -11 -4 -11 -4 -11 -4 -11 -3 -12 -3 -11 -3 -12 0 0 -3 -12 -3 -12 -3 -12 -3 -12 -3 -12 -4 -12 -4 -12 -4 -12 -4 -12 -5 -12 -5 -12 -5 -12 -5 -12 -5 -12 -5 -13 -5 -12 -5 -13 -6 -13 -6 -13 -6 -13 -6 -13 -6 -13 -6 -13 -6 -13 -6 -13 -6 -13 0 0 0 0 0 0 0 0 0 0
1784740915.368520,54366,-42,11,1,7,1,-95,1,636554814,128,0 0 0 0 0 0 0 0 0 0 0 0 6 -5 6 -5 7 -4 7 -4 7 -4 7 -4 8 -4 8 -4 8 -4 8 -3 8 -3 8 -3 9 -4 9 -3 9 -3 9 -3 10 -3 10 -3 10 -3 10 -3 10 -3 11 -3 11 -3 11 -3 11 -3 11 -3 0 0 11 -3 12 -3 11 -3 12 -3 11 -3 11 -3 11 -3 11 -4 12 -4 12 -4 12 -4 11 -4 12 -5 12 -5 12 -5 12 -5 12 -5 13 -5 13 -5 13 -6 13 -6 13 -6 13 -6 13 -6 13 -6 13 -6 0 0 0 0 0 0 0 0 0 0
1784740915.368520,54367,-45,11,1,6,1,-95,1,636605553,128,0 0 0 0 0 0 0 0 0 0 0 0 -5 7 -5 6 -6 6 -6 6 -6 6 -6 6 -6 6 -6 6 -7 6 -7 5 -7 5 -7 5 -7 6 -7 5 -7 6 -8 6 -7 6 -8 6 -8 6 -8 6 -8 7 -8 7 -8 7 -9 7 -8 7 -9 7 0 0 -9 7 -9 7 -9 7 -9 8 -9 8 -9 8 -8 8 -9 9 -9 9 -9 9 -9 9 -9 10 -9 9 -9 10 -9 10 -9 10 -9 11 -9 11 -9 11 -10 11 -10 11 -10 11 -10 11 -10 11 -10 11 -11 12 0 0 0 0 0 0 0 0 0 0
1784740915.368520,54368,-46,11,1,7,1,-95,1,636630312,128,0 0 0 0 0 0 0 0 0 0 0 0 -8 0 -8 0 -9 -1 -9 -1 -9 -1 -8 -1 -8 -2 -8 -2 -8 -2 -8 -2 -8 -2 -8 -2 -8 -2 -8 -2 -9 -2 -9 -1 -9 -1 -9 -1 -9 -1 -10 -1 -10 -1 -10 -1 -10 -1 -10 -1 -10 -1 -11 -1 0 0 -11 -1 -11 -1 -11 -1 -12 0 -12 0 -12 0 -12 0 -12 0 -12 0 -13 1 -13 1 -13 1 -14 1 -14 1 -15 2 -15 1 -15 1 -15 1 -15 1 -16 1 -16 1 -16 1 -16 1 -17 0 -16 1 -17 0 0 0 0 0 0 0 0 0 0 0
1784740915.368520,54369,-46,11,1,7,1,-95,1,636630597,128,0 0 0 0 0 0 0 0 0 0 0 0 5 5 5 6 4 6 4 6 4 6 4 6 4 6 4 6 3 6 4 6 4 6 4 6 4 6 4 7 4 7 4 7 4 7 4 7 5 7 4 7 5 7 5 8 5 7 5 7 5 8 6 8 0 0 6 8 6 8 6 9 6 8 6 9 7 9 6 9 7 9 7 9 8 9 8 9 9 9 9 9 9 10 8 10 9 11 8 10 9 11 9 11 9 11 9 12 9 12 9 11 9 12 9 12 9 12 0 0 0 0 0 0 0 0 0 0
1784740915.368520,54370,-47,11,1,6,1,-95,1,636654144,128,0 0 0 0 0 0 0 0 0 0 0 0 -2 -8 -1 -8 -1 -8 -1 -8 -1 -8 0 -8 -1 -8 0 -8 -1 -8 0 -8 0 -8 0 -8 0 -8 0 -8 -1 -8 -1 -9 -1 -9 -1 -9 -1 -9 -1 -10 -1 -10 -1 -10 -1 -10 -1 -10 -1 -10 -1 -11 0 0 -1 -11 -2 -11 -2 -11 -2 -12 -2 -12 -2 -12 -3 -12 -2 -12 -3 -12 -3 -13 -3 -13 -3 -13 -3 -13 -3 -13 -4 -14 -4 -14 -3 -15 -4 -15 -4 -15 -4 -15 -4 -15 -4 -15 -3 -16 -3 -16 -3 -16 -3 -16 0 0 0 0 0 0 0 0 0 0
1784740915.384170,54388,-41,11,1,6,0,-95,1,636834115,128,0 0 0 0 0 0 0 0 0 0 0 0 6 4 6 5 6 6 6 6 6 6 5 6 5 6 5 7 5 7 5 7 6 7 5 8 5 8 5 8 5 8 5 9 5 9 5 9 5 9 5 9 5 9 5 10 5 10 5 10 5 10 5 10 0 0 5 10 5 10 5 10 6 10 6 10 6 10 6 10 6 10 7 10 7 10 7 10 8 10 8 10 8 10 8 10 8 10 9 11 8 10 9 11 9 11 9 11 10 11 9 11 9 12 9 11 10 11 0 0 0 0 0 0 0 0 0 0
1784740915.384170,54389,-43,11,1,5,1,-95,1,636842676,128,0 0 0 0 0 0 0 0 0 0 0 0 6 2 7 2 6 3 7 3 6 3 6 3 6 3 6 3 6 4 6 4 6 4 6 4 7 5 7 5 7 5 7 5 7 6 7 5 7 6 7 6 7 6 7 6 7 5 7 6 7 6 7 7 0 0 8 6 7 6 7 7 7 6 8 6 8 6 8 6 8 6 8 6 9 5 9 6 9 6 9 6 10 6 9 5 10 6 10 5 10 6 10 5 11 6 11 5 11 6 11 5 11 6 11 6 12 6 0 0 0 0 0 0 0 0 0 0
1784740915.384170,54390,-44,11,1,6,1,-95,1,636851409,128,0 0 0 0 0 0 0 0 0 0 0 0 7 -2 7 -2 7 -1 8 -1 7 0 7 -1 7 0 8 0 8 0 8 0 8 0 9 0 8 1 9 1 9 1 9 1 9 2 9 1 9 2 9 2 10 2 9 2 9 2 9 2 9 2 9 2 0 0 10 3 9 2 10 3 9 2 9 2 9 2 10 2 10 2 10 2 10 1 10 1 11 1 11 1 11 1 11 1 11 1 11 0 11 0 12 0 12 0 12 0 12 0 12 0 12 0 12 0 13 0 0 0 0 0 0 0 0 0 0 0
1784740915.384170,54391,-44,11,1,6,1,-95,1,636861224,128,0 0 0 0 0 0 0 0 0 0 0 0 -4 6 -4 6 -5 6 -5 6 -6 6 -6 6 -6 6 -6 6 -6 6 -7 6 -7 6 -7 6 -8 6 -8 6 -8 6 -9 6 -8 6 -9 6 -9 6 -9 6 -9 6 -9 6 -10 6 -10 5 -10 5 -10 5 0 0 -9 5 -10 6 -9 5 -10 6 -9 6 -9 6 -9 6 -9 6 -9 6 -9 7 -9 7 -9 7 -9 7 -8 7 -9 8 -8 8 -9 8 -9 8 -9 8 -9 9 -9 9 -8 9 -9 9 -9 9 -9 9 -9 9 0 0 0 0 0 0 0 0 0 0
1784740915.384170,54392,-44,11,1,5,1,-95,1,636872731,128,0 0 0 0 0 0 0 0 0 0 0 0 7 0 7 0 7 1 8 1 7 1 8 1 8 2 8 2 8 2 8 2 8 3 8 3 8 3 9 4 9 4 9 4 9 5 9 4 9 5 9 5 9 5 9 6 9 5 9 5 9 6 9 6 0 0 9 6 9 6 9 6 9 5 9 5 9 5 9 6 9 5 9 6 10 5 10 5 10 4 10 5 11 4 10 4 11 5 10 4 11 4 11 4 11 4 11 4 11 4 11 3 11 4 12 3 12 3 0 0 0 0 0 0 0 0 0 0
1784740915.384170,54393,-45,11,1,6,1,-95,1,636881350,128,0 0 0 0 0 0 0 0 0 0 0 0 -3 5 -3 6 -3 6 -4 6 -4 6 -4 6 -4 6 -5 6 -5 6 -5 6 -5 6 -6 7 -6 7 -6 7 -6 7 -7 7 -7 7 -7 7 -8 7 -8 7 -8 7 -8 7 -8 7 -8 6 -9 7 -8 6 0 0 -9 7 -9 6 -9 6 -8 7 -8 7 -8 7 -8 7 -8 7 -8 8 -8 8 -8 8 -8 8 -8 8 -8 9 -8 9 -8 9 -8 9 -8 9 -8 10 -8 9 -7 10 -8 10 -7 10 -7 10 -8 10 -8 10 0 0 0 0 0 0 0 0 0 0
1784740915.384170,54394,-45,11,1,6,1,-95,1,636891245,128,0 0 0 0 0 0 0 0 0 0 0 0 5 3 5 3 5 4 4 4 5 5 5 4 5 5 5 5 5 6 5 6 5 6 5 6 5 7 5 7 5 7 5 8 5 8 5 8 5 9 5 9 5 9 5 9 5 9 4 9 4 9 4 9 0 0 4 10 4 10 4 9 5 10 4 9 5 9 5 9 5 9 5 9 6 9 6 9 6 9 6 9 6 9 7 9 7 9 7 10 7 10 7 10 8 10 8 10 8 10 8 10 8 10 8 10 8 10 0 0 0 0 0 0 0 0 0 0
1784740915.384170,54395,-45,11,1,6,1,-95,1,636901263,128,0 0 0 0 0 0 0 0 0 0 0 0 -1 -7 -1 -7 0 -7 0 -7 0 -7 0 -8 0 -8 0 -8 0 -8 1 -9 1 -9 2 -9 2 -9 2 -10 2 -10 2 -10 2 -10 3 -11 3 -11 3 -11 3 -11 3 -11 4 -11 4 -11 4 -11 4 -11 0 0 4 -11 4 -11 4 -11 4 -12 3 -11 4 -11 3 -11 3 -12 3 -12 3 -12 3 -12 3 -12 3 -12 2 -12 2 -13 2 -13 2 -13 2 -14 2 -14 2 -14 2 -14 1 -14 2 -14 2 -14 2 -14 2 -14 0 0 0 0 0 0 0 0 0 0
1784740915.406979,54396,-46,11,1,6,1,-95,1,636911304,128,0 0 0 0 0 0 0 0 0 0 0 0 -6 -3 -6 -4 -5 -4 -6 -4 -6 -4 -6 -5 -6 -5 -6 -5 -6 -5 -6 -5 -6 -6 -7 -6 -7 -6 -7 -6 -7 -7 -7 -7 -8 -7 -7 -7 -8 -8 -7 -8 -7 -8 -7 -9 -8 -8 -7 -9 -8 -9 -8 -9 0 0 -8 -9 -8 -9 -8 -10 -8 -9 -8 -9 -8 -9 -8 -9 -9 -9 -9 -9 -9 -9 -9 -9 -10 -9 -10 -9 -10 -9 -10 -9 -11 -9 -10 -9 -11 -9 -10 -9 -11 -10 -11 -10 -11 -10 -11 -9 -11 -9 -11 -9 -11 -9 0 0 0 0 0 0 0 0 0 0
1784740915.416293,54397,-46,11,1,4,1,-95,1,636925454,128,0 0 0 0 0 0 0 0 0 0 0 0 4 -5 4 -5 5 -5 5 -5 5 -5 5 -5 5 -5 6 -5 6 -5 6 -5 6 -5 6 -5 7 -5 7 -5 7 -5 7 -5 8 -6 8 -5 8 -6 8 -6 8 -6 9 -6 9 -6 9 -6 9 -6 9 -6 0 0 10 -6 9 -6 10 -6 10 -6 10 -7 10 -7 9 -7 10 -8 10 -8 10 -8 11 -8 10 -9 11 -8 11 -9 11 -9 12 -9 11 -9 12 -9 12 -9 12 -9 12 -9 12 -9 12 -9 12 -8 12 -8 12 -8 0 0 0 0 0 0 0 0 0 0
1784740915.416293,54398,-47,11,1,6,1,-95,1,636931467,128,0 0 0 0 0 0 0 0 0 0 0 0 -7 -1 -8 -1 -8 -1 -8 -2 -8 -2 -8 -2 -8 -2 -8 -2 -8 -2 -8 -3 -9 -3 -9 -3 -9 -3 -9 -3 -9 -3 -10 -3 -10 -3 -10 -3 -10 -4 -10 -4 -11 -4 -11 -4 -11 -4 -11 -4 -11 -4 -11 -4 0 0 -12 -4 -12 -4 -12 -4 -12 -4 -12 -3 -12 -3 -13 -3 -13 -3 -13 -3 -14 -3 -14 -3 -14 -3 -14 -3 -15 -3 -15 -2 -16 -3 -16 -3 -16 -3 -16 -3 -17 -2 -16 -3 -17 -3 -16 -4 -16 -4 -16 -4 -16 -4 0 0 0 0 0 0 0 0 0 0
1784740915.451774,54399,-44,11,1,6,1,-95,1,636962671,128,0 0 0 0 0 0 0 0 0 0 0 0 -8 -1 -8 -2 -8 -2 -8 -3 -8 -3 -8 -3 -8 -3 -8 -4 -8 -4 -8 -4 -8 -5 -8 -5 -8 -6 -8 -5 -9 -6 -9 -6 -9 -6 -9 -6 -9 -6 -9 -6 -9 -6 -9 -6 -9 -6 -9 -6 -9 -6 -9 -6 0 0 -9 -6 -9 -6 -10 -6 -10 -6 -10 -6 -10 -6 -10 -5 -11 -5 -11 -5 -11 -5 -12 -5 -12 -5 -12 -5 -13 -5 -13 -5 -13 -6 -13 -5 -14 -5 -14 -5 -14 -5 -15 -5 -15 -5 -15 -5 -15 -6 -15 -6 -15 -6 0 0 0 0 0 0 0 0 0 0
1784740915.451774,54400,-44,11,1,7,1,-95,1,636962962,128,0 0 0 0 0 0 0 0 0 0 0 0 -1 -7 -1 -8 0 -8 0 -8 1 -8 1 -8 1 -8 1 -8 2 -9 2 -9 2 -9 2 -9 3 -9 3 -9 3 -9 3 -9 3 -9 3 -10 3 -9 3 -10 3 -10 3 -10 3 -10 4 -9 4 -9 3 -10 0 0 3 -10 3 -11 3 -10 3 -10 2 -10 2 -11 2 -11 2 -11 2 -11 2 -12 2 -12 1 -12 2 -12 1 -13 1 -13 1 -13 1 -14 1 -14 1 -14 1 -15 1 -15 1 -15 1 -15 2 -15 1 -15 1 -16 0 0 0 0 0 0 0 0 0 0
1784740915.567877,54401,-46,11,1,6,1,-95,1,637065561,128,0 0 0 0 0 0 0 0 0 0 0 0 -7 2 -7 1 -7 1 -7 1 -8 0 -8 0 -8 0 -8 0 -8 0 -8 0 -9 -1 -9 -1 -9 -1 -9 -1 -9 -1 -9 -1 -10 -1 -10 -1 -10 -1 -10 -2 -10 -2 -10 -2 -10 -2 -10 -2 -10 -2 -10 -2 0 0 -10 -2 -10 -1 -11 -2 -11 -1 -11 -1 -11 -1 -11 -1 -11 0 -11 -1 -12 0 -12 0 -12 1 -12 0 -12 0 -12 1 -13 1 -13 1 -13 1 -13 1 -14 1 -14 1 -14 1 -14 1 -14 1 -15 1 -15 1 0 0 0 0 0 0 0 0 0 0
1784740915.567877,54402,-46,11,1,6,1,-95,1,637067244,128,0 0 0 0 0 0 0 0 0 0 0 0 -5 -5 -5 -5 -5 -6 -4 -6 -5 -7 -4 -7 -4 -7 -4 -7 -4 -7 -4 -8 -4 -8 -3 -8 -3 -8 -3 -9 -4 -9 -3 -9 -3 -9 -3 -9 -3 -9 -3 -9 -3 -10 -3 -9 -3 -10 -3 -10 -2 -10 -3 -10 0 0 -3 -10 -3 -10 -3 -10 -3 -10 -4 -10 -4 -10 -4 -10 -5 -10 -4 -10 -5 -11 -5 -11 -5 -11 -5 -11 -5 -11 -6 -12 -6 -11 -6 -12 -6 -12 -6 -12 -7 -12 -7 -12 -7 -12 -7 -13 -7 -13 -6 -13 -7 -13 0 0 0 0 0 0 0 0 0 0
1784740915.567877,54403,-45,11,1,6,1,-95,1,637068744,128,0 0 0 0 0 0 0 0 0 0 0 0 2 -6 3 -6 3 -6 4 -6 4 -6 4 -6 5 -6 5 -6 5 -6 5 -6 5 -6 6 -6 6 -6 6 -6 7 -6 6 -5 7 -6 7 -5 7 -6 7 -5 7 -6 8 -6 7 -5 8 -5 8 -6 8 -6 0 0 8 -6 8 -6 8 -6 8 -6 8 -7 8 -6 8 -7 7 -7 8 -7 8 -8 8 -8 8 -8 8 -8 8 -9 8 -9 9 -9 8 -9 9 -10 9 -10 8 -10 9 -10 9 -10 9 -10 9 -10 9 -10 10 -11 0 0 0 0 0 0 0 0 0 0
1784740915.567877,54404,-46,11,1,6,1,-95,1,637070341,128,0 0 0 0 0 0 0 0 0 0 0 0 6 -1 6 0 6 0 6 0 6 1 7 1 7 1 7 1 7 1 7 2 7 2 8 2 7 3 7 3 8 3 8 3 8 3 8 3 8 3 8 4 8 4 8 3 8 4 8 4 8 4 9 4 0 0 8 4 9 4 8 4 9 4 9 4 9 4 9 3 9 3 10 3 10 3 10 4 10 3 10 3 11 3 11 3 11 3 11 3 12 3 12 3 12 3 12 3 13 3 13 3 13 4 13 4 13 4 0 0 0 0 0 0 0 0 0 0
1784740915.567877,54405,-42,11,1,7,0,-95,1,637071361,128,0 0 0 0 0 0 0 0 0 0 0 0 -8 0 -9 0 -9 0 -9 -1 -9 -1 -9 -1 -10 -2 -10 -2 -10 -2 -10 -2 -10 -3 -11 -3 -11 -3 -11 -4 -11 -4 -11 -4 -11 -4 -11 -5 -12 -5 -11 -5 -12 -5 -12 -5 -11 -5 -12 -5 -12 -5 -12 -5 0 0 -12 -6 -12 -6 -12 -6 -12 -5 -13 -5 -13 -5 -13 -5 -13 -5 -13 -5 -14 -4 -14 -4 -14 -4 -15 -4 -15 -4 -15 -4 -16 -4 -16 -4 -16 -4 -16 -4 -17 -4 -17 -4 -17 -4 -17 -4 -18 -4 -18 -4 -18 -4 0 0 0 0 0 0 0 0 0 0
1784740915.576202,54406,-45,11,1,7,1,-95,1,637092980,128,0 0 0 0 0 0 0 0 0 0 0 0 -4 -4 -5 -4 -4 -4 -4 -4 -4 -5 -5 -5 -5 -5 -5 -5 -5 -5 -5 -5 -5 -6 -5 -6 -5 -6 -5 -6 -6 -7 -5 -7 -6 -7 -6 -7 -6 -8 -6 -8 -6 -8 -6 -9 -7 -8 -6 -9 -6 -9 -6 -9 0 0 -7 -9 -6 -9 -7 -10 -7 -10 -7 -10 -7 -10 -7 -10 -8 -10 -8 -10 -8 -10 -8 -10 -8 -10 -9 -10 -9 -10 -9 -10 -9 -11 -9 -10 -10 -11 -10 -11 -10 -11 -10 -11 -10 -11 -10 -10 -9 -11 -10 -11 -10 -11 0 0 0 0 0 0 0 0 0 0
1784740915.576202,54407,-45,11,1,7,1,-95,1,637093280,128,0 0 0 0 0 0 0 0 0 0 0 0 5 0 5 1 5 1 5 1 5 1 6 1 5 1 6 2 6 2 6 2 6 2 6 2 6 2 7 3 8 3 7 3 8 3 8 3 8 4 8 4 8 4 8 4 9 4 9 4 9 5 9 5 0 0 9 5 9 5 10 5 9 5 9 5 10 5 10 5 10 5 11 5 11 5 11 5 11 5 12 5 12 5 12 5 12 5 12 5 12 5 13 5 12 5 13 5 13 5 13 5 13 6 13 5 13 5 0 0 0 0 0 0 0 0 0 0
1784740915.592102,54408,-45,11,1,6,1,-95,1,637102622,128,0 0 0 0 0 0 0 0 0 0 0 0 3 4 3 5 2 5 2 5 2 5 2 6 2 5 2 6 2 6 2 6 2 6 2 7 2 7 2 7 2 8 2 7 2 8 2 8 2 9 2 8 3 9 2 9 3 8 2 9 2 9 2 10 0 0 3 10 2 10 2 10 3 10 3 10 3 10 3 10 4 10 3 11 4 11 4 11 5 11 4 12 5 12 4 11 4 12 5 12 5 13 5 12 5 13 5 12 5 13 5 12 5 13 5 13 5 14 0 0 0 0 0 0 0 0 0 0
1784740915.607666,54409,-42,11,1,6,0,-95,1,637112837,128,0 0 0 0 0 0 0 0 0 0 0 0 5 -6 6 -6 6 -6 7 -6 7 -5 7 -5 7 -5 8 -5 8 -5 8 -5 8 -4 9 -4 9 -4 9 -4 9 -4 9 -4 9 -4 10 -4 10 -4 10 -4 10 -4 10 -4 10 -4 10 -4 10 -4 10 -4 0 0 11 -4 11 -4 11 -5 11 -5 11 -5 11 -5 11 -5 11 -6 11 -6 11 -6 11 -6 11 -7 12 -7 12 -7 12 -7 12 -7 13 -8 13 -7 13 -8 13 -8 13 -8 13 -8 14 -8 14 -8 14 -8 14 -8 0 0 0 0 0 0 0 0 0 0
1784740915.607666,54410,-45,11,1,7,1,-95,1,637121331,128,0 0 0 0 0 0 0 0 0 0 0 0 -8 -2 -8 -2 -9 -3 -8 -3 -9 -4 -8 -4 -9 -4 -9 -5 -9 -5 -9 -5 -8 -6 -9 -6 -8 -6 -9 -6 -9 -6 -9 -7 -9 -6 -9 -7 -8 -7 -9 -6 -9 -7 -9 -6 -9 -7 -8 -7 -9 -7 -9 -6 0 0 -9 -6 -9 -6 -9 -6 -10 -6 -10 -5 -10 -5 -10 -5 -11 -5 -11 -5 -12 -5 -11 -5 -12 -4 -12 -4 -12 -4 -13 -4 -12 -4 -14 -4 -13 -4 -13 -4 -14 -4 -14 -4 -14 -4 -15 -4 -15 -4 -15 -4 -15 -4 0 0 0 0 0 0 0 0 0 0
1784740915.623844,54411,-46,11,1,7,1,-95,1,637131840,128,0 0 0 0 0 0 0 0 0 0 0 0 7 1 7 1 7 2 7 3 7 3 7 3 7 4 7 4 7 4 8 4 7 5 7 5 7 5 7 6 7 6 7 6 7 6 7 6 7 7 7 7 7 6 7 7 7 6 7 7 7 7 7 6 0 0 8 6 8 7 8 6 8 6 8 6 8 6 9 6 9 6 9 6 10 6 10 5 10 5 10 5 11 6 11 5 12 6 12 6 12 6 12 6 13 6 13 6 13 6 13 6 13 7 13 7 14 7 0 0 0 0 0 0 0 0 0 0
1784740915.639867,54412,-48,11,1,7,1,-95,1,637145312,128,0 0 0 0 0 0 0 0 0 0 0 0 3 7 3 7 3 8 2 8 2 8 2 8 2 8 1 8 1 8 1 8 0 9 0 9 0 8 0 9 0 8 0 9 0 8 0 9 1 8 0 8 1 8 1 8 1 8 1 8 1 8 1 8 0 0 2 8 3 8 3 8 3 9 3 8 4 8 4 8 5 9 5 9 5 10 6 10 6 10 6 10 6 10 7 11 7 11 7 11 7 11 7 12 8 12 8 12 8 12 8 13 8 13 7 13 8 13 0 0 0 0 0 0 0 0 0 0
1784740915.639867,54413,-44,11,1,7,0,-95,1,637154187,128,0 0 0 0 0 0 0 0 0 0 0 0 -9 -8 -8 -8 -8 -8 -8 -9 -7 -9 -7 -9 -7 -10 -7 -10 -6 -10 -6 -10 -6 -10 -5 -10 -5 -10 -5 -11 -5 -10 -5 -11 -5 -10 -5 -10 -5 -10 -5 -10 -5 -10 -5 -9 -5 -9 -5 -9 -5 -9 -6 -9 0 0 -7 -8 -7 -8 -7 -8 -8 -8 -8 -8 -9 -8 -9 -8 -9 -8 -10 -7 -11 -8 -11 -8 -11 -8 -12 -8 -12 -8 -13 -8 -13 -8 -13 -9 -13 -9 -14 -9 -14 -9 -15 -9 -15 -9 -15 -10 -14 -10 -14 -11 -15 -11 0 0 0 0 0 0 0 0 0 0
1784740915.655985,54414,-46,11,1,7,1,-95,1,637161321,128,0 0 0 0 0 0 0 0 0 0 0 0 -10 0 -10 0 -10 -1 -11 -1 -10 -2 -11 -2 -11 -3 -11 -3 -11 -3 -10 -3 -10 -3 -11 -3 -11 -4 -10 -4 -11 -4 -10 -5 -11 -5 -10 -4 -10 -4 -10 -4 -10 -4 -10 -5 -10 -4 -9 -3 -10 -3 -10 -3 0 0 -10 -3 -10 -3 -10 -3 -10 -2 -10 -2 -11 -1 -11 -2 -11 -1 -12 -1 -12 0 -12 0 -12 0 -13 0 -14 1 -13 0 -14 0 -14 1 -15 1 -15 1 -15 0 -16 1 -16 0 -16 1 -16 0 -16 1 -17 0 0 0 0 0 0 0 0 0 0 0
1784740915.655985,54415,-44,11,1,7,1,-95,1,637171296,128,0 0 0 0 0 0 0 0 0 0 0 0 4 -8 5 -7 6 -7 6 -7 6 -7 7 -7 7 -6 7 -7 7 -6 7 -6 7 -6 8 -6 8 -6 8 -6 8 -6 9 -5 9 -5 9 -5 9 -5 9 -5 9 -5 8 -5 8 -6 9 -5 8 -5 8 -6 0 0 8 -6 8 -6 8 -6 8 -7 8 -7 8 -7 8 -8 8 -8 8 -8 8 -9 8 -9 7 -9 8 -9 8 -9 8 -10 8 -10 8 -10 9 -11 9 -11 9 -11 9 -11 9 -11 9 -12 10 -12 10 -12 10 -12 0 0 0 0 0 0 0 0 0 0
1784740915.768331,54416,-44,11,1,6,1,-95,1,637275651,128,0 0 0 0 0 0 0 0 0 0 0 0 -8 -4 -8 -5 -8 -6 -8 -6 -7 -6 -7 -7 -7 -7 -7 -7 -7 -8 -7 -8 -7 -8 -7 -8 -7 -9 -7 -9 -7 -9 -6 -9 -6 -9 -6 -10 -6 -10 -6 -9 -6 -9 -6 -10 -6 -9 -6 -9 -6 -9 -6 -9 0 0 -6 -9 -6 -9 -6 -9 -7 -9 -7 -9 -7 -9 -7 -9 -7 -9 -7 -9 -8 -9 -8 -9 -9 -9 -9 -9 -9 -9 -9 -9 -9 -9 -10 -9 -9 -9 -10 -9 -10 -9 -10 -9 -10 -10 -11 -9 -11 -10 -11 -10 -11 -10 0 0 0 0 0 0 0 0 0 0
1784740915.768331,54417,-44,11,1,7,1,-95,1,637276168,128,0 0 0 0 0 0 0 0 0 0 0 0 -2 8 -3 8 -4 9 -4 8 -4 8 -5 8 -5 9 -5 8 -5 8 -6 8 -6 8 -7 8 -7 8 -7 8 -7 8 -7 8 -7 8 -7 8 -7 8 -7 8 -7 8 -7 8 -8 8 -8 8 -7 7 -7 8 0 0 -7 8 -7 9 -6 8 -6 9 -6 9 -6 9 -5 9 -5 10 -5 9 -5 11 -6 10 -5 10 -5 10 -5 10 -5 11 -4 11 -5 12 -4 12 -4 12 -4 13 -4 12 -3 13 -5 13 -5 13 -5 13 -5 13 0 0 0 0 0 0 0 0 0 0
1784740915.768331,54418,-43,11,1,5,1,-95,1,637280860,128,0 0 0 0 0 0 0 0 0 0 0 0 8 4 8 5 7 5 7 6 7 6 7 7 7 7 7 7 6 8 6 8 6 8 6 8 6 8 6 9 6 9 5 9 5 9 5 9 5 9 5 9 5 9 5 9 5 9 5 9 5 9 6 9 0 0 6 9 5 9 6 9 6 8 6 8 6 8 6 8 7 8 7 8 8 8 8 8 8 8 9 8 9 8 9 8 9 8 9 8 10 8 10 8 10 8 11 8 11 8 11 7 11 7 11 8 12 8 0 0 0 0 0 0 0 0 0 0
1784740915.768331,54419,-43,11,1,5,1,-95,1,637282506,128,0 0 0 0 0 0 0 0 0 0 0 0 -5 7 -5 7 -6 7 -6 7 -7 7 -7 6 -8 7 -8 6 -8 6 -9 6 -9 6 -9 5 -9 5 -9 5 -9 5 -10 5 -10 5 -10 5 -10 5 -10 5 -10 5 -10 5 -10 5 -10 4 -10 4 -10 5 0 0 -9 5 -10 5 -9 5 -9 6 -9 6 -9 6 -9 6 -9 6 -9 7 -9 7 -9 7 -9 7 -9 7 -9 7 -9 9 -9 9 -9 9 -9 9 -9 9 -9 10 -9 10 -9 10 -10 10 -10 10 -9 10 -9 10 0 0 0 0 0 0 0 0 0 0
1784740915.784125,54420,-43,11,1,5,1,-95,1,637284324,128,0 0 0 0 0 0 0 0 0 0 0 0 -10 -2 -10 -3 -9 -4 -10 -4 -9 -4 -10 -5 -9 -5 -10 -5 -9 -6 -9 -6 -9 -6 -9 -6 -9 -7 -9 -7 -10 -7 -9 -7 -9 -8 -9 -7 -9 -8 -9 -8 -9 -7 -9 -8 -9 -7 -9 -7 -9 -7 -9 -7 0 0 -9 -7 -9 -7 -9 -7 -9 -7 -10 -6 -10 -6 -10 -6 -10 -6 -10 -6 -11 -5 -11 -5 -11 -5 -11 -5 -12 -5 -12 -5 -12 -5 -12 -5 -13 -5 -13 -4 -13 -5 -13 -5 -14 -5 -13 -4 -14 -4 -14 -4 -14 -4 0 0 0 0 0 0 0 0 0 0
1784740915.784125,54421,-44,11,1,6,1,-95,1,637291621,128,0 0 0 0 0 0 0 0 0 0 0 0 2 8 2 9 1 9 1 9 0 10 0 10 0 10 -1 10 -1 10 -2 10 -2 10 -2 10 -3 10 -3 10 -3 10 -3 10 -3 11 -3 10 -3 10 -3 10 -3 10 -3 10 -3 10 -3 10 -3 10 -3 10 0 0 -2 10 -2 10 -2 10 -1 10 -1 10 -1 10 -1 10 -1 11 0 10 0 11 0 11 1 11 1 11 1 11 2 11 2 12 2 12 2 12 2 12 3 12 2 13 3 12 3 12 3 13 3 13 3 13 0 0 0 0 0 0 0 0 0 0
1784740915.784125,54422,-44,11,1,6,1,-95,1,637301363,128,0 0 0 0 0 0 0 0 0 0 0 0 -5 -8 -5 -9 -4 -9 -3 -10 -3 -10 -3 -10 -3 -10 -3 -10 -2 -11 -2 -11 -1 -11 -2 -11 -1 -11 -1 -12 -1 -12 0 -11 0 -12 0 -11 0 -11 0 -11 0 -11 0 -11 0 -11 0 -11 0 -11 0 -11 0 0 -1 -11 -1 -11 -1 -11 -1 -11 -2 -11 -2 -11 -2 -11 -3 -11 -3 -11 -3 -11 -3 -11 -4 -11 -4 -11 -4 -12 -5 -11 -5 -12 -5 -12 -5 -12 -5 -12 -6 -12 -6 -12 -6 -13 -6 -12 -6 -13 -7 -13 -7 -13 0 0 0 0 0 0 0 0 0 0
1784740915.807960,54423,-43,11,1,6,1,-95,1,637313203,128,0 0 0 0 0 0 0 0 0 0 0 0 -5 6 -6 6 -7 6 -7 6 -8 5 -8 5 -8 5 -9 5 -9 5 -9 5 -9 5 -10 4 -10 4 -11 4 -11 4 -11 3 -11 4 -11 3 -11 3 -11 3 -11 4 -11 3 -11 3 -11 3 -11 3 -11 4 0 0 -11 4 -11 4 -11 4 -11 4 -10 4 -11 4 -10 5 -10 5 -10 5 -10 6 -10 6 -10 6 -10 7 -10 7 -10 7 -11 7 -10 7 -10 7 -11 8 -11 8 -10 9 -11 9 -11 9 -11 8 -11 9 -11 9 0 0 0 0 0 0 0 0 0 0
1784740915.831929,54424,-42,11,1,4,1,-95,1,637334211,128,0 0 0 0 0 0 0 0 0 0 0 0 -8 -5 -8 -5 -8 -6 -8 -7 -7 -7 -7 -7 -7 -8 -7 -8 -7 -8 -7 -9 -6 -9 -6 -9 -6 -9 -6 -10 -6 -10 -6 -10 -6 -11 -6 -10 -6 -11 -6 -10 -6 -10 -5 -11 -6 -10 -5 -10 -5 -10 -6 -10 0 0 -6 -10 -6 -10 -6 -10 -6 -10 -7 -10 -7 -10 -7 -10 -7 -10 -7 -10 -8 -10 -8 -9 -8 -9 -9 -10 -9 -10 -9 -10 -9 -10 -9 -10 -10 -10 -10 -9 -10 -10 -10 -10 -10 -10 -10 -10 -10 -10 -11 -10 -11 -10 0 0 0 0 0 0 0 0 0 0
1784740915.831929,54425,-43,11,1,6,1,-95,1,637334560,128,0 0 0 0 0 0 0 0 0 0 0 0 8 2 8 2 8 3 8 4 7 4 8 5 7 5 7 5 7 6 7 6 7 6 8 6 7 7 7 7 7 7 7 8 7 8 7 8 7 8 7 8 6 8 6 8 6 8 7 8 6 8 7 8 0 0 7 8 7 8 7 8 7 7 7 7 7 7 7 8 8 7 8 7 8 7 9 7 9 6 9 7 10 7 9 7 10 7 10 6 10 7 10 7 10 7 11 7 11 7 10 7 11 7 11 7 11 7 0 0 0 0 0 0 0 0 0 0
1784740915.831929,54426,-43,11,1,6,1,-95,1,637341241,128,0 0 0 0 0 0 0 0 0 0 0 0 8 1 8 1 9 2 8 3 9 3 8 3 9 3 9 4 9 4 9 5 9 5 8 6 8 6 8 6 8 6 8 7 8 7 8 7 8 7 8 7 8 7 8 7 8 7 8 7 8 7 8 7 0 0 8 6 8 6 8 6 9 6 9 6 9 6 9 5 9 5 10 5 10 5 10 5 10 5 10 5 11 4 11 5 11 4 11 4 11 4 12 4 12 4 12 4 13 4 12 4 12 5 12 4 13 4 0 0 0 0 0 0 0 0 0 0
1784740915.847913,54427,-43,11,1,6,1,-95,1,637351243,128,0 0 0 0 0 0 0 0 0 0 0 0 0 9 -1 9 -1 9 -2 9 -2 10 -3 9 -3 10 -4 9 -3 10 -4 10 -5 10 -5 10 -6 9 -5 9 -5 10 -6 10 -6 10 -6 10 -6 10 -6 10 -6 10 -6 10 -6 9 -6 9 -6 9 -6 9 0 0 -5 9 -5 10 -5 9 -5 10 -4 9 -5 10 -4 10 -4 10 -4 10 -4 11 -3 11 -3 11 -3 11 -3 11 -2 11 -2 11 -2 12 -2 12 -2 12 -1 12 -2 12 -1 12 -1 13 -1 12 -2 13 -2 13 0 0 0 0 0 0 0 0 0 0
1784740915.854681,54428,-40,11,1,6,0,-95,1,637361200,128,0 0 0 0 0 0 0 0 0 0 0 0 7 6 7 7 7 8 6 8 6 9 6 9 6 9 6 9 5 10 5 10 5 10 4 10 4 11 4 11 4 11 4 11 4 11 4 11 3 11 3 11 3 11 3 11 3 11 3 11 3 11 3 11 0 0 3 11 3 11 4 11 4 11 4 10 4 11 4 11 5 10 5 11 5 10 6 10 6 10 6 10 6 10 7 10 7 10 7 10 7 10 7 10 8 10 8 11 8 10 8 11 8 11 8 10 8 11 0 0 0 0 0 0 0 0 0 0
1784740915.863852,54429,-44,11,1,6,1,-95,1,637371323,128,0 0 0 0 0 0 0 0 0 0 0 0 -9 5 -9 4 -10 4 -10 3 -10 3 -10 2 -11 2 -11 2 -11 2 -11 1 -12 0 -12 0 -11 0 -11 0 -11 0 -12 0 -11 0 -12 0 -11 -1 -11 -1 -11 0 -11 0 -11 -1 -11 -1 -10 -1 -11 0 0 0 -10 0 -10 0 -10 0 -11 1 -10 1 -10 1 -10 2 -10 2 -10 2 -11 3 -10 3 -10 3 -10 3 -10 3 -11 4 -10 4 -11 4 -10 4 -11 5 -11 5 -11 5 -10 6 -11 5 -11 6 -11 5 -11 6 0 0 0 0 0 0 0 0 0 0
1784740915.863852,54430,-44,11,1,6,1,-95,1,637382099,128,0 0 0 0 0 0 0 0 0 0 0 0 0 9 -1 9 -1 9 -2 9 -2 9 -3 9 -3 9 -4 10 -4 10 -4 9 -4 9 -5 9 -5 9 -5 9 -6 10 -6 9 -6 9 -6 9 -6 9 -6 9 -6 9 -6 9 -6 9 -5 9 -6 8 -5 9 0 0 -5 9 -5 9 -5 9 -4 9 -4 9 -4 9 -4 9 -4 9 -4 10 -3 10 -3 10 -3 10 -2 10 -3 11 -2 10 -2 11 -2 11 -2 11 -2 11 -2 11 -2 11 -1 12 -1 11 -1 12 -1 12 -1 12 0 0 0 0 0 0 0 0 0 0
1784740915.879856,54431,-44,11,1,6,1,-95,1,637391283,128,0 0 0 0 0 0 0 0 0 0 0 0 -9 3 -9 2 -10 1 -10 1 -10 0 -10 0 -10 0 -11 0 -11 -1 -10 -1 -10 -1 -11 -1 -11 -2 -11 -2 -11 -2 -11 -2 -11 -3 -11 -2 -11 -2 -11 -3 -11 -2 -11 -3 -10 -2 -11 -2 -11 -2 -11 -2 0 0 -11 -2 -11 -2 -11 -2 -11 -1 -11 -1 -11 -1 -11 -1 -11 -1 -12 -1 -12 0 -12 0 -12 1 -13 1 -13 1 -13 1 -13 1 -12 1 -13 1 -14 1 -14 2 -14 2 -14 2 -13 2 -14 2 -14 2 -15 2 0 0 0 0 0 0 0 0 0 0
1784740915.895983,54432,-44,11,1,6,1,-95,1,637401270,128,0 0 0 0 0 0 0 0 0 0 0 0 4 -8 4 -8 5 -8 5 -7 6 -8 6 -7 6 -8 7 -7 7 -7 8 -7 8 -6 8 -6 8 -6 8 -6 8 -6 9 -6 8 -6 9 -6 8 -6 9 -6 8 -6 8 -6 9 -6 9 -5 8 -6 8 -6 0 0 8 -6 8 -7 8 -7 8 -7 8 -7 8 -7 7 -8 8 -8 7 -8 8 -9 8 -9 8 -9 8 -9 7 -9 8 -10 7 -10 8 -10 8 -10 8 -10 8 -11 8 -11 7 -11 8 -11 8 -11 8 -11 8 -11 0 0 0 0 0 0 0 0 0 0
1784740915.916136,54433,-45,11,1,6,1,-95,1,637411327,128,0 0 0 0 0 0 0 0 0 0 0 0 -9 -3 -9 -4 -9 -5 -9 -6 -9 -6 -9 -6 -8 -6 -9 -7 -8 -7 -8 -7 -8 -8 -8 -8 -8 -8 -8 -8 -8 -8 -8 -8 -8 -9 -7 -9 -7 -9 -7 -9 -7 -9 -7 -9 -7 -8 -7 -8 -7 -8 -7 -8 0 0 -7 -8 -8 -8 -8 -8 -8 -8 -8 -7 -8 -7 -8 -7 -9 -7 -9 -7 -9 -7 -9 -7 -10 -7 -9 -7 -10 -7 -10 -7 -11 -7 -10 -7 -11 -7 -11 -6 -11 -7 -11 -6 -11 -6 -11 -6 -11 -7 -11 -6 -11 -6 0 0 0 0 0 0 0 0 0 0
1784740915.927973,54434,-43,11,1,4,1,-95,1,637427889,128,0 0 0 0 0 0 0 0 0 0 0 0 1 -10 1 -10 2 -10 2 -10 3 -10 3 -10 3 -10 4 -10 4 -10 5 -10 5 -9 6 -9 6 -9 6 -9 6 -9 6 -9 6 -9 6 -9 6 -9 6 -9 5 -9 5 -8 5 -8 5 -8 5 -8 5 -8 0 0 4 -8 4 -9 3 -9 4 -9 3 -9 3 -9 2 -10 2 -10 2 -10 2 -11 2 -11 1 -11 2 -11 1 -11 0 -13 1 -13 1 -13 0 -12 0 -13 -2 -14 0 -14 0 -13 1 -13 1 -14 -1 -14 1 -13 0 0 0 0 0 0 0 0 0 0
1784740915.927973,54435,-43,11,1,4,1,-95,1,637446662,128,0 0 0 0 0 0 0 0 0 0 0 0 7 -4 8 -4 8 -3 8 -3 8 -2 9 -3 9 -2 9 -2 9 -2 10 -1 10 -1 10 -1 10 0 10 0 10 0 10 0 11 0 10 0 10 0 10 0 10 1 10 1 10 0 10 1 10 1 10 1 0 0 10 0 10 0 10 0 10 0 10 -1 10 -1 10 -1 10 -2 10 -2 10 -2 10 -2 10 -2 10 -3 11 -3 11 -3 11 -3 11 -3 11 -4 11 -4 11 -4 11 -4 11 -4 12 -4 11 -4 12 -4 12 -5 0 0 0 0 0 0 0 0 0 0
1784740915.943941,54436,-43,11,1,6,1,-95,1,637451402,128,0 0 0 0 0 0 0 0 0 0 0 0 6 -5 6 -5 7 -4 7 -4 7 -4 8 -4 8 -4 8 -3 8 -3 9 -3 9 -3 9 -2 9 -2 9 -2 9 -2 10 -2 10 -2 10 -2 10 -1 10 -2 10 -1 10 -1 10 -1 10 -1 9 -1 10 -2 0 0 10 -2 10 -2 9 -2 10 -2 9 -2 10 -3 9 -3 10 -3 10 -3 10 -4 10 -4 10 -4 10 -4 10 -4 10 -5 10 -5 11 -5 11 -5 11 -5 11 -6 11 -5 11 -5 11 -6 11 -5 11 -6 11 -6 0 0 0 0 0 0 0 0 0 0
1784740915.943941,54437,-43,11,1,6,1,-95,1,637461363,128,0 0 0 0 0 0 0 0 0 0 0 0 -7 3 -7 3 -8 3 -8 2 -8 2 -9 2 -9 2 -9 1 -9 1 -9 1 -9 1 -9 1 -9 1 -9 1 -10 0 -10 0 -10 0 -10 1 -10 0 -10 0 -10 0 -10 0 -10 0 -10 0 -10 0 -10 0 0 0 -10 1 -10 1 -10 1 -10 1 -10 1 -10 2 -10 2 -11 2 -11 2 -11 3 -11 3 -11 3 -11 3 -11 3 -11 4 -12 4 -12 4 -13 4 -12 4 -13 4 -12 4 -12 4 -13 4 -13 4 -13 4 -13 4 0 0 0 0 0 0 0 0 0 0
1784740915.964075,54438,-44,11,1,6,1,-95,1,637471292,128,0 0 0 0 0 0 0 0 0 0 0 0 -7 -5 -7 -5 -6 -6 -6 -6 -6 -7 -6 -7 -6 -7 -6 -7 -5 -7 -6 -8 -5 -8 -5 -8 -5 -8 -5 -8 -5 -8 -5 -8 -5 -8 -5 -8 -5 -8 -5 -8 -5 -9 -5 -8 -5 -8 -5 -8 -5 -8 -5 -8 0 0 -5 -8 -5 -9 -6 -9 -6 -8 -6 -8 -6 -8 -6 -8 -7 -8 -7 -9 -7 -9 -7 -9 -8 -9 -8 -9 -8 -9 -8 -9 -8 -9 -8 -9 -8 -9 -9 -9 -9 -9 -9 -10 -9 -10 -9 -10 -9 -10 -9 -10 -10 -10 0 0 0 0 0 0 0 0 0 0
1784740915.978151,54439,-44,11,1,6,1,-95,1,637481242,128,0 0 0 0 0 0 0 0 0 0 0 0 4 6 4 6 3 7 3 6 3 7 3 7 3 7 2 7 2 7 2 8 2 8 2 8 1 8 1 8 1 8 1 8 1 8 1 8 1 8 1 8 1 8 1 8 1 8 1 8 1 8 2 8 0 0 2 8 2 8 2 8 3 9 3 8 3 8 3 8 3 9 4 9 4 9 4 9 4 9 4 9 4 9 5 10 5 10 5 10 5 10 5 10 6 10 5 10 6 11 6 11 5 11 6 11 6 11 0 0 0 0 0 0 0 0 0 0
1784740915.978151,54440,-44,11,1,6,1,-95,1,637491279,128,0 0 0 0 0 0 0 0 0 0 0 0 -6 3 -7 3 -7 2 -7 2 -7 2 -7 1 -7 1 -8 1 -8 1 -7 1 -8 0 -8 0 -8 0 -8 0 -8 0 -8 0 -8 0 -8 0 -8 0 -8 0 -8 1 -8 0 -8 1 -8 0 -8 1 -8 1 0 0 -9 1 -9 2 -9 1 -9 2 -9 2 -9 2 -9 2 -10 2 -10 3 -10 3 -11 3 -10 3 -11 3 -11 3 -11 3 -12 4 -12 3 -12 3 -12 3 -12 3 -12 4 -12 4 -12 3 -13 3 -13 3 -13 3 0 0 0 0 0 0 0 0 0 0
1784740915.991594,54441,-45,11,1,6,1,-95,1,637501357,128,0 0 0 0 0 0 0 0 0 0 0 0 -7 2 -8 1 -8 1 -8 0 -8 0 -8 0 -8 0 -8 -1 -8 -1 -8 -1 -7 -1 -7 -1 -7 -1 -7 -1 -7 -1 -7 -1 -7 -1 -7 -1 -7 -1 -7 -1 -7 -1 -7 -1 -7 0 -7 0 -7 0 -8 0 0 0 -8 1 -8 0 -8 0 -8 1 -9 1 -9 1 -9 2 -9 2 -10 2 -10 2 -10 2 -10 3 -11 3 -11 2 -11 2 -12 2 -11 2 -12 3 -12 3 -12 3 -12 3 -13 3 -12 3 -13 3 -13 3 -13 3 0 0 0 0 0 0 0 0 0 0
1784740916.007297,54442,-47,11,1,6,1,-95,1,637511321,128,0 0 0 0 0 0 0 0 0 0 0 0 6 -6 6 -5 7 -5 7 -4 7 -4 7 -4 7 -4 7 -4 7 -3 7 -3 7 -2 8 -2 7 -2 7 -2 6 -2 7 -2 6 -2 7 -2 6 -2 6 -2 6 -3 6 -3 5 -3 5 -3 5 -3 5 -3 0 0 5 -4 5 -5 5 -5 5 -6 5 -5 5 -6 5 -7 5 -7 5 -7 6 -8 6 -8 6 -8 6 -8 6 -8 6 -10 6 -9 6 -9 7 -10 6 -10 6 -10 6 -10 6 -11 7 -10 8 -10 7 -10 7 -11 0 0 0 0 0 0 0 0 0 0
1784740916.008857,54443,-48,11,1,6,1,-95,1,637521315,128,0 0 0 0 0 0 0 0 0 0 0 0 0 -10 1 -10 1 -10 2 -10 2 -10 3 -10 3 -10 3 -9 4 -9 4 -9 5 -9 5 -9 5 -8 5 -8 5 -8 5 -8 5 -8 5 -7 5 -8 4 -7 4 -7 4 -7 4 -7 4 -6 3 -6 3 -7 0 0 2 -7 2 -7 1 -7 1 -7 1 -7 0 -8 0 -8 -1 -8 -1 -8 -1 -9 -1 -9 -1 -9 -1 -9 -1 -10 -2 -10 -2 -10 -2 -10 -2 -11 -2 -11 -3 -11 -2 -11 -3 -11 -2 -11 -2 -12 -3 -12 -3 -12 0 0 0 0 0 0 0 0 0 0
1784740916.027588,54444,-48,11,1,6,1,-95,1,637531230,128,0 0 0 0 0 0 0 0 0 0 0 0 1 10 0 11 -1 10 -2 11 -2 10 -2 11 -3 10 -3 11 -4 10 -3 10 -4 10 -4 10 -4 10 -4 10 -4 10 -5 9 -5 9 -5 8 -5 9 -5 8 -5 8 -4 8 -4 8 -3 7 -3 7 -3 7 0 0 -2 7 -2 7 -1 7 -1 7 0 7 0 7 0 8 1 8 1 8 2 8 2 8 3 8 3 9 3 9 3 9 3 9 3 9 4 9 4 9 4 10 4 9 4 10 5 9 5 10 5 9 5 10 0 0 0 0 0 0 0 0 0 0
1784740916.028106,54445,-47,11,1,6,1,-95,1,637541523,128,0 0 0 0 0 0 0 0 0 0 0 0 -8 -8 -7 -8 -7 -9 -6 -9 -6 -10 -5 -10 -5 -10 -5 -10 -5 -10 -4 -11 -4 -11 -3 -11 -3 -11 -3 -11 -3 -11 -3 -11 -3 -10 -3 -11 -2 -10 -3 -10 -3 -10 -3 -10 -3 -10 -3 -9 -3 -9 -3 -9 0 0 -4 -8 -5 -9 -5 -8 -5 -9 -6 -8 -6 -8 -6 -8 -7 -8 -7 -8 -8 -9 -8 -9 -8 -8 -8 -8 -8 -9 -10 -9 -10 -8 -10 -9 -10 -9 -10 -9 -10 -9 -11 -9 -11 -9 -11 -9 -11 -10 -10 -10 -11 -9 0 0 0 0 0 0 0 0 0 0
1784740916.038839,54446,-46,11,1,6,1,-95,1,637551343,128,0 0 0 0 0 0 0 0 0 0 0 0 -7 -6 -7 -7 -6 -7 -6 -8 -6 -8 -6 -8 -5 -8 -5 -9 -5 -9 -5 -9 -4 -9 -5 -9 -4 -9 -4 -9 -4 -10 -3 -10 -3 -10 -3 -9 -3 -10 -3 -9 -3 -9 -3 -9 -3 -9 -3 -9 -3 -9 -4 -9 0 0 -4 -9 -4 -9 -4 -9 -5 -9 -5 -9 -5 -9 -5 -9 -6 -9 -6 -9 -7 -9 -7 -9 -7 -9 -7 -9 -8 -10 -8 -10 -8 -10 -8 -10 -8 -10 -8 -10 -8 -10 -9 -10 -9 -10 -8 -11 -9 -11 -9 -11 -9 -11 0 0 0 0 0 0 0 0 0 0
1784740916.055542,54447,-46,11,1,6,1,-95,1,637563681,128,0 0 0 0 0 0 0 0 0 0 0 0 -4 -7 -3 -8 -3 -8 -2 -8 -2 -8 -2 -8 -2 -9 -2 -9 -1 -9 -1 -9 -1 -9 -1 -9 -1 -9 0 -9 0 -9 0 -9 0 -9 0 -9 0 -9 0 -9 0 -9 0 -9 0 -9 0 -9 0 -9 -1 -9 0 0 -1 -9 -1 -9 -1 -9 -1 -9 -2 -10 -2 -10 -2 -10 -2 -10 -2 -10 -3 -11 -3 -11 -3 -11 -3 -11 -3 -12 -3 -11 -3 -12 -3 -12 -4 -12 -4 -12 -4 -13 -4 -13 -4 -13 -4 -13 -4 -13 -4 -13 -4 -13 0 0 0 0 0 0 0 0 0 0
1784740916.055542,54448,-46,11,1,6,1,-95,1,637571254,128,0 0 0 0 0 0 0 0 0 0 0 0 0 -8 1 -8 1 -8 1 -8 2 -8 2 -8 2 -8 3 -8 3 -9 4 -8 4 -8 4 -8 4 -8 4 -8 4 -8 5 -8 4 -8 4 -8 5 -8 5 -8 4 -8 4 -8 4 -8 5 -8 4 -8 4 -8 0 0 4 -8 3 -9 4 -9 3 -9 3 -9 3 -10 3 -10 3 -10 3 -10 3 -11 3 -11 3 -11 3 -11 3 -11 2 -12 2 -12 3 -12 3 -13 3 -13 2 -13 2 -13 3 -13 3 -13 3 -14 3 -13 3 -14 0 0 0 0 0 0 0 0 0 0
1784740916.070737,54449,-46,11,1,6,1,-95,1,637581300,128,0 0 0 0 0 0 0 0 0 0 0 0 -5 5 -5 5 -5 5 -6 5 -6 5 -6 5 -6 5 -7 4 -7 4 -7 4 -7 4 -7 4 -7 4 -8 4 -8 4 -8 4 -8 4 -8 4 -8 4 -8 4 -8 4 -8 4 -8 4 -8 4 -8 4 -8 4 0 0 -8 5 -8 5 -8 5 -8 5 -8 6 -8 5 -8 6 -8 7 -8 6 -8 7 -8 7 -8 8 -8 8 -9 8 -8 8 -9 8 -9 8 -9 8 -9 9 -9 9 -9 9 -10 9 -9 9 -10 9 -10 9 -10 9 0 0 0 0 0 0 0 0 0 0
1784740916.087009,54450,-45,11,1,6,1,-95,1,637591228,128,0 0 0 0 0 0 0 0 0 0 0 0 -3 -7 -3 -8 -2 -8 -2 -8 -2 -8 -2 -8 -1 -8 -1 -9 -1 -9 -1 -9 -1 -9 -1 -9 -1 -9 -1 -9 0 -10 0 -10 0 -10 0 -10 0 -10 0 -10 0 -10 0 -10 0 -10 0 -10 0 -10 -1 -10 0 0 -1 -10 -1 -10 -1 -11 -1 -10 -1 -10 -2 -11 -2 -11 -3 -11 -2 -11 -3 -12 -3 -12 -4 -12 -3 -12 -3 -13 -3 -13 -3 -13 -3 -13 -4 -13 -4 -13 -4 -13 -4 -14 -4 -14 -4 -14 -4 -14 -4 -15 -4 -15 0 0 0 0 0 0 0 0 0 0
1784740916.087009,54451,-45,11,1,6,1,-95,1,637601246,128,0 0 0 0 0 0 0 0 0 0 0 0 -5 -7 -4 -8 -4 -8 -3 -9 -3 -8 -3 -9 -3 -9 -3 -9 -2 -9 -2 -9 -2 -9 -2 -9 -2 -10 -2 -10 -2 -10 -1 -10 -1 -10 -1 -10 -1 -10 -1 -10 -1 -10 -1 -10 -1 -9 -1 -9 -1 -9 -2 -10 0 0 -2 -10 -2 -9 -2 -10 -3 -9 -3 -9 -3 -10 -3 -10 -3 -10 -4 -10 -4 -10 -5 -11 -5 -10 -5 -11 -5 -11 -5 -11 -6 -12 -5 -11 -6 -12 -6 -12 -6 -12 -6 -12 -6 -13 -6 -12 -6 -13 -7 -13 -7 -13 0 0 0 0 0 0 0 0 0 0
1784740916.107112,54452,-45,11,1,6,1,-95,1,637611363,128,0 0 0 0 0 0 0 0 0 0 0 0 -9 3 -9 2 -10 2 -10 1 -10 1 -10 1 -10 0 -10 0 -10 -1 -11 -1 -10 -1 -10 -1 -10 -1 -11 -2 -11 -2 -10 -3 -10 -2 -10 -3 -10 -3 -10 -3 -10 -3 -10 -3 -10 -2 -10 -2 -9 -2 -9 -2 0 0 -10 -2 -10 -2 -9 -1 -10 -1 -9 -1 -10 -1 -10 -1 -10 0 -10 0 -11 1 -11 1 -11 1 -11 1 -12 1 -12 1 -12 1 -12 2 -12 2 -12 2 -13 2 -13 2 -13 2 -13 2 -13 2 -13 3 -14 3 0 0 0 0 0 0 0 0 0 0
1784740916.109293,54453,-45,11,1,6,1,-95,1,637621345,128,0 0 0 0 0 0 0 0 0 0 0 0 -8 4 -8 4 -9 3 -9 3 -10 3 -9 2 -10 2 -10 2 -10 2 -11 2 -10 1 -11 1 -11 1 -11 0 -11 1 -12 0 -11 0 -12 0 -11 0 -11 0 -11 0 -11 0 -11 0 -10 0 -10 0 -10 0 0 0 -10 0 -10 1 -10 1 -10 1 -9 2 -10 2 -10 3 -10 3 -10 3 -10 4 -10 3 -10 4 -10 4 -10 4 -11 5 -10 5 -11 5 -10 5 -10 6 -11 6 -11 6 -11 6 -11 6 -11 6 -11 6 -11 6 0 0 0 0 0 0 0 0 0 0
1784740916.119097,54454,-45,11,1,6,1,-95,1,637631335,128,0 0 0 0 0 0 0 0 0 0 0 0 -4 -8 -4 -8 -4 -8 -3 -9 -3 -9 -3 -9 -3 -9 -2 -10 -3 -10 -2 -10 -1 -10 -1 -10 -1 -10 -1 -11 -1 -11 -1 -11 -1 -11 0 -11 0 -11 0 -11 0 -11 0 -11 0 -11 0 -11 0 -10 0 -11 0 0 0 -10 -1 -10 -1 -10 -1 -10 -1 -10 -1 -10 -1 -10 -2 -11 -2 -11 -2 -11 -2 -11 -3 -11 -2 -11 -3 -11 -4 -11 -4 -12 -3 -12 -4 -12 -4 -12 -4 -12 -4 -12 -5 -12 -4 -13 -4 -13 -5 -13 -5 -13 0 0 0 0 0 0 0 0 0 0
1784740916.135267,54455,-45,11,1,6,1,-95,1,637641384,128,0 0 0 0 0 0 0 0 0 0 0 0 7 -2 7 -1 7 -1 7 0 7 0 8 0 8 0 8 1 8 1 8 1 8 1 9 1 8 1 9 2 9 2 9 3 9 3 9 3 9 3 9 3 9 3 9 3 9 3 9 3 9 3 9 3 0 0 9 3 9 3 9 3 9 3 9 2 9 2 10 2 10 2 10 2 11 2 11 1 11 1 11 1 11 1 11 2 12 2 11 1 12 2 12 2 12 2 13 1 13 2 12 1 13 2 13 2 13 2 0 0 0 0 0 0 0 0 0 0
1784740916.141258,54456,-45,11,1,6,1,-95,1,637651261,128,0 0 0 0 0 0 0 0 0 0 0 0 -8 -1 -8 -2 -8 -2 -8 -3 -8 -3 -8 -3 -8 -3 -8 -3 -8 -4 -9 -4 -8 -5 -8 -5 -8 -5 -8 -5 -8 -5 -9 -5 -8 -5 -9 -6 -8 -6 -9 -5 -9 -5 -9 -6 -9 -6 -8 -6 -8 -6 -8 -5 0 0 -9 -5 -9 -5 -9 -5 -10 -5 -9 -4 -10 -4 -10 -4 -11 -4 -11 -4 -12 -4 -11 -4 -12 -4 -11 -4 -12 -4 -13 -4 -12 -3 -13 -4 -13 -4 -13 -3 -14 -3 -14 -3 -14 -3 -15 -4 -14 -4 -14 -4 -15 -4 0 0 0 0 0 0 0 0 0 0
1784740916.151382,54457,-46,11,1,6,1,-95,1,637661352,128,0 0 0 0 0 0 0 0 0 0 0 0 -7 4 -7 4 -8 3 -8 3 -8 3 -8 3 -8 3 -9 2 -9 2 -9 2 -10 1 -10 1 -10 1 -10 1 -11 1 -10 0 -10 0 -10 0 -11 0 -10 0 -10 0 -10 0 -10 0 -10 0 -10 0 -9 0 0 0 -9 1 -9 1 -9 1 -9 1 -10 2 -9 2 -9 2 -10 3 -10 3 -10 3 -10 4 -10 4 -10 4 -11 4 -11 5 -11 5 -11 5 -12 6 -11 5 -12 6 -12 6 -12 6 -12 6 -13 6 -13 6 -13 6 0 0 0 0 0 0 0 0 0 0
1784740916.167253,54458,-46,11,1,6,1,-95,1,637671343,128,0 0 0 0 0 0 0 0 0 0 0 0 -7 -5 -7 -5 -7 -6 -7 -6 -6 -7 -6 -7 -6 -7 -6 -8 -6 -8 -6 -8 -6 -8 -6 -9 -6 -9 -5 -10 -6 -10 -5 -10 -5 -10 -4 -10 -4 -10 -4 -10 -4 -10 -4 -10 -4 -10 -4 -10 -4 -10 -4 -10 0 0 -4 -10 -4 -9 -4 -9 -4 -9 -5 -9 -5 -9 -5 -9 -5 -9 -6 -9 -6 -9 -6 -9 -7 -8 -7 -9 -7 -9 -7 -9 -8 -9 -7 -9 -8 -9 -8 -9 -9 -9 -9 -9 -9 -9 -9 -9 -9 -9 -10 -9 -10 -9 0 0 0 0 0 0 0 0 0 0
1784740916.183032,54459,-46,11,1,6,1,-95,1,637681242,128,0 0 0 0 0 0 0 0 0 0 0 0 -5 5 -6 5 -6 5 -6 4 -7 5 -7 4 -8 5 -8 4 -8 4 -9 4 -9 4 -9 4 -10 4 -10 3 -10 4 -11 4 -10 3 -11 3 -11 3 -11 3 -11 3 -11 3 -11 3 -11 2 -11 2 -11 3 0 0 -10 3 -11 3 -10 3 -11 4 -10 4 -10 4 -10 4 -10 4 -10 5 -11 5 -11 5 -10 5 -10 5 -10 5 -11 7 -10 7 -11 7 -11 7 -11 7 -11 8 -11 7 -10 8 -11 8 -11 8 -11 8 -11 8 0 0 0 0 0 0 0 0 0 0
1784740916.183032,54460,-46,11,1,6,1,-95,1,637691213,128,0 0 0 0 0 0 0 0 0 0 0 0 3 4 3 4 3 5 2 5 2 5 3 5 3 5 3 6 2 6 3 6 2 6 2 7 2 7 2 8 2 8 2 8 2 9 2 9 2 9 1 9 2 9 1 9 1 9 1 9 1 10 1 10 0 0 1 10 1 10 1 10 1 10 1 10 2 10 2 10 2 10 2 11 3 11 2 11 3 11 3 11 3 12 3 11 3 12 3 11 3 12 3 12 3 12 4 12 3 12 3 11 3 12 4 12 4 13 0 0 0 0 0 0 0 0 0 0
1784740916.198937,54461,-48,11,1,6,1,-95,1,637701832,128,0 0 0 0 0 0 0 0 0 0 0 0 4 -3 4 -3 5 -3 5 -3 5 -2 5 -2 5 -3 5 -3 6 -3 6 -2 6 -2 7 -2 7 -2 7 -2 7 -2 8 -2 8 -2 8 -3 8 -2 8 -2 8 -2 8 -2 9 -2 9 -2 9 -2 9 -2 0 0 9 -2 10 -3 9 -3 10 -3 9 -3 10 -3 10 -3 10 -4 10 -4 11 -4 11 -3 11 -4 11 -3 11 -4 12 -5 11 -4 12 -4 12 -4 12 -4 12 -5 12 -4 12 -5 13 -4 13 -4 13 -4 12 -4 0 0 0 0 0 0 0 0 0 0
1784740916.198937,54462,-49,11,1,7,1,-95,1,637711307,128,0 0 0 0 0 0 0 0 0 0 0 0 -6 4 -6 4 -7 4 -7 3 -7 3 -7 3 -8 3 -7 3 -7 3 -8 2 -8 2 -8 2 -8 2 -8 2 -8 2 -8 2 -8 2 -9 2 -8 2 -9 2 -8 2 -8 2 -8 2 -8 2 -8 3 -8 3 0 0 -8 4 -8 4 -8 4 -9 5 -8 5 -8 5 -8 6 -9 6 -9 6 -10 7 -10 7 -10 7 -10 7 -9 6 -10 9 -10 8 -11 8 -10 8 -11 8 -11 9 -11 8 -11 9 -12 9 -12 8 -12 8 -11 8 0 0 0 0 0 0 0 0 0 0
1784740916.230972,54463,-50,11,1,7,1,-95,1,637721319,128,0 0 0 0 0 0 0 0 0 0 0 0 6 -7 7 -7 7 -6 8 -6 8 -6 8 -6 8 -5 9 -5 9 -5 9 -4 9 -4 9 -4 9 -4 9 -4 9 -4 9 -3 10 -3 9 -3 9 -3 9 -3 8 -3 8 -3 8 -3 7 -3 7 -3 7 -4 0 0 7 -4 7 -4 7 -4 6 -5 6 -5 6 -6 6 -6 6 -6 6 -7 6 -7 6 -7 5 -8 6 -8 6 -8 6 -9 6 -9 5 -9 6 -9 5 -9 5 -9 5 -9 6 -10 5 -9 5 -10 5 -10 5 -10 0 0 0 0 0 0 0 0 0 0
1784740916.230972,54464,-50,11,1,6,1,-95,1,637732910,128,0 0 0 0 0 0 0 0 0 0 0 0 6 6 6 7 5 7 5 8 5 8 5 8 4 8 5 9 4 9 4 9 3 9 3 9 3 9 3 10 3 10 2 10 2 10 3 10 2 10 3 10 2 10 2 9 2 9 2 9 2 9 2 9 0 0 3 9 3 8 3 8 3 8 4 8 4 7 5 7 5 7 5 8 6 7 6 8 6 8 6 8 7 8 7 8 7 8 7 8 8 8 8 8 8 8 8 8 9 8 8 8 8 8 8 9 8 8 0 0 0 0 0 0 0 0 0 0
1784740916.230972,54465,-49,11,1,7,1,-95,1,637741437,128,0 0 0 0 0 0 0 0 0 0 0 0 5 6 5 7 4 7 4 8 3 8 3 8 3 8 3 9 3 9 2 9 2 9 2 9 2 9 2 9 2 9 1 10 1 10 1 10 1 10 1 10 1 9 1 9 1 9 1 9 1 9 1 9 0 0 2 9 2 8 3 8 3 8 4 8 3 8 4 8 4 9 4 8 5 9 6 9 6 9 6 9 6 9 7 9 7 10 7 10 7 10 7 11 8 10 7 11 8 11 8 11 8 11 8 11 8 11 0 0 0 0 0 0 0 0 0 0
1784740916.246866,54466,-50,11,1,6,1,-95,1,637752676,128,0 0 0 0 0 0 0 0 0 0 0 0 5 5 4 5 4 6 4 6 4 6 4 6 4 6 3 6 3 6 3 7 3 7 3 7 2 7 2 7 3 7 3 8 3 7 3 8 2 7 3 7 3 7 3 7 3 8 3 7 3 7 3 7 0 0 4 7 4 7 4 7 5 7 5 7 5 7 6 7 6 7 6 7 7 8 7 8 7 8 7 8 7 8 8 8 8 8 8 9 8 9 9 9 9 9 9 9 9 9 9 10 9 10 9 10 9 10 0 0 0 0 0 0 0 0 0 0
1784740916.246866,54467,-50,11,1,7,1,-95,1,637761410,128,0 0 0 0 0 0 0 0 0 0 0 0 -2 7 -2 7 -3 7 -3 7 -4 7 -4 7 -4 7 -4 7 -4 7 -5 7 -5 7 -5 7 -5 7 -5 7 -5 7 -5 7 -5 7 -6 7 -5 7 -5 7 -5 7 -5 7 -5 7 -5 6 -5 7 -4 6 0 0 -4 7 -3 8 -3 7 -3 8 -3 8 -3 8 -2 9 -2 9 -2 9 -2 10 -2 10 -2 10 -2 10 -2 10 -1 12 -1 11 -2 12 -2 12 -1 12 -1 12 -1 12 -1 13 -2 13 -2 12 -2 12 -2 12 0 0 0 0 0 0 0 0 0 0
1784740916.262728,54468,-49,11,1,6,1,-95,1,637772758,128,0 0 0 0 0 0 0 0 0 0 0 0 -7 5 -7 4 -8 4 -8 4 -9 4 -9 4 -9 3 -10 4 -10 3 -10 3 -10 3 -10 3 -11 3 -11 3 -11 2 -12 2 -11 2 -12 2 -12 2 -12 1 -11 1 -11 1 -11 2 -11 1 -10 2 -11 2 0 0 -10 2 -10 3 -10 3 -10 3 -9 4 -10 4 -10 4 -10 5 -10 5 -10 6 -10 6 -10 7 -10 7 -10 7 -11 7 -11 8 -11 8 -11 8 -11 8 -12 9 -12 9 -12 9 -12 9 -12 9 -12 9 -13 9 0 0 0 0 0 0 0 0 0 0
1784740916.278610,54469,-50,11,1,7,1,-95,1,637796128,128,0 0 0 0 0 0 0 0 0 0 0 0 -3 6 -4 6 -4 6 -4 6 -4 5 -5 5 -5 5 -5 6 -5 5 -5 5 -5 5 -5 5 -5 5 -6 6 -6 6 -6 5 -6 6 -6 5 -6 6 -6 6 -6 6 -7 6 -6 6 -7 6 -7 6 -7 6 0 0 -7 6 -7 6 -7 6 -6 6 -6 6 -6 7 -6 7 -6 7 -6 7 -6 8 -6 8 -6 8 -6 9 -6 9 -7 9 -7 9 -7 9 -7 10 -7 10 -7 10 -7 10 -8 10 -8 10 -8 11 -8 11 -8 11 0 0 0 0 0 0 0 0 0 0
1784740916.294371,54470,-51,11,1,6,1,-95,1,637804984,128,0 0 0 0 0 0 0 0 0 0 0 0 -3 6 -3 6 -4 6 -4 6 -4 6 -4 6 -5 5 -5 6 -5 5 -5 5 -5 6 -5 5 -5 5 -5 5 -5 6 -5 5 -6 5 -6 6 -6 5 -6 5 -6 5 -6 5 -5 5 -6 5 -6 5 -6 5 0 0 -6 5 -5 5 -5 6 -5 5 -5 6 -5 6 -5 6 -5 7 -5 7 -4 7 -4 8 -4 8 -5 8 -5 9 -5 8 -5 9 -5 9 -5 9 -5 9 -5 9 -6 9 -6 10 -6 10 -6 10 -6 10 -6 11 0 0 0 0 0 0 0 0 0 0
1784740916.294371,54471,-47,11,1,7,0,-95,1,637811236,128,0 0 0 0 0 0 0 0 0 0 0 0 -11 -1 -11 -2 -11 -3 -11 -3 -11 -3 -11 -4 -11 -4 -11 -4 -11 -5 -11 -5 -11 -4 -11 -5 -11 -5 -11 -5 -11 -5 -11 -5 -11 -6 -11 -6 -11 -6 -10 -6 -10 -6 -10 -6 -10 -6 -10 -6 -10 -5 -10 -5 0 0 -10 -4 -10 -4 -10 -4 -10 -3 -11 -3 -11 -3 -11 -3 -12 -2 -12 -2 -12 -2 -13 -1 -13 -1 -13 -1 -14 -1 -14 -1 -14 -1 -15 -1 -15 -1 -15 -1 -15 -1 -16 -1 -16 -1 -16 -1 -16 -1 -16 0 -17 -1 0 0 0 0 0 0 0 0 0 0
1784740916.314716,54472,-49,11,1,7,1,-95,1,637821349,128,0 0 0 0 0 0 0 0 0 0 0 0 -2 -9 -1 -9 0 -9 0 -9 0 -9 1 -9 0 -9 0 -10 1 -10 1 -10 1 -10 2 -10 2 -10 2 -10 2 -10 2 -10 2 -10 3 -10 3 -10 2 -10 3 -10 3 -10 3 -10 3 -9 3 -9 2 -9 0 0 2 -10 2 -10 1 -9 1 -10 1 -10 1 -10 0 -10 0 -11 0 -10 0 -11 0 -11 0 -11 0 -11 0 -11 0 -12 -1 -12 0 -12 0 -12 -1 -12 -1 -12 -1 -13 -1 -12 -1 -13 -1 -12 -1 -12 -1 -12 0 0 0 0 0 0 0 0 0 0
1784740916.327304,54473,-48,11,1,7,1,-95,1,637831311,128,0 0 0 0 0 0 0 0 0 0 0 0 -1 7 -2 7 -2 7 -3 8 -3 7 -3 8 -3 7 -3 8 -4 8 -4 7 -4 8 -4 8 -5 8 -5 8 -5 9 -5 8 -6 9 -6 8 -6 8 -6 8 -6 8 -6 8 -6 8 -6 8 -6 8 -6 8 0 0 -6 8 -6 8 -6 8 -5 8 -5 9 -5 9 -5 9 -5 9 -5 9 -5 10 -5 10 -5 10 -5 10 -5 11 -4 10 -5 11 -4 10 -5 11 -5 11 -4 11 -4 11 -4 11 -4 11 -5 11 -4 11 -4 12 0 0 0 0 0 0 0 0 0 0
1784740916.327304,54474,-49,11,1,7,1,-95,1,637841255,128,0 0 0 0 0 0 0 0 0 0 0 0 0 7 0 7 -1 7 -1 7 -1 7 -1 7 -2 7 -2 8 -2 8 -2 8 -2 8 -3 8 -3 8 -3 8 -3 8 -4 8 -4 8 -4 8 -4 8 -4 8 -4 8 -4 8 -4 8 -4 8 -4 8 -4 8 0 0 -3 8 -3 9 -3 9 -3 9 -3 9 -3 10 -3 10 -3 10 -3 10 -3 11 -2 11 -2 11 -3 11 -3 11 -3 11 -3 12 -3 12 -3 12 -3 12 -3 12 -3 12 -3 12 -3 12 -3 12 -3 12 -3 12 0 0 0 0 0 0 0 0 0 0
1784740916.341296,54475,-51,11,1,7,1,-95,1,637851351,128,0 0 0 0 0 0 0 0 0 0 0 0 3 -7 3 -7 4 -7 4 -6 4 -7 5 -6 5 -7 5 -6 5 -6 6 -6 6 -6 6 -6 6 -5 7 -5 6 -5 6 -6 6 -5 6 -5 7 -5 6 -5 6 -5 6 -5 6 -5 6 -5 5 -5 5 -5 0 0 5 -6 5 -6 4 -7 5 -7 4 -7 4 -8 4 -8 4 -8 5 -8 5 -9 5 -9 4 -9 5 -9 4 -9 5 -10 4 -10 5 -10 5 -10 5 -10 4 -11 5 -11 4 -11 5 -11 5 -11 5 -10 5 -10 0 0 0 0 0 0 0 0 0 0
1784740916.357069,54476,-51,11,1,6,1,-95,1,637862572,128,0 0 0 0 0 0 0 0 0 0 0 0 -3 6 -3 6 -4 6 -4 6 -5 6 -5 6 -5 6 -6 6 -6 6 -6 6 -7 6 -7 6 -7 6 -8 6 -8 6 -8 5 -8 5 -8 5 -8 5 -9 5 -8 5 -8 5 -9 5 -8 5 -9 5 -8 5 0 0 -8 5 -8 5 -8 5 -8 6 -7 5 -8 6 -7 5 -8 6 -7 6 -8 7 -7 7 -7 7 -7 7 -7 7 -7 7 -7 8 -7 7 -7 7 -7 8 -7 8 -7 8 -7 8 -7 8 -7 8 -7 8 -6 8 0 0 0 0 0 0 0 0 0 0
1784740916.365775,54477,-49,11,1,7,1,-95,1,637872093,128,0 0 0 0 0 0 0 0 0 0 0 0 5 -1 6 0 6 0 6 0 6 0 6 1 7 1 7 1 7 1 7 2 7 2 8 2 8 3 8 3 8 3 9 3 8 3 9 3 9 4 9 4 9 4 9 4 10 5 9 5 9 5 9 5 0 0 9 5 10 5 9 4 10 5 9 5 10 5 10 4 10 5 10 4 11 5 10 5 10 4 10 4 10 4 11 4 10 3 11 4 11 4 10 3 11 3 11 3 10 3 11 3 10 3 10 3 10 3 0 0 0 0 0 0 0 0 0 0
1784740916.373051,54478,-48,11,1,6,0,-95,1,637882744,128,0 0 0 0 0 0 0 0 0 0 0 0 3 4 3 4 3 5 3 5 3 5 3 5 3 5 3 5 3 6 3 6 3 7 4 7 4 7 4 7 4 7 4 8 4 8 4 8 5 9 5 9 4 10 5 10 5 10 5 11 5 11 5 12 0 0 5 12 5 13 5 13 5 13 6 13 5 14 5 14 6 14 6 14 6 14 6 14 6 14 6 15 6 15 6 15 7 15 6 15 6 15 6 15 6 15 7 15 6 15 6 14 7 14 6 14 6 14 0 0 0 0 0 0 0 0 0 0
1784740916.384809,54479,-53,11,1,7,1,-95,1,637891336,128,0 0 0 0 0 0 0 0 0 0 0 0 3 -2 4 -2 4 -2 4 -2 4 -2 4 -2 4 -2 5 -2 5 -2 5 -2 5 -2 5 -1 5 -1 5 -2 5 -2 5 -2 5 -2 5 -2 6 -2 6 -2 6 -3 6 -3 6 -3 7 -3 7 -3 8 -4 0 0 8 -4 8 -4 9 -4 9 -4 9 -4 9 -4 10 -4 10 -4 10 -4 10 -4 10 -4 11 -4 11 -4 11 -5 11 -5 11 -5 11 -4 11 -5 11 -5 11 -4 11 -5 12 -5 11 -4 11 -4 11 -5 11 -5 0 0 0 0 0 0 0 0 0 0
1784740916.397315,54480,-52,11,1,7,1,-95,1,637901248,128,0 0 0 0 0 0 0 0 0 0 0 0 -4 -1 -4 -1 -5 -1 -5 -1 -5 -1 -5 -1 -6 -1 -6 -2 -6 -2 -7 -2 -7 -3 -7 -3 -7 -3 -8 -3 -8 -3 -8 -4 -8 -4 -9 -4 -8 -4 -9 -4 -9 -4 -9 -4 -9 -5 -9 -5 -9 -5 -10 -5 0 0 -10 -5 -11 -6 -10 -6 -11 -6 -10 -5 -11 -6 -11 -6 -11 -6 -11 -6 -12 -6 -11 -6 -11 -6 -11 -6 -12 -6 -12 -6 -12 -6 -12 -6 -12 -6 -12 -6 -12 -5 -12 -5 -12 -5 -12 -6 -12 -6 -12 -5 -12 -5 0 0 0 0 0 0 0 0 0 0
1784740916.404961,54481,-49,11,1,7,1,-95,1,637911246,128,0 0 0 0 0 0 0 0 0 0 0 0 1 3 1 3 1 4 1 4 1 4 1 5 1 5 1 5 1 6 1 6 0 7 0 7 0 8 0 8 0 8 -1 9 -1 10 -1 10 -1 10 -1 10 -1 11 -2 10 -2 11 -2 11 -3 11 -3 11 0 0 -3 11 -3 11 -3 11 -3 12 -3 12 -2 12 -2 12 -2 12 -2 12 -2 13 -2 13 -2 13 -2 12 -1 13 -1 13 -1 13 -1 13 0 14 0 14 0 14 0 14 0 14 0 14 0 14 0 14 0 14 0 0 0 0 0 0 0 0 0 0
1784740916.414419,54482,-50,11,1,7,1,-95,1,637921239,128,0 0 0 0 0 0 0 0 0 0 0 0 0 3 0 3 0 3 -1 4 -1 4 -1 4 -1 5 -1 5 -1 5 -1 6 -1 6 -1 6 -1 7 -1 7 -2 8 -2 8 -2 8 -3 8 -3 9 -3 9 -3 10 -4 9 -3 10 -4 10 -4 10 -4 10 0 0 -5 11 -5 11 -5 11 -5 11 -5 11 -5 12 -5 11 -5 12 -6 12 -5 12 -5 12 -5 12 -5 13 -5 13 -5 12 -6 13 -5 12 -5 13 -5 13 -5 13 -5 14 -5 14 -4 13 -5 13 -5 14 -5 14 0 0 0 0 0 0 0 0 0 0
1784740916.420682,54483,-51,11,1,7,1,-95,1,637931330,128,0 0 0 0 0 0 0 0 0 0 0 0 -3 2 -3 2 -3 2 -3 2 -3 2 -3 2 -3 3 -3 3 -3 3 -3 3 -3 4 -4 4 -4 4 -4 5 -4 5 -4 5 -4 6 -4 6 -5 6 -5 7 -5 7 -5 7 -5 8 -6 8 -6 8 -6 8 0 0 -7 9 -7 10 -7 9 -7 10 -7 10 -7 10 -8 11 -8 11 -8 11 -9 12 -9 11 -9 11 -9 11 -9 11 -9 12 -9 12 -9 12 -10 12 -9 13 -9 13 -9 13 -9 13 -10 12 -10 12 -10 12 -10 12 0 0 0 0 0 0 0 0 0 0
1784740916.437590,54484,-52,11,1,7,1,-95,1,637941326,128,0 0 0 0 0 0 0 0 0 0 0 0 -1 3 -1 3 -1 3 -1 3 -1 3 -1 3 0 3 0 3 0 3 1 3 1 3 1 3 1 4 2 4 2 4 2 5 2 5 3 5 3 5 3 6 4 6 4 6 4 6 4 7 4 7 5 8 0 0 5 9 5 9 5 10 6 9 6 10 6 10 6 11 7 11 7 12 7 11 7 12 8 12 7 12 8 13 7 13 7 14 7 13 8 13 8 14 8 14 8 14 8 14 8 14 7 14 8 14 8 14 0 0 0 0 0 0 0 0 0 0
1784740916.437590,54485,-55,11,1,7,1,-95,1,637951265,128,0 0 0 0 0 0 0 0 0 0 0 0 -1 -5 -1 -5 -1 -5 -1 -5 -1 -5 -1 -5 -1 -5 -1 -5 -1 -5 -2 -4 -2 -4 -2 -5 -2 -5 -2 -5 -3 -5 -2 -5 -3 -5 -3 -5 -3 -5 -4 -5 -4 -5 -4 -5 -5 -5 -5 -5 -6 -6 -6 -6 0 0 -7 -6 -7 -7 -7 -7 -8 -7 -8 -7 -8 -8 -8 -8 -9 -8 -9 -9 -10 -9 -10 -9 -11 -9 -11 -10 -10 -11 -10 -11 -10 -11 -10 -11 -11 -11 -10 -12 -11 -12 -11 -12 -10 -13 -11 -12 -10 -13 -11 -12 -11 -13 0 0 0 0 0 0 0 0 0 0
1784740916.455012,54486,-54,11,1,4,1,-95,1,637965396,128,0 0 0 0 0 0 0 0 0 0 0 0 3 -3 3 -2 3 -2 4 -2 3 -2 4 -2 3 -2 4 -2 4 -2 4 -2 4 -2 4 -2 4 -2 5 -2 5 -2 5 -2 6 -3 5 -3 6 -3 6 -3 7 -3 7 -3 7 -3 8 -3 8 -3 9 -3 0 0 10 -4 9 -3 11 -3 10 -3 11 -4 11 -3 11 -3 11 -3 12 -3 12 -3 12 -3 12 -3 12 -3 13 -3 12 -3 13 -3 12 -3 13 -3 13 -3 13 -3 13 -4 13 -4 12 -4 12 -4 13 -4 13 -4 0 0 0 0 0 0 0 0 0 0
1784740916.468243,54487,-55,11,1,7,1,-95,1,637973285,128,0 0 0 0 0 0 0 0 0 0 0 0 2 6 2 6 2 7 1 6 2 7 1 7 2 7 2 7 2 8 1 8 1 8 1 8 1 9 1 9 2 9 2 10 2 9 2 10 2 10 2 11 2 11 2 11 1 12 0 12 0 11 0 12 0 0 0 12 0 12 0 12 0 13 0 12 0 12 0 11 0 12 0 11 0 12 0 11 0 11 0 11 0 10 1 11 1 11 0 11 1 11 1 10 2 10 2 11 2 10 2 11 1 11 1 11 2 10 0 0 0 0 0 0 0 0 0 0
1784740916.488341,54488,-54,11,1,6,1,-95,1,637986199,128,0 0 0 0 0 0 0 0 0 0 0 0 6 6 6 7 6 7 6 8 6 8 6 8 6 8 7 9 6 9 7 9 7 9 7 10 7 10 7 10 8 11 7 10 7 11 7 10 7 11 7 11 8 11 7 11 8 10 7 10 7 10 7 10 0 0 7 10 6 10 7 10 6 9 6 9 6 8 6 8 6 7 6 8 6 7 6 7 6 6 6 6 6 6 5 5 6 6 5 5 6 5 6 5 5 5 6 5 5 5 5 4 5 4 5 5 5 5 0 0 0 0 0 0 0 0 0 0
1784740916.488341,54489,-52,11,1,5,1,-95,1,638003106,128,0 0 0 0 0 0 0 0 0 0 0 0 -7 10 -7 10 -8 10 -7 9 -8 11 -7 10 -8 11 -8 11 -7 11 -9 11 -9 11 -9 11 -9 11 -9 11 -8 11 -9 12 -8 12 -9 13 -8 12 -9 12 -9 12 -8 12 -9 12 -9 11 -9 10 -8 10 0 0 -8 10 -8 10 -7 9 -8 10 -7 9 -7 9 -6 8 -6 8 -6 7 -6 8 -6 7 -5 7 -5 6 -5 6 -5 7 -4 6 -5 6 -5 5 -4 5 -4 6 -4 5 -4 6 -5 6 -5 5 -5 5 -5 5 0 0 0 0 0 0 0 0 0 0
1784740916.500024,54490,-52,11,1,7,1,-95,1,638011252,128,0 0 0 0 0 0 0 0 0 0 0 0 -13 -5 -12 -6 -12 -7 -12 -7 -12 -7 -12 -7 -12 -6 -13 -6 -13 -7 -13 -7 -13 -7 -13 -7 -13 -7 -13 -7 -14 -7 -13 -7 -14 -7 -13 -7 -14 -7 -14 -7 -14 -7 -13 -7 -13 -7 -13 -7 -12 -7 -13 -7 0 0 -12 -7 -12 -7 -11 -7 -11 -6 -11 -6 -11 -6 -10 -6 -10 -5 -10 -5 -10 -5 -9 -5 -9 -4 -9 -5 -9 -4 -9 -4 -9 -4 -8 -4 -8 -4 -9 -4 -8 -4 -8 -3 -9 -3 -8 -3 -8 -4 -8 -4 -9 -4 0 0 0 0 0 0 0 0 0 0
1784740916.518044,54491,-51,11,1,5,1,-95,1,638022619,128,0 0 0 0 0 0 0 0 0 0 0 0 8 3 8 3 8 4 7 4 7 4 8 4 7 4 8 4 8 4 8 4 8 4 8 4 8 4 9 5 9 5 8 5 9 5 9 5 8 5 8 6 9 6 8 6 8 6 8 5 8 6 8 6 0 0 7 6 7 6 7 6 7 6 7 6 7 6 7 6 7 6 7 6 7 5 7 5 7 5 8 5 7 6 7 6 7 5 7 5 7 5 8 5 8 6 8 5 8 6 8 5 8 5 9 6 9 6 0 0 0 0 0 0 0 0 0 0
1784740916.548005,54492,-53,11,1,6,1,-95,1,638048770,128,0 0 0 0 0 0 0 0 0 0 0 0 -3 -2 -3 -3 -3 -3 -3 -3 -3 -3 -3 -3 -3 -3 -3 -4 -3 -4 -3 -4 -3 -4 -3 -4 -3 -4 -3 -4 -4 -4 -3 -5 -3 -5 -4 -5 -4 -6 -4 -6 -4 -6 -4 -6 -4 -7 -4 -7 -4 -7 -4 -7 0 0 -4 -8 -4 -8 -4 -9 -5 -9 -4 -9 -5 -9 -5 -10 -5 -10 -5 -10 -5 -11 -5 -10 -5 -11 -5 -11 -5 -11 -5 -12 -5 -12 -5 -12 -6 -12 -6 -12 -6 -13 -6 -12 -6 -13 -6 -13 -6 -13 -6 -14 -6 -13 0 0 0 0 0 0 0 0 0 0
1784740916.548005,54493,-52,11,1,5,1,-95,1,638050348,128,0 0 0 0 0 0 0 0 0 0 0 0 -4 0 -4 0 -4 0 -4 -1 -4 -1 -4 -1 -4 -1 -4 -1 -4 -1 -4 -1 -4 -1 -5 -1 -5 -1 -5 -1 -5 -1 -5 -1 -6 -1 -6 -1 -6 -1 -6 -1 -7 -1 -7 -1 -8 -1 -7 -2 -8 -2 -8 -2 0 0 -8 -2 -9 -2 -9 -2 -10 -2 -9 -2 -10 -2 -10 -2 -11 -2 -11 -2 -12 -2 -11 -2 -12 -2 -12 -2 -12 -2 -13 -2 -13 -2 -13 -3 -13 -2 -13 -2 -14 -2 -14 -2 -14 -2 -15 -2 -14 -2 -15 -2 -15 -2 0 0 0 0 0 0 0 0 0 0
1784740916.548005,54494,-52,11,1,5,1,-95,1,638052844,128,0 0 0 0 0 0 0 0 0 0 0 0 2 2 2 2 2 2 2 2 1 3 1 3 1 3 2 3 2 3 2 3 2 3 2 3 2 3 2 3 2 3 2 4 2 4 3 4 3 4 3 4 3 5 3 5 4 5 3 6 3 5 3 6 0 0 4 6 4 7 4 7 4 7 4 7 4 8 4 8 4 8 4 9 5 9 5 9 5 9 5 9 5 10 5 10 5 11 5 10 5 11 5 11 6 11 6 11 6 12 6 11 6 12 7 11 6 12 0 0 0 0 0 0 0 0 0 0
1784740916.548005,54495,-51,11,1,6,1,-95,1,638061307,128,0 0 0 0 0 0 0 0 0 0 0 0 -4 2 -4 2 -5 2 -5 2 -5 1 -5 1 -5 1 -5 1 -5 1 -5 1 -5 1 -5 1 -6 1 -6 1 -6 1 -6 1 -6 1 -6 1 -7 2 -7 2 -7 2 -7 2 -7 2 -7 2 -8 2 -8 2 0 0 -9 2 -9 2 -10 2 -9 2 -10 2 -10 2 -10 2 -11 3 -11 3 -11 3 -11 3 -11 3 -11 3 -12 3 -12 3 -13 3 -12 3 -13 3 -13 3 -13 4 -13 3 -14 4 -14 4 -14 4 -14 4 -15 4 0 0 0 0 0 0 0 0 0 0
1784740916.563836,54496,-50,11,1,6,1,-95,1,638071294,128,0 0 0 0 0 0 0 0 0 0 0 0 5 -2 5 -1 6 -1 6 0 6 0 6 0 6 0 6 0 6 1 6 1 6 2 6 2 6 2 6 2 6 2 6 2 6 2 7 2 7 2 7 2 7 2 7 2 7 2 7 2 7 2 8 3 0 0 8 2 8 2 8 2 8 2 9 2 9 2 9 2 9 2 9 2 10 2 10 2 10 2 10 2 10 2 11 2 11 2 11 3 12 2 11 2 12 1 12 2 12 1 13 2 13 2 13 2 13 2 0 0 0 0 0 0 0 0 0 0
1784740916.579694,54497,-50,11,1,6,1,-95,1,638081210,128,0 0 0 0 0 0 0 0 0 0 0 0 0 5 0 6 -1 6 -1 6 -2 6 -2 6 -2 6 -2 6 -2 6 -3 6 -3 7 -3 7 -4 7 -4 7 -4 7 -4 7 -4 7 -4 7 -5 7 -4 7 -5 7 -5 7 -5 7 -5 7 -5 7 -5 8 0 0 -5 8 -5 8 -5 8 -5 8 -5 8 -5 8 -5 8 -5 9 -6 9 -5 9 -5 9 -5 9 -5 10 -5 10 -5 10 -5 10 -5 10 -5 11 -5 11 -5 11 -5 11 -5 11 -4 11 -5 11 -5 12 -5 12 0 0 0 0 0 0 0 0 0 0
1784740916.579694,54498,-48,11,1,5,1,-95,1,638092720,128,0 0 0 0 0 0 0 0 0 0 0 0 0 4 0 4 0 4 0 4 0 5 0 5 0 5 -1 6 -1 6 -1 6 -1 6 -2 6 -2 6 -2 7 -1 7 -2 7 -2 8 -2 8 -2 8 -2 8 -3 9 -3 9 -3 9 -4 9 -4 9 -4 9 0 0 -4 9 -4 9 -4 9 -4 10 -4 9 -4 10 -4 10 -4 10 -4 10 -4 11 -4 10 -4 11 -4 10 -4 11 -3 11 -4 11 -4 12 -4 11 -3 11 -3 12 -3 12 -3 12 -3 12 -3 12 -3 12 -3 12 0 0 0 0 0 0 0 0 0 0
1784740916.599366,54499,-49,11,1,6,1,-95,1,638101341,128,0 0 0 0 0 0 0 0 0 0 0 0 -3 -4 -3 -4 -3 -5 -3 -5 -3 -5 -3 -5 -3 -5 -3 -5 -3 -5 -3 -6 -3 -6 -3 -6 -3 -7 -4 -7 -4 -7 -4 -8 -4 -7 -5 -8 -4 -8 -5 -9 -5 -9 -5 -9 -5 -10 -4 -10 -4 -10 -4 -10 0 0 -4 -10 -5 -11 -5 -11 -5 -11 -5 -11 -5 -11 -5 -11 -5 -12 -5 -11 -5 -12 -5 -12 -5 -12 -5 -12 -5 -12 -6 -12 -5 -12 -5 -13 -5 -13 -6 -12 -6 -13 -6 -13 -6 -12 -6 -13 -5 -13 -6 -13 -6 -13 0 0 0 0 0 0 0 0 0 0
1784740916.601724,54500,-49,11,1,6,1,-95,1,638111330,128,0 0 0 0 0 0 0 0 0 0 0 0 4 -1 4 -1 4 -1 5 -1 4 -1 4 -1 5 -1 5 -1 5 -1 5 -1 6 -1 6 -1 6 -1 7 -1 7 -1 7 -1 8 -1 8 -1 9 -1 9 -1 9 -1 9 -1 9 -1 10 0 10 0 11 0 0 0 11 1 11 0 11 1 11 1 11 1 11 1 11 1 12 1 11 1 12 0 12 1 12 1 12 1 12 1 12 1 12 1 12 1 13 1 12 0 12 0 13 0 13 0 12 1 12 1 13 1 13 1 0 0 0 0 0 0 0 0 0 0
1784740916.612775,54501,-48,11,1,6,1,-95,1,638121324,128,0 0 0 0 0 0 0 0 0 0 0 0 4 -2 5 -2 5 -1 5 -1 5 -1 5 -1 6 -1 6 -2 6 -1 7 -2 7 -2 7 -2 8 -2 8 -2 9 -2 9 -1 10 -1 10 -1 10 -1 11 -1 11 -1 11 0 11 -1 11 0 12 0 12 0 0 0 12 1 12 1 12 1 12 1 12 1 12 1 12 1 12 1 13 1 13 1 12 1 13 0 13 1 13 1 12 1 13 1 13 1 13 0 13 0 13 0 13 0 13 0 12 -1 13 0 13 -1 13 -1 0 0 0 0 0 0 0 0 0 0
1784740916.626992,54502,-47,11,1,6,1,-95,1,638132572,128,0 0 0 0 0 0 0 0 0 0 0 0 -2 4 -3 4 -3 5 -3 5 -3 5 -3 5 -4 5 -4 6 -4 6 -4 6 -5 6 -5 7 -5 7 -6 7 -6 7 -7 7 -7 7 -7 7 -8 8 -8 7 -8 8 -9 7 -9 8 -9 7 -9 7 -10 8 0 0 -10 8 -10 7 -10 7 -10 7 -10 7 -10 8 -10 7 -10 8 -10 7 -10 8 -10 8 -10 8 -10 8 -10 8 -10 8 -10 9 -9 8 -10 9 -9 9 -9 9 -9 10 -9 10 -9 9 -9 10 -9 10 -10 11 0 0 0 0 0 0 0 0 0 0
1784740916.626992,54503,-46,11,1,6,1,-95,1,638141205,128,0 0 0 0 0 0 0 0 0 0 0 0 -4 -3 -5 -3 -5 -4 -5 -4 -5 -4 -5 -4 -5 -4 -5 -5 -6 -5 -6 -5 -6 -6 -6 -6 -6 -7 -6 -7 -7 -7 -6 -8 -7 -8 -7 -8 -7 -9 -7 -9 -7 -9 -7 -10 -7 -9 -6 -10 -6 -10 -6 -10 0 0 -7 -11 -6 -11 -6 -11 -6 -11 -7 -11 -7 -11 -7 -11 -7 -11 -7 -11 -7 -11 -7 -11 -7 -11 -7 -11 -8 -11 -8 -11 -8 -11 -8 -11 -8 -11 -8 -11 -9 -11 -9 -11 -9 -11 -9 -11 -9 -11 -10 -11 -10 -11 0 0 0 0 0 0 0 0 0 0
1784740916.642983,54504,-45,11,1,6,1,-95,1,638152158,128,0 0 0 0 0 0 0 0 0 0 0 0 1 4 1 4 1 5 1 5 1 5 1 5 2 6 1 6 2 6 1 7 1 7 1 7 1 8 1 8 1 8 1 9 1 9 1 9 1 9 1 10 1 10 1 10 0 11 0 11 -1 11 -1 11 0 0 0 11 0 12 0 11 0 12 0 11 0 11 0 11 0 12 0 12 0 13 0 12 0 12 0 12 0 11 1 12 1 12 1 12 1 12 2 12 2 12 2 12 2 12 2 13 2 13 2 12 2 13 0 0 0 0 0 0 0 0 0 0
1784740916.642983,54505,-44,11,1,6,1,-95,1,638161293,128,0 0 0 0 0 0 0 0 0 0 0 0 -7 0 -6 0 -7 -1 -7 -1 -7 -1 -7 -1 -7 -1 -8 -1 -8 -1 -8 -2 -8 -2 -9 -2 -9 -2 -9 -3 -9 -2 -10 -3 -9 -3 -11 -3 -10 -3 -11 -4 -10 -4 -11 -4 -11 -5 -10 -5 -10 -5 -10 -5 0 0 -10 -5 -11 -5 -10 -5 -11 -5 -11 -5 -11 -5 -11 -5 -11 -5 -11 -5 -12 -5 -11 -5 -11 -5 -11 -5 -11 -4 -12 -4 -11 -4 -12 -4 -12 -4 -12 -4 -12 -3 -12 -3 -12 -3 -13 -4 -12 -4 -12 -3 -12 -3 0 0 0 0 0 0 0 0 0 0
1784740916.659176,54506,-44,11,1,6,1,-95,1,638171444,128,0 0 0 0 0 0 0 0 0 0 0 0 -6 -3 -7 -4 -6 -4 -6 -4 -6 -4 -6 -5 -6 -5 -7 -5 -6 -5 -7 -5 -7 -5 -7 -5 -7 -6 -7 -6 -7 -7 -7 -7 -7 -7 -7 -7 -7 -8 -7 -8 -7 -8 -7 -9 -8 -8 -7 -8 -7 -8 -7 -9 0 0 -7 -9 -7 -9 -7 -9 -7 -9 -7 -9 -7 -9 -7 -9 -8 -9 -8 -9 -8 -9 -8 -9 -8 -9 -8 -9 -9 -9 -8 -9 -9 -9 -8 -9 -9 -9 -9 -9 -9 -9 -10 -9 -9 -9 -10 -8 -10 -9 -10 -9 -11 -9 0 0 0 0 0 0 0 0 0 0
1784740916.677040,54507,-43,11,1,6,1,-95,1,638181248,128,0 0 0 0 0 0 0 0 0 0 0 0 1 6 1 5 1 6 0 6 0 6 0 6 0 6 0 7 0 7 0 7 0 7 0 8 0 8 -1 8 0 8 -1 9 -1 8 -1 9 -1 9 -1 9 -1 9 -1 10 -1 10 -2 10 -2 10 -2 10 0 0 -2 10 -2 10 -2 10 -2 11 -2 10 -2 10 -2 10 -1 10 -1 11 -1 11 -2 11 -1 11 -1 11 -1 11 -1 12 -1 11 -1 12 0 11 0 12 0 12 0 12 0 12 0 13 0 12 0 12 0 13 0 0 0 0 0 0 0 0 0 0
1784740916.681059,54508,-42,11,1,6,1,-95,1,638191272,128,0 0 0 0 0 0 0 0 0 0 0 0 2 -6 3 -6 3 -6 3 -6 4 -6 4 -6 4 -6 4 -6 4 -6 5 -6 5 -6 5 -6 5 -7 6 -7 6 -7 6 -7 6 -7 6 -7 7 -7 7 -7 7 -7 7 -7 7 -7 8 -7 8 -7 8 -7 0 0 8 -7 8 -7 8 -7 8 -7 8 -7 8 -7 8 -7 8 -7 8 -7 8 -8 8 -8 8 -8 8 -8 8 -8 8 -9 8 -9 8 -9 8 -9 8 -9 8 -10 8 -9 8 -10 9 -10 9 -10 8 -10 8 -10 0 0 0 0 0 0 0 0 0 0
1784740916.690925,54509,-42,11,1,6,1,-95,1,638201372,128,0 0 0 0 0 0 0 0 0 0 0 0 4 4 4 5 4 5 4 5 4 5 4 5 4 6 4 6 4 6 4 6 4 6 4 6 4 7 4 7 4 7 4 8 4 8 4 8 4 8 4 9 3 9 3 9 4 9 3 9 3 9 3 9 0 0 3 9 3 9 3 10 3 9 3 9 3 9 3 9 4 9 4 10 4 9 4 10 5 9 5 10 5 10 5 10 5 10 5 9 5 10 5 10 5 10 6 10 5 10 6 10 6 10 6 10 6 11 0 0 0 0 0 0 0 0 0 0
1784740916.706885,54510,-42,11,1,6,1,-95,1,638211196,128,0 0 0 0 0 0 0 0 0 0 0 0 4 5 4 5 4 6 3 5 3 6 3 6 3 6 3 6 3 6 3 6 3 7 3 7 3 7 2 7 3 7 3 8 2 7 3 8 2 8 3 8 3 8 3 8 3 8 2 8 2 8 2 8 0 0 2 8 3 9 2 8 3 9 3 8 3 8 3 8 4 9 3 9 4 9 4 9 4 9 4 9 4 9 5 9 5 9 4 10 5 10 5 10 5 10 5 10 5 10 6 10 5 10 5 10 5 10 0 0 0 0 0 0 0 0 0 0
1784740916.710549,54511,-42,11,1,6,1,-95,1,638221221,128,0 0 0 0 0 0 0 0 0 0 0 0 -3 -7 -2 -7 -2 -7 -2 -8 -1 -8 -2 -8 -1 -8 -1 -8 -1 -8 -1 -8 -1 -8 -1 -9 0 -8 -1 -9 -1 -9 0 -9 0 -9 0 -9 0 -9 0 -9 0 -9 0 -9 0 -9 0 -10 0 -10 0 -10 0 0 0 -10 -1 -10 0 -10 -1 -10 -1 -10 -1 -10 -1 -10 -1 -11 -1 -11 -1 -11 -1 -11 -1 -11 -1 -11 -1 -11 -2 -12 -2 -12 -2 -12 -2 -12 -2 -12 -2 -12 -2 -13 -2 -13 -2 -13 -2 -13 -2 -13 -2 -13 0 0 0 0 0 0 0 0 0 0
1784740916.722674,54512,-42,11,1,7,1,-95,1,638231292,128,0 0 0 0 0 0 0 0 0 0 0 0 -6 5 -6 4 -6 4 -7 4 -6 3 -7 4 -7 3 -7 4 -8 3 -7 3 -8 4 -8 4 -8 3 -8 4 -9 4 -9 3 -9 3 -9 3 -9 3 -9 3 -9 3 -10 2 -9 3 -9 3 -9 3 -10 3 0 0 -10 3 -10 3 -10 3 -9 3 -10 3 -10 3 -10 3 -10 3 -10 3 -10 4 -10 4 -10 4 -10 5 -11 5 -10 4 -11 5 -10 4 -11 5 -11 5 -11 5 -11 5 -11 5 -10 5 -11 6 -11 6 -11 6 0 0 0 0 0 0 0 0 0 0
1784740916.722674,54513,-42,11,1,7,1,-95,1,638241269,128,0 0 0 0 0 0 0 0 0 0 0 0 6 -4 6 -4 7 -4 7 -3 7 -3 7 -3 7 -3 7 -3 8 -3 8 -2 8 -2 8 -2 8 -2 8 -1 8 -2 9 -2 8 -1 9 -1 9 -1 9 -1 9 -1 9 -1 9 -1 9 0 9 0 9 0 0 0 9 0 9 -1 9 -1 9 -1 9 -1 9 -1 9 -1 9 -2 9 -2 10 -2 9 -2 9 -2 9 -2 9 -2 10 -3 10 -3 11 -3 10 -3 10 -3 11 -3 11 -3 11 -4 12 -3 11 -3 11 -3 11 -3 0 0 0 0 0 0 0 0 0 0
1784740916.738698,54514,-43,11,1,7,1,-95,1,638251290,128,0 0 0 0 0 0 0 0 0 0 0 0 2 -8 3 -8 3 -8 3 -8 4 -8 4 -8 4 -7 4 -8 4 -8 4 -7 5 -7 5 -7 5 -7 6 -7 6 -8 6 -7 6 -8 6 -7 6 -7 7 -7 6 -7 7 -7 7 -7 7 -7 7 -7 7 -7 0 0 7 -7 6 -7 7 -7 6 -7 6 -8 6 -8 6 -8 6 -8 6 -8 5 -8 6 -9 5 -9 6 -9 6 -9 5 -9 6 -10 5 -10 6 -10 5 -10 5 -11 5 -11 5 -11 6 -11 6 -11 5 -11 6 -12 0 0 0 0 0 0 0 0 0 0
1784740916.754731,54515,-43,11,1,6,1,-95,1,638262815,128,0 0 0 0 0 0 0 0 0 0 0 0 -8 1 -8 0 -8 -1 -8 -1 -8 -1 -8 -1 -8 -1 -9 -2 -9 -2 -9 -2 -9 -2 -9 -3 -9 -3 -9 -3 -9 -3 -9 -3 -9 -3 -9 -4 -10 -4 -10 -4 -9 -4 -9 -4 -9 -4 -9 -4 -9 -4 -9 -4 0 0 -9 -4 -9 -4 -9 -4 -9 -4 -10 -3 -10 -3 -10 -3 -10 -3 -10 -3 -10 -3 -10 -2 -11 -2 -10 -2 -11 -2 -11 -2 -11 -2 -11 -2 -12 -2 -12 -2 -12 -1 -12 -1 -12 -1 -12 -2 -13 -1 -13 -1 -13 -1 0 0 0 0 0 0 0 0 0 0
1784740916.754731,54516,-45,11,1,6,1,-95,1,638272729,128,0 0 0 0 0 0 0 0 0 0 0 0 5 4 5 5 5 5 5 5 4 5 4 6 4 6 4 6 4 6 4 6 4 6 4 7 4 7 4 7 4 7 3 8 3 8 3 8 3 8 3 8 3 8 3 8 3 8 3 8 3 7 3 8 0 0 4 8 4 8 3 8 4 7 4 7 4 7 4 7 5 7 5 7 5 7 6 7 6 7 6 7 6 7 6 7 6 8 6 7 7 7 7 7 7 8 8 7 7 8 8 7 8 7 8 7 8 8 0 0 0 0 0 0 0 0 0 0
1784740916.770970,54517,-47,11,1,6,1,-95,1,638282596,128,0 0 0 0 0 0 0 0 0 0 0 0 -7 0 -7 0 -7 -1 -7 -1 -7 -1 -7 -1 -8 -2 -7 -2 -8 -2 -8 -2 -8 -2 -8 -3 -8 -3 -8 -3 -8 -3 -8 -3 -8 -4 -8 -4 -8 -4 -8 -4 -8 -4 -8 -4 -8 -4 -8 -4 -8 -4 -8 -4 0 0 -8 -4 -8 -4 -8 -4 -8 -4 -9 -3 -9 -3 -9 -3 -9 -3 -9 -3 -10 -3 -10 -3 -10 -2 -10 -3 -10 -3 -10 -3 -11 -3 -11 -3 -11 -3 -11 -3 -12 -2 -12 -3 -12 -3 -12 -3 -12 -3 -12 -3 -13 -3 0 0 0 0 0 0 0 0 0 0
1784740916.786981,54518,-48,11,1,6,1,-95,1,638292515,128,0 0 0 0 0 0 0 0 0 0 0 0 -2 -6 -2 -6 -1 -6 -1 -6 -1 -7 -1 -6 0 -7 0 -7 0 -7 0 -7 0 -7 0 -7 1 -7 1 -7 1 -8 1 -7 1 -8 1 -8 1 -8 1 -8 1 -8 1 -8 1 -8 1 -8 1 -8 1 -8 0 0 1 -8 1 -8 1 -8 1 -9 1 -9 1 -9 1 -9 0 -9 0 -9 0 -10 0 -10 0 -10 0 -10 0 -10 -1 -11 0 -11 0 -11 0 -12 0 -12 0 -12 0 -12 0 -12 0 -13 0 -13 0 -13 0 -14 0 0 0 0 0 0 0 0 0 0
1784740916.786981,54519,-48,11,1,6,1,-95,1,638305294,128,0 0 0 0 0 0 0 0 0 0 0 0 4 -4 5 -4 5 -3 5 -3 5 -3 6 -3 6 -3 6 -3 6 -3 7 -3 7 -3 7 -2 7 -2 7 -2 7 -2 7 -1 8 -2 7 -2 8 -1 8 -1 8 -2 8 -2 7 -2 7 -2 7 -2 8 -2 0 0 8 -2 8 -2 8 -2 8 -3 8 -3 8 -3 8 -3 8 -4 9 -4 8 -5 9 -5 8 -5 9 -5 9 -5 9 -5 10 -6 9 -6 10 -6 10 -6 10 -6 10 -6 10 -6 10 -7 11 -7 11 -7 11 -7 0 0 0 0 0 0 0 0 0 0
1784740916.803119,54520,-48,11,1,6,1,-95,1,638312776,128,0 0 0 0 0 0 0 0 0 0 0 0 -7 -1 -7 -1 -7 -2 -7 -2 -8 -2 -7 -3 -8 -2 -8 -3 -8 -3 -8 -4 -8 -4 -8 -4 -8 -4 -8 -5 -8 -4 -8 -5 -8 -5 -8 -5 -8 -5 -8 -5 -8 -5 -8 -5 -8 -5 -8 -5 -8 -5 -8 -5 0 0 -9 -4 -9 -4 -9 -4 -10 -4 -9 -4 -10 -4 -10 -3 -10 -4 -10 -4 -12 -4 -11 -4 -11 -4 -11 -4 -12 -3 -13 -3 -12 -3 -13 -4 -13 -4 -13 -3 -14 -3 -14 -3 -14 -3 -14 -4 -14 -4 -14 -4 -15 -4 0 0 0 0 0 0 0 0 0 0
1784740916.811028,54521,-47,11,1,7,1,-95,1,638321310,128,0 0 0 0 0 0 0 0 0 0 0 0 4 4 4 4 4 5 4 5 4 5 4 5 4 5 4 5 4 6 4 6 4 6 4 6 4 7 3 7 3 7 4 7 4 7 4 8 4 7 4 7 4 7 4 8 4 8 4 8 4 8 4 8 0 0 5 8 5 9 5 8 5 9 5 8 6 8 6 9 6 9 6 9 7 9 6 9 7 9 7 9 7 10 8 10 8 10 8 10 8 10 8 10 9 10 9 11 9 10 9 11 8 11 8 11 8 11 0 0 0 0 0 0 0 0 0 0
1784740916.819242,54522,-47,11,1,7,1,-95,1,638331248,128,0 0 0 0 0 0 0 0 0 0 0 0 2 -7 2 -7 2 -7 2 -6 2 -7 3 -7 3 -7 3 -7 3 -7 4 -7 4 -8 4 -8 4 -8 5 -8 5 -8 5 -8 5 -8 5 -8 6 -8 6 -9 6 -9 6 -9 6 -9 6 -9 6 -9 6 -9 0 0 6 -10 6 -10 7 -10 7 -10 7 -10 7 -10 7 -10 7 -11 7 -11 7 -11 7 -11 7 -11 7 -11 7 -11 7 -12 7 -12 7 -12 7 -12 7 -12 7 -12 7 -13 7 -12 7 -12 7 -13 7 -12 7 -13 0 0 0 0 0 0 0 0 0 0
1784740916.835414,54523,-46,11,1,7,1,-95,1,638341204,128,0 0 0 0 0 0 0 0 0 0 0 0 5 -1 5 -1 5 0 6 0 6 0 6 0 6 0 6 0 7 0 7 0 7 1 7 1 7 1 8 1 8 1 8 2 8 2 8 2 8 2 8 2 9 3 9 3 9 2 9 3 9 3 9 3 0 0 9 3 9 3 9 3 10 3 9 3 10 3 9 3 10 3 10 3 10 2 10 2 10 2 11 2 11 2 11 2 11 2 11 2 11 2 12 2 12 2 12 2 12 2 12 2 12 2 12 2 12 2 0 0 0 0 0 0 0 0 0 0
1784740916.843197,54524,-44,11,1,6,1,-95,1,638352753,128,0 0 0 0 0 0 0 0 0 0 0 0 -1 -6 0 -7 0 -7 1 -7 1 -7 1 -7 2 -7 2 -8 3 -8 2 -8 3 -8 3 -8 4 -8 4 -9 4 -9 5 -8 5 -9 5 -8 5 -8 5 -8 5 -9 6 -9 6 -9 6 -8 6 -8 6 -9 0 0 6 -9 6 -9 6 -9 6 -9 6 -9 6 -9 6 -9 6 -9 6 -10 5 -10 5 -10 5 -10 5 -11 6 -11 5 -11 6 -11 5 -11 5 -12 5 -11 5 -12 5 -12 5 -12 5 -12 5 -12 5 -12 5 -13 0 0 0 0 0 0 0 0 0 0
1784740916.851693,54525,-43,11,1,7,1,-95,1,638361284,128,0 0 0 0 0 0 0 0 0 0 0 0 -6 -5 -5 -6 -5 -6 -5 -7 -5 -7 -5 -8 -5 -8 -5 -8 -4 -9 -4 -8 -4 -9 -4 -9 -4 -10 -4 -10 -4 -11 -3 -10 -3 -11 -3 -11 -3 -11 -3 -11 -3 -11 -3 -11 -3 -11 -3 -11 -3 -11 -3 -12 0 0 -3 -11 -3 -11 -3 -12 -3 -11 -3 -11 -4 -11 -4 -11 -4 -11 -4 -11 -5 -11 -5 -11 -5 -11 -5 -12 -5 -12 -5 -11 -6 -12 -6 -11 -6 -11 -6 -11 -7 -11 -7 -12 -7 -11 -7 -11 -7 -12 -8 -12 -8 -12 0 0 0 0 0 0 0 0 0 0
1784740916.867490,54526,-42,11,1,7,1,-95,1,638371204,128,0 0 0 0 0 0 0 0 0 0 0 0 2 -8 3 -8 3 -8 4 -8 4 -8 5 -8 5 -8 5 -8 6 -8 6 -8 6 -8 7 -8 7 -8 7 -8 8 -8 8 -7 9 -8 8 -7 9 -8 9 -7 9 -7 9 -7 8 -7 9 -7 9 -7 9 -8 0 0 9 -7 9 -7 9 -7 8 -7 8 -8 9 -8 8 -7 8 -8 8 -8 8 -8 8 -9 7 -9 8 -9 8 -9 8 -9 8 -10 7 -9 8 -10 8 -10 8 -10 7 -10 7 -10 7 -10 7 -11 7 -11 7 -11 0 0 0 0 0 0 0 0 0 0
1784740916.867490,54527,-43,11,1,7,1,-95,1,638383001,128,0 0 0 0 0 0 0 0 0 0 0 0 -4 7 -5 7 -6 7 -6 7 -7 6 -7 7 -7 6 -8 6 -8 6 -8 6 -8 6 -9 6 -9 6 -9 6 -10 6 -10 5 -10 5 -10 5 -10 5 -10 5 -10 5 -10 4 -10 5 -10 5 -10 5 -10 5 0 0 -10 5 -10 5 -10 5 -9 5 -9 5 -10 5 -9 5 -9 6 -10 6 -9 7 -9 7 -9 8 -9 8 -9 8 -9 8 -10 8 -9 8 -9 8 -9 8 -9 8 -9 9 -10 9 -9 9 -9 9 -9 9 -9 10 0 0 0 0 0 0 0 0 0 0
1784740916.883646,54528,-44,11,1,7,1,-95,1,638391301,128,0 0 0 0 0 0 0 0 0 0 0 0 6 3 6 3 6 4 6 4 6 5 6 5 6 5 6 5 6 6 6 6 6 6 6 7 6 7 6 7 6 7 5 7 6 8 5 7 6 8 6 8 5 8 5 8 5 7 5 7 5 7 6 8 0 0 6 7 6 7 6 8 6 7 7 7 7 7 7 7 7 7 7 7 8 7 8 7 8 7 8 7 8 7 9 7 9 7 9 7 9 7 10 7 10 7 10 7 10 7 10 7 10 7 10 7 11 7 0 0 0 0 0 0 0 0 0 0
1784740916.899491,54529,-46,11,1,6,1,-95,1,638402615,128,0 0 0 0 0 0 0 0 0 0 0 0 5 2 5 2 5 2 5 3 5 3 5 3 5 4 5 4 5 4 5 4 5 4 5 5 5 5 5 5 5 5 5 5 5 5 5 6 5 6 5 6 5 6 5 6 6 6 5 6 6 6 6 7 0 0 6 7 6 7 6 7 7 7 7 7 7 7 7 7 7 7 7 7 8 8 8 7 8 7 8 7 8 7 9 8 9 8 9 8 9 8 9 8 9 8 9 8 10 8 10 9 10 9 10 9 10 9 0 0 0 0 0 0 0 0 0 0
1784740916.899491,54530,-46,11,1,7,1,-95,1,638411268,128,0 0 0 0 0 0 0 0 0 0 0 0 4 -3 5 -3 5 -2 5 -2 5 -2 5 -2 6 -2 6 -2 6 -2 6 -2 7 -2 7 -2 7 -2 8 -2 8 -2 8 -2 8 -2 8 -2 9 -1 9 -1 9 -2 9 -2 9 -2 10 -1 9 -1 10 -1 0 0 10 -1 10 -1 11 -1 11 -2 11 -2 11 -2 11 -2 11 -2 11 -2 12 -2 12 -2 12 -2 12 -2 12 -2 13 -3 13 -3 13 -2 14 -3 13 -3 14 -3 14 -3 14 -3 14 -3 14 -3 15 -2 15 -3 0 0 0 0 0 0 0 0 0 0
1784740916.915565,54531,-46,11,1,7,1,-95,1,638421295,128,0 0 0 0 0 0 0 0 0 0 0 0 -4 3 -4 3 -5 3 -5 3 -5 3 -6 3 -6 3 -6 3 -6 3 -6 3 -7 3 -7 3 -8 3 -8 3 -8 4 -8 3 -9 3 -9 3 -9 3 -9 4 -10 4 -10 3 -10 4 -10 4 -10 4 -11 4 0 0 -11 4 -11 4 -12 4 -11 4 -12 4 -12 4 -12 5 -12 5 -12 5 -12 5 -13 5 -13 5 -13 5 -13 6 -13 5 -14 5 -13 5 -14 6 -14 6 -14 6 -14 7 -14 7 -13 6 -14 6 -14 7 -15 7 0 0 0 0 0 0 0 0 0 0
1784740916.915565,54532,-44,11,1,7,1,-95,1,638431231,128,0 0 0 0 0 0 0 0 0 0 0 0 2 4 2 5 2 5 2 5 2 6 2 6 2 6 2 7 2 7 1 7 1 7 1 8 1 8 1 8 1 8 0 9 0 9 0 9 0 10 0 10 0 10 0 10 0 10 0 10 0 10 0 11 0 0 0 11 0 11 0 11 0 11 0 11 0 12 0 11 0 12 0 12 1 12 0 12 1 12 1 12 1 12 1 12 1 13 1 12 2 13 2 13 2 13 2 13 2 13 2 13 2 13 2 13 2 14 0 0 0 0 0 0 0 0 0 0
1784740916.931656,54533,-43,11,1,7,1,-95,1,638441345,128,0 0 0 0 0 0 0 0 0 0 0 0 -7 0 -7 -1 -7 -1 -7 -2 -7 -2 -8 -2 -8 -2 -8 -3 -8 -3 -9 -3 -9 -3 -9 -4 -9 -4 -9 -4 -9 -4 -9 -4 -9 -4 -10 -5 -10 -5 -10 -5 -10 -5 -10 -6 -10 -5 -10 -6 -10 -6 -10 -6 0 0 -10 -6 -10 -6 -10 -6 -11 -6 -11 -6 -11 -7 -11 -6 -11 -6 -10 -6 -11 -6 -12 -6 -11 -6 -11 -5 -11 -6 -12 -5 -12 -5 -12 -5 -13 -5 -12 -5 -13 -5 -13 -5 -13 -5 -13 -5 -13 -5 -13 -5 -13 -5 0 0 0 0 0 0 0 0 0 0
1784740916.947447,54534,-43,11,1,7,1,-95,1,638451242,128,0 0 0 0 0 0 0 0 0 0 0 0 -6 -5 -6 -5 -6 -6 -6 -6 -5 -6 -6 -7 -5 -7 -5 -7 -5 -7 -5 -7 -5 -8 -5 -8 -5 -8 -5 -9 -5 -9 -5 -9 -5 -10 -5 -10 -5 -10 -5 -10 -5 -10 -5 -11 -5 -10 -5 -11 -5 -11 -5 -11 0 0 -5 -12 -4 -12 -4 -12 -5 -11 -5 -11 -5 -12 -5 -12 -5 -12 -5 -12 -5 -12 -5 -12 -6 -12 -6 -12 -6 -12 -6 -12 -6 -12 -6 -12 -6 -12 -6 -12 -7 -12 -7 -12 -7 -12 -7 -12 -7 -12 -8 -12 -8 -13 0 0 0 0 0 0 0 0 0 0
1784740916.947447,54535,-43,11,1,7,1,-95,1,638461263,128,0 0 0 0 0 0 0 0 0 0 0 0 -7 0 -7 -1 -7 -1 -7 -1 -7 -2 -7 -2 -8 -2 -8 -2 -8 -2 -8 -2 -9 -3 -9 -3 -9 -3 -9 -3 -9 -3 -9 -4 -10 -4 -10 -4 -10 -4 -10 -4 -10 -4 -10 -4 -11 -4 -10 -5 -10 -5 -11 -5 0 0 -11 -5 -11 -5 -11 -5 -11 -5 -11 -5 -11 -5 -12 -5 -12 -5 -11 -5 -12 -4 -12 -5 -12 -4 -12 -5 -12 -4 -12 -4 -13 -4 -12 -4 -13 -4 -13 -4 -13 -4 -13 -3 -14 -3 -13 -3 -13 -4 -14 -4 -14 -4 0 0 0 0 0 0 0 0 0 0
1784740916.963508,54536,-43,11,1,7,1,-95,1,638471215,128,0 0 0 0 0 0 0 0 0 0 0 0 5 2 5 2 5 2 6 3 6 3 6 3 6 3 6 3 6 4 6 4 7 4 6 5 7 5 7 5 7 5 7 6 7 6 7 6 7 6 8 6 8 6 7 7 7 7 7 7 7 7 8 7 0 0 8 8 8 8 8 8 8 8 8 8 8 8 8 7 9 8 9 8 9 8 9 8 9 8 9 8 9 8 10 7 10 7 10 8 10 8 11 8 11 7 11 8 11 7 11 8 11 8 11 8 11 8 0 0 0 0 0 0 0 0 0 0
1784740916.979720,54537,-44,11,1,7,1,-95,1,638481244,128,0 0 0 0 0 0 0 0 0 0 0 0 -4 5 -4 5 -5 5 -5 5 -5 5 -5 5 -6 5 -6 5 -6 5 -6 5 -7 5 -7 6 -7 6 -8 6 -8 5 -9 5 -9 5 -9 5 -9 5 -9 5 -10 6 -10 5 -10 6 -10 6 -10 6 -11 6 0 0 -11 6 -11 6 -11 6 -11 6 -11 6 -11 6 -11 6 -11 6 -12 6 -12 7 -11 7 -11 7 -12 7 -12 7 -12 7 -12 7 -12 7 -12 7 -12 8 -12 8 -12 8 -12 8 -12 8 -12 8 -12 9 -13 9 0 0 0 0 0 0 0 0 0 0
1784740916.980746,54538,-45,11,1,7,1,-95,1,638491340,128,0 0 0 0 0 0 0 0 0 0 0 0 4 3 4 3 5 4 4 4 5 4 5 4 5 5 5 5 5 5 5 6 5 6 5 7 5 7 5 7 5 7 5 8 5 7 5 8 5 8 6 8 5 8 6 8 6 9 5 9 5 9 5 9 0 0 5 10 6 10 5 9 6 10 6 10 6 10 6 10 6 10 6 10 7 10 7 10 6 10 6 10 7 10 8 10 8 10 8 10 8 10 8 10 9 9 8 10 9 10 8 10 8 10 8 10 8 10 0 0 0 0 0 0 0 0 0 0
1784740916.995509,54539,-44,11,1,7,1,-95,1,638501199,128,0 0 0 0 0 0 0 0 0 0 0 0 0 6 -1 6 -1 7 -2 7 -2 7 -2 7 -2 7 -3 8 -3 8 -3 8 -4 8 -4 8 -4 8 -4 8 -5 8 -5 9 -5 9 -5 9 -6 9 -6 9 -6 9 -6 9 -6 9 -7 9 -6 9 -7 10 0 0 -7 10 -7 10 -7 10 -7 10 -6 10 -7 10 -6 10 -6 10 -6 10 -6 11 -6 10 -6 11 -6 11 -6 11 -6 11 -6 11 -6 11 -5 11 -5 11 -5 12 -5 12 -5 12 -5 12 -5 12 -5 12 -4 12 0 0 0 0 0 0 0 0 0 0
1784740916.995509,54540,-43,11,1,7,1,-95,1,638511188,128,0 0 0 0 0 0 0 0 0 0 0 0 3 -7 4 -7 4 -6 5 -7 5 -7 5 -7 6 -6 6 -7 6 -6 6 -7 7 -7 7 -7 8 -7 8 -6 8 -6 9 -6 9 -6 9 -6 9 -6 9 -6 10 -6 10 -6 10 -6 10 -6 10 -6 10 -6 0 0 10 -6 10 -6 10 -6 10 -6 10 -6 10 -6 10 -6 10 -6 10 -7 9 -7 10 -7 9 -7 10 -7 10 -8 9 -8 10 -8 9 -8 9 -9 9 -9 10 -9 9 -9 9 -9 9 -9 9 -9 9 -10 9 -10 0 0 0 0 0 0 0 0 0 0
1784740917.011552,54541,-42,11,1,7,1,-95,1,638521269,128,0 0 0 0 0 0 0 0 0 0 0 0 4 -7 4 -6 5 -7 5 -6 5 -7 5 -6 6 -7 6 -7 6 -7 7 -7 7 -6 8 -6 8 -6 8 -6 8 -6 9 -7 9 -6 9 -7 9 -6 9 -6 10 -6 10 -6 10 -6 10 -5 10 -5 10 -5 0 0 10 -6 10 -6 10 -6 10 -6 9 -6 10 -6 9 -6 10 -7 9 -7 10 -7 10 -7 9 -7 9 -7 9 -7 9 -9 8 -8 10 -9 9 -9 9 -9 9 -10 9 -10 9 -10 10 -10 9 -10 9 -10 9 -10 0 0 0 0 0 0 0 0 0 0
1784740917.027431,54542,-43,11,1,7,1,-95,1,638531239,128,0 0 0 0 0 0 0 0 0 0 0 0 7 -1 8 -1 8 0 8 0 8 0 8 1 8 1 8 1 9 1 9 2 9 2 9 2 9 3 9 3 10 3 9 3 10 3 10 3 10 4 10 4 10 4 10 4 10 4 10 4 10 4 10 4 0 0 10 4 10 4 10 4 10 3 11 3 10 3 10 3 11 3 11 3 11 3 11 3 11 2 11 2 12 2 12 2 13 2 12 1 13 1 12 1 13 1 13 1 13 1 13 1 13 1 13 1 14 1 0 0 0 0 0 0 0 0 0 0
1784740917.027431,54543,-46,11,1,6,1,-95,1,638543815,128,0 0 0 0 0 0 0 0 0 0 0 0 3 -6 4 -6 5 -6 5 -5 5 -5 5 -5 6 -5 6 -6 6 -5 6 -5 7 -5 7 -5 7 -5 7 -5 8 -5 8 -5 8 -5 8 -5 8 -5 9 -5 9 -5 8 -5 8 -5 9 -5 9 -5 9 -5 0 0 9 -5 9 -5 9 -6 9 -6 9 -6 9 -6 9 -6 9 -6 9 -6 9 -7 9 -7 9 -7 9 -7 10 -7 9 -7 10 -8 10 -8 10 -8 10 -8 10 -9 10 -9 10 -9 10 -9 10 -9 10 -9 10 -9 0 0 0 0 0 0 0 0 0 0
1784740917.043290,54544,-46,11,1,6,1,-95,1,638552644,128,0 0 0 0 0 0 0 0 0 0 0 0 -1 5 -1 5 -1 5 -2 5 -2 5 -2 6 -2 6 -2 6 -3 6 -3 6 -3 6 -3 6 -4 7 -4 7 -4 7 -4 7 -4 8 -4 8 -4 7 -4 8 -5 8 -5 8 -5 8 -5 8 -5 8 -5 9 0 0 -6 9 -6 9 -6 9 -6 9 -6 9 -6 9 -6 9 -6 9 -6 10 -6 10 -6 10 -6 10 -6 10 -6 11 -6 11 -6 11 -5 11 -6 11 -6 12 -6 12 -6 12 -6 12 -6 12 -6 12 -6 13 -6 13 0 0 0 0 0 0 0 0 0 0
1784740917.059199,54545,-44,11,1,6,1,-95,1,638562948,128,0 0 0 0 0 0 0 0 0 0 0 0 4 3 4 3 4 4 4 4 4 5 4 4 4 5 5 5 5 5 4 6 4 6 5 6 4 7 4 7 5 7 5 8 5 7 5 8 4 8 5 8 5 8 5 9 5 9 4 10 4 10 5 10 0 0 5 10 5 10 5 10 5 10 5 10 5 10 6 10 6 10 6 10 6 10 6 10 6 10 6 10 6 10 7 10 7 10 7 11 7 11 8 10 8 10 8 10 8 10 8 11 8 11 8 11 8 11 0 0 0 0 0 0 0 0 0 0
1784740917.063408,54546,-43,11,1,7,1,-95,1,638571318,128,0 0 0 0 0 0 0 0 0 0 0 0 3 6 2 6 2 6 2 7 2 7 1 7 1 7 1 7 1 8 1 8 1 8 1 9 1 9 1 9 1 9 0 9 0 10 0 10 0 10 0 10 0 11 -1 11 0 11 -1 11 -1 11 -1 11 0 0 -1 11 -1 11 -1 11 -1 11 -1 11 0 11 -1 11 0 12 -1 12 0 12 0 12 0 12 0 12 0 12 0 12 0 13 1 12 1 12 1 12 1 13 1 13 1 13 2 12 2 12 2 13 2 13 0 0 0 0 0 0 0 0 0 0
1784740917.079474,54547,-43,11,1,7,1,-95,1,638581361,128,0 0 0 0 0 0 0 0 0 0 0 0 -2 7 -2 7 -3 7 -3 7 -4 7 -4 7 -4 7 -4 7 -4 8 -5 8 -5 8 -6 7 -6 7 -6 8 -6 8 -6 8 -6 8 -7 8 -7 8 -7 8 -7 9 -7 9 -8 9 -8 8 -8 8 -8 8 0 0 -8 8 -8 9 -8 9 -8 9 -7 9 -8 9 -7 9 -7 10 -7 9 -7 10 -7 10 -7 10 -7 10 -7 10 -6 11 -6 11 -7 11 -6 11 -6 11 -6 11 -6 11 -5 12 -6 12 -6 12 -6 11 -6 12 0 0 0 0 0 0 0 0 0 0
1784740917.079474,54548,-44,11,1,7,1,-95,1,638591179,128,0 0 0 0 0 0 0 0 0 0 0 0 4 -6 4 -6 5 -6 5 -5 5 -6 5 -5 6 -5 6 -6 7 -6 7 -6 7 -5 7 -6 8 -5 8 -5 8 -6 9 -5 9 -5 9 -5 9 -5 9 -5 9 -5 10 -5 10 -5 10 -5 10 -5 10 -5 0 0 10 -4 11 -4 10 -5 11 -5 10 -5 11 -5 10 -5 10 -5 11 -5 11 -6 10 -6 10 -6 11 -6 11 -6 11 -6 11 -6 11 -6 11 -7 11 -7 11 -7 11 -7 11 -7 11 -7 11 -7 11 -7 11 -7 0 0 0 0 0 0 0 0 0 0
1784740917.094624,54549,-44,11,1,7,1,-95,1,638602712,128,0 0 0 0 0 0 0 0 0 0 0 0 4 4 3 5 3 5 3 6 3 6 3 6 3 6 3 7 3 7 3 7 3 7 3 8 3 8 3 8 3 9 3 9 3 9 2 9 2 9 2 10 2 10 2 10 2 10 2 10 2 10 2 11 0 0 2 11 2 11 2 11 2 11 2 11 2 11 2 11 3 11 3 11 3 11 3 11 4 11 4 11 4 11 4 11 4 11 4 11 4 11 4 12 5 12 5 12 5 12 5 12 5 12 5 12 5 12 0 0 0 0 0 0 0 0 0 0
1784740917.107002,54550,-44,11,1,7,1,-95,1,638611336,128,0 0 0 0 0 0 0 0 0 0 0 0 -4 5 -4 6 -5 5 -5 6 -6 5 -6 6 -6 5 -7 6 -7 5 -7 5 -7 6 -8 6 -8 6 -8 6 -9 6 -9 5 -9 5 -9 5 -10 6 -10 5 -10 5 -10 5 -10 5 -11 5 -11 5 -11 5 0 0 -11 5 -11 5 -11 5 -11 5 -11 5 -11 5 -11 5 -11 6 -11 5 -10 6 -11 6 -11 6 -11 6 -11 6 -11 6 -11 7 -11 6 -11 7 -11 7 -11 7 -11 7 -11 7 -10 7 -11 7 -11 7 -11 8 0 0 0 0 0 0 0 0 0 0
1784740917.112071,54551,-44,11,1,7,1,-95,1,638621239,128,0 0 0 0 0 0 0 0 0 0 0 0 7 0 8 0 7 1 8 1 8 2 8 2 8 2 8 2 8 3 8 3 8 3 9 3 9 3 9 3 9 4 9 4 9 4 9 4 10 5 9 5 9 5 9 5 9 5 9 5 9 5 10 5 0 0 10 5 10 5 10 6 10 5 10 5 10 5 10 5 10 5 10 5 11 4 11 4 11 4 11 4 11 4 11 4 12 4 11 4 12 4 12 4 12 4 12 3 12 3 12 3 12 3 12 3 13 3 0 0 0 0 0 0 0 0 0 0
1784740917.122800,54552,-44,11,1,7,1,-95,1,638631338,128,0 0 0 0 0 0 0 0 0 0 0 0 -4 -7 -4 -7 -4 -8 -3 -8 -3 -8 -3 -8 -3 -8 -3 -9 -3 -9 -3 -9 -2 -9 -2 -10 -2 -10 -2 -10 -2 -10 -2 -11 -2 -10 -2 -11 -2 -11 -2 -11 -2 -11 -2 -12 -2 -12 -1 -12 -1 -12 -2 -12 0 0 -2 -12 -2 -12 -2 -12 -2 -12 -2 -12 -2 -12 -3 -12 -3 -12 -3 -12 -3 -13 -3 -13 -3 -12 -3 -12 -3 -12 -4 -13 -4 -13 -4 -14 -4 -13 -5 -13 -5 -13 -5 -14 -5 -14 -5 -14 -4 -14 -4 -14 -5 -14 0 0 0 0 0 0 0 0 0 0
1784740917.122800,54553,-43,11,1,7,1,-95,1,638641244,128,0 0 0 0 0 0 0 0 0 0 0 0 7 -1 7 -1 7 0 7 0 7 0 8 1 8 1 8 1 8 1 8 2 8 2 8 2 8 2 9 2 9 2 9 2 9 3 9 3 10 3 9 3 10 3 10 3 10 4 10 4 10 4 10 4 0 0 10 4 10 4 10 4 10 4 10 3 11 3 11 3 11 3 11 3 11 3 11 3 11 2 11 2 12 3 12 2 12 2 12 2 13 2 13 2 13 2 13 2 13 2 13 2 13 2 14 2 13 2 0 0 0 0 0 0 0 0 0 0
1784740917.138525,54554,-44,11,1,7,1,-95,1,638651260,128,0 0 0 0 0 0 0 0 0 0 0 0 -7 4 -8 3 -8 3 -9 3 -8 2 -9 2 -9 2 -9 2 -9 1 -9 2 -9 2 -10 2 -10 2 -10 2 -11 1 -10 1 -11 1 -10 1 -11 1 -11 0 -11 0 -11 0 -11 1 -11 1 -11 1 -12 1 0 0 -12 0 -11 0 -12 1 -11 1 -12 1 -12 1 -12 1 -12 1 -12 1 -12 2 -12 2 -12 3 -12 3 -13 3 -12 2 -13 3 -13 3 -13 3 -13 3 -13 3 -13 3 -14 3 -13 4 -13 3 -14 4 -14 4 0 0 0 0 0 0 0 0 0 0
1784740917.158442,54555,-45,11,1,7,1,-95,1,638663482,128,0 0 0 0 0 0 0 0 0 0 0 0 -5 5 -5 5 -6 5 -6 5 -6 5 -6 5 -7 5 -7 5 -7 5 -7 5 -7 5 -8 5 -8 5 -8 5 -8 5 -8 4 -9 4 -9 5 -9 5 -9 5 -9 5 -9 5 -9 5 -9 5 -9 5 -9 5 0 0 -10 5 -10 5 -10 5 -10 5 -10 6 -10 6 -10 6 -10 6 -10 7 -10 7 -10 7 -10 7 -10 7 -11 7 -11 8 -11 8 -11 7 -11 8 -12 8 -12 8 -11 8 -12 8 -12 8 -12 8 -12 8 -12 8 0 0 0 0 0 0 0 0 0 0
1784740917.170214,54556,-46,11,1,7,1,-95,1,638671463,128,0 0 0 0 0 0 0 0 0 0 0 0 3 5 3 5 3 6 3 6 3 6 3 6 3 6 3 6 3 7 3 7 3 7 3 7 3 8 3 8 3 8 3 8 3 8 3 8 3 9 3 8 3 9 3 9 3 9 3 9 3 10 3 10 0 0 4 10 3 10 3 10 4 10 4 10 4 10 4 10 5 10 4 11 5 11 4 11 5 11 5 12 5 12 5 11 5 12 5 12 6 12 6 12 6 12 6 12 6 12 6 12 5 13 5 13 6 13 0 0 0 0 0 0 0 0 0 0
1784740917.170214,54557,-45,11,1,7,1,-95,1,638681251,128,0 0 0 0 0 0 0 0 0 0 0 0 1 6 1 6 0 6 0 7 0 7 0 7 0 7 0 7 -1 8 -1 8 -1 8 -1 8 -1 8 -1 9 -1 9 -2 9 -2 9 -2 9 -2 10 -2 10 -2 10 -3 10 -2 10 -3 10 -2 10 -3 11 0 0 -3 11 -3 11 -3 11 -3 11 -2 11 -2 11 -2 11 -2 11 -3 11 -2 12 -2 12 -2 12 -2 12 -2 13 -2 12 -2 13 -2 12 -1 13 -1 13 -1 13 -1 13 -1 13 -1 13 -1 13 -1 13 -1 14 0 0 0 0 0 0 0 0 0 0
1784740917.185653,54558,-44,11,1,7,1,-95,1,638691261,128,0 0 0 0 0 0 0 0 0 0 0 0 5 5 4 5 4 6 4 6 4 6 3 6 4 7 4 7 4 7 3 8 3 8 3 8 3 9 3 9 3 9 3 9 3 9 3 10 2 10 3 10 2 10 2 10 2 11 2 10 1 10 2 10 0 0 2 10 2 10 2 10 2 11 2 10 2 10 3 10 3 10 3 10 3 11 3 11 3 10 3 10 3 10 4 11 4 10 4 11 4 11 5 11 5 11 5 11 5 11 5 11 5 11 5 11 5 11 0 0 0 0 0 0 0 0 0 0
1784740917.196172,54559,-43,11,1,7,1,-95,1,638701276,128,0 0 0 0 0 0 0 0 0 0 0 0 -7 -4 -7 -5 -7 -5 -7 -5 -7 -6 -7 -6 -7 -6 -7 -6 -7 -7 -7 -7 -7 -7 -7 -8 -7 -8 -7 -8 -7 -9 -7 -9 -7 -9 -7 -9 -7 -9 -7 -10 -7 -10 -6 -10 -7 -10 -6 -10 -6 -10 -6 -10 0 0 -7 -10 -6 -10 -6 -10 -7 -9 -7 -9 -7 -10 -7 -9 -7 -10 -7 -10 -8 -9 -8 -9 -8 -9 -8 -9 -9 -9 -9 -9 -9 -10 -9 -9 -10 -9 -9 -9 -10 -10 -10 -9 -10 -9 -10 -9 -10 -10 -10 -10 -11 -10 0 0 0 0 0 0 0 0 0 0
1784740917.201302,54560,-44,11,1,7,1,-95,1,638713337,128,0 0 0 0 0 0 0 0 0 0 0 0 -3 -8 -3 -8 -2 -8 -2 -9 -2 -9 -2 -9 -1 -9 -1 -10 -1 -9 -1 -9 -1 -10 -1 -10 0 -10 0 -10 0 -11 0 -10 0 -11 0 -10 0 -11 0 -11 0 -11 1 -11 0 -11 0 -11 1 -11 1 -12 0 0 1 -12 0 -11 1 -12 0 -11 0 -12 0 -12 0 -12 0 -12 0 -12 -1 -12 -1 -12 -1 -13 -1 -13 -1 -14 -1 -13 -1 -14 -2 -12 -2 -14 -2 -14 -1 -14 -2 -14 -2 -14 -2 -14 -2 -14 -2 -14 -2 -15 0 0 0 0 0 0 0 0 0 0
1784740917.217360,54561,-45,11,1,7,1,-95,1,638721175,128,0 0 0 0 0 0 0 0 0 0 0 0 -6 5 -6 5 -7 4 -7 4 -7 4 -7 4 -8 4 -8 4 -8 4 -8 4 -8 4 -9 4 -9 4 -9 4 -9 4 -9 4 -10 4 -10 4 -10 4 -10 4 -10 4 -10 4 -10 4 -10 4 -10 4 -11 4 0 0 -11 4 -11 4 -11 5 -11 5 -11 5 -11 5 -11 5 -11 5 -11 5 -11 6 -11 6 -11 6 -11 6 -12 6 -11 7 -12 7 -12 6 -12 7 -12 7 -12 7 -12 7 -12 8 -12 7 -12 7 -13 8 -13 8 0 0 0 0 0 0 0 0 0 0
1784740917.217360,54562,-46,11,1,7,1,-95,1,638731245,128,0 0 0 0 0 0 0 0 0 0 0 0 -2 7 -2 7 -3 7 -4 7 -3 7 -4 7 -4 7 -4 7 -4 7 -4 7 -5 7 -5 7 -5 8 -5 7 -5 8 -6 8 -6 8 -6 8 -6 8 -6 8 -6 8 -7 8 -6 8 -7 8 -7 8 -7 9 0 0 -7 9 -7 9 -7 9 -7 9 -7 9 -7 10 -7 9 -6 10 -7 10 -6 10 -7 10 -7 11 -7 11 -7 11 -7 11 -7 11 -7 11 -7 11 -7 12 -7 12 -7 12 -7 12 -6 12 -7 12 -7 12 -7 12 0 0 0 0 0 0 0 0 0 0
1784740917.233407,54563,-45,11,1,7,1,-95,1,638741251,128,0 0 0 0 0 0 0 0 0 0 0 0 -7 -3 -7 -4 -7 -4 -7 -5 -7 -5 -7 -5 -7 -5 -7 -6 -7 -6 -7 -6 -7 -6 -7 -7 -7 -7 -7 -7 -7 -7 -7 -8 -7 -8 -7 -8 -7 -8 -7 -8 -7 -8 -7 -8 -8 -9 -7 -9 -7 -9 -7 -9 0 0 -7 -9 -8 -9 -7 -9 -8 -9 -8 -8 -8 -9 -8 -8 -9 -9 -8 -9 -9 -9 -9 -9 -9 -9 -9 -9 -9 -9 -10 -9 -9 -9 -10 -9 -10 -9 -10 -8 -10 -8 -10 -8 -10 -8 -11 -9 -10 -8 -11 -8 -11 -8 0 0 0 0 0 0 0 0 0 0
1784740917.233407,54564,-44,11,1,7,1,-95,1,638751307,128,0 0 0 0 0 0 0 0 0 0 0 0 1 -8 1 -8 2 -9 2 -9 2 -9 3 -9 3 -9 3 -9 3 -9 4 -9 4 -9 4 -9 5 -9 5 -9 5 -9 5 -9 5 -9 5 -9 6 -9 5 -9 5 -9 5 -10 6 -9 6 -9 6 -9 6 -9 0 0 5 -9 5 -10 5 -10 5 -10 5 -10 5 -10 5 -10 5 -11 5 -11 5 -11 5 -11 5 -11 5 -11 4 -11 4 -12 4 -12 4 -12 4 -13 4 -12 3 -13 4 -13 3 -13 4 -13 4 -13 4 -13 4 -13 0 0 0 0 0 0 0 0 0 0
1784740917.249173,54565,-44,11,1,7,1,-95,1,638761213,128,0 0 0 0 0 0 0 0 0 0 0 0 4 6 4 7 4 7 3 7 3 7 3 8 3 8 3 8 2 8 2 8 3 8 2 9 2 9 2 9 2 10 2 10 2 10 1 10 1 10 1 10 1 10 1 10 1 10 1 10 1 10 1 11 0 0 1 11 1 11 1 10 2 10 1 10 2 10 1 11 2 11 2 11 2 11 3 11 3 11 3 11 3 11 3 11 3 11 4 11 4 11 4 11 4 11 4 12 4 12 5 11 5 11 5 12 5 12 0 0 0 0 0 0 0 0 0 0
1784740917.297116,54566,-46,11,1,7,1,-95,1,638780258,128,0 0 0 0 0 0 0 0 0 0 0 0 2 -8 2 -8 3 -8 3 -8 4 -8 3 -8 4 -8 4 -8 4 -8 5 -8 5 -8 5 -8 5 -8 6 -8 6 -8 6 -9 6 -8 6 -9 6 -8 6 -9 6 -9 7 -9 7 -9 7 -8 7 -8 7 -9 0 0 7 -9 7 -9 6 -8 7 -10 6 -9 7 -9 6 -10 6 -10 6 -10 7 -11 6 -11 6 -11 6 -11 6 -11 6 -12 6 -11 7 -12 6 -12 6 -12 6 -13 6 -13 6 -13 7 -13 7 -13 7 -13 7 -13 0 0 0 0 0 0 0 0 0 0
1784740917.297116,54567,-41,11,1,6,0,-95,1,638805673,128,0 0 0 0 0 0 0 0 0 0 0 0 6 -4 6 -3 7 -3 7 -3 7 -3 7 -3 7 -3 7 -3 8 -3 8 -3 9 -2 9 -2 9 -3 10 -2 10 -2 10 -2 10 -2 11 -2 11 -1 11 -2 11 -1 12 -1 12 -1 12 -1 12 0 12 0 0 0 12 0 13 0 12 0 13 0 12 0 12 0 12 -1 13 -1 13 -1 13 -1 13 -1 13 -1 13 -1 13 -1 14 -2 13 -1 14 -2 13 -2 14 -2 14 -2 14 -3 14 -3 15 -3 14 -2 14 -3 15 -3 0 0 0 0 0 0 0 0 0 0
1784740917.297116,54568,-44,11,1,6,1,-95,1,638812749,128,0 0 0 0 0 0 0 0 0 0 0 0 6 0 6 0 7 1 6 1 7 1 7 1 7 1 7 2 7 2 7 2 7 2 8 3 8 3 8 3 8 3 8 4 9 4 9 4 9 4 9 4 9 4 9 5 9 5 9 5 8 5 9 5 0 0 9 5 9 5 9 5 9 5 9 5 9 5 9 4 9 5 9 4 10 4 10 5 10 4 10 5 10 4 10 4 10 4 10 4 11 4 11 3 11 3 11 3 11 3 11 3 12 4 12 3 12 3 0 0 0 0 0 0 0 0 0 0
1784740917.312750,54569,-44,11,1,6,1,-95,1,638822862,128,0 0 0 0 0 0 0 0 0 0 0 0 -8 1 -8 1 -8 0 -9 0 -8 0 -9 -1 -9 -1 -9 -1 -9 -1 -9 -1 -9 -1 -10 -2 -10 -2 -10 -2 -10 -2 -10 -3 -10 -3 -10 -3 -11 -3 -11 -3 -11 -4 -11 -4 -10 -4 -10 -4 -10 -4 -10 -4 0 0 -10 -4 -10 -3 -10 -3 -11 -3 -10 -3 -10 -3 -10 -3 -11 -3 -11 -3 -11 -2 -11 -2 -11 -2 -11 -2 -12 -2 -12 -1 -12 -1 -12 -1 -12 -1 -12 -1 -13 -1 -13 -1 -13 0 -13 -1 -13 -1 -13 -1 -14 0 0 0 0 0 0 0 0 0 0 0
1784740917.312750,54570,-45,11,1,7,1,-95,1,638831244,128,0 0 0 0 0 0 0 0 0 0 0 0 -4 -8 -4 -8 -4 -8 -3 -8 -3 -9 -3 -8 -3 -9 -3 -9 -3 -9 -2 -10 -2 -10 -2 -10 -2 -10 -2 -10 -2 -10 -2 -11 -2 -10 -2 -11 -2 -11 -2 -11 -2 -11 -2 -11 -2 -12 -1 -11 -1 -11 -1 -11 0 0 -2 -11 -2 -11 -2 -11 -2 -12 -2 -11 -3 -12 -3 -11 -3 -12 -3 -12 -4 -12 -4 -12 -4 -12 -4 -12 -4 -12 -5 -13 -5 -13 -5 -14 -5 -13 -5 -13 -6 -14 -6 -14 -6 -14 -5 -15 -5 -15 -5 -15 -5 -15 0 0 0 0 0 0 0 0 0 0
1784740917.328846,54571,-47,11,1,7,1,-95,1,638841282,128,0 0 0 0 0 0 0 0 0 0 0 0 -4 6 -4 6 -4 5 -5 5 -5 5 -5 5 -5 5 -5 6 -5 6 -5 6 -5 6 -6 6 -6 6 -6 6 -6 6 -6 6 -7 7 -7 6 -7 7 -7 7 -7 7 -7 7 -7 7 -7 7 -7 7 -8 7 0 0 -7 8 -7 8 -8 8 -7 8 -7 8 -7 8 -7 8 -7 9 -7 9 -7 9 -8 9 -8 10 -8 10 -8 10 -8 10 -8 11 -8 10 -8 11 -8 11 -8 11 -8 11 -8 11 -8 11 -9 10 -9 11 -9 11 0 0 0 0 0 0 0 0 0 0
1784740917.344661,54572,-46,11,1,6,1,-95,1,638852706,128,0 0 0 0 0 0 0 0 0 0 0 0 -6 1 -6 1 -6 0 -6 0 -7 0 -7 0 -7 0 -7 0 -7 0 -7 0 -8 0 -8 0 -8 -1 -8 -1 -9 -1 -9 -1 -9 -1 -9 -1 -10 -1 -10 -1 -10 -1 -10 -1 -10 -1 -10 -2 -10 -2 -10 -2 0 0 -11 -2 -11 -2 -11 -2 -11 -2 -11 -2 -11 -2 -11 -2 -11 -2 -11 -2 -12 -1 -12 -1 -12 -1 -12 -2 -12 -2 -12 -1 -13 -1 -12 -1 -13 -1 -12 -1 -12 -1 -12 -1 -13 -1 -13 -1 -13 -1 -13 -1 -13 -1 0 0 0 0 0 0 0 0 0 0
1784740917.344661,54573,-44,11,1,7,1,-95,1,638861304,128,0 0 0 0 0 0 0 0 0 0 0 0 6 -1 6 0 6 0 6 0 6 1 6 1 6 1 7 1 7 1 7 2 7 2 7 2 7 2 7 2 8 2 8 2 8 3 8 3 8 3 8 3 8 3 9 4 9 4 8 4 8 4 8 4 0 0 9 4 9 4 9 4 9 4 9 3 9 4 9 3 10 4 9 3 10 3 10 3 10 3 10 3 10 3 11 2 11 3 11 3 11 3 11 3 12 2 12 3 12 2 12 3 12 3 12 3 12 3 0 0 0 0 0 0 0 0 0 0
1784740917.362510,54574,-41,11,1,7,0,-95,1,638875564,128,0 0 0 0 0 0 0 0 0 0 0 0 4 6 4 6 4 7 3 7 3 7 3 7 3 8 3 8 3 8 3 8 3 9 2 9 2 9 2 9 2 10 2 10 2 10 2 10 2 11 2 10 2 11 1 11 1 11 1 11 1 11 1 11 0 0 1 12 1 12 1 12 1 12 2 11 2 12 2 12 2 12 2 12 3 12 3 12 3 12 3 13 3 12 3 13 4 13 4 13 3 13 4 13 4 14 4 14 4 14 4 14 4 14 4 14 4 14 0 0 0 0 0 0 0 0 0 0
1784740917.376892,54575,-45,11,1,7,1,-95,1,638881699,128,0 0 0 0 0 0 0 0 0 0 0 0 0 7 0 6 -1 7 -1 7 -1 7 -1 7 -1 7 -1 8 -1 8 -2 8 -2 8 -3 8 -3 9 -3 9 -3 9 -3 9 -3 9 -3 10 -3 9 -3 10 -3 10 -3 10 -4 10 -4 10 -4 10 -4 10 0 0 -4 10 -3 11 -3 10 -3 11 -3 10 -3 11 -2 11 -3 11 -2 11 -2 12 -2 12 -2 11 -2 11 -2 11 -1 13 -1 12 -1 13 -1 13 -1 13 -1 14 -1 13 0 13 -1 14 -2 14 -1 14 -1 14 0 0 0 0 0 0 0 0 0 0
1784740917.392853,54576,-46,11,1,6,1,-95,1,638895968,128,0 0 0 0 0 0 0 0 0 0 0 0 -5 -5 -4 -5 -5 -5 -4 -6 -4 -6 -4 -6 -4 -6 -4 -6 -4 -6 -4 -7 -4 -7 -4 -7 -4 -7 -4 -7 -4 -8 -4 -8 -4 -8 -4 -8 -4 -9 -4 -9 -4 -9 -4 -9 -5 -9 -4 -9 -4 -9 -4 -9 0 0 -4 -10 -5 -10 -4 -10 -4 -10 -5 -10 -5 -10 -5 -10 -5 -10 -5 -11 -6 -11 -6 -10 -6 -11 -6 -11 -6 -11 -6 -11 -6 -11 -6 -12 -6 -12 -6 -12 -7 -12 -6 -12 -7 -12 -7 -12 -6 -13 -7 -12 -7 -13 0 0 0 0 0 0 0 0 0 0
1784740917.399912,54577,-44,11,1,6,1,-95,1,638902640,128,0 0 0 0 0 0 0 0 0 0 0 0 -1 -7 -1 -7 0 -7 0 -7 0 -8 0 -7 0 -8 1 -8 1 -8 1 -8 2 -8 2 -8 2 -8 2 -8 2 -9 2 -9 2 -9 2 -9 2 -9 2 -10 2 -10 2 -10 3 -10 3 -10 3 -10 3 -10 0 0 3 -10 3 -11 2 -10 2 -11 2 -11 2 -11 2 -12 2 -12 2 -12 2 -13 2 -12 2 -12 2 -12 2 -12 1 -14 1 -13 2 -14 2 -13 1 -14 1 -14 1 -14 1 -14 2 -15 2 -14 2 -14 2 -14 0 0 0 0 0 0 0 0 0 0
1784740917.399912,54578,-40,11,1,7,0,-95,1,638911360,128,0 0 0 0 0 0 0 0 0 0 0 0 3 7 2 7 2 7 1 8 1 8 1 8 1 8 1 8 1 8 1 8 0 9 1 9 1 10 1 9 0 10 0 10 0 10 0 10 0 11 0 11 0 11 -1 11 0 11 0 11 0 11 0 11 0 0 0 12 0 12 0 12 0 12 0 12 0 13 0 12 0 13 0 13 1 13 1 13 2 13 1 13 1 13 2 14 2 14 2 14 2 14 2 15 2 15 2 15 2 15 2 15 2 15 2 15 2 15 0 0 0 0 0 0 0 0 0 0
1784740917.412964,54579,-44,11,1,7,1,-95,1,638921174,128,0 0 0 0 0 0 0 0 0 0 0 0 0 8 -1 8 -1 8 -2 8 -2 8 -2 8 -2 8 -3 8 -2 8 -3 8 -3 8 -3 9 -4 9 -4 9 -4 9 -4 9 -4 9 -4 9 -4 10 -4 10 -4 10 -5 10 -4 10 -5 10 -5 10 -5 10 0 0 -4 10 -4 10 -4 10 -4 10 -4 11 -4 11 -4 10 -4 11 -4 11 -3 12 -4 12 -3 12 -3 11 -4 12 -3 12 -3 13 -3 12 -3 13 -3 13 -3 14 -3 13 -3 13 -3 13 -3 14 -3 14 -3 14 0 0 0 0 0 0 0 0 0 0
1784740917.424596,54580,-45,11,1,5,1,-95,1,638934148,128,0 0 0 0 0 0 0 0 0 0 0 0 -6 -4 -6 -5 -6 -5 -6 -6 -6 -6 -6 -6 -5 -6 -6 -6 -5 -7 -6 -7 -6 -7 -6 -7 -6 -7 -6 -7 -6 -8 -5 -8 -6 -8 -6 -8 -6 -8 -6 -8 -6 -9 -5 -9 -6 -8 -6 -9 -6 -8 -6 -9 0 0 -6 -9 -6 -9 -7 -10 -7 -8 -7 -9 -7 -9 -7 -9 -7 -9 -7 -9 -8 -9 -8 -9 -8 -9 -9 -9 -9 -10 -8 -9 -9 -10 -8 -9 -9 -10 -9 -10 -9 -10 -9 -10 -9 -10 -9 -10 -10 -10 -10 -10 -10 -11 0 0 0 0 0 0 0 0 0 0
1784740917.424596,54581,-45,11,1,6,1,-95,1,638942579,128,0 0 0 0 0 0 0 0 0 0 0 0 0 -7 1 -7 1 -7 2 -7 2 -7 2 -7 2 -7 2 -7 2 -7 2 -7 3 -7 3 -8 3 -8 3 -8 4 -8 4 -8 4 -8 4 -8 4 -8 4 -8 4 -8 5 -8 4 -9 4 -9 5 -9 5 -9 0 0 5 -9 5 -9 5 -9 5 -9 5 -9 5 -10 5 -10 5 -10 5 -10 5 -11 5 -11 5 -11 5 -11 5 -11 5 -11 5 -12 5 -11 5 -12 5 -12 6 -12 5 -13 6 -13 5 -12 6 -13 6 -12 6 -13 0 0 0 0 0 0 0 0 0 0
1784740917.488669,54582,-45,11,1,4,1,-95,1,638979351,128,0 0 0 0 0 0 0 0 0 0 0 0 5 3 5 3 5 4 5 4 5 4 5 5 5 5 5 5 5 5 5 5 5 5 5 6 5 6 5 6 5 6 5 7 5 7 5 7 5 7 6 7 6 7 6 7 6 7 5 7 6 7 6 7 0 0 7 8 7 8 7 8 7 8 7 7 7 8 8 8 8 8 8 8 8 8 8 9 9 8 9 9 9 9 9 9 9 9 9 9 9 9 9 9 10 9 10 9 10 9 10 9 10 10 10 9 10 9 0 0 0 0 0 0 0 0 0 0
1784740917.488669,54583,-44,11,1,6,1,-95,1,638991734,128,0 0 0 0 0 0 0 0 0 0 0 0 6 -2 6 -2 7 -2 7 -2 7 -1 7 -1 7 -1 7 -1 7 -1 8 -1 8 -1 8 -1 8 0 8 0 8 -1 9 0 9 0 9 0 9 0 10 0 10 0 10 0 10 0 10 0 10 0 10 0 0 0 10 0 11 0 10 0 11 -1 11 -1 11 -1 11 -1 12 -1 12 -1 12 -1 12 -1 12 -1 12 -1 12 -1 13 -2 13 -2 13 -2 13 -1 13 -2 14 -2 14 -2 13 -2 14 -2 14 -1 14 -1 14 -2 0 0 0 0 0 0 0 0 0 0
1784740917.488669,54584,-44,11,1,7,1,-95,1,638992264,128,0 0 0 0 0 0 0 0 0 0 0 0 -6 -5 -6 -4 -6 -5 -6 -5 -6 -6 -6 -6 -5 -6 -6 -6 -6 -6 -5 -7 -6 -7 -6 -7 -6 -7 -6 -7 -6 -7 -6 -8 -6 -8 -6 -8 -6 -8 -7 -8 -7 -8 -7 -9 -7 -9 -6 -9 -6 -9 -7 -9 0 0 -7 -9 -7 -9 -7 -9 -8 -9 -8 -9 -8 -9 -8 -9 -8 -9 -8 -9 -9 -10 -9 -10 -9 -10 -9 -10 -9 -10 -10 -10 -10 -9 -10 -10 -10 -10 -10 -10 -11 -10 -10 -10 -11 -10 -11 -10 -10 -10 -10 -10 -10 -10 0 0 0 0 0 0 0 0 0 0
1784740917.488669,54585,-44,11,1,7,1,-95,1,639002155,128,0 0 0 0 0 0 0 0 0 0 0 0 0 7 0 8 -1 7 -1 8 -2 8 -2 8 -2 8 -2 8 -2 8 -2 8 -3 8 -3 9 -3 9 -3 9 -3 10 -4 9 -4 9 -3 9 -4 10 -4 9 -4 9 -4 10 -4 9 -4 10 -4 10 -4 10 0 0 -4 10 -3 10 -4 11 -4 10 -3 11 -3 11 -3 11 -3 11 -3 11 -3 12 -3 12 -2 12 -2 12 -2 13 -2 12 -2 13 -2 12 -2 13 -2 13 -2 13 -2 13 -2 13 -2 13 -2 14 -2 13 -2 14 0 0 0 0 0 0 0 0 0 0
1784740917.504706,54586,-45,11,1,7,1,-95,1,639011267,128,0 0 0 0 0 0 0 0 0 0 0 0 -4 -7 -4 -7 -4 -8 -4 -8 -3 -8 -3 -8 -3 -9 -3 -9 -3 -9 -3 -9 -2 -9 -2 -10 -2 -10 -2 -10 -2 -10 -2 -10 -2 -11 -2 -10 -2 -11 -2 -10 -2 -11 -2 -11 -2 -11 -2 -11 -2 -11 -2 -11 0 0 -2 -11 -2 -11 -2 -11 -3 -11 -3 -11 -3 -12 -3 -11 -3 -12 -3 -12 -4 -12 -4 -12 -4 -12 -4 -12 -4 -12 -4 -13 -4 -13 -4 -13 -5 -13 -5 -13 -5 -13 -5 -13 -5 -14 -5 -13 -5 -13 -5 -14 -5 -14 0 0 0 0 0 0 0 0 0 0
1784740917.513304,54587,-45,11,1,7,1,-95,1,639023441,128,0 0 0 0 0 0 0 0 0 0 0 0 -8 0 -8 0 -8 -1 -8 -1 -8 -1 -8 -2 -8 -2 -8 -2 -9 -2 -8 -2 -9 -2 -9 -3 -9 -3 -9 -3 -9 -3 -9 -3 -9 -4 -9 -3 -9 -4 -9 -4 -10 -4 -9 -4 -10 -4 -10 -4 -10 -4 -10 -4 0 0 -11 -4 -10 -4 -10 -4 -11 -4 -11 -4 -11 -4 -11 -4 -12 -4 -12 -4 -12 -3 -12 -3 -12 -3 -13 -3 -13 -4 -13 -4 -13 -4 -13 -4 -14 -4 -14 -4 -14 -4 -14 -4 -14 -4 -14 -4 -14 -4 -14 -4 -15 -4 0 0 0 0 0 0 0 0 0 0
1784740917.520694,54588,-44,11,1,7,1,-95,1,639032279,128,0 0 0 0 0 0 0 0 0 0 0 0 -7 4 -7 3 -8 3 -8 3 -8 2 -8 2 -8 2 -8 2 -9 2 -9 2 -9 2 -9 1 -9 1 -9 1 -10 1 -10 1 -10 1 -10 1 -10 1 -10 1 -10 1 -10 1 -10 2 -11 1 -11 1 -11 2 0 0 -11 2 -11 2 -11 2 -11 2 -11 2 -11 3 -11 2 -12 3 -12 3 -12 3 -12 3 -12 3 -13 4 -13 4 -13 4 -14 4 -13 4 -13 4 -13 4 -14 4 -14 4 -14 5 -13 4 -14 4 -14 4 -14 5 0 0 0 0 0 0 0 0 0 0
1784740917.536471,54589,-44,11,1,7,1,-95,1,639041265,128,0 0 0 0 0 0 0 0 0 0 0 0 2 7 1 8 1 8 0 8 0 8 0 8 -1 8 -1 8 -1 9 -1 8 -1 9 -1 9 -1 9 -2 9 -1 9 -2 9 -2 10 -2 9 -2 9 -2 10 -2 10 -2 10 -2 10 -2 10 -2 10 -2 10 0 0 -1 10 -2 10 -1 10 -1 11 -1 10 -1 11 -1 11 -1 11 -1 11 0 12 0 12 0 12 0 12 0 12 0 12 0 13 0 13 0 13 0 13 0 13 0 13 0 14 1 13 1 13 1 13 1 14 0 0 0 0 0 0 0 0 0 0
1784740917.536471,54590,-45,11,1,7,1,-95,1,639051176,128,0 0 0 0 0 0 0 0 0 0 0 0 -5 6 -5 6 -6 6 -6 5 -7 6 -7 5 -7 5 -7 5 -7 5 -8 5 -8 4 -8 4 -8 4 -8 4 -8 4 -9 4 -9 4 -9 5 -9 4 -9 4 -9 4 -9 4 -9 5 -9 4 -9 4 -9 5 0 0 -9 5 -9 5 -9 5 -9 6 -9 6 -9 6 -9 6 -9 7 -9 7 -10 7 -10 7 -10 7 -10 7 -9 7 -10 8 -10 8 -10 8 -10 8 -10 9 -10 9 -10 9 -10 9 -11 9 -11 9 -11 9 -10 9 0 0 0 0 0 0 0 0 0 0
1784740917.556450,54591,-45,11,1,6,1,-95,1,639061244,128,0 0 0 0 0 0 0 0 0 0 0 0 -8 -1 -8 -1 -8 -2 -9 -2 -9 -2 -9 -2 -9 -3 -9 -3 -9 -3 -9 -3 -9 -4 -9 -4 -9 -4 -9 -4 -9 -4 -9 -4 -9 -4 -9 -4 -9 -4 -9 -4 -9 -4 -9 -4 -9 -4 -9 -4 -10 -4 -10 -4 0 0 -10 -4 -10 -4 -11 -4 -11 -4 -11 -4 -11 -3 -12 -3 -12 -3 -12 -3 -13 -3 -13 -3 -13 -3 -13 -3 -13 -3 -14 -3 -14 -3 -14 -3 -14 -3 -15 -3 -15 -3 -15 -3 -15 -3 -15 -4 -15 -4 -15 -4 -15 -4 0 0 0 0 0 0 0 0 0 0
1784740917.568518,54592,-45,11,1,6,1,-95,1,639072760,128,0 0 0 0 0 0 0 0 0 0 0 0 -4 5 -4 5 -5 5 -5 5 -5 5 -5 5 -6 5 -6 5 -6 5 -6 5 -7 5 -7 5 -7 5 -7 5 -7 5 -7 5 -7 5 -7 6 -7 6 -8 6 -7 6 -7 6 -8 6 -8 6 -8 6 -8 6 0 0 -8 7 -8 7 -8 7 -8 8 -8 8 -8 8 -8 8 -9 8 -8 8 -9 9 -9 9 -9 9 -9 9 -9 9 -9 10 -9 10 -10 10 -10 10 -10 10 -10 11 -10 11 -9 11 -10 11 -10 10 -10 10 -10 11 0 0 0 0 0 0 0 0 0 0
1784740917.568518,54593,-44,11,1,6,1,-95,1,639081261,128,0 0 0 0 0 0 0 0 0 0 0 0 0 -8 0 -8 1 -8 1 -8 2 -8 2 -8 2 -8 2 -8 2 -8 3 -8 3 -9 4 -9 4 -9 4 -9 3 -9 4 -10 4 -9 4 -10 4 -9 4 -10 4 -10 4 -10 4 -10 5 -10 5 -10 5 -10 0 0 4 -10 4 -11 4 -10 4 -11 4 -11 4 -11 3 -12 4 -12 3 -12 4 -13 4 -12 4 -12 4 -12 3 -12 3 -14 3 -13 3 -14 3 -14 3 -14 2 -14 3 -14 2 -14 3 -14 4 -14 3 -14 3 -14 0 0 0 0 0 0 0 0 0 0
1784740917.584381,54594,-44,11,1,6,1,-95,1,639091164,128,0 0 0 0 0 0 0 0 0 0 0 0 -7 4 -7 4 -8 3 -8 3 -9 2 -8 2 -9 2 -9 2 -9 2 -10 2 -10 2 -10 2 -10 1 -10 1 -10 1 -10 1 -11 1 -11 1 -11 1 -11 1 -11 1 -11 0 -11 1 -11 1 -11 1 -11 1 0 0 -11 1 -12 1 -11 1 -11 1 -11 2 -12 2 -12 2 -12 2 -12 2 -12 3 -12 3 -12 3 -13 3 -13 3 -13 3 -13 4 -13 3 -13 4 -13 4 -13 4 -13 4 -14 4 -14 4 -13 4 -13 4 -14 4 0 0 0 0 0 0 0 0 0 0
1784740917.584381,54595,-45,11,1,6,1,-95,1,639101199,128,0 0 0 0 0 0 0 0 0 0 0 0 -5 6 -6 6 -6 5 -7 5 -7 5 -7 5 -7 5 -8 5 -8 5 -8 4 -8 5 -8 4 -9 4 -9 4 -9 4 -9 4 -9 4 -9 4 -9 4 -9 4 -9 4 -10 4 -9 4 -9 4 -9 4 -10 4 0 0 -10 4 -9 5 -10 5 -9 5 -10 5 -10 5 -10 6 -10 6 -10 6 -10 7 -10 7 -10 7 -10 7 -11 7 -11 7 -11 7 -11 7 -11 8 -12 8 -12 8 -11 8 -12 8 -11 7 -12 8 -12 8 -12 8 0 0 0 0 0 0 0 0 0 0
1784740917.603109,54596,-45,11,1,6,1,-95,1,639111307,128,0 0 0 0 0 0 0 0 0 0 0 0 -6 5 -6 4 -7 4 -6 4 -7 4 -7 4 -7 4 -8 4 -8 4 -8 4 -8 3 -9 3 -9 3 -9 3 -8 3 -9 3 -9 3 -9 3 -9 3 -9 3 -9 3 -9 3 -10 3 -9 3 -10 3 -9 3 0 0 -10 4 -10 4 -9 4 -10 5 -10 5 -10 5 -10 5 -10 5 -10 5 -11 6 -11 6 -11 6 -11 6 -11 6 -11 7 -11 7 -12 7 -12 7 -11 7 -12 7 -12 7 -12 8 -12 7 -13 7 -12 7 -12 7 0 0 0 0 0 0 0 0 0 0
1784740917.618655,54597,-44,11,1,6,1,-95,1,639122891,128,0 0 0 0 0 0 0 0 0 0 0 0 -7 -5 -7 -5 -7 -6 -7 -6 -7 -6 -6 -6 -7 -6 -6 -7 -7 -7 -6 -8 -6 -8 -6 -8 -6 -8 -6 -8 -6 -8 -6 -9 -6 -9 -6 -9 -6 -9 -6 -9 -6 -9 -6 -9 -6 -9 -6 -9 -6 -9 -6 -9 0 0 -7 -9 -7 -10 -7 -9 -8 -9 -7 -9 -7 -9 -8 -9 -8 -9 -8 -9 -9 -10 -9 -9 -9 -10 -9 -9 -9 -9 -10 -10 -10 -9 -10 -10 -10 -10 -10 -10 -11 -10 -10 -10 -11 -10 -11 -11 -10 -11 -11 -10 -11 -11 0 0 0 0 0 0 0 0 0 0
1784740917.618655,54598,-44,11,1,6,1,-95,1,639131230,128,0 0 0 0 0 0 0 0 0 0 0 0 -5 6 -6 6 -6 5 -7 5 -7 5 -7 5 -7 5 -8 5 -8 5 -8 5 -8 5 -8 5 -9 4 -9 4 -9 4 -9 4 -9 4 -9 4 -9 4 -9 4 -10 4 -10 4 -9 5 -9 4 -9 4 -9 5 0 0 -10 5 -10 5 -10 5 -9 5 -9 5 -10 6 -10 6 -9 6 -10 6 -9 7 -10 7 -10 7 -10 7 -10 8 -10 8 -10 8 -10 8 -10 8 -10 8 -10 9 -10 9 -11 9 -10 9 -11 9 -10 9 -11 9 0 0 0 0 0 0 0 0 0 0
1784740917.632992,54599,-45,11,1,6,1,-95,1,639141239,128,0 0 0 0 0 0 0 0 0 0 0 0 -7 5 -7 5 -8 5 -8 4 -9 4 -9 4 -9 4 -10 4 -10 4 -10 3 -10 3 -10 2 -11 2 -11 2 -10 2 -11 2 -11 2 -11 2 -11 2 -11 2 -11 2 -11 2 -11 2 -11 2 -11 2 -11 2 0 0 -11 3 -11 3 -10 3 -11 4 -11 4 -11 4 -11 4 -11 5 -11 5 -12 5 -11 5 -11 6 -11 5 -11 5 -12 7 -12 7 -12 7 -12 7 -12 7 -12 7 -12 7 -12 8 -13 7 -13 7 -13 7 -13 7 0 0 0 0 0 0 0 0 0 0
1784740917.632992,54600,-45,11,1,6,1,-95,1,639151226,128,0 0 0 0 0 0 0 0 0 0 0 0 -1 8 -2 8 -2 8 -3 8 -3 8 -3 8 -4 8 -4 8 -4 8 -4 8 -5 8 -5 8 -5 8 -6 8 -6 9 -6 8 -6 8 -6 8 -6 8 -6 8 -6 8 -6 8 -6 8 -6 8 -6 8 -6 9 0 0 -5 9 -5 9 -5 9 -5 9 -5 9 -4 10 -4 10 -4 10 -4 10 -4 11 -4 11 -4 11 -4 11 -4 12 -4 12 -4 13 -4 12 -4 13 -3 13 -3 13 -3 13 -4 13 -3 13 -4 13 -4 13 -4 14 0 0 0 0 0 0 0 0 0 0
1784740917.648937,54601,-44,11,1,6,1,-95,1,639161242,128,0 0 0 0 0 0 0 0 0 0 0 0 4 -7 4 -7 5 -7 5 -7 5 -7 5 -7 6 -7 6 -7 6 -7 7 -7 7 -6 7 -6 8 -6 8 -6 8 -6 8 -6 8 -6 8 -6 8 -6 8 -6 8 -6 8 -6 8 -6 8 -6 8 -6 8 -6 0 0 8 -7 8 -7 8 -6 8 -7 8 -7 8 -8 8 -8 8 -9 8 -9 9 -9 9 -8 9 -9 9 -9 8 -9 9 -10 9 -10 9 -10 9 -10 9 -11 9 -11 9 -11 9 -11 9 -11 10 -10 10 -10 9 -11 0 0 0 0 0 0 0 0 0 0
1784740917.667646,54602,-44,11,1,6,1,-95,1,639171234,128,0 0 0 0 0 0 0 0 0 0 0 0 -2 7 -2 7 -3 7 -3 7 -4 8 -4 7 -4 7 -4 7 -5 7 -5 7 -6 7 -6 7 -6 7 -6 7 -6 7 -7 7 -7 7 -7 8 -7 8 -7 7 -7 8 -7 7 -7 8 -7 7 -7 7 -7 8 0 0 -7 8 -7 8 -7 8 -7 9 -6 9 -6 9 -6 9 -6 9 -6 9 -6 10 -7 10 -6 10 -6 10 -6 10 -6 11 -6 11 -7 11 -6 11 -6 11 -6 11 -6 11 -6 11 -6 12 -7 11 -6 11 -6 11 0 0 0 0 0 0 0 0 0 0
1784740917.667646,54603,-44,11,1,5,1,-95,1,639182543,128,0 0 0 0 0 0 0 0 0 0 0 0 8 2 7 2 8 3 7 3 8 4 7 4 8 4 7 5 8 5 8 5 8 5 7 6 7 6 7 6 7 6 7 6 7 6 8 7 7 7 7 7 7 7 7 7 8 7 7 7 7 7 7 6 0 0 8 6 8 6 8 6 9 6 8 6 8 6 9 6 9 6 9 6 10 6 10 6 10 5 10 5 10 5 11 5 10 5 11 5 11 5 11 5 11 5 11 5 11 5 12 5 11 5 11 5 11 4 0 0 0 0 0 0 0 0 0 0
1784740917.684569,54604,-45,11,1,6,1,-95,1,639191325,128,0 0 0 0 0 0 0 0 0 0 0 0 -9 -2 -8 -2 -9 -3 -8 -3 -9 -4 -8 -4 -9 -4 -9 -5 -9 -5 -9 -5 -8 -6 -8 -6 -8 -6 -8 -6 -8 -6 -9 -7 -8 -7 -9 -7 -8 -7 -9 -7 -9 -6 -8 -7 -9 -7 -8 -7 -8 -7 -8 -7 0 0 -9 -6 -9 -6 -9 -6 -10 -6 -9 -6 -10 -6 -10 -5 -10 -5 -10 -6 -11 -6 -11 -5 -11 -5 -11 -5 -11 -5 -12 -5 -11 -5 -12 -5 -12 -5 -12 -4 -12 -4 -12 -4 -12 -4 -13 -5 -13 -5 -12 -4 -13 -4 0 0 0 0 0 0 0 0 0 0
1784740917.697488,54605,-45,11,1,6,1,-95,1,639202086,128,0 0 0 0 0 0 0 0 0 0 0 0 8 0 8 1 8 1 8 2 8 2 8 2 8 2 8 3 8 3 8 3 8 3 8 4 8 4 8 4 8 4 8 5 8 5 8 4 8 5 8 5 8 5 8 5 8 4 8 4 8 4 9 4 0 0 9 4 9 4 9 4 9 4 9 4 10 4 10 3 10 3 10 3 11 3 11 3 11 3 11 3 12 3 12 2 12 3 12 2 12 2 12 2 13 3 13 2 13 2 13 2 13 2 13 2 14 2 0 0 0 0 0 0 0 0 0 0
1784740917.697488,54606,-44,11,1,6,1,-95,1,639211247,128,0 0 0 0 0 0 0 0 0 0 0 0 -8 -1 -8 -1 -8 -2 -8 -2 -8 -3 -9 -3 -8 -3 -9 -3 -9 -4 -9 -4 -9 -4 -9 -4 -9 -4 -9 -5 -9 -5 -9 -5 -9 -5 -9 -5 -9 -5 -9 -6 -9 -5 -9 -6 -9 -5 -9 -5 -9 -5 -10 -6 0 0 -10 -6 -10 -5 -10 -6 -10 -5 -10 -5 -10 -5 -11 -5 -11 -5 -11 -5 -11 -5 -12 -5 -12 -4 -12 -5 -12 -5 -12 -5 -13 -5 -12 -5 -13 -5 -13 -5 -13 -5 -13 -5 -13 -5 -13 -5 -14 -5 -14 -5 -14 -5 0 0 0 0 0 0 0 0 0 0
1784740917.714333,54607,-44,11,1,6,1,-95,1,639221240,128,0 0 0 0 0 0 0 0 0 0 0 0 7 1 7 1 7 2 7 2 7 2 7 3 8 3 8 3 8 3 8 4 7 4 8 4 8 4 8 5 8 4 8 5 8 5 8 5 8 5 9 5 8 5 9 5 9 5 8 5 8 5 8 5 0 0 9 5 9 5 9 5 10 5 9 4 10 4 10 4 10 4 11 4 11 4 11 5 11 4 11 5 11 4 12 4 12 4 12 5 12 4 12 4 13 4 13 4 13 4 13 4 13 5 13 4 13 4 0 0 0 0 0 0 0 0 0 0
1784740917.729616,54608,-45,11,1,6,1,-95,1,639243398,128,0 0 0 0 0 0 0 0 0 0 0 0 7 0 8 1 7 2 8 2 8 2 8 3 8 3 8 3 8 3 8 4 8 4 8 4 8 5 9 5 9 5 8 6 9 6 8 6 8 6 9 6 9 6 9 6 9 6 8 6 9 6 9 6 0 0 9 6 9 6 9 6 9 6 9 5 9 5 10 5 10 5 10 5 10 5 10 5 11 5 11 5 11 5 11 5 12 5 11 5 12 5 12 5 12 5 12 5 12 5 12 5 12 5 12 5 13 5 0 0 0 0 0 0 0 0 0 0
1784740917.729616,54609,-45,11,1,6,1,-95,1,639243770,128,0 0 0 0 0 0 0 0 0 0 0 0 -7 -4 -8 -4 -7 -5 -7 -6 -7 -6 -7 -6 -7 -6 -7 -7 -7 -7 -7 -7 -7 -7 -7 -7 -7 -8 -7 -8 -7 -8 -7 -9 -7 -9 -7 -9 -7 -9 -7 -9 -7 -9 -6 -10 -7 -9 -7 -9 -7 -9 -7 -9 0 0 -7 -10 -7 -9 -7 -10 -7 -9 -7 -9 -8 -9 -8 -9 -8 -9 -8 -10 -9 -9 -9 -9 -9 -9 -10 -9 -10 -9 -9 -9 -10 -9 -10 -9 -10 -9 -10 -9 -10 -9 -10 -9 -10 -9 -10 -9 -11 -9 -11 -9 -11 -9 0 0 0 0 0 0 0 0 0 0
1784740917.745837,54610,-44,11,1,6,1,-95,1,639251225,128,0 0 0 0 0 0 0 0 0 0 0 0 -4 -8 -4 -8 -4 -8 -3 -8 -3 -9 -3 -9 -3 -9 -2 -9 -2 -10 -2 -10 -1 -10 -1 -11 -1 -10 -1 -10 -1 -10 -1 -11 -1 -11 -1 -11 -1 -11 0 -11 0 -11 0 -11 0 -11 0 -11 0 -11 0 -11 0 0 -1 -11 -1 -11 -1 -11 -2 -12 -1 -11 -1 -11 -2 -11 -2 -12 -2 -11 -2 -12 -3 -12 -3 -12 -3 -12 -3 -12 -4 -13 -4 -12 -4 -13 -4 -13 -4 -13 -4 -13 -4 -13 -4 -13 -4 -13 -4 -13 -4 -13 -4 -13 0 0 0 0 0 0 0 0 0 0
1784740917.745837,54611,-44,11,1,6,1,-95,1,639261255,128,0 0 0 0 0 0 0 0 0 0 0 0 7 -4 7 -4 8 -3 8 -3 8 -2 8 -2 8 -2 9 -2 9 -2 9 -1 9 -1 9 -1 10 -1 10 0 10 0 10 0 10 0 10 0 10 0 10 0 10 0 10 0 10 0 10 0 10 0 10 0 0 0 10 0 10 -1 10 -1 11 -1 10 -1 11 -1 11 -1 11 -2 11 -2 11 -2 11 -2 12 -2 12 -2 12 -3 12 -3 12 -3 12 -3 12 -3 12 -3 13 -4 13 -4 13 -4 13 -3 12 -3 13 -4 13 -4 0 0 0 0 0 0 0 0 0 0
1784740917.761863,54612,-45,11,1,7,1,-95,1,639271172,128,0 0 0 0 0 0 0 0 0 0 0 0 -6 -6 -6 -7 -6 -7 -6 -8 -5 -8 -5 -8 -5 -8 -5 -9 -5 -9 -5 -9 -4 -9 -4 -9 -4 -9 -4 -10 -4 -10 -4 -10 -3 -10 -4 -10 -4 -10 -3 -10 -4 -10 -3 -10 -4 -10 -4 -10 -4 -10 -4 -10 0 0 -4 -10 -4 -10 -4 -10 -5 -10 -5 -10 -5 -11 -5 -10 -6 -10 -5 -11 -6 -11 -6 -11 -7 -10 -6 -11 -7 -11 -7 -11 -7 -11 -7 -11 -7 -11 -7 -12 -7 -11 -8 -11 -8 -11 -8 -11 -8 -12 -8 -11 -8 -12 0 0 0 0 0 0 0 0 0 0
1784740917.777804,54613,-45,11,1,7,1,-95,1,639281312,128,0 0 0 0 0 0 0 0 0 0 0 0 8 2 7 2 8 3 7 3 7 4 7 4 8 4 7 4 7 4 7 5 7 6 7 6 7 6 7 6 7 6 7 6 7 6 7 6 7 6 8 6 8 6 7 6 8 6 7 6 7 6 8 6 0 0 8 6 8 6 8 6 9 6 9 6 9 6 9 5 9 6 9 5 10 6 10 6 10 5 10 5 10 5 12 5 11 5 12 5 12 5 12 5 12 5 12 5 12 5 12 6 12 6 12 6 12 6 0 0 0 0 0 0 0 0 0 0
1784740917.777804,54614,-45,11,1,7,1,-95,1,639291239,128,0 0 0 0 0 0 0 0 0 0 0 0 -1 -8 -1 -8 0 -8 1 -9 1 -9 1 -9 1 -9 1 -9 1 -9 1 -9 2 -9 2 -9 2 -9 2 -9 2 -10 3 -9 3 -10 3 -9 3 -10 2 -10 2 -10 3 -10 2 -10 3 -10 2 -10 2 -11 0 0 2 -11 2 -11 3 -11 2 -11 2 -11 2 -11 2 -11 1 -12 2 -12 1 -12 1 -12 1 -12 1 -13 1 -13 1 -13 1 -14 1 -13 0 -14 1 -14 0 -14 0 -15 1 -15 0 -14 1 -14 1 -15 1 -15 0 0 0 0 0 0 0 0 0 0
1784740917.793840,54615,-42,11,1,6,0,-95,1,639305943,128,0 0 0 0 0 0 0 0 0 0 0 0 2 -7 2 -8 2 -8 3 -8 3 -8 3 -8 3 -8 4 -8 4 -9 4 -8 5 -8 5 -8 5 -9 5 -9 5 -9 6 -9 6 -9 6 -9 6 -9 6 -9 6 -9 6 -10 6 -10 7 -10 7 -10 7 -10 0 0 7 -11 7 -11 7 -11 7 -11 7 -11 7 -11 7 -12 7 -12 7 -12 7 -12 7 -12 7 -13 7 -13 7 -13 7 -14 7 -14 7 -14 7 -14 7 -14 7 -14 7 -14 7 -14 7 -14 7 -14 7 -14 7 -14 0 0 0 0 0 0 0 0 0 0
1784740917.793840,54616,-42,11,1,7,0,-95,1,639311255,128,0 0 0 0 0 0 0 0 0 0 0 0 1 7 1 7 0 7 0 8 0 8 0 8 -1 8 -1 8 -1 8 -1 9 -2 9 -2 9 -2 9 -2 9 -2 9 -3 10 -2 10 -3 10 -3 10 -3 10 -3 10 -3 10 -3 11 -3 11 -3 11 -3 11 0 0 -3 12 -3 12 -3 12 -3 12 -3 12 -3 12 -3 12 -3 13 -3 13 -2 13 -3 13 -2 13 -2 14 -2 14 -2 14 -2 14 -3 14 -2 14 -2 14 -2 14 -2 14 -2 15 -2 15 -3 15 -3 15 -2 15 0 0 0 0 0 0 0 0 0 0
1784740917.841685,54617,-45,11,1,6,1,-95,1,639350784,128,0 0 0 0 0 0 0 0 0 0 0 0 1 7 0 7 0 8 -1 8 -1 8 -1 8 -1 8 -1 8 -1 8 -1 9 -2 8 -2 9 -2 9 -2 9 -2 9 -3 9 -3 9 -3 9 -3 9 -2 9 -3 9 -3 9 -2 10 -3 9 -3 10 -3 10 0 0 -2 10 -2 10 -2 11 -2 11 -2 10 -2 11 -1 11 -1 11 -1 12 -1 12 -1 12 -1 12 -1 12 -1 13 -1 13 -1 13 0 13 0 13 0 14 0 14 0 14 0 14 0 14 -1 14 0 14 -1 14 0 0 0 0 0 0 0 0 0 0
1784740917.841685,54618,-45,11,1,7,1,-95,1,639351192,128,0 0 0 0 0 0 0 0 0 0 0 0 4 -7 4 -7 5 -6 5 -6 5 -6 5 -6 6 -6 6 -6 6 -6 6 -6 6 -6 6 -6 7 -6 7 -6 7 -6 7 -5 8 -6 7 -6 7 -6 8 -6 8 -6 8 -6 8 -6 8 -6 8 -6 8 -7 0 0 8 -7 8 -7 8 -7 8 -7 8 -7 8 -8 8 -8 8 -8 8 -8 8 -9 8 -9 8 -9 8 -9 9 -9 9 -9 9 -10 9 -10 9 -10 9 -10 9 -10 9 -11 9 -10 9 -11 9 -11 9 -11 10 -11 0 0 0 0 0 0 0 0 0 0
1784740917.841685,54619,-45,11,1,6,1,-95,1,639352953,128,0 0 0 0 0 0 0 0 0 0 0 0 1 -8 2 -8 3 -8 3 -8 3 -8 3 -8 3 -8 4 -8 4 -8 4 -8 4 -8 5 -8 5 -8 5 -8 5 -8 5 -8 5 -8 5 -8 5 -8 5 -8 5 -8 5 -8 5 -9 6 -8 5 -8 6 -9 0 0 5 -9 5 -9 6 -9 5 -10 5 -10 5 -10 5 -10 5 -11 5 -11 5 -11 5 -11 5 -11 5 -11 5 -12 5 -12 5 -13 5 -13 5 -13 5 -13 5 -14 5 -13 5 -13 6 -13 6 -13 6 -14 6 -14 0 0 0 0 0 0 0 0 0 0
1784740917.857712,54620,-45,11,1,7,1,-95,1,639361283,128,0 0 0 0 0 0 0 0 0 0 0 0 -4 6 -4 5 -5 6 -5 5 -6 5 -6 5 -6 5 -6 5 -6 6 -7 5 -7 5 -7 5 -7 5 -8 5 -7 5 -8 5 -8 5 -8 6 -8 5 -8 6 -8 6 -8 6 -9 6 -8 6 -9 5 -9 6 0 0 -8 6 -9 7 -8 7 -9 8 -8 7 -9 8 -9 8 -9 8 -8 8 -9 9 -9 9 -9 9 -9 9 -9 9 -9 10 -9 10 -10 10 -9 10 -9 10 -9 11 -9 11 -9 11 -10 11 -10 11 -10 11 -10 11 0 0 0 0 0 0 0 0 0 0
1784740917.862985,54621,-45,11,1,6,1,-95,1,639372393,128,0 0 0 0 0 0 0 0 0 0 0 0 -6 3 -7 3 -7 3 -7 3 -7 2 -8 2 -8 2 -8 2 -8 2 -8 2 -9 2 -9 2 -9 2 -9 1 -10 1 -10 1 -10 1 -10 1 -10 1 -10 1 -11 1 -11 0 -10 1 -10 1 -11 1 -11 1 0 0 -11 1 -11 1 -11 1 -11 1 -11 1 -11 1 -12 2 -12 2 -12 1 -12 2 -12 3 -12 3 -12 3 -13 3 -13 3 -13 3 -13 3 -14 3 -14 3 -14 3 -14 3 -14 3 -14 4 -14 4 -14 4 -15 4 0 0 0 0 0 0 0 0 0 0
1784740917.877915,54622,-44,11,1,7,1,-95,1,639381340,128,0 0 0 0 0 0 0 0 0 0 0 0 -6 4 -7 4 -7 4 -7 3 -8 3 -8 3 -8 3 -8 3 -9 3 -8 3 -9 3 -9 2 -9 2 -9 2 -9 2 -10 2 -10 2 -10 1 -10 2 -10 1 -10 1 -10 1 -10 2 -10 2 -10 2 -11 2 0 0 -11 2 -11 2 -11 2 -11 2 -11 2 -11 2 -11 3 -11 3 -12 3 -12 4 -12 4 -12 4 -12 4 -12 4 -12 4 -13 4 -13 4 -13 5 -13 4 -13 5 -13 5 -14 4 -13 5 -14 5 -14 5 -14 5 0 0 0 0 0 0 0 0 0 0
1784740917.905519,54623,-44,11,1,7,1,-95,1,639399647,128,0 0 0 0 0 0 0 0 0 0 0 0 0 -9 0 -9 1 -9 1 -9 1 -9 2 -9 2 -9 2 -9 2 -9 3 -9 3 -9 3 -9 3 -10 4 -9 4 -10 4 -10 4 -9 4 -10 4 -10 4 -10 4 -10 4 -10 4 -10 4 -10 4 -10 4 -10 0 0 4 -11 4 -11 3 -11 3 -11 3 -11 3 -11 3 -11 3 -12 3 -12 3 -12 3 -12 2 -13 3 -13 2 -13 2 -14 2 -14 2 -13 2 -14 2 -14 2 -14 2 -14 2 -14 2 -14 2 -14 2 -14 2 -14 0 0 0 0 0 0 0 0 0 0
1784740917.905519,54624,-45,11,1,7,1,-95,1,639401225,128,0 0 0 0 0 0 0 0 0 0 0 0 -5 -7 -5 -7 -5 -8 -4 -8 -4 -8 -4 -8 -4 -8 -4 -9 -4 -9 -3 -9 -3 -10 -3 -10 -3 -10 -3 -10 -3 -10 -3 -10 -3 -10 -3 -10 -3 -11 -3 -10 -3 -10 -3 -11 -3 -10 -3 -10 -3 -11 -3 -11 0 0 -4 -11 -4 -11 -4 -11 -4 -11 -4 -11 -5 -11 -5 -11 -5 -11 -5 -11 -6 -11 -6 -12 -6 -12 -6 -12 -6 -12 -7 -12 -7 -12 -6 -12 -7 -12 -7 -12 -8 -12 -7 -12 -8 -12 -7 -13 -7 -13 -7 -13 -7 -13 0 0 0 0 0 0 0 0 0 0
1784740917.905519,54625,-45,11,1,7,1,-95,1,639411553,128,0 0 0 0 0 0 0 0 0 0 0 0 -4 -8 -4 -7 -4 -8 -3 -8 -3 -9 -3 -8 -3 -9 -3 -9 -2 -9 -2 -10 -2 -10 -1 -10 -1 -10 -1 -10 -1 -10 -1 -10 -1 -10 -1 -10 -1 -10 -1 -10 -1 -10 -1 -10 -1 -11 -1 -10 -1 -10 -1 -11 0 0 -2 -11 -2 -11 -2 -11 -2 -11 -2 -11 -3 -11 -3 -11 -3 -11 -3 -12 -3 -12 -3 -12 -3 -12 -3 -12 -4 -12 -4 -13 -4 -12 -4 -13 -4 -13 -4 -13 -5 -13 -5 -13 -5 -13 -4 -14 -4 -13 -4 -13 -4 -13 0 0 0 0 0 0 0 0 0 0
1784740917.914075,54626,-46,11,1,6,1,-95,1,639422359,128,0 0 0 0 0 0 0 0 0 0 0 0 -7 -4 -7 -5 -7 -5 -7 -6 -7 -6 -7 -6 -6 -6 -6 -7 -6 -7 -6 -7 -6 -7 -6 -7 -6 -7 -6 -8 -6 -8 -5 -8 -6 -8 -5 -8 -6 -8 -6 -9 -6 -9 -5 -9 -6 -8 -6 -9 -6 -9 -6 -9 0 0 -6 -9 -6 -9 -6 -9 -6 -9 -7 -9 -7 -9 -7 -9 -7 -9 -7 -9 -8 -9 -8 -9 -8 -9 -8 -10 -8 -10 -8 -10 -9 -10 -8 -10 -9 -10 -9 -10 -9 -10 -9 -10 -9 -11 -9 -10 -9 -10 -9 -11 -10 -11 0 0 0 0 0 0 0 0 0 0
1784740917.953742,54627,-45,11,1,6,1,-95,1,639460060,128,0 0 0 0 0 0 0 0 0 0 0 0 -4 7 -4 6 -5 7 -5 6 -6 6 -6 6 -6 7 -6 6 -6 6 -7 6 -7 6 -8 6 -8 6 -8 6 -8 6 -8 6 -8 6 -8 6 -8 6 -8 6 -8 6 -8 6 -8 6 -8 6 -8 6 -9 6 0 0 -8 7 -8 7 -8 7 -8 7 -8 7 -8 8 -8 8 -8 8 -8 8 -8 9 -8 9 -8 9 -8 9 -8 9 -8 10 -8 10 -9 10 -8 10 -8 11 -8 11 -8 11 -8 11 -9 11 -9 11 -9 11 -9 11 0 0 0 0 0 0 0 0 0 0
1784740917.953742,54628,-45,11,1,7,1,-95,1,639465416,128,0 0 0 0 0 0 0 0 0 0 0 0 7 2 7 2 7 3 7 3 7 4 7 4 7 4 7 4 7 4 7 5 7 5 7 5 7 6 6 6 7 6 7 6 7 6 7 6 7 6 7 6 7 6 7 6 7 6 7 6 7 6 7 6 0 0 8 6 8 6 8 6 8 6 9 6 9 6 9 5 9 6 9 5 10 6 10 6 10 5 10 6 10 5 11 6 11 5 11 6 12 6 12 5 12 5 12 5 12 5 12 6 12 6 12 6 12 6 0 0 0 0 0 0 0 0 0 0
1784740917.969748,54629,-45,11,1,7,1,-95,1,639473379,128,0 0 0 0 0 0 0 0 0 0 0 0 -7 -3 -7 -5 -5 -7 -8 -6 -8 -5 -3 -4 -1 -10 -3 -11 -4 -12 -4 -11 -3 -4 1 -4 5 -9 5 -13 2 -12 1 -10 4 -9 3 -11 3 -8 5 -6 9 -5 13 -9 10 -14 4 -13 1 -6 7 1 0 0 15 -7 12 -9 6 -3 6 -5 13 -1 12 0 12 -3 11 0 11 1 14 1 12 -3 10 -1 9 6 13 9 13 8 12 -1 10 4 6 9 8 10 8 13 11 13 10 11 8 11 6 14 7 12 5 11 0 0 0 0 0 0 0 0 0 0
1784740917.969748,54630,-45,11,1,7,1,-95,1,639482965,128,0 0 0 0 0 0 0 0 0 0 0 0 -1 -8 -1 -8 0 -8 0 -8 1 -8 1 -8 1 -8 1 -9 1 -9 1 -9 1 -9 2 -9 2 -9 2 -9 2 -9 3 -9 3 -9 3 -9 3 -9 3 -9 3 -10 3 -9 3 -10 3 -10 3 -10 3 -10 0 0 3 -10 3 -11 3 -10 2 -11 2 -10 2 -11 2 -11 2 -11 2 -11 1 -12 1 -12 1 -12 1 -12 1 -12 1 -13 2 -13 2 -13 1 -13 1 -13 1 -14 1 -14 1 -14 1 -14 1 -14 1 -14 1 -14 0 0 0 0 0 0 0 0 0 0
1784740917.987689,54631,-45,11,1,7,1,-95,1,639491165,128,0 0 0 0 0 0 0 0 0 0 0 0 -2 -8 -1 -8 -1 -8 -1 -8 0 -8 0 -8 0 -9 0 -9 1 -9 1 -9 1 -9 1 -9 2 -10 2 -9 2 -9 2 -10 2 -9 2 -10 2 -10 2 -10 2 -10 2 -10 2 -10 3 -10 2 -10 2 -10 0 0 2 -10 2 -10 2 -11 2 -11 2 -11 2 -11 2 -11 2 -12 2 -12 1 -12 1 -12 1 -12 1 -13 1 -13 1 -13 1 -13 1 -13 1 -14 1 -14 1 -14 1 -14 1 -14 1 -14 1 -15 1 -14 1 -15 0 0 0 0 0 0 0 0 0 0
1784740917.987689,54632,-45,11,1,6,1,-95,1,639502763,128,0 0 0 0 0 0 0 0 0 0 0 0 -3 -6 -3 -7 -3 -7 -2 -7 -2 -8 -2 -8 -2 -8 -2 -8 -2 -9 -1 -9 -1 -9 -1 -9 -1 -9 -1 -9 -1 -10 -1 -10 0 -10 -1 -10 -1 -10 -1 -10 0 -10 0 -10 -1 -10 0 -10 -1 -10 -1 -11 0 0 -1 -11 -1 -11 -1 -11 -1 -11 -1 -11 -1 -12 -1 -11 -2 -12 -2 -12 -2 -12 -2 -12 -3 -12 -3 -13 -3 -13 -3 -13 -3 -13 -3 -13 -3 -13 -3 -14 -3 -14 -3 -14 -3 -14 -3 -14 -3 -14 -3 -14 -3 -15 0 0 0 0 0 0 0 0 0 0
1784740918.001804,54633,-44,11,1,7,1,-95,1,639511257,128,0 0 0 0 0 0 0 0 0 0 0 0 -1 -7 0 -8 0 -8 1 -8 1 -8 1 -8 1 -8 1 -9 1 -9 2 -9 2 -9 2 -9 2 -9 3 -9 3 -9 3 -9 3 -9 3 -9 3 -10 3 -9 3 -10 4 -10 3 -10 3 -10 3 -10 3 -10 0 0 3 -11 3 -10 3 -10 3 -11 3 -11 3 -11 3 -11 2 -12 2 -12 2 -12 2 -12 2 -12 2 -12 2 -13 2 -13 2 -13 2 -13 2 -14 2 -14 1 -14 2 -14 1 -15 2 -14 2 -14 2 -15 2 -15 0 0 0 0 0 0 0 0 0 0
1784740918.017757,54634,-44,11,1,7,1,-95,1,639521245,128,0 0 0 0 0 0 0 0 0 0 0 0 -7 -4 -7 -4 -7 -5 -7 -5 -7 -6 -7 -6 -7 -6 -7 -6 -7 -7 -7 -7 -7 -7 -7 -7 -7 -8 -7 -8 -7 -8 -6 -8 -6 -8 -6 -8 -7 -9 -6 -9 -6 -9 -6 -9 -7 -8 -7 -9 -7 -9 -7 -9 0 0 -7 -9 -7 -9 -7 -9 -7 -8 -8 -9 -8 -9 -8 -9 -8 -9 -8 -9 -9 -8 -9 -9 -10 -8 -10 -9 -10 -9 -10 -9 -11 -9 -10 -9 -11 -9 -11 -9 -11 -9 -11 -9 -11 -10 -11 -9 -11 -9 -12 -9 -12 -9 0 0 0 0 0 0 0 0 0 0
1784740918.017757,54635,-44,11,1,7,1,-95,1,639532469,128,0 0 0 0 0 0 0 0 0 0 0 0 3 6 3 6 3 6 2 7 2 7 2 7 2 7 2 8 2 8 1 8 1 8 1 8 1 8 1 9 1 9 0 9 0 10 0 9 0 10 0 9 0 9 0 9 0 9 1 9 1 9 1 10 0 0 1 10 1 10 1 10 1 10 2 10 1 10 1 10 2 10 2 11 3 10 3 11 3 11 3 11 3 11 3 11 3 12 3 11 4 12 4 12 4 12 4 12 4 13 4 12 4 12 4 13 4 13 0 0 0 0 0 0 0 0 0 0
1784740918.038462,54636,-44,11,1,7,1,-95,1,639541238,128,0 0 0 0 0 0 0 0 0 0 0 0 -1 -8 -1 -8 -1 -8 0 -8 0 -8 0 -9 0 -9 1 -9 1 -9 1 -9 1 -9 2 -9 2 -9 2 -9 2 -10 2 -9 3 -10 3 -9 3 -10 2 -9 2 -10 3 -10 2 -10 3 -10 3 -10 3 -10 0 0 3 -11 2 -10 3 -11 2 -11 2 -11 2 -11 2 -11 2 -12 2 -12 1 -12 2 -12 1 -12 1 -13 2 -13 1 -13 1 -13 2 -13 1 -13 1 -13 1 -14 1 -14 1 -14 1 -14 1 -14 1 -14 1 -15 0 0 0 0 0 0 0 0 0 0
1784740918.038462,54637,-44,11,1,7,1,-95,1,639551198,128,0 0 0 0 0 0 0 0 0 0 0 0 5 -6 5 -6 6 -5 6 -5 6 -5 6 -5 7 -5 7 -5 7 -4 7 -4 7 -4 8 -4 8 -4 8 -4 8 -4 9 -4 9 -4 9 -3 9 -3 9 -3 9 -3 9 -3 9 -4 9 -4 9 -3 9 -4 0 0 10 -4 10 -4 10 -4 10 -4 10 -4 10 -4 10 -4 10 -5 10 -5 10 -5 10 -6 10 -6 11 -6 11 -6 11 -6 11 -6 11 -6 12 -6 12 -6 12 -6 12 -6 12 -7 12 -7 12 -7 12 -7 13 -7 0 0 0 0 0 0 0 0 0 0
1784740918.065713,54638,-44,11,1,7,1,-95,1,639561262,128,0 0 0 0 0 0 0 0 0 0 0 0 -7 2 -7 2 -8 2 -8 1 -8 1 -8 1 -9 1 -9 1 -9 1 -9 0 -9 0 -9 0 -10 -1 -10 -1 -10 -1 -10 -1 -10 -1 -10 -1 -10 -1 -10 -1 -10 -1 -10 -1 -10 -1 -11 -1 -10 -1 -10 -1 0 0 -11 -1 -11 -1 -11 -1 -11 0 -11 0 -11 0 -11 0 -12 0 -12 0 -12 0 -12 1 -12 1 -12 1 -12 1 -13 1 -13 1 -13 1 -14 1 -14 1 -14 1 -14 1 -14 1 -14 1 -15 1 -14 1 -15 1 0 0 0 0 0 0 0 0 0 0
1784740918.065713,54639,-44,11,1,7,1,-95,1,639571440,128,0 0 0 0 0 0 0 0 0 0 0 0 -2 -8 -1 -8 0 -8 0 -9 0 -9 1 -9 1 -9 1 -9 1 -9 1 -9 2 -10 2 -10 2 -10 2 -10 3 -10 3 -10 3 -10 3 -10 3 -10 4 -10 3 -10 4 -10 3 -10 3 -10 3 -10 4 -11 0 0 3 -11 3 -11 3 -11 3 -11 3 -11 3 -12 3 -11 3 -12 3 -12 2 -12 2 -13 2 -13 2 -13 2 -14 2 -13 3 -14 2 -13 2 -14 2 -14 2 -14 2 -15 2 -15 2 -14 2 -15 2 -15 2 -15 0 0 0 0 0 0 0 0 0 0
1784740918.081579,54640,-45,11,1,7,1,-95,1,639581275,128,0 0 0 0 0 0 0 0 0 0 0 0 5 4 5 5 5 5 4 5 4 6 4 6 4 6 4 7 4 7 4 7 3 8 3 8 3 8 3 8 3 8 3 9 3 8 3 9 3 8 3 9 3 9 3 9 4 9 3 9 3 9 3 9 0 0 4 9 4 9 4 9 4 9 4 9 5 9 5 9 5 9 5 9 6 10 6 10 6 9 6 10 6 9 7 10 6 10 7 11 7 10 7 10 8 10 8 10 8 10 8 11 7 11 7 11 7 11 0 0 0 0 0 0 0 0 0 0
1784740918.081579,54641,-44,11,1,7,1,-95,1,639591234,128,0 0 0 0 0 0 0 0 0 0 0 0 1 7 1 7 1 8 0 8 0 8 0 8 0 8 -1 8 -1 8 -1 9 -1 9 -2 9 -2 9 -2 9 -2 9 -2 9 -2 9 -2 10 -2 10 -2 9 -2 10 -2 10 -2 10 -2 10 -2 10 -2 10 0 0 -2 10 -2 10 -2 10 -2 11 -2 10 -2 11 -1 11 -1 11 -1 11 -1 12 -1 12 -1 11 0 12 0 12 0 13 0 12 0 13 0 13 0 13 1 13 1 13 1 13 0 14 0 14 0 14 1 14 0 0 0 0 0 0 0 0 0 0
1784740918.097751,54642,-44,11,1,7,1,-95,1,639601283,128,0 0 0 0 0 0 0 0 0 0 0 0 7 0 7 1 7 1 7 2 7 2 7 2 7 2 7 3 8 3 7 3 7 3 8 3 8 4 8 4 8 4 8 4 8 5 8 4 8 5 8 5 8 5 8 5 8 4 8 5 8 5 9 5 0 0 9 5 9 5 9 5 9 5 9 5 9 5 9 5 10 4 10 5 10 4 10 4 11 4 11 4 11 4 11 4 12 4 11 4 12 4 12 4 12 4 12 4 12 5 12 4 12 4 13 4 13 4 0 0 0 0 0 0 0 0 0 0
1784740918.097751,54643,-44,11,1,7,1,-95,1,639611812,128,0 0 0 0 0 0 0 0 0 0 0 0 -6 -6 -6 -6 -5 -6 -5 -7 -5 -7 -5 -7 -5 -7 -5 -8 -5 -8 -4 -8 -4 -8 -4 -9 -4 -9 -4 -9 -4 -9 -4 -9 -4 -9 -4 -9 -4 -10 -4 -10 -4 -10 -4 -10 -4 -10 -4 -10 -4 -10 -5 -10 0 0 -5 -10 -5 -10 -5 -10 -5 -10 -5 -10 -5 -10 -6 -10 -6 -10 -6 -10 -7 -10 -7 -10 -7 -10 -7 -10 -7 -10 -8 -10 -8 -11 -8 -11 -8 -11 -8 -11 -9 -11 -8 -11 -8 -11 -9 -11 -9 -11 -9 -11 -9 -11 0 0 0 0 0 0 0 0 0 0
1784740918.114596,54644,-44,11,1,7,1,-95,1,639621221,128,0 0 0 0 0 0 0 0 0 0 0 0 -1 -8 0 -8 0 -8 1 -8 1 -9 1 -9 1 -8 1 -9 1 -9 2 -9 2 -9 3 -9 3 -9 3 -9 3 -9 3 -9 3 -9 3 -9 4 -10 3 -10 3 -10 3 -10 3 -10 4 -10 4 -10 4 -10 0 0 3 -10 4 -10 4 -11 3 -11 3 -11 3 -11 3 -11 3 -11 3 -11 3 -12 3 -12 2 -12 2 -12 2 -13 2 -13 2 -13 2 -13 2 -14 2 -13 2 -14 2 -14 2 -14 2 -14 2 -14 2 -14 2 -14 0 0 0 0 0 0 0 0 0 0
1784740918.131628,54645,-45,11,1,7,1,-95,1,639631305,128,0 0 0 0 0 0 0 0 0 0 0 0 -3 -8 -2 -8 -2 -8 -2 -8 -1 -9 -1 -9 -1 -9 -1 -9 0 -9 0 -9 0 -10 0 -10 0 -10 1 -10 1 -10 1 -10 1 -10 1 -10 2 -10 1 -10 1 -10 2 -10 1 -10 1 -11 1 -10 1 -11 0 0 2 -11 1 -11 1 -11 1 -11 1 -11 1 -12 1 -12 1 -12 1 -12 0 -13 0 -13 0 -13 0 -13 0 -13 0 -13 0 -13 0 -14 0 -14 0 -14 0 -14 0 -14 0 -15 0 -14 0 -15 0 -15 0 -15 0 0 0 0 0 0 0 0 0 0
1784740918.131628,54646,-45,11,1,7,1,-95,1,639641255,128,0 0 0 0 0 0 0 0 0 0 0 0 -2 -8 -1 -8 -1 -8 -1 -8 0 -9 0 -8 0 -9 0 -9 0 -9 1 -9 1 -9 2 -9 2 -9 2 -9 2 -9 2 -10 2 -10 2 -10 2 -10 2 -10 2 -10 2 -10 2 -10 2 -10 2 -10 2 -10 0 0 2 -10 2 -11 2 -10 1 -11 1 -11 1 -11 1 -11 1 -12 1 -12 1 -13 1 -12 1 -12 1 -12 1 -12 0 -13 0 -13 0 -14 0 -14 0 -14 -1 -14 0 -14 -1 -14 0 -15 0 -15 0 -14 0 -15 0 0 0 0 0 0 0 0 0 0
1784740918.146291,54647,-45,11,1,7,1,-95,1,639651262,128,0 0 0 0 0 0 0 0 0 0 0 0 7 -3 7 -2 7 -1 8 -1 7 -1 8 -1 8 -1 8 0 8 0 8 0 8 0 9 0 9 1 9 1 9 1 9 1 9 1 9 1 9 1 9 1 9 1 9 1 9 1 9 1 9 1 10 1 0 0 10 1 10 0 10 0 10 0 10 0 10 0 10 0 11 -1 11 -1 11 -1 11 -1 12 -1 11 -1 12 -1 12 -2 13 -2 13 -2 13 -2 13 -2 13 -2 13 -2 13 -2 13 -2 13 -2 13 -2 14 -2 0 0 0 0 0 0 0 0 0 0
1784740918.146291,54648,-45,11,1,7,1,-95,1,639661162,128,0 0 0 0 0 0 0 0 0 0 0 0 6 -2 7 -2 7 -1 7 -1 7 -1 7 -1 7 0 8 0 8 0 8 0 8 0 8 0 8 1 8 1 8 1 8 2 9 2 9 1 9 2 9 2 9 2 9 2 9 1 9 1 9 1 9 1 0 0 10 1 10 1 10 1 10 1 10 1 10 1 10 1 11 1 11 1 11 0 11 0 11 0 12 0 12 0 12 0 12 1 12 0 13 0 13 0 13 0 13 0 13 1 13 0 13 0 13 0 14 0 0 0 0 0 0 0 0 0 0 0
1784740918.162053,54649,-44,11,1,7,1,-95,1,639671208,128,0 0 0 0 0 0 0 0 0 0 0 0 4 5 4 6 4 6 3 6 3 7 3 7 3 7 3 7 3 7 2 8 2 8 2 8 2 8 2 8 2 8 2 9 2 8 2 9 2 9 2 9 2 9 2 9 2 9 2 9 2 9 2 9 0 0 3 9 3 10 3 9 4 10 4 10 4 10 4 10 4 10 4 10 5 11 5 11 5 10 5 10 5 10 6 11 6 10 6 12 6 11 6 11 7 12 6 12 7 11 7 12 6 12 6 12 7 12 0 0 0 0 0 0 0 0 0 0
1784740918.177981,54650,-44,11,1,7,1,-95,1,639681172,128,0 0 0 0 0 0 0 0 0 0 0 0 4 -6 4 -6 5 -6 5 -6 5 -6 5 -5 6 -5 6 -5 6 -6 6 -5 6 -5 7 -5 7 -5 7 -5 7 -5 7 -5 8 -5 7 -5 8 -5 7 -5 8 -5 8 -5 7 -5 8 -5 8 -6 8 -6 0 0 8 -6 8 -6 8 -6 8 -7 8 -7 8 -7 8 -7 9 -8 8 -8 9 -8 9 -8 9 -8 9 -8 9 -9 9 -9 9 -9 9 -9 10 -9 9 -9 9 -10 10 -10 10 -10 10 -9 10 -9 10 -10 10 -10 0 0 0 0 0 0 0 0 0 0
1784740918.177981,54651,-44,11,1,7,1,-95,1,639691195,128,0 0 0 0 0 0 0 0 0 0 0 0 2 -7 3 -7 3 -7 4 -7 4 -7 4 -7 4 -7 5 -7 5 -7 5 -7 5 -7 6 -7 6 -7 6 -7 6 -7 7 -6 7 -7 7 -7 7 -7 7 -7 7 -7 7 -7 7 -7 7 -7 7 -7 7 -8 0 0 7 -8 7 -8 8 -8 7 -8 7 -8 7 -9 7 -9 7 -9 8 -9 7 -10 8 -10 8 -10 8 -10 8 -11 8 -10 8 -11 8 -10 8 -11 8 -11 8 -11 8 -12 9 -12 8 -12 9 -11 9 -12 9 -12 0 0 0 0 0 0 0 0 0 0
1784740918.193964,54652,-44,11,1,7,1,-95,1,639701280,128,0 0 0 0 0 0 0 0 0 0 0 0 0 -8 1 -7 1 -8 1 -8 2 -8 2 -8 2 -8 2 -8 2 -8 3 -8 3 -8 3 -8 4 -8 4 -8 3 -9 4 -9 4 -9 4 -9 4 -9 4 -9 4 -9 4 -9 4 -10 4 -9 4 -9 4 -10 0 0 4 -10 4 -10 4 -10 4 -11 4 -11 4 -11 3 -11 4 -12 3 -11 4 -12 4 -12 3 -12 4 -12 3 -12 3 -13 3 -13 3 -14 3 -14 3 -14 3 -14 3 -14 3 -14 4 -14 4 -14 4 -14 3 -14 0 0 0 0 0 0 0 0 0 0
1784740918.211092,54653,-45,11,1,7,1,-95,1,639714693,128,0 0 0 0 0 0 0 0 0 0 0 0 -2 7 -2 7 -3 7 -3 7 -4 7 -4 7 -4 7 -4 7 -5 7 -4 7 -5 7 -5 7 -5 7 -6 7 -6 7 -6 7 -6 8 -6 7 -6 7 -7 7 -6 7 -7 7 -6 8 -6 8 -6 8 -7 8 0 0 -7 8 -7 8 -7 9 -7 8 -7 9 -7 9 -7 9 -7 9 -7 9 -7 10 -7 10 -6 10 -6 11 -7 11 -7 10 -7 11 -7 11 -7 11 -7 11 -7 11 -7 12 -8 12 -7 12 -7 12 -7 12 -7 12 0 0 0 0 0 0 0 0 0 0
1784740918.214969,54654,-44,11,1,7,1,-95,1,639721139,128,0 0 0 0 0 0 0 0 0 0 0 0 7 -3 7 -2 7 -2 7 -2 8 -1 8 -1 8 -1 8 -1 8 -1 9 0 9 0 9 0 9 1 9 1 9 0 9 1 9 1 9 1 10 1 10 1 9 1 10 1 10 1 10 1 10 1 10 1 0 0 10 1 11 1 10 1 11 1 10 0 11 0 11 0 11 0 11 0 12 0 12 0 12 0 12 0 12 -1 13 -1 13 -1 13 -1 13 -1 13 -1 14 -1 13 -1 14 -2 14 -1 14 -1 14 -1 14 -1 0 0 0 0 0 0 0 0 0 0
1784740918.226074,54655,-44,11,1,7,1,-95,1,639731209,128,0 0 0 0 0 0 0 0 0 0 0 0 5 4 5 4 5 5 5 5 5 6 4 6 5 6 4 6 5 7 4 7 4 7 4 8 4 8 4 8 4 8 4 8 4 8 4 9 3 8 4 9 4 9 4 9 4 9 3 9 4 9 4 9 0 0 4 9 5 9 4 9 5 10 5 9 5 10 5 10 5 10 5 10 6 10 6 10 6 10 6 10 6 10 7 11 7 10 6 11 7 11 7 11 7 11 7 11 7 11 7 12 7 12 7 12 7 12 0 0 0 0 0 0 0 0 0 0
1784740918.226074,54656,-44,11,1,7,1,-95,1,639741244,128,0 0 0 0 0 0 0 0 0 0 0 0 6 3 6 3 6 4 6 4 6 4 6 5 6 5 6 5 6 5 6 5 6 6 6 6 6 6 6 6 6 6 6 7 6 7 6 7 6 7 6 7 6 7 6 7 6 7 6 7 6 7 7 7 0 0 7 7 7 7 7 7 8 7 8 7 8 7 8 7 8 7 8 7 9 7 9 7 9 7 10 7 10 7 10 7 10 7 10 7 10 7 11 7 11 7 11 7 11 7 11 7 11 7 11 7 12 7 0 0 0 0 0 0 0 0 0 0
1784740918.242016,54657,-44,11,1,7,1,-95,1,639751201,128,0 0 0 0 0 0 0 0 0 0 0 0 -8 -1 -8 -1 -8 -2 -8 -2 -8 -2 -8 -2 -8 -2 -9 -3 -9 -3 -9 -3 -9 -4 -9 -4 -9 -4 -9 -4 -9 -4 -9 -4 -9 -5 -9 -5 -9 -5 -10 -5 -10 -5 -10 -5 -10 -5 -10 -5 -9 -5 -10 -5 0 0 -10 -5 -11 -5 -10 -5 -11 -5 -11 -5 -11 -5 -11 -4 -12 -4 -11 -4 -12 -4 -12 -4 -12 -4 -12 -4 -13 -4 -13 -4 -13 -4 -13 -4 -14 -4 -13 -4 -14 -4 -14 -4 -14 -4 -14 -4 -14 -5 -14 -4 -14 -4 0 0 0 0 0 0 0 0 0 0
1784740918.257858,54658,-44,11,1,7,1,-95,1,639761198,128,0 0 0 0 0 0 0 0 0 0 0 0 -4 -7 -4 -7 -3 -7 -3 -8 -3 -8 -3 -8 -3 -8 -3 -8 -2 -9 -2 -9 -2 -9 -2 -10 -1 -9 -1 -10 -1 -10 -1 -10 -1 -10 -1 -10 -1 -10 -1 -10 -1 -10 -1 -10 -1 -10 -1 -11 -1 -11 -1 -11 0 0 -2 -11 -2 -11 -2 -11 -2 -11 -2 -12 -2 -12 -2 -11 -2 -12 -3 -12 -3 -12 -3 -12 -3 -12 -3 -12 -3 -13 -4 -13 -4 -13 -3 -13 -4 -14 -4 -13 -4 -14 -4 -14 -4 -14 -4 -14 -4 -14 -4 -14 -4 -14 0 0 0 0 0 0 0 0 0 0
1784740918.257858,54659,-44,11,1,7,1,-95,1,639771249,128,0 0 0 0 0 0 0 0 0 0 0 0 -3 7 -3 7 -4 6 -4 7 -5 7 -5 6 -5 6 -5 7 -6 7 -6 6 -6 7 -6 7 -7 7 -7 7 -7 7 -7 6 -8 7 -7 6 -8 7 -8 6 -8 7 -8 7 -8 7 -8 7 -8 7 -8 7 0 0 -8 7 -8 7 -9 7 -8 7 -8 8 -8 8 -9 8 -8 8 -9 8 -8 9 -8 9 -8 9 -8 10 -9 10 -9 9 -9 10 -9 9 -9 10 -9 10 -9 10 -9 11 -10 11 -9 10 -9 11 -9 11 -10 11 0 0 0 0 0 0 0 0 0 0
1784740918.273956,54660,-44,11,1,7,1,-95,1,639781265,128,0 0 0 0 0 0 0 0 0 0 0 0 7 -1 7 -1 8 0 7 0 8 0 7 0 8 0 8 1 8 1 9 2 8 2 8 2 9 2 8 2 8 2 9 2 9 2 9 3 9 2 9 2 9 2 9 2 10 3 9 3 9 3 9 3 0 0 10 2 10 2 10 2 11 2 10 2 11 2 11 1 11 1 11 1 12 1 12 1 11 1 11 1 11 1 13 0 12 0 13 0 13 0 13 0 13 0 13 0 13 -1 14 0 14 0 14 1 14 0 0 0 0 0 0 0 0 0 0 0
1784740918.273956,54661,-45,11,1,7,1,-95,1,639791338,128,0 0 0 0 0 0 0 0 0 0 0 0 4 -6 5 -6 5 -6 5 -5 6 -5 6 -5 6 -5 6 -5 7 -5 7 -5 7 -4 7 -4 8 -5 8 -4 8 -4 8 -4 8 -4 8 -4 8 -4 9 -4 9 -4 8 -4 9 -4 9 -4 9 -4 9 -4 0 0 9 -5 9 -5 9 -5 9 -5 9 -5 9 -5 9 -5 9 -6 9 -6 10 -6 10 -6 10 -6 10 -6 10 -6 10 -7 10 -7 11 -7 11 -8 11 -7 11 -8 11 -8 11 -8 11 -8 11 -8 11 -8 11 -8 0 0 0 0 0 0 0 0 0 0
1784740918.290061,54662,-44,11,1,7,1,-95,1,639801263,128,0 0 0 0 0 0 0 0 0 0 0 0 0 -8 0 -8 1 -8 1 -8 1 -8 2 -8 2 -8 2 -9 3 -8 3 -8 3 -9 3 -9 4 -9 4 -9 4 -9 4 -9 5 -9 4 -9 5 -9 5 -9 5 -9 5 -9 5 -9 5 -9 5 -9 5 -9 0 0 5 -10 5 -10 5 -10 5 -10 5 -10 5 -10 5 -10 5 -11 5 -11 5 -11 4 -11 4 -12 4 -12 5 -12 4 -12 5 -12 5 -12 5 -13 5 -13 5 -13 5 -13 5 -13 5 -13 5 -13 5 -13 5 -14 0 0 0 0 0 0 0 0 0 0
1784740918.305830,54663,-44,11,1,7,1,-95,1,639811184,128,0 0 0 0 0 0 0 0 0 0 0 0 3 6 3 6 2 7 2 7 2 7 1 7 1 8 1 8 1 8 1 8 0 8 0 8 0 9 0 9 0 9 0 9 0 9 0 9 0 9 -1 9 0 9 -1 9 0 10 -1 10 0 10 0 10 0 0 0 10 0 10 0 10 0 10 0 10 0 11 1 11 1 11 1 11 1 11 1 12 1 11 1 12 2 12 2 12 2 12 2 13 2 13 2 13 2 13 2 13 2 13 2 13 2 14 2 13 2 14 0 0 0 0 0 0 0 0 0 0
1784740918.315446,54664,-44,11,1,7,1,-95,1,639821262,128,0 0 0 0 0 0 0 0 0 0 0 0 -2 -8 -1 -8 -1 -8 0 -8 0 -8 0 -9 0 -9 1 -9 1 -9 1 -9 2 -9 2 -9 2 -9 2 -9 2 -10 2 -9 2 -10 3 -10 3 -10 3 -10 3 -10 3 -10 3 -10 3 -10 3 -10 3 -10 0 0 3 -11 2 -11 3 -11 2 -11 2 -11 2 -11 2 -11 2 -12 2 -12 2 -12 2 -12 2 -13 2 -12 2 -13 1 -13 1 -14 2 -14 2 -14 1 -14 2 -15 2 -15 1 -15 2 -15 2 -15 2 -15 2 -15 0 0 0 0 0 0 0 0 0 0
1784740918.325883,54665,-44,11,1,7,1,-95,1,639831191,128,0 0 0 0 0 0 0 0 0 0 0 0 -5 5 -6 4 -6 4 -7 4 -7 3 -7 4 -8 3 -8 3 -8 3 -8 3 -8 3 -9 3 -9 3 -9 3 -9 3 -9 2 -10 3 -9 3 -10 3 -10 2 -10 3 -10 2 -10 3 -10 3 -10 3 -10 3 0 0 -10 3 -10 3 -11 4 -10 4 -11 4 -11 4 -11 4 -11 5 -11 4 -11 5 -11 5 -11 6 -11 6 -12 6 -11 6 -12 6 -11 6 -12 7 -13 7 -13 7 -13 7 -13 6 -12 7 -13 7 -13 7 -13 7 0 0 0 0 0 0 0 0 0 0
1784740918.337888,54666,-44,11,1,7,1,-95,1,639841223,128,0 0 0 0 0 0 0 0 0 0 0 0 -2 -8 -1 -8 -1 -8 0 -8 0 -9 0 -8 0 -9 0 -9 1 -9 1 -10 1 -9 1 -10 2 -9 2 -10 2 -10 2 -10 2 -10 2 -10 2 -10 2 -10 2 -10 2 -10 2 -11 3 -10 3 -10 2 -11 0 0 2 -11 2 -11 2 -11 2 -12 2 -11 2 -12 2 -12 2 -12 1 -12 1 -13 1 -13 1 -13 1 -13 1 -13 1 -14 1 -14 1 -14 1 -14 0 -14 0 -15 0 -15 0 -15 1 -15 1 -15 1 -15 1 -15 0 0 0 0 0 0 0 0 0 0
1784740918.337888,54667,-45,11,1,7,1,-95,1,639851798,128,0 0 0 0 0 0 0 0 0 0 0 0 -6 -5 -6 -6 -6 -6 -6 -7 -5 -7 -5 -8 -5 -8 -5 -8 -5 -8 -5 -8 -5 -9 -5 -9 -5 -9 -4 -9 -5 -9 -4 -9 -4 -10 -4 -10 -4 -10 -4 -10 -4 -10 -4 -10 -4 -10 -4 -10 -4 -10 -5 -11 0 0 -5 -11 -5 -10 -5 -11 -5 -10 -5 -11 -5 -11 -6 -11 -6 -11 -6 -11 -6 -11 -7 -11 -7 -11 -7 -11 -7 -12 -7 -11 -7 -13 -7 -12 -7 -13 -8 -13 -8 -13 -8 -13 -8 -13 -8 -13 -8 -13 -8 -13 -8 -13 0 0 0 0 0 0 0 0 0 0
1784740918.353922,54668,-44,11,1,7,1,-95,1,639861177,128,0 0 0 0 0 0 0 0 0 0 0 0 -2 7 -3 7 -3 6 -4 7 -4 6 -4 7 -5 7 -5 7 -6 7 -5 7 -5 7 -6 7 -6 7 -6 7 -7 7 -7 7 -7 7 -7 7 -7 7 -7 7 -7 7 -8 7 -7 7 -7 7 -7 8 -7 8 0 0 -8 8 -8 8 -8 8 -7 8 -7 8 -7 9 -7 9 -7 9 -8 9 -7 10 -7 10 -6 10 -7 10 -7 11 -7 11 -7 11 -7 11 -7 11 -7 11 -7 12 -7 12 -8 12 -7 12 -7 12 -7 12 -7 12 0 0 0 0 0 0 0 0 0 0
1784740918.369855,54669,-44,11,1,7,1,-95,1,639874162,128,0 0 0 0 0 0 0 0 0 0 0 0 6 4 5 4 5 5 5 5 5 5 5 6 5 6 5 6 5 6 5 7 5 7 5 7 5 7 4 8 4 8 5 8 4 8 5 8 4 8 5 9 4 9 5 9 5 9 4 9 5 9 5 9 0 0 5 9 5 9 5 9 6 9 6 9 6 9 6 9 6 9 6 9 7 10 7 10 7 9 7 9 7 10 8 10 8 10 8 10 8 10 8 10 9 10 9 10 9 10 9 11 9 11 9 11 9 11 0 0 0 0 0 0 0 0 0 0
1784740918.369855,54670,-44,11,1,7,1,-95,1,639881158,128,0 0 0 0 0 0 0 0 0 0 0 0 -2 -7 -1 -8 -1 -8 0 -8 0 -8 0 -9 0 -9 0 -9 1 -9 1 -9 1 -9 1 -9 2 -9 2 -10 2 -10 2 -9 3 -10 2 -10 3 -10 3 -10 3 -10 3 -10 2 -10 3 -10 3 -10 3 -11 0 0 3 -11 3 -10 3 -11 3 -11 3 -11 3 -11 3 -11 2 -12 3 -12 2 -12 2 -12 2 -13 2 -13 2 -13 2 -13 2 -14 2 -13 2 -14 2 -14 2 -14 2 -14 2 -14 2 -13 2 -14 2 -14 2 -15 0 0 0 0 0 0 0 0 0 0
1784740918.386053,54671,-44,11,1,7,1,-95,1,639892173,128,0 0 0 0 0 0 0 0 0 0 0 0 -5 -6 -5 -6 -5 -7 -4 -7 -4 -7 -4 -7 -4 -8 -4 -8 -4 -8 -4 -9 -3 -9 -3 -9 -3 -9 -3 -9 -3 -9 -3 -10 -3 -10 -3 -10 -3 -10 -3 -10 -3 -10 -3 -10 -3 -11 -3 -11 -3 -10 -3 -11 0 0 -3 -11 -4 -11 -4 -10 -4 -11 -4 -11 -4 -11 -4 -11 -5 -11 -5 -11 -5 -12 -5 -12 -5 -12 -5 -11 -5 -12 -7 -12 -6 -12 -6 -13 -6 -12 -6 -12 -7 -13 -7 -13 -7 -13 -7 -13 -7 -13 -7 -13 -7 -13 0 0 0 0 0 0 0 0 0 0
1784740918.386053,54672,-44,11,1,7,1,-95,1,639901241,128,0 0 0 0 0 0 0 0 0 0 0 0 1 -7 1 -7 2 -8 2 -8 3 -8 3 -8 3 -8 3 -8 3 -8 4 -8 4 -8 5 -8 5 -8 5 -8 5 -8 5 -8 5 -8 5 -9 6 -8 6 -9 6 -9 6 -9 6 -9 6 -9 6 -9 6 -9 0 0 6 -9 6 -9 6 -9 6 -10 6 -10 6 -10 5 -10 6 -10 6 -11 6 -11 5 -11 6 -11 5 -11 5 -11 5 -12 5 -12 6 -12 5 -12 5 -13 5 -13 5 -13 5 -13 6 -13 6 -13 6 -13 6 -14 0 0 0 0 0 0 0 0 0 0
1784740918.401886,54673,-44,11,1,7,1,-95,1,639911135,128,0 0 0 0 0 0 0 0 0 0 0 0 -5 4 -6 4 -6 4 -7 4 -7 4 -7 4 -7 4 -8 4 -8 3 -8 4 -8 3 -9 3 -9 3 -9 3 -9 3 -9 3 -10 3 -10 3 -10 3 -10 3 -10 3 -10 3 -10 3 -10 3 -10 3 -11 3 0 0 -11 3 -11 3 -11 3 -11 3 -11 4 -11 4 -11 4 -11 5 -11 4 -11 5 -11 5 -11 5 -11 5 -12 6 -11 5 -12 6 -11 6 -12 6 -12 6 -12 6 -12 7 -12 7 -12 7 -12 6 -12 7 -13 7 0 0 0 0 0 0 0 0 0 0
1784740918.417735,54674,-45,11,1,7,1,-95,1,639921145,128,0 0 0 0 0 0 0 0 0 0 0 0 -8 1 -8 1 -8 1 -8 0 -8 0 -9 0 -9 0 -9 -1 -9 -1 -9 -1 -9 -1 -10 -1 -10 -1 -10 -2 -10 -2 -10 -2 -10 -3 -10 -3 -10 -3 -10 -3 -10 -3 -11 -3 -10 -3 -10 -3 -11 -3 -11 -3 0 0 -11 -3 -11 -3 -11 -3 -11 -3 -11 -2 -11 -2 -11 -2 -12 -2 -12 -2 -12 -2 -12 -2 -12 -1 -13 -1 -13 -1 -13 -2 -13 -2 -13 -2 -13 -2 -14 -1 -14 -1 -14 -1 -14 -2 -14 -1 -14 -1 -14 -1 -14 -1 0 0 0 0 0 0 0 0 0 0
1784740918.417735,54675,-44,11,1,7,1,-95,1,639931245,128,0 0 0 0 0 0 0 0 0 0 0 0 0 7 0 7 -1 7 -1 7 -2 7 -2 7 -2 8 -2 8 -2 8 -3 8 -3 8 -4 8 -4 8 -4 8 -4 8 -4 8 -4 9 -4 9 -5 9 -5 9 -5 9 -5 9 -5 9 -5 9 -5 9 -5 9 0 0 -5 9 -5 9 -5 9 -4 10 -5 10 -5 10 -4 10 -5 10 -4 10 -4 11 -4 11 -4 11 -4 11 -4 11 -3 12 -3 12 -4 12 -4 12 -4 12 -3 12 -4 12 -3 12 -4 13 -4 13 -4 13 -4 13 0 0 0 0 0 0 0 0 0 0
1784740918.433482,54676,-44,11,1,7,1,-95,1,639942136,128,0 0 0 0 0 0 0 0 0 0 0 0 -4 6 -4 6 -5 6 -5 6 -5 6 -6 6 -6 6 -6 6 -7 6 -7 6 -7 6 -7 6 -8 6 -8 6 -8 5 -9 5 -9 5 -9 5 -9 5 -9 5 -9 5 -9 5 -9 5 -9 5 -9 5 -10 5 0 0 -10 5 -10 6 -10 6 -10 6 -9 6 -10 6 -10 6 -10 6 -10 6 -10 7 -10 7 -10 7 -10 7 -10 8 -10 8 -10 8 -10 8 -10 8 -11 8 -11 8 -10 8 -11 9 -11 9 -11 9 -11 9 -11 9 0 0 0 0 0 0 0 0 0 0
1784740918.433482,54677,-44,11,1,7,1,-95,1,639951264,128,0 0 0 0 0 0 0 0 0 0 0 0 -7 -4 -7 -4 -7 -5 -6 -5 -7 -6 -6 -6 -6 -6 -6 -6 -6 -7 -6 -7 -6 -7 -6 -8 -6 -8 -6 -8 -6 -8 -6 -9 -6 -8 -6 -9 -6 -9 -6 -9 -6 -9 -6 -9 -6 -9 -6 -9 -6 -9 -6 -9 0 0 -6 -10 -7 -10 -6 -10 -7 -10 -7 -9 -7 -10 -7 -9 -7 -10 -7 -10 -8 -10 -8 -10 -8 -10 -8 -10 -8 -10 -9 -10 -9 -10 -9 -10 -9 -10 -9 -10 -10 -10 -10 -10 -10 -10 -10 -10 -10 -11 -10 -11 -10 -10 0 0 0 0 0 0 0 0 0 0
1784740918.449341,54678,-44,11,1,7,1,-95,1,639961243,128,0 0 0 0 0 0 0 0 0 0 0 0 -2 7 -3 7 -3 7 -3 7 -4 7 -4 7 -4 7 -5 7 -5 7 -5 7 -6 7 -6 7 -6 7 -6 7 -6 7 -7 7 -7 8 -7 7 -7 8 -7 8 -7 8 -7 8 -7 8 -8 8 -7 8 -8 8 0 0 -7 8 -7 8 -7 8 -7 9 -7 9 -7 9 -7 9 -7 9 -7 9 -7 10 -7 10 -7 10 -7 10 -7 10 -7 11 -7 11 -7 11 -7 12 -6 11 -6 12 -6 12 -6 12 -7 12 -7 12 -7 12 -7 12 0 0 0 0 0 0 0 0 0 0
1784740918.465194,54679,-44,11,1,7,1,-95,1,639971128,128,0 0 0 0 0 0 0 0 0 0 0 0 -4 -7 -3 -7 -3 -8 -2 -8 -2 -9 -2 -8 -2 -9 -2 -9 -2 -9 -2 -9 -1 -9 -1 -10 -1 -10 -1 -10 -1 -10 0 -11 -1 -10 0 -11 0 -11 0 -11 -1 -11 0 -11 0 -11 0 -11 0 -11 0 -11 0 0 0 -12 0 -12 0 -12 -1 -12 -1 -12 -1 -12 -1 -12 -1 -12 -1 -12 -2 -13 -2 -13 -2 -13 -2 -13 -2 -13 -2 -13 -2 -13 -2 -13 -3 -14 -3 -14 -3 -14 -3 -14 -3 -14 -3 -14 -3 -14 -3 -14 -3 -14 0 0 0 0 0 0 0 0 0 0
1784740918.465194,54680,-44,11,1,7,1,-95,1,639981226,128,0 0 0 0 0 0 0 0 0 0 0 0 -6 -6 -6 -6 -6 -6 -5 -7 -5 -7 -5 -7 -6 -7 -5 -7 -6 -8 -5 -8 -5 -8 -5 -9 -5 -9 -5 -9 -5 -9 -5 -10 -5 -9 -5 -10 -5 -10 -5 -10 -5 -10 -5 -10 -5 -10 -4 -10 -4 -10 -5 -10 0 0 -5 -11 -5 -11 -5 -10 -6 -11 -6 -10 -6 -10 -7 -10 -7 -11 -7 -11 -7 -11 -7 -11 -7 -11 -7 -11 -7 -11 -8 -11 -8 -11 -8 -12 -8 -11 -8 -11 -9 -11 -9 -11 -9 -11 -9 -12 -9 -12 -9 -12 -9 -12 0 0 0 0 0 0 0 0 0 0
1784740918.481323,54681,-44,11,1,7,1,-95,1,639991260,128,0 0 0 0 0 0 0 0 0 0 0 0 2 -7 3 -7 3 -7 4 -7 4 -7 4 -7 4 -7 5 -7 5 -7 5 -7 6 -7 6 -7 6 -7 6 -7 6 -7 7 -7 7 -7 7 -7 7 -7 7 -7 7 -7 7 -7 7 -7 8 -7 8 -7 8 -7 0 0 8 -8 8 -8 8 -8 8 -8 7 -8 8 -8 7 -9 7 -9 7 -9 8 -9 8 -9 7 -9 7 -9 8 -10 7 -10 8 -11 8 -10 8 -11 7 -11 8 -11 8 -11 7 -11 8 -11 8 -11 8 -11 8 -11 0 0 0 0 0 0 0 0 0 0
1784740918.497524,54682,-44,11,1,7,1,-95,1,640001240,128,0 0 0 0 0 0 0 0 0 0 0 0 -6 4 -7 4 -7 3 -7 3 -7 3 -8 3 -8 3 -8 3 -8 3 -9 3 -9 3 -9 3 -9 3 -10 2 -10 2 -10 2 -10 2 -10 2 -11 2 -11 2 -11 2 -11 1 -11 2 -11 2 -11 2 -11 2 0 0 -12 2 -11 2 -12 2 -11 2 -11 3 -12 3 -12 3 -12 3 -12 3 -12 3 -12 4 -12 4 -12 4 -12 4 -12 4 -13 4 -12 4 -13 4 -13 5 -13 4 -13 5 -13 5 -13 5 -13 5 -13 5 -13 5 0 0 0 0 0 0 0 0 0 0
1784740918.497524,54683,-44,11,1,7,1,-95,1,640011241,128,0 0 0 0 0 0 0 0 0 0 0 0 0 7 0 7 -1 7 -1 7 -1 7 -1 7 -2 8 -2 7 -2 8 -2 8 -3 8 -3 8 -3 8 -3 8 -3 8 -3 9 -4 9 -4 9 -4 9 -4 9 -4 9 -4 9 -4 9 -5 9 -4 9 -4 9 0 0 -4 10 -4 10 -4 9 -4 10 -4 10 -4 10 -3 10 -3 11 -3 11 -3 11 -3 11 -3 11 -3 11 -3 11 -3 12 -3 12 -3 12 -3 12 -2 12 -2 12 -2 13 -2 13 -3 13 -3 13 -3 13 -2 13 0 0 0 0 0 0 0 0 0 0
1784740918.516044,54684,-44,11,1,7,1,-95,1,640021290,128,0 0 0 0 0 0 0 0 0 0 0 0 3 6 3 6 2 6 2 7 2 7 2 7 2 7 1 8 1 8 1 8 1 8 1 8 1 9 0 9 1 9 0 9 0 10 0 9 0 10 0 9 0 10 0 10 0 10 0 10 0 10 0 10 0 0 0 11 0 10 0 11 0 10 0 11 0 11 1 11 1 11 1 11 1 11 1 11 1 12 1 12 1 12 1 12 2 13 1 12 2 13 2 13 2 13 2 13 2 13 2 13 2 13 2 13 2 14 0 0 0 0 0 0 0 0 0 0
1784740918.516044,54685,-44,11,1,7,1,-95,1,640031273,128,0 0 0 0 0 0 0 0 0 0 0 0 -6 -4 -6 -5 -6 -5 -6 -6 -6 -6 -6 -6 -6 -6 -6 -7 -6 -7 -6 -7 -6 -7 -6 -7 -6 -8 -6 -8 -6 -8 -5 -8 -6 -9 -6 -9 -5 -9 -5 -9 -5 -9 -5 -9 -6 -9 -6 -9 -6 -9 -6 -10 0 0 -6 -10 -6 -10 -6 -10 -6 -10 -6 -10 -6 -10 -6 -10 -7 -10 -6 -10 -7 -10 -7 -10 -8 -10 -8 -10 -7 -10 -8 -10 -8 -11 -8 -11 -8 -11 -8 -11 -8 -11 -9 -11 -8 -11 -8 -11 -9 -11 -9 -11 -9 -11 0 0 0 0 0 0 0 0 0 0
1784740918.529137,54686,-44,11,1,7,1,-95,1,640041235,128,0 0 0 0 0 0 0 0 0 0 0 0 -4 -7 -4 -7 -3 -8 -3 -7 -3 -8 -3 -8 -3 -8 -3 -8 -3 -9 -2 -9 -2 -9 -2 -9 -2 -9 -1 -10 -2 -10 -1 -10 -2 -10 -2 -11 -1 -10 -1 -11 -1 -11 -1 -11 -1 -11 -1 -11 -1 -11 -1 -11 0 0 -1 -11 -1 -12 -1 -11 -2 -12 -2 -11 -2 -12 -2 -12 -2 -12 -2 -12 -2 -13 -2 -13 -2 -12 -2 -12 -2 -12 -3 -13 -3 -13 -3 -14 -3 -13 -3 -13 -4 -14 -3 -14 -4 -14 -3 -14 -3 -14 -3 -14 -4 -14 0 0 0 0 0 0 0 0 0 0
1784740918.544920,54687,-44,11,1,7,1,-95,1,640051163,128,0 0 0 0 0 0 0 0 0 0 0 0 -7 -2 -8 -3 -7 -3 -7 -4 -7 -4 -8 -4 -7 -4 -7 -5 -8 -5 -7 -5 -7 -5 -8 -5 -8 -6 -8 -6 -8 -6 -8 -6 -8 -6 -8 -7 -8 -7 -8 -7 -8 -7 -8 -7 -8 -7 -8 -7 -8 -7 -8 -7 0 0 -9 -8 -9 -7 -9 -8 -9 -7 -9 -7 -9 -8 -9 -8 -9 -8 -9 -8 -10 -7 -10 -7 -10 -8 -10 -7 -11 -8 -10 -8 -11 -8 -11 -8 -11 -8 -11 -8 -11 -8 -11 -8 -12 -8 -11 -8 -11 -8 -12 -8 -12 -8 0 0 0 0 0 0 0 0 0 0
1784740918.544920,54688,-45,11,1,7,1,-95,1,640061250,128,0 0 0 0 0 0 0 0 0 0 0 0 -8 0 -8 0 -8 -1 -8 -1 -8 -1 -9 -1 -8 -2 -9 -2 -9 -2 -9 -2 -9 -2 -9 -3 -9 -3 -9 -3 -10 -3 -9 -3 -10 -4 -9 -3 -10 -4 -10 -4 -10 -4 -10 -5 -10 -4 -10 -4 -10 -4 -11 -4 0 0 -11 -4 -11 -4 -11 -5 -11 -4 -11 -4 -11 -4 -11 -4 -11 -4 -12 -4 -12 -4 -12 -3 -12 -3 -12 -3 -13 -4 -12 -4 -13 -4 -13 -4 -13 -3 -13 -4 -13 -4 -14 -4 -13 -4 -13 -3 -14 -3 -14 -3 -14 -3 0 0 0 0 0 0 0 0 0 0
1784740918.564895,54689,-44,11,1,7,1,-95,1,640071158,128,0 0 0 0 0 0 0 0 0 0 0 0 6 -2 6 -2 7 -1 7 -1 7 -1 7 -1 7 0 8 0 8 0 8 0 8 1 8 1 8 1 8 1 8 1 9 1 9 1 9 1 9 2 9 1 9 1 9 1 9 2 9 2 9 2 10 2 0 0 10 2 10 2 10 2 11 2 10 1 10 1 10 1 11 1 11 1 12 1 11 1 11 1 11 1 11 1 12 1 12 1 12 1 12 1 12 1 13 1 13 1 13 0 13 1 13 1 13 1 13 1 0 0 0 0 0 0 0 0 0 0
1784740918.576624,54690,-44,11,1,7,1,-95,1,640081258,128,0 0 0 0 0 0 0 0 0 0 0 0 2 -7 3 -7 3 -7 4 -7 4 -7 4 -7 4 -7 5 -7 5 -7 5 -7 5 -7 5 -7 6 -7 6 -7 6 -7 6 -7 6 -7 6 -7 7 -7 7 -7 7 -7 7 -7 7 -7 7 -7 7 -8 7 -8 0 0 8 -8 7 -8 8 -8 7 -8 7 -9 8 -8 8 -9 7 -9 8 -9 7 -9 8 -10 7 -10 8 -10 8 -10 7 -10 8 -11 8 -10 8 -11 8 -11 8 -11 8 -11 8 -11 8 -11 8 -11 8 -12 8 -12 0 0 0 0 0 0 0 0 0 0
1784740918.582916,54691,-44,11,1,7,1,-95,1,640091215,128,0 0 0 0 0 0 0 0 0 0 0 0 -7 3 -7 2 -7 2 -7 2 -8 2 -8 2 -8 2 -8 2 -9 1 -9 1 -9 1 -9 1 -9 1 -10 1 -9 1 -10 0 -10 0 -10 0 -10 0 -10 1 -10 1 -10 0 -11 1 -10 0 -11 0 -11 0 0 0 -11 1 -11 1 -11 0 -11 1 -11 1 -11 1 -11 1 -12 2 -12 2 -12 2 -12 2 -12 2 -12 2 -13 2 -13 2 -13 2 -13 2 -13 3 -13 3 -13 3 -13 3 -13 3 -13 3 -14 3 -13 3 -14 3 0 0 0 0 0 0 0 0 0 0
1784740918.592328,54692,-44,11,1,7,1,-95,1,640101193,128,0 0 0 0 0 0 0 0 0 0 0 0 4 5 4 6 4 6 3 6 3 6 3 7 3 7 3 7 3 7 2 8 2 8 2 8 2 8 2 8 2 8 2 9 2 9 2 9 2 9 2 9 2 10 2 9 2 9 2 10 2 9 2 10 0 0 2 10 2 10 2 10 3 10 3 11 3 10 3 10 3 11 3 10 3 11 3 11 4 11 4 11 3 11 4 11 4 12 4 12 4 12 4 12 5 12 5 12 5 12 5 12 5 12 5 12 5 12 0 0 0 0 0 0 0 0 0 0
1784740918.592328,54693,-44,11,1,7,1,-95,1,640111150,128,0 0 0 0 0 0 0 0 0 0 0 0 -4 -6 -4 -7 -4 -7 -4 -8 -3 -7 -3 -8 -3 -8 -3 -8 -3 -8 -3 -8 -3 -9 -3 -9 -3 -9 -3 -9 -3 -10 -2 -9 -2 -10 -2 -10 -2 -10 -2 -10 -2 -10 -2 -11 -2 -10 -2 -10 -2 -11 -3 -11 0 0 -2 -11 -2 -11 -2 -11 -3 -11 -3 -11 -3 -11 -3 -11 -3 -12 -3 -12 -4 -12 -4 -12 -4 -12 -4 -12 -4 -13 -4 -12 -4 -13 -4 -12 -5 -13 -4 -13 -5 -13 -5 -13 -5 -13 -5 -13 -5 -13 -5 -13 -6 -13 0 0 0 0 0 0 0 0 0 0
1784740918.618287,54694,-44,11,1,7,1,-95,1,640123667,128,0 0 0 0 0 0 0 0 0 0 0 0 -1 -8 -1 -8 0 -8 0 -8 0 -8 0 -8 1 -8 0 -9 1 -9 1 -9 1 -9 1 -9 2 -9 2 -10 2 -10 2 -10 2 -10 3 -10 3 -10 3 -10 3 -10 3 -10 2 -10 3 -10 3 -10 3 -11 0 0 3 -11 3 -11 3 -11 3 -11 3 -11 3 -11 3 -11 2 -12 3 -12 2 -12 2 -12 2 -13 2 -13 2 -13 2 -13 2 -13 2 -13 2 -14 2 -14 2 -14 2 -14 2 -14 2 -14 2 -14 2 -14 2 -14 0 0 0 0 0 0 0 0 0 0
1784740918.623786,54695,-44,11,1,7,1,-95,1,640131289,128,0 0 0 0 0 0 0 0 0 0 0 0 -3 6 -3 6 -4 6 -4 6 -4 6 -4 6 -5 6 -5 6 -5 6 -5 6 -6 6 -6 6 -6 6 -6 7 -6 7 -6 7 -7 7 -7 7 -7 7 -7 7 -7 7 -7 7 -7 7 -7 7 -7 7 -7 7 0 0 -7 8 -7 8 -7 8 -7 8 -7 8 -7 8 -7 8 -7 9 -7 9 -7 9 -7 9 -7 9 -7 9 -7 10 -7 10 -7 10 -7 10 -7 11 -7 11 -7 11 -7 11 -7 11 -7 11 -8 11 -7 11 -7 11 0 0 0 0 0 0 0 0 0 0
1784740918.623786,54696,-44,11,1,7,1,-95,1,640141191,128,0 0 0 0 0 0 0 0 0 0 0 0 -5 5 -5 5 -6 5 -6 5 -6 4 -7 5 -7 4 -7 5 -7 4 -7 4 -8 5 -8 4 -8 4 -8 4 -9 5 -9 4 -9 4 -9 4 -9 4 -9 4 -10 4 -10 4 -9 5 -9 5 -10 5 -10 5 0 0 -10 5 -10 5 -10 5 -10 5 -10 5 -10 6 -10 6 -10 6 -10 6 -10 7 -10 7 -10 7 -10 7 -11 8 -10 7 -11 8 -10 7 -11 8 -11 8 -11 8 -11 8 -11 8 -10 8 -11 8 -11 9 -11 9 0 0 0 0 0 0 0 0 0 0
1784740918.639550,54697,-44,11,1,7,1,-95,1,640151178,128,0 0 0 0 0 0 0 0 0 0 0 0 -7 2 -7 1 -8 1 -8 1 -8 1 -8 0 -8 0 -9 0 -9 0 -9 0 -9 -1 -9 -1 -9 -1 -10 -1 -10 -1 -10 -1 -10 -1 -10 -1 -10 -1 -10 -1 -10 -1 -11 -1 -11 -1 -10 -2 -11 -2 -11 -2 0 0 -11 -1 -11 -1 -11 -1 -12 -1 -11 -1 -11 -1 -11 -1 -12 -1 -12 0 -13 0 -12 0 -12 0 -13 0 -12 0 -13 1 -13 1 -14 1 -13 1 -13 1 -14 1 -14 1 -14 1 -14 1 -14 1 -14 1 -14 1 0 0 0 0 0 0 0 0 0 0
1784740918.655635,54698,-44,11,1,7,1,-95,1,640162575,128,0 0 0 0 0 0 0 0 0 0 0 0 0 6 0 6 -1 7 -1 7 -1 7 -1 7 -1 7 -1 7 -1 8 -2 8 -3 8 -3 8 -3 8 -3 8 -3 8 -3 9 -3 9 -3 9 -3 9 -3 9 -3 9 -3 9 -3 9 -4 9 -4 9 -4 9 0 0 -3 9 -3 10 -3 9 -3 10 -3 10 -3 10 -2 10 -2 11 -2 11 -2 12 -2 11 -2 11 -2 11 -2 11 -1 12 -2 12 -2 12 -2 12 -1 12 -1 13 -1 13 -1 13 -1 13 -2 13 -2 13 -2 13 0 0 0 0 0 0 0 0 0 0
1784740918.655635,54699,-44,11,1,7,1,-95,1,640171273,128,0 0 0 0 0 0 0 0 0 0 0 0 1 -8 2 -8 2 -8 3 -8 3 -8 3 -8 3 -8 3 -8 4 -8 4 -8 4 -8 5 -8 5 -8 5 -8 5 -8 6 -8 6 -8 6 -8 6 -8 6 -8 6 -8 6 -8 6 -9 6 -8 6 -9 6 -9 0 0 6 -9 6 -9 6 -9 6 -9 6 -9 6 -10 6 -10 6 -10 7 -10 6 -11 6 -11 6 -11 6 -11 6 -12 6 -12 7 -12 6 -12 6 -12 7 -12 7 -13 6 -13 7 -13 6 -13 7 -13 6 -13 7 -13 0 0 0 0 0 0 0 0 0 0
1784740918.671302,54700,-44,11,1,7,1,-95,1,640181239,128,0 0 0 0 0 0 0 0 0 0 0 0 -7 -4 -7 -5 -7 -5 -6 -6 -7 -6 -6 -6 -6 -6 -6 -7 -6 -7 -6 -7 -6 -7 -6 -8 -6 -8 -6 -8 -6 -8 -6 -8 -6 -8 -6 -9 -6 -9 -6 -9 -6 -9 -6 -9 -6 -9 -6 -9 -6 -9 -6 -9 0 0 -6 -9 -7 -9 -7 -9 -8 -10 -7 -9 -7 -10 -8 -10 -8 -10 -8 -10 -9 -10 -9 -10 -8 -10 -8 -10 -9 -10 -10 -10 -10 -10 -10 -11 -10 -11 -10 -11 -10 -11 -10 -11 -10 -10 -10 -11 -10 -11 -10 -11 -10 -11 0 0 0 0 0 0 0 0 0 0
1784740918.687103,54701,-44,11,1,7,1,-95,1,640191213,128,0 0 0 0 0 0 0 0 0 0 0 0 1 -8 1 -8 2 -8 2 -8 2 -8 2 -8 3 -8 3 -8 3 -8 3 -8 3 -8 4 -8 4 -8 4 -9 4 -9 5 -8 5 -9 5 -9 5 -9 5 -9 5 -9 5 -9 5 -9 5 -9 5 -9 5 -9 0 0 5 -10 5 -10 5 -10 5 -10 5 -10 5 -10 4 -10 4 -11 5 -11 4 -11 4 -11 4 -12 4 -12 4 -13 4 -12 5 -13 4 -12 4 -13 4 -13 4 -13 4 -13 4 -13 4 -14 4 -13 4 -14 4 -14 0 0 0 0 0 0 0 0 0 0
1784740918.687103,54702,-45,11,1,7,1,-95,1,640201181,128,0 0 0 0 0 0 0 0 0 0 0 0 -8 1 -8 1 -8 0 -9 0 -9 0 -9 0 -9 -1 -9 -1 -9 -1 -9 -1 -9 -1 -10 -1 -10 -2 -10 -2 -10 -2 -10 -2 -10 -3 -10 -3 -10 -3 -10 -3 -11 -2 -10 -3 -11 -2 -11 -2 -11 -2 -11 -2 0 0 -11 -3 -11 -3 -11 -2 -12 -2 -11 -2 -12 -2 -12 -2 -12 -2 -12 -2 -13 -1 -13 -1 -13 -1 -13 -1 -13 -1 -14 -1 -14 -1 -14 -1 -14 -1 -15 -1 -14 -1 -15 -1 -15 -1 -15 0 -15 -1 -15 0 -15 0 0 0 0 0 0 0 0 0 0 0
1784740918.706260,54703,-45,11,1,7,1,-95,1,640211437,128,0 0 0 0 0 0 0 0 0 0 0 0 -7 2 -7 2 -8 1 -8 1 -8 1 -8 0 -8 0 -9 0 -9 0 -9 0 -9 -1 -9 -1 -9 -1 -10 -1 -10 -1 -9 -1 -10 -1 -10 -1 -10 -2 -10 -2 -10 -2 -10 -2 -10 -2 -10 -2 -10 -2 -10 -2 0 0 -11 -2 -11 -2 -11 -1 -11 -1 -11 -1 -11 -1 -12 -1 -12 -1 -12 -1 -12 0 -12 -1 -12 0 -12 -1 -13 0 -13 0 -14 0 -13 0 -14 0 -14 0 -14 0 -14 0 -14 0 -14 0 -14 0 -14 0 -15 0 0 0 0 0 0 0 0 0 0 0
1784740918.719151,54704,-44,11,1,7,1,-95,1,640221186,128,0 0 0 0 0 0 0 0 0 0 0 0 6 2 6 3 6 3 6 4 6 4 6 4 6 4 6 5 6 5 6 5 6 5 6 6 6 6 6 6 6 6 6 6 6 7 6 7 6 7 6 7 7 7 7 7 7 7 7 7 7 7 7 7 0 0 7 7 7 7 7 7 8 7 8 7 8 7 8 7 9 7 9 7 9 7 9 7 9 7 10 8 10 8 10 8 10 8 10 8 10 8 11 7 11 8 11 8 11 8 11 8 11 8 11 8 11 8 0 0 0 0 0 0 0 0 0 0
1784740918.723178,54705,-44,11,1,7,1,-95,1,640231167,128,0 0 0 0 0 0 0 0 0 0 0 0 -2 -7 -2 -8 -2 -8 -1 -8 -1 -8 -1 -8 -1 -9 -1 -9 0 -9 0 -9 0 -9 0 -9 0 -9 1 -10 1 -10 1 -10 1 -10 1 -10 1 -10 1 -10 1 -10 1 -11 1 -11 2 -11 1 -11 1 -11 0 0 1 -11 1 -11 1 -11 1 -11 1 -11 1 -12 0 -12 0 -12 0 -12 0 -13 0 -13 0 -13 0 -13 0 -13 0 -13 0 -14 0 -14 0 -14 -1 -14 -1 -14 -1 -14 -1 -14 -1 -14 0 -15 0 -15 -1 -15 0 0 0 0 0 0 0 0 0 0
1784740918.735233,54706,-45,11,1,7,1,-95,1,640241177,128,0 0 0 0 0 0 0 0 0 0 0 0 5 -5 6 -5 6 -4 6 -4 7 -4 7 -4 7 -4 8 -4 7 -4 8 -3 8 -3 8 -3 8 -3 8 -3 8 -3 9 -3 9 -3 9 -3 9 -3 9 -3 9 -3 10 -3 10 -3 10 -3 10 -3 10 -3 0 0 10 -3 10 -3 10 -3 11 -4 10 -4 11 -4 11 -4 11 -4 11 -5 12 -5 11 -5 11 -5 11 -5 11 -5 12 -6 12 -6 12 -6 12 -6 12 -6 12 -6 12 -6 12 -6 13 -6 13 -6 13 -6 13 -6 0 0 0 0 0 0 0 0 0 0
1784740918.735233,54707,-44,11,1,7,1,-95,1,640251200,128,0 0 0 0 0 0 0 0 0 0 0 0 6 2 6 2 6 3 6 3 6 4 6 4 6 4 6 4 6 5 6 5 6 5 6 5 6 5 6 5 6 6 6 6 6 6 6 6 7 6 6 7 6 7 7 7 7 7 7 7 7 7 7 7 0 0 7 7 7 7 7 7 7 7 7 7 8 7 8 7 8 7 8 7 9 7 9 7 9 7 9 7 10 7 10 7 10 8 10 7 10 8 10 8 10 8 10 8 11 8 11 8 11 8 11 8 11 8 0 0 0 0 0 0 0 0 0 0
1784740918.751493,54708,-44,11,1,7,1,-95,1,640261282,128,0 0 0 0 0 0 0 0 0 0 0 0 -7 1 -7 1 -8 0 -8 0 -8 0 -8 -1 -9 -1 -8 -1 -9 -1 -9 -2 -9 -2 -9 -2 -9 -2 -9 -2 -9 -2 -10 -2 -10 -2 -10 -3 -10 -3 -10 -3 -10 -3 -10 -3 -10 -3 -10 -3 -10 -3 -11 -3 0 0 -11 -3 -11 -3 -11 -3 -12 -3 -11 -3 -11 -3 -11 -2 -12 -2 -12 -2 -13 -2 -13 -2 -12 -2 -12 -2 -13 -2 -14 -2 -13 -2 -14 -2 -14 -2 -14 -2 -14 -2 -14 -2 -14 -1 -15 -2 -15 -2 -14 -2 -14 -2 0 0 0 0 0 0 0 0 0 0
1784740918.767493,54709,-44,11,1,7,1,-95,1,640271175,128,0 0 0 0 0 0 0 0 0 0 0 0 1 6 1 7 0 7 0 7 0 7 0 7 -1 7 -1 8 -1 8 -1 8 -1 8 -2 8 -2 8 -2 8 -2 9 -2 9 -2 9 -2 9 -2 9 -2 9 -2 9 -2 9 -2 9 -3 10 -2 9 -2 10 0 0 -2 10 -2 10 -2 10 -2 10 -1 11 -1 11 -1 11 -1 11 -1 11 -1 12 -1 12 -1 12 -1 12 -1 12 0 12 0 13 0 13 0 13 0 13 0 13 0 13 0 13 0 13 0 13 0 13 0 14 0 0 0 0 0 0 0 0 0 0
1784740918.767493,54710,-44,11,1,7,1,-95,1,640281227,128,0 0 0 0 0 0 0 0 0 0 0 0 6 2 6 2 6 3 6 3 6 4 6 4 6 4 7 4 6 4 7 4 7 5 7 5 7 5 7 5 7 6 6 6 7 6 7 6 7 6 7 7 7 7 7 7 7 7 7 7 7 7 7 7 0 0 8 7 8 7 8 7 8 7 8 7 8 7 8 7 8 7 9 7 9 7 9 7 10 7 10 7 10 7 10 7 10 7 10 7 11 7 11 8 11 7 11 7 11 8 11 7 11 7 11 7 12 7 0 0 0 0 0 0 0 0 0 0
1784740918.783447,54711,-44,11,1,7,1,-95,1,640291261,128,0 0 0 0 0 0 0 0 0 0 0 0 -7 3 -7 3 -8 3 -7 2 -8 2 -8 2 -8 2 -8 2 -8 2 -9 1 -9 1 -9 1 -9 1 -10 1 -9 1 -10 1 -10 1 -11 1 -10 1 -10 1 -10 1 -10 1 -11 1 -11 1 -11 0 -11 1 0 0 -11 1 -11 2 -11 2 -12 2 -11 2 -11 2 -11 3 -12 3 -11 3 -12 3 -12 3 -12 3 -12 3 -12 3 -13 5 -12 4 -13 4 -13 4 -13 5 -13 5 -13 5 -13 5 -14 5 -14 4 -14 4 -13 5 0 0 0 0 0 0 0 0 0 0
1784740918.783447,54712,-44,11,1,7,1,-95,1,640301764,128,0 0 0 0 0 0 0 0 0 0 0 0 0 7 0 7 0 7 -1 7 -1 7 -1 7 -1 7 -2 8 -2 8 -2 8 -2 8 -2 8 -3 8 -3 8 -3 9 -3 9 -3 9 -4 9 -4 9 -4 9 -4 9 -4 9 -4 9 -4 9 -4 9 -4 9 0 0 -4 10 -4 10 -4 10 -4 10 -4 10 -3 10 -3 10 -4 11 -3 11 -3 11 -3 11 -3 11 -3 12 -3 12 -3 12 -3 12 -3 12 -3 12 -3 13 -3 13 -3 13 -3 13 -3 13 -3 13 -3 13 -3 13 0 0 0 0 0 0 0 0 0 0
1784740918.803098,54713,-44,11,1,7,1,-95,1,640311262,128,0 0 0 0 0 0 0 0 0 0 0 0 -4 6 -5 6 -5 6 -6 5 -6 5 -6 5 -6 5 -7 5 -7 5 -7 5 -7 5 -7 5 -7 6 -8 5 -8 5 -8 5 -8 5 -8 5 -9 5 -9 5 -9 5 -9 5 -9 6 -9 5 -9 5 -9 6 0 0 -9 6 -10 6 -9 6 -9 6 -9 6 -9 6 -9 7 -9 7 -10 7 -9 8 -9 8 -9 8 -9 8 -9 8 -10 8 -10 8 -10 8 -10 9 -10 9 -10 9 -10 9 -10 9 -10 9 -10 9 -10 10 -10 10 0 0 0 0 0 0 0 0 0 0
1784740918.831017,54714,-45,11,1,7,1,-95,1,640334489,128,0 0 0 0 0 0 0 0 0 0 0 0 -7 2 -8 2 -8 1 -9 1 -8 1 -9 1 -9 0 -9 0 -9 0 -9 0 -10 0 -10 0 -10 -1 -10 -1 -11 -1 -10 -1 -11 -1 -10 -1 -11 -2 -11 -1 -11 -2 -11 -2 -11 -1 -11 -1 -11 -1 -11 -1 0 0 -12 -1 -11 -1 -12 -1 -11 -1 -12 -1 -12 -1 -12 -1 -12 -1 -12 -1 -12 0 -13 0 -13 0 -13 0 -14 1 -13 0 -14 0 -13 1 -14 1 -14 1 -15 1 -14 1 -15 1 -14 1 -15 1 -15 1 -15 1 0 0 0 0 0 0 0 0 0 0
1784740918.831017,54715,-45,11,1,7,1,-95,1,640334833,128,0 0 0 0 0 0 0 0 0 0 0 0 -2 6 -3 7 -3 6 -4 7 -4 6 -4 7 -5 6 -5 7 -5 6 -5 6 -5 7 -6 7 -6 7 -6 7 -7 7 -7 6 -7 7 -7 7 -7 7 -7 6 -7 7 -8 7 -7 7 -7 7 -7 7 -8 7 0 0 -8 8 -8 7 -8 7 -7 7 -7 8 -8 8 -8 8 -8 8 -8 8 -7 9 -7 9 -7 9 -8 10 -8 10 -8 10 -8 10 -8 10 -8 10 -8 11 -8 11 -8 11 -8 11 -8 11 -8 11 -8 11 -9 12 0 0 0 0 0 0 0 0 0 0
1784740918.831017,54716,-45,11,1,7,1,-95,1,640341114,128,0 0 0 0 0 0 0 0 0 0 0 0 -8 -2 -8 -2 -8 -3 -8 -3 -8 -3 -8 -3 -8 -4 -8 -4 -8 -4 -8 -4 -8 -4 -9 -5 -9 -5 -9 -5 -9 -5 -9 -6 -9 -6 -9 -6 -9 -6 -9 -6 -9 -6 -9 -7 -9 -6 -9 -6 -9 -6 -10 -6 0 0 -10 -7 -10 -7 -10 -6 -10 -6 -10 -6 -10 -6 -11 -6 -11 -6 -11 -6 -11 -5 -12 -6 -12 -5 -12 -5 -13 -5 -12 -5 -13 -6 -13 -6 -13 -6 -14 -5 -14 -6 -14 -5 -14 -5 -14 -5 -14 -5 -14 -5 -14 -6 0 0 0 0 0 0 0 0 0 0
1784740918.847076,54717,-42,11,1,7,0,-95,1,640353165,128,0 0 0 0 0 0 0 0 0 0 0 0 3 -8 3 -8 4 -8 4 -8 4 -8 5 -8 5 -8 5 -8 6 -8 6 -8 6 -8 6 -8 7 -8 7 -8 7 -8 7 -8 8 -8 8 -8 8 -8 8 -8 8 -8 8 -8 8 -8 8 -8 8 -8 8 -8 0 0 8 -9 9 -9 8 -9 9 -9 8 -10 8 -10 8 -10 8 -10 8 -10 8 -11 8 -11 8 -11 8 -11 8 -12 8 -12 8 -12 9 -12 9 -12 9 -12 9 -13 9 -12 9 -13 9 -13 9 -13 9 -13 9 -13 0 0 0 0 0 0 0 0 0 0
1784740918.847076,54718,-44,11,1,7,1,-95,1,640361261,128,0 0 0 0 0 0 0 0 0 0 0 0 -8 -1 -8 -1 -8 -2 -8 -2 -8 -2 -8 -2 -8 -3 -9 -3 -8 -3 -8 -3 -9 -3 -9 -4 -9 -4 -9 -4 -9 -4 -9 -5 -9 -5 -9 -5 -9 -5 -9 -5 -9 -5 -9 -5 -9 -5 -9 -5 -9 -5 -10 -5 0 0 -10 -5 -10 -5 -10 -5 -10 -5 -10 -5 -11 -5 -11 -5 -11 -4 -11 -5 -11 -4 -12 -5 -12 -4 -12 -5 -12 -5 -12 -4 -13 -5 -12 -4 -13 -5 -13 -4 -13 -4 -13 -4 -13 -5 -13 -4 -13 -5 -14 -4 -14 -4 0 0 0 0 0 0 0 0 0 0
1784740918.864081,54719,-44,11,1,7,1,-95,1,640371214,128,0 0 0 0 0 0 0 0 0 0 0 0 -8 1 -8 0 -8 0 -8 -1 -8 -1 -9 -1 -9 -1 -9 -1 -9 -2 -9 -2 -9 -2 -10 -2 -10 -2 -10 -3 -10 -3 -10 -3 -10 -3 -10 -3 -10 -3 -10 -3 -11 -3 -10 -3 -11 -3 -10 -4 -10 -4 -11 -4 0 0 -11 -3 -11 -3 -11 -3 -11 -3 -11 -3 -12 -3 -12 -3 -12 -3 -12 -3 -12 -2 -13 -2 -13 -2 -13 -2 -13 -2 -13 -2 -13 -2 -13 -2 -14 -2 -14 -2 -14 -2 -14 -2 -14 -2 -14 -2 -14 -2 -14 -2 -15 -2 0 0 0 0 0 0 0 0 0 0
1784740918.870366,54720,-44,11,1,7,1,-95,1,640381174,128,0 0 0 0 0 0 0 0 0 0 0 0 4 -7 4 -7 5 -7 5 -6 5 -7 5 -6 6 -6 6 -6 6 -6 7 -6 7 -6 7 -6 7 -6 7 -6 7 -6 8 -6 8 -6 8 -6 8 -6 8 -6 9 -6 8 -6 9 -6 9 -6 9 -6 9 -6 0 0 9 -6 9 -7 8 -6 9 -7 9 -7 9 -7 9 -7 9 -7 9 -8 9 -8 9 -8 9 -8 9 -8 9 -8 9 -10 9 -9 10 -9 10 -9 10 -9 10 -10 10 -10 10 -10 10 -10 10 -10 10 -10 10 -10 0 0 0 0 0 0 0 0 0 0
1784740918.879200,54721,-44,11,1,7,1,-95,1,640391178,128,0 0 0 0 0 0 0 0 0 0 0 0 -8 -1 -8 -1 -8 -2 -8 -3 -8 -3 -9 -3 -9 -3 -9 -3 -9 -4 -9 -4 -9 -4 -9 -4 -9 -4 -9 -5 -10 -5 -9 -6 -10 -5 -9 -5 -10 -5 -9 -5 -9 -5 -10 -6 -10 -5 -10 -5 -10 -6 -10 -6 0 0 -11 -5 -10 -6 -11 -6 -10 -5 -11 -5 -11 -5 -11 -5 -11 -5 -11 -5 -12 -4 -12 -5 -12 -4 -12 -4 -13 -5 -12 -4 -13 -5 -13 -4 -14 -4 -14 -4 -14 -4 -14 -4 -14 -5 -14 -4 -14 -4 -14 -4 -15 -4 0 0 0 0 0 0 0 0 0 0
1784740918.898044,54722,-45,11,1,7,1,-95,1,640401164,128,0 0 0 0 0 0 0 0 0 0 0 0 1 -8 2 -8 2 -8 3 -8 3 -8 3 -8 3 -8 4 -8 4 -8 4 -8 5 -8 5 -8 5 -8 5 -8 5 -8 6 -9 6 -9 6 -9 6 -8 6 -9 6 -9 6 -9 6 -9 6 -8 6 -8 6 -9 0 0 6 -9 6 -9 6 -9 7 -10 6 -10 6 -10 6 -10 6 -11 6 -10 6 -11 6 -11 6 -11 6 -11 6 -11 6 -12 5 -12 6 -12 6 -12 5 -13 5 -13 6 -13 5 -13 6 -13 6 -13 6 -13 6 -13 0 0 0 0 0 0 0 0 0 0
1784740918.898044,54723,-44,11,1,7,1,-95,1,640411255,128,0 0 0 0 0 0 0 0 0 0 0 0 -6 5 -6 5 -7 4 -8 4 -8 4 -8 4 -8 3 -8 3 -9 3 -9 3 -9 3 -9 2 -10 2 -10 2 -10 2 -10 2 -10 2 -10 2 -11 2 -11 2 -11 2 -11 2 -11 2 -11 2 -11 2 -11 2 0 0 -11 3 -11 3 -11 3 -11 3 -11 3 -11 3 -11 3 -11 4 -11 4 -12 4 -12 4 -12 4 -12 5 -12 5 -12 5 -12 5 -12 5 -13 6 -12 6 -13 6 -13 6 -13 7 -13 6 -13 5 -13 6 -13 6 0 0 0 0 0 0 0 0 0 0
1784740918.927365,54724,-41,11,1,7,0,-95,1,640425509,128,0 0 0 0 0 0 0 0 0 0 0 0 -8 2 -9 2 -9 1 -10 1 -10 0 -10 0 -10 0 -10 0 -11 0 -11 -1 -11 -1 -11 -2 -12 -2 -11 -2 -12 -2 -12 -2 -12 -2 -12 -2 -12 -2 -12 -2 -13 -2 -13 -2 -13 -2 -13 -3 -13 -3 -13 -2 0 0 -13 -2 -14 -2 -13 -2 -14 -2 -14 -1 -14 -1 -14 -1 -14 -1 -15 0 -15 -1 -15 -1 -15 0 -15 0 -15 0 -16 1 -16 0 -16 1 -16 1 -16 1 -16 1 -16 1 -17 1 -17 1 -17 1 -17 1 -17 1 0 0 0 0 0 0 0 0 0 0
1784740918.927365,54725,-44,11,1,7,1,-95,1,640436249,128,0 0 0 0 0 0 0 0 0 0 0 0 6 0 7 1 7 1 7 2 7 2 7 2 7 2 7 3 7 3 7 3 7 3 7 3 7 3 8 4 8 4 8 4 8 4 8 4 8 5 8 5 8 5 8 5 8 4 8 5 8 4 9 5 0 0 9 5 9 5 9 5 9 5 9 4 9 4 9 5 10 4 10 5 10 4 10 4 10 4 11 4 11 4 11 4 11 4 11 4 12 4 12 4 12 4 12 4 12 4 12 3 12 4 13 3 13 4 0 0 0 0 0 0 0 0 0 0
1784740918.927365,54726,-44,11,1,7,1,-95,1,640441266,128,0 0 0 0 0 0 0 0 0 0 0 0 -5 -6 -5 -7 -4 -7 -4 -8 -4 -7 -4 -8 -3 -8 -3 -8 -3 -9 -3 -9 -3 -9 -3 -9 -2 -9 -2 -10 -3 -10 -2 -10 -2 -10 -2 -10 -2 -10 -2 -10 -2 -11 -2 -11 -2 -10 -2 -11 -2 -11 -2 -11 0 0 -2 -12 -2 -11 -2 -12 -3 -11 -3 -12 -3 -12 -3 -12 -3 -12 -3 -12 -4 -12 -4 -12 -4 -12 -4 -12 -4 -13 -4 -12 -4 -13 -4 -12 -5 -13 -5 -13 -5 -13 -5 -14 -5 -14 -5 -13 -5 -13 -5 -14 -5 -14 0 0 0 0 0 0 0 0 0 0
1784740918.943612,54727,-44,11,1,7,1,-95,1,640451237,128,0 0 0 0 0 0 0 0 0 0 0 0 6 1 7 2 6 2 7 3 6 3 7 3 7 3 7 4 7 4 6 4 6 4 7 5 7 5 7 5 7 6 6 6 7 6 7 6 7 6 7 6 7 6 7 7 7 6 7 6 7 6 7 7 0 0 8 7 8 7 8 7 8 7 8 6 8 7 8 7 8 7 8 7 9 7 9 7 9 7 9 7 10 7 10 7 10 7 10 7 10 7 11 7 10 7 11 7 11 7 11 7 11 7 11 7 11 7 0 0 0 0 0 0 0 0 0 0
1784740918.959467,54728,-44,11,1,7,1,-95,1,640462672,128,0 0 0 0 0 0 0 0 0 0 0 0 2 -7 3 -7 4 -7 4 -7 4 -7 4 -7 5 -7 5 -7 5 -7 5 -7 5 -7 6 -7 6 -7 6 -7 7 -7 7 -7 7 -7 7 -7 7 -7 7 -7 7 -7 8 -7 7 -8 7 -7 8 -7 7 -8 0 0 8 -8 8 -8 8 -8 8 -8 8 -8 8 -9 8 -9 8 -9 8 -9 8 -10 8 -10 7 -10 8 -10 8 -10 8 -10 8 -11 8 -10 8 -11 8 -11 8 -11 8 -11 8 -12 8 -12 8 -12 8 -12 8 -12 0 0 0 0 0 0 0 0 0 0
1784740918.959467,54729,-44,11,1,7,1,-95,1,640471271,128,0 0 0 0 0 0 0 0 0 0 0 0 -7 1 -8 0 -8 -1 -9 -1 -8 -1 -9 -1 -9 -2 -9 -1 -9 -2 -9 -2 -9 -2 -9 -3 -9 -3 -9 -3 -10 -3 -9 -4 -10 -4 -10 -3 -10 -4 -10 -4 -10 -4 -10 -4 -10 -4 -10 -4 -10 -4 -11 -4 0 0 -11 -4 -11 -4 -11 -5 -11 -4 -11 -4 -11 -4 -11 -4 -12 -4 -12 -4 -12 -3 -12 -3 -13 -3 -13 -4 -13 -3 -13 -4 -14 -4 -13 -4 -14 -4 -14 -3 -14 -3 -14 -3 -15 -4 -14 -3 -14 -4 -14 -3 -15 -4 0 0 0 0 0 0 0 0 0 0
1784740918.975502,54730,-44,11,1,7,1,-95,1,640481631,128,0 0 0 0 0 0 0 0 0 0 0 0 6 4 6 4 5 5 5 5 5 5 5 5 5 6 5 6 6 6 5 7 4 7 5 7 5 7 5 7 5 7 5 8 5 8 5 8 5 8 5 8 6 8 5 8 6 9 5 9 5 9 5 9 0 0 6 9 6 9 6 9 6 9 6 9 7 9 7 8 7 9 7 9 8 9 8 9 8 9 7 9 8 9 8 9 9 10 9 10 9 10 9 9 10 9 10 10 10 9 10 10 9 10 9 10 10 10 0 0 0 0 0 0 0 0 0 0
1784740918.975502,54731,-44,11,1,7,1,-95,1,640491183,128,0 0 0 0 0 0 0 0 0 0 0 0 3 -6 4 -6 5 -6 5 -6 5 -6 6 -6 6 -6 6 -6 6 -6 7 -5 7 -5 7 -5 7 -5 7 -5 7 -5 8 -5 8 -5 8 -5 8 -5 8 -5 8 -5 8 -5 9 -6 9 -5 9 -5 9 -5 0 0 9 -6 9 -6 9 -6 9 -7 9 -6 9 -6 9 -7 9 -7 9 -7 10 -8 9 -8 9 -8 9 -8 10 -8 10 -9 10 -9 10 -9 10 -9 10 -9 10 -9 10 -9 10 -9 11 -9 11 -9 11 -9 11 -10 0 0 0 0 0 0 0 0 0 0
1784740918.991452,54732,-45,11,1,7,1,-95,1,640502710,128,0 0 0 0 0 0 0 0 0 0 0 0 6 2 6 2 6 3 6 3 6 3 6 4 6 4 6 4 6 4 6 5 6 5 6 5 6 5 6 5 6 6 6 6 6 6 7 6 6 6 6 6 6 6 7 6 7 6 6 7 6 7 7 7 0 0 7 7 7 6 7 6 8 7 8 6 8 7 8 6 8 6 8 6 9 7 9 7 9 7 9 7 9 7 10 6 10 6 10 7 11 7 11 7 11 7 11 7 11 6 11 7 11 8 11 7 11 7 0 0 0 0 0 0 0 0 0 0
1784740919.007233,54733,-44,11,1,7,1,-95,1,640511270,128,0 0 0 0 0 0 0 0 0 0 0 0 3 -7 3 -7 4 -7 4 -6 5 -6 5 -6 5 -6 5 -7 6 -6 6 -6 6 -6 7 -6 7 -6 7 -6 7 -6 7 -6 7 -6 8 -6 8 -6 8 -6 8 -6 8 -6 8 -7 8 -6 8 -6 8 -7 0 0 8 -7 8 -7 8 -7 8 -8 8 -7 8 -8 8 -8 8 -8 8 -8 9 -9 8 -9 8 -9 9 -9 8 -9 9 -10 9 -10 9 -10 9 -10 9 -10 9 -11 9 -11 9 -11 10 -11 10 -11 10 -11 10 -11 0 0 0 0 0 0 0 0 0 0
1784740919.039074,54734,-44,11,1,6,1,-95,1,640528170,128,0 0 0 0 0 0 0 0 0 0 0 0 -7 -3 -7 -4 -7 -4 -7 -5 -7 -5 -7 -5 -7 -6 -7 -6 -7 -6 -7 -6 -7 -6 -7 -6 -7 -7 -7 -7 -7 -7 -7 -8 -7 -8 -7 -8 -7 -8 -7 -8 -7 -8 -7 -8 -7 -8 -7 -8 -7 -8 -7 -8 0 0 -7 -9 -8 -9 -7 -9 -8 -9 -8 -8 -8 -9 -8 -9 -8 -9 -8 -9 -9 -9 -9 -9 -9 -9 -10 -9 -10 -9 -9 -9 -10 -10 -10 -9 -10 -9 -10 -10 -10 -10 -11 -10 -10 -10 -10 -9 -11 -10 -11 -10 -11 -10 0 0 0 0 0 0 0 0 0 0
1784740919.039074,54735,-45,11,1,7,1,-95,1,640549883,128,0 0 0 0 0 0 0 0 0 0 0 0 -5 -6 -5 -6 -4 -7 -4 -7 -4 -8 -4 -8 -4 -8 -4 -8 -4 -8 -3 -9 -3 -9 -2 -9 -2 -9 -2 -9 -2 -9 -2 -10 -3 -9 -3 -10 -2 -10 -2 -10 -3 -10 -3 -10 -2 -10 -2 -10 -2 -10 -3 -10 0 0 -3 -11 -3 -11 -3 -10 -4 -11 -4 -10 -4 -11 -4 -11 -4 -11 -5 -11 -5 -12 -5 -12 -5 -11 -5 -11 -5 -12 -6 -12 -6 -12 -6 -13 -6 -12 -6 -12 -7 -12 -7 -12 -7 -12 -6 -13 -6 -13 -6 -13 -6 -13 0 0 0 0 0 0 0 0 0 0
1784740919.039074,54736,-44,11,1,7,1,-95,1,640551268,128,0 0 0 0 0 0 0 0 0 0 0 0 -5 5 -6 5 -6 5 -7 4 -7 4 -7 4 -8 4 -8 4 -8 4 -8 4 -9 4 -9 4 -9 3 -9 3 -9 3 -9 3 -10 3 -9 3 -10 3 -10 3 -10 3 -10 3 -10 4 -10 3 -10 4 -10 4 0 0 -10 4 -10 4 -10 4 -10 4 -10 5 -11 5 -10 5 -11 5 -11 5 -11 6 -11 6 -11 6 -11 6 -11 6 -11 7 -12 7 -11 7 -12 7 -12 7 -12 8 -12 8 -12 8 -12 7 -12 7 -12 8 -12 8 0 0 0 0 0 0 0 0 0 0
1784740919.055137,54737,-44,11,1,7,1,-95,1,640561168,128,0 0 0 0 0 0 0 0 0 0 0 0 -5 -6 -5 -6 -5 -7 -5 -7 -5 -7 -5 -8 -4 -8 -4 -8 -4 -8 -4 -8 -4 -9 -4 -9 -4 -9 -4 -9 -4 -10 -3 -10 -3 -10 -3 -9 -3 -10 -3 -10 -3 -10 -3 -10 -4 -10 -4 -10 -4 -10 -4 -10 0 0 -4 -11 -4 -11 -4 -11 -4 -10 -5 -10 -5 -11 -5 -11 -5 -11 -5 -11 -6 -11 -6 -11 -7 -11 -6 -11 -7 -12 -7 -11 -7 -12 -7 -12 -7 -12 -7 -12 -7 -12 -7 -12 -7 -12 -7 -12 -8 -12 -8 -12 -8 -13 0 0 0 0 0 0 0 0 0 0
1784740919.055137,54738,-45,11,1,7,1,-95,1,640571157,128,0 0 0 0 0 0 0 0 0 0 0 0 -6 -5 -6 -6 -6 -7 -5 -7 -6 -7 -5 -7 -6 -7 -6 -8 -6 -8 -5 -9 -4 -9 -5 -9 -5 -9 -4 -9 -5 -9 -5 -9 -5 -9 -5 -10 -5 -9 -5 -9 -5 -9 -5 -9 -5 -10 -5 -10 -5 -10 -5 -10 0 0 -6 -9 -6 -10 -6 -9 -7 -10 -6 -9 -7 -10 -7 -9 -8 -10 -8 -9 -9 -11 -8 -10 -8 -10 -8 -10 -8 -10 -10 -10 -9 -10 -10 -11 -10 -10 -10 -10 -11 -10 -10 -10 -11 -10 -11 -11 -10 -11 -10 -11 -10 -11 0 0 0 0 0 0 0 0 0 0
1784740919.075133,54739,-44,11,1,7,1,-95,1,640582824,128,0 0 0 0 0 0 0 0 0 0 0 0 -4 6 -4 6 -5 6 -5 5 -5 6 -6 5 -6 6 -7 5 -7 5 -7 5 -7 5 -8 5 -8 5 -8 5 -8 5 -8 5 -8 5 -8 5 -8 5 -9 5 -9 5 -9 5 -9 5 -9 5 -9 5 -9 5 0 0 -9 6 -9 6 -9 6 -9 7 -9 7 -9 7 -9 7 -9 7 -9 7 -9 8 -9 8 -9 8 -9 8 -9 8 -9 9 -9 9 -10 9 -9 9 -9 9 -9 10 -10 9 -9 10 -10 10 -10 10 -10 10 -10 10 0 0 0 0 0 0 0 0 0 0
1784740919.087077,54740,-44,11,1,7,1,-95,1,640591258,128,0 0 0 0 0 0 0 0 0 0 0 0 -8 0 -8 -1 -8 -1 -8 -2 -8 -2 -8 -2 -8 -2 -9 -2 -9 -3 -9 -3 -9 -3 -9 -3 -9 -4 -9 -4 -9 -4 -9 -4 -9 -5 -9 -4 -10 -5 -9 -5 -10 -5 -10 -5 -10 -4 -10 -5 -10 -5 -10 -5 0 0 -10 -5 -10 -5 -11 -5 -10 -5 -11 -4 -11 -5 -11 -4 -12 -4 -12 -5 -12 -4 -12 -4 -12 -4 -13 -4 -13 -4 -13 -4 -13 -5 -13 -4 -14 -4 -14 -4 -14 -4 -14 -4 -14 -4 -14 -4 -14 -4 -14 -4 -15 -4 0 0 0 0 0 0 0 0 0 0
1784740919.087077,54741,-45,11,1,7,1,-95,1,640604229,128,0 0 0 0 0 0 0 0 0 0 0 0 -6 -4 -6 -5 -6 -5 -6 -6 -6 -6 -6 -6 -6 -6 -6 -6 -6 -7 -5 -7 -5 -7 -5 -8 -5 -8 -5 -8 -5 -8 -5 -8 -5 -8 -6 -9 -5 -8 -6 -8 -6 -9 -6 -9 -6 -9 -5 -9 -5 -9 -6 -9 0 0 -6 -9 -6 -9 -6 -9 -7 -10 -7 -9 -7 -9 -7 -9 -8 -9 -8 -9 -8 -10 -8 -10 -8 -10 -8 -10 -8 -10 -10 -10 -9 -10 -10 -11 -9 -10 -10 -10 -10 -10 -10 -10 -10 -10 -10 -11 -10 -11 -10 -11 -10 -11 0 0 0 0 0 0 0 0 0 0
1784740919.102894,54742,-45,11,1,7,1,-95,1,640611553,128,0 0 0 0 0 0 0 0 0 0 0 0 -7 -3 -8 -3 -7 -4 -7 -4 -7 -4 -7 -5 -7 -5 -7 -5 -7 -5 -7 -5 -7 -6 -7 -6 -7 -6 -7 -7 -7 -7 -7 -7 -7 -7 -8 -7 -8 -7 -8 -7 -8 -7 -8 -7 -8 -7 -8 -7 -8 -7 -8 -7 0 0 -9 -7 -9 -7 -9 -7 -9 -7 -9 -7 -9 -7 -10 -7 -10 -7 -10 -7 -11 -7 -11 -7 -11 -7 -11 -6 -12 -7 -12 -6 -12 -7 -12 -7 -12 -7 -12 -7 -13 -7 -13 -7 -13 -7 -13 -7 -13 -7 -14 -7 -13 -7 0 0 0 0 0 0 0 0 0 0
1784740919.117396,54743,-45,11,1,7,1,-95,1,640621117,128,0 0 0 0 0 0 0 0 0 0 0 0 -1 7 -2 7 -2 7 -3 7 -3 7 -3 7 -3 7 -4 7 -4 7 -4 7 -4 7 -4 7 -5 7 -5 7 -5 8 -5 7 -6 7 -6 8 -6 8 -6 7 -6 8 -6 7 -5 8 -6 8 -6 8 -6 8 0 0 -6 9 -6 8 -6 8 -6 8 -6 9 -6 9 -6 9 -5 10 -6 9 -5 10 -6 10 -5 10 -6 11 -6 11 -6 11 -6 11 -5 11 -6 12 -5 12 -6 12 -6 12 -6 12 -5 12 -6 12 -6 12 -6 13 0 0 0 0 0 0 0 0 0 0
1784740919.121011,54744,-45,11,1,7,1,-95,1,640631256,128,0 0 0 0 0 0 0 0 0 0 0 0 6 -4 7 -3 7 -3 7 -2 8 -3 8 -2 8 -2 8 -2 8 -2 9 -1 9 -1 9 -1 9 0 9 -1 9 0 9 -1 9 -1 10 -1 9 -1 9 0 10 0 10 -1 10 -1 10 0 10 0 10 0 0 0 10 -1 10 -1 10 -1 10 -2 11 -2 11 -2 11 -2 11 -2 11 -2 12 -2 12 -2 12 -3 11 -3 11 -3 12 -4 12 -4 12 -3 12 -4 12 -4 13 -4 13 -4 13 -5 13 -4 14 -4 13 -4 13 -4 0 0 0 0 0 0 0 0 0 0
1784740919.134945,54745,-45,11,1,7,1,-95,1,640641106,128,0 0 0 0 0 0 0 0 0 0 0 0 -4 6 -4 6 -5 6 -5 6 -5 6 -6 6 -5 6 -6 6 -6 6 -6 6 -7 6 -7 6 -8 6 -8 6 -8 6 -8 6 -8 6 -8 6 -8 6 -8 6 -8 7 -8 6 -8 6 -8 6 -8 6 -8 6 0 0 -8 7 -8 7 -9 7 -8 7 -8 7 -8 8 -8 8 -8 8 -8 8 -8 9 -8 8 -8 9 -9 9 -9 9 -8 9 -9 10 -8 10 -8 10 -8 10 -9 11 -8 11 -9 11 -8 11 -9 10 -9 11 -9 11 0 0 0 0 0 0 0 0 0 0
1784740919.150896,54746,-44,11,1,7,1,-95,1,640651241,128,0 0 0 0 0 0 0 0 0 0 0 0 -7 3 -7 3 -8 2 -8 2 -8 2 -8 2 -9 2 -9 1 -9 1 -9 1 -9 1 -10 1 -10 0 -10 0 -10 0 -10 0 -10 0 -10 0 -10 0 -10 0 -10 0 -11 0 -11 0 -11 0 -11 0 -11 0 0 0 -11 0 -12 0 -11 0 -12 1 -11 1 -12 1 -12 1 -12 1 -12 1 -13 2 -12 2 -12 2 -13 2 -13 2 -13 3 -13 3 -13 2 -14 3 -14 3 -14 3 -14 3 -14 3 -14 3 -14 3 -14 3 -15 3 0 0 0 0 0 0 0 0 0 0
1784740919.159066,54747,-44,11,1,7,1,-95,1,640661316,128,0 0 0 0 0 0 0 0 0 0 0 0 -3 6 -4 7 -4 7 -4 6 -5 7 -5 6 -5 6 -5 6 -6 6 -6 6 -6 6 -7 6 -7 6 -7 6 -7 6 -7 6 -7 6 -7 6 -8 6 -8 6 -7 6 -8 7 -8 7 -8 7 -8 6 -8 7 0 0 -8 7 -8 7 -8 7 -8 8 -8 8 -8 8 -8 8 -8 9 -8 8 -8 9 -8 9 -8 9 -8 9 -8 9 -8 10 -8 10 -8 10 -8 11 -8 11 -8 11 -8 11 -8 11 -9 11 -9 11 -9 11 -9 11 0 0 0 0 0 0 0 0 0 0
1784740919.166664,54748,-45,11,1,7,1,-95,1,640671199,128,0 0 0 0 0 0 0 0 0 0 0 0 7 -1 7 -1 7 0 8 0 8 1 8 1 8 1 8 1 8 2 8 2 8 2 8 2 8 3 8 3 9 2 9 3 9 3 9 3 9 3 9 3 9 3 9 3 9 3 9 3 9 3 10 3 0 0 10 3 10 3 10 3 10 3 10 2 10 2 11 2 11 2 11 2 12 2 12 2 12 1 12 1 12 1 12 1 13 1 13 1 13 1 13 1 14 1 14 1 14 1 14 1 14 1 14 0 14 1 0 0 0 0 0 0 0 0 0 0
1784740919.182334,54749,-44,11,1,7,1,-95,1,640681233,128,0 0 0 0 0 0 0 0 0 0 0 0 -4 6 -5 5 -6 5 -5 5 -6 5 -6 5 -6 5 -7 5 -7 5 -7 5 -7 5 -7 4 -8 4 -8 4 -8 4 -9 4 -8 4 -9 5 -8 4 -9 4 -9 4 -9 4 -9 5 -9 4 -9 5 -9 5 0 0 -9 5 -10 5 -9 5 -10 6 -9 5 -10 6 -10 6 -10 6 -10 6 -10 7 -10 7 -10 7 -10 7 -10 7 -11 8 -10 7 -11 8 -11 7 -11 8 -11 8 -11 8 -11 8 -12 8 -11 8 -11 8 -11 8 0 0 0 0 0 0 0 0 0 0
1784740919.186344,54750,-45,11,1,7,1,-95,1,640692359,128,0 0 0 0 0 0 0 0 0 0 0 0 -2 7 -3 7 -3 7 -4 7 -4 6 -4 7 -5 6 -5 7 -5 6 -5 6 -5 6 -5 7 -6 7 -6 7 -6 7 -6 6 -6 7 -6 7 -6 7 -7 7 -6 7 -7 7 -6 7 -6 7 -6 7 -6 8 0 0 -7 8 -7 8 -7 8 -6 8 -6 8 -6 9 -7 9 -7 9 -7 9 -6 10 -6 10 -6 10 -6 11 -7 11 -7 11 -7 11 -7 11 -7 12 -7 11 -7 12 -7 12 -7 12 -7 12 -7 12 -7 12 -7 12 0 0 0 0 0 0 0 0 0 0
1784740919.200319,54751,-45,11,1,7,1,-95,1,640701165,128,0 0 0 0 0 0 0 0 0 0 0 0 6 2 6 3 6 4 6 4 6 4 6 4 6 5 6 5 5 5 5 5 6 5 6 6 6 6 5 6 6 6 5 6 5 7 5 6 6 7 5 7 6 7 5 7 6 6 6 7 6 7 6 7 0 0 7 7 6 7 7 8 7 7 7 7 7 7 7 7 8 7 8 8 8 7 8 7 9 7 9 8 9 8 9 8 9 9 9 8 9 8 10 9 10 9 10 9 10 9 10 8 10 9 10 9 10 9 0 0 0 0 0 0 0 0 0 0
1784740919.200319,54752,-45,11,1,7,1,-95,1,640711702,128,0 0 0 0 0 0 0 0 0 0 0 0 -4 6 -4 7 -5 6 -5 6 -5 6 -6 6 -6 6 -6 6 -6 6 -6 5 -7 6 -7 6 -7 6 -7 5 -7 6 -7 5 -8 6 -7 6 -8 6 -7 6 -7 6 -8 6 -7 6 -8 6 -7 6 -8 6 0 0 -8 7 -7 7 -8 7 -7 7 -7 8 -7 8 -8 8 -8 8 -8 8 -7 9 -8 9 -7 10 -8 9 -8 10 -8 10 -8 11 -8 10 -8 11 -8 11 -8 11 -8 11 -8 11 -8 11 -8 11 -8 11 -9 12 0 0 0 0 0 0 0 0 0 0
1784740919.217568,54753,-45,11,1,7,1,-95,1,640721236,128,0 0 0 0 0 0 0 0 0 0 0 0 -8 2 -8 2 -8 1 -9 1 -9 1 -9 1 -9 1 -9 0 -9 0 -9 0 -10 0 -10 -1 -9 -1 -10 -1 -10 -1 -9 -1 -10 -1 -10 -1 -10 -1 -10 -1 -10 -1 -10 -1 -10 -1 -10 -1 -10 -1 -11 -1 0 0 -11 0 -11 0 -11 0 -11 0 -11 1 -11 1 -11 1 -12 1 -12 1 -12 2 -12 1 -12 2 -13 2 -13 2 -13 2 -14 2 -13 2 -14 2 -13 3 -14 3 -14 3 -14 3 -14 3 -14 3 -14 3 -15 3 0 0 0 0 0 0 0 0 0 0
1784740919.217568,54754,-45,11,1,7,1,-95,1,640731242,128,0 0 0 0 0 0 0 0 0 0 0 0 7 1 8 1 7 2 7 2 7 3 7 3 7 3 7 3 7 4 7 4 7 4 7 4 7 5 7 5 8 5 7 5 7 6 7 5 7 5 7 5 7 6 7 5 7 5 8 5 8 5 8 6 0 0 8 6 8 6 8 6 8 5 9 6 9 5 9 5 9 5 9 6 10 5 10 5 10 5 10 6 11 5 10 6 11 6 10 5 11 6 11 6 11 6 12 6 12 6 11 5 12 6 12 6 13 6 0 0 0 0 0 0 0 0 0 0
1784740919.231735,54755,-45,11,1,7,1,-95,1,640741102,128,0 0 0 0 0 0 0 0 0 0 0 0 -5 -6 -5 -6 -5 -7 -5 -7 -5 -7 -5 -8 -5 -8 -4 -8 -4 -8 -4 -8 -4 -9 -3 -9 -3 -9 -3 -9 -4 -9 -3 -9 -4 -10 -3 -9 -3 -10 -4 -10 -4 -10 -4 -10 -3 -10 -3 -10 -3 -10 -3 -10 0 0 -4 -11 -4 -10 -4 -11 -4 -11 -5 -11 -5 -11 -5 -11 -5 -11 -5 -11 -5 -12 -5 -12 -5 -12 -5 -12 -6 -12 -6 -12 -6 -13 -6 -12 -7 -13 -7 -12 -7 -12 -7 -13 -7 -13 -6 -13 -6 -13 -6 -13 -7 -14 0 0 0 0 0 0 0 0 0 0
1784740919.246436,54756,-42,11,1,7,0,-95,1,640751328,128,0 0 0 0 0 0 0 0 0 0 0 0 2 6 2 7 1 7 1 7 1 7 0 7 0 8 0 8 0 8 -1 8 -1 8 -1 8 -1 8 -1 8 -1 8 -1 9 -1 9 -1 9 -1 9 -1 9 -1 9 -1 9 -1 9 -1 9 -1 9 -1 9 0 0 -1 10 -1 10 -1 10 -1 10 -1 10 0 11 0 11 0 11 0 11 0 11 0 12 0 11 0 12 0 12 1 12 0 12 1 12 1 12 1 13 1 13 1 13 1 13 1 13 1 13 1 13 1 13 0 0 0 0 0 0 0 0 0 0
1784740919.246436,54757,-45,11,1,7,1,-95,1,640761297,128,0 0 0 0 0 0 0 0 0 0 0 0 5 -7 5 -6 6 -6 6 -5 6 -5 7 -5 7 -5 7 -5 7 -4 7 -5 8 -5 8 -5 8 -4 8 -4 8 -4 9 -3 9 -4 8 -4 8 -4 9 -4 9 -4 9 -4 9 -4 9 -4 9 -4 9 -5 0 0 9 -4 10 -5 9 -5 9 -5 9 -5 10 -5 10 -5 10 -6 10 -6 10 -6 10 -6 10 -7 10 -7 11 -7 11 -7 11 -7 11 -7 11 -7 11 -7 12 -7 12 -8 12 -7 11 -7 12 -8 12 -7 12 -8 0 0 0 0 0 0 0 0 0 0
1784740919.262407,54758,-45,11,1,7,1,-95,1,640771108,128,0 0 0 0 0 0 0 0 0 0 0 0 -8 1 -8 0 -8 0 -9 -1 -9 -1 -9 -1 -9 -2 -9 -2 -9 -2 -9 -2 -9 -3 -9 -3 -9 -3 -9 -3 -10 -3 -9 -3 -10 -4 -9 -3 -10 -4 -9 -4 -9 -4 -10 -4 -10 -3 -10 -4 -10 -4 -10 -4 0 0 -10 -3 -10 -3 -11 -3 -11 -3 -11 -3 -11 -3 -11 -3 -11 -3 -11 -3 -12 -2 -12 -2 -12 -2 -12 -2 -13 -2 -13 -2 -13 -2 -13 -2 -13 -2 -13 -2 -14 -2 -14 -2 -14 -2 -14 -2 -14 -2 -14 -2 -14 -2 0 0 0 0 0 0 0 0 0 0
1784740919.262407,54759,-44,11,1,7,1,-95,1,640781130,128,0 0 0 0 0 0 0 0 0 0 0 0 -3 -8 -2 -8 -2 -9 -1 -9 -1 -9 -1 -9 0 -9 0 -9 0 -10 0 -10 0 -9 0 -10 1 -10 1 -10 1 -10 1 -10 2 -10 2 -10 2 -10 2 -10 2 -10 2 -11 2 -11 2 -10 1 -10 1 -11 0 0 2 -11 2 -11 2 -11 2 -11 1 -11 1 -12 1 -12 1 -12 1 -12 1 -13 0 -13 0 -13 1 -13 0 -13 0 -13 1 -14 1 -13 0 -14 0 -14 0 -14 0 -14 0 -14 0 -14 0 -14 0 -14 0 -15 0 0 0 0 0 0 0 0 0 0
1784740919.310133,54760,-44,11,1,7,1,-95,1,640791205,128,0 0 0 0 0 0 0 0 0 0 0 0 0 -8 1 -8 2 -8 2 -8 2 -8 2 -8 3 -8 3 -8 3 -8 3 -8 4 -8 4 -8 4 -9 4 -8 4 -9 5 -9 5 -9 5 -9 5 -9 5 -9 5 -9 5 -9 5 -9 5 -9 5 -9 5 -10 0 0 5 -10 5 -10 5 -10 5 -10 5 -10 5 -10 5 -11 5 -11 5 -11 5 -12 5 -12 4 -12 4 -12 5 -12 4 -13 4 -13 5 -13 4 -13 4 -13 4 -14 4 -14 4 -14 4 -14 5 -14 5 -14 4 -14 0 0 0 0 0 0 0 0 0 0
1784740919.317658,54761,-45,11,1,7,1,-95,1,640820061,128,0 0 0 0 0 0 0 0 0 0 0 0 -2 -8 -2 -8 -2 -8 -1 -9 -1 -9 -1 -9 0 -9 0 -9 0 -9 0 -9 0 -9 1 -10 1 -10 1 -10 1 -10 2 -10 2 -10 2 -10 2 -10 2 -10 1 -10 2 -10 1 -10 2 -10 2 -10 2 -11 0 0 1 -11 1 -11 2 -11 1 -11 1 -11 1 -11 1 -11 0 -11 1 -12 0 -12 0 -12 0 -12 0 -12 0 -13 0 -13 0 -13 0 -13 0 -13 -1 -13 -1 -13 -1 -14 -1 -14 -1 -13 0 -14 -1 -14 -1 -14 0 0 0 0 0 0 0 0 0 0
1784740919.317658,54762,-45,11,1,7,1,-95,1,640822028,128,0 0 0 0 0 0 0 0 0 0 0 0 2 -8 3 -8 3 -8 4 -8 4 -7 5 -8 5 -7 5 -7 5 -7 5 -7 6 -8 6 -7 6 -7 6 -7 7 -7 7 -7 7 -7 7 -7 7 -7 7 -7 7 -7 7 -7 7 -7 7 -7 7 -7 7 -8 0 0 7 -8 7 -8 7 -8 7 -8 7 -9 7 -9 7 -9 7 -9 7 -9 7 -10 7 -10 7 -10 7 -10 7 -11 6 -10 7 -11 7 -11 7 -12 7 -11 7 -12 7 -12 7 -12 7 -11 7 -12 7 -12 7 -12 0 0 0 0 0 0 0 0 0 0
1784740919.317658,54763,-45,11,1,7,1,-95,1,640822499,128,0 0 0 0 0 0 0 0 0 0 0 0 -3 7 -3 7 -4 7 -4 7 -5 7 -5 7 -5 7 -6 7 -6 7 -6 7 -6 7 -7 7 -7 6 -7 7 -7 7 -7 6 -7 7 -8 7 -8 7 -8 6 -8 7 -8 7 -8 7 -7 7 -8 7 -8 7 0 0 -8 7 -7 7 -8 8 -7 8 -7 8 -7 8 -7 8 -7 9 -7 9 -7 9 -7 9 -7 10 -7 10 -7 10 -7 10 -7 11 -7 10 -7 11 -7 11 -7 11 -7 11 -7 12 -7 11 -7 11 -7 12 -7 12 0 0 0 0 0 0 0 0 0 0
1784740919.325890,54764,-45,11,1,7,1,-95,1,640831177,128,0 0 0 0 0 0 0 0 0 0 0 0 -8 -3 -8 -4 -8 -4 -8 -5 -8 -5 -8 -5 -8 -5 -8 -6 -8 -6 -8 -6 -8 -7 -8 -7 -8 -7 -7 -7 -8 -7 -8 -8 -8 -8 -8 -8 -8 -8 -8 -8 -8 -8 -8 -8 -8 -8 -7 -8 -8 -8 -8 -8 0 0 -8 -8 -8 -8 -9 -8 -9 -8 -9 -8 -9 -8 -9 -8 -10 -8 -10 -8 -10 -8 -10 -8 -10 -8 -10 -8 -11 -8 -11 -8 -11 -8 -11 -8 -12 -8 -12 -8 -12 -8 -12 -8 -12 -8 -12 -8 -12 -8 -12 -8 -12 -8 0 0 0 0 0 0 0 0 0 0
1784740919.341686,54765,-45,11,1,7,1,-95,1,640848720,128,0 0 0 0 0 0 0 0 0 0 0 0 -3 -8 -3 -8 -2 -9 -2 -9 -1 -9 -1 -9 -1 -9 -1 -10 -1 -10 -1 -10 0 -10 0 -10 0 -10 0 -10 1 -10 0 -11 0 -11 1 -11 1 -11 1 -11 1 -11 1 -11 1 -11 1 -11 1 -11 1 -12 0 0 1 -12 0 -12 1 -12 0 -12 0 -12 0 -12 0 -12 0 -12 0 -13 -1 -13 0 -13 -1 -13 -1 -13 -1 -14 -1 -14 -1 -14 -1 -14 -1 -14 -1 -14 -2 -14 -1 -14 -2 -15 -1 -14 -1 -14 -1 -15 -1 -15 0 0 0 0 0 0 0 0 0 0
1784740919.341686,54766,-44,11,1,7,1,-95,1,640851215,128,0 0 0 0 0 0 0 0 0 0 0 0 -4 -8 -3 -8 -3 -8 -2 -8 -2 -9 -2 -9 -2 -9 -2 -9 -2 -9 -1 -10 -1 -10 -1 -10 -1 -10 0 -10 -1 -10 -1 -10 -1 -10 -1 -11 -1 -11 -1 -11 -1 -11 -1 -11 -1 -11 0 -11 0 -11 0 -11 0 0 -1 -11 -1 -11 -1 -11 -2 -12 -2 -11 -2 -12 -2 -12 -2 -12 -2 -12 -3 -13 -3 -13 -3 -12 -3 -13 -3 -12 -4 -13 -4 -13 -3 -13 -4 -14 -4 -13 -5 -13 -4 -14 -4 -13 -4 -14 -4 -14 -4 -14 -4 -14 0 0 0 0 0 0 0 0 0 0
1784740919.454855,54767,-44,11,1,7,1,-95,1,640952745,128,0 0 0 0 0 0 0 0 0 0 0 0 7 1 7 2 7 2 7 3 7 3 7 3 7 4 7 4 7 4 7 5 7 5 7 5 7 5 7 5 7 5 8 6 7 5 8 6 7 6 8 6 8 6 8 6 8 6 7 6 7 6 8 6 0 0 8 6 9 6 8 6 9 6 9 6 9 6 9 6 9 6 9 6 10 6 10 6 10 6 10 6 10 5 11 5 10 5 11 6 11 6 11 6 11 6 11 6 12 5 12 6 11 6 11 6 11 6 0 0 0 0 0 0 0 0 0 0
1784740919.454855,54768,-45,11,1,7,1,-95,1,640954792,128,0 0 0 0 0 0 0 0 0 0 0 0 -7 -6 -6 -6 -6 -7 -6 -7 -5 -7 -5 -8 -5 -8 -5 -8 -5 -8 -5 -8 -5 -8 -5 -9 -5 -9 -5 -9 -5 -10 -4 -10 -5 -10 -5 -10 -5 -10 -5 -10 -4 -10 -4 -10 -5 -10 -5 -10 -5 -10 -5 -10 0 0 -5 -11 -5 -10 -5 -11 -5 -10 -6 -10 -6 -11 -6 -10 -6 -11 -6 -11 -7 -11 -7 -11 -7 -11 -7 -11 -8 -11 -7 -11 -8 -11 -8 -11 -8 -11 -8 -11 -8 -11 -9 -11 -9 -12 -8 -11 -9 -11 -9 -11 -9 -11 0 0 0 0 0 0 0 0 0 0
1784740919.454855,54769,-44,11,1,7,1,-95,1,640957335,128,0 0 0 0 0 0 0 0 0 0 0 0 -5 -6 -5 -7 -5 -7 -4 -8 -4 -8 -4 -8 -4 -8 -4 -8 -4 -8 -4 -9 -4 -9 -4 -9 -3 -9 -3 -10 -3 -10 -3 -10 -3 -10 -3 -10 -3 -10 -3 -11 -3 -10 -3 -11 -3 -11 -3 -11 -3 -11 -3 -11 0 0 -4 -11 -4 -11 -3 -11 -4 -11 -4 -11 -4 -11 -4 -11 -5 -11 -5 -11 -5 -12 -5 -12 -6 -11 -5 -12 -6 -12 -6 -12 -6 -12 -6 -12 -6 -13 -7 -12 -7 -12 -7 -12 -7 -12 -7 -13 -6 -13 -7 -13 -7 -13 0 0 0 0 0 0 0 0 0 0
1784740919.454855,54770,-44,11,1,7,1,-95,1,640958707,128,0 0 0 0 0 0 0 0 0 0 0 0 -6 4 -7 4 -7 4 -8 4 -8 3 -9 3 -8 3 -9 3 -9 3 -9 3 -9 3 -10 3 -9 2 -10 2 -10 2 -10 2 -11 2 -10 2 -11 2 -11 2 -11 2 -11 2 -11 2 -11 2 -11 2 -11 2 0 0 -12 2 -11 2 -12 2 -11 2 -12 3 -12 3 -12 3 -12 3 -12 3 -12 4 -12 4 -12 4 -13 4 -13 4 -12 4 -13 4 -12 4 -13 5 -13 5 -13 5 -13 5 -14 5 -13 5 -13 5 -14 5 -14 5 0 0 0 0 0 0 0 0 0 0
1784740919.454855,54771,-45,11,1,7,1,-95,1,640961333,128,0 0 0 0 0 0 0 0 0 0 0 0 -4 -7 -4 -7 -4 -8 -3 -8 -3 -9 -3 -8 -3 -9 -3 -9 -3 -9 -2 -10 -2 -10 -2 -10 -2 -10 -2 -10 -2 -10 -2 -10 -2 -10 -2 -11 -2 -10 -2 -11 -2 -11 -2 -11 -2 -11 -2 -11 -2 -11 -2 -11 0 0 -2 -11 -3 -12 -2 -11 -3 -12 -3 -12 -3 -12 -4 -11 -4 -12 -4 -12 -4 -13 -4 -12 -4 -12 -4 -12 -4 -12 -5 -13 -5 -13 -5 -13 -5 -13 -5 -13 -6 -13 -6 -13 -6 -13 -6 -14 -6 -14 -5 -14 -6 -13 0 0 0 0 0 0 0 0 0 0
1784740919.454855,54772,-45,11,1,7,1,-95,1,640971188,128,0 0 0 0 0 0 0 0 0 0 0 0 -6 -6 -5 -7 -5 -7 -5 -7 -4 -7 -4 -8 -4 -8 -4 -8 -4 -8 -4 -9 -4 -9 -4 -9 -3 -9 -3 -9 -3 -9 -3 -10 -3 -10 -3 -10 -3 -10 -3 -10 -3 -10 -3 -10 -3 -10 -3 -10 -3 -10 -4 -11 0 0 -4 -11 -4 -11 -4 -11 -4 -11 -4 -11 -4 -11 -5 -11 -5 -11 -5 -11 -5 -12 -5 -11 -6 -12 -6 -12 -6 -12 -6 -12 -6 -12 -6 -12 -6 -12 -6 -13 -7 -13 -7 -13 -7 -13 -7 -13 -6 -13 -7 -13 -7 -14 0 0 0 0 0 0 0 0 0 0
1784740919.469812,54773,-45,11,1,7,1,-95,1,640981178,128,0 0 0 0 0 0 0 0 0 0 0 0 -7 -3 -8 -4 -7 -4 -7 -5 -7 -5 -7 -5 -7 -5 -7 -6 -7 -6 -7 -5 -7 -6 -8 -6 -7 -6 -8 -7 -7 -7 -7 -7 -7 -7 -7 -7 -8 -7 -7 -8 -8 -7 -7 -8 -8 -7 -8 -7 -8 -7 -8 -7 0 0 -8 -8 -8 -7 -8 -8 -9 -7 -9 -7 -9 -7 -9 -7 -10 -8 -9 -8 -10 -7 -11 -7 -11 -7 -11 -7 -11 -8 -11 -8 -11 -8 -11 -7 -12 -8 -12 -8 -12 -8 -12 -8 -12 -8 -12 -8 -12 -8 -13 -8 -13 -8 0 0 0 0 0 0 0 0 0 0
1784740919.488209,54774,-45,11,1,7,1,-95,1,640991111,128,0 0 0 0 0 0 0 0 0 0 0 0 -1 7 -2 7 -3 7 -3 7 -3 8 -3 7 -3 8 -4 7 -4 8 -4 8 -5 7 -5 8 -5 8 -5 7 -5 8 -5 8 -5 8 -5 8 -5 8 -5 8 -5 8 -5 8 -6 8 -6 8 -5 8 -6 8 0 0 -5 9 -5 9 -5 9 -5 10 -5 10 -5 10 -4 10 -4 10 -4 10 -5 11 -4 11 -4 11 -4 11 -4 11 -4 12 -4 12 -4 12 -4 12 -3 12 -3 13 -3 13 -3 13 -4 13 -4 13 -4 13 -4 13 0 0 0 0 0 0 0 0 0 0
1784740919.489913,54775,-45,11,1,7,1,-95,1,641001223,128,0 0 0 0 0 0 0 0 0 0 0 0 -1 8 -1 8 -2 8 -2 8 -3 8 -3 8 -3 8 -3 8 -4 8 -4 8 -4 8 -4 8 -4 8 -5 8 -5 9 -5 8 -5 9 -5 8 -5 9 -5 8 -5 8 -5 8 -5 8 -5 8 -5 9 -5 9 0 0 -5 9 -5 9 -5 9 -5 9 -4 10 -4 9 -4 10 -4 10 -4 10 -4 11 -4 11 -3 11 -4 11 -4 12 -3 11 -4 12 -4 11 -4 12 -3 12 -4 12 -3 13 -3 13 -3 12 -4 12 -4 13 -4 13 0 0 0 0 0 0 0 0 0 0
1784740919.501910,54776,-44,11,1,7,1,-95,1,641011145,128,0 0 0 0 0 0 0 0 0 0 0 0 -2 -9 -1 -9 0 -9 0 -10 1 -9 1 -10 1 -10 2 -10 2 -10 1 -10 2 -10 2 -10 2 -10 3 -10 3 -11 4 -10 4 -10 4 -10 4 -10 4 -10 4 -10 4 -10 4 -10 4 -10 3 -10 4 -11 0 0 4 -11 4 -10 4 -11 3 -10 3 -11 3 -11 3 -11 3 -11 3 -12 2 -12 3 -12 2 -12 2 -13 3 -13 2 -12 3 -13 2 -12 2 -14 3 -13 3 -14 2 -14 3 -14 2 -13 2 -14 2 -14 2 -15 0 0 0 0 0 0 0 0 0 0
1784740919.517781,54777,-44,11,1,7,1,-95,1,641021213,128,0 0 0 0 0 0 0 0 0 0 0 0 -8 3 -8 2 -9 2 -9 1 -9 1 -9 1 -10 1 -9 1 -10 1 -10 0 -10 0 -10 0 -10 -1 -10 -1 -10 0 -11 -1 -11 0 -11 -1 -11 -1 -11 -1 -11 -1 -11 -1 -11 -1 -11 -1 -11 -1 -11 -1 0 0 -11 -1 -11 0 -11 0 -12 0 -11 0 -12 0 -11 1 -12 1 -11 1 -13 2 -12 1 -12 2 -12 2 -12 2 -13 3 -13 3 -13 3 -13 3 -13 3 -13 3 -13 3 -13 4 -14 3 -14 3 -13 3 -13 3 0 0 0 0 0 0 0 0 0 0
1784740919.518390,54778,-44,11,1,7,1,-95,1,641031196,128,0 0 0 0 0 0 0 0 0 0 0 0 6 -5 7 -5 7 -4 7 -4 7 -3 8 -3 7 -3 8 -3 8 -3 8 -3 8 -2 9 -3 9 -2 9 -2 9 -2 9 -2 10 -2 9 -1 10 -2 9 -2 10 -2 10 -1 10 -2 10 -1 10 -1 10 -1 0 0 10 -2 10 -2 10 -2 10 -2 10 -2 10 -3 10 -2 11 -3 11 -3 11 -3 11 -3 11 -4 11 -3 12 -4 11 -4 12 -4 11 -4 12 -4 12 -4 12 -4 12 -4 12 -4 12 -4 12 -4 12 -4 13 -4 0 0 0 0 0 0 0 0 0 0
1784740919.533635,54779,-45,11,1,7,1,-95,1,641041193,128,0 0 0 0 0 0 0 0 0 0 0 0 -2 8 -3 8 -3 8 -4 7 -4 7 -4 8 -5 7 -5 8 -5 7 -5 8 -6 7 -5 8 -6 7 -6 7 -6 7 -7 7 -7 7 -7 7 -7 7 -7 7 -7 8 -7 7 -6 8 -7 8 -6 8 -7 8 0 0 -6 8 -7 8 -7 8 -6 8 -6 8 -6 9 -6 9 -6 10 -6 9 -6 10 -6 10 -6 10 -6 11 -6 11 -6 11 -7 11 -6 11 -6 12 -6 12 -6 12 -6 12 -6 12 -6 12 -7 12 -6 12 -6 12 0 0 0 0 0 0 0 0 0 0
1784740919.533635,54780,-45,11,1,7,1,-95,1,641051232,128,0 0 0 0 0 0 0 0 0 0 0 0 -4 7 -5 6 -6 6 -6 6 -6 6 -6 6 -7 6 -7 6 -7 6 -8 6 -8 5 -8 5 -8 5 -8 5 -8 5 -9 5 -9 5 -9 5 -9 5 -9 5 -9 5 -9 5 -9 5 -9 5 -9 5 -9 5 0 0 -9 6 -8 6 -8 6 -9 7 -8 7 -8 7 -8 7 -8 7 -8 7 -9 8 -9 8 -8 8 -8 8 -8 8 -8 9 -8 9 -9 9 -9 10 -8 10 -8 10 -9 10 -8 10 -9 10 -9 10 -9 10 -9 10 0 0 0 0 0 0 0 0 0 0
1784740919.549582,54781,-44,11,1,7,1,-95,1,641061120,128,0 0 0 0 0 0 0 0 0 0 0 0 -5 -7 -5 -7 -5 -8 -5 -8 -4 -9 -5 -9 -4 -9 -4 -9 -4 -10 -3 -9 -3 -10 -3 -10 -3 -10 -3 -10 -3 -11 -3 -11 -3 -11 -2 -11 -3 -11 -3 -11 -2 -11 -2 -11 -2 -11 -2 -11 -2 -11 -3 -11 0 0 -3 -12 -3 -11 -3 -11 -3 -11 -3 -11 -4 -11 -4 -11 -4 -11 -4 -12 -5 -12 -5 -12 -5 -12 -5 -12 -5 -13 -6 -12 -6 -13 -6 -12 -6 -13 -6 -12 -6 -13 -6 -13 -7 -13 -6 -13 -6 -13 -6 -13 -7 -13 0 0 0 0 0 0 0 0 0 0
1784740919.660172,54782,-45,11,1,7,1,-95,1,641158479,128,0 0 0 0 0 0 0 0 0 0 0 0 -9 -3 -9 -4 -8 -4 -8 -5 -8 -5 -8 -5 -8 -5 -8 -6 -8 -6 -8 -7 -8 -7 -8 -7 -8 -7 -8 -7 -8 -7 -8 -7 -8 -7 -8 -8 -8 -8 -8 -8 -8 -8 -8 -8 -8 -8 -8 -8 -8 -8 -8 -8 0 0 -8 -7 -9 -7 -9 -7 -9 -7 -9 -7 -10 -7 -10 -6 -10 -7 -10 -6 -11 -6 -11 -7 -11 -6 -11 -6 -11 -6 -12 -6 -12 -6 -12 -6 -13 -6 -13 -6 -13 -6 -13 -6 -13 -6 -13 -6 -13 -7 -13 -6 -13 -6 0 0 0 0 0 0 0 0 0 0
1784740919.660172,54783,-45,11,1,7,1,-95,1,641158949,128,0 0 0 0 0 0 0 0 0 0 0 0 7 4 6 4 6 5 6 5 6 5 6 6 6 6 6 6 6 6 5 7 5 7 5 7 5 8 5 8 5 8 5 8 5 8 5 8 5 8 5 8 5 8 5 8 5 8 4 8 4 8 5 8 0 0 5 8 5 8 5 8 6 8 6 8 6 8 6 8 7 8 7 8 7 8 7 8 7 8 8 8 8 8 8 8 9 8 8 8 9 9 9 8 9 8 9 8 10 9 9 9 9 9 9 9 10 9 0 0 0 0 0 0 0 0 0 0
1784740919.660172,54784,-45,11,1,7,1,-95,1,641160611,128,0 0 0 0 0 0 0 0 0 0 0 0 2 8 2 7 1 8 1 8 1 8 0 8 0 9 0 9 0 9 -1 9 -1 9 -1 9 -1 9 -2 9 -1 9 -2 10 -1 9 -2 10 -2 10 -2 10 -2 10 -2 10 -2 10 -2 10 -2 10 -2 10 0 0 -1 10 -1 10 -1 10 0 11 0 10 0 10 0 10 0 11 1 11 1 12 1 11 1 11 1 11 1 11 2 12 2 12 2 12 2 12 2 12 3 13 3 13 3 12 3 13 2 13 2 13 3 13 0 0 0 0 0 0 0 0 0 0
1784740919.660172,54785,-45,11,1,7,1,-95,1,641162298,128,0 0 0 0 0 0 0 0 0 0 0 0 3 7 3 7 2 8 2 8 1 8 1 8 1 8 1 9 0 9 0 9 0 9 0 9 0 9 0 10 0 10 -1 10 -1 10 -1 10 -1 10 -1 10 -1 10 -1 10 -1 10 -1 10 -1 10 -1 10 0 0 0 10 0 10 0 10 0 10 0 10 0 10 0 10 1 11 1 11 1 11 2 11 2 11 2 11 2 12 2 12 2 12 2 12 2 12 3 12 2 12 3 13 2 13 3 12 3 12 3 13 3 13 0 0 0 0 0 0 0 0 0 0
1784740919.660172,54786,-45,11,1,7,1,-95,1,641163935,128,0 0 0 0 0 0 0 0 0 0 0 0 -5 6 -6 6 -6 6 -7 6 -7 6 -7 5 -8 5 -8 5 -8 5 -8 5 -9 5 -9 5 -9 5 -9 4 -9 4 -9 5 -9 5 -10 5 -9 5 -10 5 -9 4 -9 4 -10 5 -9 4 -9 4 -9 5 0 0 -9 5 -9 5 -9 5 -9 6 -9 6 -9 6 -9 6 -9 7 -9 7 -9 8 -9 7 -9 8 -9 8 -9 8 -9 9 -9 9 -10 9 -10 9 -9 9 -9 10 -9 10 -9 10 -10 10 -10 10 -10 10 -10 10 0 0 0 0 0 0 0 0 0 0
1784740919.660172,54787,-45,11,1,7,1,-95,1,641171325,128,0 0 0 0 0 0 0 0 0 0 0 0 7 -3 8 -2 8 -2 8 -1 8 -1 8 -1 8 -1 9 -1 9 0 9 0 9 0 9 0 9 1 9 1 9 1 9 1 9 1 9 1 9 1 9 1 9 1 10 1 10 1 9 1 9 1 10 1 0 0 10 1 10 1 10 1 10 0 10 0 10 0 10 0 11 -1 11 -1 11 -1 11 -1 11 -1 11 -1 12 -1 12 -2 12 -2 12 -2 12 -2 12 -2 13 -2 13 -2 13 -2 13 -2 13 -2 13 -2 13 -2 0 0 0 0 0 0 0 0 0 0
1784740919.676116,54788,-45,11,1,7,1,-95,1,641181210,128,0 0 0 0 0 0 0 0 0 0 0 0 -8 -5 -8 -5 -7 -6 -7 -7 -7 -7 -7 -7 -7 -7 -7 -8 -6 -8 -7 -8 -7 -8 -7 -8 -7 -9 -6 -9 -6 -9 -6 -9 -6 -9 -6 -9 -6 -9 -5 -9 -6 -9 -6 -10 -6 -9 -6 -9 -6 -9 -6 -9 0 0 -6 -10 -7 -9 -7 -10 -7 -9 -7 -9 -7 -9 -7 -9 -8 -9 -8 -9 -9 -9 -9 -9 -9 -9 -9 -9 -9 -10 -9 -9 -10 -10 -9 -10 -10 -10 -10 -10 -10 -10 -11 -10 -11 -11 -11 -10 -11 -10 -11 -10 -11 -11 0 0 0 0 0 0 0 0 0 0
1784740919.676116,54789,-45,11,1,7,1,-95,1,641191139,128,0 0 0 0 0 0 0 0 0 0 0 0 -8 -3 -8 -3 -8 -4 -8 -4 -8 -4 -8 -5 -8 -5 -8 -5 -8 -5 -8 -6 -8 -6 -8 -6 -8 -7 -8 -7 -8 -6 -8 -7 -8 -7 -8 -7 -8 -7 -8 -7 -8 -7 -8 -7 -9 -7 -8 -7 -8 -7 -8 -7 0 0 -8 -7 -9 -7 -9 -6 -10 -7 -9 -6 -10 -6 -10 -6 -10 -6 -10 -6 -11 -6 -11 -6 -11 -6 -11 -6 -11 -6 -12 -6 -12 -5 -13 -6 -12 -6 -13 -6 -13 -6 -13 -6 -13 -5 -13 -6 -13 -7 -13 -7 -13 -6 0 0 0 0 0 0 0 0 0 0
1784740919.692290,54790,-45,11,1,7,1,-95,1,641201214,128,0 0 0 0 0 0 0 0 0 0 0 0 -7 -5 -7 -5 -7 -6 -6 -7 -6 -7 -6 -7 -6 -7 -6 -7 -6 -8 -6 -7 -6 -8 -6 -8 -6 -8 -6 -9 -6 -9 -6 -9 -6 -9 -6 -9 -6 -10 -6 -9 -6 -10 -6 -9 -6 -9 -6 -9 -6 -9 -6 -10 0 0 -7 -10 -7 -9 -7 -10 -7 -9 -7 -10 -7 -10 -7 -9 -8 -10 -8 -10 -8 -10 -8 -10 -9 -10 -9 -10 -9 -10 -9 -10 -10 -11 -9 -10 -10 -11 -10 -10 -10 -11 -10 -11 -10 -11 -10 -10 -10 -11 -11 -11 -11 -11 0 0 0 0 0 0 0 0 0 0
1784740919.692290,54791,-45,11,1,7,1,-95,1,641211153,128,0 0 0 0 0 0 0 0 0 0 0 0 4 -6 5 -6 5 -6 6 -6 6 -6 6 -5 6 -5 7 -5 7 -5 7 -5 7 -5 7 -5 8 -5 8 -5 8 -5 8 -5 8 -5 8 -5 8 -5 8 -5 8 -5 8 -5 8 -5 8 -5 8 -5 8 -5 0 0 8 -5 9 -5 9 -6 9 -6 8 -6 9 -6 9 -6 9 -7 9 -7 9 -7 9 -7 9 -8 9 -8 10 -8 10 -8 10 -8 10 -8 10 -9 10 -9 10 -9 10 -9 10 -9 10 -9 11 -9 11 -9 11 -9 0 0 0 0 0 0 0 0 0 0
1784740919.718440,54792,-45,11,1,7,1,-95,1,641221233,128,0 0 0 0 0 0 0 0 0 0 0 0 -8 1 -9 1 -9 1 -9 0 -9 0 -9 0 -10 -1 -9 -1 -10 -1 -10 -2 -10 -2 -10 -2 -10 -3 -10 -2 -10 -2 -10 -3 -10 -3 -11 -3 -10 -3 -10 -3 -10 -3 -10 -3 -11 -3 -11 -3 -10 -3 -10 -3 0 0 -11 -3 -11 -2 -11 -2 -11 -2 -11 -2 -12 -2 -12 -2 -12 -2 -12 -1 -13 -1 -13 -1 -13 -1 -12 -1 -13 -1 -14 -1 -14 -1 -14 -1 -14 -1 -14 0 -15 0 -14 -1 -15 0 -15 -1 -15 -2 -15 -1 -15 -1 0 0 0 0 0 0 0 0 0 0
1784740919.724047,54793,-44,11,1,7,1,-95,1,641231166,128,0 0 0 0 0 0 0 0 0 0 0 0 5 4 5 5 5 5 4 6 4 6 4 6 4 6 4 7 4 7 4 7 4 7 4 7 4 8 4 8 4 8 3 8 4 8 3 9 3 8 4 9 4 9 3 9 4 9 3 8 3 8 4 9 0 0 4 9 4 9 4 9 4 8 4 9 5 9 5 9 5 9 5 9 6 9 6 9 6 9 7 9 7 9 7 9 7 10 7 9 7 10 8 10 8 10 8 10 8 10 8 10 8 10 8 10 8 10 0 0 0 0 0 0 0 0 0 0
1784740919.724047,54794,-44,11,1,7,1,-95,1,641241125,128,0 0 0 0 0 0 0 0 0 0 0 0 -2 -8 -2 -8 -1 -9 -1 -9 -1 -9 -1 -9 -1 -9 0 -9 0 -9 0 -10 1 -9 1 -10 1 -10 1 -10 1 -10 1 -10 1 -10 1 -11 1 -10 1 -11 1 -11 1 -11 1 -11 2 -11 2 -11 1 -11 0 0 1 -11 1 -11 1 -11 1 -12 0 -11 0 -12 0 -12 0 -12 0 -12 -1 -13 0 -13 -1 -13 0 -13 -1 -13 -1 -14 -1 -13 -1 -14 -1 -14 -2 -14 -2 -15 -2 -15 -2 -15 -2 -15 -1 -15 -1 -15 -2 -15 0 0 0 0 0 0 0 0 0 0
1784740919.739900,54795,-45,11,1,7,1,-95,1,641251147,128,0 0 0 0 0 0 0 0 0 0 0 0 7 1 7 2 7 2 7 3 7 3 7 3 7 3 7 3 7 4 7 4 7 4 7 4 7 5 7 5 7 5 7 5 8 5 7 5 8 5 8 5 8 5 8 5 8 5 8 5 8 6 8 6 0 0 8 5 8 5 8 6 9 5 9 5 9 5 9 5 10 5 10 5 10 5 10 5 11 5 11 5 11 5 11 5 12 5 11 5 12 5 12 5 12 5 12 5 12 5 12 5 13 6 13 5 13 6 0 0 0 0 0 0 0 0 0 0
1784740919.755840,54796,-45,11,1,7,1,-95,1,641261118,128,0 0 0 0 0 0 0 0 0 0 0 0 -6 -5 -6 -6 -6 -6 -5 -7 -5 -7 -5 -7 -5 -7 -5 -8 -5 -8 -5 -8 -5 -8 -5 -8 -5 -8 -5 -8 -5 -8 -5 -9 -5 -9 -5 -9 -5 -9 -5 -9 -5 -10 -5 -9 -5 -9 -5 -9 -5 -9 -5 -10 0 0 -5 -10 -6 -10 -5 -10 -6 -10 -6 -10 -6 -10 -6 -10 -6 -10 -6 -10 -7 -11 -7 -11 -8 -11 -8 -11 -7 -11 -8 -11 -8 -11 -8 -11 -8 -11 -8 -12 -8 -12 -9 -12 -9 -12 -9 -12 -9 -12 -9 -12 -9 -13 0 0 0 0 0 0 0 0 0 0
1784740919.771720,54797,-45,11,1,7,1,-95,1,641274586,128,0 0 0 0 0 0 0 0 0 0 0 0 2 7 1 7 1 7 1 7 0 7 0 7 0 8 0 8 0 8 0 8 -1 8 -1 9 -1 8 -1 9 -1 9 -1 9 -1 9 -1 9 -2 9 -1 9 -1 9 -1 9 -1 9 -2 9 -1 9 -2 10 0 0 -1 10 -1 10 -1 10 -1 10 0 10 0 10 0 11 0 11 0 11 1 12 1 12 1 12 1 12 1 12 1 12 1 13 1 13 1 13 1 13 1 14 1 14 1 14 1 14 1 14 1 14 1 14 0 0 0 0 0 0 0 0 0 0
1784740919.771720,54798,-45,11,1,7,1,-95,1,641281270,128,0 0 0 0 0 0 0 0 0 0 0 0 -7 -3 -7 -4 -7 -4 -7 -5 -7 -5 -7 -5 -7 -6 -7 -6 -7 -6 -7 -6 -7 -6 -7 -6 -7 -7 -7 -7 -7 -7 -7 -7 -7 -8 -7 -8 -7 -8 -7 -8 -7 -8 -7 -8 -7 -8 -7 -8 -7 -8 -7 -8 0 0 -8 -8 -7 -8 -8 -9 -8 -8 -8 -8 -8 -8 -8 -8 -9 -8 -9 -8 -10 -8 -10 -8 -10 -8 -10 -8 -10 -9 -10 -9 -11 -9 -11 -9 -11 -9 -11 -9 -11 -10 -11 -9 -11 -10 -11 -9 -12 -10 -12 -10 -12 -10 0 0 0 0 0 0 0 0 0 0
1784740919.787527,54799,-45,11,1,7,1,-95,1,641291174,128,0 0 0 0 0 0 0 0 0 0 0 0 -2 -8 -2 -8 -1 -8 -1 -8 -1 -9 -1 -8 0 -8 0 -9 0 -9 0 -9 0 -9 1 -9 1 -9 1 -10 1 -10 1 -10 1 -10 1 -10 1 -10 1 -10 1 -10 1 -10 1 -10 1 -10 1 -10 1 -11 0 0 1 -11 1 -11 1 -11 0 -11 0 -11 0 -12 0 -12 0 -12 0 -12 -1 -13 -1 -13 -1 -13 -1 -13 -1 -13 -1 -14 -1 -13 -1 -14 -1 -14 -1 -14 -2 -14 -1 -15 -2 -15 -1 -15 -1 -15 -1 -15 -1 -15 0 0 0 0 0 0 0 0 0 0
1784740919.787527,54800,-45,11,1,7,1,-95,1,641301233,128,0 0 0 0 0 0 0 0 0 0 0 0 5 5 5 5 5 5 5 6 4 6 4 6 5 6 4 7 4 7 4 7 4 8 3 8 3 8 3 8 4 8 4 8 4 8 4 8 4 9 4 8 4 9 4 9 4 9 4 9 4 9 4 9 0 0 5 9 5 9 5 9 5 9 5 9 6 9 6 9 6 9 6 9 7 10 6 10 7 10 7 10 7 10 8 9 8 10 8 10 8 10 9 10 9 10 9 10 9 10 8 11 8 11 8 11 9 11 0 0 0 0 0 0 0 0 0 0
1784740919.803235,54801,-44,11,1,7,1,-95,1,641311181,128,0 0 0 0 0 0 0 0 0 0 0 0 -8 0 -9 -1 -9 -1 -9 -2 -9 -2 -9 -2 -9 -3 -9 -3 -9 -3 -9 -3 -9 -3 -9 -3 -10 -4 -9 -4 -10 -4 -9 -5 -10 -5 -9 -5 -10 -5 -10 -5 -10 -5 -10 -5 -10 -5 -10 -5 -10 -5 -10 -5 0 0 -10 -5 -10 -5 -10 -5 -10 -4 -10 -5 -11 -5 -11 -5 -11 -5 -11 -5 -12 -4 -12 -4 -12 -4 -12 -3 -13 -4 -12 -4 -13 -4 -13 -4 -13 -4 -13 -4 -13 -5 -14 -4 -14 -5 -14 -4 -14 -4 -15 -4 -14 -4 0 0 0 0 0 0 0 0 0 0
1784740919.803235,54802,-44,11,1,7,1,-95,1,641321175,128,0 0 0 0 0 0 0 0 0 0 0 0 -2 7 -2 7 -3 8 -3 7 -4 8 -4 7 -4 8 -4 8 -4 8 -5 8 -6 8 -5 8 -6 8 -6 8 -6 8 -6 8 -6 8 -6 9 -6 8 -6 8 -6 8 -6 8 -7 9 -7 8 -7 8 -7 8 0 0 -6 9 -6 9 -6 9 -6 10 -6 9 -6 9 -5 10 -6 10 -5 10 -6 11 -6 11 -5 11 -5 11 -5 11 -5 12 -5 12 -6 12 -5 12 -5 12 -5 13 -5 13 -5 13 -6 13 -6 13 -6 13 -6 13 0 0 0 0 0 0 0 0 0 0
1784740919.818477,54803,-44,11,1,7,1,-95,1,641331126,128,0 0 0 0 0 0 0 0 0 0 0 0 -8 2 -8 1 -9 0 -9 0 -9 0 -9 0 -9 0 -9 0 -9 0 -10 -1 -10 -1 -10 -2 -10 -2 -10 -2 -10 -2 -10 -2 -11 -2 -11 -2 -11 -2 -11 -2 -11 -2 -11 -2 -11 -2 -11 -3 -11 -2 -11 -2 0 0 -11 -2 -11 -2 -11 -2 -12 -1 -12 -1 -11 -1 -12 -1 -12 -1 -12 -1 -13 0 -13 -1 -13 0 -13 0 -13 0 -13 1 -14 1 -14 0 -14 0 -14 1 -15 1 -14 1 -15 1 -15 1 -15 0 -15 1 -15 1 0 0 0 0 0 0 0 0 0 0
1784740919.834246,54804,-44,11,1,7,1,-95,1,641341540,128,0 0 0 0 0 0 0 0 0 0 0 0 -1 -8 0 -8 0 -8 1 -8 1 -8 1 -8 1 -8 2 -8 2 -8 2 -9 2 -9 2 -9 3 -9 3 -9 3 -9 3 -9 3 -9 3 -9 3 -9 3 -9 3 -9 3 -10 4 -10 4 -10 4 -10 3 -10 0 0 4 -10 4 -10 4 -10 3 -10 3 -11 3 -11 3 -11 2 -11 3 -11 2 -12 3 -12 2 -12 2 -12 2 -12 2 -13 2 -13 2 -13 2 -13 2 -13 2 -14 2 -14 2 -14 2 -14 2 -14 2 -14 2 -14 0 0 0 0 0 0 0 0 0 0
1784740919.834246,54805,-44,11,1,7,1,-95,1,641353364,128,0 0 0 0 0 0 0 0 0 0 0 0 2 -7 3 -7 3 -7 3 -7 4 -7 4 -7 4 -7 4 -7 4 -7 4 -7 5 -7 5 -7 5 -7 5 -7 6 -7 6 -7 6 -7 6 -7 6 -7 6 -8 6 -8 7 -7 7 -8 7 -8 7 -8 7 -8 0 0 7 -8 7 -8 7 -8 7 -9 7 -8 7 -9 7 -9 7 -9 7 -9 7 -10 7 -10 7 -10 7 -10 7 -11 7 -11 8 -11 8 -11 8 -11 8 -11 8 -12 8 -12 8 -12 8 -12 8 -12 8 -12 8 -12 0 0 0 0 0 0 0 0 0 0
1784740919.850022,54806,-44,11,1,7,1,-95,1,641361202,128,0 0 0 0 0 0 0 0 0 0 0 0 4 -6 4 -6 5 -5 5 -5 5 -5 5 -5 5 -5 6 -6 6 -5 6 -6 6 -5 7 -5 7 -5 7 -6 7 -6 7 -6 8 -6 8 -6 8 -6 8 -6 8 -6 8 -6 8 -6 9 -6 9 -6 9 -6 0 0 9 -6 9 -6 9 -6 9 -7 9 -7 9 -7 9 -7 9 -8 9 -8 9 -8 9 -8 9 -8 9 -8 10 -9 10 -9 10 -9 10 -9 10 -10 10 -10 10 -10 10 -10 10 -10 11 -10 11 -10 11 -10 11 -10 0 0 0 0 0 0 0 0 0 0
1784740919.865710,54807,-44,11,1,7,1,-95,1,641371140,128,0 0 0 0 0 0 0 0 0 0 0 0 5 3 5 3 5 3 5 4 5 4 5 4 5 4 5 5 5 5 5 5 5 5 5 5 6 5 6 6 6 6 6 6 6 6 6 6 6 7 6 7 6 7 6 7 6 7 6 7 6 7 7 7 0 0 7 7 7 7 7 8 7 7 7 7 7 7 7 7 8 7 8 8 8 7 8 7 9 7 9 7 9 8 9 8 10 8 10 8 10 8 10 8 10 8 10 8 10 9 10 8 11 9 11 8 11 9 0 0 0 0 0 0 0 0 0 0
1784740919.865710,54808,-44,11,1,7,1,-95,1,641381152,128,0 0 0 0 0 0 0 0 0 0 0 0 -4 6 -4 5 -5 6 -5 5 -5 5 -5 5 -5 6 -6 5 -6 6 -6 5 -6 6 -7 5 -7 5 -7 6 -7 6 -7 6 -7 6 -8 6 -8 6 -8 6 -8 6 -8 6 -8 6 -9 6 -8 6 -9 6 0 0 -9 6 -9 7 -8 7 -9 7 -9 7 -9 7 -8 8 -9 8 -8 8 -9 9 -9 9 -9 9 -9 9 -9 9 -9 10 -9 10 -10 10 -10 10 -10 10 -10 11 -10 10 -9 11 -11 11 -11 10 -11 10 -11 10 0 0 0 0 0 0 0 0 0 0
1784740919.881503,54809,-45,11,1,7,1,-95,1,641391077,128,0 0 0 0 0 0 0 0 0 0 0 0 -4 -7 -3 -7 -3 -7 -3 -7 -3 -7 -3 -8 -3 -7 -3 -8 -2 -8 -3 -8 -3 -8 -3 -9 -2 -9 -2 -10 -2 -10 -2 -10 -2 -10 -2 -10 -2 -11 -2 -10 -2 -11 -2 -11 -2 -11 -2 -11 -2 -11 -2 -11 0 0 -1 -12 -1 -11 -1 -12 -2 -11 -2 -11 -2 -12 -2 -12 -2 -12 -2 -12 -3 -12 -3 -12 -3 -13 -3 -13 -3 -14 -3 -13 -3 -14 -3 -13 -3 -14 -3 -14 -4 -14 -4 -14 -3 -15 -4 -14 -3 -15 -3 -15 -3 -15 0 0 0 0 0 0 0 0 0 0
1784740919.897652,54810,-44,11,1,7,1,-95,1,641401176,128,0 0 0 0 0 0 0 0 0 0 0 0 0 -7 0 -7 1 -7 1 -8 1 -7 1 -7 1 -8 1 -8 2 -8 2 -8 2 -8 2 -8 2 -9 2 -9 3 -9 3 -9 3 -9 3 -9 3 -9 3 -10 3 -10 3 -10 3 -10 4 -10 3 -10 3 -10 0 0 3 -11 4 -11 4 -11 4 -11 3 -11 3 -11 3 -11 3 -12 3 -12 3 -12 3 -12 2 -12 3 -13 3 -13 3 -13 3 -13 3 -13 3 -14 3 -14 2 -14 2 -14 2 -14 2 -14 3 -14 2 -15 3 -15 0 0 0 0 0 0 0 0 0 0
1784740919.897652,54811,-44,11,1,7,1,-95,1,641411157,128,0 0 0 0 0 0 0 0 0 0 0 0 -7 -2 -7 -2 -7 -3 -7 -3 -7 -3 -7 -3 -7 -3 -7 -4 -7 -4 -7 -4 -8 -5 -7 -5 -8 -5 -8 -5 -8 -5 -8 -5 -8 -5 -8 -6 -8 -6 -9 -6 -9 -6 -9 -6 -9 -6 -9 -6 -8 -7 -9 -7 0 0 -9 -7 -9 -7 -9 -7 -10 -7 -10 -7 -10 -7 -10 -6 -10 -7 -10 -6 -11 -7 -11 -7 -11 -6 -11 -6 -11 -7 -12 -6 -12 -6 -12 -7 -12 -7 -12 -7 -13 -7 -13 -7 -13 -7 -13 -7 -13 -7 -13 -7 -13 -7 0 0 0 0 0 0 0 0 0 0
1784740919.913500,54812,-45,11,1,7,1,-95,1,641421163,128,0 0 0 0 0 0 0 0 0 0 0 0 2 5 2 6 1 6 1 6 1 6 1 6 1 6 1 7 1 7 0 7 1 7 1 8 0 7 1 8 1 8 0 8 0 9 0 9 0 9 0 9 0 9 0 9 0 10 0 10 0 10 0 10 0 0 0 10 0 10 0 10 0 10 1 11 0 11 1 11 1 11 1 11 1 11 1 12 2 12 2 12 2 12 2 12 2 13 2 12 2 13 2 13 2 13 3 13 2 14 2 13 2 14 2 14 2 14 0 0 0 0 0 0 0 0 0 0
1784740919.918791,54813,-46,11,1,7,1,-95,1,641431200,128,0 0 0 0 0 0 0 0 0 0 0 0 -7 2 -7 1 -7 1 -7 1 -8 1 -7 1 -8 1 -8 1 -8 1 -8 0 -8 0 -9 0 -9 0 -9 0 -9 0 -10 0 -9 0 -10 0 -10 0 -10 0 -10 0 -10 0 -10 0 -10 -1 -10 0 -11 -1 0 0 -11 0 -11 0 -10 0 -11 1 -11 1 -11 1 -11 1 -12 1 -11 1 -13 2 -12 2 -12 2 -13 1 -12 2 -13 2 -13 2 -14 2 -14 2 -14 3 -14 3 -15 3 -15 3 -15 3 -15 2 -15 2 -15 2 0 0 0 0 0 0 0 0 0 0
1784740919.929399,54814,-46,11,1,7,1,-95,1,641441122,128,0 0 0 0 0 0 0 0 0 0 0 0 7 -1 7 -1 7 0 7 0 7 0 7 0 7 1 8 1 8 1 8 1 8 1 8 1 8 1 8 1 9 1 9 2 9 2 9 2 9 2 9 2 10 2 9 3 9 2 9 3 9 3 10 3 0 0 10 3 10 3 10 3 10 2 10 2 10 2 10 2 11 2 10 2 11 2 11 1 11 1 11 1 12 2 12 1 12 1 12 1 13 1 13 2 13 1 13 1 13 1 13 1 14 2 14 1 14 1 0 0 0 0 0 0 0 0 0 0
1784740919.945204,54815,-45,11,1,7,1,-95,1,641455057,128,0 0 0 0 0 0 0 0 0 0 0 0 -7 4 -7 4 -8 3 -8 3 -8 3 -8 3 -8 3 -8 3 -8 3 -9 3 -9 3 -9 2 -9 2 -9 3 -10 3 -10 2 -10 2 -10 3 -10 2 -10 2 -11 3 -11 3 -11 3 -11 2 -11 2 -11 2 0 0 -11 2 -12 3 -11 2 -12 3 -11 3 -12 3 -11 3 -12 3 -12 3 -12 4 -12 4 -12 4 -12 4 -12 4 -13 4 -12 4 -13 4 -13 5 -13 5 -13 5 -13 5 -13 5 -13 5 -13 5 -13 5 -13 5 0 0 0 0 0 0 0 0 0 0
1784740919.945204,54816,-45,11,1,7,1,-95,1,641461084,128,0 0 0 0 0 0 0 0 0 0 0 0 -8 -2 -8 -2 -8 -3 -8 -3 -8 -3 -8 -3 -8 -3 -9 -3 -9 -4 -9 -4 -9 -5 -9 -5 -9 -5 -9 -5 -9 -5 -9 -5 -9 -5 -10 -6 -9 -6 -10 -5 -10 -6 -10 -6 -10 -6 -9 -6 -10 -6 -10 -6 0 0 -10 -6 -10 -6 -10 -6 -11 -6 -10 -6 -11 -6 -11 -5 -11 -5 -11 -5 -12 -6 -12 -6 -11 -5 -12 -5 -12 -5 -13 -5 -12 -5 -13 -6 -13 -5 -13 -5 -13 -5 -13 -5 -14 -5 -14 -5 -13 -6 -13 -6 -13 -6 0 0 0 0 0 0 0 0 0 0
1784740919.961067,54817,-44,11,1,7,1,-95,1,641471178,128,0 0 0 0 0 0 0 0 0 0 0 0 7 1 7 2 7 2 7 2 7 3 8 3 7 3 8 3 8 4 8 4 8 4 8 4 8 5 8 5 8 5 8 6 8 6 8 6 8 6 8 6 8 6 8 6 8 6 8 7 8 7 8 7 0 0 8 7 8 6 8 6 8 6 9 6 9 6 9 6 9 6 9 6 9 5 10 6 10 5 10 6 10 6 10 5 11 5 10 5 11 5 11 5 11 5 12 5 12 5 12 5 12 6 12 5 12 5 0 0 0 0 0 0 0 0 0 0
1784740919.980635,54818,-44,11,1,7,1,-95,1,641481171,128,0 0 0 0 0 0 0 0 0 0 0 0 0 -8 0 -8 1 -8 1 -9 1 -9 2 -9 2 -9 2 -9 3 -9 2 -9 3 -9 3 -10 3 -10 3 -10 4 -10 4 -10 5 -10 5 -10 5 -10 5 -10 5 -10 6 -10 5 -10 5 -10 5 -10 6 -10 0 0 5 -10 6 -10 6 -10 5 -10 5 -10 5 -10 5 -11 5 -11 5 -11 4 -11 4 -11 4 -11 4 -12 4 -12 4 -12 4 -13 4 -12 4 -13 4 -13 4 -13 4 -13 4 -13 3 -13 4 -13 4 -14 4 -14 0 0 0 0 0 0 0 0 0 0
1784740919.986385,54819,-45,11,1,7,1,-95,1,641491117,128,0 0 0 0 0 0 0 0 0 0 0 0 -7 3 -7 2 -8 2 -7 2 -8 2 -7 2 -8 2 -8 2 -8 2 -9 2 -9 1 -9 1 -10 1 -10 1 -10 1 -11 0 -10 1 -11 0 -11 0 -11 0 -11 0 -11 0 -11 0 -11 0 -11 0 -11 0 0 0 -11 0 -11 0 -11 -1 -12 0 -11 0 -11 0 -11 1 -11 1 -12 1 -12 1 -12 1 -12 1 -12 2 -12 2 -13 2 -12 2 -13 2 -12 2 -13 3 -13 3 -13 3 -13 3 -14 3 -14 3 -13 3 -14 3 0 0 0 0 0 0 0 0 0 0
1784740919.996404,54820,-45,11,1,7,1,-95,1,641501187,128,0 0 0 0 0 0 0 0 0 0 0 0 6 -3 6 -3 6 -2 7 -2 6 -2 7 -2 7 -2 7 -2 7 -2 7 -1 8 -1 8 -1 8 -1 8 -1 9 -1 9 0 10 -1 10 0 10 0 10 0 10 0 10 0 10 0 10 1 10 1 10 1 0 0 10 1 10 1 11 1 11 1 11 1 10 1 10 0 11 0 11 0 11 0 11 0 11 0 11 0 12 0 12 -1 12 -1 12 -1 13 0 12 -1 13 -1 13 -1 13 -1 13 -1 13 0 13 0 14 -1 0 0 0 0 0 0 0 0 0 0
1784740920.007899,54821,-45,11,1,7,1,-95,1,641511981,128,0 0 0 0 0 0 0 0 0 0 0 0 -2 6 -3 6 -3 6 -3 6 -3 6 -3 6 -4 6 -3 6 -4 6 -4 6 -4 7 -4 7 -5 7 -5 7 -5 8 -5 7 -5 8 -5 8 -6 8 -6 8 -6 8 -6 8 -6 8 -6 8 -6 8 -6 9 0 0 -7 9 -7 9 -7 9 -7 9 -6 9 -7 9 -6 9 -6 10 -6 10 -6 10 -6 10 -6 10 -6 10 -6 11 -6 11 -6 11 -6 11 -6 12 -6 12 -6 12 -6 12 -6 12 -6 12 -6 12 -6 12 -6 13 0 0 0 0 0 0 0 0 0 0
1784740920.011914,54822,-45,11,1,7,1,-95,1,641521123,128,0 0 0 0 0 0 0 0 0 0 0 0 -6 -5 -5 -5 -6 -5 -5 -6 -5 -6 -5 -6 -6 -6 -5 -6 -6 -6 -5 -7 -6 -7 -6 -7 -5 -7 -5 -7 -6 -8 -6 -8 -6 -8 -6 -8 -6 -8 -6 -9 -6 -9 -6 -9 -7 -9 -6 -9 -6 -9 -6 -10 0 0 -6 -9 -7 -10 -6 -10 -7 -10 -7 -10 -7 -10 -7 -10 -7 -10 -7 -10 -8 -10 -8 -10 -8 -10 -8 -10 -8 -10 -8 -11 -8 -11 -8 -11 -9 -11 -9 -11 -10 -11 -10 -11 -10 -11 -10 -11 -9 -11 -9 -12 -10 -12 0 0 0 0 0 0 0 0 0 0
1784740920.023913,54823,-45,11,1,7,1,-95,1,641531161,128,0 0 0 0 0 0 0 0 0 0 0 0 -1 -7 0 -7 0 -7 0 -7 1 -8 1 -8 1 -8 1 -8 1 -8 1 -8 1 -9 1 -9 2 -9 2 -9 2 -10 2 -9 2 -10 2 -10 2 -10 2 -10 3 -10 2 -10 3 -10 3 -10 3 -10 3 -10 0 0 3 -11 3 -11 3 -11 3 -11 2 -11 3 -11 2 -11 2 -12 2 -12 2 -12 2 -12 2 -12 2 -12 2 -13 1 -13 1 -13 1 -13 1 -14 1 -13 1 -14 1 -14 1 -14 1 -14 1 -14 1 -14 1 -15 0 0 0 0 0 0 0 0 0 0
1784740920.023913,54824,-45,11,1,7,1,-95,1,641541237,128,0 0 0 0 0 0 0 0 0 0 0 0 -2 -7 -2 -7 -1 -7 -1 -7 -1 -7 -1 -8 -1 -8 -1 -8 0 -8 -1 -8 -1 -8 -1 -9 0 -9 0 -9 0 -10 1 -10 1 -10 1 -10 1 -10 1 -10 2 -11 2 -10 1 -10 1 -11 2 -11 2 -11 0 0 2 -11 2 -11 2 -11 2 -11 1 -11 2 -11 2 -11 1 -11 2 -12 1 -12 1 -12 1 -12 1 -12 1 -13 1 -12 1 -13 1 -13 0 -13 1 -13 1 -13 1 -13 1 -14 0 -13 0 -14 0 -14 0 -14 0 0 0 0 0 0 0 0 0 0
1784740920.039758,54825,-45,11,1,7,1,-95,1,641551122,128,0 0 0 0 0 0 0 0 0 0 0 0 -2 6 -3 6 -3 6 -3 6 -3 6 -3 6 -3 6 -4 7 -4 7 -4 7 -5 7 -5 7 -5 7 -5 7 -5 7 -6 8 -6 8 -6 8 -6 8 -6 8 -7 8 -7 8 -7 8 -7 7 -7 8 -7 8 0 0 -7 8 -7 8 -7 8 -7 9 -7 8 -7 9 -7 9 -7 9 -7 9 -7 10 -7 10 -6 9 -7 10 -6 9 -6 11 -6 11 -7 11 -7 11 -6 11 -6 11 -6 11 -6 11 -7 12 -7 11 -7 11 -7 12 0 0 0 0 0 0 0 0 0 0
1784740920.055587,54826,-45,11,1,7,1,-95,1,641561174,128,0 0 0 0 0 0 0 0 0 0 0 0 -2 6 -2 7 -3 7 -3 7 -3 7 -3 7 -4 7 -4 7 -4 7 -4 7 -5 7 -5 8 -5 7 -6 8 -5 8 -6 8 -6 9 -6 8 -6 8 -6 8 -7 9 -7 8 -7 8 -7 8 -7 8 -7 8 0 0 -7 9 -7 8 -7 8 -7 8 -7 9 -7 9 -7 9 -6 9 -7 10 -7 10 -7 10 -6 10 -7 10 -6 11 -6 10 -7 11 -6 10 -6 11 -6 11 -6 11 -6 11 -6 12 -6 11 -7 11 -7 12 -6 12 0 0 0 0 0 0 0 0 0 0
1784740920.055587,54827,-44,11,1,7,1,-95,1,641571104,128,0 0 0 0 0 0 0 0 0 0 0 0 -2 6 -2 6 -2 6 -3 6 -3 7 -3 7 -3 7 -3 7 -4 7 -3 7 -4 7 -4 7 -4 8 -4 8 -4 8 -5 8 -5 8 -5 8 -5 8 -5 8 -5 8 -6 8 -6 9 -6 8 -6 8 -6 9 0 0 -6 9 -6 9 -6 9 -6 9 -6 9 -6 9 -6 9 -6 10 -6 10 -5 10 -5 10 -5 11 -5 11 -5 11 -5 11 -6 11 -5 11 -5 11 -5 12 -5 12 -5 12 -5 12 -5 12 -5 12 -5 12 -5 12 0 0 0 0 0 0 0 0 0 0
1784740920.071380,54828,-44,11,1,7,1,-95,1,641581208,128,0 0 0 0 0 0 0 0 0 0 0 0 7 -2 7 -2 7 -1 7 -1 8 -1 7 -1 8 -1 8 -1 8 -1 8 0 8 1 9 1 9 1 9 1 9 1 9 1 9 1 10 1 9 1 10 1 10 1 10 1 10 1 10 2 10 2 10 2 0 0 10 1 11 1 10 1 11 1 11 0 11 1 11 0 11 0 11 0 12 0 12 0 12 0 12 0 11 0 13 -1 12 -1 13 -1 13 -1 13 -2 13 -2 13 -1 13 -2 14 -1 14 0 14 -1 14 -1 0 0 0 0 0 0 0 0 0 0
1784740920.087166,54829,-44,11,1,7,1,-95,1,641591184,128,0 0 0 0 0 0 0 0 0 0 0 0 4 5 4 5 4 6 3 6 3 6 3 7 3 7 3 7 3 7 3 7 3 7 3 8 3 8 3 8 3 9 2 9 3 9 2 9 3 9 2 9 3 9 2 9 2 9 2 10 2 10 3 10 0 0 3 10 3 10 3 10 3 10 3 10 3 10 3 10 4 10 4 10 4 10 4 10 5 10 5 11 5 11 5 11 5 11 5 11 5 11 5 11 6 11 6 12 6 12 6 11 6 12 6 12 6 12 0 0 0 0 0 0 0 0 0 0
1784740920.087166,54830,-44,11,1,7,1,-95,1,641601173,128,0 0 0 0 0 0 0 0 0 0 0 0 -2 7 -3 7 -3 7 -3 7 -4 7 -4 7 -4 7 -4 7 -5 7 -5 8 -5 7 -5 8 -5 8 -6 8 -6 8 -7 8 -7 8 -7 8 -7 8 -7 8 -7 8 -7 8 -7 8 -7 8 -7 8 -7 8 0 0 -7 8 -8 8 -8 8 -7 8 -7 8 -7 9 -7 9 -7 9 -7 9 -7 10 -7 10 -6 10 -7 11 -7 11 -7 11 -7 11 -7 11 -7 11 -7 11 -7 12 -7 12 -8 12 -7 12 -7 12 -7 12 -7 13 0 0 0 0 0 0 0 0 0 0
1784740920.102960,54831,-44,11,1,7,1,-95,1,641611178,128,0 0 0 0 0 0 0 0 0 0 0 0 6 2 6 2 6 3 6 3 6 3 6 4 6 4 6 4 6 4 6 5 6 5 6 6 6 6 6 6 7 6 7 6 7 6 7 6 7 7 7 7 7 7 7 7 7 7 7 8 6 8 7 8 0 0 7 8 7 7 7 8 8 8 8 8 7 8 7 7 8 7 8 7 8 8 8 7 8 7 8 7 8 7 9 7 10 7 10 7 10 8 10 7 10 7 10 7 11 7 10 8 10 8 10 8 10 8 0 0 0 0 0 0 0 0 0 0
1784740920.102960,54832,-44,11,1,7,1,-95,1,641621133,128,0 0 0 0 0 0 0 0 0 0 0 0 6 -2 6 -1 7 -1 7 -1 7 -1 7 0 7 0 8 0 8 0 8 0 8 0 9 1 9 1 9 1 10 1 10 2 10 2 10 2 10 3 10 3 10 3 10 3 10 3 10 3 10 3 10 3 0 0 10 3 10 3 10 4 10 3 10 3 10 3 10 3 11 3 11 3 11 2 11 2 11 2 11 2 12 2 12 2 12 2 12 2 12 2 12 2 12 1 13 1 13 1 12 1 13 2 13 1 13 1 0 0 0 0 0 0 0 0 0 0
1784740920.119285,54833,-44,11,1,7,1,-95,1,641632957,128,0 0 0 0 0 0 0 0 0 0 0 0 6 -1 7 0 7 0 7 1 7 1 7 1 7 1 8 1 8 2 8 1 8 2 8 2 8 2 9 2 9 3 9 3 10 3 9 4 10 4 9 4 10 4 10 5 10 4 10 4 10 4 10 5 0 0 10 5 10 5 10 5 10 4 10 4 10 4 10 4 11 4 11 4 11 4 11 3 11 4 12 3 12 3 11 3 12 3 12 3 12 3 13 3 13 3 13 3 13 3 13 2 13 3 13 3 13 3 0 0 0 0 0 0 0 0 0 0
1784740920.134892,54834,-44,11,1,7,1,-95,1,641641242,128,0 0 0 0 0 0 0 0 0 0 0 0 -7 2 -7 1 -8 1 -8 1 -8 0 -9 0 -9 0 -9 0 -9 0 -9 0 -10 -1 -10 -1 -10 -1 -10 -1 -10 -1 -11 -1 -11 -2 -11 -2 -11 -2 -11 -2 -11 -2 -11 -2 -11 -2 -11 -3 -11 -3 -11 -3 0 0 -11 -3 -12 -3 -12 -3 -12 -2 -12 -2 -12 -2 -12 -2 -12 -2 -12 -2 -13 -1 -13 -2 -13 -1 -13 -1 -13 -1 -13 -1 -14 -1 -14 -1 -14 -1 -14 0 -14 0 -14 -1 -14 0 -14 -1 -15 -1 -15 -1 -15 -1 0 0 0 0 0 0 0 0 0 0
1784740920.134892,54835,-44,11,1,7,1,-95,1,641651105,128,0 0 0 0 0 0 0 0 0 0 0 0 6 -4 6 -4 7 -4 7 -3 7 -3 7 -3 7 -3 8 -3 8 -3 8 -3 8 -3 8 -3 9 -2 9 -2 9 -2 9 -2 9 -2 9 -2 10 -2 10 -2 10 -2 10 -1 10 -2 10 -1 10 -1 10 -1 0 0 10 -1 11 -2 10 -2 10 -2 10 -2 10 -2 10 -2 11 -3 11 -3 11 -3 11 -3 11 -4 11 -3 11 -4 11 -4 12 -4 12 -4 12 -4 12 -4 13 -5 12 -5 13 -5 12 -5 13 -5 13 -5 13 -5 0 0 0 0 0 0 0 0 0 0
1784740920.150723,54836,-44,11,1,7,1,-95,1,641661130,128,0 0 0 0 0 0 0 0 0 0 0 0 6 2 6 3 6 3 6 3 6 4 6 4 6 4 6 4 6 4 6 5 6 5 6 5 6 6 6 6 7 6 6 7 7 7 7 7 7 8 7 7 7 7 7 7 7 8 6 8 6 8 7 8 0 0 7 8 7 8 7 8 7 8 7 7 7 7 8 7 8 7 8 7 8 7 8 7 9 7 8 7 9 7 9 7 10 7 10 7 10 7 10 7 11 7 11 7 11 7 11 7 11 8 11 8 11 8 0 0 0 0 0 0 0 0 0 0
1784740920.166606,54837,-44,11,1,7,1,-95,1,641671177,128,0 0 0 0 0 0 0 0 0 0 0 0 -7 1 -7 1 -7 0 -7 0 -8 0 -8 0 -8 0 -8 0 -9 -1 -9 -1 -9 -1 -10 -1 -10 -2 -10 -2 -10 -2 -10 -2 -11 -2 -11 -2 -11 -2 -11 -3 -11 -3 -11 -3 -11 -3 -11 -3 -11 -3 -11 -4 0 0 -11 -3 -12 -3 -11 -3 -12 -3 -12 -3 -12 -3 -12 -3 -12 -3 -12 -2 -13 -2 -12 -2 -13 -2 -12 -2 -13 -2 -13 -1 -13 -2 -14 -2 -14 -1 -14 -1 -14 -1 -14 -1 -14 -1 -15 -1 -15 -2 -15 -1 -15 -1 0 0 0 0 0 0 0 0 0 0
1784740920.166606,54838,-44,11,1,7,1,-95,1,641682813,128,0 0 0 0 0 0 0 0 0 0 0 0 6 -3 6 -3 6 -3 7 -3 7 -2 7 -2 7 -2 7 -2 8 -2 8 -2 9 -1 9 -1 9 -1 9 -1 9 -1 10 -1 10 -1 10 -1 10 0 10 0 11 0 10 0 11 0 11 0 11 0 11 0 0 0 11 0 11 0 11 0 11 0 11 0 11 0 11 -1 11 -1 11 -1 12 -2 12 -1 12 -1 12 -2 12 -2 12 -2 13 -2 13 -2 13 -2 13 -2 13 -3 13 -3 13 -3 13 -3 13 -2 13 -3 13 -3 0 0 0 0 0 0 0 0 0 0
1784740920.182465,54839,-44,11,1,7,1,-95,1,641691943,128,0 0 0 0 0 0 0 0 0 0 0 0 -2 7 -2 7 -3 6 -3 7 -3 7 -4 7 -4 7 -4 7 -4 7 -5 7 -5 7 -5 7 -6 7 -6 8 -6 8 -6 8 -6 8 -6 8 -7 8 -7 8 -7 8 -7 8 -7 8 -7 8 -7 8 -8 8 0 0 -8 9 -7 9 -7 9 -7 9 -7 9 -7 9 -7 9 -6 10 -6 10 -6 10 -7 10 -6 10 -6 10 -6 11 -6 11 -6 12 -6 11 -6 12 -6 12 -5 12 -6 12 -6 12 -6 12 -6 12 -6 12 -6 13 0 0 0 0 0 0 0 0 0 0
1784740920.198471,54840,-44,11,1,7,1,-95,1,641701183,128,0 0 0 0 0 0 0 0 0 0 0 0 -5 -7 -4 -7 -4 -7 -4 -8 -4 -8 -4 -8 -3 -8 -3 -9 -3 -9 -3 -9 -3 -9 -3 -9 -3 -10 -2 -10 -2 -11 -2 -10 -2 -11 -2 -11 -2 -11 -2 -11 -2 -11 -2 -12 -2 -11 -1 -11 -1 -11 -1 -12 0 0 -1 -12 -2 -12 -2 -12 -2 -12 -2 -12 -2 -12 -2 -11 -3 -12 -3 -12 -3 -12 -3 -13 -3 -13 -3 -13 -3 -13 -4 -13 -4 -14 -4 -13 -4 -14 -4 -13 -5 -14 -4 -14 -5 -14 -4 -14 -4 -14 -4 -15 -4 -15 0 0 0 0 0 0 0 0 0 0
1784740920.198471,54841,-44,11,1,7,1,-95,1,641714426,128,0 0 0 0 0 0 0 0 0 0 0 0 0 -7 1 -8 1 -8 2 -8 1 -8 2 -8 2 -9 2 -9 2 -9 3 -9 3 -9 4 -9 4 -9 4 -9 4 -9 4 -10 4 -10 5 -10 5 -10 4 -10 4 -10 5 -10 5 -10 5 -10 5 -10 5 -10 0 0 5 -10 5 -11 5 -10 4 -11 4 -11 4 -11 4 -11 4 -12 4 -11 4 -13 4 -12 4 -12 4 -12 3 -12 3 -14 3 -13 3 -14 3 -14 2 -14 3 -15 3 -15 2 -15 3 -15 4 -15 4 -15 3 -15 0 0 0 0 0 0 0 0 0 0
1784740920.214322,54842,-44,11,1,7,1,-95,1,641721209,128,0 0 0 0 0 0 0 0 0 0 0 0 7 -1 7 -1 7 0 7 0 7 0 7 1 8 0 8 1 8 1 8 2 8 2 8 2 9 2 9 3 9 2 9 3 9 3 10 3 9 3 9 3 10 3 10 3 10 4 9 4 9 4 9 4 0 0 10 3 10 3 10 3 11 3 10 3 10 3 11 2 11 3 11 3 12 2 11 3 12 2 11 2 12 2 12 2 12 2 13 2 13 2 13 1 14 1 14 1 13 1 14 2 14 2 14 2 14 2 0 0 0 0 0 0 0 0 0 0
1784740920.219524,54843,-44,11,1,7,1,-95,1,641731185,128,0 0 0 0 0 0 0 0 0 0 0 0 2 6 2 7 1 7 1 8 0 7 0 8 0 8 0 8 0 9 0 8 0 9 0 9 -1 9 -1 10 -1 10 -1 10 -1 10 -2 10 -2 10 -2 10 -2 10 -2 11 -2 10 -2 10 -2 11 -2 11 0 0 -2 11 -2 11 -2 11 -1 11 -1 11 -1 11 -1 11 0 11 0 12 0 11 0 12 0 12 0 12 0 13 1 12 1 13 1 12 1 13 1 13 1 13 2 13 2 13 2 12 2 13 2 13 2 14 0 0 0 0 0 0 0 0 0 0
1784740920.230123,54844,-44,11,1,7,1,-95,1,641741144,128,0 0 0 0 0 0 0 0 0 0 0 0 -1 -8 0 -9 0 -9 1 -9 0 -9 1 -10 1 -9 1 -10 2 -10 2 -9 2 -10 2 -10 2 -10 3 -10 3 -11 4 -10 4 -11 4 -10 4 -11 4 -10 4 -11 5 -10 4 -10 4 -10 4 -11 4 -11 0 0 4 -11 5 -11 5 -11 4 -11 4 -11 4 -11 4 -11 4 -12 4 -12 3 -12 3 -12 2 -12 3 -12 3 -13 3 -12 3 -14 3 -12 2 -14 3 -14 3 -13 2 -14 3 -14 2 -13 2 -14 2 -14 2 -14 0 0 0 0 0 0 0 0 0 0
1784740920.245898,54845,-44,11,1,7,1,-95,1,641751158,128,0 0 0 0 0 0 0 0 0 0 0 0 2 -8 2 -8 2 -8 3 -8 3 -8 3 -8 4 -9 4 -8 4 -9 5 -8 5 -9 6 -9 6 -8 6 -8 6 -9 6 -9 6 -9 7 -9 7 -8 7 -9 7 -9 7 -9 7 -9 7 -8 7 -8 7 -9 0 0 7 -9 7 -9 6 -9 7 -10 6 -9 6 -9 6 -9 6 -10 6 -10 6 -11 6 -11 6 -11 6 -10 6 -11 5 -12 5 -11 6 -12 6 -12 6 -12 5 -13 6 -12 5 -12 6 -13 6 -13 5 -13 5 -13 0 0 0 0 0 0 0 0 0 0
1784740920.245898,54846,-44,11,1,7,1,-95,1,641762093,128,0 0 0 0 0 0 0 0 0 0 0 0 -7 -3 -7 -4 -7 -4 -7 -5 -7 -5 -7 -5 -7 -6 -7 -6 -7 -6 -7 -6 -7 -7 -7 -7 -7 -8 -7 -8 -7 -8 -7 -9 -7 -9 -7 -9 -7 -9 -7 -9 -7 -9 -6 -10 -7 -9 -7 -9 -7 -9 -7 -9 0 0 -7 -10 -7 -9 -7 -10 -7 -9 -7 -9 -7 -9 -7 -9 -8 -9 -8 -9 -8 -9 -8 -9 -9 -9 -9 -9 -9 -9 -9 -9 -10 -10 -9 -9 -10 -9 -10 -10 -10 -9 -10 -9 -10 -10 -10 -9 -10 -10 -11 -9 -11 -10 0 0 0 0 0 0 0 0 0 0
1784740920.261750,54847,-44,11,1,7,1,-95,1,641771172,128,0 0 0 0 0 0 0 0 0 0 0 0 2 6 2 6 2 7 1 7 1 8 1 8 1 8 1 8 1 8 0 9 0 9 0 9 -1 9 0 9 0 9 -1 10 -1 10 -1 10 -1 10 -1 10 -1 10 -1 10 -1 10 -1 10 -1 10 -1 10 0 0 -1 10 -1 10 -1 10 -1 11 0 10 0 11 0 10 1 11 1 11 1 11 1 11 2 11 1 11 2 11 2 12 2 12 2 12 2 12 3 12 3 12 3 12 3 13 3 13 3 13 3 13 3 13 0 0 0 0 0 0 0 0 0 0
1784740920.277668,54848,-44,11,1,7,1,-95,1,641781223,128,0 0 0 0 0 0 0 0 0 0 0 0 2 7 2 7 1 7 1 8 1 8 1 8 0 8 0 8 0 8 -1 9 -1 9 -1 9 -1 9 -2 9 -2 9 -2 10 -2 10 -2 10 -2 10 -2 10 -2 10 -2 10 -2 10 -3 10 -2 10 -2 10 0 0 -2 10 -2 10 -1 10 -1 10 -1 10 -1 10 -1 10 -1 11 0 10 0 11 0 11 0 11 0 11 0 11 1 12 1 12 1 12 1 12 1 13 1 13 1 13 1 13 1 13 1 13 1 13 1 13 0 0 0 0 0 0 0 0 0 0
1784740920.277668,54849,-45,11,1,7,1,-95,1,641792543,128,0 0 0 0 0 0 0 0 0 0 0 0 -8 -2 -8 -3 -8 -4 -8 -4 -8 -4 -8 -5 -9 -5 -8 -5 -9 -5 -8 -6 -8 -6 -8 -7 -8 -7 -8 -7 -8 -7 -8 -7 -8 -7 -8 -8 -8 -8 -8 -8 -8 -8 -8 -8 -8 -8 -8 -8 -8 -8 -8 -8 0 0 -8 -8 -8 -8 -8 -8 -9 -7 -9 -7 -9 -8 -9 -7 -9 -7 -9 -7 -10 -7 -10 -7 -10 -7 -10 -7 -10 -7 -11 -7 -11 -7 -11 -7 -12 -7 -12 -7 -12 -7 -12 -7 -12 -6 -12 -7 -12 -7 -12 -7 -12 -7 0 0 0 0 0 0 0 0 0 0
1784740920.293523,54850,-44,11,1,7,1,-95,1,641801210,128,0 0 0 0 0 0 0 0 0 0 0 0 2 -8 3 -8 4 -8 4 -8 4 -8 5 -8 5 -8 5 -8 6 -8 6 -8 6 -8 7 -8 7 -8 7 -8 7 -8 8 -7 8 -8 8 -8 8 -7 8 -7 8 -7 8 -7 9 -7 9 -7 8 -7 9 -7 0 0 8 -7 9 -8 9 -7 9 -8 8 -8 8 -8 8 -8 8 -9 8 -9 8 -9 8 -9 8 -9 8 -9 8 -10 8 -10 8 -10 8 -10 8 -10 8 -11 8 -11 8 -11 8 -11 8 -11 8 -11 8 -11 8 -11 0 0 0 0 0 0 0 0 0 0
1784740920.302009,54851,-44,11,1,7,1,-95,1,641811201,128,0 0 0 0 0 0 0 0 0 0 0 0 0 -8 1 -8 1 -8 1 -8 2 -8 2 -9 2 -9 2 -9 3 -9 3 -9 3 -9 4 -9 4 -9 4 -10 4 -10 5 -10 5 -10 5 -10 5 -10 6 -10 5 -10 6 -10 6 -10 6 -10 6 -10 6 -10 0 0 6 -10 6 -10 6 -10 6 -10 5 -10 6 -11 5 -11 5 -11 5 -11 5 -12 5 -12 5 -12 5 -12 5 -12 4 -12 4 -13 4 -13 5 -13 4 -13 4 -13 4 -14 4 -14 4 -13 4 -14 4 -14 4 -14 0 0 0 0 0 0 0 0 0 0
1784740920.302009,54852,-44,11,1,7,1,-95,1,641821182,128,0 0 0 0 0 0 0 0 0 0 0 0 -7 -4 -7 -4 -7 -5 -6 -5 -6 -6 -7 -6 -7 -6 -7 -7 -7 -7 -7 -7 -7 -7 -7 -7 -7 -8 -7 -8 -7 -8 -7 -9 -7 -9 -7 -9 -7 -9 -7 -10 -7 -9 -7 -10 -7 -10 -7 -9 -7 -10 -7 -10 0 0 -8 -10 -7 -10 -7 -10 -8 -10 -8 -10 -8 -10 -8 -10 -8 -10 -8 -10 -9 -10 -9 -10 -9 -10 -10 -10 -10 -10 -9 -10 -10 -11 -10 -10 -10 -11 -10 -11 -10 -11 -11 -11 -10 -11 -11 -11 -11 -11 -11 -11 -11 -11 0 0 0 0 0 0 0 0 0 0
1784740920.319912,54853,-44,11,1,7,1,-95,1,641831075,128,0 0 0 0 0 0 0 0 0 0 0 0 -5 -5 -5 -6 -5 -6 -5 -7 -4 -7 -4 -7 -5 -7 -4 -7 -4 -8 -4 -8 -4 -9 -4 -9 -4 -9 -3 -9 -4 -9 -3 -9 -4 -10 -4 -10 -3 -10 -4 -10 -4 -10 -4 -10 -4 -10 -3 -11 -3 -11 -3 -11 0 0 -4 -11 -4 -11 -4 -11 -5 -11 -5 -11 -5 -11 -5 -11 -5 -11 -6 -12 -6 -12 -5 -12 -6 -12 -6 -12 -6 -12 -7 -12 -7 -13 -6 -13 -7 -13 -7 -13 -7 -13 -7 -13 -7 -13 -7 -13 -7 -14 -7 -14 -7 -14 0 0 0 0 0 0 0 0 0 0
1784740920.334034,54854,-44,11,1,7,1,-95,1,641841221,128,0 0 0 0 0 0 0 0 0 0 0 0 4 -5 5 -6 5 -5 6 -5 6 -5 6 -5 6 -5 7 -5 7 -5 7 -4 7 -5 8 -5 8 -4 8 -4 9 -4 8 -4 9 -4 9 -4 9 -4 9 -4 9 -4 9 -4 9 -4 9 -4 9 -4 9 -4 0 0 9 -5 9 -5 10 -5 9 -5 10 -6 9 -6 10 -6 10 -6 10 -7 10 -7 10 -7 10 -7 10 -8 11 -8 10 -8 11 -9 10 -8 11 -9 11 -9 11 -9 11 -9 11 -9 11 -9 12 -9 12 -9 12 -9 0 0 0 0 0 0 0 0 0 0
1784740920.334034,54855,-44,11,1,7,1,-95,1,641851133,128,0 0 0 0 0 0 0 0 0 0 0 0 -2 6 -3 6 -3 7 -4 6 -4 7 -4 7 -5 7 -5 7 -5 7 -5 7 -6 7 -6 7 -6 7 -7 7 -7 7 -7 7 -8 7 -7 7 -8 7 -8 7 -8 7 -8 7 -8 7 -8 7 -8 7 -8 7 0 0 -8 8 -8 7 -8 7 -8 7 -8 8 -8 8 -8 8 -8 9 -8 9 -7 9 -7 9 -7 10 -7 10 -8 11 -8 10 -8 11 -7 10 -8 11 -8 11 -8 11 -8 11 -8 11 -8 11 -8 12 -8 12 -8 12 0 0 0 0 0 0 0 0 0 0
1784740920.350145,54856,-44,11,1,7,1,-95,1,641864486,128,0 0 0 0 0 0 0 0 0 0 0 0 -7 2 -8 2 -8 1 -8 1 -8 1 -8 1 -9 1 -9 1 -9 1 -10 0 -10 0 -10 0 -10 -1 -10 -1 -10 -1 -11 -1 -11 -1 -11 -1 -11 -1 -11 -1 -11 -1 -11 -1 -12 -1 -12 -2 -12 -2 -12 -2 0 0 -12 -1 -12 -1 -12 -1 -12 -1 -12 0 -12 0 -12 0 -13 0 -12 0 -13 0 -13 0 -13 0 -13 1 -13 1 -13 2 -13 2 -14 2 -14 2 -14 2 -14 3 -14 3 -14 3 -14 2 -15 2 -14 2 -14 3 0 0 0 0 0 0 0 0 0 0
1784740920.366050,54857,-44,11,1,7,1,-95,1,641871134,128,0 0 0 0 0 0 0 0 0 0 0 0 -3 -7 -2 -7 -2 -8 -2 -8 -2 -8 -1 -9 -1 -9 -1 -9 -1 -9 -1 -9 0 -10 0 -10 0 -10 0 -10 1 -11 1 -10 1 -11 1 -11 1 -11 1 -11 1 -11 1 -12 1 -11 1 -11 1 -11 1 -12 0 0 1 -12 1 -12 1 -12 1 -12 1 -12 1 -12 0 -12 0 -12 0 -13 0 -13 0 -13 -1 -13 0 -13 -1 -13 -1 -13 -1 -14 -1 -13 -1 -14 -1 -14 -2 -14 -1 -14 -2 -14 -2 -14 -1 -14 -2 -14 -2 -15 0 0 0 0 0 0 0 0 0 0
1784740920.366050,54858,-44,11,1,7,1,-95,1,641881160,128,0 0 0 0 0 0 0 0 0 0 0 0 4 -6 5 -6 5 -5 6 -5 6 -5 6 -5 7 -5 7 -5 8 -5 7 -5 8 -5 8 -5 9 -5 8 -5 9 -5 9 -4 9 -4 9 -4 9 -4 9 -4 9 -4 10 -4 9 -4 10 -4 10 -4 10 -5 0 0 10 -5 10 -5 10 -5 10 -5 10 -6 10 -5 10 -6 10 -6 11 -6 10 -7 11 -7 10 -7 11 -7 11 -7 11 -7 11 -7 11 -7 11 -8 12 -8 12 -8 11 -8 12 -8 11 -8 12 -8 12 -8 12 -9 0 0 0 0 0 0 0 0 0 0
1784740920.381872,54859,-44,11,1,7,1,-95,1,641891104,128,0 0 0 0 0 0 0 0 0 0 0 0 0 -7 0 -7 0 -8 1 -7 1 -8 1 -8 1 -8 2 -8 2 -8 3 -9 3 -9 3 -9 3 -9 3 -9 3 -9 4 -9 4 -9 4 -9 4 -9 4 -10 4 -10 4 -9 4 -10 4 -10 4 -10 4 -10 0 0 4 -10 4 -11 4 -10 4 -11 3 -11 4 -11 4 -11 4 -12 3 -11 4 -12 4 -12 3 -12 3 -12 3 -12 3 -13 3 -13 3 -14 3 -14 3 -14 3 -14 3 -14 3 -14 4 -14 4 -14 4 -14 3 -14 0 0 0 0 0 0 0 0 0 0
1784740920.397672,54860,-44,11,1,7,1,-95,1,641901112,128,0 0 0 0 0 0 0 0 0 0 0 0 -1 6 -1 6 -2 6 -2 7 -2 7 -2 7 -3 7 -3 7 -3 8 -3 7 -4 8 -4 8 -4 8 -5 8 -5 8 -5 8 -5 9 -6 9 -6 8 -6 8 -6 9 -6 9 -6 9 -6 8 -6 8 -6 9 0 0 -6 9 -6 9 -6 10 -6 9 -6 9 -6 10 -5 10 -6 10 -6 10 -5 11 -5 11 -5 11 -5 11 -5 12 -5 11 -6 12 -5 12 -5 13 -5 12 -5 13 -5 13 -5 13 -5 13 -6 13 -5 13 -6 14 0 0 0 0 0 0 0 0 0 0
1784740920.397672,54861,-44,11,1,7,1,-95,1,641911133,128,0 0 0 0 0 0 0 0 0 0 0 0 3 -6 3 -6 4 -6 4 -6 4 -6 5 -6 5 -6 5 -7 6 -7 6 -6 6 -7 6 -6 7 -7 7 -6 7 -6 8 -6 8 -6 8 -6 8 -6 8 -6 8 -6 8 -6 9 -6 8 -6 8 -6 9 -6 0 0 9 -6 9 -6 9 -6 9 -6 8 -7 9 -7 9 -7 9 -7 9 -7 9 -8 9 -8 9 -8 9 -8 9 -8 9 -9 9 -8 9 -9 9 -9 9 -9 9 -9 9 -9 9 -10 10 -10 10 -10 9 -10 9 -10 0 0 0 0 0 0 0 0 0 0
1784740920.413731,54862,-45,11,1,7,1,-95,1,641921106,128,0 0 0 0 0 0 0 0 0 0 0 0 -5 6 -5 5 -6 6 -6 5 -7 5 -7 5 -7 5 -8 5 -7 5 -8 5 -8 5 -9 5 -9 5 -9 5 -9 4 -9 5 -9 5 -10 5 -10 4 -10 5 -10 4 -10 4 -10 5 -10 4 -10 4 -10 5 0 0 -10 5 -10 5 -10 5 -10 6 -10 5 -10 5 -10 5 -11 6 -10 6 -11 7 -10 7 -10 6 -10 6 -10 7 -10 8 -10 8 -11 7 -10 8 -10 8 -10 8 -10 8 -10 9 -11 8 -11 8 -10 8 -10 9 0 0 0 0 0 0 0 0 0 0
1784740920.420395,54863,-45,11,1,7,1,-95,1,641931062,128,0 0 0 0 0 0 0 0 0 0 0 0 4 6 3 6 3 6 2 7 3 7 2 7 2 7 2 8 2 8 2 8 2 8 2 8 2 9 1 9 2 9 1 9 1 9 1 9 1 9 1 9 1 10 1 10 1 10 1 10 1 10 1 10 0 0 2 10 1 10 1 10 2 10 2 10 2 10 2 11 2 10 2 11 3 11 3 11 3 11 3 11 3 11 3 11 3 12 3 11 4 11 4 12 4 12 4 12 4 12 4 11 4 12 4 11 4 12 0 0 0 0 0 0 0 0 0 0
1784740920.429510,54864,-44,11,1,7,1,-95,1,641941155,128,0 0 0 0 0 0 0 0 0 0 0 0 5 -6 5 -6 5 -5 6 -5 6 -5 6 -5 7 -5 7 -5 7 -5 8 -5 8 -4 8 -4 8 -4 8 -4 9 -4 9 -4 9 -4 9 -4 9 -4 9 -4 9 -4 9 -4 9 -4 10 -4 9 -4 10 -4 0 0 10 -5 10 -4 10 -5 10 -5 10 -5 10 -6 10 -6 10 -6 10 -6 11 -7 11 -6 10 -6 11 -7 11 -7 11 -7 11 -7 11 -7 11 -8 11 -8 11 -8 11 -8 11 -8 12 -8 12 -8 12 -7 12 -8 0 0 0 0 0 0 0 0 0 0
1784740920.445333,54865,-44,11,1,7,1,-95,1,641951112,128,0 0 0 0 0 0 0 0 0 0 0 0 -6 -5 -6 -5 -6 -6 -6 -6 -6 -7 -6 -7 -6 -7 -6 -7 -6 -8 -5 -8 -5 -8 -5 -9 -5 -9 -5 -9 -5 -9 -5 -9 -5 -10 -5 -10 -5 -10 -5 -10 -5 -10 -5 -10 -5 -10 -4 -10 -4 -10 -5 -10 0 0 -5 -10 -5 -10 -5 -10 -6 -10 -6 -10 -6 -10 -6 -10 -7 -11 -7 -10 -7 -11 -7 -11 -7 -11 -7 -11 -8 -11 -8 -11 -8 -11 -8 -11 -9 -12 -9 -11 -9 -12 -9 -12 -10 -12 -9 -12 -9 -13 -9 -12 -9 -12 0 0 0 0 0 0 0 0 0 0
1784740920.445333,54866,-44,11,1,7,1,-95,1,641961127,128,0 0 0 0 0 0 0 0 0 0 0 0 -7 -2 -7 -3 -7 -3 -7 -4 -7 -4 -7 -4 -7 -5 -8 -5 -7 -5 -8 -5 -8 -5 -8 -6 -8 -6 -8 -6 -8 -7 -8 -7 -8 -7 -8 -7 -8 -7 -8 -8 -8 -8 -8 -8 -8 -8 -8 -8 -8 -8 -9 -8 0 0 -9 -8 -9 -9 -9 -9 -9 -8 -9 -8 -9 -8 -9 -9 -9 -9 -10 -9 -11 -8 -11 -8 -11 -8 -11 -8 -11 -9 -11 -8 -11 -9 -11 -9 -12 -9 -12 -9 -12 -9 -12 -9 -12 -10 -12 -9 -13 -9 -13 -9 -13 -9 0 0 0 0 0 0 0 0 0 0
1784740920.461136,54867,-44,11,1,7,1,-95,1,641971110,128,0 0 0 0 0 0 0 0 0 0 0 0 -2 5 -2 5 -3 6 -3 6 -3 6 -3 6 -3 6 -3 7 -3 7 -4 7 -4 7 -5 7 -5 7 -5 7 -5 7 -5 8 -5 8 -6 8 -6 8 -6 8 -5 8 -6 8 -6 8 -6 8 -7 8 -7 8 0 0 -6 9 -6 9 -6 9 -6 10 -6 9 -6 10 -6 10 -6 10 -6 10 -6 11 -6 11 -6 11 -6 11 -6 11 -6 12 -6 12 -6 12 -6 12 -6 12 -6 13 -6 13 -5 13 -6 13 -7 13 -6 13 -6 13 0 0 0 0 0 0 0 0 0 0
1784740920.477007,54868,-44,11,1,7,1,-95,1,641981167,128,0 0 0 0 0 0 0 0 0 0 0 0 4 -5 4 -5 4 -5 5 -5 5 -5 5 -5 5 -5 5 -5 6 -5 6 -5 6 -5 6 -5 7 -5 7 -4 7 -5 7 -5 7 -5 7 -5 8 -5 8 -5 8 -5 8 -5 8 -5 8 -5 8 -5 9 -5 0 0 9 -6 9 -6 9 -6 9 -6 9 -6 9 -6 9 -7 10 -7 10 -7 10 -7 10 -7 10 -7 10 -7 11 -8 10 -8 11 -8 11 -8 11 -8 11 -8 11 -9 11 -9 11 -9 11 -8 12 -8 12 -8 12 -9 0 0 0 0 0 0 0 0 0 0
1784740920.477007,54869,-44,11,1,7,1,-95,1,641991112,128,0 0 0 0 0 0 0 0 0 0 0 0 -6 -4 -6 -5 -6 -5 -6 -5 -6 -6 -6 -6 -5 -6 -6 -6 -5 -7 -6 -6 -6 -7 -6 -7 -6 -7 -6 -7 -6 -8 -5 -8 -5 -8 -6 -8 -6 -8 -6 -8 -6 -8 -6 -9 -6 -8 -6 -8 -6 -8 -7 -9 0 0 -7 -9 -7 -9 -7 -9 -7 -9 -7 -9 -8 -9 -8 -9 -8 -9 -8 -10 -9 -9 -9 -10 -10 -10 -10 -10 -10 -11 -9 -11 -10 -11 -10 -11 -10 -11 -10 -11 -10 -11 -10 -11 -10 -12 -10 -11 -11 -11 -11 -11 -11 -12 0 0 0 0 0 0 0 0 0 0
1784740920.492778,54870,-42,11,1,7,0,-95,1,642001993,128,0 0 0 0 0 0 0 0 0 0 0 0 6 -6 7 -5 7 -5 7 -5 8 -5 8 -5 8 -5 8 -4 9 -4 9 -4 9 -4 10 -4 10 -4 10 -4 10 -4 10 -3 10 -3 11 -3 10 -3 10 -3 10 -3 11 -3 11 -4 11 -4 11 -4 11 -4 0 0 11 -5 11 -4 12 -4 11 -5 12 -5 12 -5 12 -6 12 -6 12 -6 12 -6 12 -7 12 -7 13 -7 13 -7 13 -7 13 -7 14 -8 14 -8 14 -8 14 -8 14 -8 14 -8 14 -8 15 -8 15 -8 15 -8 0 0 0 0 0 0 0 0 0 0
1784740920.508582,54871,-45,11,1,7,1,-95,1,642011072,128,0 0 0 0 0 0 0 0 0 0 0 0 -8 0 -8 -1 -8 -1 -9 -2 -8 -2 -9 -2 -9 -2 -9 -2 -9 -3 -9 -3 -9 -3 -9 -3 -10 -4 -10 -4 -10 -4 -9 -4 -10 -5 -10 -4 -10 -5 -10 -5 -10 -4 -10 -5 -10 -4 -10 -4 -10 -4 -11 -5 0 0 -11 -4 -11 -4 -11 -5 -11 -4 -11 -4 -11 -4 -12 -4 -12 -4 -12 -4 -12 -3 -12 -3 -13 -3 -13 -3 -14 -3 -13 -3 -14 -4 -13 -3 -14 -3 -14 -3 -14 -3 -14 -3 -15 -3 -14 -3 -15 -3 -15 -3 -15 -3 0 0 0 0 0 0 0 0 0 0
1784740920.520629,54872,-45,11,1,7,1,-95,1,642022724,128,0 0 0 0 0 0 0 0 0 0 0 0 -5 -7 -5 -8 -4 -8 -4 -8 -4 -9 -4 -9 -4 -9 -3 -9 -3 -10 -3 -9 -3 -10 -2 -10 -2 -10 -2 -10 -2 -11 -2 -11 -2 -11 -2 -11 -2 -11 -2 -11 -2 -11 -2 -11 -2 -11 -2 -11 -2 -11 -2 -11 0 0 -2 -11 -3 -11 -3 -11 -3 -12 -3 -12 -3 -12 -3 -12 -4 -12 -4 -12 -4 -12 -4 -12 -4 -12 -4 -12 -5 -12 -5 -13 -5 -13 -5 -13 -5 -13 -5 -13 -6 -13 -6 -13 -6 -13 -5 -14 -5 -14 -6 -14 -6 -14 0 0 0 0 0 0 0 0 0 0
1784740920.524343,54873,-45,11,1,7,1,-95,1,642031098,128,0 0 0 0 0 0 0 0 0 0 0 0 8 -3 8 -3 8 -2 8 -2 9 -1 9 -1 9 -1 9 -1 9 -1 9 0 9 0 9 1 9 1 9 1 9 0 10 1 10 1 10 1 10 1 10 1 10 1 10 1 10 1 10 1 10 1 10 1 0 0 10 0 10 0 10 0 11 -1 10 -1 11 -1 11 -1 11 -1 11 -1 12 -2 12 -2 11 -1 12 -2 11 -2 13 -3 12 -3 13 -3 12 -3 13 -3 13 -4 13 -3 13 -4 13 -3 13 -3 13 -3 13 -4 0 0 0 0 0 0 0 0 0 0
1784740920.524343,54874,-45,11,1,7,1,-95,1,642042154,128,0 0 0 0 0 0 0 0 0 0 0 0 6 -6 6 -5 7 -5 7 -5 8 -4 8 -4 8 -4 8 -4 8 -4 9 -4 9 -3 9 -3 9 -3 10 -3 10 -3 10 -2 10 -2 10 -2 10 -2 10 -2 10 -2 10 -2 10 -3 10 -2 10 -2 10 -2 0 0 10 -3 10 -3 10 -3 10 -3 9 -4 10 -4 10 -4 10 -5 10 -4 10 -5 10 -5 10 -5 10 -5 10 -5 10 -6 11 -6 10 -6 11 -6 11 -6 11 -7 11 -7 11 -6 11 -7 11 -7 11 -7 10 -7 0 0 0 0 0 0 0 0 0 0
1784740920.540295,54875,-45,11,1,7,1,-95,1,642051192,128,0 0 0 0 0 0 0 0 0 0 0 0 0 -9 0 -9 1 -9 1 -9 1 -10 1 -9 1 -10 2 -10 2 -10 3 -10 3 -10 4 -10 4 -10 4 -11 4 -11 5 -11 5 -11 5 -11 5 -10 5 -11 5 -11 5 -10 5 -11 5 -10 5 -10 5 -10 0 0 5 -11 5 -11 4 -10 4 -11 4 -11 3 -11 3 -11 3 -11 3 -11 3 -12 3 -12 3 -12 3 -12 2 -12 2 -13 2 -13 2 -13 2 -13 2 -13 1 -13 1 -13 1 -13 1 -13 2 -13 2 -13 1 -13 0 0 0 0 0 0 0 0 0 0
1784740920.557420,54876,-45,11,1,7,1,-95,1,642061188,128,0 0 0 0 0 0 0 0 0 0 0 0 -5 6 -5 6 -6 5 -6 6 -7 6 -7 6 -7 6 -7 5 -8 5 -8 5 -8 5 -9 5 -9 5 -9 4 -9 5 -10 4 -10 5 -10 5 -10 4 -10 5 -10 4 -10 5 -10 4 -10 4 -10 4 -10 4 0 0 -10 5 -10 5 -10 5 -10 5 -10 5 -10 5 -10 6 -10 6 -10 6 -10 6 -10 6 -10 6 -10 6 -10 7 -10 7 -10 8 -10 7 -10 8 -10 8 -10 8 -10 8 -10 9 -11 8 -11 8 -11 8 -11 8 0 0 0 0 0 0 0 0 0 0
1784740920.557420,54877,-45,11,1,7,1,-95,1,642071081,128,0 0 0 0 0 0 0 0 0 0 0 0 -6 4 -6 4 -6 4 -7 4 -7 4 -7 4 -7 4 -7 4 -8 4 -8 3 -8 4 -8 3 -8 3 -9 3 -9 3 -9 3 -9 3 -9 3 -9 3 -9 3 -9 4 -9 3 -9 4 -9 4 -9 4 -10 4 0 0 -10 5 -10 4 -10 5 -10 5 -10 5 -10 5 -10 5 -10 6 -10 6 -11 6 -11 6 -11 7 -11 7 -11 7 -11 7 -12 7 -11 7 -11 8 -11 8 -12 8 -12 8 -12 8 -12 8 -12 8 -12 8 -13 9 0 0 0 0 0 0 0 0 0 0
1784740920.577485,54878,-45,11,1,7,1,-95,1,642081186,128,0 0 0 0 0 0 0 0 0 0 0 0 5 2 5 2 5 2 5 3 5 3 5 3 5 3 5 3 5 3 6 4 5 4 6 4 6 4 6 4 6 4 6 4 6 4 6 5 6 4 7 4 7 4 7 4 7 4 7 4 7 4 8 4 0 0 8 4 9 4 8 4 9 5 9 4 10 5 10 4 10 5 10 5 11 5 11 5 11 5 11 5 11 5 12 5 12 5 12 5 12 5 13 5 13 5 13 5 13 5 13 6 13 6 13 6 13 6 0 0 0 0 0 0 0 0 0 0
1784740920.588022,54879,-46,11,1,7,1,-95,1,642092386,128,0 0 0 0 0 0 0 0 0 0 0 0 2 5 2 6 1 6 1 6 1 7 1 7 0 7 1 7 0 7 1 7 0 7 0 8 0 8 0 8 0 8 -1 8 -1 8 -1 8 -1 9 -1 8 -1 9 -1 9 0 9 0 9 0 9 0 10 0 0 0 10 0 10 0 10 0 10 0 10 0 10 0 11 0 10 0 11 1 11 1 11 2 11 2 12 1 12 1 12 1 12 1 12 2 12 1 13 1 13 2 13 1 13 2 13 2 14 2 14 2 14 0 0 0 0 0 0 0 0 0 0
1784740920.588022,54880,-46,11,1,7,1,-95,1,642101177,128,0 0 0 0 0 0 0 0 0 0 0 0 -5 4 -6 4 -6 4 -6 4 -7 4 -7 4 -7 4 -7 3 -8 3 -8 3 -8 3 -8 3 -8 3 -9 3 -9 3 -9 2 -10 2 -9 2 -9 2 -9 2 -10 2 -10 2 -9 2 -9 2 -9 2 -10 2 0 0 -10 3 -10 3 -10 3 -10 3 -10 3 -10 3 -10 3 -10 4 -10 4 -10 5 -10 5 -10 5 -10 5 -11 5 -11 5 -11 6 -11 5 -11 6 -12 6 -11 6 -11 6 -11 6 -11 6 -12 6 -12 7 -12 7 0 0 0 0 0 0 0 0 0 0
1784740920.608044,54881,-45,11,1,7,1,-95,1,642111086,128,0 0 0 0 0 0 0 0 0 0 0 0 6 3 6 4 6 4 6 5 6 5 6 5 6 5 6 6 6 6 6 6 5 6 5 7 5 7 5 7 5 7 5 8 5 8 5 8 5 8 5 8 5 8 5 8 5 7 5 8 5 8 5 7 0 0 5 8 6 7 5 8 6 8 6 7 6 7 7 7 7 7 7 7 7 8 7 8 8 7 7 8 8 7 8 8 8 8 8 8 8 8 9 8 9 8 9 8 9 7 9 8 9 8 9 8 10 8 0 0 0 0 0 0 0 0 0 0
1784740920.608044,54882,-45,11,1,7,1,-95,1,642121057,128,0 0 0 0 0 0 0 0 0 0 0 0 1 -9 2 -9 3 -8 3 -9 3 -8 4 -9 4 -8 4 -8 5 -8 4 -8 5 -8 5 -8 5 -8 5 -8 6 -8 6 -8 6 -8 6 -8 6 -8 6 -8 6 -8 6 -7 6 -8 5 -8 6 -8 6 -8 0 0 6 -9 5 -9 6 -9 6 -9 6 -9 6 -10 5 -10 5 -10 6 -10 5 -10 5 -11 5 -11 5 -11 5 -11 5 -11 6 -11 5 -11 5 -12 5 -12 5 -12 5 -12 5 -12 4 -11 5 -12 4 -12 4 -12 0 0 0 0 0 0 0 0 0 0
1784740920.620579,54883,-44,11,1,7,1,-95,1,642131154,128,0 0 0 0 0 0 0 0 0 0 0 0 4 6 4 7 3 7 3 8 2 8 2 8 2 8 2 9 1 9 1 9 1 9 1 9 1 10 1 10 0 10 0 10 0 10 0 10 0 10 -1 10 -1 10 -1 10 0 10 0 10 0 10 0 10 0 0 0 10 0 10 0 10 0 10 1 10 1 10 1 10 1 11 1 11 2 11 2 11 2 11 3 11 2 11 2 11 2 12 2 11 3 11 3 12 3 12 3 12 3 12 4 12 4 12 4 12 4 12 0 0 0 0 0 0 0 0 0 0
1784740920.636007,54884,-43,11,1,7,1,-95,1,642141097,128,0 0 0 0 0 0 0 0 0 0 0 0 6 4 6 4 6 5 5 5 5 6 5 6 5 6 5 7 5 7 5 8 5 8 4 8 4 8 4 8 4 9 4 9 4 9 4 9 4 10 4 9 4 10 4 10 4 10 3 10 3 10 3 10 0 0 3 10 4 10 4 9 4 10 4 9 4 10 5 9 5 9 5 9 6 10 6 10 6 10 6 9 6 9 7 10 7 10 7 10 7 10 7 10 8 10 8 10 8 10 7 11 7 11 8 11 8 11 0 0 0 0 0 0 0 0 0 0
1784740920.651940,54885,-42,11,1,7,1,-95,1,642151278,128,0 0 0 0 0 0 0 0 0 0 0 0 -7 -4 -7 -5 -7 -6 -7 -6 -7 -6 -7 -6 -7 -7 -7 -7 -7 -7 -7 -8 -6 -8 -7 -9 -6 -9 -6 -9 -6 -10 -6 -10 -6 -10 -6 -10 -6 -11 -5 -10 -6 -11 -5 -11 -5 -10 -5 -10 -5 -10 -5 -11 0 0 -5 -11 -5 -11 -5 -11 -5 -10 -6 -10 -6 -10 -6 -10 -7 -11 -6 -11 -7 -10 -7 -11 -7 -10 -7 -11 -8 -11 -8 -10 -8 -11 -8 -11 -8 -11 -9 -11 -9 -11 -9 -11 -9 -11 -9 -11 -9 -11 -9 -11 -10 -11 0 0 0 0 0 0 0 0 0 0
1784740920.651940,54886,-43,11,1,7,1,-95,1,642161234,128,0 0 0 0 0 0 0 0 0 0 0 0 -8 -2 -8 -3 -8 -4 -8 -4 -8 -5 -8 -5 -8 -5 -9 -5 -8 -6 -8 -6 -8 -6 -8 -7 -8 -7 -8 -7 -8 -7 -8 -8 -8 -8 -8 -8 -8 -8 -8 -8 -8 -8 -8 -8 -8 -8 -8 -8 -8 -8 -8 -8 0 0 -8 -8 -8 -8 -8 -8 -8 -8 -9 -7 -9 -8 -9 -7 -9 -7 -9 -8 -10 -7 -10 -7 -10 -7 -10 -7 -11 -7 -11 -7 -11 -7 -11 -7 -12 -7 -12 -7 -12 -7 -12 -7 -12 -7 -12 -6 -12 -7 -13 -7 -13 -7 0 0 0 0 0 0 0 0 0 0
1784740920.667725,54887,-43,11,1,7,1,-95,1,642171554,128,0 0 0 0 0 0 0 0 0 0 0 0 -7 -5 -7 -5 -7 -6 -6 -6 -6 -7 -6 -7 -6 -8 -6 -8 -6 -8 -6 -8 -5 -9 -5 -9 -5 -9 -5 -10 -5 -9 -5 -10 -5 -9 -5 -10 -5 -10 -5 -10 -5 -10 -5 -10 -5 -10 -4 -10 -4 -10 -5 -10 0 0 -5 -10 -5 -10 -5 -10 -6 -10 -6 -10 -6 -10 -6 -10 -7 -10 -7 -10 -7 -11 -7 -10 -7 -10 -7 -10 -7 -10 -8 -11 -8 -10 -8 -11 -9 -11 -9 -11 -9 -11 -9 -11 -9 -11 -10 -12 -9 -12 -9 -12 -9 -12 0 0 0 0 0 0 0 0 0 0
1784740920.667725,54888,-44,11,1,7,1,-95,1,642181121,128,0 0 0 0 0 0 0 0 0 0 0 0 -6 5 -6 4 -6 5 -7 4 -7 4 -7 4 -7 4 -8 4 -8 4 -8 4 -9 4 -9 4 -9 4 -10 3 -10 4 -10 3 -10 4 -10 3 -10 3 -10 3 -10 3 -10 3 -10 3 -10 3 -10 3 -10 4 0 0 -11 4 -10 4 -10 4 -10 4 -10 5 -10 5 -11 5 -11 5 -11 5 -11 6 -11 6 -11 6 -11 6 -11 7 -11 7 -12 7 -11 7 -12 8 -11 8 -12 8 -12 8 -12 8 -12 8 -12 8 -12 8 -13 8 0 0 0 0 0 0 0 0 0 0
1784740920.683707,54889,-44,11,1,7,1,-95,1,642191195,128,0 0 0 0 0 0 0 0 0 0 0 0 -4 -6 -4 -7 -4 -7 -4 -7 -3 -8 -3 -8 -3 -8 -3 -8 -3 -8 -3 -9 -3 -9 -3 -9 -3 -9 -2 -10 -3 -10 -2 -10 -2 -10 -2 -10 -2 -10 -2 -10 -2 -11 -2 -10 -2 -11 -2 -11 -2 -11 -2 -11 0 0 -2 -11 -2 -11 -2 -11 -2 -11 -3 -11 -3 -12 -3 -12 -3 -12 -3 -12 -4 -13 -4 -13 -4 -13 -4 -13 -4 -13 -4 -13 -4 -14 -4 -13 -4 -14 -4 -14 -4 -14 -4 -14 -4 -14 -4 -14 -4 -15 -4 -14 -4 -15 0 0 0 0 0 0 0 0 0 0
1784740920.692061,54890,-45,11,1,7,1,-95,1,642201095,128,0 0 0 0 0 0 0 0 0 0 0 0 5 4 5 5 5 5 5 5 5 6 5 6 5 6 4 6 5 6 4 7 4 7 4 7 4 8 4 8 4 8 4 8 4 8 4 8 4 8 4 8 4 8 4 8 4 9 4 8 4 8 4 9 0 0 5 9 5 9 5 8 6 9 6 9 6 9 6 9 6 9 6 9 7 10 7 10 7 9 7 9 7 9 8 10 8 10 8 10 8 10 8 10 8 10 8 11 8 10 8 11 8 11 8 11 8 11 0 0 0 0 0 0 0 0 0 0
1784740920.699469,54891,-44,11,1,7,1,-95,1,642211129,128,0 0 0 0 0 0 0 0 0 0 0 0 -4 -8 -4 -8 -3 -8 -3 -9 -3 -9 -3 -9 -3 -9 -3 -10 -2 -10 -2 -10 -2 -10 -2 -10 -1 -11 -1 -11 -2 -11 -1 -11 -1 -12 -1 -11 -1 -12 -1 -11 -1 -11 0 -11 -1 -11 -1 -11 -1 -11 -1 -12 0 0 -1 -12 -1 -12 -1 -12 -1 -11 -1 -12 -2 -12 -2 -12 -2 -12 -2 -12 -3 -12 -2 -12 -3 -12 -3 -13 -3 -13 -3 -12 -3 -13 -3 -12 -4 -13 -4 -13 -4 -13 -4 -13 -4 -14 -4 -13 -4 -14 -4 -14 -5 -14 0 0 0 0 0 0 0 0 0 0
1784740920.718134,54892,-44,11,1,7,1,-95,1,642221085,128,0 0 0 0 0 0 0 0 0 0 0 0 -6 -7 -5 -7 -5 -8 -4 -8 -4 -9 -4 -9 -4 -9 -4 -9 -4 -9 -4 -10 -4 -10 -3 -10 -3 -11 -3 -11 -3 -11 -2 -11 -2 -11 -2 -11 -2 -11 -2 -11 -2 -11 -2 -11 -2 -11 -2 -11 -2 -11 -2 -11 0 0 -2 -12 -2 -12 -2 -12 -2 -12 -3 -11 -3 -12 -3 -12 -3 -12 -3 -12 -4 -12 -4 -12 -4 -12 -4 -12 -4 -12 -4 -12 -4 -12 -4 -12 -5 -13 -5 -12 -5 -13 -6 -13 -6 -13 -5 -13 -5 -13 -5 -13 -5 -13 0 0 0 0 0 0 0 0 0 0
1784740920.720748,54893,-44,11,1,7,1,-95,1,642231096,128,0 0 0 0 0 0 0 0 0 0 0 0 7 1 7 1 7 1 7 2 7 2 7 2 8 2 7 3 8 3 8 4 8 4 8 4 8 4 8 4 8 4 8 5 9 5 9 5 9 5 9 5 9 5 9 5 9 6 9 6 9 6 8 6 0 0 9 6 9 5 9 6 10 6 10 5 10 6 10 5 10 5 10 5 11 5 11 5 11 5 11 5 11 5 12 5 12 5 12 5 13 5 12 5 13 5 13 5 13 5 13 5 13 6 13 5 13 5 0 0 0 0 0 0 0 0 0 0
1784740920.733841,54894,-44,11,1,7,1,-95,1,642241058,128,0 0 0 0 0 0 0 0 0 0 0 0 -8 1 -8 0 -8 0 -8 0 -9 0 -9 0 -9 -1 -9 -1 -9 -1 -10 -1 -10 -2 -10 -2 -10 -2 -10 -2 -10 -2 -11 -3 -11 -3 -11 -3 -11 -3 -11 -3 -11 -4 -11 -4 -12 -3 -11 -4 -11 -4 -12 -4 0 0 -12 -4 -12 -4 -12 -4 -12 -4 -12 -3 -12 -3 -12 -3 -13 -3 -12 -3 -13 -3 -13 -3 -13 -3 -13 -3 -13 -3 -14 -3 -14 -3 -14 -2 -14 -2 -14 -2 -15 -2 -15 -2 -15 -2 -14 -2 -15 -2 -15 -2 -15 -2 0 0 0 0 0 0 0 0 0 0
1784740920.747613,54895,-44,11,1,7,1,-95,1,642251143,128,0 0 0 0 0 0 0 0 0 0 0 0 4 -7 4 -6 5 -6 5 -6 5 -6 5 -6 6 -7 6 -6 7 -7 7 -6 7 -6 8 -6 8 -6 8 -6 8 -6 9 -6 9 -6 9 -6 9 -6 10 -6 10 -6 10 -6 10 -6 10 -5 10 -5 10 -5 0 0 10 -6 10 -6 10 -5 11 -6 10 -6 10 -6 10 -6 10 -7 10 -6 10 -7 10 -7 10 -7 10 -7 10 -7 10 -8 10 -8 11 -8 10 -8 10 -8 11 -9 10 -9 10 -9 11 -9 11 -9 11 -9 11 -9 0 0 0 0 0 0 0 0 0 0
1784740920.747613,54896,-44,11,1,7,1,-95,1,642261199,128,0 0 0 0 0 0 0 0 0 0 0 0 -6 1 -7 1 -7 0 -7 0 -7 0 -8 0 -8 0 -8 0 -8 0 -9 -1 -9 -1 -9 -1 -9 -2 -10 -2 -10 -2 -10 -2 -11 -2 -10 -3 -11 -3 -11 -3 -11 -3 -11 -3 -11 -3 -11 -3 -11 -4 -11 -4 0 0 -11 -4 -11 -3 -12 -4 -11 -4 -12 -3 -12 -3 -12 -3 -12 -3 -12 -3 -13 -3 -12 -3 -12 -3 -13 -3 -13 -3 -13 -2 -14 -2 -13 -3 -14 -2 -14 -2 -14 -2 -14 -2 -14 -2 -14 -2 -14 -3 -15 -2 -15 -2 0 0 0 0 0 0 0 0 0 0
1784740920.763461,54897,-45,11,1,7,1,-95,1,642274012,128,0 0 0 0 0 0 0 0 0 0 0 0 1 -5 1 -6 1 -6 2 -6 2 -6 2 -6 2 -6 3 -7 3 -7 3 -7 3 -7 3 -7 4 -8 4 -8 4 -8 5 -7 5 -8 5 -8 5 -8 6 -7 6 -8 6 -8 6 -8 6 -8 6 -8 6 -9 0 0 7 -9 7 -9 7 -9 6 -8 7 -9 7 -9 7 -9 7 -10 7 -10 7 -10 7 -10 6 -11 7 -11 7 -11 7 -11 8 -12 7 -11 7 -12 7 -12 8 -12 8 -12 8 -12 7 -12 8 -13 8 -13 8 -13 0 0 0 0 0 0 0 0 0 0
1784740920.763461,54898,-45,11,1,7,1,-95,1,642281165,128,0 0 0 0 0 0 0 0 0 0 0 0 5 -2 5 -2 5 -1 5 -1 6 -1 6 -1 6 -1 7 -1 7 -1 8 0 7 0 8 0 8 0 8 0 8 0 9 0 8 0 9 0 9 1 9 0 9 0 9 1 10 1 9 1 9 1 10 1 0 0 10 1 10 1 10 1 11 1 10 1 11 0 11 0 11 0 11 0 13 0 12 0 12 0 12 0 12 0 13 -1 12 -1 14 -1 13 -1 13 -1 14 -1 14 -1 14 -2 14 -1 14 0 14 -1 14 -1 0 0 0 0 0 0 0 0 0 0
1784740920.779312,54899,-45,11,1,7,1,-95,1,642291052,128,0 0 0 0 0 0 0 0 0 0 0 0 -6 2 -6 1 -7 1 -7 1 -7 0 -8 1 -7 0 -8 0 -8 0 -8 0 -9 0 -9 0 -9 0 -9 -1 -10 -1 -10 -2 -10 -2 -10 -2 -10 -2 -10 -2 -11 -2 -11 -3 -10 -2 -10 -2 -11 -2 -11 -2 0 0 -11 -3 -11 -3 -11 -3 -11 -2 -11 -3 -11 -3 -11 -3 -12 -3 -12 -3 -12 -2 -12 -2 -12 -1 -13 -2 -13 -1 -13 -2 -14 -2 -12 -2 -13 -2 -14 -1 -14 -2 -14 -1 -14 -2 -14 -1 -14 -1 -14 -1 -15 -1 0 0 0 0 0 0 0 0 0 0
1784740920.795064,54900,-45,11,1,7,1,-95,1,642301113,128,0 0 0 0 0 0 0 0 0 0 0 0 3 -6 3 -6 4 -5 4 -6 4 -6 5 -6 5 -6 5 -6 6 -6 6 -6 6 -6 6 -6 7 -6 7 -6 8 -6 8 -5 8 -5 8 -5 8 -5 8 -5 8 -5 9 -4 8 -5 9 -5 9 -5 9 -5 0 0 9 -5 9 -5 9 -5 9 -5 9 -5 9 -5 9 -5 9 -5 9 -5 9 -6 9 -6 8 -7 9 -7 10 -7 9 -6 10 -7 9 -7 9 -8 9 -8 9 -8 9 -8 10 -8 9 -8 9 -9 9 -9 10 -9 0 0 0 0 0 0 0 0 0 0
1784740920.795064,54901,-45,11,1,7,1,-95,1,642311099,128,0 0 0 0 0 0 0 0 0 0 0 0 -5 5 -5 4 -6 4 -6 4 -6 4 -7 4 -7 4 -8 4 -8 4 -8 4 -9 3 -9 3 -9 3 -9 3 -9 3 -10 3 -10 3 -10 3 -10 2 -10 2 -11 2 -10 2 -10 2 -10 2 -11 1 -10 2 0 0 -10 2 -10 2 -10 2 -10 2 -10 2 -10 2 -10 3 -10 3 -10 3 -11 3 -10 4 -10 4 -10 4 -10 4 -10 5 -10 5 -11 5 -11 5 -10 5 -11 5 -10 6 -10 6 -11 6 -11 6 -11 6 -11 7 0 0 0 0 0 0 0 0 0 0
1784740920.811307,54902,-44,11,1,7,1,-95,1,642321095,128,0 0 0 0 0 0 0 0 0 0 0 0 7 -3 7 -2 7 -2 8 -1 7 -1 8 -1 8 0 9 0 9 0 9 0 9 1 9 1 9 1 10 2 10 2 9 2 10 3 9 3 10 3 9 3 9 3 9 3 9 3 9 3 9 3 9 3 0 0 9 3 9 3 10 3 9 3 10 3 10 3 9 2 10 2 10 2 10 1 10 1 10 1 10 1 11 1 10 1 11 1 11 1 11 1 11 0 12 0 12 0 12 0 11 0 12 0 12 -1 12 -1 0 0 0 0 0 0 0 0 0 0
1784740920.827415,54903,-43,11,1,7,1,-95,1,642331108,128,0 0 0 0 0 0 0 0 0 0 0 0 -2 7 -3 7 -4 7 -4 7 -4 7 -4 7 -5 7 -5 7 -5 7 -6 7 -6 7 -6 8 -7 7 -7 7 -7 7 -8 7 -8 7 -8 7 -8 7 -8 7 -8 7 -8 7 -8 7 -8 7 -8 7 -8 7 0 0 -8 7 -8 7 -8 7 -8 7 -8 8 -8 8 -8 8 -7 8 -8 8 -7 9 -7 9 -7 9 -7 9 -7 10 -7 9 -8 10 -7 9 -7 10 -7 11 -7 11 -7 11 -7 11 -7 11 -7 11 -7 11 -7 12 0 0 0 0 0 0 0 0 0 0
1784740920.827415,54904,-43,11,1,7,1,-95,1,642341173,128,0 0 0 0 0 0 0 0 0 0 0 0 -5 5 -5 5 -6 5 -6 5 -6 5 -7 5 -7 5 -7 5 -7 5 -8 5 -8 5 -9 5 -9 5 -9 5 -9 5 -10 5 -10 4 -10 5 -10 4 -10 4 -10 4 -10 4 -11 4 -10 4 -10 4 -11 4 0 0 -11 4 -11 5 -10 5 -11 5 -10 5 -11 5 -10 5 -11 5 -11 5 -11 6 -11 6 -10 6 -10 6 -11 6 -11 7 -10 7 -11 7 -11 7 -11 7 -11 8 -11 8 -11 8 -11 8 -11 8 -11 8 -11 8 0 0 0 0 0 0 0 0 0 0
1784740920.847245,54905,-43,11,1,7,1,-95,1,642351259,128,0 0 0 0 0 0 0 0 0 0 0 0 -6 -6 -6 -6 -5 -6 -5 -7 -5 -7 -5 -7 -5 -8 -5 -8 -4 -8 -5 -8 -5 -9 -5 -9 -4 -9 -4 -10 -4 -10 -4 -10 -4 -11 -4 -11 -4 -11 -3 -11 -4 -11 -3 -11 -4 -11 -4 -11 -3 -11 -3 -12 0 0 -3 -12 -3 -12 -3 -12 -4 -11 -4 -11 -4 -11 -4 -11 -4 -12 -4 -12 -5 -12 -5 -12 -5 -12 -5 -12 -6 -12 -5 -12 -6 -12 -6 -12 -6 -12 -6 -12 -6 -13 -7 -12 -7 -13 -7 -12 -7 -12 -7 -12 -7 -13 0 0 0 0 0 0 0 0 0 0
1784740920.855266,54906,-43,11,1,7,1,-95,1,642361171,128,0 0 0 0 0 0 0 0 0 0 0 0 3 6 3 6 3 6 3 7 3 7 3 7 2 7 2 8 2 8 2 8 2 9 2 9 1 9 1 10 1 10 1 10 1 10 1 10 0 10 0 10 0 11 0 11 0 11 0 10 0 10 0 11 0 0 0 11 0 11 0 11 0 11 1 11 1 11 1 11 1 11 1 11 2 12 2 12 2 11 2 11 2 11 2 11 3 12 3 12 3 12 3 12 3 12 4 12 4 13 4 12 3 13 4 13 4 13 0 0 0 0 0 0 0 0 0 0
1784740920.866339,54907,-44,11,1,7,1,-95,1,642371142,128,0 0 0 0 0 0 0 0 0 0 0 0 4 -5 5 -5 5 -5 6 -5 6 -4 6 -5 7 -5 7 -4 7 -5 7 -4 8 -4 8 -4 9 -4 9 -4 9 -4 9 -3 9 -3 9 -3 10 -3 10 -3 10 -3 10 -3 10 -3 10 -3 10 -3 10 -3 0 0 10 -3 10 -3 10 -3 10 -4 10 -4 10 -4 10 -4 10 -4 10 -4 10 -5 10 -5 11 -5 10 -5 11 -6 11 -6 11 -6 11 -6 11 -7 11 -7 12 -7 12 -7 12 -7 12 -7 12 -7 12 -7 12 -7 0 0 0 0 0 0 0 0 0 0
1784740920.874962,54908,-44,11,1,7,1,-95,1,642381184,128,0 0 0 0 0 0 0 0 0 0 0 0 -2 -7 -2 -8 -1 -8 -1 -8 -1 -8 0 -8 0 -8 0 -9 0 -9 0 -9 0 -9 1 -9 1 -9 1 -10 1 -10 2 -10 2 -10 2 -10 2 -10 2 -10 2 -10 2 -10 2 -10 2 -10 2 -10 2 -10 0 0 1 -11 1 -11 2 -11 1 -11 1 -11 1 -11 1 -11 1 -12 1 -12 0 -12 0 -12 0 -13 0 -13 0 -13 0 -13 0 -14 0 -13 -1 -14 -1 -14 -1 -14 -1 -15 -1 -15 -1 -15 -1 -15 -1 -15 0 -16 0 0 0 0 0 0 0 0 0 0
1784740920.874962,54909,-45,11,1,7,1,-95,1,642391172,128,0 0 0 0 0 0 0 0 0 0 0 0 4 5 4 5 4 6 3 5 4 6 3 6 4 6 4 7 4 7 3 7 3 8 3 8 3 8 2 8 3 8 3 8 3 8 3 9 2 8 3 8 3 8 3 8 3 9 3 9 3 8 3 8 0 0 4 8 4 9 4 8 5 9 4 9 5 9 5 9 5 9 6 9 6 10 6 10 6 10 6 10 6 10 7 10 7 10 7 11 7 10 8 10 8 10 8 11 9 10 8 11 8 12 8 12 8 11 0 0 0 0 0 0 0 0 0 0
1784740920.890801,54910,-46,11,1,7,1,-95,1,642401137,128,0 0 0 0 0 0 0 0 0 0 0 0 -3 6 -3 6 -4 6 -4 5 -4 5 -5 6 -5 6 -5 6 -5 5 -5 6 -6 6 -6 6 -6 6 -6 6 -6 6 -6 5 -7 6 -7 5 -7 6 -7 5 -7 6 -7 6 -6 6 -7 6 -6 6 -7 6 0 0 -7 7 -6 6 -7 7 -7 7 -7 8 -7 8 -7 8 -7 8 -7 8 -7 9 -7 9 -7 10 -7 9 -8 10 -7 10 -8 11 -7 10 -8 11 -7 11 -8 11 -8 11 -8 12 -8 11 -8 11 -8 11 -9 12 0 0 0 0 0 0 0 0 0 0
1784740920.907029,54911,-46,11,1,7,1,-95,1,642412176,128,0 0 0 0 0 0 0 0 0 0 0 0 -2 -7 -2 -7 -2 -7 -2 -7 -1 -8 -1 -8 -1 -8 -1 -8 -1 -8 -1 -8 0 -8 0 -9 0 -8 0 -9 0 -9 0 -9 0 -9 0 -10 0 -9 0 -10 0 -9 0 -10 0 -10 0 -10 0 -10 0 -10 0 0 0 -10 -1 -11 0 -11 -1 -11 -1 -11 -1 -12 -1 -12 -1 -12 -1 -12 -1 -13 -1 -13 -1 -13 -1 -13 -1 -13 -2 -14 -2 -13 -2 -15 -2 -14 -2 -14 -2 -15 -2 -15 -3 -15 -2 -15 -1 -15 -1 -15 -2 -15 0 0 0 0 0 0 0 0 0 0
1784740920.907029,54912,-45,11,1,7,1,-95,1,642421138,128,0 0 0 0 0 0 0 0 0 0 0 0 6 -3 6 -3 6 -2 6 -2 7 -2 7 -2 7 -2 7 -2 7 -2 8 -1 8 -1 8 -1 8 -1 8 0 8 -1 8 0 8 -1 9 -1 8 0 8 -1 8 -1 9 -1 9 -1 9 0 9 -1 9 -1 0 0 10 -1 10 -1 10 -1 10 -1 10 -1 10 -2 10 -2 11 -2 11 -2 12 -2 12 -2 11 -2 12 -2 12 -2 12 -3 12 -3 13 -2 12 -3 13 -3 13 -4 13 -3 13 -3 13 -3 13 -3 13 -3 13 -3 0 0 0 0 0 0 0 0 0 0
1784740920.929644,54913,-42,11,1,7,0,-95,1,642432648,128,0 0 0 0 0 0 0 0 0 0 0 0 2 -7 2 -7 2 -7 2 -7 3 -7 3 -7 3 -7 3 -7 3 -8 4 -8 4 -8 4 -8 4 -8 4 -8 4 -8 4 -8 4 -8 5 -8 5 -9 4 -9 5 -9 5 -9 5 -9 5 -9 5 -10 5 -9 0 0 5 -10 5 -11 5 -11 6 -11 5 -11 6 -11 6 -11 6 -11 6 -12 6 -12 6 -12 6 -12 6 -12 6 -12 6 -13 6 -13 6 -12 6 -13 6 -13 6 -13 6 -13 6 -14 6 -13 7 -13 7 -13 7 -13 0 0 0 0 0 0 0 0 0 0
1784740920.929644,54914,-44,11,1,7,1,-95,1,642441145,128,0 0 0 0 0 0 0 0 0 0 0 0 5 3 5 3 5 3 5 4 5 4 5 4 5 4 6 4 5 4 6 5 6 5 6 5 6 5 6 5 6 6 6 6 6 6 6 6 6 6 6 6 6 6 6 7 6 6 7 7 7 7 7 7 0 0 7 7 7 7 7 8 7 7 8 7 8 7 8 7 8 8 8 8 9 7 9 8 9 8 9 8 10 8 9 8 9 8 9 8 10 8 10 8 10 8 10 8 10 8 11 8 10 8 11 8 11 8 0 0 0 0 0 0 0 0 0 0
1784740920.939224,54915,-45,11,1,7,1,-95,1,642452330,128,0 0 0 0 0 0 0 0 0 0 0 0 -7 -2 -8 -3 -7 -3 -8 -4 -7 -4 -8 -4 -7 -4 -8 -4 -8 -5 -7 -5 -8 -5 -8 -5 -8 -5 -8 -6 -8 -6 -7 -6 -8 -7 -8 -6 -8 -7 -8 -6 -8 -6 -8 -7 -8 -6 -8 -7 -8 -7 -9 -7 0 0 -9 -7 -9 -7 -9 -7 -9 -6 -9 -7 -10 -7 -9 -6 -10 -6 -10 -7 -10 -6 -11 -6 -11 -6 -11 -6 -12 -6 -11 -6 -12 -7 -11 -6 -12 -6 -12 -7 -12 -6 -13 -6 -13 -6 -12 -6 -13 -6 -13 -6 -14 -7 0 0 0 0 0 0 0 0 0 0
1784740920.957778,54916,-46,11,1,7,1,-95,1,642461101,128,0 0 0 0 0 0 0 0 0 0 0 0 -1 7 -2 7 -3 7 -3 7 -3 7 -3 7 -3 7 -3 7 -4 7 -4 7 -4 7 -4 7 -4 7 -5 7 -4 8 -5 7 -5 8 -5 7 -5 7 -4 7 -4 7 -5 7 -4 7 -5 7 -5 7 -5 8 0 0 -5 8 -5 8 -5 9 -4 8 -4 9 -4 9 -4 9 -4 10 -4 9 -4 10 -4 10 -4 10 -4 10 -4 11 -4 11 -5 12 -4 11 -4 12 -4 12 -4 13 -4 13 -5 13 -4 12 -5 13 -5 13 -5 13 0 0 0 0 0 0 0 0 0 0
1784740920.957778,54917,-46,11,1,7,1,-95,1,642471087,128,0 0 0 0 0 0 0 0 0 0 0 0 2 -7 2 -6 3 -7 3 -6 3 -6 3 -6 3 -6 4 -6 4 -6 4 -6 4 -6 4 -6 4 -6 4 -6 4 -6 5 -6 4 -6 5 -7 4 -7 5 -7 4 -7 4 -7 4 -7 4 -7 4 -8 4 -8 0 0 5 -8 5 -8 5 -8 5 -9 4 -9 5 -9 5 -9 5 -10 5 -10 5 -11 5 -11 5 -11 5 -11 5 -11 5 -12 5 -12 6 -12 6 -12 6 -12 6 -12 6 -13 7 -13 6 -13 7 -12 7 -13 7 -13 0 0 0 0 0 0 0 0 0 0
1784740920.973449,54918,-45,11,1,7,1,-95,1,642481071,128,0 0 0 0 0 0 0 0 0 0 0 0 -7 -2 -7 -2 -7 -2 -6 -2 -7 -2 -7 -2 -7 -2 -7 -2 -7 -2 -7 -3 -7 -3 -7 -3 -7 -3 -7 -3 -8 -3 -8 -3 -8 -3 -8 -3 -8 -3 -9 -3 -9 -3 -9 -3 -9 -3 -9 -4 -9 -4 -10 -4 0 0 -10 -4 -11 -3 -10 -3 -11 -4 -11 -3 -11 -3 -11 -3 -12 -3 -12 -3 -13 -4 -12 -4 -12 -4 -12 -4 -12 -4 -14 -3 -13 -3 -14 -4 -14 -4 -14 -4 -14 -3 -14 -4 -15 -3 -15 -5 -15 -5 -14 -5 -15 -5 0 0 0 0 0 0 0 0 0 0
1784740920.987561,54919,-45,11,1,7,1,-95,1,642491119,128,0 0 0 0 0 0 0 0 0 0 0 0 4 -4 5 -4 5 -4 5 -4 5 -4 5 -4 5 -4 6 -4 6 -4 6 -4 6 -4 6 -4 6 -4 7 -4 7 -4 7 -3 8 -3 7 -4 8 -4 8 -4 8 -4 8 -4 8 -4 8 -4 8 -4 9 -4 0 0 9 -4 9 -4 10 -4 9 -4 10 -4 10 -5 10 -4 10 -5 10 -5 10 -5 11 -5 10 -5 11 -5 11 -6 11 -5 12 -6 11 -5 12 -6 12 -6 12 -6 12 -6 12 -6 12 -6 12 -6 12 -6 13 -6 0 0 0 0 0 0 0 0 0 0
1784740920.987561,54920,-44,11,1,7,1,-95,1,642504799,128,0 0 0 0 0 0 0 0 0 0 0 0 -7 -1 -7 -1 -7 -1 -7 -1 -7 -2 -7 -1 -8 -2 -7 -2 -8 -2 -8 -2 -8 -2 -8 -2 -8 -2 -8 -3 -9 -3 -9 -3 -9 -3 -9 -3 -9 -3 -10 -3 -9 -3 -10 -3 -10 -3 -10 -3 -10 -3 -10 -3 0 0 -10 -3 -11 -3 -11 -3 -12 -3 -11 -2 -12 -3 -12 -2 -12 -2 -12 -2 -13 -2 -13 -3 -13 -2 -12 -2 -12 -2 -14 -1 -13 -2 -14 -2 -14 -2 -14 -2 -14 -1 -14 -2 -15 -1 -15 -2 -15 -2 -15 -3 -15 -2 0 0 0 0 0 0 0 0 0 0
1784740921.005383,54921,-44,11,1,7,1,-95,1,642511187,128,0 0 0 0 0 0 0 0 0 0 0 0 1 6 1 6 0 6 0 6 0 6 0 6 0 6 0 7 0 7 0 7 0 7 0 7 -1 7 0 8 0 8 -1 8 0 9 -1 8 0 9 0 9 0 9 0 9 0 9 -1 10 -1 10 0 10 0 0 0 10 0 10 0 11 0 11 0 11 0 11 0 11 1 11 0 11 1 12 0 12 1 12 1 12 1 13 2 12 1 13 1 13 2 14 2 14 2 14 2 14 2 14 1 14 1 14 1 14 1 15 0 0 0 0 0 0 0 0 0 0
1784740921.005383,54922,-44,11,1,7,1,-95,1,642521150,128,0 0 0 0 0 0 0 0 0 0 0 0 -7 -1 -7 -2 -7 -2 -7 -3 -7 -3 -7 -3 -7 -3 -8 -3 -8 -3 -8 -3 -8 -3 -8 -4 -8 -4 -8 -4 -9 -4 -8 -5 -9 -5 -8 -5 -9 -6 -9 -5 -9 -5 -9 -6 -9 -5 -9 -6 -9 -6 -10 -6 0 0 -10 -6 -10 -6 -10 -6 -10 -6 -10 -6 -11 -7 -11 -6 -11 -6 -11 -7 -12 -6 -12 -6 -12 -6 -12 -6 -13 -6 -12 -6 -13 -7 -12 -6 -13 -7 -13 -7 -13 -7 -13 -7 -13 -7 -13 -7 -14 -7 -13 -7 -14 -7 0 0 0 0 0 0 0 0 0 0
1784740921.021551,54923,-44,11,1,7,1,-95,1,642531077,128,0 0 0 0 0 0 0 0 0 0 0 0 6 -3 6 -2 7 -2 7 -2 7 -2 7 -2 7 -2 7 -2 8 -2 8 -1 9 -1 9 -1 9 0 9 0 9 0 10 0 9 0 10 0 10 0 10 0 10 0 10 0 11 0 10 0 10 0 10 0 0 0 11 0 11 0 11 0 12 0 11 0 11 -1 12 -1 12 -1 12 -1 13 -1 12 -1 12 -1 12 -1 12 -1 13 -2 13 -2 13 -2 13 -2 13 -3 13 -3 13 -3 14 -3 14 -2 14 -2 14 -2 14 -2 0 0 0 0 0 0 0 0 0 0
1784740921.035742,54924,-45,11,1,7,1,-95,1,642541186,128,0 0 0 0 0 0 0 0 0 0 0 0 -6 3 -7 3 -7 3 -8 2 -8 2 -8 2 -8 2 -9 2 -9 2 -9 1 -9 1 -10 1 -10 1 -10 0 -11 1 -10 0 -11 0 -10 0 -11 0 -11 0 -11 0 -11 0 -11 0 -11 0 -11 0 -11 0 0 0 -11 0 -11 0 -12 0 -11 0 -12 0 -12 0 -12 0 -12 1 -12 1 -12 1 -12 1 -12 2 -12 1 -13 2 -12 2 -13 2 -13 2 -13 2 -13 2 -13 3 -13 2 -13 3 -13 3 -13 3 -13 3 -14 3 0 0 0 0 0 0 0 0 0 0
1784740921.035742,54925,-45,11,1,7,1,-95,1,642551129,128,0 0 0 0 0 0 0 0 0 0 0 0 -6 4 -6 4 -7 4 -7 3 -7 3 -8 3 -8 3 -8 3 -8 3 -9 3 -9 3 -9 3 -9 3 -10 2 -10 2 -10 2 -11 2 -10 2 -11 1 -11 1 -11 1 -11 1 -11 2 -11 2 -11 1 -11 2 0 0 -11 2 -11 2 -11 1 -11 2 -11 2 -11 2 -11 2 -11 3 -12 2 -12 3 -12 3 -12 4 -12 4 -12 4 -12 4 -12 4 -12 4 -12 4 -13 5 -13 4 -13 5 -13 5 -13 5 -13 5 -13 5 -13 5 0 0 0 0 0 0 0 0 0 0
1784740921.051787,54926,-44,11,1,7,1,-95,1,642561137,128,0 0 0 0 0 0 0 0 0 0 0 0 5 3 5 3 5 4 5 4 5 5 4 5 5 5 5 5 5 6 4 7 4 7 4 7 4 7 4 7 4 7 4 8 4 8 4 8 4 8 4 8 4 8 4 8 4 9 3 9 3 9 4 9 0 0 4 9 4 9 4 8 5 9 5 8 5 9 5 9 5 9 5 8 6 9 6 9 6 9 6 9 6 9 7 9 7 9 7 10 7 10 7 9 8 9 8 10 8 10 8 10 8 10 8 10 8 10 0 0 0 0 0 0 0 0 0 0
1784740921.067885,54927,-44,11,1,7,1,-95,1,642571047,128,0 0 0 0 0 0 0 0 0 0 0 0 2 -7 2 -7 3 -7 3 -7 3 -7 4 -7 4 -7 4 -8 5 -7 5 -8 5 -7 5 -7 5 -8 6 -8 6 -8 7 -7 7 -8 7 -7 7 -7 7 -7 7 -8 8 -7 7 -8 7 -8 7 -8 7 -8 0 0 7 -8 7 -8 8 -8 7 -8 7 -8 7 -8 7 -9 7 -9 7 -9 7 -10 7 -10 7 -10 7 -10 7 -11 7 -11 8 -11 7 -10 7 -11 7 -11 7 -12 7 -12 8 -12 7 -12 7 -12 7 -13 8 -13 0 0 0 0 0 0 0 0 0 0
1784740921.067885,54928,-44,11,1,7,1,-95,1,642581120,128,0 0 0 0 0 0 0 0 0 0 0 0 4 5 4 6 3 6 3 6 3 6 3 7 3 7 3 7 2 7 3 7 3 8 3 8 2 8 2 9 2 9 2 9 2 9 2 9 2 10 2 10 2 10 1 10 2 10 2 10 2 10 2 10 0 0 2 10 2 10 2 10 2 10 3 10 3 10 3 11 3 11 3 11 4 11 4 11 4 11 4 11 4 12 4 12 4 12 4 12 5 12 5 12 5 13 5 12 5 12 5 12 5 13 5 13 5 13 0 0 0 0 0 0 0 0 0 0
1784740921.087268,54929,-44,11,1,7,1,-95,1,642591170,128,0 0 0 0 0 0 0 0 0 0 0 0 -7 -2 -7 -2 -8 -3 -7 -3 -8 -3 -7 -3 -8 -3 -8 -3 -8 -3 -8 -4 -8 -5 -8 -4 -8 -5 -8 -5 -8 -5 -9 -5 -9 -5 -9 -5 -9 -5 -9 -5 -9 -5 -9 -5 -9 -6 -9 -6 -9 -6 -9 -6 0 0 -9 -6 -10 -6 -10 -5 -11 -6 -10 -5 -10 -6 -11 -5 -11 -6 -11 -5 -12 -6 -12 -6 -11 -5 -11 -6 -11 -5 -13 -5 -12 -5 -13 -6 -13 -6 -13 -5 -14 -5 -13 -6 -13 -5 -14 -6 -14 -6 -14 -6 -14 -6 0 0 0 0 0 0 0 0 0 0
1784740921.100250,54930,-44,11,1,7,1,-95,1,642604554,128,0 0 0 0 0 0 0 0 0 0 0 0 0 6 0 7 -1 7 -1 7 -1 7 -1 7 -1 7 -1 8 -2 8 -2 8 -2 8 -2 8 -2 9 -3 9 -3 9 -4 9 -4 9 -3 9 -4 9 -4 9 -3 10 -4 9 -4 10 -3 10 -3 10 -3 10 0 0 -3 10 -3 11 -4 10 -4 10 -3 10 -3 11 -3 11 -3 11 -3 11 -3 12 -2 12 -2 12 -2 12 -3 12 -3 13 -3 13 -3 13 -2 13 -2 13 -2 13 -2 13 -2 14 -2 13 -2 13 -2 14 -2 14 0 0 0 0 0 0 0 0 0 0
1784740921.100250,54931,-44,11,1,7,1,-95,1,642611218,128,0 0 0 0 0 0 0 0 0 0 0 0 -4 6 -4 6 -5 6 -5 6 -6 6 -6 6 -6 6 -6 6 -7 6 -8 6 -8 6 -8 6 -8 6 -8 5 -8 6 -9 6 -9 5 -9 6 -9 5 -9 6 -9 5 -9 6 -10 5 -9 5 -9 5 -10 6 0 0 -10 6 -10 6 -9 6 -10 7 -9 6 -9 7 -9 7 -10 7 -10 7 -10 8 -10 8 -10 8 -10 8 -10 8 -10 9 -10 9 -10 9 -10 9 -10 9 -10 9 -10 9 -10 10 -10 9 -11 9 -10 9 -10 10 0 0 0 0 0 0 0 0 0 0
1784740921.116474,54932,-45,11,1,7,1,-95,1,642621113,128,0 0 0 0 0 0 0 0 0 0 0 0 -6 6 -6 6 -7 6 -7 5 -8 5 -8 5 -8 5 -8 5 -9 5 -9 5 -10 4 -10 4 -10 4 -10 4 -10 4 -10 4 -10 4 -11 4 -10 4 -10 4 -10 4 -10 4 -11 4 -10 3 -10 3 -10 4 0 0 -10 4 -10 5 -10 5 -10 6 -10 5 -10 6 -10 6 -10 6 -10 6 -10 7 -11 7 -10 7 -10 7 -10 7 -11 8 -10 8 -11 8 -10 8 -10 8 -10 9 -10 9 -10 9 -11 9 -11 9 -11 9 -11 9 0 0 0 0 0 0 0 0 0 0
1784740921.122538,54933,-45,11,1,7,1,-95,1,642631146,128,0 0 0 0 0 0 0 0 0 0 0 0 7 2 8 3 7 3 7 4 7 4 7 4 7 4 8 5 8 5 7 5 7 5 8 6 7 6 7 6 8 7 7 7 8 7 7 7 7 7 7 7 7 7 7 7 7 7 7 7 8 7 8 7 0 0 8 7 8 7 9 7 8 7 9 7 9 7 9 7 10 6 10 7 10 7 10 7 10 6 10 7 11 7 10 7 11 7 11 7 11 7 11 6 12 6 12 6 12 7 11 6 11 7 11 6 12 6 0 0 0 0 0 0 0 0 0 0
1784740921.132400,54934,-45,11,1,7,1,-95,1,642641096,128,0 0 0 0 0 0 0 0 0 0 0 0 -8 0 -8 -1 -8 -1 -8 -2 -8 -2 -9 -2 -9 -2 -9 -2 -9 -2 -9 -3 -9 -3 -10 -3 -10 -4 -10 -4 -10 -4 -10 -4 -10 -5 -10 -5 -10 -5 -10 -5 -10 -5 -10 -5 -10 -4 -10 -5 -10 -5 -10 -5 0 0 -11 -5 -11 -5 -11 -5 -11 -5 -11 -4 -11 -4 -11 -4 -12 -4 -12 -4 -12 -4 -12 -4 -12 -4 -12 -4 -12 -4 -13 -4 -13 -4 -12 -4 -13 -3 -13 -3 -13 -3 -13 -3 -13 -3 -13 -3 -12 -3 -13 -3 -12 -3 0 0 0 0 0 0 0 0 0 0
1784740921.148362,54935,-45,11,1,7,1,-95,1,642651178,128,0 0 0 0 0 0 0 0 0 0 0 0 2 6 2 7 2 7 2 7 2 8 1 8 1 8 1 8 1 8 1 9 0 9 0 9 0 9 -1 9 0 10 -1 10 -1 10 -1 10 -1 10 -1 10 -1 10 -1 10 -1 11 -1 10 -1 10 -1 11 0 0 -1 11 -1 11 -1 11 -1 11 0 11 0 11 0 11 0 11 0 11 0 12 0 11 0 11 1 12 0 12 1 11 1 12 1 12 1 12 2 12 1 12 2 12 2 12 2 12 2 12 2 12 2 12 0 0 0 0 0 0 0 0 0 0
1784740921.148362,54936,-44,11,1,7,1,-95,1,642661190,128,0 0 0 0 0 0 0 0 0 0 0 0 -7 -5 -7 -6 -6 -6 -6 -7 -6 -7 -6 -7 -6 -7 -6 -8 -6 -8 -6 -8 -6 -9 -6 -9 -6 -9 -6 -9 -5 -10 -5 -10 -5 -10 -5 -10 -5 -10 -5 -10 -5 -10 -5 -10 -5 -10 -5 -10 -5 -10 -5 -11 0 0 -5 -11 -5 -10 -5 -11 -5 -10 -6 -10 -6 -11 -6 -10 -6 -10 -6 -11 -7 -10 -7 -10 -7 -10 -8 -10 -8 -10 -7 -10 -8 -10 -7 -10 -8 -10 -8 -10 -8 -10 -8 -10 -9 -10 -9 -10 -9 -10 -9 -10 -9 -10 0 0 0 0 0 0 0 0 0 0
1784740921.164552,54937,-44,11,1,7,1,-95,1,642671143,128,0 0 0 0 0 0 0 0 0 0 0 0 2 -8 2 -8 3 -8 4 -8 4 -8 4 -8 4 -8 4 -8 5 -8 5 -8 6 -8 6 -8 6 -8 7 -8 6 -8 7 -8 7 -8 7 -8 7 -8 7 -8 7 -8 7 -8 7 -8 7 -8 7 -8 7 -8 0 0 7 -9 7 -9 7 -8 7 -9 7 -9 7 -9 7 -9 7 -10 7 -10 7 -10 7 -10 7 -10 7 -10 6 -10 6 -11 6 -11 7 -11 6 -11 6 -11 6 -12 5 -11 6 -12 6 -12 6 -11 6 -11 6 -12 0 0 0 0 0 0 0 0 0 0
1784740921.180207,54938,-44,11,1,7,1,-95,1,642683583,128,0 0 0 0 0 0 0 0 0 0 0 0 -2 -9 -2 -9 -1 -9 -1 -9 0 -9 0 -10 0 -10 0 -10 0 -10 1 -10 1 -10 2 -10 2 -10 2 -10 2 -10 2 -11 2 -11 2 -11 2 -11 2 -11 2 -11 2 -11 2 -11 3 -11 3 -11 3 -11 0 0 3 -11 2 -11 2 -12 2 -12 2 -12 2 -12 2 -12 2 -12 2 -12 2 -13 2 -12 2 -12 2 -12 1 -12 1 -12 1 -13 1 -13 1 -13 1 -13 0 -13 0 -13 0 -13 0 -13 1 -13 1 -13 0 -12 0 0 0 0 0 0 0 0 0 0
1784740921.180207,54939,-44,11,1,7,1,-95,1,642691046,128,0 0 0 0 0 0 0 0 0 0 0 0 -8 -5 -7 -5 -7 -6 -7 -6 -7 -6 -7 -7 -7 -7 -7 -7 -7 -7 -7 -8 -7 -8 -7 -8 -6 -9 -7 -9 -7 -9 -6 -9 -6 -9 -7 -9 -7 -9 -7 -9 -7 -10 -7 -10 -7 -10 -7 -10 -6 -10 -6 -10 0 0 -7 -10 -7 -10 -7 -10 -7 -10 -7 -10 -8 -10 -8 -10 -8 -10 -8 -9 -9 -10 -8 -10 -8 -10 -8 -9 -8 -9 -9 -9 -9 -9 -9 -10 -9 -10 -9 -9 -10 -9 -10 -9 -10 -9 -10 -9 -10 -9 -10 -9 -10 -9 0 0 0 0 0 0 0 0 0 0
1784740921.196191,54940,-44,11,1,7,1,-95,1,642701089,128,0 0 0 0 0 0 0 0 0 0 0 0 -7 4 -7 4 -8 3 -7 3 -8 3 -8 3 -9 3 -9 3 -9 3 -10 2 -10 2 -10 2 -10 2 -11 1 -10 1 -11 1 -11 1 -11 1 -11 1 -12 1 -11 1 -11 1 -12 1 -11 0 -12 0 -11 0 0 0 -12 0 -12 1 -11 1 -12 1 -11 1 -12 1 -11 1 -12 2 -12 2 -13 2 -12 2 -12 2 -12 2 -12 2 -13 3 -12 3 -13 3 -13 3 -13 3 -13 3 -13 3 -12 4 -13 3 -13 3 -13 3 -12 3 0 0 0 0 0 0 0 0 0 0
1784740921.196191,54941,-44,11,1,7,1,-95,1,642711125,128,0 0 0 0 0 0 0 0 0 0 0 0 5 -6 5 -6 6 -6 6 -6 6 -6 7 -6 7 -6 7 -6 8 -6 8 -5 8 -5 9 -5 9 -5 9 -5 10 -5 10 -4 10 -4 10 -4 10 -4 10 -4 10 -4 10 -4 10 -4 10 -3 10 -4 10 -4 0 0 11 -4 10 -4 11 -4 10 -4 10 -4 10 -4 10 -4 10 -5 10 -5 10 -5 10 -5 10 -6 10 -6 11 -6 10 -6 11 -6 10 -6 11 -6 11 -6 11 -7 11 -7 11 -7 11 -7 11 -7 11 -7 11 -7 0 0 0 0 0 0 0 0 0 0
1784740921.211829,54942,-45,11,1,7,1,-95,1,642721152,128,0 0 0 0 0 0 0 0 0 0 0 0 5 5 5 5 5 5 4 6 5 6 5 6 5 7 5 7 4 7 4 8 4 8 4 8 4 8 4 9 4 9 3 9 3 9 3 9 3 9 3 9 3 10 3 10 3 10 3 9 3 9 3 10 0 0 3 10 3 10 3 10 3 10 3 9 3 10 3 10 4 10 4 10 4 10 4 10 5 10 5 10 5 10 5 10 5 10 5 10 5 10 6 11 5 10 6 10 6 10 6 10 6 10 6 10 6 10 0 0 0 0 0 0 0 0 0 0
1784740921.228792,54943,-45,11,1,7,1,-95,1,642731140,128,0 0 0 0 0 0 0 0 0 0 0 0 -8 1 -8 1 -9 0 -9 0 -9 0 -9 0 -10 0 -9 -1 -10 -1 -11 -1 -10 -2 -10 -2 -10 -2 -10 -3 -10 -2 -11 -3 -11 -3 -11 -3 -11 -3 -11 -3 -11 -3 -11 -3 -11 -3 -11 -4 -11 -4 -11 -3 0 0 -11 -3 -12 -3 -11 -3 -12 -3 -11 -3 -11 -2 -11 -2 -12 -2 -12 -2 -13 -2 -12 -2 -12 -2 -12 -2 -12 -1 -13 -1 -13 -1 -13 -1 -13 -1 -13 -1 -13 0 -14 0 -14 0 -14 -1 -14 -1 -13 -1 -14 0 0 0 0 0 0 0 0 0 0 0
1784740921.228792,54944,-45,11,1,7,1,-95,1,642741177,128,0 0 0 0 0 0 0 0 0 0 0 0 4 -6 5 -6 5 -5 6 -5 6 -5 6 -5 6 -5 6 -5 7 -5 7 -5 7 -5 8 -5 8 -5 8 -5 8 -5 8 -4 9 -5 9 -5 9 -5 9 -4 9 -4 9 -4 9 -5 9 -4 9 -4 9 -5 0 0 9 -5 9 -5 10 -5 9 -5 9 -5 9 -5 9 -5 9 -6 9 -6 9 -6 9 -6 9 -6 9 -6 10 -7 9 -7 10 -7 9 -7 10 -7 9 -7 10 -8 9 -8 10 -8 9 -8 9 -8 9 -8 9 -9 0 0 0 0 0 0 0 0 0 0
1784740921.243892,54945,-45,11,1,7,1,-95,1,642751224,128,0 0 0 0 0 0 0 0 0 0 0 0 -8 -1 -8 -1 -8 -2 -8 -2 -8 -2 -8 -2 -8 -2 -9 -3 -9 -3 -9 -3 -9 -4 -9 -4 -10 -4 -10 -5 -10 -5 -10 -5 -10 -5 -10 -5 -10 -6 -10 -5 -10 -6 -10 -6 -10 -6 -10 -6 -9 -6 -10 -6 0 0 -10 -6 -10 -6 -10 -6 -10 -6 -10 -5 -10 -6 -10 -5 -11 -5 -11 -5 -11 -5 -11 -5 -11 -5 -12 -5 -11 -5 -12 -5 -12 -5 -12 -5 -12 -5 -12 -4 -13 -4 -13 -4 -13 -4 -13 -4 -13 -4 -13 -4 -13 -4 0 0 0 0 0 0 0 0 0 0
1784740921.243892,54946,-45,11,1,7,1,-95,1,642761195,128,0 0 0 0 0 0 0 0 0 0 0 0 1 7 0 7 0 8 -1 8 -1 8 -1 8 -1 8 -2 8 -2 9 -2 9 -3 9 -3 9 -4 9 -4 9 -4 9 -4 10 -4 10 -5 10 -4 9 -4 10 -5 9 -4 9 -5 10 -5 9 -5 9 -5 9 0 0 -4 10 -4 10 -4 9 -4 10 -4 10 -4 10 -3 10 -3 10 -3 10 -3 11 -3 11 -3 11 -3 11 -3 11 -2 11 -2 11 -2 12 -2 12 -1 12 -1 12 -1 12 -1 12 -2 12 -2 13 -2 12 -1 12 0 0 0 0 0 0 0 0 0 0
1784740921.263565,54947,-45,11,1,7,1,-95,1,642771051,128,0 0 0 0 0 0 0 0 0 0 0 0 -7 4 -7 4 -8 3 -8 3 -8 3 -9 3 -9 3 -9 3 -10 3 -10 2 -10 2 -10 2 -11 1 -11 1 -11 1 -11 1 -11 1 -11 0 -12 0 -11 0 -11 0 -11 0 -11 1 -11 0 -11 0 -11 0 0 0 -11 1 -11 1 -11 1 -11 1 -11 1 -11 1 -11 2 -11 2 -11 2 -12 3 -11 3 -11 3 -12 3 -12 3 -12 3 -12 4 -11 3 -12 4 -12 4 -12 4 -12 4 -12 5 -12 4 -12 4 -12 5 -12 5 0 0 0 0 0 0 0 0 0 0
1784740921.275724,54948,-45,11,1,7,1,-95,1,642781164,128,0 0 0 0 0 0 0 0 0 0 0 0 -7 -5 -7 -5 -7 -6 -7 -6 -7 -7 -7 -7 -7 -7 -7 -7 -6 -8 -6 -8 -6 -8 -6 -9 -6 -9 -6 -9 -6 -9 -6 -10 -6 -9 -6 -10 -5 -10 -6 -10 -5 -10 -5 -10 -5 -10 -5 -10 -5 -10 -5 -9 0 0 -6 -9 -6 -9 -6 -9 -6 -9 -6 -9 -6 -9 -7 -9 -7 -9 -7 -9 -8 -9 -8 -9 -8 -9 -8 -9 -8 -9 -9 -9 -9 -9 -9 -10 -9 -10 -9 -9 -10 -10 -10 -9 -10 -9 -10 -10 -10 -10 -10 -9 -10 -9 0 0 0 0 0 0 0 0 0 0
1784740921.275724,54949,-44,11,1,7,1,-95,1,642791125,128,0 0 0 0 0 0 0 0 0 0 0 0 6 4 6 5 6 5 5 5 5 6 5 6 6 6 5 6 6 7 5 7 5 8 5 8 5 8 4 8 5 8 5 9 4 9 4 9 4 9 4 9 4 9 4 9 4 9 4 9 4 9 4 9 0 0 4 9 5 9 5 8 5 9 5 9 5 9 6 8 6 8 6 8 6 9 6 9 7 9 6 8 7 9 8 8 8 8 8 9 8 9 8 9 8 8 8 9 9 9 8 9 8 9 9 9 9 9 0 0 0 0 0 0 0 0 0 0
1784740921.291685,54950,-44,11,1,7,1,-95,1,642801151,128,0 0 0 0 0 0 0 0 0 0 0 0 -7 4 -7 4 -8 4 -8 3 -8 3 -9 3 -9 3 -9 3 -9 2 -9 2 -10 2 -10 2 -10 2 -10 1 -11 1 -10 1 -11 0 -10 1 -11 0 -11 0 -10 0 -11 0 -10 0 -10 0 -10 0 -11 1 0 0 -11 1 -10 1 -11 1 -10 1 -10 1 -10 2 -10 1 -11 2 -11 2 -10 3 -11 3 -11 3 -11 3 -12 4 -11 3 -12 3 -11 4 -12 4 -12 4 -12 4 -12 5 -12 4 -12 5 -12 5 -12 5 -13 5 0 0 0 0 0 0 0 0 0 0
1784740921.307521,54951,-44,11,1,7,1,-95,1,642811206,128,0 0 0 0 0 0 0 0 0 0 0 0 -7 4 -7 4 -8 4 -8 3 -9 3 -9 4 -9 3 -9 3 -9 3 -10 3 -10 2 -10 2 -10 2 -10 1 -10 1 -11 1 -10 1 -11 1 -11 1 -11 1 -11 1 -11 1 -11 1 -11 1 -11 1 -10 1 0 0 -11 1 -11 2 -10 1 -11 2 -10 2 -11 2 -10 3 -11 3 -11 3 -12 4 -12 3 -11 4 -11 4 -11 4 -12 5 -12 5 -13 5 -12 5 -12 5 -13 6 -12 6 -12 6 -13 5 -13 5 -13 5 -13 6 0 0 0 0 0 0 0 0 0 0
1784740921.307521,54952,-44,11,1,7,1,-95,1,642821474,128,0 0 0 0 0 0 0 0 0 0 0 0 4 -7 5 -7 5 -7 6 -7 6 -6 6 -7 6 -6 7 -7 7 -6 7 -6 7 -6 7 -6 8 -6 8 -6 9 -6 8 -5 9 -5 8 -5 9 -5 8 -5 9 -5 9 -5 9 -5 8 -5 9 -5 9 -5 0 0 9 -6 9 -6 9 -6 8 -6 9 -6 8 -6 9 -7 8 -7 9 -7 9 -8 9 -8 9 -8 9 -8 9 -8 9 -8 9 -9 9 -8 10 -9 9 -9 9 -10 10 -10 10 -10 10 -10 10 -9 10 -10 10 -10 0 0 0 0 0 0 0 0 0 0
1784740921.323391,54953,-44,11,1,7,1,-95,1,642831144,128,0 0 0 0 0 0 0 0 0 0 0 0 -2 7 -2 7 -3 7 -4 7 -4 8 -4 7 -4 7 -5 8 -5 7 -5 8 -6 8 -6 8 -6 8 -7 8 -7 8 -7 7 -7 7 -7 7 -7 7 -8 7 -7 7 -8 7 -7 7 -7 7 -7 7 -7 8 0 0 -7 7 -7 8 -7 8 -7 8 -7 8 -7 8 -7 9 -7 9 -7 9 -7 10 -6 10 -6 10 -6 10 -7 11 -7 10 -7 11 -7 11 -7 11 -7 11 -7 11 -7 11 -7 12 -7 11 -7 11 -7 12 -7 12 0 0 0 0 0 0 0 0 0 0
1784740921.340273,54954,-45,11,1,7,1,-95,1,642844032,128,0 0 0 0 0 0 0 0 0 0 0 0 -6 -5 -6 -5 -7 -6 -6 -6 -6 -7 -6 -7 -6 -7 -6 -7 -6 -8 -6 -8 -6 -9 -6 -9 -5 -9 -5 -9 -5 -9 -6 -10 -5 -9 -6 -10 -5 -10 -5 -10 -5 -10 -5 -10 -5 -10 -5 -10 -5 -10 -5 -10 0 0 -6 -9 -6 -10 -6 -9 -7 -10 -7 -9 -7 -10 -7 -9 -8 -10 -8 -9 -8 -10 -8 -10 -8 -10 -8 -9 -9 -10 -10 -10 -10 -9 -10 -10 -10 -10 -10 -10 -10 -10 -10 -10 -11 -10 -10 -10 -10 -10 -10 -10 -10 -10 0 0 0 0 0 0 0 0 0 0
1784740921.340273,54955,-45,11,1,7,1,-95,1,642851171,128,0 0 0 0 0 0 0 0 0 0 0 0 7 -4 7 -4 7 -3 8 -3 8 -2 8 -3 8 -2 9 -2 9 -2 9 -2 9 -1 10 -1 10 -1 10 -1 10 -1 10 0 10 0 10 0 10 0 10 0 10 0 10 0 10 0 10 1 10 0 10 0 0 0 10 0 10 0 10 0 10 0 10 -1 11 -1 11 -1 11 -2 11 -2 11 -2 11 -2 12 -2 12 -2 12 -3 12 -3 13 -3 12 -3 12 -3 13 -3 13 -4 13 -4 13 -3 13 -4 13 -3 13 -3 13 -3 0 0 0 0 0 0 0 0 0 0
1784740921.358502,54956,-45,11,1,7,1,-95,1,642862057,128,0 0 0 0 0 0 0 0 0 0 0 0 7 -1 7 -1 7 0 7 0 8 0 8 0 8 1 8 1 8 1 9 2 9 2 9 3 9 3 9 3 9 3 9 3 9 3 9 3 9 3 9 3 9 3 9 3 9 4 9 4 9 4 9 4 0 0 9 3 10 3 9 3 10 3 9 2 10 2 10 2 10 2 10 2 11 2 11 2 11 2 11 2 11 2 12 1 12 1 13 1 12 1 12 1 13 1 13 1 13 1 13 1 13 2 13 1 13 1 0 0 0 0 0 0 0 0 0 0
1784740921.367197,54957,-45,11,1,7,1,-95,1,642871180,128,0 0 0 0 0 0 0 0 0 0 0 0 6 3 6 4 6 4 6 4 6 5 6 5 6 5 6 5 6 5 6 6 6 6 6 7 6 7 6 7 6 7 6 8 6 7 6 8 6 8 6 8 6 8 6 8 6 8 6 8 5 8 6 8 0 0 6 8 7 8 7 7 7 8 7 7 7 8 8 7 8 8 8 7 9 8 9 8 9 8 8 7 9 8 10 8 10 7 10 8 10 8 10 8 10 8 10 8 10 7 10 8 10 8 10 8 10 8 0 0 0 0 0 0 0 0 0 0
1784740921.371292,54958,-45,11,1,7,1,-95,1,642881137,128,0 0 0 0 0 0 0 0 0 0 0 0 5 -4 5 -4 6 -4 6 -4 6 -3 6 -4 7 -3 7 -3 8 -3 7 -3 7 -3 8 -3 8 -3 9 -2 9 -2 9 -2 9 -2 9 -2 9 -2 9 -2 9 -2 10 -1 9 -2 9 -2 9 -2 9 -2 0 0 10 -2 10 -2 10 -2 10 -2 10 -3 10 -3 10 -3 10 -3 10 -3 10 -4 10 -4 10 -4 11 -4 11 -4 11 -4 12 -4 11 -4 12 -5 12 -4 12 -4 12 -5 12 -4 12 -5 12 -5 11 -5 12 -5 0 0 0 0 0 0 0 0 0 0
1784740921.387373,54959,-45,11,1,7,1,-95,1,642891123,128,0 0 0 0 0 0 0 0 0 0 0 0 -7 -2 -7 -2 -7 -3 -7 -3 -7 -3 -7 -4 -8 -4 -8 -4 -8 -5 -8 -5 -8 -5 -8 -6 -8 -6 -8 -6 -8 -6 -8 -7 -8 -6 -8 -7 -8 -7 -8 -7 -9 -7 -8 -7 -8 -7 -8 -7 -8 -7 -8 -7 0 0 -9 -7 -9 -7 -9 -7 -10 -7 -9 -6 -10 -6 -10 -6 -10 -6 -10 -6 -11 -6 -11 -6 -11 -6 -11 -6 -11 -6 -12 -6 -12 -6 -12 -6 -12 -6 -12 -5 -13 -5 -13 -6 -13 -6 -13 -6 -13 -6 -13 -6 -13 -6 0 0 0 0 0 0 0 0 0 0
1784740921.387373,54960,-44,11,1,7,1,-95,1,642901059,128,0 0 0 0 0 0 0 0 0 0 0 0 0 6 -1 6 -1 6 -1 7 -1 7 -2 7 -2 7 -2 7 -2 8 -3 8 -3 8 -3 8 -4 8 -4 8 -4 8 -4 9 -4 9 -4 9 -5 9 -4 9 -4 9 -4 9 -5 9 -5 9 -5 9 -5 9 0 0 -4 9 -4 9 -4 9 -4 10 -3 9 -3 10 -3 10 -3 10 -3 10 -3 11 -3 11 -3 11 -3 11 -2 11 -2 12 -2 12 -2 13 -2 13 -2 12 -2 13 -2 13 -1 13 -2 13 -2 13 -2 13 -2 13 0 0 0 0 0 0 0 0 0 0
1784740921.403222,54961,-44,11,1,7,1,-95,1,642912444,128,0 0 0 0 0 0 0 0 0 0 0 0 -6 3 -6 3 -7 3 -7 3 -8 3 -8 3 -8 3 -8 3 -9 3 -9 2 -9 2 -10 2 -10 1 -10 1 -10 2 -11 2 -11 1 -11 1 -11 1 -11 1 -11 1 -11 1 -11 1 -11 0 -11 0 -11 1 0 0 -11 1 -11 1 -11 1 -11 2 -11 2 -11 2 -11 2 -11 2 -11 2 -12 3 -11 3 -12 3 -12 3 -12 3 -12 4 -12 4 -12 4 -12 4 -12 5 -13 5 -13 5 -13 5 -13 5 -13 4 -13 5 -13 5 0 0 0 0 0 0 0 0 0 0
1784740921.403222,54962,-44,11,1,7,1,-95,1,642921097,128,0 0 0 0 0 0 0 0 0 0 0 0 7 -2 7 -1 8 -1 8 -1 8 0 8 0 8 0 9 0 9 0 9 1 9 1 9 2 10 2 10 2 10 2 10 3 10 3 10 3 10 3 10 3 10 3 10 4 10 3 10 4 10 4 10 3 0 0 10 3 10 3 10 3 10 3 10 2 10 2 10 2 11 2 11 2 11 1 11 2 11 1 11 1 12 1 12 1 12 1 12 1 13 0 12 0 13 0 13 -1 13 0 12 0 13 0 13 0 13 0 0 0 0 0 0 0 0 0 0 0
1784740921.423632,54963,-44,11,1,7,1,-95,1,642931073,128,0 0 0 0 0 0 0 0 0 0 0 0 -7 5 -7 5 -8 5 -7 4 -8 4 -8 4 -8 4 -9 4 -9 4 -10 4 -10 3 -10 3 -10 3 -11 2 -11 3 -11 2 -11 2 -12 2 -11 2 -11 2 -11 2 -11 1 -11 2 -11 1 -11 1 -11 1 0 0 -11 2 -11 2 -10 2 -11 3 -10 3 -11 3 -11 3 -11 3 -11 3 -11 4 -11 4 -11 4 -11 4 -11 5 -11 5 -11 6 -12 6 -11 5 -11 6 -12 6 -12 6 -11 6 -12 6 -12 6 -12 6 -12 7 0 0 0 0 0 0 0 0 0 0
1784740921.437750,54964,-44,11,1,7,1,-95,1,642941059,128,0 0 0 0 0 0 0 0 0 0 0 0 6 -5 6 -5 7 -4 7 -4 7 -4 7 -4 8 -4 8 -4 8 -4 9 -4 9 -4 9 -3 9 -3 10 -3 10 -3 10 -2 10 -2 10 -2 10 -2 10 -2 10 -2 10 -1 10 -2 10 -2 10 -2 10 -2 0 0 10 -2 10 -2 10 -2 10 -3 10 -3 10 -3 10 -3 10 -4 10 -3 10 -4 11 -5 10 -5 11 -5 11 -5 11 -5 11 -5 11 -5 11 -6 12 -6 12 -6 12 -6 12 -6 12 -6 12 -6 12 -7 12 -7 0 0 0 0 0 0 0 0 0 0
1784740921.437750,54965,-44,11,1,7,1,-95,1,642951099,128,0 0 0 0 0 0 0 0 0 0 0 0 4 5 4 5 4 6 4 6 3 7 3 6 4 7 4 7 4 8 3 8 3 8 3 9 3 9 2 9 3 9 2 10 2 10 2 10 2 10 2 10 2 10 2 10 2 10 1 10 2 10 2 10 0 0 2 10 3 10 2 9 3 10 3 9 3 10 4 10 4 10 5 10 5 10 5 10 5 10 5 10 5 10 6 11 6 10 6 11 6 11 7 10 7 11 7 11 7 11 7 11 7 12 7 11 7 11 0 0 0 0 0 0 0 0 0 0
1784740921.451216,54966,-44,11,1,7,1,-95,1,642961053,128,0 0 0 0 0 0 0 0 0 0 0 0 -4 6 -5 6 -5 6 -6 6 -6 6 -6 6 -7 6 -7 6 -7 6 -7 6 -7 6 -8 6 -8 6 -9 6 -9 6 -9 5 -10 5 -10 5 -10 5 -10 5 -10 5 -10 4 -10 5 -10 5 -10 5 -10 5 0 0 -10 5 -9 5 -10 5 -9 5 -9 6 -9 5 -9 6 -9 6 -10 6 -9 7 -9 7 -9 7 -9 8 -10 8 -9 7 -10 8 -9 8 -10 8 -10 8 -10 8 -10 9 -10 9 -9 8 -10 9 -10 9 -10 9 0 0 0 0 0 0 0 0 0 0
1784740921.467246,54967,-45,11,1,7,1,-95,1,642971177,128,0 0 0 0 0 0 0 0 0 0 0 0 -8 -3 -8 -4 -8 -4 -8 -5 -8 -5 -8 -5 -8 -6 -8 -6 -8 -7 -8 -6 -8 -7 -8 -7 -8 -8 -8 -8 -8 -8 -7 -8 -7 -9 -7 -9 -7 -9 -7 -9 -7 -9 -7 -9 -7 -9 -7 -9 -7 -8 -7 -9 0 0 -7 -9 -7 -9 -7 -9 -7 -8 -8 -8 -8 -8 -8 -8 -8 -8 -8 -8 -9 -8 -9 -8 -10 -7 -10 -8 -10 -8 -10 -8 -10 -8 -10 -8 -10 -8 -11 -8 -11 -8 -11 -8 -11 -8 -11 -7 -11 -8 -11 -7 -11 -8 0 0 0 0 0 0 0 0 0 0
1784740921.467246,54968,-45,11,1,7,1,-95,1,642981151,128,0 0 0 0 0 0 0 0 0 0 0 0 5 5 5 5 5 6 5 6 5 6 4 6 5 7 4 7 5 7 4 8 4 8 3 9 3 9 3 9 3 9 3 9 3 9 3 9 3 9 3 9 3 9 4 9 3 9 3 9 3 9 3 9 0 0 3 9 4 9 4 9 5 9 4 8 5 9 5 9 5 9 5 9 6 9 6 9 6 9 6 9 6 9 8 9 7 9 7 9 8 9 8 9 9 9 8 9 9 9 8 10 8 10 8 10 8 10 0 0 0 0 0 0 0 0 0 0
1784740921.483443,54969,-45,11,1,7,1,-95,1,642991183,128,0 0 0 0 0 0 0 0 0 0 0 0 6 -4 6 -4 7 -3 7 -3 7 -3 7 -3 8 -3 8 -3 8 -3 8 -2 8 -2 9 -2 9 -2 9 -1 9 -2 10 -1 10 -1 10 -1 10 -1 10 -1 10 -1 10 0 10 -1 10 -1 10 -1 10 -1 0 0 10 -1 10 -1 10 -1 10 -1 10 -2 10 -2 10 -2 10 -3 11 -3 11 -3 11 -3 11 -3 11 -3 11 -4 12 -4 12 -4 12 -4 12 -4 12 -5 12 -5 12 -5 13 -5 12 -5 13 -5 13 -5 13 -5 0 0 0 0 0 0 0 0 0 0
1784740921.483443,54970,-44,11,1,7,1,-95,1,643001220,128,0 0 0 0 0 0 0 0 0 0 0 0 -2 6 -3 7 -3 7 -4 7 -4 6 -4 7 -4 7 -5 7 -5 7 -5 7 -5 7 -6 7 -6 7 -6 7 -7 7 -7 7 -7 7 -7 7 -8 7 -7 7 -8 7 -8 7 -7 7 -8 7 -8 7 -8 7 0 0 -8 7 -7 7 -8 7 -7 7 -7 8 -7 8 -7 8 -7 8 -7 8 -7 9 -7 9 -6 9 -7 10 -7 10 -7 10 -7 11 -7 10 -7 11 -7 11 -7 11 -7 11 -7 11 -7 11 -7 11 -7 12 -7 12 0 0 0 0 0 0 0 0 0 0
1784740921.503772,54971,-44,11,1,7,1,-95,1,643011062,128,0 0 0 0 0 0 0 0 0 0 0 0 -2 -8 -2 -8 -2 -8 -1 -8 -1 -9 -1 -8 -1 -9 0 -9 -1 -9 1 -10 1 -10 1 -10 2 -10 1 -10 1 -10 2 -11 2 -10 2 -11 2 -10 2 -11 2 -11 2 -11 2 -11 3 -11 3 -10 3 -10 0 0 2 -10 2 -11 2 -10 2 -12 1 -11 1 -11 1 -11 1 -12 0 -11 1 -13 1 -12 0 -12 0 -12 0 -12 -1 -13 -1 -13 0 -14 0 -13 -1 -14 -1 -14 -1 -14 -2 -14 -1 -15 0 -14 0 -14 -1 -14 0 0 0 0 0 0 0 0 0 0
1784740921.515706,54972,-44,11,1,7,1,-95,1,643021101,128,0 0 0 0 0 0 0 0 0 0 0 0 7 -2 7 -2 7 -2 8 -1 8 -1 8 -1 8 -1 8 -1 9 0 9 0 9 1 10 1 9 1 10 1 10 1 10 2 10 2 10 2 10 2 10 2 10 2 10 2 10 2 9 3 10 3 10 3 0 0 10 2 10 2 10 2 10 2 10 1 10 1 10 1 11 1 11 1 11 0 11 1 12 0 11 0 12 0 12 0 13 0 12 0 13 -1 13 -1 13 -1 13 -1 13 -1 13 -1 13 0 13 -1 14 0 0 0 0 0 0 0 0 0 0 0
1784740921.523863,54973,-45,11,1,7,1,-95,1,643031136,128,0 0 0 0 0 0 0 0 0 0 0 0 -8 -1 -8 -1 -9 -2 -9 -2 -9 -2 -9 -3 -9 -3 -9 -3 -10 -3 -10 -4 -10 -4 -10 -4 -10 -5 -10 -5 -10 -5 -10 -6 -10 -6 -10 -6 -10 -6 -10 -6 -10 -6 -10 -6 -10 -6 -10 -6 -10 -6 -10 -6 0 0 -10 -6 -10 -6 -10 -6 -11 -6 -11 -5 -11 -5 -11 -5 -11 -5 -11 -5 -12 -5 -12 -4 -12 -4 -13 -4 -13 -4 -13 -4 -13 -4 -13 -4 -13 -4 -14 -4 -14 -4 -14 -4 -14 -4 -14 -4 -14 -4 -14 -4 -15 -4 0 0 0 0 0 0 0 0 0 0
1784740921.531830,54974,-44,11,1,7,1,-95,1,643041147,128,0 0 0 0 0 0 0 0 0 0 0 0 6 3 6 3 6 4 6 4 6 4 6 4 6 5 6 5 6 5 6 6 6 6 6 7 6 7 6 7 6 7 6 7 6 7 6 8 6 8 6 8 6 8 6 7 6 8 5 8 5 8 6 8 0 0 6 8 7 8 6 7 7 8 7 7 7 7 7 7 8 7 8 7 9 8 8 8 8 7 8 7 8 7 10 7 10 7 10 8 10 8 10 7 11 7 11 7 11 7 10 8 10 8 10 8 10 8 0 0 0 0 0 0 0 0 0 0
1784740921.547624,54975,-45,11,1,7,1,-95,1,643051139,128,0 0 0 0 0 0 0 0 0 0 0 0 3 6 2 7 2 7 2 7 2 7 2 8 1 8 1 8 1 8 1 8 1 9 1 9 1 9 0 9 0 10 -1 10 0 10 0 10 -1 10 -1 10 0 10 -1 10 0 10 -1 10 0 10 0 11 0 0 0 11 0 10 0 11 0 10 0 11 1 11 1 11 1 11 1 11 2 11 2 11 2 12 2 12 2 13 2 12 2 13 2 12 3 13 3 13 3 13 3 13 3 13 3 13 3 13 3 13 3 14 0 0 0 0 0 0 0 0 0 0
1784740921.547624,54976,-44,11,1,7,1,-95,1,643061172,128,0 0 0 0 0 0 0 0 0 0 0 0 5 -5 5 -5 6 -4 6 -4 6 -4 7 -4 7 -4 7 -4 7 -4 8 -4 8 -4 8 -4 8 -4 9 -3 9 -3 9 -3 9 -3 9 -3 9 -3 10 -3 9 -3 9 -3 10 -3 9 -3 10 -3 10 -3 0 0 10 -3 10 -3 10 -3 10 -4 10 -4 10 -4 10 -5 10 -5 10 -5 11 -5 11 -5 10 -5 11 -5 11 -6 11 -6 11 -6 12 -6 11 -6 12 -7 11 -7 12 -7 12 -7 12 -7 12 -6 12 -7 12 -7 0 0 0 0 0 0 0 0 0 0
1784740921.563502,54977,-44,11,1,7,1,-95,1,643072758,128,0 0 0 0 0 0 0 0 0 0 0 0 -3 -7 -3 -7 -3 -7 -2 -7 -3 -8 -2 -8 -3 -8 -3 -8 -3 -9 -2 -9 -2 -9 -1 -10 -1 -10 -1 -10 -1 -10 -1 -10 -1 -10 -1 -11 -1 -10 -1 -11 -1 -11 -1 -11 -1 -11 0 -11 0 -11 -1 -11 0 0 -1 -11 -1 -11 -1 -11 -2 -12 -2 -11 -2 -11 -3 -11 -3 -12 -3 -12 -3 -13 -3 -13 -3 -12 -3 -12 -3 -12 -4 -13 -4 -13 -4 -13 -4 -13 -4 -13 -5 -14 -4 -14 -5 -14 -4 -14 -4 -14 -4 -14 -4 -14 0 0 0 0 0 0 0 0 0 0
1784740921.563502,54978,-44,11,1,7,1,-95,1,643081147,128,0 0 0 0 0 0 0 0 0 0 0 0 2 -7 2 -8 2 -7 3 -7 3 -7 3 -8 4 -8 4 -8 4 -8 4 -8 4 -8 5 -8 5 -8 6 -8 6 -9 6 -8 6 -8 6 -8 7 -8 7 -8 7 -8 7 -8 7 -8 7 -8 7 -8 7 -9 0 0 7 -9 7 -9 7 -9 7 -9 7 -9 7 -10 7 -10 7 -10 7 -10 7 -10 6 -11 6 -11 7 -11 7 -12 7 -11 7 -12 7 -12 7 -12 8 -12 8 -12 8 -13 8 -13 7 -13 7 -13 7 -13 8 -13 0 0 0 0 0 0 0 0 0 0
1784740921.579624,54979,-45,11,1,7,1,-95,1,643093216,128,0 0 0 0 0 0 0 0 0 0 0 0 7 0 6 1 7 1 7 1 7 2 7 2 7 2 8 2 8 3 8 3 8 3 8 4 8 4 8 4 8 4 8 5 8 5 8 5 8 6 8 6 8 6 8 6 8 5 8 6 8 6 9 6 0 0 8 6 9 6 9 6 9 6 9 6 9 6 9 5 10 5 10 6 10 5 11 5 11 5 11 5 11 5 11 6 12 6 11 5 12 6 12 6 12 6 12 6 12 6 12 5 12 6 13 6 12 6 0 0 0 0 0 0 0 0 0 0
1784740921.595627,54980,-44,11,1,7,1,-95,1,643101117,128,0 0 0 0 0 0 0 0 0 0 0 0 5 4 5 4 4 4 5 5 4 5 5 5 5 5 5 6 5 6 5 6 5 7 5 7 4 7 4 8 4 8 4 8 4 8 4 8 4 9 4 9 4 9 4 9 4 9 4 9 4 9 4 9 0 0 4 9 5 9 4 9 5 9 5 9 5 9 5 9 6 9 6 9 6 9 6 9 7 9 7 10 7 10 7 9 7 10 7 10 8 10 8 10 8 10 8 10 8 10 8 11 8 11 8 11 8 11 0 0 0 0 0 0 0 0 0 0
1784740921.595627,54981,-42,11,1,7,0,-95,1,643111111,128,0 0 0 0 0 0 0 0 0 0 0 0 2 1 2 1 2 2 2 2 2 2 2 2 2 2 2 2 2 3 2 2 2 2 2 3 2 3 2 3 2 3 2 3 2 3 2 4 2 4 2 4 2 4 2 4 2 3 2 4 2 4 2 4 0 0 2 4 2 4 2 4 3 4 3 4 2 4 3 4 3 4 3 4 3 3 4 4 4 4 4 4 3 4 4 4 4 4 4 4 4 4 4 4 4 4 4 4 4 5 4 4 4 4 4 4 4 4 0 0 0 0 0 0 0 0 0 0
1784740921.611468,54982,-44,11,1,7,1,-95,1,643121104,128,0 0 0 0 0 0 0 0 0 0 0 0 5 4 5 4 5 5 4 4 5 5 5 5 5 5 5 5 5 5 5 6 5 6 5 7 5 7 5 7 5 7 5 8 5 8 5 8 5 8 5 8 5 8 5 8 5 9 5 8 5 8 5 8 0 0 5 8 6 8 5 8 6 9 6 8 6 8 7 8 7 8 7 8 8 9 7 9 8 8 8 9 8 8 9 9 8 8 9 9 9 9 9 9 10 9 9 9 9 9 10 10 9 10 9 10 9 9 0 0 0 0 0 0 0 0 0 0
1784740921.627584,54983,-44,11,1,7,1,-95,1,643131051,128,0 0 0 0 0 0 0 0 0 0 0 0 4 -5 5 -5 5 -5 5 -5 5 -5 6 -5 6 -5 6 -5 7 -5 7 -5 7 -5 8 -5 8 -5 8 -5 8 -5 8 -5 9 -5 9 -5 9 -5 9 -5 9 -5 9 -5 9 -5 9 -4 9 -5 10 -5 0 0 10 -5 9 -5 10 -5 9 -6 10 -6 10 -6 9 -6 10 -7 10 -7 10 -7 10 -7 10 -7 10 -7 11 -8 10 -8 11 -9 10 -8 11 -9 11 -9 11 -9 11 -9 11 -9 11 -9 11 -9 11 -9 11 -9 0 0 0 0 0 0 0 0 0 0
1784740921.627584,54984,-44,11,1,7,1,-95,1,643141079,128,0 0 0 0 0 0 0 0 0 0 0 0 6 0 6 1 6 1 7 1 7 1 7 2 7 2 7 2 7 3 7 2 8 2 8 3 8 3 8 4 8 4 8 4 8 5 8 4 8 5 8 5 8 5 8 5 8 5 8 5 8 5 9 5 0 0 9 5 9 5 9 6 9 5 9 5 9 5 9 5 10 5 10 6 10 5 10 5 11 5 11 5 11 5 11 5 12 6 11 5 12 5 12 6 12 6 12 6 12 6 12 5 12 5 12 5 12 5 0 0 0 0 0 0 0 0 0 0
1784740921.647602,54985,-44,11,1,7,1,-95,1,643151160,128,0 0 0 0 0 0 0 0 0 0 0 0 3 -6 3 -6 4 -6 4 -6 5 -6 5 -6 5 -6 5 -6 5 -7 6 -6 6 -6 7 -6 7 -6 7 -6 7 -6 8 -6 8 -6 8 -7 8 -6 8 -6 8 -6 8 -6 9 -6 9 -6 9 -6 9 -6 0 0 9 -6 9 -7 8 -7 9 -7 9 -7 9 -7 8 -8 9 -8 9 -8 10 -9 9 -9 9 -8 9 -8 9 -8 9 -10 9 -10 10 -10 10 -10 10 -10 10 -10 10 -10 9 -10 11 -10 10 -10 10 -10 10 -10 0 0 0 0 0 0 0 0 0 0
1784740921.647602,54986,-44,11,1,7,1,-95,1,643161058,128,0 0 0 0 0 0 0 0 0 0 0 0 -5 -5 -5 -6 -4 -6 -4 -7 -4 -7 -4 -7 -4 -7 -4 -8 -4 -8 -4 -8 -4 -8 -4 -9 -4 -9 -4 -9 -4 -10 -3 -10 -3 -10 -3 -10 -3 -10 -3 -10 -3 -10 -3 -11 -3 -10 -3 -11 -3 -11 -3 -11 0 0 -3 -11 -3 -11 -3 -11 -3 -11 -4 -11 -4 -11 -4 -11 -4 -11 -4 -12 -4 -11 -4 -12 -5 -12 -5 -12 -5 -13 -5 -12 -5 -13 -5 -12 -5 -13 -5 -13 -6 -13 -6 -13 -6 -13 -5 -13 -5 -13 -6 -13 -6 -13 0 0 0 0 0 0 0 0 0 0
1784740921.659560,54987,-44,11,1,7,1,-95,1,643171107,128,0 0 0 0 0 0 0 0 0 0 0 0 5 4 5 5 4 5 4 5 4 6 4 6 4 6 4 6 4 7 4 7 4 7 4 7 4 8 4 8 4 8 4 9 4 9 3 9 3 9 3 9 4 9 3 9 3 9 3 9 3 9 4 10 0 0 4 10 4 10 4 10 4 10 4 10 4 10 4 10 5 10 5 10 5 10 6 10 6 10 6 10 6 11 6 10 6 11 6 11 6 11 6 11 7 11 7 11 7 11 7 11 7 11 7 11 7 12 0 0 0 0 0 0 0 0 0 0
1784740921.677076,54988,-44,11,1,7,1,-95,1,643181053,128,0 0 0 0 0 0 0 0 0 0 0 0 6 -4 5 -4 6 -3 6 -3 7 -3 6 -3 7 -3 7 -3 7 -3 8 -3 8 -2 8 -2 9 -2 9 -2 9 -2 9 -2 9 -2 10 -2 10 -2 10 -2 10 -2 10 -2 10 -2 10 -1 10 -1 10 -2 0 0 10 -2 10 -2 10 -2 11 -2 10 -3 11 -3 10 -3 11 -3 11 -3 11 -4 11 -4 11 -4 11 -4 11 -4 12 -5 11 -5 12 -5 12 -5 12 -5 12 -5 12 -5 12 -5 13 -5 12 -5 12 -5 12 -5 0 0 0 0 0 0 0 0 0 0
1784740921.677076,54989,-44,11,1,7,1,-95,1,643191113,128,0 0 0 0 0 0 0 0 0 0 0 0 -7 1 -8 1 -8 1 -8 0 -8 0 -9 0 -9 0 -9 0 -9 0 -9 -1 -10 -1 -10 -1 -10 -1 -10 -2 -11 -1 -11 -2 -11 -2 -11 -2 -11 -3 -11 -2 -11 -2 -11 -2 -11 -2 -11 -3 -11 -3 -12 -2 0 0 -12 -2 -12 -2 -12 -2 -11 -2 -11 -2 -12 -2 -12 -1 -13 -1 -13 -1 -13 -1 -13 -1 -13 -1 -13 -1 -14 -1 -13 -1 -14 -1 -13 -1 -14 0 -14 0 -14 0 -15 0 -15 0 -14 0 -15 -1 -15 0 -15 0 0 0 0 0 0 0 0 0 0 0
1784740921.707600,54990,-45,11,1,7,1,-95,1,643211209,128,0 0 0 0 0 0 0 0 0 0 0 0 -7 1 -7 1 -8 0 -8 0 -8 0 -8 0 -9 0 -9 0 -9 0 -9 -1 -9 -1 -9 -1 -10 -1 -10 -2 -10 -2 -10 -2 -10 -2 -10 -2 -11 -2 -11 -2 -11 -2 -11 -2 -11 -2 -11 -2 -11 -3 -11 -2 0 0 -11 -2 -11 -2 -11 -2 -11 -2 -11 -1 -12 -2 -12 -1 -12 -1 -12 -1 -12 -1 -12 -1 -13 -1 -13 -1 -13 -1 -13 0 -14 0 -13 0 -14 0 -14 0 -14 0 -14 0 -14 0 -14 0 -14 0 -14 0 -14 0 0 0 0 0 0 0 0 0 0 0
1784740921.707600,54991,-45,11,1,7,1,-95,1,643211670,128,0 0 0 0 0 0 0 0 0 0 0 0 1 -8 1 -8 2 -8 2 -8 2 -8 2 -8 2 -8 2 -8 3 -9 3 -9 3 -8 4 -9 4 -9 5 -9 4 -9 5 -9 5 -9 5 -9 5 -9 5 -9 5 -9 5 -9 6 -10 6 -9 6 -9 6 -10 0 0 6 -10 5 -10 6 -10 5 -10 5 -10 5 -11 5 -11 5 -11 5 -11 5 -12 5 -12 5 -12 5 -12 5 -12 5 -12 5 -13 5 -13 5 -13 4 -13 4 -13 4 -14 4 -14 4 -14 5 -13 5 -14 5 -14 0 0 0 0 0 0 0 0 0 0
1784740921.707600,54992,-44,11,1,7,1,-95,1,643221175,128,0 0 0 0 0 0 0 0 0 0 0 0 -5 -5 -5 -6 -5 -6 -5 -7 -4 -7 -5 -7 -5 -7 -5 -7 -5 -8 -5 -8 -5 -8 -5 -9 -5 -9 -5 -9 -5 -10 -4 -9 -4 -10 -4 -10 -4 -10 -4 -10 -4 -10 -4 -10 -4 -10 -4 -10 -4 -10 -4 -11 0 0 -4 -11 -4 -10 -4 -11 -4 -10 -5 -11 -5 -11 -5 -11 -5 -11 -5 -11 -6 -11 -6 -11 -6 -11 -6 -11 -6 -12 -6 -12 -7 -12 -6 -12 -7 -12 -7 -12 -7 -12 -7 -12 -7 -13 -7 -12 -7 -13 -7 -12 -7 -13 0 0 0 0 0 0 0 0 0 0
1784740921.724504,54993,-44,11,1,7,1,-95,1,643231469,128,0 0 0 0 0 0 0 0 0 0 0 0 6 1 6 1 7 2 6 2 7 2 7 2 7 2 7 3 7 2 7 3 7 3 8 4 7 4 8 4 8 4 8 4 8 4 8 5 8 5 8 5 8 5 8 5 8 6 8 5 8 5 8 6 0 0 8 6 9 5 8 5 9 5 9 5 9 5 9 5 10 5 10 5 11 5 10 5 10 5 10 5 10 5 11 4 12 4 12 5 12 5 12 5 12 5 12 5 13 5 13 5 12 5 12 5 12 5 0 0 0 0 0 0 0 0 0 0
1784740921.724504,54994,-44,11,1,7,1,-95,1,643241050,128,0 0 0 0 0 0 0 0 0 0 0 0 -1 -7 -1 -7 -1 -7 -1 -8 0 -8 0 -8 0 -8 0 -8 0 -8 0 -9 1 -9 1 -9 1 -9 1 -10 1 -10 2 -10 2 -10 2 -10 2 -10 2 -10 2 -11 2 -10 2 -10 3 -10 2 -10 3 -11 0 0 2 -11 2 -11 3 -11 2 -11 2 -11 2 -12 2 -12 1 -12 1 -12 1 -12 2 -12 1 -13 1 -13 1 -13 1 -13 1 -14 1 -13 1 -14 1 -14 1 -14 1 -14 1 -14 1 -14 1 -14 1 -15 1 -15 0 0 0 0 0 0 0 0 0 0
1784740921.739632,54995,-44,11,1,7,1,-95,1,643252336,128,0 0 0 0 0 0 0 0 0 0 0 0 5 3 5 4 5 4 5 4 5 5 5 5 5 5 5 5 6 5 6 6 5 6 5 7 5 7 5 7 5 7 6 8 5 7 6 8 5 8 6 8 6 8 6 8 6 9 6 9 5 9 6 9 0 0 6 9 7 9 6 8 7 9 7 8 7 8 7 8 8 9 8 8 8 9 8 9 8 9 8 9 8 8 10 9 9 8 10 9 9 9 10 9 10 9 10 9 11 8 10 9 10 10 10 9 10 9 0 0 0 0 0 0 0 0 0 0
1784740921.755542,54996,-44,11,1,7,1,-95,1,643261098,128,0 0 0 0 0 0 0 0 0 0 0 0 -3 -7 -3 -7 -3 -7 -2 -7 -3 -8 -2 -8 -2 -8 -2 -8 -2 -8 -2 -9 -1 -9 -1 -10 -1 -10 -1 -10 -1 -10 -1 -10 -1 -10 -1 -11 -1 -11 -1 -11 -1 -11 -1 -11 0 -11 0 -11 0 -11 0 -11 0 0 0 -12 -1 -12 -1 -11 -1 -12 -1 -12 -1 -12 -2 -12 -2 -12 -2 -12 -2 -13 -2 -13 -2 -13 -2 -13 -2 -13 -3 -14 -3 -13 -3 -14 -3 -14 -3 -14 -3 -14 -3 -14 -3 -14 -3 -14 -2 -15 -2 -14 -2 -15 0 0 0 0 0 0 0 0 0 0
1784740921.755542,54997,-44,11,1,7,1,-95,1,643271578,128,0 0 0 0 0 0 0 0 0 0 0 0 4 -6 4 -6 4 -6 5 -6 5 -6 5 -6 5 -6 6 -6 6 -6 6 -6 6 -6 7 -6 7 -6 7 -6 8 -6 8 -6 9 -6 8 -6 9 -6 9 -6 8 -6 9 -6 9 -6 9 -6 9 -6 9 -6 0 0 9 -6 10 -6 9 -6 9 -7 9 -6 9 -7 9 -7 9 -8 10 -7 9 -8 9 -8 9 -9 10 -8 10 -9 10 -9 10 -9 10 -9 10 -9 10 -9 10 -10 10 -10 11 -10 10 -10 10 -10 10 -10 10 -10 0 0 0 0 0 0 0 0 0 0
1784740921.771197,54998,-44,11,1,7,1,-95,1,643281248,128,0 0 0 0 0 0 0 0 0 0 0 0 -1 6 -2 6 -3 6 -3 7 -3 6 -3 7 -3 7 -4 7 -4 7 -4 8 -5 8 -5 8 -5 8 -5 8 -5 8 -6 8 -6 8 -6 8 -6 8 -6 8 -7 8 -7 8 -6 9 -7 9 -6 8 -6 9 0 0 -7 9 -7 9 -7 9 -7 9 -6 10 -7 9 -6 10 -6 10 -7 10 -6 11 -6 11 -6 11 -6 11 -6 11 -6 12 -7 12 -6 12 -6 12 -6 12 -6 13 -6 13 -6 13 -6 12 -6 13 -6 12 -6 13 0 0 0 0 0 0 0 0 0 0
1784740921.786990,54999,-44,11,1,7,1,-95,1,643291028,128,0 0 0 0 0 0 0 0 0 0 0 0 -4 -7 -4 -7 -4 -7 -3 -7 -3 -8 -3 -8 -3 -8 -3 -8 -3 -9 -2 -10 -2 -9 -2 -10 -2 -10 -2 -10 -2 -10 -2 -11 -2 -10 -2 -11 -2 -11 -2 -11 -2 -11 -2 -11 -2 -12 -1 -11 -1 -12 -2 -11 0 0 -2 -11 -3 -12 -3 -11 -3 -13 -3 -12 -3 -12 -3 -12 -3 -12 -4 -12 -4 -13 -3 -13 -4 -13 -4 -13 -3 -12 -5 -14 -5 -13 -5 -14 -5 -14 -5 -13 -5 -14 -5 -14 -6 -13 -5 -15 -5 -14 -5 -14 -5 -14 0 0 0 0 0 0 0 0 0 0
1784740921.786990,55000,-44,11,1,7,1,-95,1,643301136,128,0 0 0 0 0 0 0 0 0 0 0 0 -2 6 -2 6 -2 6 -3 6 -3 6 -3 7 -3 7 -3 7 -3 7 -3 7 -4 7 -5 8 -5 7 -5 8 -5 8 -5 8 -6 8 -6 8 -6 8 -6 8 -6 8 -6 8 -6 8 -6 8 -7 8 -7 8 0 0 -7 9 -6 9 -7 9 -6 9 -6 9 -6 10 -6 10 -6 10 -6 10 -6 10 -6 10 -6 11 -6 11 -6 11 -6 11 -6 12 -6 11 -6 12 -6 12 -6 12 -6 12 -6 12 -6 11 -7 12 -7 12 -6 12 0 0 0 0 0 0 0 0 0 0
1784740921.802842,55001,-44,11,1,7,1,-95,1,643317060,128,0 0 0 0 0 0 0 0 0 0 0 0 -6 2 -6 2 -7 2 -7 2 -7 2 -7 2 -8 2 -8 2 -8 2 -9 1 -9 1 -9 1 -10 1 -10 1 -10 1 -10 1 -10 1 -11 1 -11 1 -11 1 -11 1 -11 1 -12 1 -11 0 -11 0 -11 0 0 0 -11 1 -12 1 -11 1 -12 1 -12 1 -12 2 -12 2 -12 2 -12 2 -13 2 -13 2 -13 2 -13 2 -13 2 -13 3 -13 3 -14 3 -13 3 -13 4 -14 4 -13 4 -13 4 -14 4 -14 3 -14 3 -14 3 0 0 0 0 0 0 0 0 0 0
1784740921.802842,55002,-44,11,1,7,1,-95,1,643321465,128,0 0 0 0 0 0 0 0 0 0 0 0 -2 6 -2 6 -2 6 -3 6 -3 6 -3 7 -3 7 -3 7 -3 7 -4 7 -4 7 -5 8 -5 8 -5 8 -5 8 -6 8 -6 8 -6 8 -6 8 -6 8 -6 8 -6 8 -6 8 -7 8 -7 8 -7 8 0 0 -7 9 -7 9 -7 9 -7 10 -7 9 -6 10 -6 10 -6 10 -7 10 -7 11 -7 10 -6 11 -6 11 -6 11 -6 11 -7 12 -7 11 -6 12 -6 12 -6 12 -6 12 -6 13 -6 12 -7 12 -7 12 -7 12 0 0 0 0 0 0 0 0 0 0
1784740921.824567,55003,-44,11,1,7,1,-95,1,643331106,128,0 0 0 0 0 0 0 0 0 0 0 0 6 2 6 2 5 3 6 3 6 3 6 4 6 4 6 4 6 4 6 4 6 5 7 5 7 5 7 6 7 7 6 7 7 7 6 7 6 7 6 8 7 8 7 8 7 8 7 8 7 8 7 8 0 0 7 9 7 8 7 9 7 8 7 8 7 8 7 8 8 8 8 9 8 8 8 8 9 8 9 8 9 9 9 9 9 9 9 9 9 9 9 9 10 9 9 9 9 9 10 9 9 9 10 9 10 9 0 0 0 0 0 0 0 0 0 0
1784740921.834806,55004,-44,11,1,7,1,-95,1,643341077,128,0 0 0 0 0 0 0 0 0 0 0 0 6 -3 6 -3 6 -2 6 -2 7 -2 7 -2 7 -2 7 -2 8 -1 8 -1 8 -1 9 -1 9 0 9 0 9 0 10 0 10 0 10 0 10 1 10 1 10 0 10 1 10 1 10 1 10 1 11 1 0 0 11 1 11 1 11 1 11 1 11 1 11 1 11 0 11 0 11 0 12 0 12 0 12 0 12 0 12 0 12 0 12 0 12 0 13 -1 13 -1 13 -1 13 -1 13 -1 13 -1 13 0 13 -1 13 -1 0 0 0 0 0 0 0 0 0 0
1784740921.834806,55005,-44,11,1,7,1,-95,1,643351096,128,0 0 0 0 0 0 0 0 0 0 0 0 2 -7 2 -7 3 -7 3 -7 3 -7 4 -7 4 -7 4 -7 4 -8 5 -7 5 -7 6 -7 6 -8 6 -7 6 -7 7 -8 7 -8 7 -8 7 -8 7 -8 7 -8 8 -8 8 -8 8 -7 8 -7 8 -7 0 0 8 -8 8 -8 8 -8 8 -8 8 -9 8 -8 8 -9 8 -9 7 -9 8 -10 8 -10 7 -9 8 -9 8 -9 8 -11 8 -11 8 -11 8 -11 8 -11 8 -11 8 -11 8 -11 8 -11 9 -11 8 -11 8 -11 0 0 0 0 0 0 0 0 0 0
1784740921.850857,55006,-44,11,1,7,1,-95,1,643361132,128,0 0 0 0 0 0 0 0 0 0 0 0 -4 5 -5 5 -5 5 -6 5 -6 5 -6 5 -6 5 -7 5 -7 5 -7 5 -7 5 -8 5 -8 5 -9 5 -9 6 -9 5 -10 5 -9 5 -10 5 -10 5 -10 5 -10 5 -10 4 -10 5 -10 5 -10 5 0 0 -11 5 -11 5 -11 5 -10 5 -10 5 -10 5 -11 5 -11 6 -11 5 -11 6 -11 7 -11 7 -11 7 -11 7 -11 7 -12 7 -11 7 -11 8 -11 7 -11 7 -11 8 -11 8 -11 8 -11 8 -11 8 -11 8 0 0 0 0 0 0 0 0 0 0
1784740921.867788,55007,-44,11,1,7,1,-95,1,643380857,128,0 0 0 0 0 0 0 0 0 0 0 0 -2 -7 -2 -7 -1 -8 -1 -8 -1 -8 -1 -8 -1 -8 -1 -9 -1 -9 0 -9 0 -10 0 -10 0 -10 1 -10 1 -10 1 -10 1 -11 1 -11 1 -11 1 -11 2 -11 2 -11 2 -11 2 -11 2 -11 2 -11 0 0 2 -11 2 -12 2 -12 1 -12 1 -12 1 -12 1 -12 1 -12 1 -12 1 -13 0 -13 0 -13 0 -13 1 -13 0 -14 0 -14 0 -14 0 -14 0 -14 0 -14 0 -14 0 -14 0 -14 0 -14 0 -14 0 -14 0 0 0 0 0 0 0 0 0 0
1784740921.867788,55008,-44,11,1,7,1,-95,1,643381174,128,0 0 0 0 0 0 0 0 0 0 0 0 1 -7 1 -7 2 -7 2 -8 2 -8 3 -8 3 -8 3 -8 3 -8 4 -8 4 -8 4 -9 4 -9 5 -9 5 -9 5 -9 5 -9 6 -9 6 -9 6 -9 6 -9 6 -9 6 -9 6 -9 6 -9 6 -9 0 0 6 -9 6 -10 7 -10 6 -10 6 -10 6 -10 6 -10 6 -10 6 -10 6 -11 6 -11 6 -11 6 -11 6 -11 6 -12 6 -12 6 -12 6 -13 6 -12 6 -12 6 -12 6 -12 6 -12 6 -13 6 -13 6 -13 0 0 0 0 0 0 0 0 0 0
1784740921.882799,55009,-44,11,1,7,1,-95,1,643391033,128,0 0 0 0 0 0 0 0 0 0 0 0 0 -8 1 -7 1 -8 1 -7 2 -8 2 -8 2 -8 2 -8 2 -8 3 -8 3 -9 3 -9 4 -9 4 -9 4 -9 5 -9 4 -9 5 -10 5 -9 5 -10 5 -10 5 -9 5 -10 5 -9 5 -10 5 -10 0 0 5 -10 5 -10 5 -10 5 -10 5 -10 5 -11 5 -11 5 -11 5 -11 5 -12 5 -12 4 -12 5 -12 5 -12 5 -13 5 -12 5 -13 5 -13 5 -13 5 -13 5 -13 5 -13 5 -13 5 -13 5 -13 5 -13 0 0 0 0 0 0 0 0 0 0
1784740921.898716,55010,-45,11,1,7,1,-95,1,643402894,128,0 0 0 0 0 0 0 0 0 0 0 0 5 4 5 4 5 4 5 5 4 5 5 5 5 5 5 5 5 6 5 6 5 6 5 7 5 7 5 7 5 7 5 8 5 8 5 8 5 8 5 8 5 8 5 8 5 8 5 9 5 9 6 9 0 0 6 9 6 9 6 10 6 9 6 9 6 9 7 9 7 9 7 9 7 9 7 9 8 9 8 10 8 10 8 9 8 10 8 9 9 10 9 10 9 9 9 10 9 10 9 9 8 10 8 10 9 10 0 0 0 0 0 0 0 0 0 0
1784740921.947216,55011,-44,11,1,7,1,-95,1,643411219,128,0 0 0 0 0 0 0 0 0 0 0 0 -6 3 -7 3 -7 3 -7 3 -7 2 -8 3 -8 2 -8 2 -9 2 -9 2 -9 2 -9 2 -10 2 -10 1 -10 2 -10 1 -11 2 -11 1 -11 1 -11 1 -11 1 -11 1 -11 1 -11 1 -11 1 -12 1 0 0 -12 1 -11 1 -12 1 -12 2 -12 2 -12 2 -12 2 -12 2 -12 2 -13 3 -13 3 -13 3 -13 3 -13 3 -13 3 -14 4 -13 3 -14 4 -14 4 -14 4 -14 4 -14 4 -14 4 -14 3 -14 4 -14 4 0 0 0 0 0 0 0 0 0 0
1784740921.963166,55012,-44,11,1,7,1,-95,1,643451163,128,0 0 0 0 0 0 0 0 0 0 0 0 -1 -7 -1 -8 -1 -8 0 -8 0 -8 0 -8 0 -8 0 -9 1 -9 1 -9 1 -9 1 -9 1 -10 2 -10 2 -10 2 -10 3 -10 3 -10 2 -10 3 -10 3 -10 3 -10 2 -10 3 -10 3 -10 3 -11 0 0 3 -11 3 -11 3 -11 2 -11 2 -11 2 -11 2 -12 2 -12 2 -12 2 -12 2 -13 1 -12 2 -13 1 -13 1 -13 2 -13 2 -13 1 -14 2 -14 1 -14 1 -14 1 -14 1 -14 1 -14 1 -14 1 -14 0 0 0 0 0 0 0 0 0 0
1784740921.963166,55013,-44,11,1,7,1,-95,1,643453204,128,0 0 0 0 0 0 0 0 0 0 0 0 3 -7 3 -7 4 -7 4 -7 4 -7 5 -7 5 -7 5 -7 5 -7 5 -7 6 -7 6 -7 7 -7 7 -7 7 -7 7 -6 8 -7 7 -7 8 -7 8 -7 8 -7 8 -7 8 -7 8 -7 8 -7 8 -7 0 0 8 -8 8 -7 9 -8 8 -8 8 -8 8 -8 8 -8 8 -9 9 -9 8 -9 8 -9 8 -10 8 -10 9 -10 8 -10 9 -10 8 -10 9 -11 9 -10 9 -11 9 -11 9 -11 8 -11 9 -11 9 -11 9 -11 0 0 0 0 0 0 0 0 0 0
1784740921.963166,55014,-44,11,1,7,1,-95,1,643467691,128,0 0 0 0 0 0 0 0 0 0 0 0 6 1 6 2 6 2 7 3 7 3 6 3 6 3 7 4 7 4 7 4 7 4 7 5 7 5 7 5 7 5 7 6 7 6 8 6 7 6 7 6 8 7 7 7 8 6 8 6 8 7 8 7 0 0 8 7 8 7 8 7 8 6 8 6 8 7 8 7 9 6 9 7 10 6 10 6 10 6 10 6 11 6 11 6 11 6 11 6 11 6 11 7 11 7 12 6 11 7 11 6 11 6 12 6 12 6 0 0 0 0 0 0 0 0 0 0
1784740921.963166,55015,-44,11,1,7,1,-95,1,643471107,128,0 0 0 0 0 0 0 0 0 0 0 0 -4 -7 -4 -7 -3 -8 -3 -8 -3 -8 -3 -8 -3 -9 -3 -9 -3 -9 -2 -9 -2 -9 -2 -10 -2 -10 -1 -10 -2 -11 -1 -11 -1 -11 -1 -11 -1 -11 -1 -11 -1 -11 -1 -11 -1 -12 -1 -11 -1 -11 -1 -12 0 0 -1 -12 -1 -12 -1 -12 -1 -12 -2 -12 -1 -12 -2 -12 -2 -12 -2 -13 -2 -13 -3 -13 -2 -13 -3 -13 -3 -13 -3 -13 -3 -14 -3 -13 -3 -14 -3 -14 -3 -14 -4 -14 -3 -14 -3 -14 -3 -14 -4 -14 -4 -14 0 0 0 0 0 0 0 0 0 0
1784740921.978826,55016,-44,11,1,7,1,-95,1,643483517,128,0 0 0 0 0 0 0 0 0 0 0 0 1 -8 1 -8 2 -8 2 -8 2 -8 3 -8 3 -8 3 -8 3 -8 3 -8 4 -9 4 -9 4 -9 4 -9 5 -9 5 -9 6 -9 5 -9 6 -9 6 -9 6 -9 7 -9 6 -10 6 -9 6 -9 6 -10 0 0 6 -10 6 -10 6 -10 6 -10 6 -10 6 -10 6 -10 6 -11 6 -11 5 -11 5 -11 5 -12 5 -12 6 -12 6 -12 6 -12 5 -12 5 -13 6 -13 6 -13 5 -13 6 -13 5 -13 5 -13 5 -13 5 -14 0 0 0 0 0 0 0 0 0 0
1784740921.978826,55017,-44,11,1,7,1,-95,1,643491014,128,0 0 0 0 0 0 0 0 0 0 0 0 0 -8 0 -8 0 -8 0 -9 1 -9 1 -9 1 -9 2 -9 2 -9 2 -9 2 -10 3 -10 3 -10 4 -10 4 -10 4 -10 4 -10 4 -10 5 -10 5 -10 5 -10 5 -10 5 -10 5 -11 5 -10 5 -11 0 0 6 -11 5 -11 5 -11 5 -11 5 -11 5 -11 5 -11 5 -11 5 -12 5 -12 5 -12 5 -12 5 -12 5 -13 5 -13 5 -13 5 -13 5 -14 5 -13 5 -14 5 -14 5 -14 5 -14 5 -14 5 -14 5 -14 0 0 0 0 0 0 0 0 0 0
1784740921.994975,55018,-44,11,1,7,1,-95,1,643502769,128,0 0 0 0 0 0 0 0 0 0 0 0 -7 -4 -7 -4 -7 -4 -7 -5 -7 -5 -7 -5 -8 -5 -7 -6 -7 -6 -7 -7 -7 -7 -7 -7 -7 -8 -7 -8 -7 -8 -8 -8 -7 -8 -8 -9 -8 -9 -8 -9 -8 -9 -8 -9 -8 -9 -8 -9 -7 -9 -7 -9 0 0 -8 -9 -8 -9 -8 -9 -9 -9 -9 -9 -9 -9 -9 -9 -9 -9 -9 -9 -10 -9 -10 -10 -10 -9 -10 -9 -10 -9 -11 -9 -11 -9 -11 -10 -11 -9 -11 -9 -12 -9 -11 -10 -12 -9 -11 -10 -11 -10 -11 -10 -11 -10 0 0 0 0 0 0 0 0 0 0
1784740921.994975,55019,-44,11,1,7,1,-95,1,643511141,128,0 0 0 0 0 0 0 0 0 0 0 0 6 2 6 3 6 3 6 3 6 4 6 4 6 4 6 5 7 5 7 5 6 6 7 6 6 6 6 6 6 6 7 7 7 7 7 7 7 7 7 7 7 7 7 7 7 8 7 8 7 8 7 8 0 0 7 8 7 8 7 8 8 8 8 8 8 8 8 8 8 8 9 8 9 8 9 8 9 8 9 8 9 8 10 8 10 8 10 9 10 8 10 8 11 9 11 8 11 8 11 9 10 9 10 9 10 9 0 0 0 0 0 0 0 0 0 0
1784740922.013204,55020,-44,11,1,7,1,-95,1,643521090,128,0 0 0 0 0 0 0 0 0 0 0 0 -6 -5 -6 -5 -6 -6 -6 -6 -6 -6 -6 -6 -6 -7 -6 -7 -6 -7 -6 -7 -6 -8 -6 -8 -6 -8 -6 -9 -6 -9 -6 -9 -6 -10 -5 -9 -6 -10 -6 -10 -6 -10 -6 -10 -6 -10 -5 -10 -5 -10 -6 -10 0 0 -6 -11 -6 -11 -6 -11 -6 -11 -7 -11 -7 -11 -7 -11 -7 -11 -7 -11 -8 -11 -7 -11 -8 -11 -8 -11 -8 -12 -9 -11 -9 -12 -8 -12 -9 -12 -9 -12 -9 -12 -9 -12 -9 -12 -9 -12 -9 -12 -9 -12 -9 -12 0 0 0 0 0 0 0 0 0 0
1784740922.027024,55021,-44,11,1,7,1,-95,1,643531368,128,0 0 0 0 0 0 0 0 0 0 0 0 1 6 0 7 0 7 0 7 -1 7 -1 8 -1 7 -1 8 -1 8 -1 8 -1 9 -2 9 -2 9 -2 9 -2 10 -3 9 -3 10 -3 9 -3 10 -3 10 -3 10 -3 10 -3 10 -3 10 -3 10 -3 11 0 0 -3 11 -3 11 -4 11 -3 11 -3 11 -3 11 -3 11 -3 12 -3 12 -2 12 -2 13 -2 13 -2 13 -2 14 -2 13 -3 14 -2 13 -2 14 -2 14 -2 14 -2 14 -2 14 -2 14 -2 14 -2 14 -2 15 0 0 0 0 0 0 0 0 0 0
1784740922.027024,55022,-44,11,1,7,1,-95,1,643541047,128,0 0 0 0 0 0 0 0 0 0 0 0 4 -5 4 -5 5 -5 5 -5 6 -5 5 -5 6 -5 6 -5 6 -5 7 -5 7 -5 8 -5 8 -5 8 -5 8 -5 9 -5 8 -5 9 -5 8 -5 9 -5 9 -5 9 -5 10 -5 9 -4 9 -4 9 -5 0 0 10 -5 10 -6 9 -5 10 -6 9 -6 10 -6 9 -6 10 -7 10 -7 11 -7 10 -7 10 -7 10 -7 10 -7 11 -9 10 -8 12 -8 11 -8 11 -8 11 -9 11 -9 11 -9 12 -9 12 -8 12 -8 11 -8 0 0 0 0 0 0 0 0 0 0
1784740922.043024,55023,-44,11,1,7,1,-95,1,643551103,128,0 0 0 0 0 0 0 0 0 0 0 0 -4 -6 -4 -7 -3 -7 -3 -7 -3 -7 -3 -8 -3 -8 -3 -8 -3 -8 -3 -9 -2 -9 -2 -9 -2 -9 -2 -10 -2 -10 -2 -10 -1 -10 -1 -10 -1 -11 -2 -10 -2 -11 -2 -11 -1 -11 -1 -11 -1 -11 -1 -11 0 0 -2 -11 -2 -11 -2 -11 -2 -11 -3 -11 -2 -12 -3 -11 -3 -12 -3 -12 -4 -12 -3 -12 -4 -12 -4 -12 -4 -13 -4 -13 -4 -13 -4 -13 -4 -13 -5 -13 -5 -14 -5 -14 -5 -14 -5 -14 -5 -14 -5 -14 -5 -14 0 0 0 0 0 0 0 0 0 0
1784740922.080367,55024,-44,11,1,7,1,-95,1,643582671,128,0 0 0 0 0 0 0 0 0 0 0 0 -6 -4 -6 -4 -6 -5 -6 -5 -6 -6 -6 -6 -6 -6 -6 -6 -6 -6 -6 -7 -6 -7 -6 -8 -6 -8 -6 -8 -6 -8 -6 -9 -6 -9 -6 -9 -6 -9 -6 -9 -6 -9 -6 -9 -7 -10 -6 -10 -6 -9 -6 -10 0 0 -6 -9 -7 -10 -6 -9 -7 -10 -7 -9 -7 -9 -8 -9 -8 -9 -8 -9 -9 -10 -8 -9 -9 -9 -8 -9 -8 -9 -10 -10 -9 -9 -10 -10 -10 -10 -10 -9 -11 -10 -10 -10 -11 -10 -10 -10 -10 -10 -10 -10 -10 -10 0 0 0 0 0 0 0 0 0 0
1784740922.081147,55025,-44,11,1,7,1,-95,1,643582980,128,0 0 0 0 0 0 0 0 0 0 0 0 -3 6 -4 5 -4 6 -5 5 -5 6 -5 6 -5 6 -6 6 -6 6 -7 6 -7 6 -7 6 -8 6 -8 6 -7 6 -8 6 -8 6 -9 6 -9 6 -9 6 -9 6 -9 6 -9 6 -9 6 -9 6 -9 6 0 0 -9 6 -9 7 -9 6 -9 7 -9 7 -9 7 -9 8 -9 8 -9 8 -9 9 -9 9 -9 8 -9 8 -9 8 -9 10 -9 9 -10 10 -10 10 -9 10 -9 10 -9 10 -9 10 -10 10 -10 10 -10 10 -10 10 0 0 0 0 0 0 0 0 0 0
1784740922.081147,55026,-44,11,1,7,1,-95,1,643591116,128,0 0 0 0 0 0 0 0 0 0 0 0 6 -1 7 -1 7 0 7 0 7 0 7 0 7 0 8 0 8 1 8 1 8 1 8 1 9 2 9 2 9 2 9 3 9 2 9 3 9 3 9 3 9 3 9 3 10 3 10 3 9 3 10 3 0 0 10 3 10 3 10 3 10 3 10 3 11 3 11 3 11 2 11 3 12 2 12 2 12 2 12 2 12 2 12 2 12 2 12 2 13 2 13 2 13 2 13 2 13 2 13 2 13 2 13 2 13 2 0 0 0 0 0 0 0 0 0 0
1784740922.090946,55027,-44,11,1,7,1,-95,1,643601094,128,0 0 0 0 0 0 0 0 0 0 0 0 2 5 2 6 2 6 2 6 2 7 2 6 2 7 2 7 2 8 1 8 1 8 1 8 1 9 1 9 1 9 1 9 1 9 1 10 0 9 0 10 0 10 0 10 0 10 0 10 0 10 0 10 0 0 0 10 1 11 1 10 1 11 1 10 1 10 2 11 2 11 2 11 2 12 2 12 2 11 2 11 2 11 4 12 3 12 3 13 3 12 3 12 4 13 4 13 4 13 4 13 3 13 3 13 3 13 0 0 0 0 0 0 0 0 0 0
1784740922.107172,55028,-45,11,1,7,1,-95,1,643611141,128,0 0 0 0 0 0 0 0 0 0 0 0 -3 -7 -3 -7 -3 -7 -3 -8 -2 -8 -2 -8 -2 -8 -2 -9 -2 -9 -2 -9 -2 -9 -1 -9 -1 -10 -1 -10 -1 -11 -1 -10 0 -11 -1 -10 0 -11 0 -11 0 -11 0 -11 -1 -11 0 -11 0 -11 0 -11 0 0 -1 -11 -1 -11 -1 -12 -1 -11 -1 -12 -1 -12 -1 -12 -1 -12 -1 -12 -2 -13 -2 -13 -2 -13 -2 -13 -2 -14 -2 -13 -2 -14 -2 -14 -3 -14 -2 -14 -3 -14 -2 -14 -3 -15 -3 -14 -2 -15 -3 -15 -3 -15 0 0 0 0 0 0 0 0 0 0
1784740922.107172,55029,-45,11,1,7,1,-95,1,643621082,128,0 0 0 0 0 0 0 0 0 0 0 0 4 -5 4 -5 5 -5 5 -5 5 -5 6 -5 6 -5 6 -5 6 -5 7 -5 7 -5 7 -5 8 -5 8 -5 8 -5 8 -4 8 -4 8 -5 9 -4 9 -4 9 -4 9 -5 9 -5 9 -4 9 -4 9 -5 0 0 9 -5 9 -5 9 -5 9 -5 9 -6 9 -6 9 -6 9 -7 9 -7 9 -7 9 -7 9 -8 9 -8 9 -8 9 -8 10 -8 10 -8 10 -9 10 -9 10 -9 10 -9 10 -9 10 -9 10 -9 10 -9 10 -9 0 0 0 0 0 0 0 0 0 0
1784740922.125229,55030,-44,11,1,7,1,-95,1,643631097,128,0 0 0 0 0 0 0 0 0 0 0 0 7 0 7 0 7 0 7 1 8 1 8 1 8 1 8 2 8 2 8 3 8 3 9 3 9 3 9 3 9 4 9 4 9 4 9 5 9 5 9 5 9 5 9 5 9 5 9 5 9 5 9 5 0 0 9 5 9 5 9 4 10 4 10 4 10 4 10 4 10 4 10 4 11 4 11 4 11 3 11 4 11 4 12 3 12 3 12 4 13 3 12 4 13 3 13 4 13 3 13 4 13 4 13 3 13 4 0 0 0 0 0 0 0 0 0 0
1784740922.125229,55031,-44,11,1,7,1,-95,1,643641118,128,0 0 0 0 0 0 0 0 0 0 0 0 -3 -7 -3 -7 -3 -8 -3 -8 -2 -8 -2 -9 -2 -9 -2 -9 -2 -9 -2 -10 -2 -9 -1 -10 -1 -10 -1 -11 -1 -11 0 -11 0 -11 0 -11 0 -11 0 -11 0 -11 0 -11 0 -11 0 -11 0 -11 0 -11 0 0 0 -11 0 -11 0 -11 -1 -11 -1 -11 -1 -12 -1 -12 -2 -12 -1 -12 -2 -12 -2 -12 -2 -12 -2 -12 -2 -13 -3 -13 -3 -13 -3 -13 -3 -13 -3 -13 -3 -13 -3 -14 -4 -13 -3 -13 -3 -13 -4 -14 -3 -14 0 0 0 0 0 0 0 0 0 0
1784740922.138867,55032,-44,11,1,7,1,-95,1,643652351,128,0 0 0 0 0 0 0 0 0 0 0 0 3 5 3 6 3 6 2 7 2 7 2 7 2 7 2 8 2 8 2 8 2 8 1 9 1 9 1 10 1 10 0 9 0 10 0 10 0 11 0 10 1 11 0 10 0 10 0 10 0 10 0 11 0 0 0 11 0 10 0 11 1 10 1 11 1 11 1 11 2 11 1 12 2 11 2 12 2 12 2 12 3 13 2 11 3 13 3 12 3 13 3 12 3 13 3 13 4 13 3 12 3 13 3 13 3 13 0 0 0 0 0 0 0 0 0 0
1784740922.158191,55033,-44,11,1,7,1,-95,1,643661898,128,0 0 0 0 0 0 0 0 0 0 0 0 -7 -3 -7 -4 -7 -4 -7 -5 -7 -5 -7 -5 -7 -6 -7 -6 -7 -6 -7 -6 -7 -6 -7 -7 -7 -8 -7 -8 -7 -8 -7 -9 -7 -9 -7 -9 -7 -9 -7 -9 -7 -9 -6 -10 -7 -9 -6 -9 -7 -9 -7 -9 0 0 -7 -10 -7 -10 -7 -10 -7 -9 -7 -9 -7 -10 -7 -10 -8 -10 -8 -10 -9 -10 -9 -9 -9 -10 -9 -10 -9 -10 -9 -10 -10 -11 -9 -10 -10 -11 -10 -11 -10 -11 -10 -11 -10 -11 -10 -10 -10 -11 -10 -11 -11 -11 0 0 0 0 0 0 0 0 0 0
1784740922.158191,55034,-44,11,1,7,1,-95,1,643671041,128,0 0 0 0 0 0 0 0 0 0 0 0 6 1 6 2 6 2 6 2 6 2 7 3 7 3 7 3 7 4 7 4 7 4 7 4 7 5 7 5 8 5 7 6 8 6 7 6 7 6 7 6 7 6 7 7 8 6 8 6 8 7 8 7 0 0 8 7 8 6 8 7 8 6 8 6 8 6 9 6 9 6 9 7 10 6 10 6 10 5 10 6 11 6 10 6 11 7 10 6 11 6 11 6 11 6 11 6 12 7 11 6 12 7 12 6 12 7 0 0 0 0 0 0 0 0 0 0
1784740922.175795,55035,-44,11,1,7,1,-95,1,643681183,128,0 0 0 0 0 0 0 0 0 0 0 0 1 -7 1 -7 1 -7 1 -7 2 -8 2 -8 2 -8 2 -8 2 -8 3 -9 3 -9 3 -9 4 -9 4 -9 4 -9 4 -9 4 -9 5 -9 5 -9 5 -9 5 -9 5 -9 5 -9 5 -9 5 -9 5 -9 0 0 5 -10 5 -10 5 -10 5 -11 5 -10 5 -10 4 -11 5 -11 5 -11 5 -12 5 -12 4 -12 5 -12 5 -12 5 -13 4 -13 5 -13 5 -13 5 -13 4 -14 5 -13 4 -14 5 -14 5 -14 5 -14 5 -14 0 0 0 0 0 0 0 0 0 0
1784740922.186402,55036,-45,11,1,7,1,-95,1,643691093,128,0 0 0 0 0 0 0 0 0 0 0 0 -7 2 -7 2 -7 2 -7 2 -8 1 -8 1 -8 1 -9 1 -9 1 -9 1 -9 1 -9 1 -10 0 -10 0 -10 0 -10 0 -11 0 -11 0 -11 -1 -11 -1 -11 -1 -11 -1 -11 0 -11 -1 -11 -1 -11 -1 0 0 -11 0 -11 -1 -11 -1 -12 0 -12 0 -12 0 -12 0 -12 1 -12 1 -13 1 -13 1 -13 1 -13 1 -13 1 -13 1 -14 1 -14 1 -14 1 -14 2 -14 2 -14 2 -15 2 -14 1 -15 1 -15 1 -15 1 0 0 0 0 0 0 0 0 0 0
1784740922.186402,55037,-45,11,1,7,1,-95,1,643701024,128,0 0 0 0 0 0 0 0 0 0 0 0 -7 0 -8 0 -8 0 -8 -1 -8 -1 -8 -1 -9 -2 -9 -2 -9 -2 -9 -2 -9 -2 -9 -2 -10 -3 -10 -3 -10 -3 -10 -4 -10 -4 -10 -4 -10 -4 -10 -4 -10 -4 -10 -4 -10 -4 -10 -4 -10 -4 -10 -4 0 0 -10 -4 -10 -4 -10 -4 -11 -3 -11 -3 -11 -3 -11 -3 -11 -3 -12 -3 -12 -2 -12 -3 -12 -2 -13 -2 -13 -2 -13 -2 -13 -2 -13 -2 -13 -2 -14 -2 -14 -2 -14 -2 -14 -3 -14 -2 -14 -2 -14 -2 -15 -2 0 0 0 0 0 0 0 0 0 0
1784740922.202595,55038,-45,11,1,7,1,-95,1,643711061,128,0 0 0 0 0 0 0 0 0 0 0 0 1 -8 1 -7 2 -8 2 -8 2 -8 3 -8 3 -8 3 -8 3 -8 4 -8 4 -8 5 -8 5 -8 5 -8 5 -9 5 -9 5 -8 6 -9 6 -9 6 -9 6 -9 6 -9 6 -9 7 -8 6 -8 6 -9 0 0 6 -9 6 -9 6 -9 6 -10 6 -9 6 -10 5 -10 5 -10 5 -10 5 -11 6 -11 5 -11 5 -11 5 -11 5 -12 5 -12 5 -12 6 -13 5 -13 5 -13 5 -13 5 -13 6 -13 6 -13 6 -13 6 -13 0 0 0 0 0 0 0 0 0 0
1784740922.202595,55039,-45,11,1,7,1,-95,1,643721099,128,0 0 0 0 0 0 0 0 0 0 0 0 6 2 6 2 6 3 6 3 6 4 6 4 6 4 7 4 7 4 7 5 7 5 7 5 7 6 7 6 7 6 7 7 7 7 7 7 7 7 7 7 7 7 7 8 7 7 6 8 7 8 7 8 0 0 7 8 7 8 7 8 7 7 7 7 7 7 8 7 8 7 8 7 9 7 8 7 9 7 9 7 9 7 9 7 10 8 9 7 10 7 10 7 10 7 11 7 11 8 10 7 10 8 11 8 11 8 0 0 0 0 0 0 0 0 0 0
1784740922.225752,55040,-45,11,1,7,1,-95,1,643731076,128,0 0 0 0 0 0 0 0 0 0 0 0 -4 5 -5 6 -5 5 -6 5 -6 5 -6 6 -6 5 -6 6 -7 5 -7 6 -8 5 -8 5 -8 5 -9 5 -9 6 -9 5 -10 5 -9 5 -10 5 -10 5 -10 5 -10 5 -10 5 -10 5 -10 5 -10 5 0 0 -10 5 -10 5 -11 5 -10 5 -10 5 -10 6 -10 6 -10 6 -10 6 -10 7 -10 6 -10 7 -10 7 -10 7 -11 7 -11 7 -11 7 -11 8 -11 8 -11 8 -11 8 -11 8 -11 8 -11 8 -11 8 -12 9 0 0 0 0 0 0 0 0 0 0
1784740922.234532,55041,-44,11,1,7,1,-95,1,643741122,128,0 0 0 0 0 0 0 0 0 0 0 0 6 -4 6 -3 7 -3 7 -3 7 -3 7 -3 7 -2 8 -2 8 -2 8 -2 8 -2 9 -2 9 -1 9 -1 9 -1 9 -1 9 -1 10 -1 9 0 10 0 10 0 10 0 10 0 10 0 10 0 10 0 0 0 10 0 10 -1 10 -1 11 -1 10 -1 10 -1 10 -1 11 -1 11 -1 11 -2 11 -2 11 -2 11 -2 11 -2 12 -2 12 -3 12 -2 12 -2 12 -2 12 -3 12 -3 12 -3 13 -2 13 -2 13 -2 13 -2 0 0 0 0 0 0 0 0 0 0
1784740922.234532,55042,-44,11,1,7,1,-95,1,643751100,128,0 0 0 0 0 0 0 0 0 0 0 0 4 5 4 6 4 6 4 7 4 6 4 7 3 7 4 7 3 7 3 7 3 8 3 8 3 8 3 9 3 9 3 9 2 9 2 9 2 9 2 9 3 9 2 9 2 9 2 9 2 9 2 9 0 0 3 10 3 9 3 10 3 9 3 9 4 9 4 9 4 9 4 10 4 10 4 10 5 10 5 10 5 10 5 10 5 11 5 10 6 11 6 11 6 11 6 11 6 11 6 10 6 11 6 11 6 11 0 0 0 0 0 0 0 0 0 0
1784740922.250689,55043,-44,11,1,7,1,-95,1,643761112,128,0 0 0 0 0 0 0 0 0 0 0 0 -7 -5 -6 -5 -7 -6 -6 -6 -6 -7 -6 -7 -6 -7 -6 -7 -6 -8 -6 -8 -6 -9 -5 -9 -5 -9 -5 -9 -5 -9 -5 -10 -5 -10 -5 -10 -5 -10 -5 -10 -5 -10 -5 -10 -5 -10 -5 -10 -5 -10 -5 -10 0 0 -5 -10 -6 -10 -5 -10 -6 -10 -6 -9 -6 -10 -7 -10 -7 -10 -7 -10 -8 -10 -7 -10 -8 -10 -8 -10 -8 -10 -9 -10 -9 -10 -9 -11 -9 -10 -9 -10 -10 -10 -9 -10 -10 -10 -9 -11 -9 -11 -9 -11 -10 -11 0 0 0 0 0 0 0 0 0 0
1784740922.266832,55044,-44,11,1,7,1,-95,1,643771125,128,0 0 0 0 0 0 0 0 0 0 0 0 5 -6 5 -6 6 -5 6 -5 6 -5 7 -6 7 -5 7 -5 7 -5 8 -5 8 -5 8 -5 9 -4 9 -4 9 -4 9 -4 10 -4 9 -4 10 -4 10 -4 9 -4 10 -4 9 -4 10 -4 10 -4 10 -4 0 0 10 -4 10 -4 10 -4 10 -5 10 -5 10 -5 9 -5 10 -6 10 -6 10 -6 10 -6 10 -7 10 -6 10 -7 10 -7 10 -7 11 -7 11 -8 11 -8 10 -8 11 -8 10 -8 11 -8 11 -8 11 -8 11 -9 0 0 0 0 0 0 0 0 0 0
1784740922.266832,55045,-44,11,1,7,1,-95,1,643782891,128,0 0 0 0 0 0 0 0 0 0 0 0 5 -6 5 -5 6 -5 6 -5 6 -5 6 -5 7 -5 7 -5 7 -5 8 -5 8 -4 8 -4 9 -4 9 -4 9 -4 9 -4 9 -4 10 -4 9 -3 10 -3 9 -3 10 -3 10 -3 10 -3 10 -3 10 -3 0 0 10 -3 10 -4 10 -4 10 -4 10 -4 10 -4 10 -4 11 -5 10 -5 11 -5 11 -5 11 -5 11 -5 11 -5 11 -6 11 -6 12 -6 12 -6 12 -6 12 -7 12 -7 11 -7 12 -6 12 -6 12 -6 12 -7 0 0 0 0 0 0 0 0 0 0
1784740922.283007,55046,-45,11,1,7,1,-95,1,643791172,128,0 0 0 0 0 0 0 0 0 0 0 0 2 -7 3 -7 4 -7 4 -7 4 -7 4 -7 5 -7 5 -7 5 -7 6 -7 5 -7 6 -7 6 -7 7 -7 7 -7 7 -7 7 -7 7 -7 7 -7 7 -7 7 -7 7 -7 8 -7 7 -7 8 -7 7 -7 0 0 7 -8 8 -8 7 -8 7 -9 7 -8 7 -8 7 -9 7 -9 7 -9 8 -10 7 -10 7 -10 8 -10 7 -10 7 -11 7 -11 8 -11 8 -11 8 -11 7 -12 7 -12 7 -12 8 -12 7 -12 8 -12 8 -12 0 0 0 0 0 0 0 0 0 0
1784740922.283007,55047,-45,11,1,7,1,-95,1,643801130,128,0 0 0 0 0 0 0 0 0 0 0 0 -7 -2 -7 -2 -7 -3 -7 -3 -7 -3 -7 -3 -7 -4 -7 -4 -8 -4 -8 -5 -7 -5 -8 -5 -8 -6 -8 -6 -8 -6 -8 -6 -8 -6 -8 -7 -8 -6 -8 -6 -8 -7 -8 -6 -8 -7 -8 -7 -8 -7 -8 -7 0 0 -8 -7 -9 -7 -9 -7 -9 -7 -9 -7 -9 -7 -9 -6 -10 -7 -10 -7 -11 -7 -10 -7 -11 -7 -11 -7 -11 -7 -11 -7 -12 -7 -11 -7 -11 -8 -11 -7 -12 -7 -12 -8 -12 -8 -12 -8 -12 -8 -12 -8 -12 -8 0 0 0 0 0 0 0 0 0 0
1784740922.298831,55048,-46,11,1,7,1,-95,1,643811036,128,0 0 0 0 0 0 0 0 0 0 0 0 -5 -6 -5 -6 -5 -7 -4 -7 -4 -7 -4 -7 -4 -7 -4 -8 -4 -8 -4 -8 -4 -8 -4 -8 -4 -9 -4 -9 -4 -9 -3 -9 -3 -10 -3 -9 -3 -10 -3 -10 -3 -9 -3 -10 -3 -9 -3 -9 -3 -10 -4 -10 0 0 -4 -10 -4 -10 -4 -10 -4 -10 -5 -10 -5 -10 -5 -10 -5 -10 -5 -11 -6 -11 -6 -11 -6 -11 -6 -11 -6 -12 -6 -11 -6 -12 -6 -12 -7 -12 -6 -12 -6 -12 -7 -13 -7 -13 -6 -12 -7 -12 -7 -13 -7 -13 0 0 0 0 0 0 0 0 0 0
1784740922.314819,55049,-45,11,1,7,1,-95,1,643821089,128,0 0 0 0 0 0 0 0 0 0 0 0 2 -8 2 -7 3 -8 3 -7 4 -8 4 -7 4 -8 4 -8 4 -8 5 -8 6 -7 6 -8 6 -8 6 -7 6 -7 6 -8 6 -7 7 -8 7 -7 6 -8 7 -7 7 -8 7 -8 7 -7 7 -7 7 -7 0 0 6 -8 6 -8 6 -8 6 -9 6 -9 6 -9 5 -9 6 -10 5 -10 6 -11 6 -10 6 -10 6 -10 6 -10 6 -12 5 -11 6 -12 6 -12 6 -12 5 -13 6 -12 5 -13 6 -13 7 -12 7 -12 6 -12 0 0 0 0 0 0 0 0 0 0
1784740922.325877,55050,-41,11,1,7,0,-95,1,643833128,128,0 0 0 0 0 0 0 0 0 0 0 0 -8 4 -8 3 -9 3 -9 3 -10 3 -10 3 -10 2 -10 2 -11 2 -11 2 -12 1 -12 1 -12 1 -12 1 -12 1 -13 0 -13 0 -13 0 -13 0 -13 0 -13 0 -13 0 -13 0 -13 -1 -13 -1 -13 0 0 0 -13 0 -13 0 -13 0 -13 0 -13 1 -14 1 -14 1 -14 2 -14 2 -14 2 -14 2 -15 2 -15 2 -15 3 -15 3 -15 3 -16 3 -15 3 -16 4 -16 4 -16 3 -16 4 -16 3 -17 3 -16 3 -17 3 0 0 0 0 0 0 0 0 0 0
1784740922.330639,55051,-44,11,1,7,1,-95,1,643841087,128,0 0 0 0 0 0 0 0 0 0 0 0 -3 -8 -3 -8 -3 -8 -2 -8 -2 -9 -2 -9 -2 -9 -1 -9 -1 -9 -1 -10 -1 -10 -1 -10 -1 -10 0 -10 0 -11 1 -11 1 -11 1 -11 1 -11 1 -11 1 -11 2 -11 1 -11 1 -11 1 -11 1 -11 0 0 1 -11 1 -11 1 -11 1 -11 0 -11 1 -11 0 -11 0 -12 0 -12 0 -12 0 -12 -1 -12 -1 -12 -1 -13 0 -13 -1 -13 0 -13 -1 -13 -1 -14 -1 -14 -1 -14 -1 -14 -1 -14 -1 -14 -1 -14 -1 -15 0 0 0 0 0 0 0 0 0 0
1784740922.346387,55052,-44,11,1,7,1,-95,1,643851112,128,0 0 0 0 0 0 0 0 0 0 0 0 5 4 5 4 5 5 5 5 5 6 5 6 5 6 5 6 5 6 4 7 4 7 4 8 4 8 4 8 4 8 4 9 4 8 4 9 4 9 4 9 4 9 4 9 4 9 3 9 3 9 3 9 0 0 3 9 4 9 4 9 4 9 4 9 5 9 5 9 5 9 5 9 6 10 6 9 6 9 5 9 6 9 7 10 7 9 7 10 7 10 7 10 8 10 7 10 8 10 8 11 7 11 7 10 7 10 0 0 0 0 0 0 0 0 0 0
1784740922.346387,55053,-44,11,1,7,1,-95,1,643861052,128,0 0 0 0 0 0 0 0 0 0 0 0 -4 6 -4 6 -5 6 -6 6 -6 5 -6 5 -6 5 -7 6 -7 5 -7 5 -8 5 -8 5 -8 5 -8 5 -8 5 -9 5 -9 5 -9 5 -9 5 -9 5 -9 5 -9 5 -9 5 -9 4 -9 4 -9 5 0 0 -9 5 -9 5 -9 5 -10 5 -9 5 -9 6 -9 6 -9 6 -9 6 -9 7 -10 6 -9 7 -9 7 -10 7 -9 7 -10 8 -10 8 -10 8 -10 8 -10 8 -10 8 -10 9 -10 8 -10 8 -10 9 -11 9 0 0 0 0 0 0 0 0 0 0
1784740922.367958,55054,-45,11,1,7,1,-95,1,643871107,128,0 0 0 0 0 0 0 0 0 0 0 0 -2 7 -3 7 -3 7 -4 7 -4 7 -4 7 -5 7 -5 7 -5 7 -5 7 -6 7 -6 7 -6 7 -6 7 -6 7 -7 7 -7 7 -7 7 -8 7 -7 7 -7 7 -7 7 -7 7 -7 7 -7 7 -7 7 0 0 -7 7 -7 7 -7 7 -7 7 -7 8 -7 8 -7 8 -7 8 -7 9 -7 9 -7 10 -7 9 -7 10 -7 10 -7 10 -7 10 -6 10 -7 11 -7 11 -7 11 -6 11 -7 11 -6 11 -7 11 -7 11 -7 11 0 0 0 0 0 0 0 0 0 0
1784740922.367958,55055,-45,11,1,7,1,-95,1,643881051,128,0 0 0 0 0 0 0 0 0 0 0 0 -5 6 -5 6 -6 6 -6 6 -7 6 -7 5 -7 6 -7 6 -7 6 -8 5 -9 5 -9 5 -9 4 -9 5 -9 4 -9 5 -9 5 -9 5 -10 4 -9 4 -9 5 -9 4 -10 5 -9 4 -9 4 -9 4 0 0 -9 5 -9 5 -9 5 -9 6 -9 6 -9 6 -9 6 -9 7 -9 7 -9 7 -9 7 -9 7 -9 7 -9 7 -9 8 -9 8 -9 8 -10 9 -9 9 -9 9 -9 9 -9 9 -9 9 -9 9 -9 9 -9 9 0 0 0 0 0 0 0 0 0 0
1784740922.382270,55056,-45,11,1,7,1,-95,1,643891069,128,0 0 0 0 0 0 0 0 0 0 0 0 3 6 3 7 2 7 2 8 2 8 2 8 2 8 2 9 1 9 1 9 0 9 0 10 0 10 0 10 -1 10 -1 10 -1 10 -1 10 -1 10 -1 10 -1 10 -1 10 -1 10 -2 10 -2 10 -1 10 0 0 -1 10 -1 10 -1 10 0 10 0 10 0 10 0 10 0 11 0 11 1 11 1 11 1 11 1 11 1 12 1 12 1 12 2 11 2 12 2 12 2 12 2 12 2 12 2 12 2 12 2 13 2 13 0 0 0 0 0 0 0 0 0 0
1784740922.393892,55057,-45,11,1,7,1,-95,1,643901080,128,0 0 0 0 0 0 0 0 0 0 0 0 -2 -8 -1 -8 -1 -8 -1 -8 0 -9 0 -9 0 -9 0 -9 0 -9 1 -10 1 -10 1 -10 2 -10 2 -10 2 -10 3 -10 2 -10 3 -10 3 -10 3 -10 3 -11 3 -10 3 -11 3 -10 3 -10 3 -10 0 0 3 -10 3 -11 3 -10 2 -11 2 -11 2 -11 2 -11 1 -11 1 -11 1 -12 1 -12 1 -12 1 -12 1 -12 1 -13 1 -13 1 -13 1 -13 0 -13 0 -13 0 -13 0 -13 0 -13 0 -14 0 -13 0 -14 0 0 0 0 0 0 0 0 0 0
1784740922.393892,55058,-44,11,1,7,1,-95,1,643912278,128,0 0 0 0 0 0 0 0 0 0 0 0 0 7 0 7 -1 8 -1 7 -1 8 -1 7 -2 8 -2 8 -2 8 -2 8 -3 9 -3 9 -3 9 -4 9 -4 9 -4 9 -4 9 -4 9 -4 9 -5 9 -4 9 -5 9 -5 9 -5 9 -5 9 -5 9 0 0 -5 9 -5 10 -4 9 -4 10 -4 9 -4 10 -4 10 -4 10 -4 10 -4 11 -3 11 -3 11 -3 11 -3 11 -3 12 -3 12 -3 12 -3 12 -2 12 -2 12 -2 12 -2 13 -3 13 -3 13 -3 13 -3 13 0 0 0 0 0 0 0 0 0 0
1784740922.409816,55059,-45,11,1,7,1,-95,1,643921004,128,0 0 0 0 0 0 0 0 0 0 0 0 -1 -8 -1 -9 0 -8 0 -9 0 -9 0 -9 1 -9 1 -9 1 -9 1 -10 2 -9 2 -10 2 -10 3 -10 3 -10 3 -10 3 -10 3 -10 3 -10 3 -10 4 -10 4 -10 4 -10 4 -10 4 -10 4 -10 0 0 4 -10 4 -10 4 -10 3 -10 3 -11 3 -11 3 -11 3 -11 3 -11 2 -12 2 -12 2 -12 2 -12 2 -12 2 -12 2 -13 2 -12 2 -13 2 -13 2 -13 2 -13 2 -13 1 -13 2 -13 2 -14 1 -14 0 0 0 0 0 0 0 0 0 0
1784740922.429080,55060,-44,11,1,7,1,-95,1,643931004,128,0 0 0 0 0 0 0 0 0 0 0 0 0 8 -1 8 -2 8 -2 8 -2 9 -2 8 -2 9 -3 9 -3 9 -4 9 -4 9 -4 9 -5 9 -5 9 -5 9 -5 9 -5 9 -6 10 -5 9 -6 9 -6 9 -6 9 -6 9 -6 9 -6 9 -6 9 0 0 -5 10 -6 10 -5 9 -5 10 -5 9 -5 10 -4 10 -4 10 -4 10 -4 11 -4 11 -4 11 -4 11 -3 11 -3 12 -3 12 -3 12 -3 12 -3 12 -3 12 -2 12 -3 13 -3 13 -3 13 -3 13 -2 13 0 0 0 0 0 0 0 0 0 0
1784740922.430885,55061,-44,11,1,7,1,-95,1,643941119,128,0 0 0 0 0 0 0 0 0 0 0 0 -1 7 -2 8 -2 8 -3 7 -3 8 -3 8 -4 8 -4 8 -4 8 -5 8 -5 8 -5 8 -6 8 -6 8 -6 8 -7 8 -7 8 -7 8 -7 8 -7 8 -7 8 -7 8 -7 8 -7 8 -7 8 -7 8 0 0 -7 8 -7 8 -7 8 -6 8 -7 9 -7 9 -6 9 -6 9 -6 9 -6 10 -6 10 -6 10 -6 10 -6 10 -6 10 -6 11 -6 11 -6 11 -6 11 -6 11 -6 11 -6 12 -6 11 -6 11 -6 11 -6 12 0 0 0 0 0 0 0 0 0 0
1784740922.442182,55062,-44,11,1,7,1,-95,1,643951018,128,0 0 0 0 0 0 0 0 0 0 0 0 5 -5 5 -5 6 -5 6 -4 6 -4 7 -4 7 -4 8 -4 8 -4 8 -4 8 -4 8 -4 9 -3 9 -3 9 -3 9 -3 10 -2 9 -2 10 -2 9 -2 10 -2 10 -2 10 -3 10 -2 10 -2 10 -3 0 0 10 -3 10 -2 10 -3 10 -3 10 -3 10 -3 10 -3 10 -4 11 -3 11 -4 11 -5 10 -5 11 -5 11 -5 11 -5 12 -5 11 -5 11 -5 12 -5 12 -6 12 -6 12 -5 12 -6 12 -6 12 -6 12 -6 0 0 0 0 0 0 0 0 0 0
1784740922.458050,55063,-46,11,1,7,1,-95,1,643960990,128,0 0 0 0 0 0 0 0 0 0 0 0 -4 -7 -4 -7 -3 -7 -3 -7 -3 -8 -3 -8 -3 -8 -3 -8 -3 -8 -2 -9 -2 -9 -1 -9 -1 -9 -1 -10 -1 -10 -1 -10 -1 -10 -1 -10 -1 -10 -1 -10 -1 -10 -1 -10 -1 -10 0 -10 0 -10 -1 -10 0 0 -1 -10 -2 -10 -1 -10 -2 -11 -2 -10 -3 -11 -3 -10 -3 -11 -3 -11 -4 -12 -3 -12 -3 -12 -3 -12 -4 -12 -4 -12 -4 -12 -4 -13 -4 -13 -5 -13 -5 -14 -5 -13 -5 -13 -4 -14 -4 -14 -4 -14 -4 -13 0 0 0 0 0 0 0 0 0 0
1784740922.458050,55064,-46,11,1,7,1,-95,1,643971080,128,0 0 0 0 0 0 0 0 0 0 0 0 3 -8 3 -8 4 -8 4 -8 4 -8 5 -8 5 -8 5 -8 6 -8 6 -8 6 -8 7 -7 7 -7 7 -7 8 -7 8 -7 8 -7 8 -7 8 -7 8 -7 8 -7 8 -7 8 -7 8 -6 8 -6 7 -7 0 0 7 -7 7 -7 7 -7 7 -7 6 -8 6 -8 6 -8 6 -8 6 -9 6 -9 6 -9 6 -9 6 -10 6 -10 6 -10 6 -11 6 -11 6 -11 6 -11 6 -12 6 -12 5 -12 6 -11 6 -12 6 -12 6 -12 0 0 0 0 0 0 0 0 0 0
1784740922.477448,55065,-44,11,1,7,1,-95,1,643980991,128,0 0 0 0 0 0 0 0 0 0 0 0 -8 -2 -8 -2 -8 -3 -8 -3 -9 -3 -9 -4 -9 -4 -9 -4 -9 -4 -9 -5 -9 -5 -9 -6 -9 -6 -9 -6 -9 -6 -9 -7 -9 -7 -9 -7 -9 -8 -9 -8 -9 -7 -8 -8 -9 -7 -8 -8 -8 -7 -9 -7 0 0 -9 -7 -9 -7 -9 -7 -9 -7 -9 -6 -9 -7 -10 -6 -10 -6 -10 -6 -11 -6 -11 -6 -11 -6 -11 -6 -11 -6 -11 -6 -12 -6 -12 -6 -12 -6 -12 -6 -13 -5 -13 -5 -12 -5 -13 -5 -13 -6 -13 -6 -13 -6 0 0 0 0 0 0 0 0 0 0
1784740922.477448,55066,-44,11,1,7,1,-95,1,643991119,128,0 0 0 0 0 0 0 0 0 0 0 0 -8 -2 -8 -2 -8 -3 -8 -3 -9 -3 -8 -3 -9 -4 -9 -4 -9 -4 -9 -5 -9 -6 -9 -6 -9 -6 -8 -7 -9 -6 -9 -7 -9 -7 -9 -7 -8 -7 -9 -7 -8 -7 -9 -7 -8 -8 -8 -8 -8 -7 -8 -8 0 0 -8 -7 -9 -7 -8 -7 -10 -7 -9 -6 -9 -7 -10 -6 -10 -6 -10 -6 -11 -6 -10 -6 -11 -6 -10 -6 -10 -6 -12 -5 -12 -5 -12 -6 -12 -6 -12 -5 -13 -5 -13 -5 -13 -5 -14 -6 -14 -6 -13 -6 -13 -6 0 0 0 0 0 0 0 0 0 0
1784740922.489582,55067,-44,11,1,7,1,-95,1,644001030,128,0 0 0 0 0 0 0 0 0 0 0 0 6 5 6 5 5 6 5 6 4 6 5 7 5 7 4 7 4 7 4 8 4 8 4 9 4 9 3 9 4 9 3 9 3 10 2 9 2 10 3 10 2 10 2 10 2 9 2 9 2 9 2 10 0 0 2 9 2 9 2 10 3 9 3 9 3 9 3 9 4 9 4 9 4 9 4 10 5 10 5 10 5 10 5 10 6 10 5 10 6 10 6 10 6 10 7 10 7 11 7 10 6 11 7 11 7 11 0 0 0 0 0 0 0 0 0 0
1784740922.508640,55068,-44,11,1,7,1,-95,1,644010996,128,0 0 0 0 0 0 0 0 0 0 0 0 -7 4 -8 4 -8 3 -9 3 -8 3 -9 3 -9 2 -10 2 -10 2 -10 2 -10 2 -10 2 -10 2 -11 1 -11 1 -11 0 -12 0 -11 1 -12 0 -11 0 -12 0 -12 0 -11 0 -12 0 -11 0 -12 0 0 0 -12 0 -11 0 -12 0 -11 0 -11 1 -12 1 -11 1 -12 1 -12 1 -12 2 -12 3 -12 3 -12 3 -12 3 -12 3 -13 3 -12 3 -12 4 -12 4 -12 4 -12 5 -13 4 -12 4 -12 5 -13 5 -13 5 0 0 0 0 0 0 0 0 0 0
1784740922.508640,55069,-44,11,1,7,1,-95,1,644021038,128,0 0 0 0 0 0 0 0 0 0 0 0 -8 2 -8 2 -8 1 -8 1 -9 1 -9 0 -9 0 -9 0 -9 0 -10 0 -10 -1 -10 -1 -10 -1 -10 -1 -11 -1 -11 -2 -11 -2 -11 -2 -11 -2 -11 -2 -11 -2 -11 -2 -11 -2 -11 -2 -11 -2 -11 -2 0 0 -11 -2 -11 -2 -11 -2 -12 -2 -11 -2 -12 -2 -12 -1 -12 -1 -12 -1 -13 -1 -13 -1 -12 -1 -12 0 -12 -1 -13 0 -13 0 -13 0 -13 0 -13 0 -14 1 -14 1 -13 1 -14 1 -14 0 -14 0 -14 1 0 0 0 0 0 0 0 0 0 0
1784740922.526543,55070,-44,11,1,7,1,-95,1,644031125,128,0 0 0 0 0 0 0 0 0 0 0 0 -3 -7 -3 -8 -2 -8 -2 -8 -2 -8 -1 -9 -1 -9 -1 -9 -1 -9 -1 -9 0 -10 0 -10 0 -10 0 -10 0 -11 1 -10 1 -11 1 -10 1 -11 1 -11 1 -11 1 -11 1 -11 1 -10 1 -11 1 -11 0 0 1 -11 1 -11 1 -12 1 -11 0 -11 0 -12 0 -12 0 -12 0 -12 -1 -12 0 -13 -1 -13 0 -13 -1 -13 -1 -13 -1 -14 -1 -13 -1 -14 -1 -14 -1 -14 -2 -14 -1 -14 -1 -14 -1 -14 -1 -14 -2 -15 0 0 0 0 0 0 0 0 0 0
1784740922.538111,55071,-45,11,1,7,1,-95,1,644041082,128,0 0 0 0 0 0 0 0 0 0 0 0 -2 -7 -2 -7 -1 -8 -1 -8 -1 -8 -1 -8 -1 -8 -1 -9 0 -9 0 -9 0 -9 0 -9 0 -10 1 -10 1 -10 1 -10 2 -10 2 -10 2 -10 2 -10 2 -10 2 -10 2 -10 2 -10 2 -10 2 -11 0 0 2 -11 2 -11 2 -11 2 -11 1 -11 2 -11 1 -12 1 -12 2 -12 1 -12 1 -13 1 -13 1 -13 1 -13 1 -13 1 -14 1 -13 1 -14 1 -14 1 -14 1 -14 1 -14 1 -14 1 -15 1 -15 1 -15 0 0 0 0 0 0 0 0 0 0
1784740922.538111,55072,-45,11,1,7,1,-95,1,644051009,128,0 0 0 0 0 0 0 0 0 0 0 0 1 6 0 6 0 7 0 7 0 7 -1 7 -1 7 -1 8 -1 8 -2 8 -2 8 -2 8 -3 9 -3 8 -3 9 -3 9 -3 9 -3 9 -3 9 -3 9 -3 10 -3 9 -4 9 -4 9 -4 9 -4 9 0 0 -4 10 -3 10 -3 10 -3 10 -3 10 -3 10 -3 10 -3 11 -2 11 -2 12 -2 12 -2 11 -2 11 -2 12 -1 12 -1 12 -2 13 -2 13 -1 13 -1 13 -1 14 -1 14 -2 14 -2 14 -2 14 -2 14 0 0 0 0 0 0 0 0 0 0
1784740922.553423,55073,-44,11,1,7,1,-95,1,644061115,128,0 0 0 0 0 0 0 0 0 0 0 0 6 -3 6 -3 6 -2 6 -2 7 -2 7 -2 7 -2 8 -2 8 -1 8 -2 8 -1 8 -1 9 -1 9 -1 9 -1 9 0 9 0 9 0 9 0 9 0 10 0 10 1 10 0 10 0 10 0 10 1 0 0 10 1 10 1 10 1 10 0 10 0 11 0 11 0 11 0 11 0 11 -1 11 -1 11 -1 12 -1 12 -1 12 -1 12 -1 12 -1 12 -1 12 -2 13 -2 13 -2 13 -2 13 -2 13 -2 13 -2 14 -2 0 0 0 0 0 0 0 0 0 0
1784740922.553423,55074,-44,11,1,7,1,-95,1,644071442,128,0 0 0 0 0 0 0 0 0 0 0 0 -1 -7 0 -7 0 -8 0 -8 1 -8 1 -8 1 -9 1 -9 1 -9 2 -9 3 -9 3 -9 3 -9 3 -9 3 -9 4 -10 3 -10 4 -10 4 -10 4 -10 4 -10 4 -10 5 -10 5 -10 5 -9 5 -10 0 0 5 -10 5 -10 4 -10 5 -11 4 -10 4 -11 4 -11 4 -12 4 -11 4 -12 4 -12 4 -12 4 -11 4 -11 4 -13 3 -12 4 -13 4 -13 3 -13 3 -13 4 -13 3 -14 4 -14 4 -14 5 -14 4 -14 0 0 0 0 0 0 0 0 0 0
1784740922.569128,55075,-43,11,1,7,1,-95,1,644081011,128,0 0 0 0 0 0 0 0 0 0 0 0 -7 1 -7 1 -8 0 -8 0 -8 0 -8 0 -9 0 -9 -1 -9 -1 -9 -1 -9 -2 -9 -2 -10 -2 -10 -2 -10 -2 -10 -3 -10 -3 -10 -3 -10 -3 -11 -3 -11 -3 -10 -3 -11 -3 -11 -3 -10 -4 -11 -3 0 0 -11 -4 -11 -3 -11 -3 -11 -3 -11 -3 -12 -3 -12 -3 -12 -3 -12 -3 -13 -2 -12 -2 -12 -2 -12 -2 -13 -2 -13 -2 -13 -2 -13 -2 -14 -2 -14 -2 -14 -1 -14 -1 -14 -1 -14 -2 -15 -2 -14 -2 -15 -2 0 0 0 0 0 0 0 0 0 0
1784740922.585267,55076,-43,11,1,7,1,-95,1,644091035,128,0 0 0 0 0 0 0 0 0 0 0 0 5 -2 6 -2 6 -2 6 -2 7 -1 7 -1 7 -1 7 -1 7 -1 8 -1 8 0 8 0 8 0 8 0 8 0 9 1 9 0 9 1 9 1 9 1 9 1 10 1 10 1 10 1 10 1 10 1 0 0 10 1 11 1 10 1 11 1 10 1 11 0 11 1 11 0 11 0 12 0 11 0 12 0 12 0 12 0 12 -1 12 0 13 -1 13 -1 13 -1 13 -1 13 -1 13 -1 14 -1 13 -1 13 -1 14 -1 0 0 0 0 0 0 0 0 0 0
1784740922.585267,55077,-44,11,1,7,1,-95,1,644101093,128,0 0 0 0 0 0 0 0 0 0 0 0 -3 -6 -3 -6 -2 -6 -2 -6 -2 -7 -2 -6 -2 -7 -2 -7 -2 -8 -2 -8 -1 -8 -1 -9 -1 -9 -1 -9 -1 -9 -1 -10 -1 -10 -1 -10 -1 -10 -1 -10 -1 -10 -1 -11 0 -11 0 -11 0 -11 0 -11 0 0 0 -11 -1 -12 -1 -11 0 -12 -1 -11 -1 -12 -1 -12 -1 -12 -1 -12 -1 -13 -1 -13 -1 -13 -1 -12 -2 -12 -2 -14 -2 -13 -2 -14 -2 -13 -2 -14 -3 -14 -3 -14 -3 -14 -3 -15 -2 -14 -2 -14 -2 -14 0 0 0 0 0 0 0 0 0 0
1784740922.601275,55078,-44,11,1,7,1,-95,1,644111097,128,0 0 0 0 0 0 0 0 0 0 0 0 3 -4 3 -4 3 -4 3 -4 3 -4 4 -4 4 -5 4 -5 4 -5 4 -5 5 -5 5 -5 5 -5 5 -6 6 -6 6 -6 7 -6 6 -6 7 -6 7 -6 7 -6 7 -7 8 -7 8 -6 8 -6 8 -6 0 0 9 -7 9 -7 9 -7 9 -7 9 -7 9 -7 9 -8 9 -8 9 -8 10 -8 9 -8 9 -8 9 -8 10 -9 9 -9 10 -10 10 -9 10 -10 10 -10 10 -10 10 -10 10 -11 10 -10 10 -10 11 -11 10 -10 0 0 0 0 0 0 0 0 0 0
1784740922.617102,55079,-45,11,1,7,1,-95,1,644121124,128,0 0 0 0 0 0 0 0 0 0 0 0 4 2 4 3 3 3 3 3 3 3 4 3 4 3 4 3 4 3 4 4 4 4 5 4 5 4 5 4 5 4 5 5 6 5 5 5 6 6 6 6 6 6 6 6 7 6 6 7 7 7 7 7 0 0 7 7 7 7 7 8 7 8 7 8 7 8 7 8 8 8 8 8 8 8 8 8 9 8 9 8 9 9 9 9 9 9 9 9 9 9 9 9 10 9 10 9 10 10 10 9 10 10 10 10 10 10 0 0 0 0 0 0 0 0 0 0
1784740922.626975,55080,-45,11,1,7,1,-95,1,644131117,128,0 0 0 0 0 0 0 0 0 0 0 0 2 5 1 5 1 5 1 5 1 6 0 5 1 6 1 6 1 6 1 6 1 6 1 6 1 7 1 7 1 7 1 7 1 7 1 8 1 8 2 8 2 8 2 8 1 9 1 9 1 9 1 9 0 0 1 9 2 10 2 10 2 11 2 10 2 11 3 10 3 11 3 11 3 12 2 12 3 12 2 11 3 11 4 13 3 12 3 13 3 13 4 13 4 13 4 13 4 14 4 14 3 14 3 14 3 14 0 0 0 0 0 0 0 0 0 0
1784740922.633033,55081,-45,11,1,7,1,-95,1,644141086,128,0 0 0 0 0 0 0 0 0 0 0 0 0 6 -1 6 -1 6 -1 6 -1 6 -1 6 -1 6 -1 7 -1 7 -2 7 -2 7 -2 7 -2 7 -2 7 -2 8 -2 8 -2 8 -2 8 -2 8 -2 8 -2 9 -2 9 -2 9 -2 9 -2 9 -2 9 0 0 -2 10 -2 10 -2 10 -2 10 -2 10 -2 10 -1 11 -1 11 -2 12 -2 12 -2 12 -1 12 -1 12 -1 13 -1 13 -1 13 -1 13 -1 14 -1 14 -1 14 -1 14 -1 15 -2 14 -2 14 -2 15 -3 15 0 0 0 0 0 0 0 0 0 0
1784740922.633033,55082,-45,11,1,7,1,-95,1,644151042,128,0 0 0 0 0 0 0 0 0 0 0 0 -2 6 -3 6 -3 6 -3 6 -3 6 -4 6 -4 6 -4 6 -4 6 -4 6 -4 6 -4 6 -5 6 -5 6 -5 7 -6 7 -5 7 -5 7 -6 7 -6 7 -6 7 -6 7 -6 7 -6 7 -6 7 -6 8 0 0 -7 8 -7 8 -7 8 -6 8 -6 8 -7 9 -7 9 -7 9 -7 9 -7 10 -7 10 -7 10 -7 11 -7 10 -7 10 -7 11 -7 10 -8 11 -8 11 -8 12 -8 12 -8 11 -8 12 -8 12 -8 12 -9 12 0 0 0 0 0 0 0 0 0 0
1784740922.648889,55083,-44,11,1,7,1,-95,1,644161115,128,0 0 0 0 0 0 0 0 0 0 0 0 5 -5 5 -4 6 -4 6 -4 6 -4 6 -4 6 -4 6 -4 6 -4 7 -4 7 -4 7 -4 7 -4 7 -4 7 -4 8 -4 7 -4 8 -4 8 -4 8 -4 9 -4 8 -4 9 -4 9 -4 9 -4 9 -4 0 0 9 -5 9 -5 9 -5 10 -5 10 -5 10 -6 10 -6 10 -6 10 -6 11 -6 11 -6 11 -6 10 -6 10 -6 11 -7 11 -7 11 -7 11 -7 11 -8 12 -8 12 -8 11 -8 12 -8 13 -7 13 -7 13 -8 0 0 0 0 0 0 0 0 0 0
1784740922.667575,55084,-44,11,1,7,1,-95,1,644171072,128,0 0 0 0 0 0 0 0 0 0 0 0 5 -3 5 -3 5 -3 6 -2 6 -2 6 -3 6 -2 6 -3 6 -2 6 -3 6 -2 7 -3 7 -2 7 -2 8 -3 8 -3 8 -3 8 -3 8 -2 8 -3 9 -3 9 -3 9 -3 9 -3 9 -3 10 -3 0 0 10 -3 10 -3 11 -3 10 -3 10 -3 11 -3 11 -4 11 -4 11 -4 11 -4 12 -4 12 -4 12 -4 12 -4 12 -4 13 -5 12 -4 12 -5 13 -5 13 -5 13 -6 13 -5 13 -5 14 -5 14 -5 14 -5 0 0 0 0 0 0 0 0 0 0
1784740922.668520,55085,-45,11,1,7,1,-95,1,644181000,128,0 0 0 0 0 0 0 0 0 0 0 0 -1 5 -1 6 -1 6 -2 5 -2 6 -2 5 -2 6 -2 6 -2 6 -2 6 -2 6 -2 6 -2 6 -2 7 -2 7 -3 7 -3 7 -3 7 -3 8 -3 8 -3 8 -3 8 -3 8 -3 9 -3 9 -4 9 0 0 -4 9 -4 10 -4 10 -4 10 -4 10 -4 10 -4 10 -4 11 -4 11 -4 11 -4 11 -4 11 -4 12 -4 12 -4 12 -5 12 -5 12 -5 12 -5 13 -5 13 -5 13 -5 13 -5 13 -5 13 -6 14 -5 14 0 0 0 0 0 0 0 0 0 0
1784740922.680830,55086,-44,11,1,7,1,-95,1,644191041,128,0 0 0 0 0 0 0 0 0 0 0 0 -6 1 -6 1 -7 0 -6 0 -7 0 -7 0 -7 0 -7 0 -7 0 -7 0 -8 0 -8 -1 -8 0 -8 0 -8 0 -9 0 -8 0 -9 -1 -9 -1 -9 0 -10 -1 -9 0 -10 0 -10 -1 -10 -1 -10 -1 0 0 -11 -1 -11 0 -11 -1 -12 0 -11 0 -12 -1 -12 0 -12 0 -12 0 -13 0 -13 0 -13 0 -13 -1 -13 0 -14 0 -13 0 -14 -1 -14 0 -14 0 -15 0 -15 0 -14 0 -15 0 -15 0 -15 -1 -15 0 0 0 0 0 0 0 0 0 0 0
1784740922.696836,55087,-44,11,1,7,1,-95,1,644201043,128,0 0 0 0 0 0 0 0 0 0 0 0 0 -6 0 -6 0 -6 1 -6 1 -6 1 -6 1 -7 1 -7 1 -7 1 -7 1 -7 2 -7 2 -7 2 -8 2 -8 2 -8 2 -8 2 -8 2 -9 2 -9 3 -9 3 -9 2 -9 3 -9 3 -9 3 -10 0 0 3 -10 3 -10 4 -11 3 -10 3 -11 3 -11 3 -11 3 -11 4 -12 3 -12 3 -12 3 -12 3 -12 4 -13 3 -13 4 -13 3 -13 4 -13 4 -14 4 -14 3 -14 4 -14 4 -14 4 -14 4 -15 4 -15 0 0 0 0 0 0 0 0 0 0
1784740922.696836,55088,-45,11,1,7,1,-95,1,644211056,128,0 0 0 0 0 0 0 0 0 0 0 0 2 4 2 4 2 5 1 5 1 5 1 5 1 5 1 5 1 6 1 6 1 6 1 7 1 7 1 7 1 7 1 7 1 7 1 8 1 8 1 8 1 8 1 9 1 9 1 9 1 9 1 9 0 0 1 9 1 10 1 10 1 10 1 10 1 10 2 10 2 11 2 11 2 11 2 11 2 11 2 11 2 11 2 12 2 12 2 13 3 12 3 13 3 13 4 13 3 13 3 14 3 14 3 14 3 14 0 0 0 0 0 0 0 0 0 0
1784740922.713013,55089,-46,11,1,7,1,-95,1,644221080,128,0 0 0 0 0 0 0 0 0 0 0 0 0 -6 0 -6 0 -6 1 -6 1 -6 1 -6 1 -6 1 -6 1 -6 1 -7 2 -7 2 -7 2 -7 2 -8 2 -8 2 -8 3 -8 3 -8 3 -9 3 -9 3 -9 3 -9 3 -9 3 -9 3 -9 4 -9 0 0 4 -10 3 -10 4 -10 4 -10 4 -11 4 -11 4 -11 4 -11 4 -11 4 -12 4 -11 4 -11 4 -12 4 -12 4 -12 4 -13 4 -12 4 -13 4 -13 4 -13 4 -13 4 -13 4 -14 5 -14 5 -14 5 -14 0 0 0 0 0 0 0 0 0 0
1784740922.727250,55090,-46,11,1,7,1,-95,1,644231064,128,0 0 0 0 0 0 0 0 0 0 0 0 -4 -4 -4 -5 -4 -5 -4 -5 -4 -5 -4 -5 -4 -5 -4 -5 -4 -6 -4 -6 -5 -6 -5 -6 -5 -6 -5 -6 -5 -7 -4 -7 -5 -7 -5 -7 -5 -8 -5 -8 -5 -8 -5 -8 -5 -8 -6 -8 -6 -8 -6 -9 0 0 -6 -9 -6 -9 -6 -10 -6 -9 -6 -10 -6 -10 -6 -10 -7 -10 -7 -11 -7 -10 -7 -10 -8 -11 -8 -11 -8 -12 -7 -11 -8 -12 -8 -11 -8 -12 -8 -12 -9 -12 -8 -12 -8 -13 -9 -12 -9 -13 -9 -13 -9 -13 0 0 0 0 0 0 0 0 0 0
1784740922.729076,55091,-45,11,1,7,1,-95,1,644242829,128,0 0 0 0 0 0 0 0 0 0 0 0 3 -6 3 -5 3 -5 4 -5 4 -5 4 -5 4 -5 4 -5 4 -5 5 -6 5 -5 5 -6 5 -6 5 -6 5 -6 6 -6 6 -6 6 -6 6 -6 6 -6 6 -6 7 -6 7 -6 7 -6 7 -6 7 -7 0 0 7 -7 7 -7 8 -7 8 -7 7 -7 8 -7 8 -8 8 -8 8 -8 8 -9 8 -9 8 -9 8 -9 9 -9 9 -9 9 -9 9 -10 9 -10 9 -10 9 -10 10 -10 10 -10 10 -10 10 -10 10 -11 10 -11 0 0 0 0 0 0 0 0 0 0
1784740922.744865,55092,-45,11,1,7,1,-95,1,644251058,128,0 0 0 0 0 0 0 0 0 0 0 0 1 5 2 5 1 5 1 6 1 5 1 6 1 6 1 6 1 6 1 6 0 6 0 7 0 7 0 7 1 8 0 7 0 8 0 8 0 8 0 8 1 8 1 8 1 8 0 9 0 9 1 9 0 0 1 10 1 9 1 10 1 10 1 10 1 10 1 10 2 11 2 11 2 11 2 11 2 11 2 11 2 12 2 11 2 12 2 12 3 12 3 12 3 13 3 13 3 13 3 13 2 13 3 13 3 14 0 0 0 0 0 0 0 0 0 0
1784740922.744865,55093,-45,11,1,7,1,-95,1,644261105,128,0 0 0 0 0 0 0 0 0 0 0 0 5 -5 5 -5 5 -4 6 -4 5 -4 6 -4 6 -4 6 -4 6 -3 6 -4 6 -4 7 -4 7 -4 7 -4 7 -3 7 -3 8 -3 7 -3 8 -4 8 -3 8 -4 8 -3 8 -4 8 -4 8 -4 9 -4 0 0 9 -4 9 -4 9 -4 9 -5 9 -5 9 -5 10 -5 9 -5 10 -5 10 -6 10 -6 10 -6 10 -6 11 -6 10 -6 11 -6 11 -6 11 -7 12 -7 12 -7 12 -7 12 -6 11 -7 12 -7 12 -7 13 -7 0 0 0 0 0 0 0 0 0 0
1784740922.760676,55094,-45,11,1,7,1,-95,1,644271124,128,0 0 0 0 0 0 0 0 0 0 0 0 3 -6 3 -6 4 -6 4 -6 4 -6 4 -6 5 -6 5 -6 5 -6 5 -6 6 -6 6 -5 6 -5 6 -5 6 -6 6 -6 6 -6 6 -6 6 -6 6 -6 6 -6 6 -7 6 -7 6 -6 6 -7 6 -7 0 0 6 -8 6 -8 6 -8 7 -9 6 -8 6 -9 6 -9 7 -10 6 -9 7 -10 7 -10 7 -10 7 -10 7 -10 7 -11 7 -11 7 -12 7 -12 7 -12 7 -12 7 -12 7 -12 8 -13 8 -12 8 -12 8 -12 0 0 0 0 0 0 0 0 0 0
1784740922.776773,55095,-45,11,1,7,1,-95,1,644281007,128,0 0 0 0 0 0 0 0 0 0 0 0 6 -4 7 -3 7 -3 7 -2 7 -2 7 -2 7 -2 7 -2 8 -2 7 -1 8 -1 8 -1 8 -1 8 -1 9 -1 9 0 9 0 8 0 8 0 9 -1 9 -1 9 -1 9 -1 9 -1 9 -1 9 -1 0 0 10 -1 9 -1 10 -1 10 -1 10 -2 10 -2 10 -2 11 -2 11 -2 11 -3 12 -2 12 -2 12 -2 13 -3 12 -3 13 -3 12 -3 13 -3 13 -3 13 -3 14 -3 14 -3 14 -3 14 -2 15 -2 15 -3 0 0 0 0 0 0 0 0 0 0
1784740922.776773,55096,-45,11,1,7,1,-95,1,644291163,128,0 0 0 0 0 0 0 0 0 0 0 0 1 -7 2 -7 2 -7 2 -7 3 -7 3 -7 3 -7 3 -7 4 -7 3 -7 4 -7 4 -7 4 -7 4 -7 4 -7 5 -7 5 -7 5 -8 5 -7 5 -8 5 -8 5 -8 5 -8 5 -8 5 -8 5 -8 0 0 5 -9 5 -9 5 -9 5 -9 5 -9 5 -10 5 -10 5 -10 5 -10 5 -11 5 -11 5 -11 5 -11 5 -11 5 -12 5 -12 5 -12 5 -12 5 -13 5 -13 6 -13 6 -13 6 -13 6 -13 5 -13 6 -14 0 0 0 0 0 0 0 0 0 0
1784740922.792598,55097,-46,11,1,7,1,-95,1,644301059,128,0 0 0 0 0 0 0 0 0 0 0 0 -1 -8 0 -8 0 -8 1 -8 1 -8 2 -8 2 -8 2 -8 2 -9 2 -8 2 -9 3 -9 3 -9 3 -8 3 -8 3 -9 3 -9 3 -9 4 -9 3 -9 4 -9 3 -9 3 -9 3 -9 3 -9 4 -9 0 0 3 -10 3 -10 3 -10 3 -11 3 -10 3 -11 3 -11 2 -11 2 -11 2 -12 2 -12 2 -12 2 -12 2 -12 2 -13 2 -13 2 -13 2 -14 2 -13 2 -14 2 -14 1 -14 3 -14 3 -14 3 -15 2 -14 0 0 0 0 0 0 0 0 0 0
1784740922.792598,55098,-45,11,1,7,1,-95,1,644310980,128,0 0 0 0 0 0 0 0 0 0 0 0 0 -8 0 -8 1 -9 1 -9 2 -9 2 -9 2 -9 2 -9 3 -9 3 -9 3 -9 3 -9 4 -9 4 -9 4 -9 5 -9 5 -9 5 -9 5 -9 5 -9 5 -9 4 -9 4 -9 4 -9 4 -9 4 -9 0 0 4 -10 4 -9 4 -10 3 -10 3 -10 3 -10 3 -10 3 -10 3 -11 2 -11 2 -11 2 -11 2 -12 2 -12 2 -12 2 -13 2 -12 2 -13 2 -13 1 -13 2 -13 2 -14 1 -14 2 -14 1 -14 2 -14 0 0 0 0 0 0 0 0 0 0
1784740922.808487,55099,-44,11,1,7,1,-95,1,644321944,128,0 0 0 0 0 0 0 0 0 0 0 0 -8 -3 -9 -3 -9 -4 -8 -4 -8 -5 -8 -5 -9 -5 -9 -6 -9 -6 -8 -7 -8 -7 -8 -7 -8 -8 -8 -8 -8 -8 -8 -8 -8 -8 -8 -8 -8 -9 -8 -9 -8 -8 -8 -8 -8 -9 -7 -9 -7 -9 -8 -8 0 0 -8 -8 -8 -8 -8 -8 -9 -8 -8 -8 -9 -8 -9 -7 -9 -7 -9 -7 -10 -8 -10 -7 -10 -7 -10 -7 -10 -6 -11 -6 -11 -6 -11 -7 -11 -6 -11 -6 -12 -6 -12 -6 -12 -6 -12 -6 -12 -7 -12 -6 -12 -6 0 0 0 0 0 0 0 0 0 0
1784740922.827765,55100,-45,11,1,7,1,-95,1,644331085,128,0 0 0 0 0 0 0 0 0 0 0 0 1 8 1 7 0 8 0 8 -1 8 -1 8 -1 9 -1 9 -1 9 -2 9 -2 9 -2 9 -3 9 -3 9 -3 9 -3 10 -3 10 -3 10 -3 10 -3 10 -4 10 -3 10 -4 10 -4 10 -4 10 -4 10 0 0 -4 10 -3 10 -3 10 -3 11 -3 10 -3 10 -3 11 -3 11 -2 11 -2 12 -2 11 -2 11 -2 11 -2 11 -1 12 -1 12 -2 12 -1 12 -1 13 -1 13 -1 12 -1 13 -1 13 -1 13 -1 13 -1 13 0 0 0 0 0 0 0 0 0 0
1784740922.827765,55101,-41,11,1,7,0,-95,1,644341058,128,0 0 0 0 0 0 0 0 0 0 0 0 8 -1 8 -1 8 -1 8 0 8 0 9 0 9 1 9 1 9 1 9 1 9 2 9 2 9 2 10 3 10 2 10 3 10 3 10 3 10 3 10 3 10 3 10 3 10 3 10 4 10 4 11 3 0 0 11 3 11 3 11 4 11 3 12 3 12 3 12 3 12 2 12 3 12 2 13 3 13 2 13 2 13 2 13 2 13 2 14 2 14 2 14 2 14 2 15 2 15 2 15 2 15 3 15 2 15 3 0 0 0 0 0 0 0 0 0 0
1784740922.840359,55102,-44,11,1,7,1,-95,1,644351001,128,0 0 0 0 0 0 0 0 0 0 0 0 0 7 -1 7 -1 8 -1 7 -2 8 -2 7 -2 7 -2 8 -2 8 -3 8 -3 8 -3 8 -3 8 -3 9 -3 8 -4 9 -4 9 -4 9 -4 9 -4 9 -4 9 -4 9 -4 10 -4 9 -4 9 -4 10 0 0 -4 10 -4 11 -4 10 -4 11 -4 10 -4 11 -3 11 -4 11 -3 11 -4 12 -4 12 -3 12 -4 12 -3 12 -3 13 -3 13 -3 13 -3 13 -3 13 -3 14 -3 14 -3 14 -3 14 -4 14 -3 14 -3 14 0 0 0 0 0 0 0 0 0 0
1784740922.858322,55103,-44,11,1,7,1,-95,1,644361325,128,0 0 0 0 0 0 0 0 0 0 0 0 -1 7 -2 8 -2 8 -3 8 -3 8 -3 8 -4 8 -4 8 -4 8 -5 8 -5 8 -5 8 -5 8 -6 9 -6 9 -6 8 -6 9 -6 8 -6 8 -6 8 -7 8 -7 9 -6 9 -6 9 -6 9 -7 9 0 0 -6 9 -6 9 -6 9 -6 10 -6 10 -6 10 -6 10 -6 10 -6 11 -6 11 -6 11 -6 11 -6 11 -6 12 -5 12 -5 13 -5 12 -5 13 -5 13 -6 13 -5 13 -6 13 -5 13 -6 13 -6 13 -6 14 0 0 0 0 0 0 0 0 0 0
1784740922.868579,55104,-44,11,1,7,1,-95,1,644372456,128,0 0 0 0 0 0 0 0 0 0 0 0 -7 4 -7 3 -8 3 -8 3 -8 3 -8 3 -9 3 -9 3 -9 2 -9 2 -9 2 -10 2 -10 2 -10 1 -11 1 -10 1 -11 1 -11 1 -11 1 -11 1 -11 1 -11 1 -11 1 -11 0 -11 0 -12 0 0 0 -11 1 -11 1 -12 1 -12 1 -12 2 -12 2 -12 2 -12 2 -12 2 -12 3 -12 3 -12 3 -12 3 -12 3 -13 4 -13 4 -13 4 -13 4 -13 4 -13 4 -13 5 -13 5 -13 4 -14 5 -14 4 -14 5 0 0 0 0 0 0 0 0 0 0
1784740922.872188,55105,-44,11,1,7,1,-95,1,644381179,128,0 0 0 0 0 0 0 0 0 0 0 0 -7 5 -7 4 -8 4 -8 4 -8 3 -8 3 -9 3 -9 3 -9 3 -10 2 -10 2 -10 2 -10 2 -10 2 -10 2 -11 2 -10 2 -11 2 -11 2 -11 2 -11 2 -11 2 -11 2 -11 1 -11 1 -11 1 0 0 -11 2 -11 2 -11 2 -12 3 -11 3 -11 3 -11 3 -11 3 -11 3 -12 4 -12 4 -12 4 -11 4 -12 4 -12 5 -12 5 -12 5 -13 6 -13 6 -13 6 -13 6 -13 7 -14 6 -14 5 -14 6 -14 6 0 0 0 0 0 0 0 0 0 0
1784740922.872188,55106,-45,11,1,7,1,-95,1,644391009,128,0 0 0 0 0 0 0 0 0 0 0 0 0 -8 1 -9 1 -9 2 -9 2 -9 2 -9 3 -9 3 -9 3 -9 4 -9 4 -9 4 -9 4 -9 5 -9 5 -9 5 -9 5 -9 5 -9 5 -9 5 -9 5 -9 5 -9 5 -9 5 -9 5 -9 5 -9 0 0 5 -9 4 -9 5 -10 4 -10 4 -10 4 -10 3 -10 3 -11 3 -11 4 -11 4 -11 3 -11 3 -11 3 -12 3 -12 3 -13 3 -13 2 -13 2 -13 2 -14 2 -14 2 -14 2 -14 3 -14 3 -15 3 -15 0 0 0 0 0 0 0 0 0 0
1784740922.888206,55107,-44,11,1,7,1,-95,1,644401306,128,0 0 0 0 0 0 0 0 0 0 0 0 7 3 7 3 7 4 7 4 7 5 7 5 7 5 7 6 7 6 7 6 6 7 6 7 6 7 6 7 6 7 6 8 6 8 6 8 6 8 6 8 6 8 6 8 6 8 5 8 5 8 6 8 0 0 6 8 6 8 6 8 6 8 6 7 7 7 7 7 7 7 7 7 8 7 8 7 9 7 9 7 9 7 9 7 9 7 9 7 10 7 10 7 10 7 10 7 10 7 11 7 10 8 11 8 11 8 0 0 0 0 0 0 0 0 0 0
1784740922.907853,55108,-44,11,1,7,1,-95,1,644411012,128,0 0 0 0 0 0 0 0 0 0 0 0 -4 -8 -3 -8 -3 -9 -2 -9 -2 -9 -2 -9 -2 -9 -1 -10 -1 -10 -1 -10 -1 -10 0 -10 0 -10 0 -10 0 -10 0 -11 0 -10 0 -11 0 -11 0 -11 0 -11 0 -11 0 -11 0 -11 0 -10 1 -11 0 0 0 -11 0 -11 0 -11 -1 -12 -1 -11 -1 -11 -1 -11 -1 -12 -1 -11 -2 -12 -2 -12 -2 -12 -2 -12 -2 -12 -3 -13 -3 -12 -3 -13 -3 -12 -4 -13 -4 -13 -4 -13 -4 -13 -4 -14 -3 -14 -4 -13 -4 -13 0 0 0 0 0 0 0 0 0 0
1784740922.920123,55109,-44,11,1,7,1,-95,1,644424359,128,0 0 0 0 0 0 0 0 0 0 0 0 -8 -2 -9 -3 -8 -3 -8 -4 -8 -4 -8 -4 -8 -5 -9 -5 -8 -6 -8 -6 -8 -6 -8 -6 -8 -7 -9 -7 -9 -7 -8 -7 -8 -8 -8 -8 -8 -8 -8 -8 -8 -8 -8 -8 -8 -7 -8 -8 -8 -7 -8 -8 0 0 -8 -8 -8 -8 -9 -8 -9 -7 -9 -7 -9 -8 -9 -7 -10 -7 -10 -8 -10 -7 -10 -7 -11 -7 -11 -7 -11 -8 -11 -7 -12 -8 -11 -7 -12 -7 -12 -7 -12 -7 -12 -7 -12 -8 -12 -7 -12 -8 -13 -8 -13 -8 0 0 0 0 0 0 0 0 0 0
1784740922.927829,55110,-44,11,1,7,1,-95,1,644430992,128,0 0 0 0 0 0 0 0 0 0 0 0 -6 5 -6 5 -7 4 -7 4 -7 4 -8 4 -8 4 -8 4 -8 4 -9 4 -9 3 -9 3 -9 3 -10 3 -10 3 -10 2 -10 3 -10 2 -10 2 -11 2 -11 2 -11 2 -11 2 -11 2 -11 2 -11 2 0 0 -11 2 -11 2 -11 2 -11 3 -11 3 -11 3 -11 3 -11 4 -12 3 -12 4 -12 4 -11 4 -12 4 -12 4 -12 5 -12 5 -12 5 -12 5 -12 5 -13 5 -13 6 -13 6 -13 6 -13 6 -13 6 -13 6 0 0 0 0 0 0 0 0 0 0
1784740922.935919,55111,-44,11,1,7,1,-95,1,644440986,128,0 0 0 0 0 0 0 0 0 0 0 0 -8 2 -8 1 -8 1 -8 1 -8 0 -9 0 -9 0 -9 0 -9 0 -9 -1 -10 -1 -10 -1 -10 -2 -10 -2 -11 -2 -10 -2 -11 -2 -11 -2 -11 -2 -11 -2 -11 -2 -11 -2 -11 -2 -11 -3 -11 -3 -11 -3 0 0 -11 -2 -11 -2 -11 -2 -11 -2 -12 -2 -12 -1 -12 -1 -12 -1 -12 -1 -12 -1 -13 -1 -13 0 -13 0 -13 0 -13 0 -14 0 -14 0 -14 0 -14 1 -14 1 -14 1 -15 1 -15 1 -15 0 -15 0 -15 1 0 0 0 0 0 0 0 0 0 0
1784740922.935919,55112,-45,11,1,7,1,-95,1,644451009,128,0 0 0 0 0 0 0 0 0 0 0 0 6 3 6 4 6 4 6 5 5 5 6 5 6 5 5 6 5 6 5 6 5 7 5 7 5 7 5 7 5 8 5 8 5 8 5 8 5 8 5 8 5 8 5 8 5 8 5 8 5 8 5 8 0 0 6 8 6 8 6 8 6 8 7 8 7 8 7 8 8 8 8 8 8 8 8 8 9 8 9 8 9 9 9 8 10 9 10 9 10 9 10 9 11 9 11 9 11 10 11 9 11 10 11 10 11 10 0 0 0 0 0 0 0 0 0 0
1784740922.952054,55113,-45,11,1,7,1,-95,1,644461077,128,0 0 0 0 0 0 0 0 0 0 0 0 4 6 3 6 3 7 2 8 2 7 2 8 2 8 2 8 1 8 1 8 1 8 1 8 0 9 0 9 0 9 0 9 0 9 0 9 0 9 0 9 0 9 0 8 0 8 0 8 1 8 1 9 0 0 1 9 1 9 2 8 2 9 3 8 3 9 3 9 3 9 4 10 4 10 5 10 5 10 5 10 5 11 5 11 5 11 5 11 6 12 6 12 6 12 6 12 6 13 6 12 6 13 6 13 7 13 0 0 0 0 0 0 0 0 0 0
1784740922.968158,55114,-45,11,1,7,1,-95,1,644471116,128,0 0 0 0 0 0 0 0 0 0 0 0 -8 -3 -8 -3 -8 -4 -8 -4 -8 -5 -7 -5 -8 -5 -8 -6 -8 -6 -7 -6 -8 -6 -7 -6 -7 -7 -7 -7 -7 -6 -7 -7 -7 -7 -7 -7 -7 -7 -7 -7 -7 -7 -7 -7 -7 -7 -7 -6 -7 -6 -7 -6 0 0 -8 -6 -8 -6 -8 -6 -9 -6 -8 -5 -9 -6 -9 -5 -9 -5 -10 -5 -11 -5 -11 -5 -11 -4 -11 -5 -11 -4 -12 -4 -12 -4 -13 -5 -13 -5 -13 -5 -14 -5 -14 -5 -14 -5 -14 -5 -14 -5 -14 -5 -14 -6 0 0 0 0 0 0 0 0 0 0
1784740922.968158,55115,-46,11,1,7,1,-95,1,644480993,128,0 0 0 0 0 0 0 0 0 0 0 0 6 1 6 2 6 2 6 3 6 3 6 3 6 3 6 4 6 4 6 4 6 5 6 5 6 5 6 5 7 5 6 5 6 6 6 6 6 6 6 6 6 6 6 6 6 6 6 6 6 6 6 6 0 0 6 6 7 5 7 6 7 6 7 5 7 5 8 6 8 6 8 6 8 5 9 5 9 5 9 5 10 6 10 5 10 6 10 6 10 6 11 6 11 6 11 6 11 6 11 6 11 7 11 6 12 7 0 0 0 0 0 0 0 0 0 0
1784740922.984021,55116,-46,11,1,7,1,-95,1,644491077,128,0 0 0 0 0 0 0 0 0 0 0 0 2 -7 2 -7 3 -6 3 -6 3 -6 3 -6 4 -6 4 -7 4 -6 4 -6 5 -6 5 -6 5 -6 6 -6 5 -7 6 -6 6 -6 6 -6 6 -6 6 -6 6 -7 6 -7 6 -7 7 -6 7 -6 7 -7 0 0 7 -7 7 -7 7 -7 7 -7 6 -7 7 -8 6 -8 6 -8 6 -8 6 -9 7 -9 7 -9 7 -9 7 -9 7 -10 7 -10 7 -10 7 -11 7 -10 7 -11 8 -11 7 -11 8 -11 8 -11 8 -11 8 -11 0 0 0 0 0 0 0 0 0 0
1784740922.984021,55117,-46,11,1,7,1,-95,1,644501043,128,0 0 0 0 0 0 0 0 0 0 0 0 1 7 1 7 0 7 0 7 0 7 0 7 0 7 -1 8 0 8 -1 8 -2 8 -2 8 -2 8 -2 8 -2 8 -2 9 -2 8 -2 9 -2 9 -2 9 -2 9 -2 9 -2 9 -2 9 -2 9 -2 9 0 0 -2 9 -2 9 -1 9 -1 10 -1 10 -1 10 -1 10 -1 10 -1 10 -1 11 -1 11 0 11 -1 11 0 11 0 12 0 12 0 12 0 12 0 13 1 13 0 13 0 13 0 13 0 13 0 13 0 14 0 0 0 0 0 0 0 0 0 0
1784740923.002174,55118,-45,11,1,7,1,-95,1,644511071,128,0 0 0 0 0 0 0 0 0 0 0 0 -8 5 -8 5 -9 4 -9 4 -9 3 -9 3 -10 3 -10 3 -10 2 -10 2 -10 2 -10 2 -10 2 -10 2 -11 2 -10 1 -11 1 -10 1 -11 1 -11 1 -11 1 -11 1 -10 1 -11 1 -10 1 -11 1 0 0 -10 2 -10 2 -11 1 -10 2 -10 2 -10 2 -10 2 -10 3 -11 3 -11 3 -11 4 -11 4 -11 4 -11 4 -11 4 -11 5 -11 5 -11 5 -12 5 -12 5 -12 6 -12 5 -12 6 -12 6 -12 6 -12 6 0 0 0 0 0 0 0 0 0 0
1784740923.016218,55119,-45,11,1,7,1,-95,1,644521077,128,0 0 0 0 0 0 0 0 0 0 0 0 -10 -2 -10 -3 -10 -4 -10 -4 -10 -4 -10 -5 -9 -5 -9 -5 -9 -5 -9 -6 -9 -6 -9 -7 -9 -7 -9 -7 -9 -7 -8 -7 -8 -7 -9 -8 -8 -7 -8 -7 -8 -7 -8 -7 -8 -7 -8 -7 -7 -7 -8 -7 0 0 -8 -7 -8 -6 -8 -6 -9 -6 -8 -5 -9 -5 -9 -5 -9 -5 -9 -5 -10 -5 -10 -4 -10 -5 -10 -4 -10 -4 -11 -4 -11 -4 -12 -4 -12 -4 -12 -4 -12 -4 -12 -4 -13 -3 -12 -4 -13 -4 -13 -4 -13 -4 0 0 0 0 0 0 0 0 0 0
1784740923.027995,55120,-45,11,1,7,1,-95,1,644531012,128,0 0 0 0 0 0 0 0 0 0 0 0 -8 4 -9 4 -9 3 -9 3 -10 2 -10 2 -10 1 -10 1 -10 1 -10 1 -10 1 -10 0 -10 0 -10 0 -10 0 -10 0 -11 0 -10 -1 -10 -1 -10 -1 -10 -1 -10 -1 -10 -1 -10 -1 -10 -1 -10 0 0 0 -10 0 -10 0 -10 0 -10 0 -10 1 -10 1 -10 1 -10 1 -10 2 -10 2 -10 2 -10 3 -10 2 -11 3 -11 3 -11 3 -11 3 -12 3 -12 4 -12 4 -12 4 -12 4 -12 4 -12 4 -12 4 -13 4 0 0 0 0 0 0 0 0 0 0
1784740923.037684,55121,-45,11,1,7,1,-95,1,644541115,128,0 0 0 0 0 0 0 0 0 0 0 0 -9 -1 -9 -2 -8 -3 -8 -4 -8 -4 -8 -4 -8 -4 -8 -4 -8 -5 -8 -5 -8 -5 -8 -5 -8 -5 -8 -5 -8 -6 -8 -6 -8 -6 -8 -6 -8 -6 -8 -6 -8 -6 -8 -6 -8 -6 -8 -6 -8 -6 -8 -6 0 0 -8 -5 -8 -5 -8 -5 -8 -5 -9 -5 -9 -5 -9 -5 -9 -5 -10 -5 -10 -4 -10 -4 -11 -4 -11 -4 -11 -4 -11 -4 -12 -5 -11 -4 -12 -4 -12 -4 -12 -4 -13 -4 -13 -4 -12 -4 -13 -4 -13 -4 -14 -4 0 0 0 0 0 0 0 0 0 0
1784740923.052527,55122,-46,11,1,6,1,-95,1,644553815,128,0 0 0 0 0 0 0 0 0 0 0 0 -8 2 -8 2 -8 1 -9 1 -9 1 -9 0 -9 0 -9 0 -9 0 -9 -1 -9 -1 -9 -1 -9 -2 -9 -1 -9 -2 -10 -2 -9 -2 -10 -2 -10 -2 -10 -2 -10 -2 -10 -2 -10 -2 -10 -2 -10 -2 -10 -2 0 0 -10 -2 -10 -1 -10 -1 -10 -1 -10 -1 -10 -1 -10 -1 -10 0 -10 0 -11 0 -11 0 -11 0 -10 0 -11 0 -12 1 -12 1 -12 1 -13 1 -12 2 -13 2 -13 1 -12 2 -13 1 -13 1 -13 1 -14 2 0 0 0 0 0 0 0 0 0 0
1784740923.052527,55123,-46,11,1,7,1,-95,1,644562064,128,0 0 0 0 0 0 0 0 0 0 0 0 4 6 3 7 2 7 2 8 2 7 1 8 1 7 1 8 1 8 1 8 1 8 0 8 0 8 0 8 0 8 0 8 0 8 0 8 0 8 0 8 0 8 0 8 0 8 0 8 0 8 1 9 0 0 0 8 0 8 0 9 1 8 1 8 1 8 1 9 2 9 2 9 3 9 3 9 3 9 3 9 3 10 3 10 4 10 4 10 4 11 4 11 4 11 4 11 4 11 5 11 5 11 5 11 5 12 0 0 0 0 0 0 0 0 0 0
1784740923.064401,55124,-46,11,1,7,1,-95,1,644570988,128,0 0 0 0 0 0 0 0 0 0 0 0 -4 -7 -4 -8 -4 -8 -3 -8 -3 -9 -3 -8 -2 -9 -2 -9 -2 -8 -2 -9 -2 -9 -1 -9 -1 -9 -1 -9 -1 -9 -1 -9 -1 -9 -1 -9 -1 -9 -1 -9 -1 -9 -1 -9 -2 -9 -2 -9 -2 -9 -2 -9 0 0 -2 -9 -3 -10 -3 -9 -3 -10 -3 -9 -3 -10 -4 -10 -4 -10 -4 -10 -5 -11 -5 -10 -5 -10 -5 -10 -5 -10 -6 -12 -5 -11 -6 -12 -6 -12 -6 -12 -6 -12 -6 -12 -7 -12 -7 -13 -6 -13 -6 -13 -6 -13 0 0 0 0 0 0 0 0 0 0
1784740923.080609,55125,-47,11,1,7,1,-95,1,644583443,128,0 0 0 0 0 0 0 0 0 0 0 0 -7 -4 -7 -4 -6 -5 -6 -5 -6 -6 -6 -6 -6 -6 -6 -6 -6 -6 -6 -7 -5 -7 -5 -7 -5 -7 -5 -7 -5 -8 -5 -8 -5 -8 -5 -8 -5 -8 -5 -8 -5 -8 -5 -8 -5 -8 -5 -8 -5 -8 -5 -8 0 0 -6 -8 -5 -8 -6 -8 -6 -8 -6 -8 -7 -8 -7 -8 -7 -8 -7 -8 -8 -8 -8 -8 -8 -8 -8 -8 -8 -8 -8 -8 -8 -9 -9 -9 -9 -9 -9 -9 -10 -8 -10 -9 -10 -9 -10 -9 -9 -9 -10 -9 -10 -10 0 0 0 0 0 0 0 0 0 0
1784740923.080609,55126,-48,11,1,7,1,-95,1,644591136,128,0 0 0 0 0 0 0 0 0 0 0 0 -1 -7 -1 -8 0 -8 0 -8 1 -8 1 -8 1 -8 1 -8 2 -8 2 -8 2 -8 2 -9 2 -8 3 -8 3 -9 3 -8 3 -8 4 -8 3 -8 3 -8 4 -9 4 -8 3 -8 4 -8 4 -8 4 -8 0 0 3 -8 3 -9 3 -8 3 -8 2 -8 2 -9 2 -9 2 -9 2 -9 1 -10 2 -10 2 -10 2 -10 1 -10 1 -11 1 -11 1 -11 1 -11 1 -11 1 -12 1 -12 1 -12 1 -12 1 -12 1 -12 1 -12 0 0 0 0 0 0 0 0 0 0
1784740923.098813,55127,-47,11,1,7,1,-95,1,644605547,128,0 0 0 0 0 0 0 0 0 0 0 0 -1 -8 -1 -8 0 -8 0 -8 1 -8 1 -8 1 -8 1 -8 1 -9 2 -8 2 -9 2 -9 2 -9 2 -9 2 -9 3 -8 3 -9 3 -9 3 -9 3 -9 3 -9 3 -9 3 -9 3 -9 3 -9 3 -9 0 0 3 -9 3 -9 3 -9 2 -9 2 -10 2 -10 2 -10 2 -10 2 -10 1 -11 1 -11 1 -11 1 -11 1 -12 1 -12 1 -12 1 -12 1 -13 1 -13 1 -13 1 -13 1 -13 1 -13 2 -13 1 -13 1 -14 0 0 0 0 0 0 0 0 0 0
1784740923.098813,55128,-47,11,1,7,1,-95,1,644611283,128,0 0 0 0 0 0 0 0 0 0 0 0 4 -6 5 -6 5 -6 6 -5 6 -5 6 -5 7 -5 7 -5 7 -5 7 -4 7 -4 8 -4 8 -4 8 -4 8 -4 8 -4 8 -4 8 -4 9 -4 8 -4 8 -4 8 -4 8 -4 8 -4 8 -4 9 -4 0 0 9 -5 8 -5 8 -5 8 -5 8 -5 8 -6 8 -6 8 -7 8 -6 9 -7 9 -7 9 -7 9 -7 9 -8 9 -8 9 -8 9 -8 9 -8 9 -9 9 -9 9 -9 9 -9 10 -9 10 -9 10 -9 10 -9 0 0 0 0 0 0 0 0 0 0
1784740923.112608,55129,-46,11,1,7,1,-95,1,644621105,128,0 0 0 0 0 0 0 0 0 0 0 0 6 -1 7 -1 7 0 7 0 7 0 7 1 7 1 8 1 7 2 8 2 7 2 8 2 8 2 8 3 8 3 8 4 8 4 8 3 8 4 8 4 8 4 8 4 8 4 8 4 8 4 8 4 0 0 8 4 8 4 8 4 8 4 8 3 8 3 8 3 8 3 9 4 9 3 9 3 9 2 9 3 10 3 10 3 10 3 10 2 10 2 10 2 10 2 11 2 11 3 10 2 11 2 11 2 11 2 0 0 0 0 0 0 0 0 0 0
1784740923.128146,55130,-46,11,1,7,1,-95,1,644631139,128,0 0 0 0 0 0 0 0 0 0 0 0 3 -8 3 -8 4 -8 4 -7 5 -8 5 -7 5 -7 6 -8 6 -8 6 -7 6 -7 7 -7 7 -7 7 -7 7 -7 7 -7 8 -7 8 -7 8 -7 8 -7 8 -7 8 -7 8 -7 8 -6 8 -6 8 -7 0 0 7 -7 8 -7 7 -7 7 -7 7 -7 7 -7 7 -7 7 -8 7 -8 7 -8 7 -8 6 -8 6 -8 6 -9 6 -9 6 -9 6 -9 6 -10 5 -10 6 -10 5 -10 5 -10 5 -10 5 -10 5 -10 5 -11 0 0 0 0 0 0 0 0 0 0
1784740923.128146,55131,-45,11,1,7,1,-95,1,644641053,128,0 0 0 0 0 0 0 0 0 0 0 0 -8 3 -8 3 -9 2 -9 2 -9 1 -9 1 -10 1 -10 1 -10 1 -10 0 -10 0 -11 0 -11 -1 -11 -1 -11 -1 -11 -1 -11 -1 -11 -2 -11 -2 -11 -2 -11 -2 -11 -2 -11 -2 -11 -2 -11 -2 -11 -2 0 0 -11 -2 -11 -2 -10 -2 -11 -1 -10 -1 -10 -1 -11 -1 -11 0 -11 0 -11 0 -11 0 -11 1 -11 1 -11 1 -11 1 -11 1 -11 1 -11 2 -11 2 -11 2 -11 2 -11 3 -11 3 -12 2 -12 3 -12 3 0 0 0 0 0 0 0 0 0 0
1784740923.144332,55132,-44,11,1,7,1,-95,1,644652479,128,0 0 0 0 0 0 0 0 0 0 0 0 -7 1 -7 0 -8 0 -8 0 -8 0 -8 -1 -9 -1 -9 -1 -9 -1 -9 -2 -9 -2 -9 -3 -9 -3 -9 -3 -9 -2 -10 -3 -10 -3 -10 -3 -10 -3 -10 -3 -10 -4 -10 -3 -11 -4 -10 -4 -10 -4 -10 -4 0 0 -10 -4 -10 -4 -10 -3 -11 -3 -10 -3 -10 -3 -10 -3 -11 -3 -11 -2 -12 -2 -11 -3 -11 -2 -11 -2 -10 -2 -12 -1 -11 -1 -12 -1 -12 -1 -12 -1 -12 0 -12 -1 -12 0 -13 -1 -13 -1 -12 -1 -12 0 0 0 0 0 0 0 0 0 0 0
1784740923.144332,55133,-44,11,1,7,1,-95,1,644661093,128,0 0 0 0 0 0 0 0 0 0 0 0 -2 6 -2 6 -3 6 -3 6 -4 6 -4 6 -4 6 -4 6 -4 6 -5 7 -5 6 -6 6 -6 6 -6 6 -6 6 -6 7 -6 6 -7 7 -7 6 -7 7 -7 7 -8 6 -8 7 -8 6 -8 6 -8 6 0 0 -8 6 -8 7 -8 6 -8 7 -8 7 -8 7 -7 7 -8 7 -7 7 -8 8 -7 8 -7 8 -7 8 -7 8 -7 9 -7 9 -7 9 -8 9 -7 9 -7 9 -7 9 -7 9 -8 9 -8 9 -8 9 -7 10 0 0 0 0 0 0 0 0 0 0
1784740923.165929,55134,-45,11,1,7,1,-95,1,644671075,128,0 0 0 0 0 0 0 0 0 0 0 0 -4 5 -4 5 -5 4 -5 4 -5 4 -6 4 -6 4 -6 4 -6 4 -6 4 -7 4 -7 4 -7 4 -8 4 -8 4 -8 4 -8 4 -8 4 -9 4 -9 4 -9 4 -9 4 -9 4 -9 3 -9 3 -9 3 0 0 -10 3 -9 3 -10 4 -10 4 -9 4 -10 4 -10 4 -10 4 -10 4 -10 5 -10 5 -10 5 -10 5 -10 5 -10 5 -11 5 -10 5 -11 6 -11 6 -11 6 -11 6 -11 6 -11 6 -11 6 -11 6 -11 7 0 0 0 0 0 0 0 0 0 0
1784740923.176133,55135,-45,11,1,7,1,-95,1,644681135,128,0 0 0 0 0 0 0 0 0 0 0 0 5 2 6 3 5 3 5 4 5 4 5 4 5 4 5 4 5 5 5 5 5 5 5 5 5 6 5 6 5 6 5 6 5 7 5 6 5 7 5 6 5 7 5 7 5 7 5 6 5 7 5 7 0 0 5 7 5 7 5 7 5 7 5 6 6 7 6 7 6 6 6 7 7 7 7 7 7 7 7 7 7 7 8 7 8 7 8 7 8 7 9 7 8 7 9 7 9 7 9 7 9 7 10 7 10 8 0 0 0 0 0 0 0 0 0 0
1784740923.176133,55136,-44,11,1,7,1,-95,1,644690976,128,0 0 0 0 0 0 0 0 0 0 0 0 -5 -5 -5 -5 -5 -5 -5 -6 -5 -6 -5 -6 -5 -6 -5 -6 -5 -7 -4 -7 -4 -7 -4 -8 -4 -8 -4 -8 -4 -8 -4 -8 -4 -8 -4 -8 -4 -8 -4 -8 -4 -8 -4 -9 -4 -9 -4 -9 -3 -9 -4 -9 0 0 -4 -9 -4 -9 -4 -9 -5 -9 -5 -9 -5 -9 -5 -9 -6 -9 -6 -9 -6 -9 -6 -9 -6 -9 -6 -9 -6 -9 -7 -9 -7 -9 -7 -10 -7 -10 -8 -10 -8 -9 -8 -10 -8 -10 -8 -10 -8 -10 -8 -10 -8 -10 0 0 0 0 0 0 0 0 0 0
1784740923.191978,55137,-45,11,1,7,1,-95,1,644701165,128,0 0 0 0 0 0 0 0 0 0 0 0 -1 -7 -1 -7 0 -7 0 -7 0 -7 0 -7 0 -8 0 -8 0 -8 1 -8 1 -8 1 -8 1 -8 2 -8 2 -9 2 -8 2 -9 2 -9 2 -9 2 -9 2 -9 2 -9 2 -9 2 -9 3 -9 3 -9 0 0 3 -9 2 -9 2 -9 2 -9 2 -10 2 -9 2 -10 2 -10 2 -10 2 -11 2 -11 2 -11 1 -11 2 -11 1 -11 1 -12 1 -11 1 -12 1 -12 1 -12 1 -12 1 -13 1 -12 2 -12 2 -13 2 -13 0 0 0 0 0 0 0 0 0 0
1784740923.191978,55138,-46,11,1,7,1,-95,1,644711009,128,0 0 0 0 0 0 0 0 0 0 0 0 5 3 6 3 5 4 5 4 5 4 5 4 5 4 5 5 5 5 5 5 5 5 5 6 5 6 5 6 5 6 4 6 4 7 4 6 4 7 4 7 4 6 4 6 4 6 4 6 4 6 5 6 0 0 5 6 5 6 5 6 5 6 5 6 6 6 6 6 6 6 6 6 7 6 7 7 7 6 7 6 7 7 7 7 8 7 8 7 8 7 9 7 9 7 9 7 9 8 9 7 9 8 9 8 9 8 0 0 0 0 0 0 0 0 0 0
1784740923.208120,55139,-46,11,1,7,1,-95,1,644721083,128,0 0 0 0 0 0 0 0 0 0 0 0 -8 -4 -7 -4 -7 -5 -7 -5 -7 -6 -7 -5 -7 -6 -7 -6 -7 -6 -7 -7 -6 -7 -6 -7 -6 -7 -6 -7 -6 -7 -6 -8 -6 -7 -6 -8 -6 -7 -6 -8 -6 -7 -6 -7 -6 -7 -5 -8 -5 -7 -6 -7 0 0 -6 -7 -7 -7 -6 -6 -7 -7 -7 -6 -7 -6 -8 -6 -8 -7 -8 -6 -9 -7 -9 -7 -8 -6 -9 -6 -8 -6 -10 -7 -10 -6 -10 -7 -10 -7 -10 -7 -11 -6 -11 -7 -11 -7 -11 -7 -10 -8 -11 -8 -11 -7 0 0 0 0 0 0 0 0 0 0
1784740923.223994,55140,-45,11,1,7,1,-95,1,644731525,128,0 0 0 0 0 0 0 0 0 0 0 0 6 4 6 5 5 6 5 7 5 6 5 7 5 7 5 7 5 7 5 7 5 7 4 8 4 8 4 8 5 8 4 8 4 9 4 8 4 9 3 9 4 9 3 9 4 8 4 8 4 8 4 9 0 0 4 8 4 8 4 8 4 8 4 8 5 8 5 8 5 8 5 8 5 8 6 8 6 8 6 8 6 8 6 7 7 8 7 8 7 8 7 8 7 8 8 8 8 8 8 7 8 7 8 8 8 8 0 0 0 0 0 0 0 0 0 0
1784740923.228645,55141,-45,11,1,7,1,-95,1,644741099,128,0 0 0 0 0 0 0 0 0 0 0 0 -8 -2 -8 -2 -9 -3 -8 -3 -8 -4 -8 -4 -8 -4 -9 -4 -8 -4 -8 -5 -8 -5 -8 -5 -8 -6 -8 -6 -8 -6 -8 -6 -8 -6 -8 -6 -8 -7 -8 -7 -9 -6 -8 -7 -8 -7 -8 -7 -8 -7 -8 -7 0 0 -8 -7 -9 -7 -8 -7 -9 -7 -8 -6 -9 -6 -9 -6 -9 -6 -9 -6 -10 -6 -9 -6 -10 -6 -10 -6 -10 -6 -10 -6 -11 -6 -10 -6 -11 -5 -11 -5 -11 -5 -11 -5 -11 -5 -11 -5 -11 -6 -11 -5 -12 -5 0 0 0 0 0 0 0 0 0 0
1784740923.243445,55142,-44,11,1,7,1,-95,1,644751032,128,0 0 0 0 0 0 0 0 0 0 0 0 -8 -2 -8 -3 -8 -4 -8 -4 -8 -5 -8 -4 -8 -5 -8 -5 -8 -6 -8 -6 -8 -6 -8 -6 -8 -6 -8 -6 -8 -7 -8 -7 -8 -7 -9 -8 -8 -7 -8 -8 -8 -8 -8 -8 -8 -8 -8 -8 -8 -8 -8 -8 0 0 -8 -8 -9 -8 -8 -7 -9 -8 -9 -7 -9 -8 -9 -7 -9 -8 -9 -7 -10 -8 -10 -7 -10 -7 -10 -7 -9 -7 -11 -7 -11 -7 -11 -8 -11 -7 -11 -7 -11 -7 -11 -7 -12 -7 -12 -7 -12 -7 -12 -7 -12 -7 0 0 0 0 0 0 0 0 0 0
1784740923.255594,55143,-44,11,1,7,1,-95,1,644760995,128,0 0 0 0 0 0 0 0 0 0 0 0 2 5 2 6 2 6 1 6 1 6 1 7 1 7 1 7 1 7 1 7 1 8 1 8 1 8 1 8 0 9 0 9 0 9 0 9 -1 9 0 9 -1 9 -1 9 0 9 0 9 0 9 0 10 0 0 0 10 -1 10 0 10 0 10 0 9 0 10 0 10 0 10 0 10 1 10 1 10 1 10 1 11 1 11 1 10 1 11 1 10 1 11 2 11 1 11 2 11 2 12 2 11 2 11 2 11 2 12 0 0 0 0 0 0 0 0 0 0
1784740923.255594,55144,-45,11,1,7,1,-95,1,644771007,128,0 0 0 0 0 0 0 0 0 0 0 0 3 -6 3 -6 3 -6 4 -6 4 -6 4 -6 4 -6 4 -6 5 -6 5 -6 5 -6 5 -6 6 -6 6 -6 6 -6 6 -6 6 -6 6 -6 7 -6 6 -6 7 -6 7 -6 7 -6 7 -6 7 -6 7 -6 0 0 7 -6 7 -6 7 -6 7 -7 7 -6 7 -7 7 -7 7 -7 7 -7 8 -8 7 -8 7 -7 8 -8 7 -8 7 -8 7 -8 8 -8 7 -8 7 -9 7 -9 7 -9 7 -10 8 -9 8 -9 8 -10 8 -10 0 0 0 0 0 0 0 0 0 0
1784740923.271815,55145,-45,11,1,7,1,-95,1,644781085,128,0 0 0 0 0 0 0 0 0 0 0 0 7 -1 7 0 7 0 7 1 7 1 7 1 7 1 7 1 7 1 8 2 8 2 8 2 8 3 8 3 8 3 8 3 8 3 8 3 8 3 8 3 8 3 8 4 8 3 8 3 8 3 8 3 0 0 8 3 8 3 8 3 9 3 9 3 9 2 9 2 10 3 9 2 10 2 10 2 10 2 10 2 11 2 11 2 11 2 11 2 12 2 12 2 12 1 12 1 12 2 12 2 13 2 12 2 13 2 0 0 0 0 0 0 0 0 0 0
1784740923.287964,55146,-45,11,1,7,1,-95,1,644791060,128,0 0 0 0 0 0 0 0 0 0 0 0 -3 -7 -3 -8 -3 -8 -3 -8 -2 -8 -2 -8 -2 -9 -2 -9 -1 -9 -1 -9 -1 -9 -1 -9 -1 -10 -1 -10 -1 -10 0 -10 0 -10 0 -10 0 -10 0 -10 0 -10 0 -10 0 -10 0 -10 0 -10 0 -11 0 0 0 -10 0 -11 0 -11 -1 -11 -1 -11 -1 -11 -1 -11 -1 -11 -1 -11 -2 -11 -1 -11 -2 -11 -2 -12 -2 -12 -2 -12 -2 -12 -2 -12 -2 -12 -3 -13 -2 -13 -3 -13 -3 -13 -3 -13 -3 -13 -3 -14 -3 -14 0 0 0 0 0 0 0 0 0 0
1784740923.287964,55147,-44,11,1,7,1,-95,1,644801042,128,0 0 0 0 0 0 0 0 0 0 0 0 -2 -7 -1 -7 -1 -8 -1 -7 0 -8 0 -8 0 -8 0 -8 0 -8 0 -9 1 -9 1 -9 1 -9 1 -9 1 -10 2 -10 2 -10 2 -10 2 -10 2 -10 2 -10 2 -11 2 -11 3 -10 3 -10 3 -11 0 0 3 -11 2 -11 2 -11 2 -11 2 -11 2 -11 2 -11 2 -12 2 -12 2 -12 2 -12 2 -12 2 -12 1 -12 1 -12 1 -12 1 -13 1 -13 1 -13 0 -13 0 -13 0 -13 1 -13 1 -13 1 -13 1 -13 0 0 0 0 0 0 0 0 0 0
1784740923.304053,55148,-45,11,1,7,1,-95,1,644811105,128,0 0 0 0 0 0 0 0 0 0 0 0 2 4 2 4 1 4 2 5 1 5 2 5 1 5 1 5 2 5 2 6 2 6 1 6 1 7 1 7 2 7 1 7 1 8 1 8 1 8 2 8 2 8 2 9 1 9 1 9 1 9 1 9 0 0 2 10 2 10 2 10 2 10 2 10 2 10 2 10 3 10 2 11 2 11 2 11 3 11 3 11 3 12 3 11 3 12 3 11 3 12 4 12 4 12 4 12 4 12 4 12 4 12 4 12 4 13 0 0 0 0 0 0 0 0 0 0
1784740923.304053,55149,-47,11,1,7,1,-95,1,644821071,128,0 0 0 0 0 0 0 0 0 0 0 0 -5 -2 -5 -2 -4 -2 -5 -2 -4 -2 -5 -2 -5 -2 -5 -2 -5 -2 -5 -2 -5 -2 -5 -2 -6 -2 -6 -2 -6 -2 -6 -2 -6 -2 -6 -2 -7 -2 -7 -2 -7 -2 -7 -3 -7 -2 -7 -2 -8 -3 -8 -3 0 0 -8 -3 -9 -3 -9 -3 -9 -3 -9 -3 -9 -3 -9 -3 -10 -3 -10 -4 -10 -3 -10 -3 -11 -3 -11 -4 -11 -4 -11 -4 -11 -4 -11 -4 -11 -4 -12 -4 -12 -4 -12 -4 -12 -5 -12 -4 -12 -4 -13 -4 -13 -4 0 0 0 0 0 0 0 0 0 0
1784740923.336041,55150,-47,11,1,7,1,-95,1,644840784,128,0 0 0 0 0 0 0 0 0 0 0 0 1 6 1 6 0 6 0 6 0 6 -1 7 0 6 -1 7 -1 7 -1 6 -1 7 -1 7 -1 7 -1 7 -1 7 -1 7 -1 8 -1 7 -1 8 -1 8 -1 8 -2 8 -1 8 -1 8 -2 9 -2 9 0 0 -1 9 -1 9 -2 10 -1 9 -1 9 -1 10 -1 10 -1 10 -1 10 -1 10 -1 10 -1 11 -1 10 -1 11 0 11 -1 12 -1 11 0 12 0 12 0 12 0 12 0 12 0 11 -1 12 -1 12 0 13 0 0 0 0 0 0 0 0 0 0
1784740923.336041,55151,-47,11,1,7,1,-95,1,644841056,128,0 0 0 0 0 0 0 0 0 0 0 0 6 -2 6 -2 6 -1 6 -1 6 -1 6 -1 6 -1 6 -1 6 0 6 0 6 0 7 0 7 0 7 0 7 0 7 0 7 0 7 0 8 0 8 0 8 0 8 0 8 0 8 0 8 0 9 0 0 0 9 0 9 0 9 0 9 0 9 0 9 0 9 0 10 0 10 0 10 0 10 0 10 0 11 0 11 0 11 0 11 0 11 0 11 0 11 0 11 0 11 -1 12 0 11 -1 11 -1 12 -1 12 -1 0 0 0 0 0 0 0 0 0 0
1784740923.336041,55152,-46,11,1,7,1,-95,1,644851088,128,0 0 0 0 0 0 0 0 0 0 0 0 4 1 5 1 5 1 5 1 5 2 5 1 5 2 5 2 5 2 5 2 5 2 6 2 6 2 6 2 6 2 6 3 7 3 6 3 7 3 7 3 7 3 7 3 8 3 8 3 7 3 8 3 0 0 8 3 8 3 8 4 9 4 9 4 9 4 9 4 9 4 10 4 10 4 10 4 10 4 10 4 11 4 11 4 11 4 11 4 11 4 12 4 12 4 12 4 12 5 12 4 12 4 12 4 12 4 0 0 0 0 0 0 0 0 0 0
1784740923.352083,55153,-47,11,1,7,1,-95,1,644861094,128,0 0 0 0 0 0 0 0 0 0 0 0 4 3 4 3 4 3 4 3 4 4 3 3 4 4 3 3 3 3 3 4 3 4 3 4 3 4 3 4 3 4 4 4 4 4 4 4 4 4 4 4 4 4 4 4 4 5 4 4 4 5 4 5 0 0 5 5 5 5 5 5 6 5 6 5 6 5 6 5 6 6 7 5 7 6 7 6 7 6 7 6 7 6 8 6 8 6 8 7 8 7 8 7 8 7 8 7 8 7 8 8 8 8 8 8 9 8 0 0 0 0 0 0 0 0 0 0
1784740923.367889,55154,-47,11,1,7,1,-95,1,644871154,128,0 0 0 0 0 0 0 0 0 0 0 0 3 -8 3 -8 4 -7 4 -7 4 -7 4 -7 5 -6 5 -6 5 -6 5 -6 5 -6 5 -6 5 -5 6 -6 5 -6 5 -5 6 -6 5 -6 6 -5 5 -6 5 -6 5 -6 5 -6 5 -6 5 -6 5 -6 0 0 5 -6 5 -7 5 -6 5 -7 5 -7 5 -7 5 -7 5 -8 5 -8 5 -8 5 -8 5 -8 5 -8 5 -9 5 -9 5 -9 5 -9 5 -10 5 -10 5 -10 5 -10 5 -10 6 -11 6 -11 5 -11 6 -11 0 0 0 0 0 0 0 0 0 0
1784740923.369521,55155,-45,11,1,7,1,-95,1,644881031,128,0 0 0 0 0 0 0 0 0 0 0 0 -8 -4 -8 -4 -7 -5 -7 -5 -7 -6 -7 -6 -7 -6 -7 -6 -7 -6 -7 -6 -7 -6 -6 -7 -6 -7 -6 -7 -6 -7 -6 -7 -6 -7 -6 -8 -6 -7 -6 -8 -6 -7 -6 -7 -6 -7 -6 -7 -6 -7 -6 -7 0 0 -6 -7 -6 -7 -7 -7 -7 -7 -7 -7 -7 -7 -7 -7 -8 -7 -8 -7 -8 -7 -8 -7 -9 -7 -9 -7 -9 -7 -9 -7 -9 -7 -9 -7 -9 -7 -10 -7 -10 -7 -10 -7 -11 -7 -11 -7 -11 -7 -11 -8 -11 -8 0 0 0 0 0 0 0 0 0 0
1784740923.384022,55156,-44,11,1,7,1,-95,1,644891008,128,0 0 0 0 0 0 0 0 0 0 0 0 6 0 7 0 7 1 7 1 7 1 7 1 7 1 7 1 7 1 7 2 7 2 7 2 7 3 7 3 7 3 8 3 8 3 8 3 8 3 8 3 8 3 8 3 8 3 7 4 7 4 8 3 0 0 8 3 8 3 8 3 8 3 8 3 9 3 9 3 9 3 9 2 9 3 9 3 9 2 9 3 9 3 10 2 10 2 10 3 11 3 11 2 11 2 11 2 11 2 11 2 11 3 11 2 12 2 0 0 0 0 0 0 0 0 0 0
1784740923.384022,55157,-43,11,1,7,1,-95,1,644900967,128,0 0 0 0 0 0 0 0 0 0 0 0 7 0 7 0 7 1 7 1 7 1 7 1 7 1 7 2 7 2 7 2 7 2 7 2 7 2 7 3 8 3 7 3 8 3 8 3 8 4 8 3 8 3 8 4 8 3 8 4 8 4 8 4 0 0 9 4 9 4 8 4 9 4 9 4 9 4 9 4 9 3 9 4 10 3 10 3 10 3 10 4 10 4 10 4 11 4 11 3 11 3 11 3 11 3 11 3 12 4 11 3 11 4 12 4 12 4 0 0 0 0 0 0 0 0 0 0
1784740923.403182,55158,-42,11,1,7,1,-95,1,644911046,128,0 0 0 0 0 0 0 0 0 0 0 0 1 7 0 7 0 7 -1 7 -1 7 -1 7 -1 7 -1 7 -1 7 -1 7 -1 7 -2 7 -2 8 -2 8 -1 8 -2 8 -2 8 -2 9 -2 8 -2 9 -2 9 -2 9 -2 9 -2 9 -2 9 -2 9 0 0 -2 10 -2 10 -2 10 -2 10 -2 10 -2 10 -1 10 -2 11 -1 11 -1 11 -2 11 -1 11 -1 11 -1 11 -1 12 -1 12 -1 12 -1 12 -1 12 0 13 0 13 0 13 0 13 -1 13 -1 13 -1 13 0 0 0 0 0 0 0 0 0 0
1784740923.416057,55159,-42,11,1,7,1,-95,1,644921003,128,0 0 0 0 0 0 0 0 0 0 0 0 1 5 1 6 1 5 0 6 0 6 0 6 0 6 0 6 1 6 0 6 0 6 0 7 0 7 0 7 0 7 0 7 0 8 0 8 0 8 0 8 0 8 0 9 0 9 -1 9 -1 9 -1 9 0 0 -1 9 -1 9 -1 10 -1 10 -1 10 -1 10 0 10 0 10 0 10 0 11 -1 11 0 11 0 11 -1 11 0 11 0 12 0 12 0 12 0 12 0 12 0 12 0 13 0 13 0 13 0 13 0 13 0 0 0 0 0 0 0 0 0 0
1784740923.429019,55160,-42,11,1,7,1,-95,1,644931001,128,0 0 0 0 0 0 0 0 0 0 0 0 6 0 5 0 6 1 5 1 6 1 6 1 6 1 6 1 6 1 6 1 6 2 7 2 7 2 7 2 7 2 7 2 7 2 8 2 8 3 8 3 8 3 8 3 8 3 8 3 8 3 9 3 0 0 9 3 9 4 9 4 10 4 9 3 9 4 10 4 10 4 10 3 11 3 10 4 10 3 11 3 11 3 11 3 11 3 11 4 12 3 12 3 12 3 12 3 13 3 13 4 13 4 13 4 13 4 0 0 0 0 0 0 0 0 0 0
1784740923.431895,55161,-42,11,1,7,1,-95,1,644941066,128,0 0 0 0 0 0 0 0 0 0 0 0 -4 4 -4 4 -5 4 -4 4 -5 4 -5 4 -5 4 -5 4 -5 5 -6 5 -6 4 -6 4 -6 4 -7 4 -6 5 -7 5 -7 5 -8 5 -7 5 -8 5 -8 5 -8 5 -9 6 -9 5 -9 5 -9 5 0 0 -9 5 -9 6 -9 5 -10 6 -9 6 -10 6 -9 6 -10 6 -10 6 -11 7 -10 6 -10 6 -10 6 -10 6 -10 8 -9 7 -11 7 -10 7 -10 8 -10 8 -11 8 -10 8 -11 8 -11 8 -11 8 -11 8 0 0 0 0 0 0 0 0 0 0
1784740923.447847,55162,-43,11,1,7,1,-95,1,644950997,128,0 0 0 0 0 0 0 0 0 0 0 0 -6 -3 -6 -3 -5 -4 -6 -4 -5 -4 -6 -4 -6 -4 -6 -4 -6 -4 -6 -4 -6 -5 -6 -5 -6 -5 -6 -5 -7 -5 -7 -6 -7 -6 -7 -6 -8 -6 -8 -6 -8 -6 -8 -7 -8 -7 -8 -7 -8 -7 -8 -8 0 0 -9 -8 -8 -8 -9 -8 -9 -8 -9 -8 -9 -8 -9 -8 -9 -8 -9 -9 -10 -9 -10 -9 -10 -9 -10 -9 -10 -9 -10 -9 -11 -9 -10 -9 -11 -9 -11 -9 -11 -9 -11 -9 -12 -9 -11 -9 -11 -9 -12 -9 -12 -9 0 0 0 0 0 0 0 0 0 0
1784740923.544404,55163,-45,11,1,7,1,-95,1,645051985,128,0 0 0 0 0 0 0 0 0 0 0 0 -6 0 -6 0 -7 0 -7 0 -7 -1 -7 0 -8 -1 -8 -1 -8 -1 -9 -1 -9 -1 -9 -1 -10 -2 -10 -2 -11 -2 -11 -2 -12 -3 -11 -3 -12 -3 -12 -3 -12 -3 -12 -4 -12 -4 -12 -5 -12 -5 -13 -5 0 0 -13 -5 -13 -5 -13 -5 -13 -5 -13 -5 -13 -5 -13 -5 -13 -5 -13 -5 -13 -4 -13 -4 -13 -4 -13 -4 -14 -4 -13 -4 -14 -4 -13 -4 -14 -4 -14 -3 -14 -3 -14 -3 -14 -3 -14 -3 -14 -3 -15 -3 -15 -3 0 0 0 0 0 0 0 0 0 0
1784740923.544404,55164,-45,11,1,7,1,-95,1,645053504,128,0 0 0 0 0 0 0 0 0 0 0 0 -3 4 -3 5 -4 5 -4 5 -4 5 -4 5 -4 5 -5 6 -5 6 -6 6 -6 6 -6 6 -7 7 -7 7 -7 7 -8 8 -8 7 -8 8 -9 8 -9 8 -9 8 -9 8 -10 8 -10 7 -10 7 -11 8 0 0 -11 8 -11 8 -10 8 -11 8 -10 8 -11 8 -10 8 -11 9 -10 9 -11 9 -11 9 -10 9 -10 9 -10 9 -10 10 -10 9 -10 10 -10 10 -9 10 -10 11 -9 11 -9 11 -10 11 -10 11 -10 11 -10 11 0 0 0 0 0 0 0 0 0 0
1784740923.544404,55165,-45,11,1,7,1,-95,1,645055262,128,0 0 0 0 0 0 0 0 0 0 0 0 -4 -4 -4 -4 -4 -5 -4 -5 -4 -5 -5 -6 -4 -6 -5 -6 -5 -7 -5 -7 -5 -7 -5 -8 -5 -8 -5 -8 -6 -9 -5 -10 -5 -10 -5 -10 -5 -10 -5 -11 -5 -11 -5 -12 -5 -12 -5 -12 -5 -12 -5 -12 0 0 -5 -13 -5 -13 -4 -13 -5 -12 -5 -12 -5 -13 -5 -13 -5 -12 -5 -13 -6 -13 -6 -13 -6 -13 -6 -13 -6 -13 -6 -12 -7 -13 -7 -12 -7 -12 -7 -12 -7 -13 -8 -12 -8 -13 -8 -12 -8 -13 -8 -13 -8 -13 0 0 0 0 0 0 0 0 0 0
1784740923.544404,55166,-45,11,1,7,1,-95,1,645056765,128,0 0 0 0 0 0 0 0 0 0 0 0 0 -6 1 -6 1 -6 1 -6 1 -6 1 -7 1 -7 2 -7 2 -8 2 -8 3 -8 3 -9 3 -9 4 -9 4 -9 4 -10 4 -10 5 -11 5 -10 5 -11 6 -11 6 -11 6 -11 7 -11 7 -11 7 -11 0 0 7 -11 7 -11 7 -11 7 -12 7 -11 7 -12 7 -12 7 -12 7 -12 7 -12 7 -12 7 -12 6 -12 6 -12 5 -13 5 -13 6 -13 6 -13 5 -13 5 -14 5 -14 4 -14 5 -14 5 -14 5 -14 5 -14 0 0 0 0 0 0 0 0 0 0
1784740923.544404,55167,-46,11,1,7,1,-95,1,645062223,128,0 0 0 0 0 0 0 0 0 0 0 0 -4 -4 -4 -4 -4 -4 -4 -5 -4 -5 -4 -5 -4 -6 -4 -6 -4 -6 -4 -7 -5 -7 -5 -8 -5 -8 -5 -9 -5 -9 -4 -10 -4 -10 -4 -10 -4 -11 -3 -11 -4 -12 -3 -12 -3 -12 -3 -12 -3 -12 -3 -13 0 0 -2 -13 -2 -13 -2 -13 -2 -13 -2 -13 -2 -13 -2 -13 -2 -13 -2 -13 -3 -13 -3 -13 -3 -13 -3 -13 -3 -13 -3 -13 -3 -14 -4 -13 -4 -13 -4 -13 -4 -14 -5 -14 -4 -14 -5 -13 -5 -14 -5 -14 -5 -14 0 0 0 0 0 0 0 0 0 0
1784740923.560131,55168,-50,11,1,7,1,-95,1,645071054,128,0 0 0 0 0 0 0 0 0 0 0 0 1 -4 1 -4 1 -4 1 -4 1 -5 1 -5 2 -5 2 -6 2 -6 3 -6 3 -7 3 -7 4 -7 5 -7 5 -8 6 -7 6 -8 6 -8 7 -8 7 -8 8 -8 8 -8 8 -8 9 -8 9 -8 10 -8 0 0 10 -8 10 -8 10 -7 10 -7 10 -7 10 -7 10 -7 10 -8 10 -7 10 -8 10 -7 10 -8 10 -8 9 -8 10 -8 9 -8 9 -8 9 -9 9 -9 9 -9 9 -10 9 -10 9 -10 9 -10 9 -11 8 -11 0 0 0 0 0 0 0 0 0 0
1784740923.576347,55169,-51,11,1,7,1,-95,1,645080970,128,0 0 0 0 0 0 0 0 0 0 0 0 -4 0 -4 0 -5 0 -5 -1 -5 -1 -5 -1 -5 -1 -6 -1 -6 -1 -7 -1 -7 -1 -7 -1 -7 -1 -8 -2 -8 -1 -8 -2 -9 -2 -9 -2 -10 -2 -10 -2 -10 -2 -10 -2 -11 -3 -11 -3 -11 -4 -11 -4 0 0 -12 -4 -12 -4 -12 -4 -12 -4 -12 -4 -12 -4 -12 -4 -13 -4 -13 -4 -14 -4 -13 -5 -13 -5 -13 -5 -13 -5 -13 -4 -13 -4 -13 -5 -13 -4 -13 -4 -14 -4 -14 -4 -14 -4 -14 -4 -13 -4 -13 -4 -13 -4 0 0 0 0 0 0 0 0 0 0
1784740923.576347,55170,-51,11,1,7,1,-95,1,645091075,128,0 0 0 0 0 0 0 0 0 0 0 0 -5 -3 -5 -3 -5 -3 -5 -4 -5 -4 -5 -4 -5 -4 -5 -4 -5 -5 -5 -5 -5 -5 -5 -6 -5 -6 -5 -6 -5 -6 -5 -6 -5 -7 -5 -7 -5 -7 -5 -7 -5 -7 -5 -8 -5 -8 -5 -8 -5 -8 -5 -9 0 0 -5 -9 -5 -9 -5 -10 -6 -9 -6 -9 -6 -10 -6 -10 -6 -10 -6 -10 -7 -10 -7 -10 -7 -10 -7 -10 -7 -11 -7 -11 -8 -11 -7 -11 -8 -11 -8 -12 -8 -11 -8 -12 -8 -12 -8 -12 -8 -12 -9 -12 -9 -13 0 0 0 0 0 0 0 0 0 0
1784740923.592593,55171,-53,11,1,7,1,-95,1,645101098,128,0 0 0 0 0 0 0 0 0 0 0 0 -1 3 -2 3 -2 3 -2 3 -2 3 -3 3 -3 3 -3 3 -3 3 -3 3 -4 3 -4 3 -4 2 -4 2 -5 2 -5 2 -5 2 -5 2 -5 2 -6 2 -6 2 -6 2 -6 2 -6 2 -6 2 -7 2 0 0 -7 1 -7 1 -8 1 -7 1 -8 1 -8 1 -8 1 -8 1 -8 1 -8 2 -8 2 -8 2 -9 2 -9 2 -9 2 -9 3 -9 3 -10 3 -10 3 -10 4 -10 4 -11 4 -10 4 -11 4 -11 5 -12 5 0 0 0 0 0 0 0 0 0 0
1784740923.608371,55172,-54,11,1,7,1,-95,1,645111070,128,0 0 0 0 0 0 0 0 0 0 0 0 0 2 0 2 0 2 0 2 0 2 0 2 -1 2 -1 2 -1 2 -1 2 -1 2 -2 3 -2 3 -2 3 -2 3 -2 3 -2 3 -3 3 -3 3 -3 3 -3 3 -4 3 -4 3 -5 3 -5 2 -5 2 0 0 -6 2 -6 2 -6 2 -6 2 -6 2 -6 2 -6 2 -7 2 -7 2 -7 2 -8 2 -7 2 -7 2 -7 2 -8 3 -7 3 -8 3 -8 3 -8 3 -8 4 -8 4 -8 4 -9 5 -9 5 -8 5 -8 5 0 0 0 0 0 0 0 0 0 0
1784740923.608371,55173,-54,11,1,7,1,-95,1,645121039,128,0 0 0 0 0 0 0 0 0 0 0 0 -2 1 -2 1 -2 0 -2 0 -2 0 -2 0 -2 0 -2 0 -2 0 -2 0 -2 0 -2 0 -2 0 -3 0 -3 0 -3 -1 -3 -1 -3 -1 -3 -1 -4 -2 -4 -2 -4 -2 -4 -2 -4 -3 -4 -3 -4 -4 0 0 -4 -5 -4 -5 -4 -5 -4 -5 -4 -6 -4 -6 -4 -6 -4 -7 -4 -7 -5 -7 -5 -7 -5 -7 -5 -8 -5 -8 -5 -8 -5 -8 -5 -8 -6 -8 -6 -8 -6 -9 -6 -9 -7 -9 -7 -9 -7 -9 -8 -9 -8 -9 0 0 0 0 0 0 0 0 0 0
1784740923.624301,55174,-55,11,1,7,1,-95,1,645131014,128,0 0 0 0 0 0 0 0 0 0 0 0 1 0 1 0 1 0 1 0 1 0 1 0 1 0 1 0 1 0 1 0 1 0 0 0 1 1 0 1 0 1 0 1 0 1 0 1 0 2 0 2 0 2 0 2 0 2 0 3 -1 3 -1 3 0 0 -1 4 -1 4 -2 4 -2 5 -2 5 -2 5 -2 6 -2 6 -3 6 -3 7 -3 7 -3 7 -3 8 -3 8 -3 8 -3 9 -4 9 -4 10 -4 10 -4 10 -4 11 -4 11 -4 11 -4 11 -4 12 -4 12 0 0 0 0 0 0 0 0 0 0
1784740923.640090,55175,-52,11,1,7,1,-95,1,645147991,128,0 0 0 0 0 0 0 0 0 0 0 0 -3 -1 -3 -1 -3 -2 -3 -2 -3 -2 -3 -2 -3 -2 -3 -2 -3 -3 -3 -3 -2 -3 -2 -3 -2 -3 -2 -4 -2 -4 -2 -4 -2 -4 -2 -4 -1 -5 -1 -5 -1 -5 -1 -5 -1 -5 -1 -5 -1 -5 -1 -6 0 0 -1 -6 -1 -6 0 -6 -1 -6 -1 -6 -1 -7 0 -7 -1 -7 -1 -7 -1 -7 -1 -8 -1 -8 -1 -8 -1 -9 -1 -9 -1 -9 -1 -9 -2 -10 -2 -10 -2 -10 -2 -11 -2 -11 -3 -11 -2 -11 -3 -12 -3 -12 0 0 0 0 0 0 0 0 0 0
1784740923.640090,55176,-52,11,1,7,1,-95,1,645151027,128,0 0 0 0 0 0 0 0 0 0 0 0 -2 1 -2 2 -3 1 -3 1 -3 1 -3 1 -3 1 -3 1 -4 0 -4 0 -4 0 -4 0 -4 -1 -4 -1 -4 -1 -5 -1 -5 -1 -5 -1 -5 -2 -5 -2 -5 -2 -5 -2 -5 -2 -5 -3 -5 -3 -5 -3 0 0 -6 -3 -6 -3 -6 -4 -6 -3 -6 -4 -6 -4 -6 -4 -7 -3 -7 -4 -7 -3 -7 -4 -7 -4 -8 -4 -8 -4 -8 -4 -9 -4 -9 -4 -9 -3 -9 -3 -9 -3 -10 -4 -10 -4 -10 -4 -11 -4 -11 -4 -12 -4 0 0 0 0 0 0 0 0 0 0
1784740923.746028,55177,-51,11,1,7,1,-95,1,645161099,128,0 0 0 0 0 0 0 0 0 0 0 0 2 2 2 2 2 2 2 2 2 3 2 2 2 3 2 3 2 3 2 3 2 4 1 4 1 4 2 4 1 4 1 5 1 5 1 5 1 5 1 5 1 6 1 6 1 6 1 6 0 6 0 7 0 0 0 7 0 7 0 7 0 7 0 7 0 7 0 7 0 8 0 8 1 8 1 8 1 8 1 8 1 8 1 9 1 9 1 9 1 9 1 9 2 10 2 10 2 10 2 10 2 11 2 11 3 11 0 0 0 0 0 0 0 0 0 0
1784740923.753734,55178,-49,11,1,7,1,-95,1,645253641,128,0 0 0 0 0 0 0 0 0 0 0 0 -3 4 -3 3 -4 4 -4 3 -4 4 -4 4 -5 4 -5 4 -5 4 -6 4 -6 3 -6 3 -7 3 -7 3 -7 3 -7 3 -7 3 -8 4 -7 3 -7 3 -8 4 -8 4 -8 4 -8 3 -8 3 -8 3 0 0 -8 4 -9 4 -8 4 -9 4 -9 4 -9 4 -9 4 -9 5 -9 5 -10 5 -9 5 -9 5 -9 5 -9 4 -9 6 -9 5 -10 5 -9 5 -9 6 -9 6 -9 6 -9 6 -10 6 -9 6 -9 6 -9 6 0 0 0 0 0 0 0 0 0 0
1784740923.753734,55179,-49,11,1,7,1,-95,1,645253986,128,0 0 0 0 0 0 0 0 0 0 0 0 3 3 3 3 3 4 3 4 2 4 3 5 3 5 2 5 2 5 2 6 2 6 2 6 1 6 1 7 2 7 1 7 1 7 1 7 1 7 1 7 1 7 1 8 1 8 1 8 1 8 1 8 0 0 1 8 2 9 1 9 1 9 2 9 2 9 2 9 2 9 2 9 2 10 1 10 2 9 1 9 1 9 2 10 2 10 2 10 2 10 2 10 3 10 3 10 3 10 3 10 2 10 3 10 3 10 0 0 0 0 0 0 0 0 0 0
1784740923.753734,55180,-49,11,1,6,1,-95,1,645255672,128,0 0 0 0 0 0 0 0 0 0 0 0 -3 4 -4 4 -4 4 -4 4 -5 4 -5 4 -5 4 -6 4 -6 4 -6 4 -7 4 -7 4 -7 3 -7 4 -7 4 -8 3 -8 4 -8 3 -8 3 -8 3 -8 3 -8 4 -8 4 -8 4 -8 4 -9 4 0 0 -9 4 -9 4 -9 4 -10 4 -9 5 -9 5 -10 5 -10 5 -10 5 -10 5 -10 5 -10 5 -10 5 -10 5 -10 5 -10 5 -10 5 -10 6 -10 6 -10 6 -10 6 -10 6 -9 6 -10 6 -10 7 -10 7 0 0 0 0 0 0 0 0 0 0
1784740923.753734,55181,-49,11,1,6,1,-95,1,645257229,128,0 0 0 0 0 0 0 0 0 0 0 0 4 2 4 2 4 2 4 3 4 3 5 3 4 3 5 4 4 4 5 4 5 4 5 5 5 5 4 5 4 5 4 5 4 6 4 6 4 6 4 6 5 6 4 6 5 6 5 6 5 6 5 6 0 0 5 7 6 7 5 7 5 7 6 7 6 7 6 7 6 7 6 8 6 7 6 7 6 7 6 7 6 8 6 7 6 8 6 7 7 7 7 8 7 7 7 7 7 7 7 7 7 7 7 7 8 7 0 0 0 0 0 0 0 0 0 0
1784740923.753734,55182,-48,11,1,6,1,-95,1,645262581,128,0 0 0 0 0 0 0 0 0 0 0 0 -3 -5 -3 -5 -3 -6 -3 -6 -3 -6 -2 -6 -3 -7 -2 -7 -2 -7 -2 -8 -2 -8 -2 -8 -1 -8 -1 -8 -1 -8 -1 -9 -1 -8 -1 -9 -1 -9 -1 -9 -1 -9 -1 -9 -1 -9 -1 -9 -1 -9 -1 -9 0 0 -1 -9 -2 -9 -2 -9 -2 -10 -2 -10 -2 -10 -2 -10 -2 -11 -2 -11 -2 -11 -2 -11 -2 -11 -2 -11 -2 -11 -3 -11 -3 -11 -2 -12 -2 -11 -2 -11 -2 -11 -2 -11 -3 -11 -2 -12 -2 -12 -3 -11 -3 -11 0 0 0 0 0 0 0 0 0 0
1784740923.767693,55183,-47,11,1,6,1,-95,1,645272278,128,0 0 0 0 0 0 0 0 0 0 0 0 3 5 2 6 2 6 2 6 1 6 1 7 1 7 1 7 1 7 1 7 1 8 1 8 0 8 0 8 0 8 -1 8 -1 9 -1 8 -1 9 -1 8 0 8 -1 9 0 8 0 8 0 9 0 9 0 0 0 9 0 9 0 9 0 8 0 9 0 9 1 9 1 10 1 10 1 9 1 10 2 10 1 10 2 10 1 10 1 10 2 10 2 10 2 10 2 10 2 10 2 10 2 9 2 9 3 9 3 10 0 0 0 0 0 0 0 0 0 0
1784740923.783553,55184,-47,11,1,6,1,-95,1,645282506,128,0 0 0 0 0 0 0 0 0 0 0 0 3 5 2 6 2 6 1 7 1 7 1 7 1 7 1 7 1 8 1 8 0 8 0 8 0 9 0 9 0 9 -1 9 -1 9 -1 9 -1 9 -2 9 -1 9 -2 9 -1 9 -2 9 -1 9 -2 10 0 0 -2 10 -2 10 -2 10 -1 10 -1 9 -1 10 -1 10 -1 10 -1 10 0 10 0 10 0 10 0 10 0 10 0 10 0 10 0 10 0 10 0 10 0 10 0 10 0 10 1 10 1 10 1 10 1 10 0 0 0 0 0 0 0 0 0 0
1784740923.783553,55185,-47,11,1,6,1,-95,1,645292451,128,0 0 0 0 0 0 0 0 0 0 0 0 -6 3 -6 3 -7 3 -7 2 -7 3 -7 3 -7 3 -8 2 -8 3 -8 2 -9 2 -8 2 -9 2 -9 2 -9 2 -10 2 -9 2 -10 2 -10 2 -10 2 -10 2 -10 2 -11 2 -11 1 -10 1 -11 1 0 0 -11 1 -11 2 -10 2 -11 2 -11 2 -11 2 -11 3 -11 2 -11 2 -12 3 -12 3 -12 3 -11 3 -11 2 -12 3 -11 3 -12 3 -12 3 -12 4 -12 4 -12 4 -11 4 -12 4 -12 4 -12 4 -12 4 0 0 0 0 0 0 0 0 0 0
1784740923.783553,55186,-47,11,1,6,1,-95,1,645302399,128,0 0 0 0 0 0 0 0 0 0 0 0 -1 6 -2 7 -2 6 -3 7 -3 6 -3 7 -3 6 -3 7 -4 7 -3 7 -4 7 -4 7 -4 7 -5 7 -5 8 -5 7 -5 8 -5 7 -5 8 -5 7 -5 8 -6 7 -5 7 -5 7 -6 8 -6 8 0 0 -6 8 -5 8 -6 8 -5 8 -5 8 -5 8 -5 8 -5 8 -5 9 -5 9 -5 9 -5 9 -5 9 -5 10 -5 9 -5 10 -4 9 -5 10 -4 10 -4 10 -4 10 -4 10 -4 10 -4 10 -4 10 -4 11 0 0 0 0 0 0 0 0 0 0
1784740923.799225,55187,-46,11,1,6,1,-95,1,645312350,128,0 0 0 0 0 0 0 0 0 0 0 0 7 1 7 1 7 2 7 2 7 2 7 2 7 3 8 3 8 3 8 3 7 3 8 4 8 4 8 4 8 4 8 5 8 5 8 5 7 5 8 5 8 5 8 5 8 5 7 5 8 5 8 5 0 0 7 5 8 6 8 5 8 5 7 5 8 5 8 5 8 5 8 5 9 5 9 4 9 4 9 4 9 4 9 5 9 4 9 4 9 4 9 4 9 4 10 4 10 4 10 4 9 3 10 3 10 3 0 0 0 0 0 0 0 0 0 0
1784740923.815241,55188,-45,11,1,6,1,-95,1,645322429,128,0 0 0 0 0 0 0 0 0 0 0 0 -2 8 -2 7 -3 7 -3 7 -3 7 -3 7 -4 8 -4 8 -4 8 -4 8 -4 8 -5 7 -5 8 -5 8 -5 8 -5 8 -5 8 -6 8 -6 8 -6 8 -6 8 -6 8 -6 8 -6 7 -6 8 -6 8 0 0 -6 8 -6 8 -5 8 -5 8 -5 8 -5 8 -5 8 -5 9 -5 9 -5 9 -4 9 -4 9 -4 9 -4 9 -4 10 -4 10 -4 10 -4 10 -3 10 -3 10 -3 10 -3 10 -3 10 -3 10 -3 10 -3 10 0 0 0 0 0 0 0 0 0 0
1784740923.815241,55189,-46,11,1,6,1,-95,1,645332406,128,0 0 0 0 0 0 0 0 0 0 0 0 -1 -8 -1 -9 -1 -8 0 -9 0 -8 0 -9 0 -9 0 -9 1 -9 1 -9 1 -9 1 -9 1 -9 1 -10 2 -10 2 -9 2 -10 2 -9 3 -10 2 -9 2 -10 3 -10 2 -9 3 -9 3 -9 2 -10 0 0 3 -9 2 -9 2 -9 2 -9 2 -9 2 -10 2 -10 1 -10 2 -10 1 -10 1 -10 1 -11 1 -11 1 -11 1 -11 1 -12 1 -11 0 -12 0 -12 0 -12 0 -12 0 -12 0 -12 0 -12 0 -12 0 -13 0 0 0 0 0 0 0 0 0 0
1784740923.831367,55190,-45,11,1,6,1,-95,1,645346036,128,0 0 0 0 0 0 0 0 0 0 0 0 -1 -8 -1 -7 0 -7 0 -8 0 -8 0 -8 1 -8 1 -8 1 -8 2 -8 2 -9 2 -9 3 -9 2 -9 2 -9 3 -9 3 -9 3 -9 3 -9 3 -9 3 -9 4 -9 4 -9 4 -9 4 -9 4 -9 0 0 3 -9 3 -9 3 -9 3 -9 3 -9 3 -10 2 -10 2 -10 2 -10 2 -10 2 -11 2 -10 2 -10 2 -11 2 -11 1 -11 2 -12 2 -12 2 -12 2 -12 2 -12 2 -12 2 -13 3 -13 2 -13 2 -13 0 0 0 0 0 0 0 0 0 0
1784740923.850473,55191,-45,11,1,6,1,-95,1,645352605,128,0 0 0 0 0 0 0 0 0 0 0 0 3 -5 4 -5 4 -5 5 -5 5 -5 5 -5 5 -5 5 -5 6 -6 6 -5 6 -5 7 -5 7 -5 8 -5 8 -5 8 -5 8 -5 8 -5 8 -5 8 -4 8 -4 8 -4 8 -4 8 -4 8 -4 9 -4 0 0 8 -4 8 -4 8 -4 8 -5 8 -5 8 -5 8 -5 8 -6 8 -6 8 -6 8 -6 8 -6 8 -7 9 -7 8 -7 9 -7 9 -7 9 -8 9 -8 9 -8 9 -8 9 -8 9 -8 9 -8 9 -9 10 -9 0 0 0 0 0 0 0 0 0 0
1784740923.850473,55192,-45,11,1,6,1,-95,1,645362510,128,0 0 0 0 0 0 0 0 0 0 0 0 -1 5 -2 6 -2 6 -3 6 -3 6 -3 6 -3 6 -3 7 -4 7 -4 7 -4 7 -4 7 -5 7 -5 7 -5 8 -6 7 -6 8 -6 7 -7 7 -7 7 -6 7 -7 7 -6 7 -6 7 -7 8 -7 8 0 0 -6 8 -6 8 -7 8 -6 8 -6 8 -6 8 -6 8 -6 9 -6 9 -6 9 -5 10 -5 10 -5 10 -5 11 -5 11 -6 11 -5 11 -6 11 -6 11 -6 12 -6 12 -6 12 -5 12 -5 12 -5 13 -6 13 0 0 0 0 0 0 0 0 0 0
1784740923.869335,55193,-45,11,1,6,1,-95,1,645372340,128,0 0 0 0 0 0 0 0 0 0 0 0 3 -5 4 -5 5 -5 5 -4 5 -4 5 -4 5 -5 5 -5 6 -4 6 -4 7 -4 7 -4 7 -4 8 -3 8 -4 8 -4 8 -4 9 -4 8 -4 9 -4 9 -4 9 -4 9 -4 9 -3 9 -3 9 -3 0 0 9 -4 9 -4 9 -4 9 -4 9 -5 9 -5 9 -5 10 -5 9 -5 10 -6 10 -5 10 -6 10 -6 10 -6 11 -7 10 -7 11 -7 11 -7 11 -7 11 -8 11 -7 11 -8 12 -8 12 -7 12 -7 12 -8 0 0 0 0 0 0 0 0 0 0
1784740923.869963,55194,-44,11,1,7,1,-95,1,645381418,128,0 0 0 0 0 0 0 0 0 0 0 0 6 -2 6 -2 6 -1 6 -1 7 -1 7 -1 7 -1 7 -1 7 -1 8 0 8 0 8 1 9 1 8 1 9 1 9 2 9 1 10 2 9 2 10 2 10 2 9 2 10 3 10 3 10 3 9 3 0 0 10 3 10 3 9 2 10 2 10 2 10 2 10 2 11 2 11 2 12 1 11 1 11 1 11 1 11 1 12 1 12 1 12 1 12 1 13 1 13 0 13 0 13 0 14 1 13 1 13 1 13 1 0 0 0 0 0 0 0 0 0 0
1784740923.879398,55195,-44,11,1,6,1,-95,1,645392194,128,0 0 0 0 0 0 0 0 0 0 0 0 3 7 2 7 2 8 1 8 1 8 1 8 1 8 1 9 0 9 1 9 0 10 0 10 0 10 0 10 0 11 -1 11 -1 11 -1 11 -1 11 -2 11 -2 11 -3 11 -2 11 -2 11 -2 11 -2 11 0 0 -2 11 -2 11 -2 10 -1 10 -1 10 -1 11 -1 10 0 10 -1 11 0 11 1 11 1 11 1 11 1 11 1 11 2 11 2 11 2 12 2 12 2 12 2 12 2 12 3 12 3 12 3 12 3 12 0 0 0 0 0 0 0 0 0 0
1784740923.895350,55196,-44,11,1,7,1,-95,1,645402633,128,0 0 0 0 0 0 0 0 0 0 0 0 8 1 8 2 8 2 8 3 8 3 8 3 8 4 8 4 8 4 8 5 8 5 8 6 8 6 8 6 8 6 8 7 9 7 9 7 8 8 8 8 8 8 8 8 8 8 8 8 7 8 7 8 0 0 7 8 8 7 7 7 8 7 8 7 8 7 8 6 8 6 8 6 9 6 9 6 9 6 9 6 10 6 10 6 10 6 11 6 11 6 11 6 11 6 11 6 11 5 11 6 11 6 11 6 11 6 0 0 0 0 0 0 0 0 0 0
1784740923.895350,55197,-46,11,1,7,1,-95,1,645411097,128,0 0 0 0 0 0 0 0 0 0 0 0 -3 8 -3 7 -4 8 -4 7 -5 8 -5 7 -5 8 -5 8 -6 8 -7 8 -7 8 -7 8 -7 8 -8 8 -8 8 -8 8 -8 8 -9 8 -9 7 -9 7 -9 7 -9 7 -9 7 -9 7 -9 6 -9 7 0 0 -8 6 -8 7 -8 7 -8 8 -7 7 -7 8 -7 8 -7 9 -7 8 -7 10 -7 9 -7 9 -7 9 -7 10 -6 11 -6 11 -7 11 -7 11 -7 11 -7 12 -7 12 -6 12 -7 12 -7 12 -8 12 -7 12 0 0 0 0 0 0 0 0 0 0
1784740923.911484,55198,-47,11,1,7,1,-95,1,645421461,128,0 0 0 0 0 0 0 0 0 0 0 0 5 5 5 5 4 5 4 6 4 6 4 6 4 6 4 7 4 7 4 7 4 7 4 8 3 8 3 8 4 8 3 8 3 9 3 9 3 9 3 9 3 9 3 9 3 8 3 8 3 9 3 9 0 0 4 8 4 8 4 8 4 8 5 8 5 8 5 8 6 8 6 8 7 9 7 8 7 8 7 9 7 9 7 9 8 9 8 9 8 9 8 9 9 9 9 9 9 9 9 10 8 10 9 10 9 10 0 0 0 0 0 0 0 0 0 0
1784740923.927608,55199,-46,11,1,7,1,-95,1,645431021,128,0 0 0 0 0 0 0 0 0 0 0 0 -2 -7 -1 -7 -1 -8 -1 -7 0 -8 0 -8 0 -8 0 -8 0 -8 0 -9 0 -9 0 -9 1 -10 1 -10 1 -10 2 -10 2 -10 2 -10 2 -11 2 -11 2 -11 3 -11 2 -11 2 -11 2 -11 3 -11 0 0 2 -11 2 -11 2 -11 2 -11 2 -11 2 -11 1 -11 1 -12 2 -12 1 -12 1 -12 0 -12 1 -13 1 -13 1 -13 1 -13 0 -13 0 -13 0 -13 0 -14 0 -14 0 -14 0 -14 0 -14 0 -14 0 -14 0 0 0 0 0 0 0 0 0 0
1784740923.930419,55200,-45,11,1,7,1,-95,1,645441009,128,0 0 0 0 0 0 0 0 0 0 0 0 -7 3 -7 3 -8 2 -8 2 -8 2 -8 2 -9 2 -9 2 -9 2 -10 2 -10 1 -11 1 -11 1 -11 1 -11 1 -12 1 -11 1 -12 0 -12 0 -12 0 -12 0 -12 0 -12 0 -12 -1 -12 -1 -12 -1 0 0 -11 0 -12 0 -11 0 -12 0 -11 1 -12 1 -11 1 -12 2 -11 2 -12 2 -12 2 -12 2 -12 2 -12 2 -12 4 -12 3 -13 3 -12 4 -12 4 -12 5 -13 4 -12 5 -13 4 -13 4 -13 4 -13 4 0 0 0 0 0 0 0 0 0 0
1784740923.943581,55201,-46,11,1,7,1,-95,1,645451083,128,0 0 0 0 0 0 0 0 0 0 0 0 9 -2 9 -2 9 -1 10 -1 10 0 10 0 10 1 10 1 11 1 10 2 11 2 11 2 11 3 11 3 11 3 11 3 11 4 11 4 11 4 11 4 11 4 10 4 10 4 10 4 10 4 10 4 0 0 10 3 10 3 10 3 10 2 10 2 10 2 10 2 10 1 11 1 11 0 11 0 11 0 12 0 12 -1 11 -1 13 -1 12 -1 12 -2 13 -2 13 -2 13 -2 13 -2 13 -2 13 -2 13 -2 14 -2 0 0 0 0 0 0 0 0 0 0
1784740923.959406,55202,-47,11,1,6,1,-95,1,645462218,128,0 0 0 0 0 0 0 0 0 0 0 0 7 -7 8 -7 8 -6 8 -6 9 -5 9 -5 9 -5 9 -5 10 -5 10 -4 10 -4 10 -3 10 -3 10 -3 10 -3 10 -3 10 -3 10 -3 10 -3 10 -2 9 -3 9 -3 9 -3 9 -3 8 -3 8 -3 0 0 8 -4 8 -5 7 -5 8 -6 7 -6 7 -6 7 -7 8 -7 7 -8 8 -8 8 -9 7 -9 7 -9 8 -9 8 -10 8 -11 8 -11 9 -11 8 -11 8 -12 9 -12 8 -12 9 -12 10 -12 10 -12 10 -13 0 0 0 0 0 0 0 0 0 0
1784740923.959406,55203,-47,11,1,6,1,-95,1,645473011,128,0 0 0 0 0 0 0 0 0 0 0 0 -3 -9 -2 -9 -2 -9 -1 -9 -1 -9 -1 -9 -1 -9 -1 -9 0 -9 0 -9 0 -9 0 -9 0 -9 0 -9 0 -9 0 -10 1 -10 1 -9 1 -10 1 -9 0 -10 1 -9 0 -9 0 -9 0 -9 0 -10 0 0 -1 -10 -1 -10 -1 -10 -1 -10 -2 -10 -2 -11 -2 -11 -2 -11 -2 -11 -3 -12 -3 -12 -4 -12 -3 -12 -4 -13 -3 -13 -3 -14 -3 -13 -4 -14 -4 -14 -3 -14 -4 -15 -4 -15 -4 -15 -3 -15 -3 -15 -3 -16 0 0 0 0 0 0 0 0 0 0
1784740923.977918,55204,-46,11,1,6,1,-95,1,645481057,128,0 0 0 0 0 0 0 0 0 0 0 0 6 0 6 0 6 0 6 1 6 1 6 1 7 1 7 1 7 1 7 2 7 2 7 2 7 2 7 2 8 2 7 3 8 3 8 3 8 3 8 3 8 2 8 3 8 3 8 3 8 3 8 3 0 0 9 3 9 2 9 3 9 2 9 2 10 2 10 2 10 2 11 2 11 2 11 2 11 2 11 2 11 2 12 2 12 2 12 2 13 2 12 1 13 1 13 2 13 2 13 2 13 3 13 2 14 3 0 0 0 0 0 0 0 0 0 0
1784740923.979517,55205,-44,11,1,6,1,-95,1,645490988,128,0 0 0 0 0 0 0 0 0 0 0 0 -5 5 -5 5 -5 5 -6 5 -6 5 -6 5 -6 5 -7 5 -7 5 -7 5 -7 5 -8 5 -8 5 -9 5 -9 5 -9 5 -9 5 -10 5 -10 4 -10 4 -10 4 -10 4 -10 5 -10 4 -10 4 -10 4 0 0 -10 5 -10 5 -10 5 -10 5 -10 5 -10 5 -10 6 -10 6 -10 6 -10 7 -10 7 -10 7 -10 7 -10 7 -10 7 -11 8 -11 8 -11 8 -11 8 -11 8 -11 8 -11 9 -11 9 -11 9 -11 9 -12 9 0 0 0 0 0 0 0 0 0 0
1784740923.991903,55206,-43,11,1,5,1,-95,1,645505058,128,0 0 0 0 0 0 0 0 0 0 0 0 -8 5 -8 5 -9 4 -10 3 -9 3 -10 3 -9 3 -10 3 -11 3 -11 2 -11 2 -11 2 -11 2 -12 2 -12 2 -12 1 -12 1 -12 1 -12 1 -12 0 -12 1 -12 0 -12 1 -12 0 -11 0 -12 1 0 0 -12 1 -12 1 -12 1 -11 1 -11 2 -12 2 -12 2 -11 2 -12 2 -12 3 -12 3 -12 3 -12 3 -13 4 -12 4 -13 4 -12 4 -13 4 -13 5 -13 5 -13 5 -14 5 -13 5 -14 5 -14 5 -14 5 0 0 0 0 0 0 0 0 0 0
1784740924.007744,55207,-44,11,1,6,1,-95,1,645511223,128,0 0 0 0 0 0 0 0 0 0 0 0 -9 1 -10 0 -10 0 -10 -1 -10 -1 -11 -1 -10 -1 -11 -1 -10 -2 -10 -2 -10 -2 -11 -3 -11 -3 -11 -3 -11 -3 -11 -4 -11 -4 -11 -4 -11 -4 -11 -4 -11 -4 -11 -4 -11 -4 -11 -4 -11 -4 -11 -4 0 0 -11 -3 -11 -3 -11 -3 -11 -3 -11 -2 -11 -2 -11 -2 -12 -2 -12 -2 -12 -1 -12 -1 -12 -1 -12 -1 -13 0 -12 0 -13 0 -13 0 -13 0 -14 0 -14 1 -14 1 -14 1 -14 1 -14 1 -14 1 -15 1 0 0 0 0 0 0 0 0 0 0
1784740924.007744,55208,-45,11,1,6,1,-95,1,645521111,128,0 0 0 0 0 0 0 0 0 0 0 0 -3 7 -4 7 -4 7 -5 7 -5 7 -5 7 -5 7 -6 7 -6 7 -6 7 -7 7 -7 7 -7 7 -7 7 -7 7 -8 7 -8 7 -8 7 -8 7 -8 7 -8 7 -8 6 -9 7 -8 6 -8 6 -8 6 0 0 -8 6 -8 7 -8 6 -8 7 -7 7 -7 7 -7 8 -7 8 -7 8 -7 9 -7 9 -7 9 -7 9 -7 9 -7 10 -7 10 -7 10 -7 10 -7 10 -7 11 -7 11 -7 11 -8 11 -8 11 -8 11 -8 11 0 0 0 0 0 0 0 0 0 0
1784740924.023962,55209,-45,11,1,6,1,-95,1,645531249,128,0 0 0 0 0 0 0 0 0 0 0 0 -6 -6 -6 -6 -5 -7 -5 -7 -5 -8 -5 -8 -5 -8 -5 -8 -5 -8 -4 -9 -4 -9 -4 -9 -4 -10 -4 -10 -4 -10 -4 -10 -4 -11 -4 -10 -4 -11 -3 -11 -3 -10 -3 -10 -3 -10 -3 -10 -3 -10 -3 -10 0 0 -4 -10 -4 -10 -4 -10 -4 -10 -5 -10 -5 -10 -5 -10 -6 -10 -6 -10 -6 -10 -6 -10 -7 -10 -7 -10 -7 -11 -7 -11 -8 -11 -7 -11 -8 -11 -8 -11 -8 -12 -8 -12 -9 -12 -8 -12 -8 -12 -8 -12 -8 -13 0 0 0 0 0 0 0 0 0 0
1784740924.030455,55210,-45,11,1,6,1,-95,1,645541044,128,0 0 0 0 0 0 0 0 0 0 0 0 7 -3 8 -2 8 -1 8 -1 8 -1 8 -1 9 0 8 0 9 0 9 0 9 0 9 0 9 1 9 1 10 1 9 2 9 2 9 2 9 2 9 2 9 2 9 2 9 2 9 2 9 1 9 1 0 0 9 1 9 1 9 1 9 0 9 0 10 0 10 0 10 -1 10 -1 10 -2 11 -2 11 -2 11 -2 12 -2 11 -2 12 -2 12 -2 13 -3 13 -2 13 -2 13 -3 13 -2 13 -2 13 -3 13 -3 14 -3 0 0 0 0 0 0 0 0 0 0
1784740924.040052,55211,-45,11,1,6,1,-95,1,645551145,128,0 0 0 0 0 0 0 0 0 0 0 0 -9 3 -9 2 -9 2 -9 2 -10 1 -10 1 -10 1 -10 1 -10 1 -10 0 -10 0 -10 0 -11 -1 -10 -1 -11 -1 -11 -1 -11 -1 -11 -1 -11 -1 -11 -1 -11 -1 -11 -1 -11 -1 -10 -1 -10 -1 -10 -1 0 0 -10 0 -10 1 -10 0 -10 1 -10 1 -10 2 -10 2 -10 2 -10 3 -11 3 -11 3 -11 3 -11 4 -11 4 -12 5 -11 5 -12 5 -12 5 -12 5 -13 6 -13 5 -13 6 -13 5 -14 5 -13 5 -14 5 0 0 0 0 0 0 0 0 0 0
1784740924.055917,55212,-46,11,1,6,1,-95,1,645560977,128,0 0 0 0 0 0 0 0 0 0 0 0 1 -9 1 -9 2 -9 3 -9 3 -9 3 -9 3 -9 3 -9 3 -9 4 -9 4 -8 5 -9 5 -8 5 -8 5 -9 5 -8 5 -8 5 -8 5 -8 5 -8 5 -8 5 -8 5 -8 5 -7 5 -7 5 -8 0 0 4 -8 4 -8 4 -8 3 -8 3 -9 3 -9 3 -9 2 -9 2 -10 2 -10 2 -10 2 -11 2 -11 2 -11 2 -12 2 -12 2 -12 2 -13 2 -13 2 -13 2 -13 2 -13 2 -13 3 -14 2 -14 2 -14 0 0 0 0 0 0 0 0 0 0
1784740924.055917,55213,-46,11,1,6,1,-95,1,645570960,128,0 0 0 0 0 0 0 0 0 0 0 0 0 -8 0 -9 1 -8 1 -9 1 -8 2 -9 2 -8 2 -9 3 -9 2 -9 2 -9 3 -9 3 -9 3 -9 4 -10 4 -9 4 -9 4 -9 4 -9 5 -9 4 -9 5 -8 4 -9 4 -9 4 -9 4 -9 0 0 4 -9 3 -8 4 -9 3 -9 3 -9 3 -9 3 -10 2 -10 2 -10 2 -10 1 -11 1 -11 1 -11 2 -12 2 -12 2 -13 2 -12 1 -13 2 -13 2 -13 1 -14 2 -13 1 -13 1 -14 1 -14 1 -14 0 0 0 0 0 0 0 0 0 0
1784740924.071814,55214,-45,11,1,6,1,-95,1,645581070,128,0 0 0 0 0 0 0 0 0 0 0 0 -9 1 -9 1 -9 0 -9 0 -10 -1 -9 -1 -10 -1 -10 -1 -10 -2 -11 -2 -10 -2 -11 -3 -11 -3 -11 -3 -11 -3 -11 -4 -11 -4 -11 -4 -11 -5 -11 -5 -11 -5 -10 -5 -11 -5 -10 -5 -10 -5 -10 -5 0 0 -10 -4 -10 -4 -10 -3 -11 -3 -10 -3 -10 -3 -11 -2 -11 -2 -11 -2 -12 -2 -12 -2 -12 -1 -12 -1 -12 -1 -13 -1 -13 -1 -13 -1 -13 -1 -13 -1 -14 0 -14 0 -14 0 -14 -1 -14 -1 -14 0 -14 0 0 0 0 0 0 0 0 0 0 0
1784740924.087914,55215,-46,11,1,6,1,-95,1,645591073,128,0 0 0 0 0 0 0 0 0 0 0 0 5 -6 6 -6 6 -6 7 -5 7 -5 8 -5 7 -5 8 -5 8 -5 8 -5 8 -4 9 -4 9 -4 9 -4 10 -4 9 -3 10 -3 10 -3 10 -3 10 -3 10 -3 10 -3 9 -3 9 -3 9 -3 9 -3 0 0 9 -3 9 -4 9 -4 8 -4 8 -5 8 -5 8 -5 8 -5 9 -6 9 -6 8 -6 8 -7 9 -7 9 -7 9 -8 9 -8 9 -8 9 -8 9 -9 10 -9 10 -9 10 -9 10 -9 10 -9 10 -9 10 -10 0 0 0 0 0 0 0 0 0 0
1784740924.093172,55216,-47,11,1,6,1,-95,1,645600985,128,0 0 0 0 0 0 0 0 0 0 0 0 -4 -7 -4 -7 -3 -8 -3 -8 -3 -8 -3 -8 -3 -8 -3 -8 -3 -9 -3 -8 -2 -9 -2 -9 -2 -9 -2 -9 -2 -9 -2 -9 -2 -9 -2 -9 -2 -9 -2 -9 -2 -9 -2 -9 -2 -9 -2 -9 -2 -9 -2 -9 0 0 -3 -9 -3 -9 -3 -9 -3 -9 -4 -9 -4 -10 -4 -9 -5 -9 -5 -10 -6 -10 -6 -10 -6 -10 -6 -11 -6 -11 -6 -11 -6 -12 -7 -12 -7 -12 -7 -12 -7 -12 -7 -13 -7 -13 -7 -13 -7 -13 -8 -13 -8 -13 0 0 0 0 0 0 0 0 0 0
1784740924.107337,55217,-47,11,1,6,1,-95,1,645611041,128,0 0 0 0 0 0 0 0 0 0 0 0 -1 -8 0 -8 0 -8 1 -8 1 -8 1 -8 1 -8 2 -8 2 -8 2 -8 2 -8 3 -8 3 -8 3 -8 3 -8 3 -8 3 -8 3 -9 3 -9 3 -9 3 -9 3 -8 3 -9 3 -8 3 -8 3 -9 0 0 3 -9 2 -9 2 -9 3 -10 2 -10 2 -10 2 -10 2 -11 2 -10 2 -12 2 -11 2 -11 2 -11 2 -12 2 -13 1 -13 2 -13 2 -13 2 -13 2 -14 2 -13 2 -14 3 -14 3 -14 3 -14 3 -14 0 0 0 0 0 0 0 0 0 0
1784740924.108014,55218,-46,11,1,6,1,-95,1,645621089,128,0 0 0 0 0 0 0 0 0 0 0 0 -8 2 -8 2 -9 1 -9 1 -9 1 -9 1 -9 0 -9 0 -9 0 -9 0 -9 -1 -9 -1 -10 -1 -10 -1 -10 -1 -10 -2 -10 -2 -9 -2 -10 -2 -10 -2 -10 -2 -10 -2 -9 -2 -9 -2 -10 -2 -10 -2 0 0 -10 -1 -10 -1 -10 -1 -10 -1 -10 0 -10 0 -10 0 -11 0 -11 0 -11 1 -11 0 -11 1 -12 1 -12 1 -11 1 -13 1 -12 1 -12 1 -13 1 -13 1 -13 1 -13 1 -13 1 -13 1 -13 1 -14 2 0 0 0 0 0 0 0 0 0 0
1784740924.119986,55219,-45,11,1,6,1,-95,1,645630989,128,0 0 0 0 0 0 0 0 0 0 0 0 2 7 2 7 1 8 0 8 0 8 0 8 0 8 0 8 0 8 -1 8 -1 8 -1 8 -1 8 -2 9 -1 9 -1 9 -2 8 -2 9 -2 9 -2 9 -2 9 -2 9 -2 9 -2 8 -2 9 -2 9 0 0 -1 9 -1 9 -1 9 0 9 0 9 0 9 0 9 1 10 1 10 1 10 1 10 1 10 1 10 1 10 2 11 2 11 2 12 2 12 2 11 2 12 2 12 3 12 3 12 2 12 2 12 3 12 0 0 0 0 0 0 0 0 0 0
1784740924.135790,55220,-44,11,1,6,1,-95,1,645640951,128,0 0 0 0 0 0 0 0 0 0 0 0 6 -2 6 -2 6 -2 6 -1 6 -1 6 -1 6 -1 6 -1 7 -1 7 -1 7 0 7 0 7 0 8 0 8 0 8 0 8 0 8 0 8 0 8 0 8 0 9 0 9 1 8 1 8 1 9 1 0 0 9 0 9 -1 8 0 9 -1 9 -1 9 -1 9 -1 10 -2 10 -2 11 -2 10 -1 10 -1 10 -2 11 -2 11 -3 11 -3 12 -3 12 -3 11 -3 12 -3 12 -3 12 -4 13 -3 13 -3 13 -3 13 -3 0 0 0 0 0 0 0 0 0 0
1784740924.135790,55221,-43,11,1,6,1,-95,1,645653131,128,0 0 0 0 0 0 0 0 0 0 0 0 -4 2 -5 2 -5 2 -5 2 -5 1 -5 1 -6 1 -6 1 -6 1 -6 1 -7 1 -7 1 -7 0 -7 0 -7 0 -7 0 -7 0 -7 0 -7 0 -8 0 -7 0 -8 0 -7 0 -8 -1 -7 -1 -8 -1 0 0 -8 0 -8 0 -8 0 -8 0 -8 0 -8 0 -8 0 -8 1 -8 1 -9 1 -9 1 -9 1 -9 1 -9 1 -9 2 -9 2 -10 1 -10 2 -10 2 -10 2 -10 2 -10 2 -10 2 -10 2 -10 2 -10 2 0 0 0 0 0 0 0 0 0 0
1784740924.151840,55222,-43,11,1,6,1,-95,1,645660994,128,0 0 0 0 0 0 0 0 0 0 0 0 -2 -7 -2 -7 -1 -7 -1 -7 -1 -8 -1 -8 -1 -8 0 -8 0 -8 0 -9 0 -9 1 -9 1 -9 1 -9 1 -10 2 -9 1 -10 1 -10 1 -10 2 -9 2 -10 2 -10 2 -10 2 -9 2 -9 2 -10 0 0 1 -10 2 -10 1 -10 1 -10 1 -10 1 -10 0 -10 0 -11 0 -11 0 -11 0 -11 0 -11 0 -12 -1 -12 -1 -12 -1 -13 -1 -13 -1 -13 -1 -13 -2 -14 -2 -13 -2 -14 -1 -14 -1 -14 -1 -14 -2 -14 0 0 0 0 0 0 0 0 0 0
1784740924.167974,55223,-44,11,1,6,1,-95,1,645671069,128,0 0 0 0 0 0 0 0 0 0 0 0 -1 7 -2 7 -2 7 -3 7 -3 7 -3 7 -3 7 -4 7 -4 7 -4 7 -5 7 -5 7 -5 7 -5 7 -5 7 -5 7 -5 8 -6 7 -6 7 -6 7 -6 7 -6 7 -6 7 -6 7 -6 7 -6 7 0 0 -5 7 -5 7 -5 8 -5 8 -5 8 -5 8 -4 8 -4 8 -4 9 -4 9 -4 9 -4 9 -4 9 -4 10 -4 10 -4 11 -4 10 -4 11 -3 11 -4 12 -4 12 -3 12 -4 12 -4 12 -4 12 -4 13 0 0 0 0 0 0 0 0 0 0
1784740924.167974,55224,-46,11,1,6,1,-95,1,645680956,128,0 0 0 0 0 0 0 0 0 0 0 0 2 7 2 8 1 8 1 8 1 8 0 9 0 8 0 9 -1 9 -1 8 -1 9 -1 9 -1 8 -1 9 -2 8 -2 8 -3 9 -2 8 -2 8 -3 8 -2 8 -2 8 -2 8 -2 8 -2 7 -2 8 0 0 -1 7 -1 7 -1 8 0 7 0 7 0 7 1 7 1 8 1 8 2 8 2 8 2 8 3 8 3 9 3 9 3 9 3 9 4 10 4 10 4 10 4 11 4 11 5 11 4 11 5 11 5 11 0 0 0 0 0 0 0 0 0 0
1784740924.183794,55225,-48,11,1,7,1,-95,1,645692387,128,0 0 0 0 0 0 0 0 0 0 0 0 5 -7 5 -7 6 -6 6 -6 6 -5 6 -5 6 -5 7 -5 7 -5 7 -4 7 -4 7 -4 7 -4 7 -4 7 -4 7 -3 7 -3 7 -3 7 -3 7 -3 7 -3 7 -3 6 -3 6 -3 6 -3 6 -4 0 0 5 -4 5 -4 5 -5 5 -5 5 -5 5 -6 4 -6 4 -6 4 -7 4 -7 4 -8 4 -8 4 -8 5 -9 5 -9 5 -10 5 -9 5 -10 5 -11 5 -11 5 -11 6 -11 6 -11 6 -11 6 -12 6 -12 0 0 0 0 0 0 0 0 0 0
1784740924.183794,55226,-48,11,1,7,1,-95,1,645701129,128,0 0 0 0 0 0 0 0 0 0 0 0 -4 6 -4 6 -5 6 -5 6 -6 5 -6 5 -6 5 -6 5 -6 5 -6 5 -7 5 -7 4 -7 4 -7 4 -7 4 -7 4 -7 4 -7 4 -7 4 -7 4 -7 4 -6 4 -6 4 -6 4 -6 4 -6 4 0 0 -6 5 -5 5 -5 5 -5 6 -5 6 -5 6 -4 7 -5 7 -4 8 -5 8 -5 9 -4 9 -5 9 -5 10 -5 10 -5 11 -5 11 -5 11 -5 11 -5 12 -6 12 -6 13 -6 13 -7 12 -7 13 -7 13 0 0 0 0 0 0 0 0 0 0
1784740924.199655,55227,-47,11,1,6,1,-95,1,645712378,128,0 0 0 0 0 0 0 0 0 0 0 0 6 -3 6 -2 7 -2 6 -1 7 -1 7 -1 7 -1 7 -1 7 -1 7 0 7 0 7 0 7 0 8 0 7 0 8 0 7 0 8 0 7 0 8 0 8 0 8 0 8 0 8 0 8 0 8 0 0 0 8 -1 8 -2 8 -2 9 -2 8 -2 9 -2 9 -3 9 -3 9 -3 11 -3 10 -4 11 -4 11 -4 11 -4 12 -5 12 -5 13 -4 12 -4 13 -4 13 -5 13 -4 14 -5 14 -4 14 -4 14 -4 14 -4 0 0 0 0 0 0 0 0 0 0
1784740924.215558,55228,-46,11,1,6,1,-95,1,645722451,128,0 0 0 0 0 0 0 0 0 0 0 0 -7 -3 -7 -4 -7 -4 -7 -5 -7 -5 -7 -5 -7 -5 -7 -5 -7 -6 -7 -6 -7 -6 -7 -6 -7 -7 -7 -7 -7 -7 -7 -7 -7 -7 -7 -7 -7 -8 -7 -8 -7 -7 -7 -8 -7 -7 -7 -8 -7 -8 -7 -8 0 0 -8 -7 -7 -7 -8 -7 -8 -7 -8 -7 -9 -7 -9 -7 -10 -7 -10 -7 -10 -7 -10 -7 -10 -7 -11 -7 -11 -7 -11 -7 -12 -8 -11 -7 -12 -8 -12 -8 -12 -8 -12 -8 -12 -8 -12 -8 -12 -8 -13 -8 -12 -9 0 0 0 0 0 0 0 0 0 0
1784740924.215558,55229,-46,11,1,6,1,-95,1,645732489,128,0 0 0 0 0 0 0 0 0 0 0 0 4 4 4 5 4 5 3 5 3 6 3 6 3 6 3 6 3 7 3 7 2 7 3 7 2 7 2 8 2 7 2 8 2 8 2 8 2 8 2 8 2 8 2 8 2 8 2 8 2 8 2 8 0 0 3 8 3 8 3 8 3 9 3 8 4 9 4 9 4 9 4 9 5 9 5 10 5 10 5 9 5 10 6 10 5 10 5 10 6 10 6 11 6 10 6 10 6 11 6 11 6 11 6 11 6 11 0 0 0 0 0 0 0 0 0 0
1784740924.235671,55230,-46,11,1,6,1,-95,1,645742511,128,0 0 0 0 0 0 0 0 0 0 0 0 5 -2 5 -2 5 -1 5 -1 5 -1 6 -1 6 -1 6 -1 6 -1 6 0 6 0 6 0 6 0 6 0 6 0 6 0 7 0 6 1 7 1 7 0 7 0 7 0 7 0 7 1 7 1 7 0 0 0 8 0 8 0 8 0 8 0 9 0 9 -1 9 -1 9 -1 9 -1 10 -1 10 -1 10 -1 10 -1 11 -1 11 -1 11 -1 11 -1 12 -1 12 -1 12 -1 12 -1 13 -1 12 0 12 0 12 -1 13 -1 0 0 0 0 0 0 0 0 0 0
1784740924.251952,55231,-45,11,1,6,1,-95,1,645755953,128,0 0 0 0 0 0 0 0 0 0 0 0 -1 5 -1 6 -2 6 -2 6 -2 6 -2 6 -3 6 -3 6 -3 6 -3 6 -3 6 -3 6 -3 6 -4 6 -4 6 -4 6 -4 6 -4 6 -4 7 -4 6 -4 7 -4 6 -4 7 -4 7 -4 7 -4 7 0 0 -4 8 -4 8 -4 8 -4 8 -4 9 -4 9 -4 9 -4 9 -4 9 -4 10 -3 10 -3 10 -3 11 -4 11 -4 11 -4 11 -4 11 -4 11 -5 12 -5 12 -5 12 -5 12 -4 12 -4 12 -4 12 -5 13 0 0 0 0 0 0 0 0 0 0
1784740924.251952,55232,-45,11,1,7,1,-95,1,645761123,128,0 0 0 0 0 0 0 0 0 0 0 0 -2 -7 -1 -7 -1 -7 0 -8 0 -8 0 -8 0 -8 0 -8 1 -8 1 -8 1 -8 1 -8 1 -8 1 -9 1 -9 2 -9 2 -9 2 -9 2 -9 2 -9 1 -9 2 -9 1 -9 1 -9 2 -9 2 -10 0 0 1 -10 1 -10 1 -10 1 -10 1 -10 1 -10 1 -11 1 -11 0 -11 0 -11 0 -12 0 -12 0 -12 0 -13 0 -13 1 -13 0 -13 0 -13 0 -13 0 -13 0 -14 0 -14 0 -14 1 -14 0 -14 0 -14 0 0 0 0 0 0 0 0 0 0
1784740924.263653,55233,-44,11,1,6,1,-95,1,645772376,128,0 0 0 0 0 0 0 0 0 0 0 0 7 2 7 2 7 3 7 4 7 4 7 4 7 4 7 5 7 5 7 5 7 6 7 6 7 6 6 6 7 7 6 7 7 7 6 7 7 7 7 7 7 7 7 7 6 7 6 7 6 7 6 7 0 0 7 7 7 7 7 7 7 6 7 6 7 6 8 6 8 6 8 6 8 6 9 6 9 6 9 6 9 6 9 6 10 6 9 6 10 6 10 6 11 6 11 6 10 6 10 6 11 6 10 6 11 6 0 0 0 0 0 0 0 0 0 0
1784740924.263653,55234,-45,11,1,6,1,-95,1,645782470,128,0 0 0 0 0 0 0 0 0 0 0 0 7 -3 7 -2 7 -2 8 -1 7 -1 8 -1 8 0 8 0 8 1 8 0 8 0 9 0 9 1 9 1 9 1 8 2 9 2 9 2 9 2 9 3 9 3 9 3 9 2 9 2 9 2 9 2 0 0 9 2 9 2 9 2 9 2 9 2 9 2 9 1 10 1 10 1 10 0 10 0 10 0 11 0 11 0 11 0 12 0 11 0 12 0 12 0 12 0 12 0 12 0 12 -1 13 -1 13 -1 13 -1 0 0 0 0 0 0 0 0 0 0
1784740924.279583,55235,-45,11,1,6,1,-95,1,645792284,128,0 0 0 0 0 0 0 0 0 0 0 0 3 -5 4 -6 4 -6 4 -5 4 -5 5 -5 5 -5 5 -5 5 -5 6 -5 6 -4 6 -5 6 -5 6 -4 6 -5 7 -5 7 -5 7 -5 7 -4 7 -4 7 -5 7 -5 7 -5 7 -5 7 -4 7 -5 0 0 7 -5 7 -5 7 -5 7 -6 7 -6 7 -6 7 -6 7 -6 7 -7 7 -7 8 -7 7 -7 7 -8 8 -8 8 -9 8 -8 8 -9 8 -9 8 -9 9 -10 8 -9 9 -10 9 -10 9 -9 9 -10 10 -10 0 0 0 0 0 0 0 0 0 0
1784740924.295664,55236,-45,11,1,7,1,-95,1,645801050,128,0 0 0 0 0 0 0 0 0 0 0 0 -6 3 -6 3 -6 2 -7 2 -7 2 -7 2 -7 2 -7 2 -7 2 -8 1 -8 1 -8 1 -8 0 -8 1 -8 1 -9 1 -9 0 -9 1 -9 0 -9 1 -9 1 -9 1 -9 1 -9 0 -9 0 -10 1 0 0 -10 1 -10 1 -10 1 -10 1 -10 2 -10 2 -10 2 -10 2 -10 2 -11 2 -11 2 -11 2 -11 2 -11 3 -12 3 -12 3 -12 3 -12 4 -12 4 -12 4 -12 4 -13 4 -13 4 -13 4 -13 4 -14 4 0 0 0 0 0 0 0 0 0 0
1784740924.295664,55237,-44,11,1,7,1,-95,1,645812131,128,0 0 0 0 0 0 0 0 0 0 0 0 -5 -6 -4 -6 -4 -7 -4 -7 -3 -7 -3 -7 -3 -7 -3 -8 -3 -8 -3 -8 -3 -8 -3 -8 -2 -9 -2 -9 -2 -9 -2 -9 -2 -9 -2 -9 -2 -10 -2 -10 -2 -10 -2 -10 -2 -10 -2 -10 -2 -10 -2 -10 0 0 -2 -10 -2 -10 -2 -11 -2 -10 -2 -10 -3 -11 -2 -11 -3 -11 -3 -11 -4 -11 -4 -11 -4 -11 -4 -11 -4 -11 -4 -11 -4 -12 -4 -12 -5 -12 -5 -12 -5 -12 -5 -13 -5 -13 -5 -13 -6 -12 -6 -13 -6 -13 0 0 0 0 0 0 0 0 0 0
1784740924.311694,55238,-44,11,1,5,1,-95,1,645823719,128,0 0 0 0 0 0 0 0 0 0 0 0 -7 -5 -7 -5 -7 -6 -6 -6 -7 -6 -6 -6 -6 -7 -6 -7 -6 -7 -6 -8 -6 -8 -6 -8 -6 -8 -5 -8 -6 -9 -5 -9 -5 -9 -5 -9 -5 -9 -5 -9 -6 -9 -5 -9 -5 -9 -5 -9 -5 -9 -6 -9 0 0 -6 -9 -6 -9 -6 -9 -6 -9 -6 -8 -6 -9 -7 -8 -7 -9 -7 -9 -8 -9 -8 -8 -8 -8 -8 -8 -9 -8 -9 -8 -9 -9 -9 -8 -10 -8 -10 -8 -10 -9 -10 -8 -10 -9 -11 -9 -10 -9 -11 -9 -11 -9 0 0 0 0 0 0 0 0 0 0
1784740924.327479,55239,-46,11,1,6,1,-95,1,645833310,128,0 0 0 0 0 0 0 0 0 0 0 0 -3 -8 -3 -8 -2 -9 -2 -9 -1 -9 -1 -9 0 -9 0 -9 0 -9 0 -9 0 -9 0 -10 1 -9 1 -10 1 -10 1 -9 2 -10 1 -9 2 -10 2 -9 2 -9 2 -10 1 -9 2 -10 1 -9 1 -10 0 0 1 -10 1 -10 1 -10 1 -9 0 -10 0 -10 0 -10 0 -10 0 -11 -1 -11 -1 -11 -1 -11 -2 -11 -1 -12 -1 -12 -2 -12 -2 -12 -2 -13 -2 -13 -2 -13 -2 -13 -2 -14 -2 -13 -2 -14 -3 -14 -3 -15 0 0 0 0 0 0 0 0 0 0
1784740924.330899,55240,-46,11,1,6,1,-95,1,645842568,128,0 0 0 0 0 0 0 0 0 0 0 0 6 -5 7 -5 7 -4 7 -4 7 -4 8 -4 8 -3 8 -3 8 -3 8 -2 8 -3 8 -2 9 -2 9 -2 9 -2 9 -1 9 -1 9 -1 9 -1 9 -1 9 -2 9 -1 9 -2 9 -1 9 -2 9 -2 0 0 9 -2 9 -2 9 -2 9 -2 9 -3 9 -3 9 -3 9 -4 9 -4 10 -4 9 -4 10 -5 10 -4 10 -5 10 -5 11 -5 11 -5 11 -6 11 -6 12 -6 12 -6 12 -6 12 -6 12 -6 12 -6 13 -7 0 0 0 0 0 0 0 0 0 0
1784740924.343452,55241,-46,11,1,6,1,-95,1,645852641,128,0 0 0 0 0 0 0 0 0 0 0 0 -5 -7 -5 -8 -5 -9 -4 -9 -4 -9 -4 -9 -3 -9 -3 -9 -3 -9 -2 -10 -2 -10 -2 -10 -1 -10 -1 -10 -2 -10 -2 -10 -2 -10 -2 -10 -2 -10 -2 -10 -2 -10 -2 -10 -2 -10 -2 -10 -1 -10 -2 -10 0 0 -3 -10 -3 -10 -3 -10 -4 -10 -4 -10 -4 -10 -4 -10 -5 -11 -5 -10 -5 -11 -5 -11 -5 -11 -6 -11 -6 -11 -7 -11 -7 -11 -7 -12 -7 -12 -8 -12 -8 -12 -8 -12 -9 -12 -8 -13 -8 -13 -8 -13 -8 -13 0 0 0 0 0 0 0 0 0 0
1784740924.359454,55242,-46,11,1,7,1,-95,1,645861103,128,0 0 0 0 0 0 0 0 0 0 0 0 8 1 8 1 8 2 8 2 8 3 7 3 8 3 8 3 8 4 8 5 7 5 7 5 7 5 7 5 7 5 7 5 7 5 7 5 7 5 7 5 7 5 7 5 7 5 7 5 7 5 7 5 0 0 7 4 8 4 8 4 8 4 8 4 8 4 9 4 9 4 9 3 10 4 10 3 10 3 10 3 10 3 11 2 11 2 12 3 12 3 12 3 12 3 13 3 13 2 13 3 13 3 13 3 13 3 0 0 0 0 0 0 0 0 0 0
1784740924.370613,55243,-48,11,1,6,1,-95,1,645872382,128,0 0 0 0 0 0 0 0 0 0 0 0 7 3 7 4 6 5 6 5 6 5 6 6 6 6 6 6 6 6 5 6 5 7 5 7 5 7 5 7 5 7 4 7 4 7 4 7 4 7 4 7 4 7 4 7 5 7 5 6 5 6 5 6 0 0 5 6 6 6 6 6 6 6 6 5 7 6 7 5 7 5 8 5 8 5 9 5 9 5 9 5 10 6 10 5 11 6 10 6 11 6 11 6 11 6 12 6 12 7 12 6 12 7 12 6 13 7 0 0 0 0 0 0 0 0 0 0
1784740924.377946,55244,-48,11,1,7,1,-95,1,645881134,128,0 0 0 0 0 0 0 0 0 0 0 0 -2 -8 -1 -8 0 -8 0 -9 0 -8 0 -9 1 -8 1 -8 1 -8 1 -9 2 -8 2 -8 2 -8 2 -8 2 -8 2 -8 2 -8 2 -8 2 -8 2 -8 2 -8 2 -8 1 -8 1 -8 1 -8 1 -8 0 0 1 -8 0 -9 0 -9 0 -9 0 -9 -1 -9 -1 -10 -1 -10 -1 -10 -2 -11 -2 -11 -2 -11 -2 -12 -2 -12 -2 -12 -2 -13 -2 -13 -2 -13 -2 -13 -2 -14 -2 -14 -2 -15 -2 -14 -2 -14 -2 -15 -2 -15 0 0 0 0 0 0 0 0 0 0
1784740924.377946,55245,-47,11,1,6,1,-95,1,645892313,128,0 0 0 0 0 0 0 0 0 0 0 0 6 1 6 2 6 2 6 3 6 3 6 3 6 3 6 3 6 4 6 4 6 4 5 4 5 4 6 4 6 4 5 4 6 4 5 4 6 4 6 4 6 4 6 4 6 3 6 4 7 4 7 3 0 0 7 3 8 3 8 4 8 3 8 3 8 3 8 4 9 3 9 4 10 3 10 3 10 3 11 3 11 3 11 4 12 4 11 4 12 4 12 4 12 4 13 4 13 5 13 4 13 4 13 5 13 5 0 0 0 0 0 0 0 0 0 0
1784740924.391335,55246,-46,11,1,6,1,-95,1,645902452,128,0 0 0 0 0 0 0 0 0 0 0 0 -3 6 -4 6 -4 5 -5 6 -5 5 -5 6 -5 5 -5 5 -6 6 -6 5 -7 5 -7 5 -7 5 -7 5 -7 5 -7 5 -7 5 -7 5 -7 6 -7 6 -7 6 -7 6 -7 6 -8 6 -8 6 -8 6 0 0 -8 7 -7 7 -7 7 -8 7 -7 7 -7 7 -7 8 -8 8 -7 8 -8 9 -8 9 -8 9 -7 9 -8 10 -8 10 -8 11 -8 10 -8 11 -8 11 -8 11 -8 11 -8 12 -8 11 -9 11 -9 11 -9 12 0 0 0 0 0 0 0 0 0 0
1784740924.407479,55247,-45,11,1,6,1,-95,1,645914680,128,0 0 0 0 0 0 0 0 0 0 0 0 6 -4 6 -4 7 -4 7 -3 7 -3 7 -3 8 -3 7 -3 8 -3 8 -2 8 -2 8 -2 8 -1 8 -2 9 -2 9 -2 9 -2 9 -2 9 -2 9 -2 9 -2 9 -2 10 -2 10 -2 9 -2 9 -2 0 0 10 -3 10 -3 10 -3 10 -3 10 -3 10 -4 10 -4 10 -4 10 -4 11 -5 11 -5 11 -4 11 -4 11 -5 11 -6 11 -6 12 -6 12 -6 12 -7 12 -7 12 -7 11 -7 12 -7 13 -6 13 -6 13 -7 0 0 0 0 0 0 0 0 0 0
1784740924.407479,55248,-46,11,1,6,1,-95,1,645922312,128,0 0 0 0 0 0 0 0 0 0 0 0 6 3 6 3 5 4 5 5 5 5 5 5 5 5 5 5 5 6 5 5 5 6 5 6 5 6 5 7 5 7 4 7 5 7 5 7 5 7 4 7 5 7 4 7 5 7 5 7 5 7 5 7 0 0 6 8 5 7 6 8 6 7 6 7 6 8 6 8 6 7 7 8 7 8 8 7 7 7 8 8 8 8 8 8 8 8 8 8 9 9 9 8 9 8 9 8 9 9 9 8 10 8 10 9 10 9 0 0 0 0 0 0 0 0 0 0
1784740924.423671,55249,-46,11,1,6,1,-95,1,645934282,128,0 0 0 0 0 0 0 0 0 0 0 0 -3 -7 -2 -8 -2 -8 -2 -8 -2 -8 -1 -8 -1 -8 -1 -8 0 -8 -1 -8 0 -8 -1 -9 0 -9 0 -9 0 -9 0 -9 1 -9 0 -9 0 -9 0 -9 0 -9 0 -9 0 -9 0 -9 0 -9 0 -10 0 0 0 -10 0 -10 0 -10 -1 -10 -1 -10 -1 -11 -1 -11 -1 -11 -1 -11 -2 -11 -2 -11 -2 -11 -2 -11 -2 -12 -2 -12 -2 -12 -2 -12 -3 -13 -2 -13 -2 -13 -3 -13 -3 -13 -3 -13 -3 -13 -3 -13 -3 -14 0 0 0 0 0 0 0 0 0 0
1784740924.431242,55250,-45,11,1,7,1,-95,1,645940995,128,0 0 0 0 0 0 0 0 0 0 0 0 7 -1 7 -1 7 0 7 0 7 0 7 1 7 1 8 1 8 1 8 2 7 2 8 2 7 3 8 3 8 2 8 3 8 3 8 3 8 3 8 2 8 3 8 3 9 3 8 3 9 3 9 3 0 0 9 3 9 3 9 3 9 3 9 3 10 3 10 2 10 3 10 2 11 2 11 3 11 2 11 2 11 2 11 2 12 2 12 2 12 2 12 2 12 2 13 2 13 2 13 2 13 2 13 2 13 2 0 0 0 0 0 0 0 0 0 0
1784740924.443671,55251,-43,11,1,6,1,-95,1,645952368,128,0 0 0 0 0 0 0 0 0 0 0 0 -7 2 -8 2 -8 1 -8 1 -8 0 -9 0 -9 0 -9 0 -9 -1 -9 -1 -9 0 -10 -1 -10 -1 -10 -1 -10 -1 -10 -2 -11 -2 -11 -2 -11 -2 -11 -2 -11 -3 -11 -3 -11 -2 -11 -2 -11 -2 -11 -2 0 0 -11 -3 -11 -3 -11 -2 -12 -2 -11 -2 -11 -2 -12 -2 -12 -2 -12 -2 -12 -1 -12 -1 -12 -1 -13 -1 -13 -1 -13 -1 -13 -1 -13 -1 -13 -1 -14 -1 -13 -1 -14 0 -14 -1 -14 0 -14 0 -14 0 -14 0 0 0 0 0 0 0 0 0 0 0
1784740924.455929,55252,-43,11,1,7,1,-95,1,645961094,128,0 0 0 0 0 0 0 0 0 0 0 0 3 6 3 6 2 7 2 7 2 7 2 7 2 8 2 8 1 8 1 8 1 8 1 9 1 9 1 9 1 10 0 9 0 10 1 10 1 10 0 10 0 11 0 10 0 10 0 10 0 10 0 11 0 0 0 11 0 11 0 11 0 11 0 11 1 11 1 11 1 11 1 11 2 11 1 11 2 11 2 12 2 12 2 11 2 12 2 12 3 13 3 12 3 12 3 12 3 13 3 12 3 13 4 13 4 13 0 0 0 0 0 0 0 0 0 0
1784740924.455929,55253,-43,11,1,6,1,-95,1,645972399,128,0 0 0 0 0 0 0 0 0 0 0 0 1 7 1 7 1 7 0 7 0 7 0 8 0 8 -1 8 -1 8 -1 9 -1 9 -2 9 -2 9 -2 9 -2 9 -3 9 -3 10 -3 10 -3 10 -3 10 -3 10 -3 10 -3 10 -4 10 -4 10 -4 10 0 0 -4 10 -3 10 -3 10 -3 10 -3 10 -3 10 -3 10 -3 11 -3 11 -2 11 -2 11 -2 11 -2 11 -2 11 -2 12 -1 12 -1 12 -1 12 -1 12 -1 13 -1 13 0 13 -1 13 -1 13 -1 13 -1 14 0 0 0 0 0 0 0 0 0 0
1784740924.471525,55254,-43,11,1,7,1,-95,1,645985616,128,0 0 0 0 0 0 0 0 0 0 0 0 6 -6 6 -6 7 -5 7 -5 8 -4 8 -4 8 -4 9 -4 9 -4 9 -3 9 -4 9 -3 9 -3 10 -3 10 -3 10 -2 10 -2 10 -2 10 -2 10 -2 10 -1 10 -1 11 -2 10 -2 10 -2 10 -2 0 0 10 -1 10 -2 10 -2 10 -2 10 -2 10 -2 10 -2 10 -3 10 -3 10 -3 10 -4 10 -4 11 -4 11 -4 10 -5 11 -5 11 -5 11 -5 11 -5 12 -5 11 -6 12 -6 12 -6 12 -6 12 -6 12 -7 0 0 0 0 0 0 0 0 0 0
1784740924.490248,55255,-43,11,1,7,1,-95,1,645991691,128,0 0 0 0 0 0 0 0 0 0 0 0 -7 6 -7 5 -8 5 -8 4 -9 4 -9 4 -9 4 -9 4 -10 4 -10 3 -10 3 -10 3 -11 3 -11 3 -11 2 -12 2 -11 2 -12 2 -11 2 -12 2 -12 2 -11 2 -11 2 -11 1 -11 2 -11 2 0 0 -11 2 -11 2 -11 2 -11 2 -11 3 -10 3 -10 3 -11 3 -10 4 -11 4 -11 4 -10 5 -10 5 -10 5 -10 6 -10 6 -11 5 -11 6 -11 7 -11 7 -11 7 -11 7 -11 7 -11 7 -11 7 -11 8 0 0 0 0 0 0 0 0 0 0
1784740924.490248,55256,-43,11,1,7,1,-95,1,646000933,128,0 0 0 0 0 0 0 0 0 0 0 0 8 -3 8 -3 9 -2 9 -2 10 -2 9 -2 10 -1 10 -1 10 -1 10 0 10 0 10 1 10 1 11 1 10 1 11 1 11 1 11 1 11 1 11 1 11 1 11 1 11 1 11 2 11 2 10 2 0 0 11 1 11 1 10 1 11 1 10 0 11 0 11 0 11 -1 11 0 11 -1 11 -1 10 -1 11 -1 11 -2 12 -2 11 -2 12 -2 11 -3 11 -3 11 -4 11 -4 11 -4 12 -4 12 -4 12 -4 12 -4 0 0 0 0 0 0 0 0 0 0
1784740924.519326,55257,-43,11,1,7,1,-95,1,646026739,128,0 0 0 0 0 0 0 0 0 0 0 0 -7 -6 -7 -7 -7 -7 -6 -8 -6 -8 -6 -9 -6 -9 -6 -9 -5 -10 -5 -9 -5 -10 -5 -10 -5 -10 -5 -11 -5 -11 -4 -11 -4 -12 -4 -11 -4 -12 -4 -12 -4 -11 -3 -12 -4 -11 -3 -12 -3 -12 -3 -12 0 0 -4 -12 -3 -11 -3 -12 -4 -11 -4 -11 -4 -11 -4 -11 -5 -11 -4 -11 -5 -10 -5 -10 -6 -10 -6 -10 -6 -10 -6 -10 -7 -10 -6 -10 -7 -10 -8 -10 -8 -10 -8 -10 -8 -10 -8 -10 -8 -10 -9 -10 -9 -10 0 0 0 0 0 0 0 0 0 0
1784740924.519326,55258,-43,11,1,6,1,-95,1,646032194,128,0 0 0 0 0 0 0 0 0 0 0 0 -1 -10 -1 -10 0 -10 1 -10 1 -10 1 -11 1 -10 2 -11 2 -11 2 -11 3 -11 3 -11 4 -11 4 -11 4 -12 4 -11 5 -11 4 -11 5 -11 5 -11 5 -11 5 -11 5 -11 5 -11 5 -11 5 -11 0 0 5 -11 5 -10 5 -11 4 -10 4 -11 4 -11 4 -10 3 -11 3 -11 3 -11 3 -11 2 -11 3 -11 2 -12 2 -12 1 -12 1 -12 1 -12 1 -12 1 -13 0 -13 1 -13 1 -13 1 -13 0 -13 0 -14 0 0 0 0 0 0 0 0 0 0
1784740924.531330,55259,-43,11,1,6,1,-95,1,646036521,128,0 0 0 0 0 0 0 0 0 0 0 0 9 2 8 2 9 3 8 3 9 4 9 4 9 4 9 4 9 5 9 5 9 6 9 6 9 6 8 7 9 7 9 7 8 7 9 7 8 7 8 7 8 8 8 8 9 8 8 8 8 8 8 8 0 0 8 7 8 7 8 7 8 7 8 6 8 6 8 6 9 6 9 6 9 6 9 5 9 5 9 5 10 5 10 5 10 4 10 4 11 4 11 4 11 3 11 4 11 3 12 4 12 4 12 3 12 3 0 0 0 0 0 0 0 0 0 0
1784740924.535168,55260,-43,11,1,6,1,-95,1,646041071,128,0 0 0 0 0 0 0 0 0 0 0 0 8 4 8 4 7 5 8 5 7 6 7 6 7 6 8 6 7 7 7 7 7 7 7 8 7 8 7 8 7 9 7 9 7 9 7 9 7 9 6 9 7 9 7 9 7 9 6 9 6 10 6 9 0 0 6 9 6 9 6 9 7 9 6 8 7 8 7 8 7 8 7 8 8 7 8 8 8 7 8 7 9 7 9 7 9 7 9 7 10 6 10 6 10 6 10 6 11 6 10 6 10 6 11 6 11 6 0 0 0 0 0 0 0 0 0 0
1784740924.535168,55261,-43,11,1,6,1,-95,1,646050949,128,0 0 0 0 0 0 0 0 0 0 0 0 -9 -3 -9 -4 -9 -4 -9 -5 -9 -5 -9 -5 -9 -6 -9 -6 -9 -6 -9 -6 -9 -7 -9 -7 -9 -8 -9 -8 -9 -8 -9 -9 -9 -9 -9 -9 -9 -9 -9 -9 -9 -9 -9 -10 -9 -9 -9 -9 -9 -9 -9 -9 0 0 -9 -9 -9 -10 -8 -9 -9 -9 -9 -9 -9 -9 -9 -9 -9 -9 -9 -8 -10 -8 -9 -8 -10 -8 -10 -8 -10 -7 -10 -7 -11 -8 -10 -7 -11 -7 -11 -7 -11 -7 -11 -7 -12 -7 -12 -6 -12 -6 -12 -6 -12 -6 0 0 0 0 0 0 0 0 0 0
1784740924.555059,55262,-44,11,1,6,1,-95,1,646066199,128,0 0 0 0 0 0 0 0 0 0 0 0 7 3 7 3 7 4 7 4 7 5 7 5 7 5 7 5 7 6 7 6 7 7 7 7 7 7 6 8 7 8 7 8 7 8 7 8 6 8 7 8 7 8 7 8 6 9 6 9 6 9 6 8 0 0 6 8 6 8 6 8 6 8 6 8 7 7 7 7 7 7 7 7 8 7 7 7 8 7 7 7 8 7 9 6 9 6 9 6 9 6 9 6 10 6 10 6 10 5 10 6 10 6 10 6 11 6 0 0 0 0 0 0 0 0 0 0
1784740924.566817,55263,-45,11,1,6,1,-95,1,646070965,128,0 0 0 0 0 0 0 0 0 0 0 0 -8 2 -8 2 -9 1 -9 1 -9 1 -10 0 -10 0 -10 0 -10 0 -10 0 -10 -1 -11 -1 -11 -1 -11 -2 -11 -2 -11 -2 -11 -2 -11 -3 -11 -3 -11 -3 -11 -3 -11 -3 -11 -3 -11 -3 -11 -3 -11 -3 0 0 -11 -3 -11 -3 -11 -3 -11 -2 -10 -2 -11 -2 -11 -2 -11 -2 -11 -2 -11 -1 -11 -1 -11 -1 -11 -1 -12 0 -12 0 -12 0 -12 0 -12 0 -12 1 -12 0 -12 1 -13 1 -13 1 -13 1 -13 1 -13 1 0 0 0 0 0 0 0 0 0 0
1784740924.582960,55264,-45,11,1,6,1,-95,1,646091946,128,0 0 0 0 0 0 0 0 0 0 0 0 -8 -1 -8 -2 -8 -2 -8 -2 -8 -3 -9 -3 -8 -3 -9 -3 -9 -3 -9 -3 -9 -4 -10 -4 -10 -4 -10 -5 -10 -5 -10 -5 -10 -6 -10 -5 -11 -6 -10 -6 -11 -6 -11 -6 -11 -6 -10 -6 -10 -6 -11 -6 0 0 -11 -6 -11 -6 -11 -6 -11 -6 -11 -6 -11 -6 -11 -6 -11 -5 -12 -6 -12 -5 -12 -5 -12 -5 -12 -5 -13 -5 -12 -5 -13 -5 -12 -5 -13 -5 -13 -5 -13 -5 -13 -4 -13 -5 -13 -5 -13 -5 -13 -5 -14 -5 0 0 0 0 0 0 0 0 0 0
1784740924.582960,55265,-45,11,1,6,1,-95,1,646092246,128,0 0 0 0 0 0 0 0 0 0 0 0 7 -1 7 -1 7 0 7 0 8 1 8 1 8 1 9 1 9 2 9 1 9 2 9 2 9 2 10 2 10 3 10 3 10 4 10 3 10 4 10 4 10 4 10 4 10 4 10 4 10 4 11 5 0 0 10 5 11 5 10 5 10 4 10 4 11 4 11 4 11 4 11 4 11 3 12 3 12 3 12 4 12 3 12 3 12 4 12 3 12 3 13 3 13 3 13 3 13 3 13 3 13 3 13 3 13 3 0 0 0 0 0 0 0 0 0 0
1784740924.598922,55266,-45,11,1,6,1,-95,1,646100968,128,0 0 0 0 0 0 0 0 0 0 0 0 6 3 6 4 6 4 6 5 6 5 6 5 6 5 6 6 6 6 6 6 6 7 6 7 6 7 6 8 6 8 5 9 6 9 5 9 5 9 5 9 5 9 5 10 5 9 5 9 5 9 5 10 0 0 5 10 5 9 5 10 5 9 5 9 5 9 5 9 6 9 6 9 6 9 6 8 7 8 7 9 7 9 7 8 7 9 7 8 8 9 8 9 8 8 8 8 8 9 8 8 8 8 9 8 9 8 0 0 0 0 0 0 0 0 0 0
1784740924.598922,55267,-42,11,1,6,0,-95,1,646112922,128,0 0 0 0 0 0 0 0 0 0 0 0 8 -4 8 -3 8 -3 9 -3 9 -2 10 -2 10 -2 10 -1 10 -1 10 -1 11 0 11 0 11 0 11 0 11 1 12 1 12 1 11 1 12 1 12 1 12 1 12 1 12 1 12 1 12 2 12 1 0 0 12 1 12 1 12 1 12 0 12 0 12 0 12 0 12 -1 13 -1 12 -1 13 -1 13 -2 13 -2 13 -2 13 -2 14 -3 14 -3 14 -3 14 -4 15 -4 15 -4 15 -4 15 -4 15 -4 16 -4 16 -4 0 0 0 0 0 0 0 0 0 0
1784740924.615115,55268,-45,11,1,6,1,-95,1,646121003,128,0 0 0 0 0 0 0 0 0 0 0 0 -7 4 -7 3 -7 3 -7 3 -8 2 -8 2 -8 2 -9 2 -9 2 -9 2 -9 1 -9 1 -9 1 -9 1 -10 1 -10 1 -10 1 -10 1 -10 1 -10 0 -10 0 -10 0 -10 1 -10 0 -10 0 -11 0 0 0 -11 0 -11 1 -11 1 -11 1 -11 1 -11 1 -11 1 -11 2 -11 2 -12 2 -12 2 -12 3 -12 3 -12 3 -12 3 -12 3 -13 3 -13 3 -13 4 -13 4 -13 4 -13 4 -14 4 -14 3 -14 4 -14 4 0 0 0 0 0 0 0 0 0 0
1784740924.615115,55269,-42,11,1,6,0,-95,1,646133293,128,0 0 0 0 0 0 0 0 0 0 0 0 4 -7 5 -8 5 -7 6 -7 6 -7 6 -7 6 -7 7 -7 7 -7 7 -7 8 -7 8 -7 8 -7 8 -7 9 -7 9 -7 9 -7 9 -7 9 -7 9 -7 9 -7 9 -7 9 -7 10 -7 10 -7 10 -7 0 0 10 -7 10 -8 10 -8 10 -8 10 -8 10 -8 10 -9 10 -9 10 -9 10 -9 10 -9 10 -10 10 -10 10 -10 10 -10 10 -11 10 -11 10 -11 10 -11 10 -11 11 -11 11 -11 10 -12 11 -11 10 -11 10 -11 0 0 0 0 0 0 0 0 0 0
1784740924.631946,55270,-44,11,1,6,1,-95,1,646141099,128,0 0 0 0 0 0 0 0 0 0 0 0 2 -7 2 -7 3 -7 3 -7 3 -7 3 -7 4 -7 4 -7 4 -7 4 -7 5 -7 5 -7 5 -7 5 -7 5 -7 6 -8 5 -7 6 -8 6 -8 6 -8 6 -8 6 -8 7 -8 7 -8 7 -8 6 -8 0 0 7 -8 7 -9 6 -8 7 -9 6 -9 7 -9 6 -9 7 -10 7 -10 7 -10 7 -10 7 -10 6 -10 7 -10 7 -11 6 -11 7 -11 7 -11 7 -12 7 -12 7 -12 7 -12 8 -12 8 -12 7 -12 7 -12 0 0 0 0 0 0 0 0 0 0
1784740924.646682,55271,-45,11,1,6,1,-95,1,646150941,128,0 0 0 0 0 0 0 0 0 0 0 0 -3 6 -3 6 -4 6 -4 6 -4 6 -4 6 -5 6 -5 6 -5 6 -5 6 -6 6 -6 6 -6 6 -6 6 -6 6 -6 6 -7 6 -7 6 -7 6 -7 6 -7 6 -7 6 -6 6 -7 6 -7 6 -7 7 0 0 -7 7 -7 7 -7 7 -7 7 -7 7 -7 7 -7 8 -6 8 -7 8 -6 9 -7 9 -6 9 -6 9 -7 9 -6 10 -7 10 -6 10 -7 11 -6 11 -6 11 -6 11 -6 11 -7 11 -7 11 -7 12 -7 12 0 0 0 0 0 0 0 0 0 0
1784740924.646682,55272,-45,11,1,6,1,-95,1,646161012,128,0 0 0 0 0 0 0 0 0 0 0 0 3 6 2 6 2 6 2 7 2 7 2 7 1 7 2 8 1 8 1 8 1 8 1 8 1 8 0 8 1 8 0 8 0 8 0 8 0 9 0 9 1 9 0 9 1 9 1 9 1 9 1 9 0 0 1 9 1 9 1 9 2 9 2 9 2 9 2 10 2 10 3 10 3 10 3 10 4 10 4 10 4 11 4 11 4 11 4 11 4 11 5 12 5 12 5 12 5 12 5 12 5 12 5 12 5 12 0 0 0 0 0 0 0 0 0 0
1784740924.662518,55273,-44,11,1,6,1,-95,1,646171028,128,0 0 0 0 0 0 0 0 0 0 0 0 -8 0 -8 0 -9 -1 -9 -1 -9 -1 -9 -1 -9 -1 -9 -1 -9 -2 -9 -3 -9 -3 -9 -3 -9 -3 -9 -3 -9 -3 -10 -3 -10 -3 -10 -3 -10 -3 -10 -3 -10 -3 -10 -3 -11 -3 -10 -3 -10 -3 -10 -3 0 0 -11 -3 -11 -2 -11 -2 -12 -2 -11 -2 -12 -2 -12 -1 -12 -1 -12 -1 -13 -1 -13 -1 -13 -1 -12 -1 -12 -1 -14 0 -13 0 -14 0 -14 -1 -14 0 -14 1 -14 0 -14 1 -15 0 -15 -1 -15 -1 -15 0 0 0 0 0 0 0 0 0 0 0
1784740924.662518,55274,-44,11,1,6,1,-95,1,646181048,128,0 0 0 0 0 0 0 0 0 0 0 0 -8 1 -8 1 -8 0 -9 0 -9 -1 -9 -1 -9 -1 -10 -1 -10 -2 -10 -2 -10 -2 -10 -2 -10 -2 -10 -2 -11 -3 -11 -3 -11 -3 -11 -3 -11 -3 -11 -3 -11 -3 -11 -4 -11 -3 -11 -4 -11 -4 -12 -4 0 0 -12 -4 -12 -4 -12 -4 -12 -3 -12 -3 -12 -3 -12 -3 -12 -3 -12 -3 -13 -2 -13 -2 -13 -2 -13 -2 -14 -2 -13 -2 -14 -2 -13 -2 -14 -2 -14 -2 -14 -1 -14 -1 -14 -1 -14 -1 -14 -1 -14 -2 -14 -2 0 0 0 0 0 0 0 0 0 0
1784740924.678416,55275,-44,11,1,6,1,-95,1,646191001,128,0 0 0 0 0 0 0 0 0 0 0 0 4 -6 5 -5 6 -5 6 -5 6 -5 6 -5 7 -5 7 -5 7 -5 7 -5 8 -5 8 -5 8 -4 8 -5 9 -4 9 -4 9 -4 9 -4 9 -4 10 -4 10 -4 10 -4 10 -4 10 -4 10 -4 10 -4 0 0 10 -4 11 -4 10 -4 10 -4 10 -4 10 -4 10 -4 10 -5 11 -5 11 -6 10 -5 10 -6 11 -6 11 -6 11 -6 11 -6 11 -6 11 -7 11 -7 11 -7 11 -7 12 -7 11 -7 11 -7 12 -7 12 -8 0 0 0 0 0 0 0 0 0 0
1784740924.694235,55276,-44,11,1,6,1,-95,1,646201006,128,0 0 0 0 0 0 0 0 0 0 0 0 3 5 3 6 2 6 2 6 2 6 2 7 2 7 2 7 2 7 1 8 1 7 1 8 1 8 1 8 1 8 1 9 1 9 1 9 1 9 1 9 1 9 1 9 1 10 0 10 1 10 1 10 0 0 1 10 2 10 1 10 2 11 2 10 2 11 2 10 2 11 3 11 3 12 2 11 3 11 3 11 3 11 4 12 4 12 4 12 4 12 4 12 4 13 4 13 5 13 4 13 4 13 4 13 4 13 0 0 0 0 0 0 0 0 0 0
1784740924.694235,55277,-44,11,1,6,1,-95,1,646211016,128,0 0 0 0 0 0 0 0 0 0 0 0 6 -1 7 -1 7 -1 7 0 7 0 7 0 7 0 7 0 7 0 7 0 8 1 8 1 8 1 8 1 9 1 8 1 9 1 9 1 9 2 9 1 10 1 10 2 10 1 10 2 10 2 10 2 0 0 11 2 11 2 11 2 10 2 11 1 11 2 11 2 11 2 12 2 12 1 12 1 13 1 12 1 13 1 13 1 14 1 13 1 14 1 14 1 14 1 14 1 14 2 14 1 14 2 14 2 14 2 0 0 0 0 0 0 0 0 0 0
1784740924.714369,55278,-44,11,1,6,1,-95,1,646221426,128,0 0 0 0 0 0 0 0 0 0 0 0 5 5 5 5 5 5 4 5 5 6 5 6 5 6 5 6 5 6 4 7 4 7 4 8 4 8 4 8 4 8 5 8 5 8 5 9 5 9 5 9 5 9 5 9 5 10 5 10 4 10 5 10 0 0 5 10 6 10 5 10 6 10 6 10 6 10 6 10 7 10 7 10 7 11 7 11 7 11 6 11 7 10 8 11 8 10 8 12 8 11 9 11 9 11 9 11 9 11 9 12 8 12 8 12 9 12 0 0 0 0 0 0 0 0 0 0
1784740924.731647,55279,-45,11,1,6,1,-95,1,646231025,128,0 0 0 0 0 0 0 0 0 0 0 0 -7 -1 -7 -1 -7 -2 -7 -2 -7 -2 -7 -3 -7 -3 -8 -3 -8 -3 -8 -3 -8 -4 -8 -4 -8 -4 -8 -4 -8 -4 -8 -4 -9 -4 -9 -4 -9 -5 -9 -5 -9 -5 -9 -5 -10 -5 -9 -5 -9 -5 -10 -5 0 0 -10 -5 -10 -5 -10 -5 -10 -5 -10 -5 -11 -5 -11 -5 -11 -5 -11 -5 -12 -5 -12 -5 -12 -5 -12 -5 -12 -5 -13 -4 -13 -4 -13 -5 -14 -5 -13 -5 -14 -4 -14 -5 -14 -4 -14 -5 -14 -5 -14 -5 -14 -5 0 0 0 0 0 0 0 0 0 0
1784740924.731647,55280,-46,11,1,6,1,-95,1,646241056,128,0 0 0 0 0 0 0 0 0 0 0 0 -4 -6 -4 -7 -4 -6 -3 -7 -3 -7 -3 -7 -3 -7 -3 -7 -3 -8 -3 -7 -3 -8 -3 -8 -3 -8 -3 -8 -3 -9 -3 -8 -3 -9 -3 -8 -3 -9 -3 -9 -4 -9 -4 -9 -4 -9 -4 -9 -4 -9 -4 -10 0 0 -5 -10 -5 -10 -5 -10 -5 -10 -5 -10 -6 -10 -6 -10 -6 -10 -6 -11 -7 -11 -7 -11 -7 -11 -7 -11 -8 -12 -7 -11 -8 -12 -7 -12 -8 -12 -8 -13 -8 -13 -9 -13 -8 -13 -8 -13 -8 -14 -8 -14 -8 -14 0 0 0 0 0 0 0 0 0 0
1784740924.742230,55281,-46,11,1,7,1,-95,1,646251024,128,0 0 0 0 0 0 0 0 0 0 0 0 5 -6 5 -6 6 -5 6 -5 6 -5 6 -5 6 -5 6 -5 7 -5 7 -4 7 -4 7 -4 7 -4 7 -4 7 -5 7 -5 7 -5 8 -5 7 -5 7 -5 7 -6 8 -5 8 -6 8 -6 8 -6 8 -6 0 0 8 -7 8 -7 8 -7 8 -7 8 -8 8 -8 8 -8 9 -9 8 -9 9 -10 9 -9 9 -10 9 -10 9 -10 9 -11 10 -11 10 -10 10 -11 10 -11 10 -12 11 -11 11 -11 11 -11 12 -11 12 -11 12 -11 0 0 0 0 0 0 0 0 0 0
1784740924.742230,55282,-45,11,1,7,1,-95,1,646260955,128,0 0 0 0 0 0 0 0 0 0 0 0 4 6 5 6 4 6 4 7 3 7 4 7 3 7 4 7 3 8 3 7 3 8 3 8 3 8 3 8 4 9 3 8 3 9 3 9 3 9 3 9 3 9 3 9 4 9 4 9 4 10 4 10 0 0 4 10 4 10 4 10 4 10 5 10 5 10 5 10 5 10 5 10 6 10 6 10 7 10 7 10 7 11 7 10 7 12 7 10 8 11 8 11 8 11 8 11 8 12 8 11 8 12 8 12 8 12 0 0 0 0 0 0 0 0 0 0
1784740924.769353,55283,-46,11,1,6,1,-95,1,646272251,128,0 0 0 0 0 0 0 0 0 0 0 0 5 -5 5 -5 6 -5 6 -4 6 -4 6 -4 6 -4 6 -4 7 -4 7 -4 7 -4 7 -4 7 -4 7 -4 7 -4 8 -4 8 -4 8 -4 8 -4 8 -4 8 -4 8 -4 9 -4 9 -4 8 -4 9 -4 0 0 9 -4 9 -5 9 -5 9 -5 9 -5 9 -5 9 -6 9 -6 9 -6 10 -7 10 -7 10 -7 10 -7 9 -7 10 -8 10 -8 11 -8 11 -8 10 -9 11 -9 11 -9 11 -9 12 -9 12 -9 12 -9 12 -9 0 0 0 0 0 0 0 0 0 0
1784740924.774190,55284,-46,11,1,6,1,-95,1,646282432,128,0 0 0 0 0 0 0 0 0 0 0 0 -4 -6 -4 -7 -4 -7 -3 -7 -3 -7 -3 -8 -3 -8 -3 -8 -3 -8 -3 -8 -3 -8 -3 -8 -3 -8 -3 -9 -3 -9 -2 -9 -3 -9 -3 -9 -3 -9 -3 -9 -3 -9 -3 -9 -3 -9 -3 -9 -3 -10 -3 -10 0 0 -4 -10 -4 -10 -4 -10 -4 -10 -5 -10 -5 -10 -5 -10 -5 -10 -5 -11 -6 -11 -6 -11 -6 -11 -6 -11 -7 -12 -7 -12 -7 -12 -7 -11 -8 -13 -7 -13 -7 -13 -8 -13 -8 -13 -8 -13 -7 -13 -8 -14 -8 -14 0 0 0 0 0 0 0 0 0 0
1784740924.792360,55285,-45,11,1,7,1,-95,1,646291130,128,0 0 0 0 0 0 0 0 0 0 0 0 1 -9 2 -9 3 -9 3 -9 3 -9 3 -9 4 -9 4 -9 4 -9 4 -8 4 -8 5 -9 5 -8 5 -8 5 -9 5 -8 5 -9 5 -9 6 -9 5 -9 5 -9 5 -9 5 -9 6 -9 5 -9 5 -9 0 0 5 -10 5 -10 5 -10 5 -10 4 -10 4 -11 4 -11 4 -11 4 -11 4 -12 4 -12 4 -12 4 -12 4 -13 4 -13 4 -14 4 -13 4 -14 4 -14 4 -15 4 -14 4 -15 4 -14 5 -15 5 -14 5 -15 0 0 0 0 0 0 0 0 0 0
1784740924.798370,55286,-45,11,1,7,1,-95,1,646300971,128,0 0 0 0 0 0 0 0 0 0 0 0 -9 3 -9 2 -10 1 -10 1 -10 1 -10 0 -10 0 -11 0 -11 -1 -11 -1 -11 -1 -11 -1 -11 -2 -11 -2 -11 -2 -11 -2 -11 -2 -11 -2 -11 -2 -11 -3 -11 -2 -11 -3 -11 -2 -11 -3 -11 -3 -11 -2 0 0 -11 -2 -11 -2 -11 -2 -11 -1 -11 -1 -11 -1 -11 -1 -12 0 -12 -1 -12 1 -12 0 -12 1 -13 0 -13 1 -13 1 -13 1 -13 1 -14 1 -14 1 -14 1 -14 1 -14 1 -14 1 -14 1 -14 1 -15 1 0 0 0 0 0 0 0 0 0 0
1784740924.806158,55287,-46,11,1,7,1,-95,1,646310991,128,0 0 0 0 0 0 0 0 0 0 0 0 -9 4 -9 3 -10 2 -10 2 -10 2 -10 1 -11 1 -11 1 -11 1 -12 0 -11 0 -11 -1 -11 -1 -11 -1 -11 -1 -12 -1 -11 -1 -12 -1 -11 -1 -12 -1 -11 -1 -11 -1 -12 -2 -11 -2 -11 -2 -11 -1 0 0 -11 -1 -12 0 -10 0 -11 0 -11 0 -11 1 -11 1 -11 1 -11 2 -12 2 -12 2 -12 2 -12 3 -12 3 -12 4 -12 4 -13 4 -13 4 -13 4 -13 4 -13 4 -13 5 -14 5 -14 4 -14 4 -14 5 0 0 0 0 0 0 0 0 0 0
1784740924.806158,55288,-47,11,1,7,1,-95,1,646320937,128,0 0 0 0 0 0 0 0 0 0 0 0 -9 -1 -9 -2 -9 -2 -9 -3 -9 -3 -9 -3 -9 -3 -10 -3 -9 -4 -9 -4 -9 -4 -10 -5 -10 -5 -10 -5 -10 -5 -10 -6 -10 -6 -10 -6 -10 -6 -10 -6 -10 -6 -10 -6 -10 -6 -9 -6 -10 -6 -10 -6 0 0 -10 -6 -10 -6 -10 -6 -10 -5 -10 -5 -10 -5 -10 -4 -11 -4 -11 -4 -11 -4 -11 -4 -12 -3 -12 -3 -12 -3 -12 -3 -13 -3 -12 -3 -13 -2 -13 -2 -14 -2 -14 -2 -14 -2 -14 -2 -14 -3 -15 -2 -15 -3 0 0 0 0 0 0 0 0 0 0
1784740924.827313,55289,-46,11,1,7,1,-95,1,646331047,128,0 0 0 0 0 0 0 0 0 0 0 0 2 8 2 8 1 8 0 8 0 9 0 9 0 9 0 9 -1 9 -1 9 -1 9 -1 9 -2 10 -2 10 -2 10 -2 10 -3 10 -3 10 -3 10 -3 10 -3 10 -3 10 -3 10 -3 10 -3 10 -3 10 0 0 -3 10 -3 10 -3 10 -2 10 -2 10 -1 10 -1 10 -1 11 -1 11 -1 11 0 11 0 12 0 12 0 12 0 12 0 12 1 12 1 13 1 13 1 13 1 13 1 14 1 13 0 14 0 14 0 15 0 0 0 0 0 0 0 0 0 0
1784740924.838234,55290,-46,11,1,6,1,-95,1,646344084,128,0 0 0 0 0 0 0 0 0 0 0 0 -8 -4 -8 -4 -7 -5 -7 -5 -7 -6 -7 -6 -7 -6 -7 -6 -7 -6 -7 -7 -7 -7 -7 -7 -6 -7 -6 -7 -6 -7 -7 -8 -7 -7 -7 -8 -7 -8 -7 -7 -7 -8 -7 -8 -7 -8 -7 -8 -7 -8 -7 -8 0 0 -8 -8 -8 -7 -8 -7 -9 -8 -9 -7 -9 -7 -9 -7 -10 -8 -10 -7 -11 -8 -11 -8 -11 -7 -10 -7 -11 -8 -12 -7 -12 -7 -12 -8 -12 -8 -12 -8 -13 -8 -13 -8 -13 -8 -13 -9 -13 -9 -13 -9 -13 -9 0 0 0 0 0 0 0 0 0 0
1784740924.838234,55291,-47,11,1,7,1,-95,1,646351076,128,0 0 0 0 0 0 0 0 0 0 0 0 7 1 7 2 7 3 7 3 6 3 7 3 6 4 6 4 6 4 6 4 6 4 6 4 6 5 7 5 7 5 6 5 7 5 7 5 7 5 7 5 7 5 7 5 7 5 8 5 7 5 8 5 0 0 8 5 8 5 8 6 9 5 9 5 9 5 9 5 9 5 10 6 10 5 10 5 11 5 11 5 11 5 11 5 12 6 11 5 12 6 12 6 12 6 12 6 12 6 12 6 12 6 13 6 13 7 0 0 0 0 0 0 0 0 0 0
1784740924.854217,55292,-46,11,1,7,1,-95,1,646360927,128,0 0 0 0 0 0 0 0 0 0 0 0 7 -3 7 -2 8 -2 8 -1 8 -1 8 -1 8 -1 8 -1 8 -1 8 0 8 0 8 0 9 0 9 1 9 0 9 1 9 0 10 0 9 0 10 0 10 0 10 0 10 0 10 1 10 0 10 0 0 0 10 0 11 0 10 0 11 -1 10 -1 11 -1 11 -1 11 -2 11 -2 12 -2 12 -2 12 -2 12 -2 12 -2 13 -2 13 -3 13 -3 13 -3 14 -3 14 -3 14 -3 14 -3 15 -3 15 -2 15 -2 15 -3 0 0 0 0 0 0 0 0 0 0
1784740924.854217,55293,-46,11,1,7,1,-95,1,646370966,128,0 0 0 0 0 0 0 0 0 0 0 0 -7 6 -7 5 -8 5 -8 5 -8 5 -8 4 -8 4 -9 4 -9 4 -9 4 -9 4 -10 4 -10 4 -10 4 -10 4 -10 4 -10 4 -11 4 -10 4 -10 4 -10 4 -10 4 -10 4 -10 4 -10 4 -10 4 0 0 -10 4 -10 5 -10 5 -10 5 -10 5 -10 6 -10 6 -10 6 -10 6 -10 7 -10 7 -10 7 -10 7 -10 8 -10 9 -11 9 -11 9 -11 9 -11 9 -11 10 -11 10 -11 10 -12 10 -12 10 -12 10 -12 10 0 0 0 0 0 0 0 0 0 0
1784740924.871114,55294,-46,11,1,6,1,-95,1,646382375,128,0 0 0 0 0 0 0 0 0 0 0 0 6 -6 6 -5 7 -5 7 -4 7 -5 7 -4 7 -4 7 -4 7 -4 8 -4 8 -3 8 -3 8 -3 8 -3 8 -3 9 -3 8 -3 9 -3 9 -3 9 -4 9 -4 9 -4 9 -4 9 -4 9 -4 9 -4 0 0 9 -4 10 -5 9 -4 10 -5 10 -5 10 -5 10 -6 10 -6 10 -6 11 -7 11 -6 10 -6 10 -6 10 -6 11 -7 11 -7 12 -7 11 -7 11 -8 12 -8 12 -8 12 -8 12 -8 12 -7 12 -7 12 -7 0 0 0 0 0 0 0 0 0 0
1784740924.886009,55295,-46,11,1,7,1,-95,1,646393171,128,0 0 0 0 0 0 0 0 0 0 0 0 -7 1 -7 1 -8 0 -7 0 -7 -1 -8 -1 -8 -1 -8 -1 -8 -1 -8 -1 -8 -1 -8 -1 -8 -1 -9 -1 -9 -1 -9 -2 -9 -2 -9 -2 -10 -2 -10 -2 -10 -2 -10 -2 -10 -2 -10 -2 -11 -2 -11 -2 0 0 -11 -2 -11 -3 -11 -2 -11 -2 -11 -2 -12 -2 -12 -2 -12 -2 -12 -2 -12 -2 -13 -2 -13 -1 -13 -2 -13 -2 -13 -2 -13 -2 -13 -2 -14 -2 -14 -2 -14 -2 -14 -2 -14 -2 -14 -2 -14 -2 -14 -2 -14 -2 0 0 0 0 0 0 0 0 0 0
1784740924.886009,55296,-47,11,1,7,1,-95,1,646400921,128,0 0 0 0 0 0 0 0 0 0 0 0 5 -1 6 -1 6 0 6 0 6 0 6 0 6 0 6 0 6 0 6 0 6 0 6 0 6 1 7 1 7 0 7 1 7 1 8 1 8 1 8 1 8 0 8 1 9 1 9 1 9 1 9 1 0 0 10 1 10 1 10 1 10 1 10 1 10 1 10 0 11 0 11 0 11 0 11 0 11 0 12 0 12 0 12 0 13 0 12 0 13 0 13 0 13 0 13 -1 14 0 13 0 14 0 14 0 14 0 0 0 0 0 0 0 0 0 0 0
1784740924.902107,55297,-46,11,1,7,1,-95,1,646410929,128,0 0 0 0 0 0 0 0 0 0 0 0 6 1 6 2 6 2 6 3 6 3 6 3 6 3 6 3 6 4 6 3 6 3 6 4 6 4 6 4 6 4 6 4 6 4 7 4 7 5 7 4 7 4 7 5 8 4 7 4 8 4 8 5 0 0 9 5 9 5 9 5 9 5 9 4 9 4 10 4 10 4 10 5 11 4 11 4 11 4 12 4 12 4 12 4 13 5 12 4 13 5 13 5 13 5 14 5 14 6 14 5 14 5 14 6 14 6 0 0 0 0 0 0 0 0 0 0
1784740924.918284,55298,-46,11,1,6,1,-95,1,646422310,128,0 0 0 0 0 0 0 0 0 0 0 0 5 -6 6 -5 6 -5 7 -5 7 -4 7 -5 7 -5 7 -4 7 -4 7 -4 8 -4 8 -4 8 -4 8 -4 8 -4 8 -4 8 -4 8 -4 9 -4 8 -4 8 -5 9 -4 8 -5 8 -5 9 -5 9 -5 0 0 9 -5 9 -6 9 -6 9 -6 9 -6 9 -7 9 -7 10 -7 10 -7 10 -8 10 -8 10 -8 10 -8 11 -8 11 -9 11 -9 11 -8 11 -9 11 -9 11 -10 12 -9 12 -9 12 -9 13 -9 13 -9 13 -9 0 0 0 0 0 0 0 0 0 0
1784740924.920294,55299,-45,11,1,6,1,-95,1,646432183,128,0 0 0 0 0 0 0 0 0 0 0 0 9 -2 9 -2 9 -1 9 0 9 0 10 0 9 0 10 0 9 1 9 1 10 1 10 1 10 1 10 1 10 1 10 1 11 1 10 1 11 1 11 1 11 1 11 1 11 1 11 1 11 1 11 1 0 0 11 1 12 1 12 1 12 0 12 0 12 0 12 0 12 0 12 0 13 -1 13 -1 13 -1 13 -1 13 -1 13 -1 14 -1 13 -1 14 -2 14 -2 14 -2 14 -2 14 -2 14 -2 14 -2 14 -2 14 -2 0 0 0 0 0 0 0 0 0 0
1784740924.934228,55300,-44,11,1,7,1,-95,1,646441141,128,0 0 0 0 0 0 0 0 0 0 0 0 5 -7 6 -7 6 -7 6 -7 7 -7 7 -7 7 -6 7 -7 8 -6 8 -6 8 -6 8 -6 8 -6 9 -6 9 -6 9 -6 9 -6 9 -6 9 -6 9 -6 9 -6 10 -6 9 -7 10 -6 10 -6 10 -7 0 0 10 -7 10 -7 10 -6 10 -7 9 -7 9 -7 9 -7 9 -8 9 -8 9 -9 9 -8 9 -9 9 -9 9 -9 9 -9 9 -9 9 -9 9 -10 9 -10 9 -10 9 -10 9 -10 9 -10 9 -10 9 -10 9 -10 0 0 0 0 0 0 0 0 0 0
1784740924.934228,55301,-40,11,1,7,0,-95,1,646451014,128,0 0 0 0 0 0 0 0 0 0 0 0 6 -7 6 -7 7 -7 7 -6 7 -6 8 -6 8 -6 8 -6 9 -6 8 -5 9 -6 9 -6 9 -6 10 -5 10 -5 10 -5 10 -5 10 -5 11 -5 11 -5 11 -5 11 -5 11 -5 11 -5 12 -5 11 -5 0 0 11 -5 11 -5 12 -5 11 -6 11 -6 11 -6 11 -6 12 -6 12 -6 11 -7 11 -7 11 -7 11 -8 12 -8 12 -8 12 -8 12 -8 12 -9 12 -9 12 -9 12 -9 13 -9 12 -9 13 -9 13 -9 12 -9 0 0 0 0 0 0 0 0 0 0
1784740924.950405,55302,-44,11,1,6,1,-95,1,646462526,128,0 0 0 0 0 0 0 0 0 0 0 0 6 -5 6 -4 7 -4 7 -4 7 -3 7 -4 8 -4 8 -4 8 -4 8 -3 9 -3 9 -3 9 -2 9 -2 9 -3 10 -2 10 -2 10 -2 10 -2 10 -2 10 -3 10 -2 10 -2 10 -2 10 -2 11 -2 0 0 11 -2 11 -2 11 -2 11 -3 10 -3 11 -3 11 -3 11 -4 11 -4 11 -4 11 -4 11 -4 11 -4 11 -5 12 -5 11 -5 12 -5 12 -5 12 -6 12 -6 12 -6 12 -6 12 -6 12 -6 12 -6 12 -6 0 0 0 0 0 0 0 0 0 0
1784740924.966632,55303,-45,11,1,7,1,-95,1,646472221,128,0 0 0 0 0 0 0 0 0 0 0 0 -9 -3 -9 -3 -9 -4 -9 -4 -9 -5 -9 -5 -9 -5 -9 -5 -9 -5 -9 -6 -9 -7 -9 -7 -9 -7 -9 -7 -9 -7 -9 -8 -9 -8 -9 -8 -10 -8 -10 -8 -10 -8 -9 -8 -9 -8 -9 -8 -9 -8 -9 -8 0 0 -10 -8 -10 -8 -10 -8 -10 -8 -10 -7 -10 -7 -11 -7 -11 -7 -11 -7 -12 -7 -12 -7 -11 -7 -11 -7 -12 -7 -13 -6 -13 -7 -13 -7 -13 -7 -13 -6 -14 -6 -13 -6 -14 -6 -13 -7 -14 -7 -13 -7 -14 -7 0 0 0 0 0 0 0 0 0 0
1784740924.966632,55304,-44,11,1,6,1,-95,1,646482370,128,0 0 0 0 0 0 0 0 0 0 0 0 8 4 7 4 7 5 7 6 7 6 7 7 7 7 7 7 6 7 6 7 7 8 7 8 7 8 7 8 6 8 6 9 6 9 6 9 6 9 6 9 6 9 6 10 6 9 6 9 6 9 6 9 0 0 6 9 7 9 6 9 7 9 6 9 7 9 7 9 7 9 7 9 8 9 8 8 8 8 8 8 9 8 9 8 9 8 9 8 9 8 9 9 9 9 10 9 10 9 10 8 9 8 10 8 10 8 0 0 0 0 0 0 0 0 0 0
1784740924.982416,55305,-44,11,1,7,1,-95,1,646490973,128,0 0 0 0 0 0 0 0 0 0 0 0 7 -5 7 -5 8 -4 8 -4 8 -4 8 -4 8 -3 9 -4 9 -3 9 -3 9 -3 9 -3 9 -3 10 -3 10 -3 10 -2 10 -2 10 -2 10 -2 11 -2 11 -2 11 -2 10 -2 11 -2 11 -2 11 -2 0 0 11 -3 11 -2 11 -2 11 -3 11 -3 11 -3 11 -3 11 -3 11 -3 11 -4 11 -4 11 -4 11 -4 11 -5 11 -5 11 -4 12 -4 12 -5 11 -5 12 -6 12 -6 12 -5 12 -5 12 -5 12 -5 12 -5 0 0 0 0 0 0 0 0 0 0
1784740924.982416,55306,-44,11,1,7,1,-95,1,646501089,128,0 0 0 0 0 0 0 0 0 0 0 0 4 6 4 6 3 7 3 7 3 7 3 8 3 8 3 8 3 8 2 8 2 8 2 9 2 9 2 9 2 9 2 9 2 10 2 10 2 10 2 10 2 10 2 10 2 10 1 10 1 10 2 11 0 0 2 11 2 11 2 10 2 11 2 10 2 10 3 11 3 11 3 11 3 11 3 11 3 11 3 11 3 11 4 11 4 11 4 11 5 11 5 11 5 11 5 11 5 11 5 11 5 11 5 11 5 12 0 0 0 0 0 0 0 0 0 0
1784740924.998108,55307,-44,11,1,7,1,-95,1,646511008,128,0 0 0 0 0 0 0 0 0 0 0 0 -9 0 -9 -1 -9 -1 -9 -2 -9 -2 -10 -2 -10 -2 -10 -3 -10 -3 -10 -3 -10 -4 -10 -4 -10 -4 -10 -4 -10 -5 -11 -5 -11 -5 -11 -5 -11 -5 -11 -5 -11 -5 -11 -5 -11 -5 -10 -6 -10 -6 -11 -6 0 0 -11 -5 -11 -5 -11 -5 -11 -5 -11 -4 -11 -5 -11 -4 -11 -4 -11 -4 -12 -4 -11 -4 -11 -3 -11 -3 -12 -3 -12 -2 -12 -2 -12 -3 -13 -2 -13 -2 -13 -2 -13 -2 -13 -2 -13 -2 -13 -2 -13 -2 -13 -2 0 0 0 0 0 0 0 0 0 0
1784740925.016381,55308,-44,11,1,7,1,-95,1,646520947,128,0 0 0 0 0 0 0 0 0 0 0 0 8 4 7 5 7 6 7 6 7 6 7 7 6 7 6 7 6 8 6 8 6 8 6 8 6 9 6 9 6 9 5 9 5 9 5 9 5 9 5 10 5 10 5 10 5 9 5 9 5 9 5 10 0 0 5 9 5 9 5 9 5 9 5 9 5 9 5 9 6 9 6 9 7 8 7 8 7 8 8 8 7 8 8 8 8 8 8 8 9 8 9 8 9 9 9 8 9 9 9 9 9 9 10 8 10 9 0 0 0 0 0 0 0 0 0 0
1784740925.016381,55309,-44,11,1,7,1,-95,1,646531043,128,0 0 0 0 0 0 0 0 0 0 0 0 9 2 8 2 9 3 8 3 9 3 8 3 9 3 9 4 9 4 9 5 8 5 8 6 8 5 9 6 8 5 9 6 8 5 9 6 9 6 9 6 9 6 9 6 9 6 9 6 9 6 9 6 0 0 9 6 10 5 9 5 11 6 9 5 10 5 10 4 11 5 10 4 11 5 11 5 11 4 11 4 11 4 12 4 11 3 13 4 12 4 13 3 13 3 13 3 13 3 13 3 13 4 13 4 13 4 0 0 0 0 0 0 0 0 0 0
1784740925.032759,55310,-44,11,1,7,1,-95,1,646540928,128,0 0 0 0 0 0 0 0 0 0 0 0 6 6 5 6 5 7 5 7 5 7 5 7 5 8 5 8 5 8 4 8 4 9 4 9 4 9 4 9 4 9 4 10 4 10 4 10 4 10 4 10 4 10 4 10 4 10 3 10 3 10 3 10 0 0 4 10 4 10 4 10 4 10 4 10 4 10 5 10 5 10 5 10 5 10 5 11 5 10 5 10 5 10 6 10 6 10 6 10 7 10 7 10 7 10 7 10 7 10 7 10 7 10 7 10 7 10 0 0 0 0 0 0 0 0 0 0
1784740925.046429,55311,-45,11,1,7,1,-95,1,646551112,128,0 0 0 0 0 0 0 0 0 0 0 0 -4 -9 -4 -9 -3 -9 -3 -10 -2 -10 -2 -10 -2 -10 -2 -11 -1 -11 -1 -10 -1 -11 -1 -11 -1 -11 -1 -11 0 -12 0 -11 1 -12 1 -11 1 -12 1 -11 1 -11 1 -11 1 -11 1 -11 1 -11 1 -11 0 0 1 -11 1 -11 1 -11 0 -11 0 -11 0 -11 0 -11 -1 -11 0 -11 -1 -11 -2 -11 -2 -11 -2 -11 -2 -12 -2 -11 -2 -12 -3 -11 -3 -12 -3 -12 -3 -12 -4 -12 -4 -13 -4 -12 -4 -12 -5 -13 -4 -13 0 0 0 0 0 0 0 0 0 0
1784740925.046429,55312,-45,11,1,7,1,-95,1,646561040,128,0 0 0 0 0 0 0 0 0 0 0 0 -1 9 -2 8 -2 9 -3 8 -3 9 -3 8 -4 9 -4 9 -4 9 -5 9 -6 8 -6 8 -6 8 -6 8 -6 8 -6 9 -6 8 -7 9 -6 8 -6 8 -6 8 -6 8 -7 8 -7 7 -6 7 -6 8 0 0 -6 8 -5 8 -5 8 -5 9 -4 8 -4 9 -4 9 -4 9 -4 9 -4 10 -4 9 -3 10 -3 9 -3 10 -2 11 -2 10 -3 12 -2 11 -2 12 -2 12 -2 12 -2 13 -3 13 -3 13 -3 13 -3 13 0 0 0 0 0 0 0 0 0 0
1784740925.062526,55313,-44,11,1,7,1,-95,1,646570936,128,0 0 0 0 0 0 0 0 0 0 0 0 -9 3 -9 2 -10 2 -10 1 -10 1 -10 1 -10 1 -10 0 -10 0 -10 0 -11 -1 -11 0 -11 -1 -11 -1 -11 -1 -11 -1 -11 -1 -11 -2 -11 -2 -11 -1 -11 -1 -11 -1 -11 -1 -11 -1 -11 -2 -11 -1 0 0 -12 -1 -12 -1 -12 -1 -12 -1 -12 0 -12 0 -12 0 -12 0 -12 1 -12 1 -12 1 -13 1 -13 1 -13 2 -13 2 -13 2 -13 2 -14 2 -14 2 -14 3 -14 3 -14 3 -14 3 -15 3 -15 3 -15 3 0 0 0 0 0 0 0 0 0 0
1784740925.062526,55314,-43,11,1,7,1,-95,1,646580991,128,0 0 0 0 0 0 0 0 0 0 0 0 -8 -5 -8 -6 -8 -6 -7 -7 -7 -7 -7 -7 -7 -7 -7 -8 -7 -8 -7 -8 -7 -8 -7 -8 -7 -9 -7 -9 -7 -9 -6 -9 -7 -10 -6 -10 -6 -10 -6 -10 -6 -10 -6 -11 -7 -10 -7 -10 -7 -10 -7 -11 0 0 -7 -11 -7 -11 -7 -11 -7 -10 -7 -10 -7 -10 -7 -11 -8 -10 -7 -11 -8 -10 -8 -10 -9 -10 -9 -10 -9 -10 -9 -10 -9 -11 -9 -10 -10 -10 -10 -11 -10 -10 -10 -10 -10 -11 -10 -10 -10 -10 -11 -10 -11 -11 0 0 0 0 0 0 0 0 0 0
1784740925.078443,55315,-44,11,1,7,1,-95,1,646591011,128,0 0 0 0 0 0 0 0 0 0 0 0 -1 -9 -1 -9 0 -10 0 -10 0 -10 0 -10 0 -10 1 -10 1 -11 2 -11 2 -11 3 -11 3 -11 3 -11 3 -11 3 -11 3 -11 3 -12 3 -12 3 -12 3 -11 3 -12 4 -12 4 -11 4 -11 4 -11 0 0 3 -11 3 -12 3 -11 3 -12 2 -11 2 -12 2 -11 2 -12 2 -12 2 -12 2 -12 2 -12 1 -12 1 -12 0 -12 0 -12 0 -13 0 -13 -1 -13 -1 -13 -1 -13 -2 -13 -1 -13 -1 -13 -1 -13 -1 -13 0 0 0 0 0 0 0 0 0 0
1784740925.094690,55316,-45,11,1,7,1,-95,1,646601000,128,0 0 0 0 0 0 0 0 0 0 0 0 -2 8 -3 9 -3 8 -4 9 -4 8 -4 9 -4 8 -5 9 -5 9 -5 8 -6 8 -6 9 -6 8 -7 8 -7 9 -7 8 -8 8 -8 8 -8 8 -8 8 -7 8 -8 7 -7 8 -7 7 -7 7 -7 7 0 0 -7 8 -7 8 -7 8 -6 8 -6 8 -6 8 -6 8 -6 9 -6 9 -5 9 -5 9 -5 10 -5 10 -5 10 -5 10 -5 11 -4 10 -4 11 -4 11 -4 11 -4 12 -4 12 -4 12 -4 12 -4 12 -4 13 0 0 0 0 0 0 0 0 0 0
1784740925.094690,55317,-44,11,1,7,1,-95,1,646611129,128,0 0 0 0 0 0 0 0 0 0 0 0 -7 5 -7 5 -8 4 -8 4 -8 4 -8 4 -9 4 -9 4 -9 3 -10 3 -10 3 -10 3 -10 3 -10 2 -11 2 -11 2 -11 2 -11 2 -11 2 -11 2 -11 2 -11 2 -11 2 -11 2 -11 2 -11 2 0 0 -11 2 -11 2 -11 2 -11 2 -11 3 -11 2 -11 3 -11 3 -11 3 -11 4 -12 4 -11 4 -11 4 -12 4 -11 4 -12 4 -12 4 -12 5 -12 5 -12 5 -12 5 -12 6 -12 5 -13 6 -12 6 -13 6 0 0 0 0 0 0 0 0 0 0
1784740925.110512,55318,-44,11,1,7,1,-95,1,646621037,128,0 0 0 0 0 0 0 0 0 0 0 0 -4 -9 -3 -9 -3 -10 -2 -9 -2 -10 -2 -10 -2 -10 -2 -11 -1 -11 -1 -11 -1 -11 0 -12 0 -12 0 -12 0 -12 0 -12 0 -12 0 -13 1 -12 0 -12 1 -12 0 -12 1 -13 1 -13 1 -12 1 -12 0 0 1 -12 0 -13 0 -12 0 -13 0 -12 0 -13 0 -12 -1 -13 -1 -12 -1 -13 -1 -13 -1 -12 -1 -12 -1 -13 -2 -13 -3 -13 -2 -13 -3 -14 -3 -13 -3 -13 -3 -13 -4 -13 -3 -14 -3 -14 -3 -14 -4 -13 0 0 0 0 0 0 0 0 0 0
1784740925.126462,55319,-44,11,1,7,1,-95,1,646632490,128,0 0 0 0 0 0 0 0 0 0 0 0 -6 -8 -5 -8 -5 -9 -4 -9 -4 -10 -4 -10 -4 -10 -4 -10 -4 -11 -3 -11 -3 -11 -2 -12 -2 -12 -2 -12 -2 -12 -2 -13 -2 -12 -2 -13 -1 -12 -1 -13 -1 -12 -1 -12 -1 -13 0 -12 0 -12 0 -12 0 0 -1 -12 -1 -12 -1 -11 -2 -12 -2 -12 -2 -12 -2 -12 -2 -12 -3 -11 -3 -12 -3 -12 -3 -12 -3 -12 -3 -11 -4 -12 -4 -12 -4 -12 -4 -12 -5 -12 -5 -12 -5 -12 -6 -12 -5 -13 -5 -13 -5 -12 -5 -12 0 0 0 0 0 0 0 0 0 0
1784740925.133049,55320,-45,11,1,7,1,-95,1,646640971,128,0 0 0 0 0 0 0 0 0 0 0 0 -9 2 -9 1 -10 1 -10 0 -10 0 -10 0 -10 -1 -10 -1 -11 -1 -10 -1 -10 -2 -11 -2 -11 -2 -11 -3 -11 -2 -11 -3 -10 -3 -11 -3 -10 -3 -10 -3 -10 -3 -10 -3 -11 -3 -10 -3 -10 -3 -10 -3 0 0 -10 -3 -11 -2 -10 -2 -11 -2 -10 -2 -11 -2 -11 -1 -11 -1 -11 -1 -12 0 -11 0 -12 0 -12 0 -12 0 -12 0 -12 0 -13 1 -13 1 -13 1 -13 1 -13 1 -13 1 -14 1 -14 1 -14 1 -14 1 0 0 0 0 0 0 0 0 0 0
1784740925.142637,55321,-45,11,1,6,1,-95,1,646652665,128,0 0 0 0 0 0 0 0 0 0 0 0 -2 -9 -2 -9 -1 -9 0 -10 0 -9 0 -10 0 -10 0 -10 1 -10 1 -10 1 -10 1 -10 2 -10 2 -10 2 -11 2 -10 2 -11 2 -10 2 -11 2 -11 2 -11 2 -11 2 -11 2 -11 2 -11 2 -11 0 0 2 -12 2 -12 2 -12 2 -11 2 -12 1 -12 2 -12 1 -12 2 -12 1 -12 1 -13 1 -13 1 -13 1 -13 1 -13 1 -14 1 -13 1 -14 1 -14 1 -14 0 -14 1 -14 0 -13 1 -14 0 -14 1 -14 0 0 0 0 0 0 0 0 0 0
1784740925.142637,55322,-45,11,1,7,1,-95,1,646661011,128,0 0 0 0 0 0 0 0 0 0 0 0 -7 -5 -8 -6 -7 -7 -7 -7 -7 -7 -7 -8 -7 -7 -7 -8 -7 -8 -7 -8 -7 -8 -7 -9 -7 -9 -7 -10 -7 -10 -6 -10 -7 -11 -6 -10 -6 -11 -6 -10 -7 -11 -6 -11 -7 -10 -6 -11 -6 -11 -7 -11 0 0 -7 -11 -7 -11 -7 -11 -6 -10 -7 -11 -7 -11 -7 -11 -7 -11 -7 -11 -8 -10 -8 -10 -8 -10 -8 -11 -9 -11 -8 -10 -8 -11 -8 -10 -9 -10 -9 -10 -9 -10 -9 -10 -9 -10 -9 -9 -9 -10 -9 -10 -9 -10 0 0 0 0 0 0 0 0 0 0
1784740925.158546,55323,-45,11,1,7,1,-95,1,646671018,128,0 0 0 0 0 0 0 0 0 0 0 0 -3 -8 -3 -8 -3 -9 -2 -9 -2 -9 -2 -9 -2 -10 -2 -10 -2 -10 -1 -11 0 -11 0 -11 0 -11 0 -12 0 -12 1 -12 1 -12 1 -12 1 -12 1 -12 1 -12 1 -12 2 -12 2 -12 2 -11 2 -12 0 0 1 -12 2 -12 1 -11 1 -12 1 -11 1 -11 0 -12 0 -12 0 -11 0 -12 0 -12 0 -11 0 -11 -1 -11 -1 -12 -1 -12 -1 -12 -2 -12 -2 -12 -3 -12 -2 -12 -3 -12 -3 -12 -2 -12 -2 -12 -3 -12 0 0 0 0 0 0 0 0 0 0
1784740925.174708,55324,-45,11,1,7,1,-95,1,646680979,128,0 0 0 0 0 0 0 0 0 0 0 0 -7 -4 -7 -5 -7 -6 -7 -6 -7 -6 -7 -7 -7 -7 -7 -7 -7 -8 -6 -8 -7 -8 -6 -9 -6 -9 -6 -9 -6 -9 -6 -10 -6 -10 -6 -10 -5 -10 -6 -10 -5 -10 -5 -10 -6 -10 -5 -10 -5 -10 -5 -10 0 0 -6 -10 -6 -10 -6 -9 -7 -9 -6 -9 -7 -9 -7 -9 -7 -9 -7 -9 -8 -9 -8 -9 -8 -9 -8 -9 -8 -9 -9 -9 -9 -9 -9 -9 -10 -9 -10 -9 -10 -9 -10 -9 -10 -9 -10 -9 -10 -9 -10 -9 -11 -9 0 0 0 0 0 0 0 0 0 0
1784740925.174708,55325,-45,11,1,7,1,-95,1,646690921,128,0 0 0 0 0 0 0 0 0 0 0 0 7 1 7 2 7 3 7 3 6 3 7 4 6 4 7 4 6 4 7 4 7 4 7 4 7 5 7 5 7 5 7 6 7 6 7 6 7 6 7 6 7 6 7 7 8 6 8 6 8 6 8 6 0 0 8 7 8 7 8 7 8 7 9 7 9 7 8 7 9 7 9 8 10 7 10 7 10 6 10 7 11 7 10 7 10 8 10 7 11 8 11 8 11 8 11 8 11 9 11 8 11 8 11 8 11 8 0 0 0 0 0 0 0 0 0 0
1784740925.190410,55326,-45,11,1,7,1,-95,1,646700922,128,0 0 0 0 0 0 0 0 0 0 0 0 -1 -8 -1 -8 -1 -8 -1 -8 -1 -8 -1 -9 -1 -9 -1 -9 -1 -9 0 -9 0 -10 0 -10 0 -10 1 -10 0 -10 0 -11 0 -11 0 -11 1 -11 0 -12 0 -11 0 -11 0 -12 1 -12 1 -12 1 -12 0 0 0 -12 0 -13 1 -12 0 -13 0 -12 0 -13 0 -13 0 -13 -1 -13 0 -13 0 -13 0 -13 0 -13 -1 -13 -1 -14 -1 -13 -1 -14 -1 -14 -2 -14 -2 -14 -2 -14 -2 -14 -1 -14 -1 -14 -1 -14 -1 -14 0 0 0 0 0 0 0 0 0 0
1784740925.206606,55327,-46,11,1,7,1,-95,1,646711015,128,0 0 0 0 0 0 0 0 0 0 0 0 1 -7 2 -7 2 -7 3 -8 3 -7 3 -8 3 -8 4 -8 4 -8 4 -8 4 -8 5 -9 5 -8 5 -9 6 -9 6 -8 6 -9 6 -9 7 -9 7 -9 7 -9 7 -9 7 -9 7 -9 7 -9 8 -9 0 0 8 -9 8 -9 8 -9 7 -9 7 -9 7 -9 7 -9 7 -10 7 -10 7 -10 7 -10 7 -10 7 -10 7 -11 7 -10 7 -11 7 -10 7 -11 7 -11 7 -11 7 -11 7 -11 7 -11 7 -11 7 -11 7 -12 0 0 0 0 0 0 0 0 0 0
1784740925.206606,55328,-46,11,1,7,1,-95,1,646721034,128,0 0 0 0 0 0 0 0 0 0 0 0 7 -1 7 -1 7 0 7 0 7 0 8 0 8 1 8 1 8 1 8 1 9 2 9 2 9 2 9 2 10 3 9 3 10 3 9 4 10 4 9 4 10 4 9 4 9 4 10 4 10 4 10 4 0 0 10 4 10 4 10 4 10 4 10 3 10 4 10 4 10 3 11 4 11 3 11 3 11 3 11 3 12 3 11 3 12 3 11 2 12 3 12 3 12 3 12 2 12 3 12 2 12 2 12 2 12 2 0 0 0 0 0 0 0 0 0 0
1784740925.222612,55329,-46,11,1,7,1,-95,1,646731001,128,0 0 0 0 0 0 0 0 0 0 0 0 -7 4 -7 4 -8 4 -8 4 -8 4 -8 4 -9 4 -9 3 -9 4 -10 3 -10 3 -10 2 -10 2 -10 2 -11 2 -11 2 -11 2 -11 2 -11 2 -11 2 -11 2 -11 2 -12 2 -11 2 -12 2 -11 2 0 0 -11 2 -12 3 -11 2 -12 3 -11 3 -12 3 -11 3 -12 4 -11 4 -12 4 -12 4 -12 4 -12 4 -12 4 -12 5 -12 5 -12 5 -13 5 -12 5 -12 5 -12 5 -12 6 -12 5 -12 5 -12 5 -12 5 0 0 0 0 0 0 0 0 0 0
1784740925.239336,55330,-47,11,1,7,1,-95,1,646740984,128,0 0 0 0 0 0 0 0 0 0 0 0 -8 0 -9 0 -9 0 -9 -1 -9 -1 -9 -1 -9 -1 -9 -1 -10 -2 -9 -2 -9 -2 -10 -3 -10 -3 -10 -3 -10 -3 -10 -3 -10 -3 -10 -3 -10 -3 -10 -3 -10 -3 -10 -3 -10 -3 -10 -3 -10 -3 -10 -3 0 0 -10 -3 -10 -3 -11 -3 -11 -2 -11 -2 -11 -2 -11 -2 -11 -2 -12 -2 -12 -1 -12 -2 -12 -1 -12 -1 -12 -1 -13 -1 -13 -1 -13 -1 -13 -1 -13 0 -13 0 -13 0 -14 -1 -13 -1 -13 -1 -13 -1 -13 -1 0 0 0 0 0 0 0 0 0 0
1784740925.239336,55331,-47,11,1,7,1,-95,1,646750989,128,0 0 0 0 0 0 0 0 0 0 0 0 4 -5 5 -5 5 -5 6 -5 6 -5 6 -5 6 -5 6 -5 6 -5 6 -4 7 -4 7 -5 7 -4 7 -4 7 -5 7 -4 7 -5 7 -4 7 -4 7 -4 7 -4 7 -5 7 -5 7 -5 7 -5 7 -6 0 0 8 -6 8 -7 8 -6 8 -7 8 -7 8 -7 8 -7 8 -8 9 -8 9 -9 9 -8 9 -9 9 -9 9 -9 10 -9 10 -9 10 -9 10 -10 10 -10 11 -10 11 -10 11 -9 11 -9 11 -9 11 -9 11 -9 0 0 0 0 0 0 0 0 0 0
1784740925.254819,55332,-47,11,1,7,1,-95,1,646760958,128,0 0 0 0 0 0 0 0 0 0 0 0 7 1 7 2 7 2 7 3 7 3 7 3 7 4 7 4 7 4 7 4 7 5 7 5 7 5 7 5 7 5 7 5 7 5 7 5 7 5 7 5 7 5 8 5 8 5 8 5 8 5 8 4 0 0 9 4 9 4 9 4 10 4 10 4 10 4 11 4 11 4 11 4 12 3 12 4 12 3 12 4 12 4 13 3 13 3 13 4 14 4 13 4 14 4 14 4 14 4 14 4 13 4 13 4 13 5 0 0 0 0 0 0 0 0 0 0
1784740925.254819,55333,-48,11,1,7,1,-95,1,646770934,128,0 0 0 0 0 0 0 0 0 0 0 0 1 -9 2 -9 2 -9 3 -9 3 -9 3 -9 4 -9 4 -9 4 -9 4 -9 5 -9 5 -9 5 -9 5 -9 5 -9 5 -8 6 -9 5 -8 6 -8 5 -8 5 -8 5 -8 4 -8 4 -8 4 -8 4 -9 0 0 4 -9 4 -9 4 -9 3 -9 3 -10 3 -10 3 -10 2 -11 3 -11 2 -11 2 -11 2 -12 2 -12 2 -12 2 -12 2 -13 2 -12 2 -13 2 -13 2 -13 2 -13 2 -13 2 -13 2 -13 2 -13 2 -13 0 0 0 0 0 0 0 0 0 0
1784740925.270617,55334,-49,11,1,7,1,-95,1,646781078,128,0 0 0 0 0 0 0 0 0 0 0 0 -1 -9 -1 -9 0 -9 0 -9 0 -9 0 -9 1 -9 0 -9 1 -9 1 -10 2 -9 2 -10 2 -10 2 -10 2 -9 3 -10 3 -10 3 -10 2 -10 2 -10 2 -10 2 -10 2 -10 2 -10 2 -10 2 -10 0 0 1 -10 1 -11 2 -10 1 -11 1 -10 1 -11 1 -11 1 -11 0 -12 0 -12 1 -12 0 -12 0 -12 0 -12 0 -13 0 -12 1 -13 0 -13 0 -13 -1 -13 0 -13 -1 -14 0 -14 0 -13 0 -13 0 -13 0 0 0 0 0 0 0 0 0 0
1784740925.286418,55335,-48,11,1,7,1,-95,1,646790937,128,0 0 0 0 0 0 0 0 0 0 0 0 7 -4 7 -4 7 -3 7 -3 8 -3 7 -3 8 -3 8 -3 8 -3 9 -2 9 -2 9 -2 9 -2 10 -2 9 -2 10 -2 10 -2 10 -2 10 -2 10 -2 10 -1 10 -2 10 -1 10 -1 10 -1 10 -1 0 0 10 -2 10 -2 10 -2 11 -3 10 -3 11 -3 10 -3 11 -3 10 -4 11 -4 11 -4 11 -4 11 -4 11 -4 12 -5 11 -5 12 -5 12 -5 12 -5 12 -6 12 -5 12 -6 13 -5 13 -5 12 -5 12 -5 0 0 0 0 0 0 0 0 0 0
1784740925.286418,55336,-48,11,1,7,1,-95,1,646802795,128,0 0 0 0 0 0 0 0 0 0 0 0 3 -8 4 -8 5 -8 4 -8 5 -8 5 -8 5 -8 6 -8 6 -8 6 -8 7 -7 7 -7 7 -7 7 -7 7 -7 8 -7 8 -7 8 -7 8 -6 8 -7 7 -7 7 -7 7 -7 7 -7 7 -7 7 -7 0 0 7 -7 7 -8 6 -8 7 -8 6 -8 7 -9 6 -9 6 -9 6 -9 7 -10 7 -10 6 -10 6 -10 7 -10 6 -11 6 -11 7 -11 7 -12 7 -12 7 -12 7 -12 7 -12 7 -12 7 -12 7 -12 7 -12 0 0 0 0 0 0 0 0 0 0
1784740925.302653,55337,-47,11,1,7,1,-95,1,646810943,128,0 0 0 0 0 0 0 0 0 0 0 0 9 -2 8 -1 9 -1 9 0 9 0 9 0 9 0 10 1 10 1 10 1 10 2 10 2 10 2 10 2 10 2 10 2 10 2 10 3 9 2 9 3 10 2 10 2 10 2 9 2 9 2 9 2 0 0 10 1 10 1 10 1 10 1 10 0 10 0 10 0 11 0 11 0 11 -1 11 -1 11 -1 11 -1 11 -1 12 -1 11 -1 12 -1 12 -1 12 -2 12 -2 12 -2 12 -2 13 -2 13 -2 12 -2 12 -2 0 0 0 0 0 0 0 0 0 0
1784740925.318886,55338,-47,11,1,6,1,-95,1,646823167,128,0 0 0 0 0 0 0 0 0 0 0 0 7 -6 7 -6 8 -6 8 -5 9 -5 8 -5 9 -5 9 -4 9 -5 9 -4 10 -4 10 -3 10 -3 10 -3 10 -3 10 -3 10 -3 11 -3 10 -3 10 -3 10 -3 10 -3 10 -3 10 -3 10 -3 10 -3 0 0 10 -4 10 -4 9 -4 10 -5 10 -5 10 -5 10 -5 10 -6 10 -6 11 -6 10 -6 10 -6 10 -6 10 -6 10 -8 10 -7 11 -7 10 -8 10 -8 10 -8 10 -8 10 -9 11 -8 11 -8 11 -8 11 -8 0 0 0 0 0 0 0 0 0 0
1784740925.318886,55339,-46,11,1,7,1,-95,1,646831182,128,0 0 0 0 0 0 0 0 0 0 0 0 5 -7 6 -7 7 -6 7 -6 7 -6 7 -6 7 -6 8 -6 8 -6 8 -5 8 -6 9 -5 9 -5 9 -5 9 -5 9 -5 10 -5 10 -5 10 -5 10 -5 10 -5 10 -4 9 -5 9 -4 9 -5 10 -5 0 0 10 -5 9 -5 10 -5 9 -6 9 -6 9 -6 10 -6 10 -6 10 -6 10 -7 10 -7 10 -7 10 -8 10 -8 10 -8 10 -8 10 -8 10 -8 11 -9 11 -9 11 -9 11 -9 11 -8 11 -8 11 -9 11 -9 0 0 0 0 0 0 0 0 0 0
1784740925.334883,55340,-47,11,1,7,1,-95,1,646840999,128,0 0 0 0 0 0 0 0 0 0 0 0 -7 -7 -7 -7 -7 -8 -6 -8 -6 -8 -6 -8 -6 -8 -6 -9 -6 -9 -5 -9 -5 -9 -5 -10 -4 -10 -4 -10 -5 -9 -5 -10 -4 -9 -5 -10 -4 -9 -5 -9 -5 -9 -5 -9 -5 -10 -4 -9 -4 -9 -5 -9 0 0 -5 -9 -6 -9 -6 -9 -7 -9 -6 -9 -7 -9 -7 -8 -7 -9 -7 -9 -8 -10 -8 -9 -8 -9 -8 -9 -8 -9 -9 -9 -9 -9 -9 -10 -9 -9 -9 -9 -10 -9 -10 -9 -10 -9 -10 -10 -9 -10 -10 -10 -10 -10 0 0 0 0 0 0 0 0 0 0
1784740925.334883,55341,-47,11,1,7,1,-95,1,646850948,128,0 0 0 0 0 0 0 0 0 0 0 0 -11 -1 -11 -2 -11 -3 -11 -3 -10 -4 -11 -4 -10 -4 -10 -4 -10 -5 -10 -5 -10 -5 -10 -5 -10 -6 -10 -6 -10 -6 -9 -6 -10 -6 -9 -6 -9 -6 -9 -6 -9 -5 -9 -5 -9 -5 -9 -5 -9 -5 -9 -4 0 0 -9 -4 -9 -3 -9 -3 -10 -3 -10 -3 -10 -3 -10 -2 -11 -2 -11 -2 -11 -2 -11 -2 -11 -1 -11 -1 -12 -1 -12 -1 -12 -1 -12 -1 -12 -1 -12 -1 -13 0 -13 0 -13 0 -13 0 -13 -1 -13 0 -13 0 0 0 0 0 0 0 0 0 0 0
1784740925.354999,55342,-47,11,1,7,1,-95,1,646860951,128,0 0 0 0 0 0 0 0 0 0 0 0 11 -1 11 0 10 1 11 2 10 2 11 3 11 3 11 3 10 4 10 3 10 4 10 4 10 5 10 4 10 5 9 5 9 6 9 5 9 5 9 5 9 5 8 5 8 4 9 4 8 4 9 4 0 0 9 4 9 3 9 3 9 3 9 2 9 2 9 2 10 2 10 2 10 1 10 1 10 1 11 1 11 1 11 0 12 1 11 0 12 0 12 0 12 0 13 0 13 0 12 0 13 -1 13 -1 13 -1 0 0 0 0 0 0 0 0 0 0
1784740925.369014,55343,-47,11,1,7,1,-95,1,646870954,128,0 0 0 0 0 0 0 0 0 0 0 0 -11 1 -11 0 -11 0 -11 -1 -11 -1 -11 -2 -11 -2 -11 -2 -11 -2 -11 -3 -11 -4 -11 -4 -11 -4 -11 -4 -11 -4 -11 -4 -10 -4 -11 -4 -10 -4 -10 -4 -10 -4 -10 -4 -10 -4 -10 -4 -9 -4 -10 -4 0 0 -10 -3 -10 -3 -10 -2 -11 -2 -10 -1 -11 -2 -11 -1 -11 -1 -11 -1 -12 -1 -12 0 -11 0 -11 0 -12 0 -12 1 -12 1 -13 0 -13 1 -13 1 -13 2 -13 1 -13 2 -14 1 -14 1 -14 1 -14 2 0 0 0 0 0 0 0 0 0 0
1784740925.371695,55344,-46,11,1,7,1,-95,1,646881865,128,0 0 0 0 0 0 0 0 0 0 0 0 -4 -9 -3 -10 -2 -10 -2 -10 -2 -10 -1 -10 -1 -10 -1 -10 0 -10 0 -10 0 -10 0 -10 0 -10 0 -11 0 -10 1 -11 1 -11 1 -10 1 -10 1 -11 1 -11 1 -10 0 -10 0 -10 0 -11 0 -11 0 0 0 -11 0 -11 0 -11 -1 -11 -1 -11 -1 -11 -1 -12 -1 -12 -1 -12 -2 -12 -2 -12 -2 -12 -2 -12 -2 -12 -2 -13 -2 -13 -2 -13 -3 -13 -2 -13 -3 -13 -3 -14 -3 -14 -3 -14 -3 -14 -3 -14 -3 -14 0 0 0 0 0 0 0 0 0 0
1784740925.382636,55345,-46,11,1,7,1,-95,1,646890922,128,0 0 0 0 0 0 0 0 0 0 0 0 -9 -2 -9 -3 -9 -4 -9 -4 -9 -5 -9 -5 -8 -5 -9 -5 -9 -6 -8 -6 -9 -6 -9 -6 -8 -6 -8 -6 -9 -7 -8 -7 -8 -7 -8 -7 -8 -7 -8 -7 -8 -7 -8 -7 -8 -7 -8 -7 -8 -7 -9 -7 0 0 -9 -7 -9 -7 -9 -7 -9 -7 -9 -6 -9 -6 -9 -6 -10 -6 -10 -6 -11 -6 -11 -6 -11 -6 -11 -6 -11 -6 -11 -6 -12 -6 -11 -6 -12 -6 -12 -6 -12 -6 -12 -6 -12 -6 -12 -6 -12 -6 -13 -6 -13 -6 0 0 0 0 0 0 0 0 0 0
1784740925.399055,55346,-46,11,1,7,1,-95,1,646901027,128,0 0 0 0 0 0 0 0 0 0 0 0 -2 -9 -1 -9 -1 -10 0 -10 0 -10 1 -10 1 -10 1 -10 1 -11 2 -11 2 -10 3 -11 3 -10 3 -10 3 -10 3 -11 3 -10 3 -11 4 -10 3 -10 3 -10 3 -10 3 -10 3 -10 3 -10 3 -10 0 0 3 -10 2 -11 2 -10 2 -11 2 -11 2 -11 2 -11 2 -12 1 -11 1 -12 1 -12 1 -12 1 -12 1 -12 0 -13 0 -13 0 -13 0 -13 0 -13 -1 -14 0 -14 -1 -14 0 -14 0 -14 0 -14 0 -14 0 0 0 0 0 0 0 0 0 0
1784740925.399055,55347,-46,11,1,7,1,-95,1,646910917,128,0 0 0 0 0 0 0 0 0 0 0 0 -8 5 -9 5 -9 4 -10 4 -10 3 -10 3 -10 3 -11 3 -11 2 -10 2 -11 2 -11 2 -11 2 -11 1 -12 1 -11 0 -12 0 -11 0 -11 0 -11 0 -11 0 -11 0 -11 1 -11 0 -11 0 -11 1 0 0 -11 1 -11 1 -11 1 -10 1 -10 2 -10 2 -10 2 -10 3 -11 2 -10 3 -10 3 -10 4 -11 4 -11 4 -11 4 -11 5 -11 4 -11 5 -11 5 -11 5 -11 6 -12 6 -11 6 -12 6 -12 6 -12 6 0 0 0 0 0 0 0 0 0 0
1784740925.414386,55348,-46,11,1,7,1,-95,1,646921022,128,0 0 0 0 0 0 0 0 0 0 0 0 -7 -7 -7 -7 -6 -8 -6 -8 -6 -8 -6 -9 -6 -9 -6 -9 -6 -9 -5 -10 -5 -10 -5 -10 -4 -10 -4 -10 -5 -10 -4 -11 -4 -11 -4 -11 -4 -11 -4 -11 -4 -11 -4 -11 -4 -11 -4 -11 -4 -11 -4 -11 0 0 -4 -11 -5 -11 -4 -11 -5 -11 -5 -10 -5 -10 -6 -10 -6 -10 -6 -10 -6 -11 -6 -10 -6 -10 -6 -11 -7 -11 -7 -10 -7 -10 -7 -11 -7 -10 -8 -10 -8 -11 -8 -10 -8 -10 -8 -11 -8 -11 -8 -11 -8 -11 0 0 0 0 0 0 0 0 0 0
1784740925.414386,55349,-45,11,1,7,1,-95,1,646930907,128,0 0 0 0 0 0 0 0 0 0 0 0 2 -8 3 -8 3 -8 4 -8 4 -8 4 -8 4 -8 5 -8 5 -8 5 -8 6 -8 6 -8 6 -8 6 -8 6 -8 6 -8 7 -8 7 -9 7 -9 7 -8 7 -9 7 -9 7 -9 7 -8 7 -8 8 -8 0 0 7 -9 7 -9 7 -9 7 -9 7 -9 7 -9 7 -9 7 -10 7 -10 7 -10 7 -10 7 -10 7 -10 7 -10 6 -11 6 -11 7 -11 6 -11 6 -11 6 -12 6 -12 6 -12 6 -12 7 -12 6 -12 6 -12 0 0 0 0 0 0 0 0 0 0
1784740925.434139,55350,-45,11,1,7,1,-95,1,646940966,128,0 0 0 0 0 0 0 0 0 0 0 0 -3 -8 -2 -8 -2 -9 -2 -9 -2 -9 -1 -10 -1 -10 -1 -10 -1 -10 -1 -10 -1 -11 -1 -11 0 -11 0 -11 0 -12 0 -12 0 -12 0 -12 1 -12 1 -13 1 -12 1 -13 1 -12 1 -13 1 -13 1 -13 0 0 1 -13 1 -13 1 -13 0 -13 1 -13 0 -14 0 -13 0 -14 0 -14 0 -14 -1 -14 -1 -14 -1 -14 -1 -14 -1 -14 -1 -15 -1 -14 -2 -15 -2 -15 -2 -15 -2 -15 -2 -15 -2 -15 -2 -15 -2 -15 -2 -15 0 0 0 0 0 0 0 0 0 0
1784740925.446560,55351,-46,11,1,7,1,-95,1,646950925,128,0 0 0 0 0 0 0 0 0 0 0 0 4 -7 4 -7 4 -7 5 -7 5 -7 5 -7 5 -7 5 -7 5 -7 6 -7 7 -7 7 -7 7 -7 7 -6 7 -7 7 -7 8 -7 8 -7 8 -7 8 -7 8 -7 8 -7 8 -7 9 -6 9 -6 9 -7 0 0 8 -8 9 -8 9 -7 9 -8 8 -8 8 -8 8 -8 8 -9 8 -9 9 -9 9 -8 9 -9 9 -9 8 -9 8 -10 8 -10 8 -10 9 -10 8 -11 8 -11 8 -11 8 -11 9 -11 9 -11 9 -11 9 -11 0 0 0 0 0 0 0 0 0 0
1784740925.455952,55352,-46,11,1,7,1,-95,1,646961065,128,0 0 0 0 0 0 0 0 0 0 0 0 7 2 7 3 7 3 7 4 7 4 7 4 7 5 7 5 7 5 7 5 7 6 7 6 7 6 7 7 7 7 7 7 7 7 7 7 7 7 7 8 7 8 7 8 7 8 7 8 7 8 7 8 0 0 7 8 7 8 7 8 7 8 8 8 7 8 8 8 8 8 8 8 8 8 9 8 9 7 9 7 9 8 9 7 10 7 9 8 10 7 10 8 10 8 10 8 11 8 10 8 11 8 11 8 11 8 0 0 0 0 0 0 0 0 0 0
1784740925.466888,55353,-46,11,1,7,1,-95,1,646970947,128,0 0 0 0 0 0 0 0 0 0 0 0 -6 5 -7 5 -7 5 -8 5 -8 5 -8 5 -8 5 -8 5 -9 4 -9 4 -9 4 -9 4 -10 4 -10 4 -11 4 -11 3 -11 4 -11 3 -11 3 -11 3 -11 3 -11 3 -11 3 -11 3 -11 3 -11 3 0 0 -12 3 -11 3 -11 3 -11 4 -11 4 -11 4 -11 4 -11 4 -11 4 -11 5 -11 4 -11 5 -11 5 -12 5 -11 5 -12 6 -11 6 -12 6 -12 7 -12 6 -11 7 -12 7 -12 7 -12 6 -12 7 -12 7 0 0 0 0 0 0 0 0 0 0
1784740925.478181,55354,-46,11,1,7,1,-95,1,646984310,128,0 0 0 0 0 0 0 0 0 0 0 0 -4 7 -4 7 -5 7 -5 6 -5 7 -5 7 -6 7 -6 7 -6 7 -7 7 -7 7 -7 7 -8 7 -8 7 -8 7 -9 7 -9 7 -9 7 -9 7 -9 7 -9 7 -9 7 -10 7 -10 7 -10 7 -10 7 0 0 -10 7 -10 7 -10 7 -10 7 -10 7 -10 7 -9 8 -10 8 -10 8 -10 9 -10 9 -9 9 -10 9 -9 8 -10 9 -9 9 -10 9 -9 9 -9 10 -9 10 -9 10 -9 10 -10 10 -10 10 -10 10 -10 10 0 0 0 0 0 0 0 0 0 0
1784740925.478181,55355,-46,11,1,7,1,-95,1,646990951,128,0 0 0 0 0 0 0 0 0 0 0 0 -6 -6 -5 -6 -5 -7 -5 -7 -5 -7 -5 -7 -5 -8 -5 -8 -5 -8 -5 -9 -5 -9 -4 -9 -4 -9 -4 -9 -4 -9 -4 -10 -4 -10 -4 -11 -4 -11 -5 -11 -4 -11 -4 -11 -4 -11 -4 -11 -4 -11 -4 -11 0 0 -4 -11 -5 -11 -4 -11 -5 -12 -5 -11 -5 -12 -5 -11 -5 -12 -5 -11 -6 -12 -6 -12 -6 -11 -6 -11 -6 -11 -7 -12 -7 -11 -7 -12 -7 -12 -7 -12 -8 -12 -8 -12 -8 -12 -8 -12 -8 -12 -8 -13 -8 -12 0 0 0 0 0 0 0 0 0 0
1784740925.500085,55356,-46,11,1,7,1,-95,1,647000960,128,0 0 0 0 0 0 0 0 0 0 0 0 -7 -3 -7 -3 -7 -4 -7 -4 -7 -4 -7 -5 -7 -5 -7 -5 -7 -5 -7 -5 -7 -5 -7 -6 -7 -6 -8 -6 -8 -7 -7 -7 -8 -7 -7 -7 -8 -7 -7 -7 -8 -7 -8 -8 -8 -7 -8 -7 -8 -7 -8 -8 0 0 -9 -8 -8 -8 -9 -8 -9 -8 -9 -8 -9 -8 -9 -8 -10 -8 -10 -8 -10 -8 -10 -8 -10 -8 -10 -8 -11 -8 -11 -8 -11 -9 -11 -8 -12 -9 -11 -9 -12 -9 -12 -9 -12 -9 -12 -8 -12 -9 -12 -9 -13 -9 0 0 0 0 0 0 0 0 0 0
1784740925.500085,55357,-47,11,1,7,1,-95,1,647010935,128,0 0 0 0 0 0 0 0 0 0 0 0 -6 2 -7 2 -7 1 -7 1 -7 1 -8 1 -7 1 -8 1 -8 1 -8 1 -8 0 -8 0 -9 0 -8 0 -8 0 -9 0 -9 0 -9 0 -9 0 -9 1 -9 1 -10 1 -10 1 -10 1 -10 1 -10 1 0 0 -11 2 -11 2 -11 2 -11 2 -11 2 -12 2 -12 3 -12 3 -12 3 -13 3 -13 3 -13 4 -13 3 -13 3 -13 4 -14 4 -14 4 -14 4 -15 4 -15 4 -15 4 -15 4 -15 4 -16 4 -15 3 -16 4 0 0 0 0 0 0 0 0 0 0
1784740925.513075,55358,-47,11,1,7,1,-95,1,647020964,128,0 0 0 0 0 0 0 0 0 0 0 0 3 -5 3 -5 3 -5 4 -5 4 -5 4 -5 4 -5 4 -5 4 -5 4 -5 4 -5 4 -5 5 -5 4 -5 4 -6 5 -6 5 -6 5 -6 5 -7 5 -7 5 -7 5 -7 5 -7 5 -8 5 -7 5 -8 0 0 5 -9 5 -9 6 -9 6 -10 6 -10 6 -10 6 -10 6 -11 6 -11 7 -12 7 -12 7 -11 7 -11 7 -12 7 -13 7 -13 8 -12 8 -13 8 -13 8 -14 8 -13 8 -13 9 -14 9 -13 9 -13 9 -13 0 0 0 0 0 0 0 0 0 0
1784740925.525646,55359,-47,11,1,7,1,-95,1,647031019,128,0 0 0 0 0 0 0 0 0 0 0 0 4 1 4 2 4 2 5 2 4 2 5 2 4 2 5 2 5 2 5 2 5 2 5 3 6 3 6 3 6 3 6 3 7 3 6 3 7 3 7 3 7 3 7 3 8 3 8 3 8 3 9 3 0 0 9 3 9 4 10 4 9 3 10 3 10 4 11 4 11 4 11 4 11 4 12 4 12 4 12 4 13 4 12 4 14 5 12 4 14 5 14 5 14 5 14 5 14 5 14 5 14 5 14 5 15 5 0 0 0 0 0 0 0 0 0 0
1784740925.535209,55360,-47,11,1,7,1,-95,1,647040945,128,0 0 0 0 0 0 0 0 0 0 0 0 4 -4 4 -4 5 -3 5 -4 5 -4 5 -4 5 -4 5 -4 5 -4 6 -4 6 -4 6 -4 6 -4 6 -4 7 -4 7 -4 7 -4 7 -4 8 -4 8 -5 8 -5 8 -5 9 -5 9 -5 9 -5 9 -5 0 0 9 -5 10 -5 9 -5 10 -6 10 -6 10 -6 10 -6 10 -6 10 -6 11 -7 11 -6 11 -7 11 -6 11 -7 12 -8 12 -7 12 -7 12 -8 12 -8 12 -8 12 -8 13 -8 13 -8 13 -7 14 -7 13 -7 0 0 0 0 0 0 0 0 0 0
1784740925.546786,55361,-47,11,1,7,1,-95,1,647050983,128,0 0 0 0 0 0 0 0 0 0 0 0 -6 -4 -6 -4 -6 -4 -6 -5 -6 -5 -6 -5 -6 -5 -6 -5 -6 -5 -6 -6 -6 -6 -6 -6 -7 -7 -7 -7 -7 -7 -7 -7 -7 -7 -7 -8 -7 -8 -7 -8 -7 -8 -7 -8 -8 -8 -7 -8 -7 -8 -7 -9 0 0 -8 -9 -8 -8 -8 -9 -9 -9 -9 -9 -9 -9 -9 -8 -9 -9 -9 -9 -10 -9 -10 -9 -10 -9 -10 -9 -10 -9 -11 -9 -11 -9 -11 -10 -11 -10 -12 -10 -12 -10 -12 -10 -12 -10 -12 -10 -12 -11 -12 -11 -12 -11 0 0 0 0 0 0 0 0 0 0
1784740925.557397,55362,-47,11,1,7,1,-95,1,647060967,128,0 0 0 0 0 0 0 0 0 0 0 0 -6 -4 -6 -4 -6 -5 -6 -5 -6 -5 -6 -6 -6 -6 -6 -6 -6 -7 -6 -6 -6 -7 -6 -7 -6 -7 -6 -7 -6 -8 -6 -8 -6 -9 -6 -8 -6 -8 -6 -9 -6 -9 -6 -9 -6 -8 -6 -9 -6 -9 -7 -9 0 0 -7 -9 -7 -9 -7 -10 -7 -9 -7 -9 -7 -10 -7 -10 -8 -10 -7 -10 -8 -9 -9 -9 -9 -10 -9 -10 -9 -10 -9 -10 -10 -11 -9 -10 -10 -11 -10 -11 -10 -11 -10 -11 -10 -12 -10 -11 -10 -11 -10 -11 -11 -11 0 0 0 0 0 0 0 0 0 0
1784740925.557397,55363,-47,11,1,7,1,-95,1,647071017,128,0 0 0 0 0 0 0 0 0 0 0 0 0 6 0 6 -1 7 -1 6 -1 7 -1 6 -1 7 -2 7 -2 7 -2 7 -2 7 -3 7 -3 8 -3 7 -3 7 -3 8 -3 8 -3 8 -3 8 -3 8 -4 8 -3 8 -3 9 -3 8 -3 8 -3 8 0 0 -3 9 -3 9 -3 9 -3 10 -2 9 -3 10 -2 10 -2 10 -2 10 -2 12 -2 11 -2 11 -2 11 -2 11 -2 12 -2 12 -2 13 -2 12 -2 13 -2 13 -2 13 -2 13 -2 14 -3 14 -3 13 -2 14 0 0 0 0 0 0 0 0 0 0
1784740925.573456,55364,-48,11,1,7,1,-95,1,647080895,128,0 0 0 0 0 0 0 0 0 0 0 0 5 -3 6 -3 5 -3 6 -2 6 -2 6 -2 6 -2 6 -2 6 -2 6 -2 6 -1 7 -2 7 -1 7 -1 7 -1 7 -1 8 -1 7 -1 8 -1 7 -1 7 -2 7 -2 7 -2 7 -1 8 -2 8 -2 0 0 8 -2 8 -3 9 -3 8 -3 9 -3 9 -3 9 -3 9 -4 10 -4 10 -4 10 -4 11 -4 11 -4 11 -4 11 -5 12 -5 11 -4 12 -5 12 -5 13 -5 13 -5 13 -5 13 -5 13 -4 14 -5 14 -5 0 0 0 0 0 0 0 0 0 0
1784740925.573456,55365,-49,11,1,7,1,-95,1,647091022,128,0 0 0 0 0 0 0 0 0 0 0 0 -2 6 -2 6 -3 6 -3 6 -3 5 -3 6 -3 6 -3 6 -3 6 -3 6 -3 6 -3 5 -4 6 -4 6 -3 6 -4 6 -4 6 -4 6 -3 6 -3 6 -3 7 -3 7 -3 7 -3 7 -3 7 -3 7 0 0 -2 8 -3 8 -3 8 -2 9 -2 9 -2 9 -2 10 -2 10 -2 10 -2 11 -2 11 -2 11 -2 12 -2 12 -2 12 -2 12 -2 13 -2 13 -2 13 -2 14 -2 14 -2 14 -2 14 -3 14 -2 15 -3 15 0 0 0 0 0 0 0 0 0 0
1784740925.589386,55366,-49,11,1,7,1,-95,1,647100909,128,0 0 0 0 0 0 0 0 0 0 0 0 -2 5 -2 5 -3 5 -3 5 -3 5 -3 5 -3 5 -3 5 -3 5 -3 5 -4 5 -4 5 -4 5 -4 5 -4 5 -4 6 -3 5 -4 6 -3 6 -3 6 -4 6 -3 6 -3 7 -4 6 -3 6 -3 7 0 0 -3 7 -3 8 -3 8 -3 9 -3 8 -3 9 -3 9 -3 10 -3 10 -3 11 -3 11 -3 11 -3 11 -3 11 -3 13 -3 12 -4 13 -4 13 -3 13 -4 14 -4 14 -4 14 -5 14 -5 14 -5 14 -5 14 0 0 0 0 0 0 0 0 0 0
1784740925.607035,55367,-49,11,1,7,1,-95,1,647110982,128,0 0 0 0 0 0 0 0 0 0 0 0 3 3 3 4 3 4 3 4 3 4 3 4 3 4 3 4 3 4 3 4 3 4 3 4 4 4 4 4 4 5 4 5 4 5 4 5 4 5 5 5 5 5 5 5 5 5 5 5 6 5 6 6 0 0 7 6 7 6 7 6 7 6 7 6 8 6 8 6 8 6 9 7 9 7 9 7 10 7 10 7 10 8 10 7 10 8 10 8 11 8 11 8 11 9 12 8 12 9 11 9 11 10 12 10 12 10 0 0 0 0 0 0 0 0 0 0
1784740925.616654,55368,-49,11,1,7,1,-95,1,647121775,128,0 0 0 0 0 0 0 0 0 0 0 0 5 1 4 1 5 1 4 1 5 1 4 1 5 1 5 1 5 1 5 2 5 2 5 2 5 2 5 2 5 1 6 2 6 1 7 1 6 1 6 1 7 1 7 1 7 1 7 1 7 1 8 1 0 0 8 1 9 0 9 0 10 0 9 0 10 0 10 0 11 0 11 0 12 0 12 0 12 0 12 0 12 0 14 0 13 0 14 0 14 0 14 0 15 0 15 0 15 0 16 1 16 1 16 2 16 1 0 0 0 0 0 0 0 0 0 0
1784740925.621094,55369,-50,11,1,7,1,-95,1,647130992,128,0 0 0 0 0 0 0 0 0 0 0 0 2 -5 2 -5 2 -5 3 -5 3 -5 2 -5 2 -5 3 -5 2 -5 3 -5 3 -5 3 -5 3 -5 3 -5 3 -6 3 -6 3 -6 3 -6 3 -6 3 -6 3 -6 3 -7 3 -7 3 -7 3 -7 3 -7 0 0 2 -8 2 -8 2 -8 2 -9 2 -9 2 -10 2 -10 2 -10 2 -10 2 -11 3 -11 3 -12 3 -11 3 -12 3 -13 3 -13 4 -13 4 -13 3 -14 3 -14 4 -14 4 -14 4 -14 5 -15 5 -15 5 -15 0 0 0 0 0 0 0 0 0 0
1784740925.638443,55370,-50,11,1,7,1,-95,1,647143332,128,0 0 0 0 0 0 0 0 0 0 0 0 -3 5 -4 5 -4 5 -4 4 -4 4 -4 4 -4 4 -4 4 -4 4 -4 4 -4 4 -4 4 -4 4 -4 4 -4 5 -4 5 -4 5 -4 5 -4 5 -4 5 -4 6 -4 6 -4 6 -4 6 -3 6 -3 7 0 0 -3 7 -3 7 -4 8 -3 8 -3 9 -3 9 -3 9 -3 10 -3 10 -3 11 -3 11 -3 11 -3 11 -4 11 -3 12 -4 12 -4 12 -4 13 -4 13 -4 13 -4 13 -4 14 -5 13 -5 13 -5 14 -5 14 0 0 0 0 0 0 0 0 0 0
1784740925.648575,55371,-50,11,1,7,1,-95,1,647150975,128,0 0 0 0 0 0 0 0 0 0 0 0 0 -7 0 -7 1 -7 1 -7 1 -7 1 -7 1 -7 1 -7 1 -7 1 -7 1 -7 1 -7 0 -7 1 -7 0 -7 0 -7 0 -7 0 -8 0 -8 0 -8 -1 -8 -1 -8 -1 -8 -1 -8 -1 -9 -1 -9 0 0 -1 -9 -2 -10 -2 -10 -2 -11 -2 -10 -2 -11 -2 -11 -3 -11 -2 -12 -3 -12 -3 -12 -3 -13 -3 -13 -3 -13 -3 -14 -3 -14 -3 -15 -3 -14 -3 -15 -3 -15 -3 -15 -3 -15 -3 -16 -2 -16 -2 -16 -2 -16 0 0 0 0 0 0 0 0 0 0
1784740925.652652,55372,-48,11,1,7,1,-95,1,647162504,128,0 0 0 0 0 0 0 0 0 0 0 0 -5 -7 -4 -7 -4 -7 -3 -7 -3 -7 -3 -7 -3 -7 -3 -7 -3 -7 -3 -7 -3 -7 -3 -7 -3 -7 -3 -7 -4 -7 -3 -7 -3 -7 -4 -7 -4 -7 -4 -8 -4 -8 -4 -8 -5 -8 -5 -8 -5 -8 -5 -8 0 0 -6 -8 -6 -9 -6 -9 -7 -9 -7 -9 -7 -9 -7 -9 -8 -9 -7 -10 -8 -10 -8 -10 -8 -10 -9 -11 -9 -11 -9 -11 -9 -11 -9 -12 -9 -12 -9 -12 -9 -12 -9 -13 -9 -13 -9 -13 -9 -13 -9 -13 -9 -13 0 0 0 0 0 0 0 0 0 0
1784740925.668902,55373,-48,11,1,7,1,-95,1,647172478,128,0 0 0 0 0 0 0 0 0 0 0 0 -6 5 -6 5 -7 4 -7 4 -7 4 -7 4 -7 4 -7 3 -7 4 -8 3 -8 3 -8 3 -8 3 -8 3 -8 3 -8 4 -8 4 -8 4 -8 4 -8 4 -9 4 -9 4 -8 4 -9 5 -9 4 -9 5 0 0 -9 5 -9 6 -10 5 -10 6 -9 6 -10 6 -10 7 -10 7 -10 7 -11 8 -11 8 -11 8 -11 8 -11 8 -11 8 -12 8 -12 8 -12 8 -12 9 -13 9 -13 9 -13 9 -13 9 -13 8 -13 9 -14 9 0 0 0 0 0 0 0 0 0 0
1784740925.668902,55374,-47,11,1,7,1,-95,1,647181045,128,0 0 0 0 0 0 0 0 0 0 0 0 -2 6 -3 6 -3 6 -4 6 -4 6 -4 6 -4 6 -4 6 -4 6 -5 6 -5 6 -5 6 -5 6 -5 6 -5 6 -5 7 -5 6 -5 7 -5 7 -5 7 -5 7 -5 7 -5 8 -5 7 -5 7 -5 8 0 0 -5 8 -5 9 -5 8 -5 9 -5 9 -5 9 -5 9 -5 10 -5 10 -5 11 -5 11 -5 11 -5 11 -5 11 -5 12 -5 12 -6 12 -5 12 -5 12 -5 13 -5 13 -6 13 -6 13 -6 13 -6 13 -6 13 0 0 0 0 0 0 0 0 0 0
1784740925.688776,55375,-46,11,1,7,1,-95,1,647198828,128,0 0 0 0 0 0 0 0 0 0 0 0 4 -6 4 -6 5 -6 5 -6 5 -5 5 -5 5 -5 6 -5 6 -5 6 -5 6 -5 7 -5 7 -5 7 -5 7 -5 7 -5 7 -5 7 -5 7 -5 7 -5 8 -5 8 -5 7 -6 7 -6 8 -6 8 -6 0 0 8 -6 8 -6 8 -7 8 -7 8 -7 9 -7 9 -7 9 -8 9 -8 9 -8 9 -8 9 -9 9 -9 10 -9 10 -9 10 -9 10 -9 10 -9 10 -10 10 -9 10 -10 11 -10 11 -10 11 -10 11 -10 11 -10 0 0 0 0 0 0 0 0 0 0
1784740925.700980,55376,-46,11,1,7,1,-95,1,647206036,128,0 0 0 0 0 0 0 0 0 0 0 0 -1 -7 -1 -7 0 -7 0 -8 0 -8 0 -8 0 -8 1 -8 1 -8 1 -8 2 -8 2 -8 2 -8 2 -8 2 -9 2 -9 2 -9 2 -9 2 -9 2 -9 2 -9 2 -9 2 -9 2 -9 2 -10 2 -10 0 0 2 -10 2 -10 2 -10 2 -11 2 -11 2 -11 2 -11 2 -12 2 -12 2 -12 2 -13 2 -12 2 -12 2 -13 1 -13 2 -14 2 -13 2 -14 2 -14 2 -14 2 -14 1 -14 2 -14 2 -14 2 -15 2 -15 0 0 0 0 0 0 0 0 0 0
1784740925.700980,55377,-46,11,1,7,1,-95,1,647212424,128,0 0 0 0 0 0 0 0 0 0 0 0 -4 -6 -4 -6 -3 -7 -3 -7 -3 -7 -3 -7 -3 -7 -3 -8 -3 -8 -3 -8 -3 -8 -3 -8 -2 -8 -3 -9 -3 -9 -2 -9 -2 -9 -2 -9 -2 -9 -2 -10 -2 -10 -2 -10 -2 -10 -2 -10 -3 -10 -3 -10 0 0 -3 -10 -3 -10 -3 -11 -3 -11 -3 -11 -3 -11 -3 -12 -3 -12 -4 -12 -4 -12 -4 -12 -4 -12 -4 -13 -4 -13 -4 -13 -4 -13 -4 -12 -5 -13 -5 -13 -5 -14 -5 -14 -5 -14 -5 -13 -5 -14 -5 -14 -5 -15 0 0 0 0 0 0 0 0 0 0
1784740925.717013,55378,-46,11,1,7,1,-95,1,647220936,128,0 0 0 0 0 0 0 0 0 0 0 0 6 0 6 0 6 1 6 1 6 1 6 1 6 1 6 1 6 2 6 2 7 2 7 2 7 3 7 3 7 3 7 3 7 3 7 3 8 3 7 3 7 3 8 3 8 3 8 3 8 4 8 3 0 0 8 3 9 3 9 4 9 4 9 3 9 3 10 3 10 3 10 3 11 3 11 4 10 3 11 3 11 4 11 3 11 3 11 4 12 4 12 4 12 3 12 3 12 3 12 4 12 4 13 4 12 4 0 0 0 0 0 0 0 0 0 0
1784740925.717013,55379,-46,11,1,7,1,-95,1,647231022,128,0 0 0 0 0 0 0 0 0 0 0 0 -4 -6 -3 -7 -3 -7 -3 -7 -2 -7 -2 -7 -2 -7 -2 -8 -2 -8 -2 -8 -2 -8 -2 -8 -2 -9 -2 -9 -2 -9 -1 -9 -1 -9 -1 -9 -1 -9 -1 -9 -1 -10 -1 -10 -1 -10 -1 -10 -1 -10 -1 -10 0 0 -2 -10 -1 -11 -1 -11 -1 -11 -2 -11 -2 -11 -2 -11 -2 -11 -2 -12 -3 -12 -3 -12 -3 -12 -3 -12 -3 -13 -3 -12 -2 -13 -2 -13 -3 -13 -3 -13 -3 -13 -3 -13 -3 -13 -3 -13 -3 -14 -3 -14 -3 -14 0 0 0 0 0 0 0 0 0 0
1784740925.737137,55380,-45,11,1,7,1,-95,1,647240948,128,0 0 0 0 0 0 0 0 0 0 0 0 -8 -1 -8 -2 -8 -2 -8 -2 -8 -2 -8 -3 -8 -3 -8 -3 -8 -3 -9 -4 -8 -4 -8 -4 -9 -4 -9 -4 -9 -4 -9 -4 -9 -4 -10 -5 -9 -4 -9 -5 -10 -4 -10 -5 -10 -5 -10 -5 -10 -5 -10 -5 0 0 -10 -5 -11 -4 -11 -4 -12 -4 -11 -4 -12 -4 -12 -4 -12 -4 -12 -4 -13 -4 -13 -4 -13 -4 -12 -4 -12 -4 -14 -4 -13 -3 -14 -4 -14 -4 -14 -4 -14 -3 -14 -4 -14 -3 -15 -4 -15 -4 -14 -4 -15 -4 0 0 0 0 0 0 0 0 0 0
1784740925.737137,55381,-45,11,1,7,1,-95,1,647250893,128,0 0 0 0 0 0 0 0 0 0 0 0 1 -7 1 -8 2 -7 2 -7 2 -7 2 -8 2 -8 2 -8 3 -8 3 -8 3 -8 3 -8 3 -8 4 -8 3 -8 4 -8 4 -9 4 -9 4 -9 4 -9 4 -9 4 -9 4 -9 4 -9 4 -9 4 -10 0 0 4 -10 4 -10 4 -11 4 -11 4 -11 4 -11 4 -11 4 -12 4 -12 4 -12 4 -12 4 -12 4 -12 4 -13 4 -13 4 -13 4 -13 4 -13 4 -14 4 -14 4 -14 4 -14 4 -14 5 -14 4 -14 4 -14 0 0 0 0 0 0 0 0 0 0
1784740925.748794,55382,-44,11,1,7,1,-95,1,647261043,128,0 0 0 0 0 0 0 0 0 0 0 0 0 6 -1 7 -1 7 -1 7 -1 7 -1 7 -2 7 -2 7 -2 7 -2 7 -2 7 -2 8 -2 7 -3 8 -3 8 -3 8 -3 8 -3 8 -3 8 -3 8 -3 8 -3 9 -3 9 -3 9 -3 9 -3 9 0 0 -3 10 -3 10 -4 10 -3 10 -3 10 -3 11 -3 11 -3 11 -4 11 -3 12 -3 12 -3 12 -3 12 -3 12 -3 12 -4 13 -3 12 -3 13 -3 13 -3 13 -3 13 -3 13 -3 13 -3 14 -3 14 -4 14 0 0 0 0 0 0 0 0 0 0
1784740925.767541,55383,-44,11,1,7,1,-95,1,647271023,128,0 0 0 0 0 0 0 0 0 0 0 0 -6 -5 -5 -5 -6 -6 -5 -5 -5 -6 -5 -6 -5 -6 -5 -6 -5 -6 -5 -7 -5 -7 -5 -7 -5 -7 -5 -7 -5 -7 -5 -8 -5 -8 -6 -8 -5 -8 -6 -8 -6 -8 -5 -8 -6 -9 -5 -9 -5 -9 -6 -9 0 0 -6 -9 -7 -9 -6 -9 -7 -10 -7 -9 -7 -10 -7 -10 -7 -10 -7 -10 -8 -11 -8 -11 -8 -10 -8 -10 -7 -10 -9 -11 -9 -10 -9 -11 -9 -11 -9 -11 -9 -11 -9 -11 -10 -11 -9 -12 -9 -12 -9 -12 -9 -12 0 0 0 0 0 0 0 0 0 0
1784740925.767541,55384,-44,11,1,7,1,-95,1,647280891,128,0 0 0 0 0 0 0 0 0 0 0 0 4 4 4 5 4 5 3 5 3 5 3 5 3 6 3 6 3 6 3 6 3 6 3 6 3 7 3 7 3 7 3 7 3 7 3 7 3 7 4 8 4 8 4 8 4 8 4 8 4 8 4 9 0 0 4 9 4 9 4 9 4 9 5 9 5 9 5 10 5 10 5 10 6 10 6 10 6 10 6 10 6 11 6 11 6 11 6 11 7 11 7 11 7 11 7 11 7 11 7 11 7 11 7 12 8 12 0 0 0 0 0 0 0 0 0 0
1784740925.780581,55385,-41,11,1,7,0,-95,1,647291403,128,0 0 0 0 0 0 0 0 0 0 0 0 7 -2 7 -2 7 -1 8 -1 8 -1 8 0 8 0 8 0 8 0 8 0 9 0 9 0 9 0 9 0 10 1 10 1 10 1 10 1 10 1 10 1 11 1 11 1 11 1 11 1 12 2 12 2 0 0 12 2 12 2 13 2 13 2 13 2 13 2 13 2 13 2 14 2 14 1 14 1 14 1 14 1 15 1 15 1 15 1 15 1 15 1 16 1 16 1 16 1 16 1 16 1 16 1 17 1 17 1 0 0 0 0 0 0 0 0 0 0
1784740925.800744,55386,-44,11,1,7,1,-95,1,647302758,128,0 0 0 0 0 0 0 0 0 0 0 0 5 2 5 2 5 2 5 2 5 3 5 3 6 3 5 3 5 3 6 4 5 4 5 4 6 4 6 4 6 4 6 5 6 4 6 5 6 5 7 5 7 5 7 5 7 6 7 6 6 6 7 6 0 0 7 6 7 6 7 6 8 6 8 6 8 6 8 6 8 6 8 6 9 6 9 7 9 7 9 7 9 6 10 6 10 6 10 7 10 7 10 7 11 7 11 7 11 7 11 7 11 8 11 7 11 7 0 0 0 0 0 0 0 0 0 0
1784740925.802750,55387,-44,11,1,7,1,-95,1,647310985,128,0 0 0 0 0 0 0 0 0 0 0 0 -4 -6 -4 -6 -3 -6 -3 -6 -3 -6 -3 -7 -3 -7 -3 -7 -3 -7 -3 -7 -3 -7 -3 -8 -3 -8 -3 -8 -3 -9 -2 -8 -3 -9 -3 -9 -3 -9 -3 -9 -3 -9 -2 -9 -3 -9 -3 -10 -3 -10 -3 -10 0 0 -3 -10 -3 -10 -3 -11 -3 -10 -3 -11 -3 -11 -3 -11 -3 -11 -3 -12 -4 -11 -4 -12 -4 -12 -4 -12 -4 -12 -4 -12 -4 -13 -4 -12 -5 -13 -5 -13 -5 -13 -5 -13 -5 -14 -5 -13 -5 -14 -5 -14 -5 -14 0 0 0 0 0 0 0 0 0 0
1784740925.817150,55388,-44,11,1,7,1,-95,1,647321008,128,0 0 0 0 0 0 0 0 0 0 0 0 -7 -1 -7 -2 -7 -2 -7 -3 -7 -2 -7 -3 -7 -3 -7 -3 -7 -3 -7 -3 -7 -4 -7 -4 -8 -4 -8 -4 -8 -4 -8 -4 -8 -4 -8 -5 -8 -4 -9 -5 -8 -4 -9 -5 -9 -5 -9 -5 -9 -5 -9 -5 0 0 -9 -5 -10 -5 -9 -5 -10 -5 -10 -5 -10 -5 -10 -5 -10 -5 -10 -5 -11 -5 -11 -5 -11 -5 -11 -5 -11 -5 -12 -5 -12 -5 -12 -5 -12 -5 -13 -5 -13 -5 -13 -5 -13 -5 -14 -5 -13 -6 -13 -5 -14 -6 0 0 0 0 0 0 0 0 0 0
1784740925.828417,55389,-44,11,1,6,1,-95,1,647333476,128,0 0 0 0 0 0 0 0 0 0 0 0 -6 -4 -6 -4 -6 -5 -5 -5 -5 -5 -5 -5 -5 -5 -6 -6 -5 -6 -5 -6 -5 -6 -5 -7 -5 -7 -5 -7 -6 -7 -6 -8 -6 -8 -6 -8 -6 -8 -6 -8 -6 -8 -6 -9 -6 -8 -5 -9 -6 -9 -6 -9 0 0 -6 -9 -6 -9 -6 -10 -6 -10 -6 -9 -6 -10 -6 -9 -7 -10 -7 -10 -7 -10 -7 -10 -7 -10 -7 -10 -8 -11 -8 -10 -8 -11 -8 -11 -8 -11 -8 -11 -8 -11 -9 -11 -9 -11 -9 -11 -9 -12 -9 -12 -9 -12 0 0 0 0 0 0 0 0 0 0
1784740925.837326,55390,-44,11,1,7,1,-95,1,647341120,128,0 0 0 0 0 0 0 0 0 0 0 0 5 -4 5 -4 5 -3 6 -3 6 -3 6 -3 6 -3 6 -3 7 -3 7 -3 7 -3 7 -3 7 -3 8 -3 8 -3 8 -3 8 -2 8 -3 8 -2 9 -2 9 -2 9 -2 9 -2 9 -2 9 -2 10 -2 0 0 10 -2 10 -2 10 -2 10 -2 10 -2 10 -2 10 -2 10 -2 11 -2 11 -3 11 -3 11 -3 11 -3 11 -3 11 -3 12 -3 12 -3 11 -3 12 -3 12 -3 12 -4 13 -3 12 -4 13 -3 13 -4 13 -4 0 0 0 0 0 0 0 0 0 0
1784740925.844624,55391,-43,11,1,7,1,-95,1,647350954,128,0 0 0 0 0 0 0 0 0 0 0 0 -1 6 -1 6 -1 6 -2 6 -1 7 -2 6 -2 7 -2 7 -2 7 -3 7 -3 7 -3 7 -3 7 -3 7 -3 8 -3 8 -3 8 -4 9 -4 8 -4 9 -4 9 -4 9 -4 9 -5 9 -5 9 -5 9 0 0 -4 9 -4 10 -4 9 -5 10 -4 9 -4 10 -4 10 -4 10 -4 10 -5 11 -4 11 -4 11 -4 11 -4 10 -4 12 -3 11 -4 12 -4 12 -3 12 -3 13 -4 13 -3 13 -4 13 -4 13 -4 13 -4 13 0 0 0 0 0 0 0 0 0 0
1784740925.844624,55392,-43,11,1,7,1,-95,1,647360888,128,0 0 0 0 0 0 0 0 0 0 0 0 -5 4 -6 4 -6 3 -6 3 -7 3 -7 3 -7 3 -7 3 -7 3 -7 3 -8 3 -8 3 -8 3 -8 3 -9 3 -9 2 -9 3 -9 3 -10 3 -10 2 -10 3 -10 2 -10 3 -10 2 -10 2 -11 2 0 0 -11 2 -11 2 -11 2 -11 3 -11 3 -11 3 -11 3 -12 3 -12 3 -12 3 -12 3 -12 4 -12 3 -13 4 -12 4 -13 4 -13 4 -13 4 -13 4 -13 4 -13 5 -13 5 -13 4 -14 4 -14 4 -14 4 0 0 0 0 0 0 0 0 0 0
1784740925.860550,55393,-44,11,1,7,1,-95,1,647370940,128,0 0 0 0 0 0 0 0 0 0 0 0 5 -5 5 -4 5 -4 6 -4 6 -4 6 -4 6 -3 6 -4 6 -3 6 -4 6 -4 7 -4 7 -4 7 -4 8 -4 8 -3 8 -3 8 -3 8 -3 8 -3 9 -3 9 -3 9 -4 9 -3 9 -3 10 -4 0 0 10 -3 10 -3 10 -3 10 -4 10 -4 10 -4 10 -4 10 -4 11 -4 11 -4 11 -5 11 -5 11 -5 11 -5 11 -5 12 -5 11 -5 12 -5 12 -5 12 -5 12 -5 12 -5 12 -5 12 -6 12 -6 13 -6 0 0 0 0 0 0 0 0 0 0
1784740925.877605,55394,-44,11,1,7,1,-95,1,647380966,128,0 0 0 0 0 0 0 0 0 0 0 0 -8 0 -7 0 -8 0 -8 -1 -8 -1 -8 -1 -8 -1 -8 -1 -8 -1 -8 -1 -8 -1 -8 -2 -9 -2 -9 -2 -9 -2 -9 -2 -9 -2 -10 -2 -9 -2 -10 -2 -10 -2 -10 -2 -10 -2 -10 -2 -10 -2 -10 -2 0 0 -10 -2 -11 -2 -11 -2 -11 -2 -11 -2 -11 -2 -11 -2 -12 -2 -12 -2 -13 -1 -12 -1 -12 -1 -12 -1 -12 -1 -14 -1 -13 -1 -14 -1 -14 -1 -14 -1 -14 -1 -14 -1 -14 -1 -15 -1 -14 -1 -14 -1 -15 -1 0 0 0 0 0 0 0 0 0 0
1784740925.908386,55395,-44,11,1,4,1,-95,1,647411451,128,0 0 0 0 0 0 0 0 0 0 0 0 5 2 6 3 5 3 5 3 5 3 5 3 5 3 5 4 5 4 5 4 5 4 5 4 5 4 6 4 6 5 6 5 6 5 6 5 6 5 6 5 6 5 7 5 7 5 7 5 7 5 7 6 0 0 7 6 7 6 8 6 7 6 8 6 8 6 8 6 8 6 8 6 9 6 9 6 10 6 9 6 10 7 10 6 10 7 10 7 10 7 10 7 12 6 10 6 12 7 9 8 11 7 10 5 10 7 0 0 0 0 0 0 0 0 0 0
1784740925.908386,55396,-45,11,1,7,1,-95,1,647418707,128,0 0 0 0 0 0 0 0 0 0 0 0 5 3 5 4 4 4 4 5 4 5 4 5 4 5 4 5 4 5 4 5 4 5 4 5 4 5 4 5 4 6 4 6 5 7 5 6 5 7 5 7 5 7 5 7 5 7 5 7 5 7 5 8 0 0 6 8 5 8 6 8 5 8 6 8 6 9 6 9 6 9 6 9 7 9 7 9 7 9 7 9 7 9 7 9 7 10 7 9 8 10 8 10 8 10 8 10 8 10 8 10 8 11 9 10 9 11 0 0 0 0 0 0 0 0 0 0
1784740925.908386,55397,-45,11,1,7,1,-95,1,647421676,128,0 0 0 0 0 0 0 0 0 0 0 0 -7 1 -7 1 -7 1 -7 0 -7 0 -7 0 -7 0 -7 0 -7 0 -7 0 -8 0 -8 0 -8 0 -8 0 -9 0 -8 -1 -9 0 -9 0 -9 0 -9 -1 -10 0 -10 -1 -10 0 -10 0 -10 -1 -11 0 0 0 -11 -1 -11 -1 -11 -1 -11 -1 -12 0 -12 -1 -12 -1 -12 -1 -12 0 -12 0 -12 0 -13 0 -13 0 -14 0 -13 0 -14 0 -13 0 -14 0 -14 0 -14 0 -14 0 -14 0 -13 0 -14 0 -14 0 -15 0 0 0 0 0 0 0 0 0 0 0
1784740925.941294,55398,-45,11,1,7,1,-95,1,647430962,128,0 0 0 0 0 0 0 0 0 0 0 0 -6 -4 -6 -4 -6 -4 -6 -4 -6 -4 -6 -5 -6 -4 -6 -5 -6 -5 -6 -5 -6 -5 -6 -5 -6 -6 -7 -5 -7 -6 -7 -6 -7 -6 -7 -6 -7 -6 -7 -6 -8 -7 -7 -7 -8 -7 -8 -7 -8 -7 -8 -7 0 0 -9 -7 -9 -8 -8 -8 -9 -8 -9 -8 -9 -8 -9 -8 -10 -8 -9 -8 -10 -8 -10 -8 -10 -8 -10 -8 -10 -8 -11 -9 -11 -9 -11 -9 -11 -9 -11 -9 -12 -9 -12 -8 -12 -9 -12 -9 -12 -9 -12 -9 -12 -9 0 0 0 0 0 0 0 0 0 0
1784740925.941294,55399,-44,11,1,7,1,-95,1,647446299,128,0 0 0 0 0 0 0 0 0 0 0 0 6 1 6 1 6 1 6 1 6 2 6 2 6 2 7 2 7 2 7 2 7 2 7 2 7 3 7 3 8 3 8 3 8 3 8 3 8 3 9 3 9 3 9 3 9 4 9 4 9 4 9 4 0 0 10 4 10 4 10 4 10 4 10 4 10 4 10 3 11 4 11 4 12 4 11 4 11 3 11 3 11 3 12 3 12 3 12 3 13 3 12 3 13 3 13 3 13 3 13 3 13 4 13 3 13 3 0 0 0 0 0 0 0 0 0 0
1784740925.941294,55400,-41,11,1,7,0,-95,1,647450865,128,0 0 0 0 0 0 0 0 0 0 0 0 3 -8 3 -7 3 -8 4 -7 4 -7 4 -8 4 -7 4 -7 4 -8 5 -8 5 -8 5 -8 5 -8 6 -8 6 -8 6 -9 6 -9 6 -9 6 -9 7 -9 7 -9 7 -9 7 -10 7 -10 8 -10 8 -10 0 0 8 -10 8 -10 8 -10 8 -10 8 -11 8 -11 8 -11 8 -11 8 -11 8 -11 8 -11 7 -12 8 -12 8 -12 8 -12 7 -12 8 -13 8 -13 8 -13 7 -13 8 -13 8 -13 8 -14 8 -14 7 -13 8 -14 0 0 0 0 0 0 0 0 0 0
1784740925.955894,55401,-44,11,1,7,1,-95,1,647460932,128,0 0 0 0 0 0 0 0 0 0 0 0 7 2 6 2 7 3 6 4 6 4 6 4 7 4 7 4 7 4 7 5 7 5 7 5 7 5 7 6 8 5 8 6 8 6 8 6 8 7 8 6 8 7 8 7 9 7 8 7 8 7 8 7 0 0 8 8 9 8 8 7 9 8 8 7 9 7 9 7 9 7 9 7 10 8 10 7 10 7 10 7 10 7 11 7 10 7 11 7 11 7 11 7 11 7 11 7 12 7 12 7 11 7 11 7 11 7 0 0 0 0 0 0 0 0 0 0
1784740925.955894,55402,-43,11,1,7,1,-95,1,647471036,128,0 0 0 0 0 0 0 0 0 0 0 0 3 7 3 7 2 7 2 7 2 7 2 7 2 8 2 8 2 8 1 8 1 9 1 8 1 9 1 9 1 10 1 10 1 10 1 10 1 10 1 10 1 11 0 11 1 11 0 11 0 11 0 11 0 0 0 12 0 12 0 11 0 12 1 12 1 11 1 12 1 12 1 12 1 12 1 12 1 12 1 12 2 12 2 12 2 13 2 13 2 13 3 13 3 13 3 13 3 13 2 13 2 13 2 13 3 13 0 0 0 0 0 0 0 0 0 0
1784740925.971694,55403,-43,11,1,7,1,-95,1,647480924,128,0 0 0 0 0 0 0 0 0 0 0 0 7 1 7 1 7 2 7 2 7 2 7 2 7 3 7 3 7 3 7 3 8 3 8 3 8 3 8 4 9 4 8 4 8 4 9 4 9 5 9 5 9 5 9 6 9 5 9 5 9 5 9 6 0 0 9 6 10 6 9 6 10 6 9 6 10 6 10 6 10 6 10 6 10 5 11 5 10 5 11 5 11 5 11 5 11 5 11 5 11 5 12 5 12 6 12 5 12 5 12 5 12 5 12 5 12 5 0 0 0 0 0 0 0 0 0 0
1784740925.987870,55404,-43,11,1,7,1,-95,1,647490891,128,0 0 0 0 0 0 0 0 0 0 0 0 -8 2 -8 2 -9 2 -8 1 -9 1 -8 1 -9 1 -9 1 -9 1 -9 1 -9 0 -10 1 -10 0 -10 0 -10 0 -11 0 -10 0 -11 0 -11 0 -11 0 -11 0 -11 0 -12 0 -12 0 -12 0 -12 0 0 0 -12 0 -12 0 -12 0 -13 0 -12 0 -12 1 -12 1 -13 1 -13 1 -13 1 -13 1 -13 1 -13 1 -13 1 -14 2 -13 2 -14 2 -14 2 -14 2 -14 3 -14 2 -14 3 -14 2 -14 2 -14 2 -14 2 0 0 0 0 0 0 0 0 0 0
1784740925.987870,55405,-43,11,1,7,1,-95,1,647500913,128,0 0 0 0 0 0 0 0 0 0 0 0 -1 7 -2 7 -2 7 -3 7 -3 7 -3 7 -3 7 -3 8 -3 7 -3 8 -3 8 -4 8 -4 8 -4 8 -4 8 -5 8 -5 9 -5 9 -5 9 -5 9 -5 9 -5 9 -5 9 -5 9 -6 9 -6 9 0 0 -6 9 -6 10 -5 9 -6 10 -5 10 -5 10 -5 10 -5 10 -5 10 -5 11 -5 11 -5 11 -5 11 -5 11 -5 12 -5 12 -5 12 -5 12 -4 12 -4 12 -4 12 -4 13 -4 12 -5 12 -5 13 -5 13 0 0 0 0 0 0 0 0 0 0
1784740926.007722,55406,-43,11,1,7,1,-95,1,647510996,128,0 0 0 0 0 0 0 0 0 0 0 0 1 7 0 7 0 7 0 8 -1 7 -1 8 -1 8 -1 8 -2 8 -1 8 -2 8 -1 8 -2 8 -2 9 -2 9 -3 9 -3 10 -3 9 -3 9 -3 9 -3 10 -3 10 -3 10 -3 10 -3 10 -3 10 0 0 -3 11 -3 11 -4 10 -3 11 -3 10 -3 11 -3 11 -3 11 -3 11 -3 12 -2 12 -2 12 -2 12 -2 12 -2 12 -2 13 -2 12 -2 12 -2 13 -2 13 -2 13 -2 13 -1 13 -2 13 -1 14 -1 14 0 0 0 0 0 0 0 0 0 0
1784740926.007722,55407,-43,11,1,7,1,-95,1,647520917,128,0 0 0 0 0 0 0 0 0 0 0 0 -7 4 -7 3 -8 3 -7 3 -8 3 -8 2 -8 2 -8 2 -8 2 -9 2 -9 2 -9 2 -9 2 -10 2 -9 2 -10 2 -10 2 -10 2 -10 2 -11 2 -11 2 -11 2 -11 2 -11 1 -11 1 -11 1 0 0 -11 1 -12 2 -11 2 -12 2 -11 2 -12 2 -12 2 -12 2 -12 2 -13 3 -12 3 -12 3 -12 3 -12 3 -13 4 -12 4 -13 4 -13 4 -13 4 -13 4 -13 4 -13 5 -14 4 -14 4 -14 4 -14 4 0 0 0 0 0 0 0 0 0 0
1784740926.019802,55408,-43,11,1,7,1,-95,1,647530897,128,0 0 0 0 0 0 0 0 0 0 0 0 -3 -7 -3 -7 -2 -8 -2 -8 -2 -8 -2 -8 -2 -8 -2 -8 -2 -8 -2 -8 -2 -9 -1 -9 -1 -9 -1 -9 -1 -10 -1 -10 -1 -10 -1 -10 -1 -10 -1 -11 -1 -11 -1 -11 -1 -11 0 -11 0 -11 -1 -12 0 0 -1 -12 -1 -12 0 -12 -1 -12 -1 -12 -1 -12 -1 -12 -1 -12 -1 -12 -2 -12 -1 -13 -2 -13 -2 -13 -2 -13 -2 -13 -2 -13 -2 -13 -2 -14 -2 -14 -2 -14 -3 -14 -2 -14 -2 -14 -2 -14 -2 -14 -3 -14 0 0 0 0 0 0 0 0 0 0
1784740926.037917,55409,-44,11,1,7,1,-95,1,647542266,128,0 0 0 0 0 0 0 0 0 0 0 0 -7 -3 -7 -4 -7 -4 -7 -4 -6 -5 -7 -5 -7 -5 -7 -5 -7 -5 -7 -5 -7 -5 -7 -6 -7 -6 -7 -6 -8 -6 -7 -6 -8 -7 -8 -7 -8 -7 -8 -7 -8 -7 -8 -7 -8 -7 -8 -8 -8 -8 -9 -8 0 0 -9 -8 -9 -8 -9 -8 -9 -8 -9 -8 -9 -8 -9 -8 -10 -8 -10 -8 -10 -8 -11 -8 -11 -8 -10 -8 -11 -8 -11 -8 -11 -8 -11 -8 -12 -8 -12 -8 -12 -8 -12 -8 -12 -8 -12 -8 -12 -8 -12 -8 -12 -8 0 0 0 0 0 0 0 0 0 0
1784740926.044012,55410,-44,11,1,7,1,-95,1,647552972,128,0 0 0 0 0 0 0 0 0 0 0 0 -7 -5 -7 -5 -6 -6 -6 -6 -6 -6 -6 -6 -5 -6 -6 -7 -5 -7 -6 -7 -6 -7 -6 -7 -6 -8 -6 -8 -6 -8 -6 -8 -6 -9 -6 -8 -6 -9 -6 -9 -6 -9 -6 -9 -7 -9 -6 -9 -6 -9 -7 -10 0 0 -7 -10 -7 -10 -7 -10 -7 -10 -7 -10 -7 -10 -7 -10 -8 -10 -8 -11 -8 -10 -8 -10 -9 -10 -9 -10 -9 -11 -9 -11 -9 -11 -9 -11 -9 -11 -9 -11 -9 -11 -9 -11 -9 -12 -10 -11 -10 -11 -10 -11 -10 -12 0 0 0 0 0 0 0 0 0 0
1784740926.051909,55411,-44,11,1,7,1,-95,1,647560963,128,0 0 0 0 0 0 0 0 0 0 0 0 -7 3 -8 2 -8 2 -8 2 -8 2 -8 2 -8 1 -8 1 -9 1 -8 1 -9 1 -9 1 -9 1 -10 1 -10 1 -10 1 -10 1 -10 1 -11 1 -10 0 -11 0 -11 0 -11 0 -11 0 -11 0 -11 0 0 0 -12 0 -11 0 -12 0 -11 0 -12 0 -12 0 -12 0 -12 1 -13 0 -13 1 -13 1 -13 1 -13 1 -14 1 -13 1 -14 1 -13 1 -14 1 -14 2 -14 2 -14 2 -14 2 -14 2 -14 1 -15 2 -15 1 0 0 0 0 0 0 0 0 0 0
1784740926.067957,55412,-40,11,1,7,0,-95,1,647572634,128,0 0 0 0 0 0 0 0 0 0 0 0 -8 -5 -8 -6 -7 -6 -7 -6 -7 -7 -7 -7 -7 -7 -7 -7 -7 -7 -7 -8 -7 -8 -7 -8 -7 -9 -7 -9 -7 -9 -8 -9 -7 -9 -8 -10 -7 -10 -7 -10 -8 -10 -8 -10 -8 -11 -8 -11 -7 -11 -8 -11 0 0 -8 -11 -8 -11 -8 -11 -8 -11 -8 -11 -8 -11 -9 -11 -9 -11 -9 -11 -10 -11 -10 -11 -9 -11 -10 -12 -10 -12 -10 -12 -10 -11 -11 -12 -11 -12 -11 -12 -11 -12 -11 -12 -11 -13 -11 -13 -11 -13 -11 -13 -11 -13 0 0 0 0 0 0 0 0 0 0
1784740926.067957,55413,-43,11,1,7,1,-95,1,647580893,128,0 0 0 0 0 0 0 0 0 0 0 0 -7 1 -8 1 -8 0 -8 0 -8 0 -8 0 -8 -1 -9 -1 -9 -1 -8 0 -9 -1 -9 -1 -9 -1 -9 -1 -10 -1 -9 -1 -10 -1 -10 -2 -11 -2 -10 -2 -11 -2 -11 -2 -11 -2 -11 -2 -11 -2 -11 -2 0 0 -11 -3 -11 -2 -12 -3 -11 -2 -11 -2 -12 -2 -12 -2 -12 -2 -12 -2 -12 -1 -12 -1 -12 -1 -13 -1 -13 -1 -13 -1 -14 -1 -13 -1 -14 -1 -14 -1 -14 -1 -14 -1 -14 -1 -14 -1 -14 -1 -15 0 -15 -1 0 0 0 0 0 0 0 0 0 0
1784740926.088044,55414,-42,11,1,7,1,-95,1,647592553,128,0 0 0 0 0 0 0 0 0 0 0 0 -6 4 -6 4 -7 4 -7 3 -7 3 -7 3 -8 3 -8 3 -8 3 -9 3 -9 2 -9 2 -9 2 -10 2 -9 2 -10 2 -10 2 -11 2 -10 2 -11 2 -11 2 -11 2 -12 2 -11 1 -11 1 -11 1 0 0 -11 1 -12 2 -11 2 -12 2 -11 2 -12 2 -12 2 -12 2 -12 2 -13 3 -12 3 -12 3 -12 3 -12 3 -13 4 -12 4 -13 4 -13 4 -13 4 -13 5 -13 4 -13 5 -14 4 -14 4 -14 4 -14 4 0 0 0 0 0 0 0 0 0 0
1784740926.088044,55415,-42,11,1,7,1,-95,1,647600941,128,0 0 0 0 0 0 0 0 0 0 0 0 4 -6 4 -6 5 -6 5 -5 5 -5 6 -5 6 -6 6 -5 6 -5 7 -6 7 -5 7 -5 7 -5 7 -5 7 -6 8 -6 8 -5 8 -6 8 -5 8 -6 9 -6 9 -6 9 -5 9 -5 9 -5 9 -5 0 0 9 -6 9 -6 9 -6 9 -6 9 -6 9 -6 9 -6 9 -7 9 -7 9 -7 9 -7 9 -7 9 -7 9 -8 9 -8 9 -8 10 -8 10 -9 9 -9 10 -9 9 -9 9 -9 10 -9 10 -9 10 -9 10 -9 0 0 0 0 0 0 0 0 0 0
1784740926.100002,55416,-42,11,1,7,1,-95,1,647613448,128,0 0 0 0 0 0 0 0 0 0 0 0 -4 -7 -4 -7 -4 -8 -3 -8 -3 -8 -3 -8 -3 -9 -3 -9 -3 -9 -2 -10 -2 -10 -2 -10 -2 -10 -2 -10 -2 -10 -2 -11 -2 -10 -2 -11 -2 -11 -2 -11 -1 -11 -2 -11 -1 -12 -1 -12 -1 -11 -1 -11 0 0 -1 -12 -2 -12 -2 -11 -2 -12 -2 -12 -2 -12 -2 -12 -2 -12 -3 -12 -3 -13 -3 -12 -3 -12 -3 -12 -3 -12 -4 -13 -4 -13 -4 -13 -4 -13 -4 -13 -4 -14 -4 -14 -5 -13 -4 -14 -4 -14 -4 -14 -4 -14 0 0 0 0 0 0 0 0 0 0
1784740926.133318,55417,-43,11,1,7,1,-95,1,647622074,128,0 0 0 0 0 0 0 0 0 0 0 0 -8 -4 -8 -4 -8 -5 -8 -5 -7 -5 -7 -5 -8 -6 -8 -6 -8 -6 -7 -6 -7 -7 -7 -7 -7 -7 -8 -7 -8 -7 -8 -8 -8 -8 -8 -8 -8 -8 -8 -8 -8 -8 -8 -8 -8 -9 -8 -9 -8 -9 -8 -9 0 0 -8 -9 -9 -9 -8 -9 -9 -9 -9 -9 -9 -8 -9 -8 -10 -8 -10 -8 -10 -9 -10 -9 -10 -9 -10 -9 -11 -8 -11 -8 -11 -8 -11 -8 -11 -8 -12 -8 -12 -8 -12 -8 -12 -8 -12 -9 -12 -9 -12 -9 -12 -9 0 0 0 0 0 0 0 0 0 0
1784740926.147855,55418,-45,11,1,6,1,-95,1,647657550,128,0 0 0 0 0 0 0 0 0 0 0 0 5 3 5 3 5 4 5 4 5 4 5 4 5 5 5 5 5 5 5 5 5 5 5 5 5 6 5 6 6 6 6 6 6 6 6 6 6 6 6 7 6 7 6 7 7 7 6 7 6 7 6 7 0 0 7 8 7 8 7 8 8 8 7 8 7 8 8 8 8 8 8 8 9 9 9 9 8 8 9 9 8 9 10 9 10 9 10 9 10 9 10 10 10 10 9 10 10 10 10 10 10 10 10 10 10 10 0 0 0 0 0 0 0 0 0 0
1784740926.147855,55419,-45,11,1,7,1,-95,1,647657893,128,0 0 0 0 0 0 0 0 0 0 0 0 6 2 6 2 6 3 6 3 6 3 6 3 6 3 6 3 6 4 6 4 6 4 6 4 6 4 6 5 6 4 7 5 7 5 7 5 7 5 7 5 8 5 7 5 8 6 7 6 8 6 8 6 0 0 8 6 9 6 8 6 9 6 9 6 9 6 9 6 10 6 10 6 10 7 10 7 10 7 10 7 10 7 11 7 11 7 11 7 11 7 11 7 12 7 12 7 12 7 12 8 11 8 12 8 12 8 0 0 0 0 0 0 0 0 0 0
1784740926.147855,55420,-45,11,1,7,1,-95,1,647658206,128,0 0 0 0 0 0 0 0 0 0 0 0 -7 1 -7 1 -8 0 -8 0 -8 0 -8 0 -8 0 -8 0 -8 0 -9 -1 -9 -1 -9 -1 -9 -1 -9 -1 -9 -1 -10 -1 -10 -1 -10 -1 -10 -1 -10 -1 -11 -1 -11 -1 -11 -1 -11 -1 -11 -1 -11 -1 0 0 -12 -1 -12 -1 -12 -1 -13 -1 -12 -1 -13 -1 -13 -1 -13 0 -13 0 -14 0 -14 -1 -14 0 -14 -1 -14 0 -15 0 -15 0 -15 0 -15 0 -15 0 -15 0 -15 0 -15 0 -16 0 -16 -1 -16 -1 -16 -1 0 0 0 0 0 0 0 0 0 0
1784740926.147855,55421,-45,11,1,7,1,-95,1,647661025,128,0 0 0 0 0 0 0 0 0 0 0 0 5 4 4 4 4 5 4 5 4 5 4 5 4 5 4 6 4 6 4 6 4 6 4 6 4 6 4 7 4 7 5 7 5 7 5 7 5 7 6 7 6 8 6 8 6 8 5 8 5 8 6 8 0 0 6 8 7 9 6 8 7 9 7 9 7 9 7 9 8 9 8 9 9 10 8 10 8 9 8 9 8 9 10 10 9 10 10 10 9 10 10 10 10 10 10 10 10 10 10 11 10 11 9 11 10 11 0 0 0 0 0 0 0 0 0 0
1784740926.168470,55422,-46,11,1,7,1,-95,1,647677113,128,0 0 0 0 0 0 0 0 0 0 0 0 5 4 5 4 4 5 4 5 4 5 4 5 4 5 4 5 4 6 4 5 4 6 4 6 4 6 4 6 4 6 4 6 5 7 5 7 5 7 5 7 5 7 5 7 5 7 5 7 5 7 6 8 0 0 6 8 6 8 6 8 7 8 7 8 7 8 7 9 8 9 8 9 8 9 8 9 9 9 8 10 9 10 9 10 9 11 9 10 9 11 9 11 9 11 9 11 9 11 9 11 9 11 9 11 9 12 0 0 0 0 0 0 0 0 0 0
1784740926.181571,55423,-46,11,1,7,1,-95,1,647684521,128,0 0 0 0 0 0 0 0 0 0 0 0 -3 -7 -3 -7 -3 -8 -3 -7 -2 -8 -2 -7 -2 -7 -2 -8 -2 -8 -2 -8 -2 -8 -2 -8 -2 -8 -2 -8 -2 -8 -3 -9 -2 -8 -3 -9 -3 -9 -3 -9 -3 -9 -3 -9 -3 -10 -3 -10 -3 -10 -3 -10 0 0 -4 -10 -5 -11 -4 -10 -5 -11 -5 -11 -5 -11 -6 -11 -6 -11 -6 -11 -6 -13 -6 -12 -6 -12 -6 -12 -6 -12 -8 -13 -7 -13 -7 -14 -7 -13 -8 -13 -8 -14 -7 -14 -8 -14 -8 -15 -7 -15 -7 -15 -7 -14 0 0 0 0 0 0 0 0 0 0
1784740926.187905,55424,-46,11,1,7,1,-95,1,647690965,128,0 0 0 0 0 0 0 0 0 0 0 0 6 -3 6 -3 6 -2 7 -2 7 -2 6 -2 6 -2 7 -2 7 -2 7 -2 7 -1 7 -2 7 -1 7 -2 7 -2 8 -2 8 -2 8 -2 8 -2 8 -2 8 -2 8 -2 9 -2 9 -2 9 -2 9 -2 0 0 9 -3 9 -3 10 -3 10 -3 10 -4 10 -3 10 -4 11 -4 11 -4 11 -4 12 -4 12 -5 12 -4 12 -4 12 -5 12 -5 13 -5 13 -5 13 -5 13 -5 13 -5 14 -5 14 -5 14 -5 14 -4 14 -5 0 0 0 0 0 0 0 0 0 0
1784740926.197754,55425,-42,11,1,7,0,-95,1,647701074,128,0 0 0 0 0 0 0 0 0 0 0 0 -3 -8 -3 -8 -3 -9 -2 -9 -2 -9 -2 -9 -2 -9 -2 -9 -2 -9 -2 -9 -2 -10 -1 -10 -1 -10 -2 -10 -2 -10 -1 -11 -1 -10 -2 -11 -2 -11 -2 -11 -2 -11 -2 -11 -2 -11 -2 -12 -2 -12 -2 -12 0 0 -2 -12 -2 -13 -2 -13 -3 -13 -3 -13 -3 -13 -3 -14 -3 -13 -3 -14 -3 -14 -3 -14 -4 -14 -4 -15 -4 -15 -4 -15 -4 -15 -4 -16 -4 -16 -4 -16 -4 -16 -4 -16 -4 -16 -4 -17 -4 -17 -4 -17 -4 -17 0 0 0 0 0 0 0 0 0 0
1784740926.197754,55426,-44,11,1,7,1,-95,1,647711925,128,0 0 0 0 0 0 0 0 0 0 0 0 -5 -7 -4 -7 -4 -7 -4 -8 -4 -8 -4 -8 -4 -8 -4 -8 -4 -8 -3 -8 -3 -9 -3 -9 -3 -9 -3 -9 -3 -9 -3 -10 -3 -10 -4 -10 -3 -10 -3 -10 -3 -10 -3 -10 -3 -10 -3 -11 -3 -11 -4 -11 0 0 -3 -11 -4 -11 -4 -11 -4 -11 -4 -11 -5 -11 -5 -11 -5 -12 -5 -11 -6 -12 -5 -12 -6 -12 -6 -12 -6 -13 -6 -13 -6 -13 -6 -13 -6 -14 -6 -13 -7 -14 -6 -14 -7 -13 -6 -14 -6 -14 -6 -14 -6 -14 0 0 0 0 0 0 0 0 0 0
1784740926.211721,55427,-44,11,1,7,1,-95,1,647720925,128,0 0 0 0 0 0 0 0 0 0 0 0 4 -7 4 -6 5 -6 5 -6 5 -6 5 -6 6 -6 6 -6 6 -6 6 -6 7 -6 7 -6 7 -6 7 -6 7 -6 7 -7 7 -6 8 -6 8 -6 8 -6 8 -6 8 -6 9 -7 8 -6 9 -6 9 -6 0 0 8 -6 9 -7 8 -7 9 -8 8 -7 9 -8 8 -8 9 -8 8 -8 9 -9 9 -8 9 -9 9 -9 9 -9 9 -10 9 -10 9 -10 10 -10 10 -10 10 -10 10 -10 9 -10 10 -10 10 -10 10 -10 10 -10 0 0 0 0 0 0 0 0 0 0
1784740926.227544,55428,-43,11,1,7,1,-95,1,647730940,128,0 0 0 0 0 0 0 0 0 0 0 0 1 7 0 8 0 8 0 8 -1 8 -1 8 -1 8 -1 8 -1 8 -1 8 -1 8 -2 9 -2 9 -2 9 -2 10 -2 9 -2 10 -2 10 -2 10 -2 10 -2 10 -2 10 -2 10 -2 10 -3 10 -3 11 0 0 -2 11 -2 11 -2 11 -2 11 -2 11 -2 11 -2 11 -1 12 -1 12 -1 12 -1 12 -1 12 -1 12 -1 13 -1 13 -1 13 -1 13 0 13 0 13 0 13 0 13 0 14 0 13 -1 14 0 14 0 14 0 0 0 0 0 0 0 0 0 0
1784740926.243552,55429,-42,11,1,7,1,-95,1,647748540,128,0 0 0 0 0 0 0 0 0 0 0 0 -8 -2 -8 -2 -8 -3 -8 -3 -8 -3 -9 -3 -8 -3 -9 -3 -9 -4 -9 -4 -9 -4 -9 -4 -9 -4 -9 -4 -10 -4 -9 -5 -10 -5 -10 -5 -10 -5 -10 -6 -10 -5 -10 -6 -10 -5 -10 -6 -10 -6 -10 -6 0 0 -11 -6 -10 -6 -11 -6 -11 -6 -11 -6 -11 -6 -11 -6 -11 -6 -11 -6 -12 -6 -12 -6 -12 -6 -12 -6 -13 -6 -13 -5 -13 -6 -13 -6 -13 -6 -13 -5 -13 -6 -13 -6 -14 -5 -13 -5 -13 -6 -14 -6 -14 -6 0 0 0 0 0 0 0 0 0 0
1784740926.243552,55430,-42,11,1,7,1,-95,1,647759366,128,0 0 0 0 0 0 0 0 0 0 0 0 -5 -7 -5 -7 -4 -7 -4 -7 -4 -8 -4 -8 -4 -8 -4 -8 -4 -8 -4 -9 -4 -9 -4 -9 -3 -9 -3 -9 -3 -10 -3 -10 -3 -10 -3 -10 -3 -10 -3 -11 -3 -11 -3 -11 -3 -11 -3 -11 -3 -11 -3 -11 0 0 -3 -11 -3 -11 -3 -11 -3 -12 -3 -12 -3 -12 -4 -12 -4 -12 -4 -12 -4 -13 -4 -12 -4 -12 -4 -12 -4 -12 -5 -13 -5 -13 -5 -13 -5 -13 -5 -13 -5 -13 -5 -13 -5 -13 -5 -14 -5 -14 -5 -14 -5 -14 0 0 0 0 0 0 0 0 0 0
1784740926.259289,55431,-42,11,1,7,1,-95,1,647760880,128,0 0 0 0 0 0 0 0 0 0 0 0 6 -5 6 -4 7 -4 7 -4 7 -4 7 -4 7 -3 7 -4 8 -3 8 -3 8 -3 8 -3 8 -3 9 -3 9 -3 9 -3 9 -3 9 -3 10 -3 10 -3 10 -3 10 -3 10 -3 10 -3 10 -3 10 -3 0 0 10 -3 11 -3 11 -3 10 -3 10 -3 11 -3 11 -3 11 -4 11 -4 11 -5 11 -5 11 -5 11 -5 12 -5 12 -5 12 -5 12 -5 12 -5 12 -5 12 -5 12 -6 12 -6 12 -6 12 -6 12 -6 12 -6 0 0 0 0 0 0 0 0 0 0
1784740926.259289,55432,-42,11,1,7,1,-95,1,647770890,128,0 0 0 0 0 0 0 0 0 0 0 0 -5 -7 -4 -7 -4 -8 -3 -7 -4 -8 -3 -8 -4 -8 -4 -8 -3 -8 -3 -9 -3 -9 -3 -9 -3 -9 -3 -10 -3 -10 -3 -10 -3 -10 -3 -11 -3 -10 -3 -11 -3 -11 -3 -11 -3 -12 -2 -11 -2 -11 -3 -12 0 0 -3 -11 -3 -12 -3 -11 -3 -12 -3 -11 -3 -12 -4 -12 -4 -12 -4 -12 -4 -13 -4 -12 -4 -12 -4 -12 -4 -12 -6 -13 -5 -12 -5 -13 -5 -13 -6 -13 -6 -13 -6 -13 -6 -13 -6 -14 -6 -14 -6 -14 -6 -13 0 0 0 0 0 0 0 0 0 0
1784740926.275537,55433,-39,11,1,7,0,-95,1,647781087,128,0 0 0 0 0 0 0 0 0 0 0 0 5 6 5 6 5 7 5 7 5 7 5 7 5 7 5 8 5 8 5 8 4 9 5 9 5 9 5 9 5 9 5 10 5 10 5 10 5 11 5 11 5 11 5 11 5 11 5 11 5 12 5 12 0 0 5 12 5 12 5 12 5 12 5 12 5 12 6 12 6 12 6 12 6 12 6 13 6 13 6 12 7 13 7 13 7 13 7 13 8 13 8 13 8 13 8 13 8 13 8 13 8 14 8 13 8 13 0 0 0 0 0 0 0 0 0 0
1784740926.275537,55434,-39,11,1,7,0,-95,1,647791284,128,0 0 0 0 0 0 0 0 0 0 0 0 -7 -6 -6 -6 -6 -7 -6 -7 -6 -7 -6 -7 -6 -8 -6 -8 -6 -8 -6 -8 -6 -9 -6 -9 -6 -9 -6 -10 -6 -10 -6 -10 -6 -10 -6 -11 -6 -11 -6 -11 -6 -12 -6 -12 -6 -12 -6 -12 -6 -12 -6 -12 0 0 -5 -13 -6 -13 -5 -13 -6 -13 -6 -13 -6 -13 -6 -13 -6 -13 -6 -13 -7 -13 -7 -14 -7 -13 -7 -13 -7 -14 -8 -14 -7 -14 -8 -14 -7 -14 -8 -14 -8 -14 -8 -14 -8 -15 -8 -15 -8 -15 -8 -15 -8 -15 0 0 0 0 0 0 0 0 0 0
1784740926.307315,55435,-42,11,1,7,1,-95,1,647804261,128,0 0 0 0 0 0 0 0 0 0 0 0 5 -5 5 -5 6 -5 5 -5 6 -5 6 -5 6 -5 6 -4 6 -5 7 -4 7 -4 7 -4 8 -4 8 -4 8 -5 8 -5 8 -5 9 -5 9 -5 9 -5 9 -5 9 -5 10 -5 10 -4 10 -4 10 -5 0 0 10 -5 10 -6 10 -5 10 -6 10 -5 10 -6 10 -6 10 -6 10 -7 11 -7 11 -7 10 -7 10 -7 10 -7 10 -8 10 -8 11 -8 11 -8 11 -8 10 -9 11 -9 10 -9 11 -9 11 -9 11 -9 11 -9 0 0 0 0 0 0 0 0 0 0
1784740926.307315,55436,-42,11,1,7,1,-95,1,647811006,128,0 0 0 0 0 0 0 0 0 0 0 0 -8 -1 -8 -1 -8 -2 -8 -2 -8 -2 -8 -2 -8 -2 -8 -2 -8 -3 -8 -3 -9 -3 -9 -3 -9 -3 -9 -3 -10 -4 -9 -4 -10 -4 -10 -4 -10 -4 -10 -5 -10 -5 -11 -5 -11 -5 -10 -5 -11 -5 -11 -6 0 0 -11 -6 -11 -5 -11 -6 -11 -5 -11 -5 -11 -6 -11 -6 -12 -6 -12 -6 -12 -5 -12 -5 -12 -5 -13 -5 -13 -5 -13 -5 -14 -5 -13 -5 -14 -5 -13 -6 -14 -6 -14 -5 -14 -6 -13 -5 -14 -6 -14 -5 -15 -5 0 0 0 0 0 0 0 0 0 0
1784740926.307315,55437,-43,11,1,7,1,-95,1,647821033,128,0 0 0 0 0 0 0 0 0 0 0 0 6 -3 6 -3 6 -2 6 -2 7 -2 7 -2 7 -2 7 -2 7 -2 7 -2 8 -2 8 -2 8 -1 8 -1 9 -1 9 -1 9 -1 9 -1 10 -1 10 -1 10 -1 10 0 10 -1 10 0 10 0 11 0 0 0 11 0 11 0 11 0 11 0 11 0 11 0 11 0 12 -1 12 -1 12 -1 12 -1 12 -2 12 -1 12 -1 13 -1 13 -2 13 -1 13 -2 13 -2 13 -2 13 -2 13 -2 13 -2 13 -2 13 -2 14 -2 0 0 0 0 0 0 0 0 0 0
1784740926.323443,55438,-40,11,1,7,0,-95,1,647830983,128,0 0 0 0 0 0 0 0 0 0 0 0 -7 -4 -7 -5 -7 -5 -7 -5 -7 -5 -7 -5 -7 -6 -7 -6 -7 -6 -7 -6 -7 -7 -8 -7 -8 -7 -8 -7 -8 -7 -8 -8 -8 -8 -8 -8 -8 -9 -8 -9 -9 -9 -9 -10 -9 -10 -9 -10 -9 -10 -9 -10 0 0 -9 -11 -9 -11 -9 -11 -9 -11 -10 -10 -9 -11 -10 -11 -10 -11 -10 -11 -11 -11 -11 -11 -11 -11 -11 -11 -11 -11 -11 -11 -11 -11 -12 -11 -12 -11 -12 -11 -12 -11 -12 -11 -12 -11 -12 -11 -12 -11 -13 -11 -13 -11 0 0 0 0 0 0 0 0 0 0
1784740926.323443,55439,-43,11,1,7,1,-95,1,647841008,128,0 0 0 0 0 0 0 0 0 0 0 0 2 5 2 5 1 6 1 6 1 6 2 6 1 6 2 7 1 7 2 7 1 7 1 8 1 8 1 8 2 8 1 9 1 9 1 9 1 10 1 10 1 10 1 10 1 10 1 11 0 11 1 11 0 0 1 11 0 11 0 11 0 12 1 11 1 12 1 12 1 12 1 12 2 12 1 12 2 12 2 12 2 13 2 13 2 13 2 13 2 13 3 13 3 13 3 13 3 14 3 13 3 13 3 14 3 14 0 0 0 0 0 0 0 0 0 0
1784740926.339624,55440,-43,11,1,7,1,-95,1,647850960,128,0 0 0 0 0 0 0 0 0 0 0 0 -1 -6 -1 -6 -1 -7 0 -7 0 -7 0 -7 0 -7 0 -7 0 -8 0 -8 0 -8 0 -8 0 -9 0 -9 0 -9 1 -10 1 -10 1 -10 1 -11 1 -11 2 -11 2 -11 2 -11 2 -11 3 -11 2 -12 0 0 3 -12 3 -12 3 -12 3 -12 2 -12 2 -12 2 -12 2 -12 3 -12 2 -13 2 -13 2 -13 2 -13 2 -13 2 -14 2 -14 2 -14 2 -14 2 -14 1 -15 1 -15 1 -15 1 -15 2 -15 2 -15 2 -15 0 0 0 0 0 0 0 0 0 0
1784740926.355345,55441,-43,11,1,7,1,-95,1,647861180,128,0 0 0 0 0 0 0 0 0 0 0 0 -3 4 -3 4 -3 5 -3 5 -4 4 -4 5 -4 5 -4 5 -4 5 -5 6 -5 6 -5 6 -5 6 -5 7 -6 7 -6 7 -6 8 -7 7 -7 8 -7 7 -8 8 -8 8 -8 8 -8 8 -8 8 -9 8 0 0 -9 8 -9 8 -9 8 -9 9 -9 9 -9 8 -9 9 -9 9 -9 9 -9 10 -9 10 -9 10 -9 10 -9 10 -9 11 -9 11 -9 10 -9 11 -9 11 -9 11 -9 11 -9 11 -9 11 -10 11 -10 11 -9 12 0 0 0 0 0 0 0 0 0 0
1784740926.355345,55442,-43,11,1,7,1,-95,1,647870921,128,0 0 0 0 0 0 0 0 0 0 0 0 2 4 2 4 2 4 2 5 2 5 3 5 3 5 3 5 3 6 3 6 3 6 3 7 3 7 3 8 3 8 3 8 3 9 3 9 3 9 3 10 3 10 2 10 3 10 3 11 3 11 3 11 0 0 3 12 3 11 2 12 3 12 3 12 3 12 3 12 3 12 3 12 4 12 4 12 4 12 4 12 4 13 4 12 4 13 4 13 5 13 4 13 5 13 5 13 5 14 5 13 5 14 5 13 6 14 0 0 0 0 0 0 0 0 0 0
1784740926.372847,55443,-43,11,1,7,1,-95,1,647881008,128,0 0 0 0 0 0 0 0 0 0 0 0 -3 -5 -3 -5 -3 -5 -3 -6 -3 -6 -3 -6 -4 -6 -4 -6 -4 -7 -4 -7 -4 -8 -4 -8 -4 -8 -4 -8 -4 -9 -4 -9 -4 -10 -4 -10 -4 -11 -4 -10 -4 -11 -4 -11 -4 -11 -3 -12 -3 -12 -3 -12 0 0 -3 -12 -3 -12 -3 -13 -3 -12 -3 -13 -4 -13 -4 -13 -4 -13 -4 -13 -4 -13 -4 -13 -4 -13 -4 -13 -5 -14 -5 -14 -5 -14 -4 -14 -5 -14 -5 -14 -6 -14 -5 -14 -6 -14 -5 -14 -5 -15 -5 -15 -5 -15 0 0 0 0 0 0 0 0 0 0
1784740926.403009,55444,-42,11,1,5,1,-95,1,647899177,128,0 0 0 0 0 0 0 0 0 0 0 0 -6 1 -6 1 -6 0 -6 0 -7 0 -7 0 -7 0 -7 0 -8 0 -8 0 -9 0 -9 0 -9 -1 -10 -1 -10 -1 -10 -1 -11 -1 -11 -1 -11 -2 -11 -2 -12 -2 -12 -2 -12 -2 -12 -2 -12 -3 -12 -3 0 0 -12 -3 -13 -3 -12 -3 -13 -3 -13 -3 -13 -3 -13 -3 -13 -3 -13 -3 -14 -3 -14 -3 -14 -2 -14 -2 -14 -2 -14 -2 -15 -2 -14 -2 -15 -2 -15 -2 -15 -2 -15 -2 -15 -2 -15 -2 -16 -2 -16 -2 -16 -2 0 0 0 0 0 0 0 0 0 0
1784740926.403009,55445,-43,11,1,7,1,-95,1,647901043,128,0 0 0 0 0 0 0 0 0 0 0 0 5 -2 5 -2 5 -2 6 -2 6 -2 6 -2 6 -2 7 -2 7 -2 7 -2 7 -2 8 -2 8 -1 9 -2 9 -1 9 -1 9 -1 10 -1 10 -1 10 0 10 0 11 0 11 0 11 0 11 0 12 0 0 0 12 0 12 0 12 1 12 0 12 0 12 0 12 0 12 0 13 0 13 -1 13 -1 13 -1 13 -1 14 -1 13 -1 14 -1 13 -1 14 -1 14 -1 14 -1 14 -2 14 -1 14 -2 14 -2 14 -2 15 -2 0 0 0 0 0 0 0 0 0 0
1784740926.418995,55446,-44,11,1,7,1,-95,1,647920505,128,0 0 0 0 0 0 0 0 0 0 0 0 4 4 4 4 4 5 4 5 3 5 4 5 4 6 4 6 4 6 4 6 4 7 4 7 4 7 4 7 4 8 4 8 4 8 4 8 4 9 4 9 4 9 4 9 4 9 4 10 4 10 4 10 0 0 4 10 4 10 4 11 5 10 5 10 5 11 5 11 5 11 5 11 6 11 6 11 6 11 6 11 6 11 6 11 6 12 6 11 7 12 7 12 7 12 7 12 7 12 7 12 7 12 7 12 8 13 0 0 0 0 0 0 0 0 0 0
1784740926.418995,55447,-44,11,1,7,1,-95,1,647921085,128,0 0 0 0 0 0 0 0 0 0 0 0 -1 -6 -1 -7 -1 -7 -1 -7 -1 -7 -1 -8 -1 -8 -1 -8 0 -8 0 -8 0 -9 0 -9 0 -9 0 -9 0 -10 0 -10 1 -10 1 -10 1 -11 1 -11 1 -11 1 -11 1 -11 1 -11 1 -12 1 -12 0 0 1 -12 1 -12 1 -12 1 -12 1 -13 1 -13 1 -13 0 -13 1 -13 0 -13 0 -13 0 -14 0 -14 0 -14 0 -14 0 -15 0 -14 -1 -15 -1 -15 -1 -15 -1 -15 -1 -15 -1 -15 -1 -15 -1 -15 -1 -16 0 0 0 0 0 0 0 0 0 0
1784740926.418995,55448,-44,11,1,7,1,-95,1,647930963,128,0 0 0 0 0 0 0 0 0 0 0 0 -2 5 -3 5 -3 6 -4 5 -4 6 -4 6 -4 6 -4 6 -5 6 -4 6 -4 6 -4 7 -5 7 -5 7 -6 7 -6 7 -6 7 -6 7 -6 8 -7 7 -7 8 -7 8 -7 8 -7 8 -7 8 -7 9 0 0 -8 9 -8 9 -8 9 -8 9 -8 9 -8 9 -8 9 -9 9 -9 9 -8 10 -8 10 -8 10 -8 10 -9 10 -9 11 -9 11 -9 10 -9 11 -9 11 -9 11 -10 11 -10 11 -9 11 -9 12 -9 11 -9 11 0 0 0 0 0 0 0 0 0 0
1784740926.435199,55449,-45,11,1,7,1,-95,1,647941643,128,0 0 0 0 0 0 0 0 0 0 0 0 -4 4 -5 4 -5 4 -5 4 -6 3 -6 3 -6 4 -6 4 -6 4 -6 4 -6 4 -7 4 -7 4 -7 4 -7 5 -8 5 -8 5 -8 5 -9 5 -9 5 -9 5 -9 5 -9 6 -10 5 -10 6 -10 6 0 0 -10 6 -11 6 -11 6 -11 6 -11 6 -11 6 -11 6 -11 7 -11 6 -11 7 -12 7 -11 7 -12 7 -12 7 -12 7 -12 8 -12 7 -12 8 -12 8 -12 8 -12 8 -12 8 -13 8 -13 8 -13 8 -13 8 0 0 0 0 0 0 0 0 0 0
1784740926.438533,55450,-45,11,1,7,1,-95,1,647950897,128,0 0 0 0 0 0 0 0 0 0 0 0 3 -4 3 -4 3 -4 3 -4 3 -4 3 -5 4 -5 4 -5 4 -5 4 -5 4 -5 5 -5 5 -6 5 -6 5 -6 6 -6 6 -7 6 -7 6 -7 6 -7 7 -7 7 -7 7 -7 8 -7 8 -7 8 -7 0 0 8 -8 9 -8 9 -8 9 -8 9 -8 9 -8 9 -8 9 -8 9 -8 9 -9 9 -9 9 -9 9 -9 10 -9 9 -9 10 -9 10 -9 10 -10 10 -10 10 -10 10 -10 10 -10 10 -10 10 -10 10 -10 10 -10 0 0 0 0 0 0 0 0 0 0
1784740926.455685,55451,-45,11,1,7,1,-95,1,647962543,128,0 0 0 0 0 0 0 0 0 0 0 0 3 -3 3 -3 3 -3 4 -3 4 -3 4 -3 4 -3 5 -3 5 -3 5 -3 6 -3 6 -3 6 -3 7 -3 7 -4 7 -4 8 -4 8 -4 9 -4 9 -4 9 -3 9 -3 9 -3 10 -3 10 -3 10 -3 0 0 11 -3 11 -3 11 -3 11 -3 11 -3 11 -3 11 -3 12 -3 12 -3 12 -4 12 -3 12 -3 12 -3 12 -3 12 -4 13 -4 12 -4 13 -4 13 -4 13 -4 13 -4 13 -4 13 -4 13 -4 13 -4 13 -4 0 0 0 0 0 0 0 0 0 0
1784740926.467585,55452,-45,11,1,7,1,-95,1,647970997,128,0 0 0 0 0 0 0 0 0 0 0 0 4 -2 4 -1 4 -1 4 -1 5 -1 5 -1 5 -1 5 -1 5 -1 6 -1 6 -1 7 -1 7 -1 7 -1 7 -1 8 -1 8 -1 9 -1 9 -1 9 0 9 0 10 0 10 0 10 0 10 0 10 1 0 0 11 0 11 0 11 0 12 0 11 0 11 0 11 0 12 0 12 0 13 0 12 0 12 0 12 0 12 0 13 -1 13 -1 13 0 13 -1 13 -1 13 -1 14 -1 13 -1 14 -1 14 -1 13 -1 13 -1 0 0 0 0 0 0 0 0 0 0
1784740926.467585,55453,-45,11,1,7,1,-95,1,647982078,128,0 0 0 0 0 0 0 0 0 0 0 0 3 3 3 3 3 3 3 3 3 4 3 4 3 4 3 4 3 5 3 5 3 5 4 5 4 6 4 6 4 6 4 7 4 7 4 7 4 8 4 8 4 8 4 8 4 8 4 9 4 9 4 9 0 0 4 10 4 10 4 10 5 10 5 10 5 10 5 10 5 10 5 10 6 11 6 11 6 11 6 11 6 11 6 11 6 11 6 11 6 11 6 11 7 12 7 11 6 11 7 11 7 11 7 11 7 11 0 0 0 0 0 0 0 0 0 0
1784740926.487338,55454,-46,11,1,7,1,-95,1,647990920,128,0 0 0 0 0 0 0 0 0 0 0 0 -3 3 -3 4 -4 4 -4 3 -4 4 -4 4 -4 4 -4 4 -4 4 -5 4 -5 4 -5 5 -6 5 -6 5 -6 5 -6 5 -6 5 -6 5 -7 6 -7 6 -7 6 -7 6 -8 6 -8 6 -8 6 -9 6 0 0 -9 7 -9 7 -9 7 -9 7 -9 7 -9 8 -9 8 -10 8 -10 8 -10 8 -10 8 -10 8 -10 8 -11 8 -11 9 -11 9 -11 9 -11 9 -11 9 -10 10 -10 10 -11 9 -11 9 -11 9 -11 9 -11 9 0 0 0 0 0 0 0 0 0 0
1784740926.487338,55455,-46,11,1,7,1,-95,1,648000885,128,0 0 0 0 0 0 0 0 0 0 0 0 2 -4 2 -4 2 -4 2 -5 3 -5 3 -5 3 -5 3 -5 3 -5 3 -5 4 -5 4 -5 4 -5 4 -6 4 -6 4 -6 5 -6 5 -7 5 -7 5 -7 5 -7 5 -7 6 -8 6 -8 6 -8 6 -8 0 0 6 -9 6 -9 6 -9 7 -9 7 -9 7 -10 7 -10 7 -10 7 -10 8 -11 8 -10 7 -10 8 -10 8 -10 8 -12 8 -11 8 -12 8 -12 8 -12 8 -12 8 -12 8 -12 9 -12 9 -12 9 -12 9 -12 0 0 0 0 0 0 0 0 0 0
1784740926.499748,55456,-47,11,1,7,1,-95,1,648011025,128,0 0 0 0 0 0 0 0 0 0 0 0 3 -3 4 -3 4 -2 4 -2 4 -2 4 -2 4 -2 5 -3 5 -2 5 -3 5 -3 5 -3 6 -3 6 -3 6 -3 6 -3 7 -3 7 -3 7 -3 7 -3 8 -3 8 -3 8 -4 8 -4 9 -4 9 -4 0 0 10 -4 10 -4 10 -4 10 -4 10 -4 10 -4 11 -4 11 -5 11 -5 12 -5 12 -5 12 -6 12 -6 13 -5 13 -5 13 -5 13 -5 13 -5 13 -5 14 -5 14 -6 14 -5 13 -6 14 -5 14 -6 14 -6 0 0 0 0 0 0 0 0 0 0
1784740926.515637,55457,-47,11,1,7,1,-95,1,648020981,128,0 0 0 0 0 0 0 0 0 0 0 0 2 4 1 4 2 4 1 4 2 4 1 4 2 4 2 5 2 4 2 5 2 5 2 5 2 6 2 6 2 6 3 6 3 6 3 7 3 7 3 7 3 7 3 7 4 8 3 8 3 8 4 9 0 0 4 9 4 9 4 9 5 10 5 10 5 10 5 10 5 10 5 10 6 11 5 11 5 11 5 11 5 11 6 12 6 12 6 13 6 12 6 12 7 13 7 12 7 12 6 13 6 13 6 13 6 13 0 0 0 0 0 0 0 0 0 0
1784740926.515637,55458,-47,11,1,7,1,-95,1,648031572,128,0 0 0 0 0 0 0 0 0 0 0 0 -4 2 -4 2 -4 2 -4 2 -4 2 -5 2 -5 2 -5 3 -5 3 -5 3 -5 3 -5 3 -5 3 -6 3 -6 4 -6 3 -6 4 -6 4 -7 4 -7 4 -7 5 -8 5 -8 5 -8 5 -8 5 -9 5 0 0 -9 6 -9 6 -10 6 -9 6 -9 6 -10 7 -10 6 -10 7 -10 7 -11 8 -11 7 -11 7 -11 8 -11 8 -11 8 -12 8 -11 8 -12 8 -12 8 -12 9 -12 9 -12 9 -12 8 -12 8 -12 8 -12 9 0 0 0 0 0 0 0 0 0 0
1784740926.531740,55459,-47,11,1,7,1,-95,1,648040920,128,0 0 0 0 0 0 0 0 0 0 0 0 -1 3 -1 3 -1 4 -1 4 -1 4 -1 4 -1 4 -1 4 -1 4 -1 4 -1 5 -1 5 -1 5 -1 6 -1 6 -2 6 -2 7 -2 7 -2 7 -2 7 -2 7 -2 8 -2 8 -2 8 -2 9 -2 9 0 0 -3 9 -3 9 -3 10 -3 10 -3 10 -3 10 -3 10 -3 11 -3 11 -3 11 -3 11 -3 12 -3 12 -3 13 -3 12 -4 13 -3 12 -3 13 -3 13 -3 13 -3 13 -4 13 -3 12 -3 13 -3 13 -3 13 0 0 0 0 0 0 0 0 0 0
1784740926.547517,55460,-47,11,1,7,1,-95,1,648050884,128,0 0 0 0 0 0 0 0 0 0 0 0 3 -4 3 -4 3 -4 4 -3 4 -4 4 -4 4 -4 4 -4 4 -4 4 -4 5 -4 5 -4 5 -5 5 -5 5 -5 6 -5 6 -5 6 -5 6 -5 7 -6 7 -6 7 -6 8 -6 8 -6 8 -6 8 -6 0 0 8 -6 9 -7 9 -6 9 -7 9 -7 9 -7 9 -7 10 -7 9 -7 10 -8 10 -8 10 -7 10 -7 10 -7 11 -9 10 -8 11 -8 11 -8 11 -8 11 -9 11 -8 11 -9 12 -9 11 -8 11 -9 11 -9 0 0 0 0 0 0 0 0 0 0
1784740926.547517,55461,-46,11,1,7,1,-95,1,648060933,128,0 0 0 0 0 0 0 0 0 0 0 0 -5 3 -5 4 -5 3 -6 3 -6 3 -6 3 -6 3 -7 3 -7 3 -7 3 -7 3 -7 3 -8 3 -8 3 -8 4 -8 3 -9 4 -9 3 -9 4 -10 4 -10 4 -10 4 -10 4 -10 4 -11 4 -11 4 0 0 -11 4 -11 4 -12 4 -11 4 -12 5 -12 4 -12 4 -12 5 -12 5 -12 5 -13 5 -13 5 -13 5 -14 5 -13 5 -14 6 -13 5 -14 6 -13 5 -14 5 -14 6 -14 6 -13 5 -14 5 -14 5 -14 5 0 0 0 0 0 0 0 0 0 0
1784740926.563672,55462,-46,11,1,7,1,-95,1,648070930,128,0 0 0 0 0 0 0 0 0 0 0 0 -2 6 -2 6 -3 6 -3 6 -3 6 -4 6 -4 6 -4 6 -4 6 -4 6 -4 7 -4 7 -4 7 -4 7 -5 7 -5 7 -5 8 -5 8 -5 8 -5 8 -6 8 -6 8 -5 9 -6 9 -5 9 -6 9 0 0 -6 10 -6 10 -7 10 -6 10 -6 10 -7 10 -7 10 -6 11 -7 11 -6 11 -6 12 -6 12 -6 12 -7 12 -7 12 -7 12 -7 12 -7 12 -8 13 -8 12 -7 13 -8 12 -7 13 -7 13 -7 13 -7 13 0 0 0 0 0 0 0 0 0 0
1784740926.563672,55463,-46,11,1,7,1,-95,1,648080967,128,0 0 0 0 0 0 0 0 0 0 0 0 5 -5 5 -4 6 -4 6 -4 6 -4 6 -4 6 -4 6 -4 6 -4 7 -3 7 -3 7 -3 7 -3 7 -3 7 -4 8 -4 7 -4 8 -4 8 -4 8 -5 8 -5 8 -5 9 -5 9 -5 9 -4 9 -5 0 0 9 -5 10 -6 10 -6 10 -6 10 -6 10 -6 10 -7 11 -7 11 -7 12 -8 12 -7 12 -7 11 -7 11 -7 12 -8 12 -8 13 -8 13 -8 12 -8 13 -8 13 -8 13 -8 14 -8 14 -7 14 -7 13 -7 0 0 0 0 0 0 0 0 0 0
1784740926.579760,55464,-47,11,1,7,1,-95,1,648090896,128,0 0 0 0 0 0 0 0 0 0 0 0 3 6 2 6 2 6 2 7 2 7 2 7 1 7 1 7 1 7 1 7 1 7 1 8 1 8 1 8 1 8 1 8 1 8 1 8 1 9 1 8 2 9 2 9 2 9 2 9 2 9 2 10 0 0 3 10 3 10 3 11 3 10 3 11 3 11 4 11 4 11 4 12 4 12 4 12 4 12 4 12 4 13 5 13 5 14 4 13 5 14 5 14 5 14 5 14 5 14 4 14 4 15 4 15 4 15 0 0 0 0 0 0 0 0 0 0
1784740926.597137,55465,-47,11,1,7,1,-95,1,648100961,128,0 0 0 0 0 0 0 0 0 0 0 0 -7 0 -7 -1 -8 -1 -8 -1 -8 -2 -8 -2 -8 -2 -8 -2 -8 -2 -8 -2 -9 -2 -9 -2 -9 -2 -9 -2 -9 -3 -9 -3 -10 -3 -9 -3 -10 -3 -10 -3 -10 -3 -11 -3 -10 -2 -10 -3 -11 -3 -11 -3 0 0 -12 -3 -11 -2 -12 -3 -12 -2 -12 -2 -13 -2 -13 -2 -13 -2 -13 -2 -14 -2 -14 -2 -14 -1 -15 -1 -15 -2 -15 -2 -16 -2 -15 -2 -16 -2 -16 -2 -16 -2 -16 -2 -16 -2 -16 -2 -16 -2 -16 -2 -17 -2 0 0 0 0 0 0 0 0 0 0
1784740926.597137,55466,-47,11,1,7,1,-95,1,648111492,128,0 0 0 0 0 0 0 0 0 0 0 0 -3 -6 -3 -7 -2 -7 -2 -7 -2 -7 -2 -7 -2 -7 -2 -7 -2 -8 -2 -8 -2 -8 -2 -8 -2 -9 -2 -9 -2 -9 -2 -9 -2 -10 -2 -10 -2 -10 -2 -10 -2 -11 -2 -11 -2 -11 -2 -11 -2 -11 -2 -11 0 0 -2 -12 -3 -12 -3 -12 -3 -12 -3 -12 -3 -12 -3 -12 -3 -13 -4 -13 -4 -13 -4 -13 -4 -13 -4 -14 -4 -14 -5 -14 -5 -15 -5 -14 -5 -15 -5 -15 -5 -15 -5 -15 -5 -16 -5 -15 -4 -16 -5 -16 -5 -16 0 0 0 0 0 0 0 0 0 0
1784740926.611832,55467,-46,11,1,7,1,-95,1,648120977,128,0 0 0 0 0 0 0 0 0 0 0 0 -2 5 -2 6 -3 5 -3 6 -3 6 -3 6 -3 6 -3 6 -4 6 -3 6 -4 7 -4 7 -4 7 -5 7 -5 8 -5 7 -6 8 -5 8 -6 8 -6 8 -6 8 -6 8 -6 8 -6 8 -6 9 -7 9 0 0 -7 9 -7 9 -7 10 -6 9 -7 9 -6 10 -7 10 -6 10 -7 10 -6 11 -7 11 -6 11 -7 11 -7 12 -7 11 -8 12 -7 11 -7 12 -7 12 -7 12 -7 13 -8 13 -7 12 -8 12 -8 13 -8 13 0 0 0 0 0 0 0 0 0 0
1784740926.627623,55468,-45,11,1,7,1,-95,1,648130997,128,0 0 0 0 0 0 0 0 0 0 0 0 -4 5 -5 5 -5 5 -6 5 -6 5 -6 5 -6 5 -6 5 -7 5 -7 5 -7 5 -7 5 -8 5 -8 5 -8 6 -8 5 -9 6 -9 5 -9 6 -9 6 -9 6 -10 6 -9 6 -10 6 -10 6 -10 6 0 0 -10 6 -10 6 -10 6 -10 7 -10 7 -10 7 -10 7 -10 8 -10 8 -10 8 -10 8 -10 9 -10 9 -10 9 -10 9 -11 9 -10 9 -10 10 -11 10 -10 10 -10 10 -11 10 -10 10 -11 10 -11 10 -11 10 0 0 0 0 0 0 0 0 0 0
1784740926.627623,55469,-45,11,1,7,1,-95,1,648140938,128,0 0 0 0 0 0 0 0 0 0 0 0 2 -7 2 -7 3 -7 3 -7 3 -7 3 -7 4 -7 4 -7 4 -8 5 -7 5 -7 5 -7 5 -7 5 -7 5 -8 6 -8 6 -8 6 -9 6 -8 6 -9 6 -9 6 -9 7 -9 7 -8 7 -8 7 -9 0 0 7 -9 7 -10 6 -9 7 -10 6 -10 6 -10 6 -10 6 -11 6 -11 7 -12 7 -11 6 -11 6 -11 6 -11 6 -13 6 -12 6 -13 6 -13 6 -13 6 -14 6 -13 5 -14 7 -13 7 -13 6 -13 6 -13 0 0 0 0 0 0 0 0 0 0
1784740926.646967,55470,-45,11,1,7,1,-95,1,648150956,128,0 0 0 0 0 0 0 0 0 0 0 0 3 -7 3 -6 4 -7 4 -6 4 -6 4 -7 5 -6 5 -6 5 -6 5 -7 5 -7 6 -7 6 -7 6 -7 6 -7 7 -7 7 -7 7 -7 7 -7 7 -7 7 -8 7 -7 7 -8 8 -8 8 -8 8 -8 0 0 8 -8 8 -8 9 -8 8 -8 8 -9 8 -9 8 -9 8 -9 9 -10 8 -10 9 -10 9 -11 9 -10 9 -11 9 -11 9 -11 9 -11 9 -12 10 -12 10 -12 10 -12 10 -12 9 -12 10 -12 10 -12 10 -12 0 0 0 0 0 0 0 0 0 0
1784740926.646967,55471,-45,11,1,7,1,-95,1,648160900,128,0 0 0 0 0 0 0 0 0 0 0 0 5 2 5 2 5 3 5 3 5 3 5 4 5 4 5 4 5 4 5 4 5 4 6 5 5 5 6 5 6 5 6 5 6 5 6 5 6 5 7 6 7 5 7 6 7 6 7 6 7 6 7 6 0 0 8 6 8 6 8 7 8 7 8 6 9 6 9 6 9 7 9 7 10 7 10 7 10 7 10 7 10 7 11 7 11 7 11 7 11 7 11 7 12 7 12 7 12 7 12 8 12 8 11 8 12 8 0 0 0 0 0 0 0 0 0 0
1784740926.665599,55472,-46,11,1,7,1,-95,1,648172876,128,0 0 0 0 0 0 0 0 0 0 0 0 3 5 3 5 3 5 2 5 2 6 2 6 2 6 2 6 2 6 2 6 2 6 2 7 2 7 2 7 2 7 2 7 2 7 2 8 2 8 2 8 3 8 2 8 3 9 2 8 2 8 3 9 0 0 3 9 3 10 3 9 4 9 4 9 4 9 4 10 5 10 4 10 5 11 5 10 4 11 5 11 5 11 6 11 5 11 5 12 6 12 6 12 7 12 7 12 6 12 6 13 6 13 6 13 6 13 0 0 0 0 0 0 0 0 0 0
1784740926.675788,55473,-46,11,1,7,1,-95,1,648180889,128,0 0 0 0 0 0 0 0 0 0 0 0 6 -1 6 -1 6 0 6 0 6 0 7 1 6 1 7 1 7 1 7 1 7 1 7 1 7 1 7 1 8 2 7 2 8 2 8 2 8 2 8 2 8 2 8 2 8 2 8 2 8 2 9 2 0 0 9 2 9 2 9 2 9 2 9 2 10 2 10 2 10 2 10 2 11 1 11 1 11 1 11 1 12 1 12 1 13 1 12 1 13 1 13 1 13 1 13 1 14 1 13 1 14 1 14 1 14 1 0 0 0 0 0 0 0 0 0 0
1784740926.693523,55474,-45,11,1,7,1,-95,1,648190957,128,0 0 0 0 0 0 0 0 0 0 0 0 7 0 7 0 7 1 7 1 7 1 7 1 7 2 7 1 7 2 8 2 8 3 8 3 8 3 8 3 8 3 8 3 8 3 9 4 8 3 9 3 8 3 9 4 9 4 9 4 9 4 9 4 0 0 9 4 10 4 9 3 10 4 9 3 10 3 10 3 11 3 10 3 11 3 11 3 11 3 11 3 11 2 12 2 12 2 13 3 12 3 13 2 13 2 13 2 13 2 14 3 14 3 14 3 14 3 0 0 0 0 0 0 0 0 0 0
1784740926.693523,55475,-45,11,1,7,1,-95,1,648202569,128,0 0 0 0 0 0 0 0 0 0 0 0 4 -6 4 -6 5 -6 5 -6 5 -6 5 -6 6 -6 6 -6 6 -6 6 -6 7 -6 7 -6 7 -5 7 -6 7 -6 8 -6 8 -6 8 -6 8 -6 8 -6 8 -6 8 -6 9 -6 9 -6 9 -5 9 -6 0 0 9 -6 9 -6 9 -6 9 -7 9 -7 9 -7 9 -7 9 -7 9 -8 9 -8 9 -8 9 -8 9 -8 9 -8 9 -9 9 -9 10 -9 10 -9 9 -9 9 -10 10 -10 9 -10 10 -10 10 -10 10 -10 10 -10 0 0 0 0 0 0 0 0 0 0
1784740926.728094,55476,-44,11,1,7,1,-95,1,648217129,128,0 0 0 0 0 0 0 0 0 0 0 0 -6 -6 -6 -6 -5 -6 -5 -7 -5 -7 -5 -7 -5 -7 -5 -8 -5 -8 -5 -8 -5 -8 -5 -8 -5 -9 -5 -9 -5 -9 -4 -9 -5 -9 -5 -9 -5 -10 -4 -10 -4 -10 -4 -10 -5 -10 -5 -10 -5 -10 -5 -10 0 0 -5 -10 -5 -10 -5 -10 -5 -10 -5 -10 -6 -10 -6 -10 -6 -10 -6 -11 -7 -11 -7 -11 -7 -10 -7 -11 -7 -11 -7 -11 -7 -11 -7 -11 -8 -12 -8 -12 -8 -12 -8 -12 -8 -12 -8 -12 -8 -12 -8 -12 -9 -13 0 0 0 0 0 0 0 0 0 0
1784740926.739583,55477,-45,11,1,7,1,-95,1,648251972,128,0 0 0 0 0 0 0 0 0 0 0 0 2 8 2 8 1 8 0 9 0 8 0 9 -1 9 0 9 -1 9 -1 9 -1 9 -1 9 -1 10 -1 10 -2 10 -2 10 -2 11 -2 10 -2 11 -2 10 -2 10 -2 10 -2 10 -2 11 -2 11 -2 11 0 0 -2 11 -2 11 -2 11 -2 11 -2 11 -2 11 -2 11 -2 12 -2 12 -1 12 -1 12 0 12 -1 12 0 13 -1 12 -1 13 -1 12 -1 13 -1 13 0 13 0 13 -1 14 0 13 0 14 0 14 0 14 0 0 0 0 0 0 0 0 0 0
1784740926.739583,55478,-42,11,1,6,0,-95,1,648255017,128,0 0 0 0 0 0 0 0 0 0 0 0 -4 8 -4 8 -5 7 -5 7 -5 7 -5 7 -6 7 -6 7 -6 7 -6 7 -7 7 -7 7 -7 8 -7 8 -8 8 -8 8 -8 8 -8 8 -9 8 -8 8 -9 8 -9 8 -9 8 -9 8 -9 8 -9 8 0 0 -9 8 -9 8 -9 8 -9 8 -9 8 -9 8 -10 9 -9 9 -9 9 -9 9 -9 10 -9 10 -9 10 -9 10 -9 10 -9 10 -9 11 -9 10 -9 11 -9 11 -9 11 -10 11 -9 11 -10 11 -9 12 -10 12 0 0 0 0 0 0 0 0 0 0
1784740926.755347,55479,-42,11,1,7,0,-95,1,648262510,128,0 0 0 0 0 0 0 0 0 0 0 0 2 -9 2 -8 2 -9 3 -8 3 -8 3 -9 3 -9 4 -9 4 -9 4 -9 5 -9 5 -9 5 -9 5 -9 5 -10 6 -9 6 -10 6 -10 6 -10 6 -10 6 -10 6 -10 7 -10 7 -10 7 -10 7 -10 0 0 7 -10 7 -11 7 -11 7 -11 7 -11 7 -11 7 -11 7 -11 7 -12 7 -12 7 -12 7 -12 7 -12 7 -12 6 -13 7 -13 7 -13 7 -13 7 -14 7 -14 7 -14 7 -14 7 -14 7 -14 7 -14 7 -14 0 0 0 0 0 0 0 0 0 0
1784740926.755347,55480,-46,11,1,7,1,-95,1,648272822,128,0 0 0 0 0 0 0 0 0 0 0 0 -1 -8 -1 -8 -1 -8 0 -8 0 -8 0 -8 0 -8 0 -8 0 -8 0 -8 0 -8 1 -9 1 -8 1 -8 1 -9 1 -8 1 -9 1 -9 1 -9 1 -9 1 -10 1 -10 1 -9 1 -10 1 -10 1 -10 0 0 1 -10 1 -10 1 -10 1 -10 1 -11 1 -11 0 -11 1 -11 1 -11 0 -12 0 -12 0 -12 0 -12 0 -13 0 -12 0 -13 0 -13 0 -13 0 -14 0 -14 0 -14 0 -14 0 -14 1 -15 0 -15 0 -15 0 0 0 0 0 0 0 0 0 0
1784740926.775906,55481,-46,11,1,7,1,-95,1,648280888,128,0 0 0 0 0 0 0 0 0 0 0 0 -7 4 -7 3 -8 3 -8 3 -8 2 -8 3 -8 2 -8 2 -8 2 -8 2 -8 1 -8 2 -8 1 -8 1 -8 1 -8 2 -8 2 -9 2 -9 2 -9 2 -9 2 -9 2 -9 2 -9 2 -9 2 -9 2 0 0 -9 2 -9 2 -9 3 -10 3 -9 3 -10 3 -9 3 -10 3 -10 4 -10 4 -11 4 -10 4 -11 4 -11 4 -11 5 -11 5 -12 5 -12 5 -12 5 -12 6 -12 5 -12 6 -13 5 -13 5 -13 5 -13 5 0 0 0 0 0 0 0 0 0 0
1784740926.787519,55482,-46,11,1,7,1,-95,1,648290911,128,0 0 0 0 0 0 0 0 0 0 0 0 6 6 6 6 5 7 5 7 5 7 5 8 4 7 4 8 4 8 4 8 4 8 4 8 4 8 4 8 4 9 3 8 3 9 3 8 3 9 3 8 3 8 3 8 4 8 4 8 4 8 4 8 0 0 4 8 4 8 5 9 4 8 5 8 5 8 5 8 6 8 6 9 6 8 6 9 7 9 7 9 7 9 7 9 7 9 7 9 8 9 8 10 8 10 8 10 8 10 8 10 8 10 8 10 9 11 0 0 0 0 0 0 0 0 0 0
1784740926.787519,55483,-45,11,1,7,1,-95,1,648300870,128,0 0 0 0 0 0 0 0 0 0 0 0 8 -3 9 -2 9 -2 9 -1 9 -1 9 -1 10 0 10 0 10 0 10 0 10 1 10 1 10 1 10 1 10 1 10 2 10 2 10 2 10 2 10 1 10 1 10 2 10 2 10 2 10 2 10 1 0 0 10 1 10 1 10 1 11 0 10 0 11 0 11 0 11 0 11 0 11 -1 11 -1 11 -1 12 -1 11 -1 12 -2 12 -2 12 -1 13 -2 13 -2 13 -2 13 -2 13 -3 13 -2 13 -2 13 -2 14 -2 0 0 0 0 0 0 0 0 0 0
1784740926.803269,55484,-43,11,1,7,0,-95,1,648310854,128,0 0 0 0 0 0 0 0 0 0 0 0 2 -10 3 -10 4 -10 4 -9 5 -10 5 -9 6 -9 6 -9 6 -9 6 -9 7 -9 7 -9 7 -9 7 -9 8 -9 8 -9 8 -9 8 -9 8 -8 8 -8 8 -8 8 -8 8 -8 8 -9 8 -9 8 -9 0 0 8 -9 7 -9 7 -9 7 -9 7 -10 8 -10 7 -10 7 -10 7 -10 6 -11 6 -11 6 -11 6 -12 6 -12 6 -12 6 -12 6 -13 6 -13 7 -13 7 -13 7 -13 7 -13 7 -14 6 -14 6 -14 6 -14 0 0 0 0 0 0 0 0 0 0
1784740926.819410,55485,-46,11,1,7,1,-95,1,648320984,128,0 0 0 0 0 0 0 0 0 0 0 0 -1 -10 0 -10 1 -10 1 -10 1 -10 2 -10 2 -10 2 -10 3 -10 2 -10 3 -10 3 -10 3 -10 4 -11 4 -11 4 -10 5 -10 4 -10 5 -10 4 -10 5 -10 5 -10 4 -10 4 -10 4 -10 4 -10 0 0 4 -10 4 -10 4 -10 3 -10 3 -10 3 -10 3 -10 2 -11 3 -11 2 -11 2 -12 1 -12 2 -12 1 -13 2 -12 2 -13 2 -13 1 -13 2 -13 2 -14 1 -14 2 -14 1 -14 1 -14 1 -14 1 -15 0 0 0 0 0 0 0 0 0 0
1784740926.851752,55486,-46,11,1,7,1,-95,1,648358456,128,0 0 0 0 0 0 0 0 0 0 0 0 -7 -2 -7 -2 -7 -3 -7 -3 -7 -3 -8 -3 -8 -3 -8 -3 -8 -3 -8 -4 -8 -4 -8 -5 -8 -5 -9 -5 -9 -5 -9 -5 -9 -5 -9 -6 -9 -6 -9 -6 -9 -6 -9 -6 -9 -6 -9 -6 -9 -6 -9 -6 0 0 -10 -6 -10 -6 -10 -6 -10 -6 -10 -5 -11 -5 -11 -5 -11 -5 -11 -5 -12 -5 -12 -5 -12 -5 -12 -5 -12 -5 -13 -5 -13 -5 -13 -5 -13 -5 -14 -5 -14 -5 -14 -5 -14 -5 -14 -5 -14 -6 -14 -6 -14 -6 0 0 0 0 0 0 0 0 0 0
1784740926.851752,55487,-46,11,1,7,1,-95,1,648358773,128,0 0 0 0 0 0 0 0 0 0 0 0 -6 -4 -6 -4 -6 -4 -6 -5 -6 -5 -7 -5 -7 -6 -7 -6 -7 -6 -6 -6 -7 -7 -7 -7 -7 -7 -7 -8 -7 -8 -7 -8 -7 -8 -7 -8 -7 -9 -7 -9 -7 -9 -7 -9 -7 -9 -7 -9 -7 -9 -7 -9 0 0 -8 -9 -7 -9 -8 -9 -8 -9 -8 -9 -8 -9 -9 -9 -9 -9 -9 -9 -9 -9 -10 -9 -10 -9 -10 -9 -10 -9 -11 -9 -11 -10 -11 -10 -12 -10 -11 -10 -12 -9 -12 -10 -12 -10 -12 -10 -12 -10 -12 -10 -12 -10 0 0 0 0 0 0 0 0 0 0
1784740926.851752,55488,-47,11,1,7,1,-95,1,648360877,128,0 0 0 0 0 0 0 0 0 0 0 0 -5 -5 -5 -6 -5 -6 -5 -6 -5 -6 -5 -7 -5 -6 -5 -7 -5 -7 -5 -7 -5 -8 -5 -8 -5 -8 -5 -8 -5 -9 -5 -9 -5 -9 -5 -9 -5 -9 -5 -9 -5 -9 -5 -9 -5 -9 -5 -10 -5 -10 -5 -10 0 0 -5 -10 -5 -10 -6 -10 -6 -10 -6 -10 -6 -10 -7 -9 -7 -10 -7 -10 -8 -10 -7 -10 -8 -10 -8 -10 -8 -10 -8 -10 -9 -10 -9 -10 -9 -11 -9 -10 -10 -11 -10 -11 -10 -11 -9 -11 -9 -12 -10 -11 -10 -11 0 0 0 0 0 0 0 0 0 0
1784740926.867583,55489,-47,11,1,7,1,-95,1,648370984,128,0 0 0 0 0 0 0 0 0 0 0 0 -7 3 -7 3 -8 2 -8 3 -8 2 -8 2 -8 2 -8 2 -9 2 -8 2 -9 2 -9 2 -9 2 -10 2 -10 2 -10 1 -11 2 -10 1 -11 2 -11 1 -11 2 -11 1 -11 2 -11 1 -11 2 -12 2 0 0 -12 2 -11 2 -12 2 -11 2 -12 2 -12 2 -12 2 -12 3 -12 3 -12 3 -12 3 -12 3 -13 3 -13 4 -12 3 -14 4 -13 3 -14 4 -13 4 -14 4 -14 4 -14 4 -13 4 -14 4 -14 4 -14 4 0 0 0 0 0 0 0 0 0 0
1784740926.873194,55490,-47,11,1,7,1,-95,1,648380889,128,0 0 0 0 0 0 0 0 0 0 0 0 0 -9 0 -9 1 -9 2 -9 2 -9 2 -10 2 -9 2 -10 3 -9 2 -9 3 -10 3 -10 3 -10 3 -10 3 -10 4 -10 4 -10 4 -10 4 -10 4 -10 4 -10 5 -10 4 -10 4 -11 4 -11 4 -11 0 0 4 -11 4 -11 4 -11 4 -11 4 -12 4 -12 4 -12 3 -12 4 -12 3 -13 3 -13 3 -13 3 -13 4 -14 4 -13 4 -14 3 -13 4 -14 4 -14 4 -14 4 -14 4 -14 3 -14 4 -14 3 -14 4 -15 0 0 0 0 0 0 0 0 0 0
1784740926.887703,55491,-47,11,1,7,1,-95,1,648391596,128,0 0 0 0 0 0 0 0 0 0 0 0 -7 3 -8 3 -8 2 -8 2 -8 2 -9 2 -9 2 -9 1 -9 1 -9 1 -9 1 -9 1 -10 1 -10 1 -10 1 -10 1 -10 0 -10 1 -10 1 -10 1 -10 1 -10 1 -10 1 -10 1 -10 1 -11 1 0 0 -11 2 -11 2 -11 2 -11 2 -11 3 -11 3 -11 3 -12 3 -12 3 -12 4 -12 3 -12 4 -12 4 -13 4 -13 4 -13 4 -13 4 -13 4 -13 4 -13 5 -14 5 -13 5 -13 4 -14 4 -13 4 -14 4 0 0 0 0 0 0 0 0 0 0
1784740926.887703,55492,-46,11,1,7,1,-95,1,648401639,128,0 0 0 0 0 0 0 0 0 0 0 0 -7 3 -8 2 -8 2 -9 2 -9 1 -9 2 -9 1 -9 1 -9 0 -9 1 -10 1 -10 1 -10 1 -10 0 -11 0 -10 0 -11 0 -10 0 -11 0 -11 -1 -11 0 -11 -1 -11 0 -11 0 -11 0 -12 0 0 0 -11 0 -12 0 -12 0 -11 0 -12 1 -12 1 -12 1 -12 2 -13 1 -13 2 -13 2 -13 3 -13 2 -14 2 -13 2 -14 2 -13 2 -14 2 -14 2 -14 2 -14 3 -14 2 -14 3 -14 3 -14 3 -14 3 0 0 0 0 0 0 0 0 0 0
1784740926.900017,55493,-46,11,1,7,1,-95,1,648410897,128,0 0 0 0 0 0 0 0 0 0 0 0 -5 -7 -5 -7 -5 -8 -4 -8 -4 -8 -4 -8 -4 -9 -4 -9 -4 -9 -4 -9 -4 -10 -4 -10 -3 -10 -3 -11 -3 -11 -3 -11 -3 -11 -3 -11 -2 -11 -2 -11 -2 -11 -2 -11 -2 -11 -2 -11 -2 -11 -2 -11 0 0 -2 -11 -2 -11 -2 -11 -3 -11 -3 -11 -3 -11 -3 -11 -4 -11 -4 -12 -4 -12 -4 -12 -5 -12 -5 -12 -5 -12 -5 -12 -5 -13 -5 -13 -5 -12 -5 -13 -6 -13 -5 -13 -5 -13 -6 -13 -6 -13 -6 -13 -6 -13 0 0 0 0 0 0 0 0 0 0
1784740926.916310,55494,-46,11,1,7,1,-95,1,648420969,128,0 0 0 0 0 0 0 0 0 0 0 0 1 8 0 8 0 8 0 8 -1 8 -1 8 -1 9 -1 9 -1 9 -2 9 -2 9 -2 9 -3 10 -3 10 -3 10 -3 10 -3 10 -3 11 -3 10 -3 10 -3 10 -3 10 -4 11 -4 10 -4 10 -4 10 0 0 -3 10 -3 11 -3 10 -3 11 -3 10 -3 11 -2 11 -2 11 -2 11 -2 12 -2 12 -2 12 -2 12 -1 12 -1 13 -1 13 -1 13 -1 12 -1 13 -1 13 -1 13 0 13 -1 13 -1 13 -1 13 -1 13 0 0 0 0 0 0 0 0 0 0
1784740926.948114,55495,-45,11,1,7,1,-95,1,648430902,128,0 0 0 0 0 0 0 0 0 0 0 0 1 7 0 7 0 7 0 8 -1 8 -1 8 -1 8 -1 9 -2 9 -2 9 -2 9 -2 9 -3 9 -2 9 -3 10 -3 9 -3 10 -3 10 -3 10 -3 10 -3 10 -4 10 -3 10 -3 10 -3 10 -3 10 0 0 -3 11 -3 10 -3 10 -3 11 -3 11 -3 11 -3 11 -3 11 -3 11 -2 12 -2 12 -2 12 -2 12 -2 13 -2 12 -2 13 -2 12 -2 13 -2 13 -2 13 -2 13 -2 13 -2 13 -2 13 -1 13 -2 14 0 0 0 0 0 0 0 0 0 0
1784740926.948114,55496,-43,11,1,7,0,-95,1,648460963,128,0 0 0 0 0 0 0 0 0 0 0 0 1 -10 2 -9 2 -10 2 -10 3 -10 3 -10 4 -10 4 -11 4 -10 4 -10 5 -10 5 -11 5 -11 6 -11 6 -11 6 -11 6 -11 7 -11 7 -11 6 -10 7 -11 6 -11 6 -11 7 -11 7 -11 6 -11 0 0 6 -11 6 -11 6 -11 6 -12 5 -12 5 -12 5 -12 5 -13 5 -13 5 -13 5 -14 5 -14 5 -14 5 -14 5 -15 4 -15 5 -15 5 -15 4 -15 5 -16 4 -16 4 -16 4 -16 5 -16 5 -16 5 -16 0 0 0 0 0 0 0 0 0 0
1784740926.948114,55497,-46,11,1,7,1,-95,1,648461432,128,0 0 0 0 0 0 0 0 0 0 0 0 -8 2 -8 2 -8 2 -8 1 -9 1 -9 1 -9 1 -9 1 -9 1 -10 0 -10 0 -10 0 -10 0 -10 0 -11 0 -11 -1 -11 -1 -11 -1 -11 -1 -11 -1 -11 -1 -11 -1 -11 -1 -11 -1 -10 -1 -11 -1 0 0 -11 0 -11 0 -11 0 -11 0 -11 1 -11 0 -11 1 -12 1 -12 1 -12 2 -12 1 -12 2 -13 2 -13 2 -13 2 -13 2 -13 2 -14 3 -14 2 -14 3 -14 3 -14 3 -14 3 -14 3 -14 3 -15 3 0 0 0 0 0 0 0 0 0 0
1784740926.964155,55498,-46,11,1,7,1,-95,1,648473081,128,0 0 0 0 0 0 0 0 0 0 0 0 6 -4 7 -4 7 -4 7 -3 7 -3 8 -3 8 -3 8 -3 8 -3 8 -3 9 -3 9 -3 9 -2 9 -2 10 -2 9 -2 10 -2 10 -2 10 -2 10 -1 10 -2 10 -2 10 -2 10 -2 10 -2 10 -2 0 0 11 -2 10 -2 11 -2 10 -3 10 -3 11 -3 10 -3 11 -3 11 -3 11 -4 11 -4 11 -5 11 -4 12 -5 12 -4 12 -5 12 -5 12 -5 12 -5 13 -5 13 -5 13 -5 12 -5 12 -5 12 -5 13 -5 0 0 0 0 0 0 0 0 0 0
1784740926.964155,55499,-46,11,1,7,1,-95,1,648480913,128,0 0 0 0 0 0 0 0 0 0 0 0 -3 7 -4 7 -4 6 -5 7 -5 6 -5 7 -5 7 -6 6 -6 7 -6 6 -6 6 -7 6 -7 6 -7 6 -7 6 -7 6 -7 6 -7 6 -8 7 -7 7 -7 7 -7 6 -7 7 -8 6 -7 7 -8 7 0 0 -8 7 -7 8 -8 8 -7 8 -7 8 -7 8 -7 8 -7 9 -8 9 -8 10 -8 9 -8 10 -8 10 -8 10 -8 10 -8 11 -8 10 -8 11 -9 11 -9 11 -9 11 -8 11 -9 11 -9 11 -9 11 -9 11 0 0 0 0 0 0 0 0 0 0
1784740926.980307,55500,-46,11,1,7,1,-95,1,648490916,128,0 0 0 0 0 0 0 0 0 0 0 0 -8 3 -8 2 -9 2 -9 2 -9 2 -9 1 -9 1 -9 1 -9 1 -9 1 -9 0 -9 0 -10 0 -10 0 -10 0 -10 0 -10 0 -10 0 -10 0 -10 0 -10 0 -10 0 -10 1 -10 1 -10 1 -11 1 0 0 -11 1 -11 1 -11 1 -11 2 -11 2 -12 2 -12 2 -12 3 -12 3 -12 3 -12 3 -12 4 -13 4 -13 3 -13 4 -14 3 -14 3 -14 4 -14 4 -15 4 -14 4 -15 4 -14 4 -15 4 -14 4 -15 4 0 0 0 0 0 0 0 0 0 0
1784740926.996250,55501,-47,11,1,7,1,-95,1,648500993,128,0 0 0 0 0 0 0 0 0 0 0 0 -8 -1 -8 -2 -8 -2 -8 -2 -8 -3 -8 -3 -8 -3 -8 -3 -8 -3 -8 -4 -8 -4 -8 -4 -8 -5 -8 -5 -8 -4 -8 -4 -8 -4 -9 -4 -8 -4 -9 -4 -9 -4 -9 -4 -9 -4 -9 -4 -8 -4 -9 -4 0 0 -10 -4 -10 -4 -10 -4 -11 -4 -10 -3 -11 -3 -11 -3 -11 -3 -11 -3 -12 -3 -12 -3 -12 -3 -12 -3 -12 -3 -13 -3 -13 -3 -14 -4 -13 -4 -14 -3 -14 -3 -14 -3 -14 -3 -14 -4 -14 -5 -14 -4 -14 -4 0 0 0 0 0 0 0 0 0 0
1784740926.996250,55502,-46,11,1,7,1,-95,1,648510865,128,0 0 0 0 0 0 0 0 0 0 0 0 -2 6 -2 6 -3 6 -3 6 -4 6 -4 6 -4 6 -4 7 -4 7 -4 6 -4 7 -5 7 -5 7 -5 7 -5 7 -5 7 -5 7 -6 7 -6 7 -6 7 -5 7 -6 7 -5 7 -5 7 -6 8 -6 8 0 0 -6 8 -5 8 -6 8 -5 8 -5 9 -5 9 -5 9 -5 10 -5 9 -5 10 -5 10 -4 11 -5 10 -5 11 -5 11 -5 12 -5 11 -5 11 -5 12 -5 12 -5 12 -5 12 -5 12 -5 12 -5 12 -5 13 0 0 0 0 0 0 0 0 0 0
1784740927.012100,55503,-46,11,1,7,1,-95,1,648520974,128,0 0 0 0 0 0 0 0 0 0 0 0 4 -6 4 -7 5 -6 5 -6 5 -6 6 -6 6 -6 6 -7 7 -6 6 -6 7 -6 7 -6 7 -6 8 -6 8 -6 8 -5 9 -6 8 -5 9 -5 9 -5 9 -5 9 -5 9 -5 9 -5 9 -5 9 -6 0 0 9 -6 9 -5 9 -5 8 -6 8 -6 8 -6 8 -6 8 -7 9 -7 8 -7 8 -7 8 -8 8 -8 9 -8 8 -8 9 -8 8 -8 9 -9 9 -9 9 -9 9 -9 9 -9 8 -9 8 -9 9 -10 9 -10 0 0 0 0 0 0 0 0 0 0
1784740927.012100,55504,-45,11,1,7,1,-95,1,648530915,128,0 0 0 0 0 0 0 0 0 0 0 0 4 5 4 5 4 6 3 6 4 7 3 7 3 7 3 7 3 8 3 8 3 8 3 9 3 9 3 9 3 9 3 10 2 9 3 10 2 10 2 10 2 10 2 10 2 11 2 10 1 10 2 10 0 0 2 10 2 10 2 10 3 11 3 10 3 10 3 10 3 11 3 10 4 11 4 11 4 10 4 10 3 10 5 11 4 10 5 12 4 11 4 11 5 11 5 11 5 11 5 12 5 11 5 11 5 11 0 0 0 0 0 0 0 0 0 0
1784740927.028086,55505,-46,11,1,7,1,-95,1,648543472,128,0 0 0 0 0 0 0 0 0 0 0 0 -7 0 -7 0 -7 0 -7 -1 -7 -1 -8 -1 -8 -1 -8 -1 -8 -1 -8 -2 -8 -2 -8 -2 -8 -2 -9 -2 -9 -2 -9 -2 -9 -2 -9 -2 -9 -2 -9 -2 -9 -2 -10 -2 -9 -2 -9 -3 -10 -2 -10 -2 0 0 -10 -2 -10 -2 -11 -2 -11 -2 -11 -2 -11 -2 -11 -1 -11 -1 -11 -1 -12 -1 -12 -1 -12 -1 -12 -1 -12 -1 -12 0 -13 -1 -12 -1 -13 -1 -13 0 -13 0 -13 0 -13 0 -13 -1 -13 -1 -13 0 -14 -1 0 0 0 0 0 0 0 0 0 0
1784740927.044185,55506,-46,11,1,7,1,-95,1,648550850,128,0 0 0 0 0 0 0 0 0 0 0 0 -3 6 -3 6 -3 6 -4 6 -4 6 -4 6 -4 6 -4 6 -5 6 -5 6 -5 6 -5 6 -5 7 -6 7 -6 7 -6 7 -7 7 -6 6 -7 7 -7 7 -7 7 -7 7 -7 7 -7 7 -7 7 -7 7 0 0 -8 7 -8 7 -8 7 -7 7 -7 7 -8 7 -7 8 -7 8 -8 8 -7 9 -8 8 -7 9 -7 9 -8 9 -8 9 -8 9 -8 9 -8 9 -8 9 -8 9 -8 10 -8 10 -8 10 -8 10 -8 10 -8 10 0 0 0 0 0 0 0 0 0 0
1784740927.048911,55507,-45,11,1,7,1,-95,1,648560898,128,0 0 0 0 0 0 0 0 0 0 0 0 4 -6 4 -6 4 -6 5 -5 5 -5 5 -5 5 -6 5 -5 6 -6 6 -5 6 -5 7 -5 7 -5 7 -5 7 -5 8 -6 8 -6 8 -6 8 -5 9 -6 9 -5 9 -5 9 -5 9 -5 9 -5 10 -5 0 0 9 -5 9 -5 9 -5 9 -5 9 -5 9 -6 9 -6 9 -6 9 -6 9 -6 9 -6 9 -6 9 -6 9 -7 9 -7 9 -7 10 -7 10 -8 9 -8 9 -8 9 -8 9 -8 10 -8 10 -8 9 -8 9 -8 0 0 0 0 0 0 0 0 0 0
1784740927.060085,55508,-45,11,1,7,1,-95,1,648570842,128,0 0 0 0 0 0 0 0 0 0 0 0 3 -7 4 -7 4 -6 5 -6 5 -6 5 -6 5 -6 5 -6 5 -6 5 -6 6 -6 6 -6 6 -6 6 -6 6 -6 7 -5 7 -6 7 -6 7 -6 7 -6 7 -6 7 -6 7 -6 7 -6 7 -6 7 -6 0 0 7 -7 7 -7 8 -7 7 -7 7 -7 7 -8 8 -8 7 -8 7 -8 7 -8 7 -8 7 -9 8 -9 8 -9 8 -9 8 -9 8 -9 8 -10 8 -10 8 -10 8 -10 8 -10 8 -10 8 -10 8 -10 8 -11 0 0 0 0 0 0 0 0 0 0
1784740927.075959,55509,-45,11,1,7,1,-95,1,648580975,128,0 0 0 0 0 0 0 0 0 0 0 0 -8 2 -8 1 -8 1 -8 0 -9 0 -9 0 -9 0 -9 0 -9 0 -9 -1 -9 -1 -9 -2 -9 -2 -10 -2 -9 -2 -10 -2 -9 -2 -10 -2 -9 -2 -10 -2 -10 -1 -10 -2 -10 -2 -9 -2 -9 -2 -10 -2 0 0 -10 -1 -10 -1 -10 -1 -10 0 -10 0 -10 0 -10 1 -11 1 -11 1 -11 1 -11 1 -11 1 -11 1 -11 1 -12 2 -12 2 -13 2 -13 2 -13 3 -13 3 -13 3 -13 3 -13 3 -13 2 -14 3 -14 3 0 0 0 0 0 0 0 0 0 0
1784740927.075959,55510,-44,11,1,7,1,-95,1,648591072,128,0 0 0 0 0 0 0 0 0 0 0 0 8 -1 8 -1 8 0 8 0 8 1 8 1 8 1 8 1 8 1 9 2 9 2 9 3 9 3 9 3 9 3 9 3 10 3 9 4 9 4 9 4 9 4 9 4 9 4 9 4 9 4 9 4 0 0 9 4 9 4 9 4 9 4 9 4 9 4 10 3 10 3 10 3 10 3 10 3 10 2 10 2 11 3 11 2 12 2 11 2 12 2 12 2 12 1 12 1 12 1 12 2 12 2 12 1 12 1 0 0 0 0 0 0 0 0 0 0
1784740927.096778,55511,-43,11,1,7,1,-95,1,648600992,128,0 0 0 0 0 0 0 0 0 0 0 0 6 -5 6 -5 7 -4 7 -4 7 -4 8 -4 8 -3 8 -4 9 -3 9 -3 9 -3 9 -3 10 -3 10 -3 10 -3 10 -2 11 -2 11 -2 11 -2 11 -2 11 -2 11 -1 11 -2 11 -2 11 -1 12 -1 0 0 11 -1 11 -1 11 -1 11 -1 11 -2 11 -1 11 -2 11 -2 11 -2 11 -3 11 -3 11 -3 12 -3 12 -3 11 -3 12 -3 11 -3 12 -4 12 -4 12 -4 12 -4 12 -4 12 -4 12 -5 12 -5 12 -5 0 0 0 0 0 0 0 0 0 0
1784740927.107889,55512,-43,11,1,7,1,-95,1,648611075,128,0 0 0 0 0 0 0 0 0 0 0 0 -8 -1 -8 -1 -8 -1 -8 -2 -9 -2 -8 -2 -9 -2 -9 -2 -9 -3 -9 -4 -9 -4 -9 -4 -9 -4 -9 -5 -9 -5 -10 -5 -9 -5 -10 -5 -10 -5 -10 -5 -10 -5 -10 -6 -10 -6 -9 -6 -10 -6 -9 -6 0 0 -10 -6 -10 -6 -9 -6 -11 -6 -10 -5 -10 -6 -10 -6 -11 -5 -11 -5 -12 -6 -11 -5 -11 -5 -11 -5 -11 -6 -13 -5 -12 -5 -12 -5 -12 -5 -13 -5 -13 -5 -13 -5 -13 -5 -13 -5 -13 -6 -13 -5 -13 -5 0 0 0 0 0 0 0 0 0 0
1784740927.107889,55513,-44,11,1,7,1,-95,1,648622647,128,0 0 0 0 0 0 0 0 0 0 0 0 -8 2 -9 1 -9 0 -9 0 -9 0 -9 0 -9 0 -9 -1 -10 -1 -10 -1 -10 -1 -10 -2 -10 -2 -10 -2 -11 -2 -11 -3 -11 -3 -11 -3 -11 -3 -11 -3 -11 -3 -11 -3 -11 -3 -11 -4 -11 -3 -11 -4 0 0 -11 -3 -11 -3 -11 -3 -11 -3 -11 -3 -11 -3 -11 -3 -12 -2 -12 -2 -12 -2 -12 -2 -12 -2 -12 -2 -12 -1 -13 -1 -13 -1 -13 -1 -13 -1 -13 -1 -14 -1 -14 -1 -14 -1 -14 -1 -14 -1 -14 -1 -14 -1 0 0 0 0 0 0 0 0 0 0
1784740927.127218,55514,-43,11,1,7,1,-95,1,648630895,128,0 0 0 0 0 0 0 0 0 0 0 0 6 4 6 5 6 5 6 6 5 6 6 6 5 7 5 7 5 7 5 7 5 8 5 8 5 8 5 8 5 9 5 9 5 9 5 9 5 10 5 10 5 10 4 10 5 10 4 10 4 10 4 10 0 0 4 10 4 10 4 10 4 10 5 10 5 10 5 10 5 10 5 10 5 10 5 10 6 10 6 10 6 10 6 9 6 10 7 10 7 10 7 10 7 10 7 10 8 10 8 9 8 10 8 10 8 9 0 0 0 0 0 0 0 0 0 0
1784740927.140785,55515,-43,11,1,7,1,-95,1,648640982,128,0 0 0 0 0 0 0 0 0 0 0 0 -8 2 -9 1 -9 1 -9 0 -10 0 -9 0 -10 0 -10 0 -10 0 -10 -1 -11 -2 -11 -2 -11 -2 -11 -2 -11 -2 -12 -2 -11 -2 -12 -3 -12 -2 -12 -2 -12 -3 -12 -3 -12 -3 -12 -3 -12 -4 -12 -3 0 0 -12 -3 -12 -3 -12 -3 -13 -3 -12 -2 -12 -2 -12 -2 -12 -2 -12 -2 -13 -1 -13 -2 -12 -1 -12 -1 -12 -1 -13 0 -13 0 -14 0 -13 0 -13 0 -14 1 -13 0 -13 1 -14 0 -14 0 -14 0 -14 1 0 0 0 0 0 0 0 0 0 0
1784740927.140785,55516,-44,11,1,7,1,-95,1,648650889,128,0 0 0 0 0 0 0 0 0 0 0 0 -9 1 -9 0 -9 -1 -10 -1 -9 -1 -10 -2 -10 -2 -10 -2 -10 -2 -10 -2 -10 -3 -10 -3 -10 -3 -11 -3 -11 -4 -10 -4 -11 -4 -10 -4 -11 -5 -11 -4 -10 -4 -11 -5 -11 -4 -10 -5 -10 -5 -11 -5 0 0 -11 -5 -11 -4 -11 -4 -11 -4 -11 -4 -11 -4 -11 -4 -11 -3 -12 -3 -12 -3 -12 -3 -12 -3 -12 -3 -12 -3 -13 -2 -13 -2 -13 -2 -13 -2 -13 -2 -13 -2 -13 -2 -14 -1 -14 -2 -14 -2 -14 -2 -14 -2 0 0 0 0 0 0 0 0 0 0
1784740927.155520,55517,-44,11,1,7,1,-95,1,648660928,128,0 0 0 0 0 0 0 0 0 0 0 0 -5 -8 -4 -8 -3 -9 -3 -9 -3 -9 -3 -9 -2 -9 -2 -9 -2 -9 -2 -10 -2 -9 -2 -10 -1 -10 -2 -10 -2 -10 -1 -10 -1 -11 -1 -10 -1 -11 -1 -11 -1 -11 0 -11 -1 -11 -1 -10 -1 -11 -1 -11 0 0 -1 -11 -1 -11 -1 -11 -2 -11 -2 -11 -2 -11 -2 -11 -2 -11 -2 -11 -3 -11 -3 -11 -4 -12 -4 -12 -4 -12 -4 -12 -4 -13 -4 -12 -4 -13 -5 -13 -5 -13 -5 -13 -4 -13 -5 -13 -5 -13 -5 -13 -5 -14 0 0 0 0 0 0 0 0 0 0
1784740927.155520,55518,-43,11,1,7,1,-95,1,648670938,128,0 0 0 0 0 0 0 0 0 0 0 0 -5 7 -5 7 -6 7 -6 7 -7 7 -7 6 -7 6 -7 6 -7 6 -8 6 -8 6 -9 6 -8 6 -8 5 -9 6 -9 6 -9 6 -9 6 -9 6 -9 6 -9 6 -9 6 -10 6 -10 6 -10 6 -10 6 0 0 -10 6 -10 7 -9 6 -10 7 -9 7 -10 7 -9 7 -10 7 -9 7 -10 8 -10 8 -9 8 -9 8 -9 8 -9 10 -9 9 -10 9 -9 10 -9 10 -9 10 -9 10 -9 10 -10 10 -10 10 -10 10 -10 10 0 0 0 0 0 0 0 0 0 0
1784740927.171603,55519,-42,11,1,7,1,-95,1,648680966,128,0 0 0 0 0 0 0 0 0 0 0 0 -10 1 -10 0 -10 -1 -10 -1 -10 -2 -10 -2 -10 -2 -11 -2 -11 -3 -10 -3 -10 -3 -11 -3 -11 -4 -11 -4 -12 -4 -11 -4 -12 -5 -11 -4 -12 -5 -11 -5 -11 -5 -11 -5 -11 -5 -11 -5 -12 -5 -11 -5 0 0 -11 -5 -11 -5 -12 -5 -11 -5 -11 -5 -11 -5 -11 -5 -12 -4 -12 -4 -12 -4 -12 -4 -12 -3 -12 -4 -13 -4 -13 -3 -13 -4 -13 -3 -14 -3 -13 -3 -14 -3 -14 -3 -14 -3 -13 -3 -14 -3 -14 -3 -15 -3 0 0 0 0 0 0 0 0 0 0
1784740927.187715,55520,-43,11,1,7,1,-95,1,648690885,128,0 0 0 0 0 0 0 0 0 0 0 0 -10 -2 -10 -2 -10 -3 -10 -4 -10 -4 -10 -4 -10 -4 -10 -4 -10 -5 -10 -5 -10 -5 -10 -5 -10 -6 -10 -6 -11 -6 -10 -7 -10 -7 -10 -7 -10 -7 -10 -7 -10 -7 -10 -7 -10 -7 -10 -7 -10 -7 -10 -7 0 0 -10 -7 -10 -7 -10 -7 -10 -7 -10 -6 -11 -6 -10 -6 -11 -6 -11 -6 -11 -5 -11 -5 -12 -5 -12 -5 -12 -5 -12 -5 -12 -4 -13 -4 -13 -4 -13 -4 -13 -4 -13 -4 -14 -4 -13 -4 -14 -4 -14 -4 -14 -4 0 0 0 0 0 0 0 0 0 0
1784740927.187715,55521,-43,11,1,7,1,-95,1,648700982,128,0 0 0 0 0 0 0 0 0 0 0 0 9 0 9 0 9 1 9 1 9 2 9 2 9 2 9 2 9 2 9 3 9 3 9 4 9 4 9 4 10 4 10 4 10 4 10 4 10 5 10 4 10 5 10 5 10 5 10 5 10 5 10 5 0 0 10 5 10 5 10 5 10 5 10 4 10 4 10 4 11 4 10 3 11 3 11 3 11 3 11 3 11 2 12 2 12 2 12 2 12 2 12 2 13 1 13 1 13 1 13 1 13 2 13 2 13 1 0 0 0 0 0 0 0 0 0 0
1784740927.203519,55522,-42,11,1,7,1,-95,1,648710971,128,0 0 0 0 0 0 0 0 0 0 0 0 -3 8 -3 8 -4 8 -5 8 -5 7 -5 8 -5 8 -5 8 -6 7 -6 8 -6 8 -6 8 -6 8 -7 8 -7 8 -7 8 -8 8 -7 8 -8 8 -8 8 -8 8 -8 8 -8 9 -8 8 -8 8 -9 8 0 0 -9 8 -9 8 -9 8 -8 8 -8 8 -8 8 -8 8 -8 9 -8 9 -8 9 -8 9 -7 9 -7 10 -7 10 -7 10 -7 10 -7 10 -7 10 -7 11 -7 11 -7 11 -7 11 -7 11 -7 11 -7 11 -7 12 0 0 0 0 0 0 0 0 0 0
1784740927.203519,55523,-43,11,1,7,1,-95,1,648720960,128,0 0 0 0 0 0 0 0 0 0 0 0 -9 -5 -8 -5 -8 -6 -8 -6 -8 -7 -8 -7 -8 -7 -8 -7 -8 -8 -8 -8 -8 -8 -8 -8 -8 -9 -8 -9 -8 -9 -8 -10 -8 -9 -8 -10 -8 -10 -8 -10 -8 -10 -8 -10 -8 -11 -7 -11 -7 -11 -7 -11 0 0 -7 -11 -8 -11 -7 -10 -8 -11 -8 -10 -8 -10 -8 -10 -8 -10 -8 -10 -9 -10 -9 -10 -9 -10 -9 -10 -9 -10 -10 -10 -10 -10 -10 -10 -10 -10 -11 -10 -11 -10 -11 -10 -11 -10 -11 -10 -11 -10 -11 -10 -11 -10 0 0 0 0 0 0 0 0 0 0
1784740927.219527,55524,-43,11,1,7,1,-95,1,648730895,128,0 0 0 0 0 0 0 0 0 0 0 0 -3 8 -4 8 -4 8 -5 8 -5 7 -5 8 -6 8 -6 7 -6 7 -7 7 -7 8 -7 7 -7 7 -8 8 -8 7 -8 8 -8 8 -8 8 -9 8 -9 8 -9 8 -9 8 -9 8 -9 8 -9 7 -9 8 0 0 -9 8 -9 8 -9 8 -9 8 -9 8 -9 8 -8 8 -8 8 -8 8 -9 9 -8 9 -8 9 -8 9 -8 10 -8 10 -8 10 -8 10 -8 11 -8 11 -8 11 -9 11 -8 11 -9 11 -9 11 -9 11 -9 11 0 0 0 0 0 0 0 0 0 0
1784740927.235355,55525,-44,11,1,7,1,-95,1,648740904,128,0 0 0 0 0 0 0 0 0 0 0 0 8 1 8 1 8 2 8 2 8 3 8 3 8 3 8 3 8 4 8 4 8 4 8 4 8 4 9 5 9 5 9 5 9 5 9 5 9 5 9 5 9 5 9 6 9 5 9 6 9 6 9 6 0 0 9 6 9 6 10 6 9 5 9 5 10 5 10 5 10 4 10 5 10 4 11 4 11 4 11 4 12 4 11 4 12 4 11 4 12 4 12 4 12 4 13 3 13 4 13 3 12 4 13 4 13 4 0 0 0 0 0 0 0 0 0 0
1784740927.240981,55526,-44,11,1,7,1,-95,1,648750946,128,0 0 0 0 0 0 0 0 0 0 0 0 8 0 8 0 8 1 8 1 8 2 8 2 9 2 8 2 9 2 9 3 9 3 9 3 8 4 8 4 9 4 9 4 9 4 9 4 9 4 9 4 9 4 9 4 10 5 9 5 9 5 9 5 0 0 9 4 10 4 9 4 10 4 10 4 10 4 10 3 10 3 10 3 11 3 11 3 11 3 11 3 11 2 12 2 12 2 12 2 12 2 12 1 13 1 13 1 13 1 13 2 13 3 13 2 14 2 0 0 0 0 0 0 0 0 0 0
1784740927.251578,55527,-44,11,1,7,1,-95,1,648760909,128,0 0 0 0 0 0 0 0 0 0 0 0 -9 1 -9 1 -9 0 -9 0 -9 -1 -10 -1 -10 -1 -10 -1 -10 -1 -10 -2 -10 -2 -10 -2 -10 -2 -11 -2 -11 -2 -11 -2 -11 -3 -11 -3 -11 -3 -11 -3 -11 -3 -11 -3 -11 -3 -11 -4 -11 -3 -11 -3 0 0 -11 -3 -11 -3 -12 -3 -12 -2 -11 -2 -12 -2 -12 -2 -12 -2 -12 -2 -12 -1 -13 -1 -13 -1 -13 -1 -13 -1 -13 0 -14 0 -14 0 -14 0 -14 0 -14 0 -14 0 -14 0 -15 0 -15 0 -15 0 -15 0 0 0 0 0 0 0 0 0 0 0
1784740927.267473,55528,-44,11,1,7,1,-95,1,648770964,128,0 0 0 0 0 0 0 0 0 0 0 0 -8 4 -8 3 -8 3 -9 2 -9 2 -9 2 -9 2 -10 2 -10 1 -10 1 -10 2 -10 2 -10 1 -10 1 -11 1 -11 1 -11 0 -11 0 -11 0 -11 0 -12 0 -11 0 -12 1 -12 0 -12 0 -12 0 0 0 -12 0 -12 0 -12 0 -12 0 -12 1 -12 0 -12 1 -12 1 -13 1 -13 2 -13 2 -13 2 -13 2 -14 2 -13 2 -14 2 -13 2 -14 3 -14 2 -14 2 -14 3 -15 2 -14 3 -15 2 -15 3 -15 3 0 0 0 0 0 0 0 0 0 0
1784740927.267473,55529,-44,11,1,7,1,-95,1,648781658,128,0 0 0 0 0 0 0 0 0 0 0 0 7 3 7 4 6 4 6 5 6 5 6 5 6 5 6 6 6 6 6 6 6 6 6 6 6 6 6 7 6 7 6 7 7 7 6 7 7 8 6 8 7 8 7 8 7 8 7 8 7 8 7 8 0 0 7 9 7 9 7 9 7 8 7 9 7 9 7 8 8 9 8 9 8 8 8 9 9 8 9 9 9 9 9 9 10 9 9 9 10 9 10 9 9 9 10 10 10 9 10 10 10 10 10 10 10 10 0 0 0 0 0 0 0 0 0 0
1784740927.283665,55530,-44,11,1,7,1,-95,1,648790964,128,0 0 0 0 0 0 0 0 0 0 0 0 -2 7 -2 8 -3 7 -3 7 -4 7 -3 7 -3 7 -4 8 -4 7 -4 7 -4 8 -4 8 -4 8 -5 8 -5 9 -5 8 -5 9 -5 8 -6 9 -5 9 -6 9 -6 9 -5 9 -6 9 -7 9 -7 10 0 0 -7 10 -7 10 -7 10 -7 9 -6 10 -6 10 -7 10 -6 10 -7 11 -6 11 -6 11 -6 11 -6 11 -7 12 -6 11 -7 13 -6 12 -7 12 -6 13 -6 13 -6 13 -6 13 -7 12 -7 12 -7 13 -7 13 0 0 0 0 0 0 0 0 0 0
1784740927.283665,55531,-44,11,1,7,1,-95,1,648800968,128,0 0 0 0 0 0 0 0 0 0 0 0 -7 2 -7 1 -8 1 -8 1 -8 0 -8 0 -8 0 -8 0 -8 0 -8 0 -9 0 -9 0 -9 0 -9 0 -10 0 -10 0 -11 0 -10 -1 -11 0 -11 0 -11 0 -11 -1 -11 0 -11 -1 -12 -1 -12 -1 0 0 -12 -1 -12 -1 -12 -1 -12 -1 -12 0 -12 -1 -12 -1 -12 0 -13 0 -13 1 -13 1 -13 1 -13 1 -14 1 -13 1 -14 1 -14 1 -14 1 -14 1 -14 2 -15 2 -15 2 -14 2 -15 2 -15 2 -15 2 0 0 0 0 0 0 0 0 0 0
1784740927.303394,55532,-44,11,1,7,1,-95,1,648810981,128,0 0 0 0 0 0 0 0 0 0 0 0 -2 -6 -2 -6 -1 -7 -1 -7 -1 -7 -1 -7 -1 -7 -1 -8 -1 -8 -1 -8 0 -8 0 -9 0 -9 0 -9 0 -9 0 -10 0 -10 0 -10 0 -11 0 -11 0 -11 1 -11 1 -11 1 -11 1 -11 2 -11 0 0 1 -12 1 -12 1 -11 1 -12 1 -12 1 -12 1 -12 1 -12 0 -12 0 -13 0 -13 1 -13 0 -13 0 -13 -1 -14 -1 -14 0 -14 0 -14 0 -14 -1 -15 0 -14 -1 -15 0 -15 0 -15 0 -15 0 -15 0 0 0 0 0 0 0 0 0 0
1784740927.315633,55533,-44,11,1,7,1,-95,1,648820886,128,0 0 0 0 0 0 0 0 0 0 0 0 5 -4 5 -3 5 -3 6 -3 6 -3 6 -3 6 -3 6 -3 6 -3 7 -3 7 -3 7 -3 7 -3 8 -3 8 -3 8 -3 9 -3 9 -3 10 -3 10 -3 10 -3 10 -3 10 -3 11 -2 11 -2 11 -2 0 0 11 -2 11 -2 11 -2 11 -2 11 -2 11 -2 11 -3 11 -3 12 -3 12 -4 12 -3 12 -3 12 -3 13 -4 12 -4 13 -4 12 -4 13 -4 13 -4 13 -5 13 -5 14 -5 14 -4 14 -4 14 -4 14 -4 0 0 0 0 0 0 0 0 0 0
1784740927.315633,55534,-43,11,1,7,1,-95,1,648834439,128,0 0 0 0 0 0 0 0 0 0 0 0 7 -5 6 -4 8 -4 7 -3 8 -3 7 -3 8 -3 8 -3 8 -3 9 -2 9 -2 9 -2 9 -2 9 -2 9 -2 10 -2 10 -2 11 -2 10 -2 10 -3 10 -2 11 -2 11 -2 11 -2 11 -2 11 -2 0 0 11 -2 12 -2 11 -2 12 -2 11 -2 11 -2 11 -3 12 -3 11 -3 12 -3 12 -3 12 -3 12 -3 11 -3 13 -5 12 -4 13 -4 12 -4 13 -5 13 -5 13 -5 13 -5 14 -5 14 -4 13 -4 13 -4 0 0 0 0 0 0 0 0 0 0
1784740927.331482,55535,-44,11,1,7,1,-95,1,648840938,128,0 0 0 0 0 0 0 0 0 0 0 0 -7 -7 -7 -7 -6 -8 -6 -8 -6 -8 -6 -8 -5 -8 -6 -8 -5 -8 -5 -9 -5 -9 -5 -10 -5 -9 -5 -10 -5 -10 -5 -10 -5 -10 -5 -10 -5 -11 -5 -11 -5 -11 -5 -11 -5 -11 -5 -11 -4 -11 -5 -11 0 0 -5 -11 -5 -11 -5 -11 -6 -11 -5 -11 -6 -11 -6 -11 -6 -11 -6 -11 -7 -12 -6 -12 -7 -12 -6 -12 -7 -12 -8 -12 -8 -12 -7 -12 -8 -12 -8 -12 -9 -12 -8 -12 -8 -12 -8 -13 -8 -13 -8 -13 -8 -13 0 0 0 0 0 0 0 0 0 0
1784740927.441699,55536,-46,11,1,7,1,-95,1,648941840,128,0 0 0 0 0 0 0 0 0 0 0 0 -1 -6 -1 -6 0 -7 0 -7 0 -7 0 -7 0 -7 0 -7 0 -7 1 -7 1 -7 1 -8 1 -8 1 -8 1 -8 1 -9 1 -9 1 -9 1 -9 1 -10 1 -10 1 -10 2 -10 2 -10 2 -10 2 -10 0 0 2 -11 2 -11 2 -10 2 -11 2 -10 2 -11 2 -11 1 -12 1 -11 2 -12 2 -12 1 -12 1 -12 1 -12 1 -13 1 -13 1 -13 1 -13 1 -13 0 -14 1 -14 0 -13 1 -14 2 -14 1 -14 1 -14 0 0 0 0 0 0 0 0 0 0
1784740927.446530,55537,-46,11,1,7,1,-95,1,648942221,128,0 0 0 0 0 0 0 0 0 0 0 0 -6 -3 -6 -3 -6 -3 -6 -4 -6 -4 -6 -4 -6 -4 -6 -4 -6 -4 -6 -5 -6 -5 -6 -5 -6 -5 -7 -5 -7 -5 -7 -6 -7 -6 -8 -6 -8 -6 -8 -6 -8 -7 -8 -7 -8 -7 -8 -7 -8 -7 -8 -8 0 0 -8 -8 -8 -7 -8 -8 -9 -8 -9 -8 -9 -8 -9 -8 -10 -8 -9 -8 -10 -8 -10 -8 -10 -8 -10 -8 -10 -8 -11 -8 -11 -8 -11 -9 -11 -9 -11 -8 -12 -9 -11 -9 -11 -8 -12 -9 -11 -10 -11 -9 -11 -9 0 0 0 0 0 0 0 0 0 0
1784740927.446530,55538,-46,11,1,6,1,-95,1,648945308,128,0 0 0 0 0 0 0 0 0 0 0 0 2 4 2 5 2 5 2 5 1 6 1 6 1 6 1 6 1 6 1 6 1 6 1 7 1 7 1 7 1 8 1 7 1 8 1 8 1 9 1 9 1 9 1 9 1 9 1 9 1 10 1 10 0 0 1 10 1 10 1 10 1 10 1 10 1 11 1 10 1 11 1 11 2 11 2 11 2 11 2 11 2 12 2 11 2 12 2 12 3 12 2 12 3 13 3 13 2 13 3 12 2 13 3 12 3 13 0 0 0 0 0 0 0 0 0 0
1784740927.446530,55539,-45,11,1,6,1,-95,1,648948371,128,0 0 0 0 0 0 0 0 0 0 0 0 -2 -6 -1 -7 -1 -7 0 -7 0 -7 0 -7 0 -7 0 -7 0 -8 0 -8 0 -8 0 -8 1 -8 0 -9 0 -9 1 -9 1 -10 1 -9 1 -10 1 -10 0 -10 1 -11 1 -11 1 -11 2 -11 1 -11 0 0 2 -11 2 -11 2 -12 1 -12 1 -12 1 -12 1 -12 1 -12 1 -12 1 -12 1 -13 0 -13 1 -13 0 -13 0 -13 0 -14 0 -13 0 -14 0 -14 0 -14 0 -14 0 -14 0 -14 0 -14 0 -14 0 -15 0 0 0 0 0 0 0 0 0 0
1784740927.446530,55540,-41,11,1,6,0,-95,1,648953531,128,0 0 0 0 0 0 0 0 0 0 0 0 5 -5 5 -5 6 -4 6 -5 6 -4 7 -4 7 -4 7 -4 7 -4 7 -4 8 -4 8 -4 8 -4 9 -5 9 -4 9 -4 10 -5 10 -4 10 -5 10 -5 11 -4 11 -4 11 -4 12 -4 12 -5 12 -4 0 0 12 -4 13 -4 13 -4 13 -4 13 -5 13 -5 13 -5 13 -5 13 -5 13 -5 13 -6 14 -6 14 -6 14 -6 14 -6 14 -6 14 -6 15 -6 14 -6 15 -7 15 -7 15 -7 15 -7 15 -7 15 -7 15 -7 0 0 0 0 0 0 0 0 0 0
1784740927.446530,55541,-44,11,1,7,1,-95,1,648960962,128,0 0 0 0 0 0 0 0 0 0 0 0 -6 3 -7 2 -7 2 -7 2 -7 2 -8 2 -7 2 -8 2 -8 1 -8 1 -8 1 -9 1 -9 1 -9 1 -9 1 -9 1 -10 1 -10 1 -11 1 -11 1 -11 1 -11 1 -11 1 -11 0 -12 1 -12 0 0 0 -12 0 -12 0 -12 0 -12 1 -12 1 -12 1 -12 1 -12 1 -13 1 -13 2 -13 2 -13 2 -13 2 -13 2 -13 2 -14 2 -13 2 -14 2 -14 2 -14 3 -14 3 -14 3 -14 3 -14 2 -14 3 -14 3 0 0 0 0 0 0 0 0 0 0
1784740927.459276,55542,-45,11,1,7,1,-95,1,648970912,128,0 0 0 0 0 0 0 0 0 0 0 0 6 2 6 3 6 3 5 3 5 4 5 4 6 4 6 4 6 4 6 4 6 5 6 4 6 5 6 5 6 5 6 6 7 6 7 6 6 6 7 6 7 6 7 7 7 7 7 7 7 7 8 7 0 0 7 7 8 7 7 7 8 7 8 7 8 7 9 7 9 7 9 7 9 7 10 7 10 7 10 7 10 7 10 7 11 8 10 8 11 7 11 8 11 7 12 8 11 7 11 8 11 8 11 8 12 8 0 0 0 0 0 0 0 0 0 0
1784740927.477605,55543,-45,11,1,7,1,-95,1,648980869,128,0 0 0 0 0 0 0 0 0 0 0 0 5 0 5 1 6 1 6 1 6 2 6 2 6 2 6 2 6 2 6 3 7 3 7 3 7 3 7 3 7 3 8 3 8 4 8 4 8 4 8 4 8 5 8 5 9 5 8 5 8 5 9 6 0 0 9 6 9 5 9 5 10 6 9 5 10 6 10 5 10 6 10 5 11 6 11 6 11 5 11 5 11 6 12 5 12 5 12 6 12 6 12 6 12 6 13 6 13 6 13 7 13 7 13 7 13 7 0 0 0 0 0 0 0 0 0 0
1784740927.479597,55544,-45,11,1,7,1,-95,1,648991113,128,0 0 0 0 0 0 0 0 0 0 0 0 -4 -5 -4 -5 -4 -6 -4 -6 -4 -6 -4 -6 -4 -6 -4 -6 -4 -7 -4 -7 -5 -7 -5 -7 -5 -8 -5 -8 -5 -9 -5 -9 -5 -9 -5 -9 -5 -9 -5 -10 -5 -10 -5 -10 -5 -10 -5 -11 -5 -11 -5 -11 0 0 -5 -12 -5 -11 -5 -12 -5 -11 -5 -11 -5 -12 -5 -12 -6 -12 -6 -12 -7 -12 -7 -12 -7 -12 -7 -12 -8 -13 -7 -13 -8 -13 -8 -13 -8 -13 -8 -14 -8 -14 -8 -14 -8 -14 -8 -14 -8 -14 -8 -14 -8 -15 0 0 0 0 0 0 0 0 0 0
1784740927.491402,55545,-45,11,1,7,1,-95,1,649000894,128,0 0 0 0 0 0 0 0 0 0 0 0 4 3 4 4 4 4 4 4 4 5 3 4 4 5 4 5 4 5 4 5 4 5 4 5 4 6 4 6 4 6 5 6 5 7 5 7 5 7 5 8 5 8 5 8 5 8 5 8 5 8 6 9 0 0 6 9 6 9 6 9 6 9 6 9 6 10 7 9 7 10 7 10 8 10 7 10 8 10 8 10 8 11 9 11 8 11 8 12 8 11 8 12 9 12 9 12 9 12 9 13 8 12 8 13 8 13 0 0 0 0 0 0 0 0 0 0
1784740927.507565,55546,-45,11,1,7,1,-95,1,649010960,128,0 0 0 0 0 0 0 0 0 0 0 0 3 3 3 4 3 4 3 5 3 5 3 5 3 5 3 5 3 5 3 6 3 6 3 6 3 6 3 6 4 6 4 7 4 7 4 7 4 7 4 8 4 8 4 8 5 8 5 8 5 8 5 9 0 0 5 9 5 9 5 9 6 9 6 9 6 10 6 10 6 10 6 10 7 10 7 10 7 10 7 10 7 11 8 11 8 11 8 11 8 12 8 12 8 12 8 12 8 12 8 12 8 12 8 12 7 12 0 0 0 0 0 0 0 0 0 0
1784740927.512202,55547,-45,11,1,7,1,-95,1,649020855,128,0 0 0 0 0 0 0 0 0 0 0 0 2 5 2 5 2 5 1 6 1 6 1 6 1 6 1 6 1 6 1 7 1 7 1 7 1 7 1 8 1 8 1 8 1 9 1 9 1 9 0 9 1 10 0 10 1 10 0 10 0 10 0 11 0 0 0 11 0 11 0 11 0 11 1 11 1 11 0 12 1 12 1 12 1 12 1 12 2 12 1 13 1 13 1 13 1 14 1 13 1 13 2 14 1 14 2 14 1 14 2 14 2 14 1 14 1 14 0 0 0 0 0 0 0 0 0 0
1784740927.526445,55548,-45,11,1,7,1,-95,1,649032188,128,0 0 0 0 0 0 0 0 0 0 0 0 1 -6 1 -7 1 -7 1 -7 2 -7 2 -7 2 -7 2 -7 2 -8 2 -8 3 -8 3 -8 3 -8 3 -8 3 -9 4 -9 4 -9 4 -9 4 -9 4 -9 4 -10 4 -10 4 -10 5 -10 5 -10 5 -10 0 0 5 -11 5 -11 5 -11 5 -11 5 -11 4 -11 4 -11 4 -12 4 -12 4 -13 4 -13 4 -13 4 -13 4 -13 4 -13 4 -14 4 -13 4 -14 4 -14 4 -14 4 -14 4 -15 4 -15 5 -14 5 -15 5 -15 0 0 0 0 0 0 0 0 0 0
1784740927.526445,55549,-46,11,1,7,1,-95,1,649040928,128,0 0 0 0 0 0 0 0 0 0 0 0 0 5 -1 5 -1 5 -1 6 -1 6 -1 6 -1 6 -1 6 -2 6 -2 6 -2 6 -2 7 -2 7 -2 7 -2 7 -2 8 -2 8 -2 8 -2 8 -2 8 -2 9 -2 9 -2 9 -3 9 -2 9 -2 10 0 0 -2 10 -2 10 -2 10 -2 11 -2 11 -2 11 -2 11 -2 12 -1 12 -2 13 -2 13 -2 13 -2 13 -2 13 -1 14 -1 14 -2 14 -2 15 -1 14 -1 15 -1 15 -2 15 -2 15 -3 15 -3 15 -3 16 0 0 0 0 0 0 0 0 0 0
1784740927.542222,55550,-47,11,1,7,1,-95,1,649050959,128,0 0 0 0 0 0 0 0 0 0 0 0 -1 4 -1 4 -1 4 -1 4 -1 4 -2 4 -2 5 -1 5 -2 5 -2 5 -1 5 -2 6 -2 6 -2 6 -2 6 -2 6 -2 7 -2 7 -2 7 -2 7 -2 8 -2 8 -2 8 -2 8 -2 8 -2 9 0 0 -2 10 -2 10 -3 10 -2 10 -2 10 -2 11 -2 11 -2 11 -2 12 -2 12 -2 13 -1 13 -1 13 -2 14 -2 14 -3 15 -2 14 -2 15 -3 15 -3 15 -3 15 -3 16 -3 15 -3 16 -3 16 -4 17 0 0 0 0 0 0 0 0 0 0
1784740927.555630,55551,-47,11,1,7,1,-95,1,649061222,128,0 0 0 0 0 0 0 0 0 0 0 0 -3 4 -4 4 -4 4 -4 4 -5 4 -5 4 -5 4 -5 5 -5 5 -6 4 -6 4 -6 4 -7 5 -7 5 -7 5 -7 5 -7 5 -8 5 -8 5 -8 5 -8 5 -8 6 -8 5 -8 5 -8 5 -8 6 0 0 -8 6 -8 7 -8 6 -8 7 -8 7 -8 8 -8 8 -8 8 -8 9 -9 9 -9 9 -9 10 -9 10 -9 10 -9 11 -9 11 -10 11 -10 11 -10 12 -10 12 -10 12 -10 12 -11 12 -12 12 -11 12 -11 12 0 0 0 0 0 0 0 0 0 0
1784740927.555630,55552,-46,11,1,7,1,-95,1,649070955,128,0 0 0 0 0 0 0 0 0 0 0 0 -4 -6 -4 -6 -4 -7 -4 -7 -3 -7 -3 -8 -3 -8 -3 -8 -3 -8 -3 -9 -3 -9 -3 -9 -3 -9 -3 -10 -3 -10 -2 -10 -2 -10 -2 -10 -2 -11 -2 -11 -2 -11 -2 -11 -2 -10 -2 -11 -2 -11 -2 -11 0 0 -3 -11 -3 -11 -3 -11 -3 -11 -4 -11 -4 -11 -4 -11 -5 -11 -5 -12 -5 -12 -5 -12 -6 -12 -6 -13 -6 -13 -7 -13 -7 -13 -6 -13 -7 -14 -7 -14 -7 -14 -7 -14 -7 -15 -7 -14 -6 -15 -6 -15 -7 -15 0 0 0 0 0 0 0 0 0 0
1784740927.571723,55553,-47,11,1,7,1,-95,1,649080903,128,0 0 0 0 0 0 0 0 0 0 0 0 -7 1 -7 1 -7 0 -8 0 -8 0 -8 0 -8 -1 -8 0 -8 -1 -9 -1 -9 -1 -9 -1 -9 -1 -9 -1 -10 -1 -9 -2 -10 -1 -10 -2 -10 -2 -10 -2 -10 -2 -10 -2 -10 -1 -10 -1 -10 -1 -11 -1 0 0 -11 -1 -11 -1 -11 -1 -11 -1 -11 0 -12 -1 -12 0 -12 0 -12 0 -13 1 -13 1 -13 1 -14 1 -14 1 -14 1 -15 1 -14 1 -15 1 -15 1 -15 1 -16 1 -16 1 -16 1 -16 1 -16 1 -17 1 0 0 0 0 0 0 0 0 0 0
1784740927.587536,55554,-47,11,1,7,1,-95,1,649090894,128,0 0 0 0 0 0 0 0 0 0 0 0 0 -8 0 -8 1 -8 1 -8 1 -8 2 -8 2 -8 2 -8 2 -8 2 -8 3 -8 3 -8 2 -8 3 -8 2 -8 2 -9 2 -8 2 -8 2 -8 2 -9 2 -9 2 -9 2 -9 2 -9 2 -9 2 -9 0 0 1 -10 1 -10 1 -10 1 -11 1 -11 1 -11 0 -11 0 -12 0 -12 0 -13 0 -13 0 -13 0 -13 0 -13 -1 -14 -1 -14 0 -15 0 -15 -1 -15 -1 -16 0 -16 -1 -16 0 -17 1 -16 1 -16 1 -17 0 0 0 0 0 0 0 0 0 0
1784740927.587536,55555,-47,11,1,7,1,-95,1,649100885,128,0 0 0 0 0 0 0 0 0 0 0 0 6 -3 6 -3 6 -3 7 -2 7 -2 7 -2 7 -2 7 -2 7 -2 7 -2 7 -1 8 -1 8 -1 7 -1 8 -1 8 -1 8 -1 8 -1 8 -1 8 -2 8 -2 8 -2 8 -2 8 -1 8 -2 9 -2 0 0 9 -2 9 -2 9 -2 9 -3 9 -3 9 -3 9 -3 10 -4 10 -4 10 -4 10 -4 10 -5 11 -4 11 -5 11 -5 12 -5 12 -5 12 -5 12 -6 12 -6 13 -6 13 -6 13 -6 13 -5 14 -5 14 -5 0 0 0 0 0 0 0 0 0 0
1784740927.603357,55556,-47,11,1,7,1,-95,1,649110920,128,0 0 0 0 0 0 0 0 0 0 0 0 -5 -5 -4 -5 -4 -5 -4 -5 -4 -6 -4 -6 -4 -6 -4 -6 -4 -6 -4 -6 -4 -6 -4 -7 -4 -7 -4 -7 -4 -7 -4 -8 -4 -8 -4 -8 -4 -8 -5 -8 -5 -8 -5 -8 -5 -8 -5 -8 -5 -9 -5 -9 0 0 -6 -9 -6 -9 -6 -9 -6 -9 -6 -9 -7 -10 -7 -9 -7 -10 -7 -10 -8 -10 -7 -10 -8 -10 -8 -11 -8 -11 -8 -11 -8 -12 -8 -12 -8 -12 -8 -12 -9 -12 -9 -13 -8 -13 -8 -13 -8 -13 -8 -13 -8 -13 0 0 0 0 0 0 0 0 0 0
1784740927.619453,55557,-47,11,1,7,1,-95,1,649120953,128,0 0 0 0 0 0 0 0 0 0 0 0 -7 0 -7 0 -7 0 -8 -1 -8 -1 -8 -1 -8 -1 -8 -1 -8 -1 -8 -2 -8 -2 -8 -2 -8 -2 -8 -2 -8 -2 -8 -2 -9 -1 -9 -1 -9 -1 -9 -2 -9 -1 -9 -1 -9 -1 -9 -1 -9 -1 -10 -1 0 0 -10 -1 -10 -1 -10 -1 -11 0 -10 0 -11 0 -11 0 -11 1 -11 1 -13 1 -12 1 -12 1 -13 1 -13 1 -14 2 -14 2 -14 1 -14 1 -14 1 -15 1 -15 1 -15 1 -15 1 -15 0 -16 1 -16 1 0 0 0 0 0 0 0 0 0 0
1784740927.635627,55558,-45,11,1,7,1,-95,1,649130873,128,0 0 0 0 0 0 0 0 0 0 0 0 -8 2 -9 1 -9 1 -9 0 -9 0 -9 0 -9 0 -10 0 -10 -1 -9 -1 -10 -1 -10 -1 -10 -2 -10 -2 -10 -2 -10 -2 -10 -2 -10 -2 -10 -2 -10 -2 -10 -2 -10 -2 -10 -2 -10 -2 -10 -2 -10 -2 0 0 -11 -1 -10 -1 -11 -1 -11 -1 -11 -1 -11 0 -11 0 -11 0 -11 0 -12 1 -12 1 -12 1 -12 1 -13 1 -13 1 -14 1 -13 1 -14 1 -14 2 -15 2 -15 2 -15 1 -15 2 -15 1 -15 1 -16 1 0 0 0 0 0 0 0 0 0 0
1784740927.635627,55559,-44,11,1,7,1,-95,1,649144805,128,0 0 0 0 0 0 0 0 0 0 0 0 -6 -6 -6 -6 -5 -7 -6 -7 -5 -7 -5 -8 -5 -8 -5 -8 -5 -9 -5 -8 -5 -9 -4 -9 -4 -9 -4 -10 -4 -10 -4 -10 -4 -10 -4 -10 -4 -10 -4 -10 -4 -10 -4 -10 -4 -10 -3 -10 -3 -10 -3 -10 0 0 -4 -10 -4 -10 -4 -10 -4 -10 -5 -10 -5 -10 -5 -10 -6 -10 -6 -10 -6 -10 -6 -10 -6 -10 -7 -10 -7 -10 -7 -10 -8 -10 -8 -10 -8 -10 -8 -10 -9 -11 -9 -11 -9 -11 -9 -11 -9 -11 -9 -11 -9 -12 0 0 0 0 0 0 0 0 0 0
1784740927.642524,55560,-44,11,1,7,1,-95,1,649150929,128,0 0 0 0 0 0 0 0 0 0 0 0 7 0 7 0 8 1 8 1 8 2 8 2 8 2 8 2 8 2 9 3 8 3 8 4 8 4 8 4 8 4 9 5 8 4 9 5 8 5 9 5 8 5 8 5 8 5 8 6 8 5 8 5 0 0 8 5 9 5 8 5 9 5 9 4 9 4 9 4 9 4 9 4 10 4 10 4 10 3 10 3 10 3 11 3 11 3 11 3 12 3 12 3 12 3 12 3 12 2 13 3 13 3 13 3 13 3 0 0 0 0 0 0 0 0 0 0
1784740927.651541,55561,-44,11,1,7,1,-95,1,649160878,128,0 0 0 0 0 0 0 0 0 0 0 0 -7 -5 -7 -5 -7 -6 -6 -6 -6 -6 -6 -6 -6 -7 -6 -7 -6 -7 -6 -8 -5 -8 -5 -8 -5 -8 -5 -8 -5 -8 -5 -9 -5 -9 -5 -9 -4 -9 -4 -9 -4 -9 -4 -9 -5 -9 -4 -9 -4 -9 -4 -9 0 0 -4 -9 -5 -9 -4 -9 -5 -9 -5 -8 -5 -9 -5 -9 -5 -9 -6 -9 -6 -9 -6 -9 -7 -9 -7 -9 -7 -9 -8 -9 -8 -9 -8 -9 -8 -9 -8 -9 -9 -9 -9 -10 -9 -10 -9 -10 -9 -10 -9 -10 -9 -11 0 0 0 0 0 0 0 0 0 0
1784740927.667461,55562,-44,11,1,7,1,-95,1,649170872,128,0 0 0 0 0 0 0 0 0 0 0 0 -4 -7 -4 -7 -4 -7 -3 -7 -3 -8 -3 -8 -3 -8 -3 -8 -3 -8 -2 -9 -2 -9 -2 -9 -2 -9 -1 -9 -2 -9 -1 -9 -1 -9 -1 -9 -1 -9 -1 -9 -1 -10 -1 -9 -1 -10 -1 -10 -1 -10 -1 -10 0 0 -2 -10 -2 -10 -2 -10 -2 -10 -2 -10 -2 -10 -3 -10 -3 -10 -3 -10 -4 -11 -3 -11 -4 -11 -4 -11 -4 -11 -5 -11 -5 -12 -4 -12 -5 -12 -5 -12 -6 -12 -5 -13 -6 -13 -5 -13 -5 -14 -5 -13 -5 -14 0 0 0 0 0 0 0 0 0 0
1784740927.667461,55563,-43,11,1,7,1,-95,1,649180955,128,0 0 0 0 0 0 0 0 0 0 0 0 -6 3 -6 3 -7 3 -7 3 -7 2 -7 2 -8 2 -8 2 -8 2 -8 2 -8 1 -9 1 -9 1 -9 1 -9 1 -9 1 -9 1 -9 1 -9 1 -9 1 -10 1 -10 1 -10 1 -10 1 -10 1 -10 1 0 0 -10 1 -10 1 -10 1 -10 2 -10 2 -10 2 -10 2 -11 2 -11 2 -11 3 -11 3 -11 3 -11 3 -11 4 -12 4 -12 4 -12 4 -12 4 -12 4 -12 5 -13 5 -13 5 -13 5 -13 5 -13 5 -14 5 0 0 0 0 0 0 0 0 0 0
1784740927.683268,55564,-43,11,1,7,1,-95,1,649190856,128,0 0 0 0 0 0 0 0 0 0 0 0 7 0 7 0 7 1 7 1 8 2 8 2 8 3 8 3 8 3 8 3 8 3 8 4 8 4 8 4 8 5 8 5 8 5 8 5 8 5 8 5 8 5 8 5 8 5 8 5 8 5 9 5 0 0 8 5 9 6 9 5 9 5 9 5 9 5 9 5 9 5 9 5 10 4 10 4 10 4 11 4 11 4 11 4 11 4 12 4 12 4 12 5 12 4 13 4 13 5 13 4 13 4 13 4 14 5 0 0 0 0 0 0 0 0 0 0
1784740927.683268,55565,-44,11,1,7,1,-95,1,649200872,128,0 0 0 0 0 0 0 0 0 0 0 0 -2 7 -2 7 -3 8 -3 7 -4 8 -4 7 -4 8 -5 8 -5 8 -5 8 -6 7 -6 7 -6 7 -6 7 -6 7 -7 8 -7 8 -7 8 -7 8 -7 8 -7 8 -7 8 -7 8 -7 7 -7 7 -7 7 0 0 -7 8 -7 8 -7 8 -7 9 -6 8 -6 8 -6 9 -6 9 -6 9 -6 10 -6 10 -6 10 -6 10 -5 10 -5 11 -5 11 -5 11 -5 11 -5 12 -5 12 -5 12 -4 12 -5 12 -6 12 -5 12 -5 13 0 0 0 0 0 0 0 0 0 0
1784740927.699354,55566,-45,11,1,7,1,-95,1,649210970,128,0 0 0 0 0 0 0 0 0 0 0 0 2 -8 2 -8 3 -8 4 -8 4 -7 4 -8 4 -8 4 -8 5 -8 5 -8 5 -8 6 -8 6 -7 6 -7 6 -8 7 -7 7 -8 7 -7 7 -7 7 -7 7 -8 7 -8 7 -8 7 -7 7 -7 7 -8 0 0 7 -8 7 -8 8 -8 7 -8 7 -8 7 -8 7 -8 7 -9 7 -9 7 -9 7 -9 6 -10 7 -10 7 -10 6 -10 7 -11 6 -11 6 -11 6 -11 6 -12 7 -12 7 -12 6 -12 7 -12 7 -12 7 -13 0 0 0 0 0 0 0 0 0 0
1784740927.719461,55567,-46,11,1,7,1,-95,1,649223905,128,0 0 0 0 0 0 0 0 0 0 0 0 -3 6 -4 6 -5 5 -5 5 -5 5 -5 5 -5 5 -6 5 -6 5 -6 5 -6 5 -6 5 -6 5 -7 5 -7 5 -7 5 -8 5 -7 5 -8 5 -8 5 -8 5 -8 5 -7 5 -8 5 -7 5 -7 6 0 0 -7 6 -8 6 -8 6 -7 7 -7 7 -7 7 -7 7 -7 8 -7 8 -7 9 -7 9 -7 9 -7 9 -8 10 -8 9 -8 10 -8 10 -8 11 -8 11 -8 11 -8 11 -9 12 -9 11 -9 12 -9 12 -10 12 0 0 0 0 0 0 0 0 0 0
1784740927.731078,55568,-46,11,1,7,1,-95,1,649232401,128,0 0 0 0 0 0 0 0 0 0 0 0 0 -8 0 -8 1 -8 1 -8 2 -8 2 -8 2 -8 3 -8 3 -8 3 -8 3 -8 3 -9 4 -8 4 -8 4 -9 4 -8 5 -9 5 -8 5 -8 5 -8 5 -8 5 -8 5 -8 5 -8 4 -8 4 -8 0 0 4 -9 4 -8 4 -9 4 -9 4 -9 4 -10 3 -10 3 -10 4 -10 3 -11 3 -11 3 -11 3 -12 3 -12 3 -12 3 -13 3 -12 3 -13 3 -13 3 -14 3 -14 4 -14 3 -14 3 -15 3 -15 4 -15 0 0 0 0 0 0 0 0 0 0
1784740927.731078,55569,-46,11,1,7,1,-95,1,649240815,128,0 0 0 0 0 0 0 0 0 0 0 0 7 -3 8 -3 8 -2 9 -2 8 -1 9 -2 9 -1 9 -1 9 -1 9 -1 10 0 10 0 10 0 10 1 11 1 10 1 11 1 10 1 11 2 10 2 11 1 10 2 10 1 10 2 10 2 10 1 0 0 10 1 10 1 10 1 9 0 10 0 10 0 10 0 10 -1 10 -1 10 -2 11 -2 11 -2 11 -2 11 -3 11 -3 12 -3 11 -3 12 -4 12 -4 12 -4 12 -4 13 -4 12 -5 13 -4 13 -5 14 -5 0 0 0 0 0 0 0 0 0 0
1784740927.746884,55570,-43,11,1,7,0,-95,1,649250943,128,0 0 0 0 0 0 0 0 0 0 0 0 7 -5 8 -4 9 -4 9 -4 9 -3 9 -3 10 -3 10 -3 10 -2 10 -2 11 -2 11 -1 11 -1 12 -1 11 0 12 0 12 0 12 0 12 0 12 1 12 1 12 1 12 1 11 1 12 1 11 1 0 0 12 0 12 0 12 0 12 0 11 0 12 -1 12 -1 12 -1 12 -1 12 -2 12 -2 12 -2 13 -3 13 -3 13 -3 13 -3 13 -3 13 -3 13 -3 14 -4 14 -4 14 -4 14 -4 14 -4 15 -4 15 -4 0 0 0 0 0 0 0 0 0 0
1784740927.846013,55571,-44,11,1,7,1,-95,1,649354999,128,0 0 0 0 0 0 0 0 0 0 0 0 4 -7 5 -7 6 -6 6 -6 6 -6 7 -6 7 -6 7 -6 7 -5 7 -5 7 -5 8 -5 8 -5 8 -5 9 -5 9 -4 9 -4 9 -4 9 -4 9 -4 9 -4 9 -3 8 -4 8 -4 8 -4 9 -4 0 0 8 -4 8 -4 9 -5 8 -5 8 -5 8 -5 8 -5 8 -6 8 -6 8 -6 8 -7 8 -7 8 -7 9 -8 9 -7 9 -8 9 -8 9 -8 9 -8 9 -9 9 -9 10 -9 9 -9 9 -10 10 -10 10 -10 0 0 0 0 0 0 0 0 0 0
1784740927.857935,55572,-45,11,1,7,1,-95,1,649362675,128,0 0 0 0 0 0 0 0 0 0 0 0 -5 6 -5 6 -6 6 -6 5 -7 5 -7 5 -7 5 -7 5 -8 5 -8 5 -8 5 -8 4 -8 4 -9 4 -9 4 -9 4 -9 4 -9 4 -9 4 -9 4 -9 4 -9 4 -9 4 -9 3 -9 4 -9 4 0 0 -9 4 -8 4 -8 4 -8 5 -8 5 -8 5 -8 5 -8 6 -8 6 -8 7 -8 7 -8 7 -9 7 -9 7 -8 8 -9 8 -9 8 -9 8 -9 8 -9 9 -9 9 -9 9 -9 9 -10 9 -10 10 -10 10 0 0 0 0 0 0 0 0 0 0
1784740927.857935,55573,-45,11,1,6,1,-95,1,649365901,128,0 0 0 0 0 0 0 0 0 0 0 0 -8 -4 -8 -4 -8 -5 -7 -6 -7 -6 -7 -6 -7 -6 -7 -7 -7 -7 -7 -7 -6 -8 -6 -7 -6 -8 -6 -8 -6 -8 -6 -9 -6 -9 -6 -8 -6 -8 -5 -9 -6 -9 -5 -9 -6 -8 -6 -8 -6 -8 -6 -8 0 0 -6 -8 -6 -8 -6 -8 -6 -8 -7 -7 -7 -8 -7 -8 -7 -8 -8 -8 -8 -7 -9 -7 -9 -7 -9 -7 -9 -8 -10 -8 -10 -8 -10 -8 -10 -8 -11 -8 -11 -8 -11 -8 -11 -8 -11 -8 -11 -9 -12 -9 -12 -9 0 0 0 0 0 0 0 0 0 0
1784740927.857935,55574,-45,11,1,6,1,-95,1,649368798,128,0 0 0 0 0 0 0 0 0 0 0 0 1 -9 1 -9 2 -9 2 -9 3 -9 3 -9 3 -9 4 -9 4 -9 4 -9 5 -9 5 -9 5 -9 5 -9 5 -9 6 -8 6 -8 6 -8 6 -8 6 -8 6 -8 6 -8 6 -8 6 -8 6 -8 5 -8 0 0 5 -8 5 -8 5 -9 5 -9 4 -9 4 -9 4 -9 4 -9 4 -10 4 -10 3 -10 3 -11 3 -11 3 -11 3 -11 3 -12 3 -12 3 -12 3 -13 3 -13 3 -13 3 -14 3 -13 2 -13 3 -14 3 -14 0 0 0 0 0 0 0 0 0 0
1784740927.857935,55575,-42,11,1,7,0,-95,1,649371587,128,0 0 0 0 0 0 0 0 0 0 0 0 1 -10 1 -10 2 -10 3 -11 3 -10 3 -11 4 -11 4 -11 5 -10 5 -10 6 -10 6 -10 6 -10 6 -10 7 -10 7 -10 7 -10 7 -10 7 -10 7 -10 7 -9 7 -9 7 -9 7 -9 7 -9 7 -9 0 0 7 -9 7 -9 7 -9 6 -10 6 -10 6 -10 6 -10 5 -10 5 -11 5 -11 5 -12 4 -12 5 -12 5 -12 4 -13 4 -13 5 -13 5 -14 5 -14 5 -14 5 -15 5 -15 5 -15 5 -15 5 -15 5 -16 0 0 0 0 0 0 0 0 0 0
1784740927.874092,55576,-44,11,1,7,1,-95,1,649380876,128,0 0 0 0 0 0 0 0 0 0 0 0 -8 1 -9 0 -9 0 -9 -1 -9 -1 -9 -1 -9 -1 -9 -1 -10 -2 -10 -2 -10 -3 -10 -3 -10 -3 -10 -4 -10 -4 -10 -4 -10 -4 -10 -4 -10 -4 -10 -4 -10 -4 -10 -4 -10 -4 -9 -5 -10 -5 -10 -5 0 0 -10 -4 -10 -4 -10 -4 -10 -4 -10 -4 -10 -3 -10 -3 -10 -3 -11 -3 -11 -3 -11 -3 -11 -2 -11 -3 -12 -2 -12 -2 -13 -2 -12 -2 -13 -2 -13 -1 -13 -1 -14 -1 -14 -1 -13 -1 -14 -2 -14 -2 -15 -2 0 0 0 0 0 0 0 0 0 0
1784740927.874092,55577,-45,11,1,7,1,-95,1,649390840,128,0 0 0 0 0 0 0 0 0 0 0 0 7 -1 7 0 7 0 7 1 7 1 7 1 7 1 7 2 7 2 7 2 8 2 8 2 8 3 8 3 8 3 8 3 8 3 8 4 8 4 8 4 8 4 8 4 8 4 8 4 9 4 9 4 0 0 9 4 9 4 9 4 9 4 9 4 9 4 10 4 10 3 10 4 10 3 10 3 10 3 11 3 11 3 11 3 11 3 11 3 12 3 12 3 12 3 12 3 13 3 13 3 13 3 13 3 13 3 0 0 0 0 0 0 0 0 0 0
1784740927.890106,55578,-45,11,1,7,1,-95,1,649400823,128,0 0 0 0 0 0 0 0 0 0 0 0 6 -4 6 -3 7 -3 7 -2 7 -2 7 -2 7 -2 7 -2 7 -2 8 -1 8 -1 8 -1 8 0 8 0 8 -1 8 -1 8 -1 8 -1 8 -1 8 -1 8 -1 8 -1 8 -1 8 -1 8 -1 8 -1 0 0 9 -1 9 -2 9 -2 10 -2 9 -2 9 -3 9 -3 10 -3 9 -3 10 -3 11 -3 10 -3 10 -3 10 -3 11 -4 11 -4 12 -4 12 -4 12 -5 12 -5 12 -5 12 -5 13 -4 13 -4 13 -4 13 -5 0 0 0 0 0 0 0 0 0 0
1784740927.906233,55579,-44,11,1,7,1,-95,1,649410872,128,0 0 0 0 0 0 0 0 0 0 0 0 -8 1 -8 0 -8 0 -8 -1 -8 -1 -8 -1 -8 -1 -9 -2 -8 -2 -8 -2 -9 -2 -8 -3 -8 -3 -9 -3 -9 -3 -8 -3 -9 -3 -8 -3 -9 -3 -9 -4 -9 -3 -9 -4 -9 -3 -9 -3 -9 -3 -9 -3 0 0 -10 -3 -9 -3 -10 -3 -9 -3 -10 -3 -10 -3 -10 -3 -10 -2 -11 -3 -11 -2 -11 -2 -11 -2 -12 -2 -12 -2 -12 -2 -13 -2 -12 -2 -13 -2 -13 -2 -13 -2 -14 -2 -14 -2 -13 -2 -14 -2 -14 -2 -15 -2 0 0 0 0 0 0 0 0 0 0
1784740927.906233,55580,-45,11,1,7,1,-95,1,649420938,128,0 0 0 0 0 0 0 0 0 0 0 0 -5 -5 -5 -6 -5 -6 -5 -6 -5 -7 -5 -7 -4 -7 -5 -8 -4 -8 -4 -8 -4 -8 -4 -8 -4 -8 -3 -9 -4 -9 -3 -9 -3 -9 -3 -9 -3 -9 -3 -9 -4 -9 -3 -10 -3 -10 -3 -10 -3 -10 -3 -10 0 0 -3 -10 -4 -10 -3 -9 -4 -10 -4 -9 -4 -10 -4 -10 -4 -10 -5 -10 -5 -10 -5 -10 -5 -10 -5 -10 -5 -10 -6 -11 -6 -10 -6 -11 -6 -11 -6 -11 -7 -11 -7 -11 -7 -11 -7 -12 -7 -12 -7 -12 -7 -12 0 0 0 0 0 0 0 0 0 0
1784740927.946338,55581,-44,11,1,5,1,-95,1,649439019,128,0 0 0 0 0 0 0 0 0 0 0 0 -7 -5 -7 -5 -7 -6 -6 -6 -7 -6 -6 -6 -6 -7 -6 -7 -6 -7 -6 -8 -6 -8 -6 -8 -6 -8 -5 -8 -6 -9 -6 -9 -6 -9 -6 -9 -5 -9 -5 -9 -5 -9 -5 -9 -6 -9 -5 -9 -5 -9 -5 -9 0 0 -6 -9 -6 -9 -6 -9 -6 -9 -7 -9 -7 -9 -7 -8 -7 -9 -7 -9 -8 -9 -8 -9 -8 -9 -8 -9 -8 -8 -9 -9 -9 -9 -9 -9 -9 -9 -10 -9 -10 -9 -10 -9 -10 -9 -10 -10 -10 -10 -10 -10 -11 -10 0 0 0 0 0 0 0 0 0 0
1784740927.954480,55582,-45,11,1,6,1,-95,1,649460099,128,0 0 0 0 0 0 0 0 0 0 0 0 -4 5 -4 4 -5 4 -5 4 -5 4 -5 4 -5 4 -6 4 -6 4 -6 4 -6 4 -6 4 -6 4 -7 4 -7 4 -7 4 -7 4 -7 4 -7 4 -7 4 -7 4 -7 4 -7 4 -7 4 -7 4 -8 5 0 0 -8 5 -8 5 -8 5 -8 6 -8 6 -8 6 -8 6 -8 6 -8 7 -8 7 -9 7 -9 7 -9 7 -9 8 -9 8 -9 9 -9 8 -10 9 -9 9 -10 9 -10 9 -10 9 -10 9 -11 9 -11 9 -11 9 0 0 0 0 0 0 0 0 0 0
1784740927.954480,55583,-45,11,1,7,1,-95,1,649460983,128,0 0 0 0 0 0 0 0 0 0 0 0 5 2 5 3 5 3 5 3 5 4 5 3 5 4 5 4 5 4 5 4 4 5 5 5 5 5 5 5 5 5 5 5 5 5 5 5 5 6 5 5 5 5 6 6 6 5 5 6 5 6 6 6 0 0 6 6 6 6 7 6 7 6 7 6 7 6 7 6 8 6 8 6 8 6 9 6 9 6 9 7 9 7 10 7 10 7 9 7 10 7 10 7 10 7 11 7 11 8 11 8 11 8 11 8 11 8 0 0 0 0 0 0 0 0 0 0
1784740927.954480,55584,-45,11,1,7,1,-95,1,649470910,128,0 0 0 0 0 0 0 0 0 0 0 0 -5 -5 -5 -6 -5 -6 -5 -7 -5 -7 -5 -7 -4 -7 -4 -8 -4 -8 -4 -8 -4 -8 -4 -8 -4 -8 -4 -9 -3 -9 -3 -9 -3 -10 -3 -9 -3 -10 -2 -10 -3 -10 -2 -10 -3 -9 -3 -10 -3 -9 -3 -10 0 0 -3 -10 -4 -10 -4 -10 -4 -10 -4 -10 -4 -10 -4 -10 -5 -11 -5 -11 -5 -10 -6 -11 -6 -11 -6 -11 -6 -12 -6 -11 -6 -12 -6 -11 -7 -12 -6 -12 -6 -13 -7 -12 -6 -13 -7 -12 -7 -12 -7 -13 -7 -13 0 0 0 0 0 0 0 0 0 0
1784740927.972646,55585,-46,11,1,7,1,-95,1,649480868,128,0 0 0 0 0 0 0 0 0 0 0 0 -3 -7 -4 -7 -3 -8 -3 -8 -2 -8 -2 -8 -3 -9 -2 -9 -2 -9 -2 -9 -1 -9 -1 -10 -1 -10 -1 -10 -1 -10 -1 -10 0 -10 0 -10 0 -10 0 -10 0 -10 0 -10 0 -10 1 -10 0 -10 0 -10 0 0 -1 -10 -1 -10 -1 -10 -2 -11 -2 -10 -2 -10 -3 -10 -3 -11 -3 -11 -3 -12 -3 -12 -3 -12 -3 -12 -4 -12 -5 -13 -4 -13 -4 -14 -4 -14 -5 -14 -5 -14 -5 -14 -5 -14 -4 -15 -4 -15 -4 -15 -4 -15 0 0 0 0 0 0 0 0 0 0
1784740927.986344,55586,-46,11,1,7,1,-95,1,649490859,128,0 0 0 0 0 0 0 0 0 0 0 0 6 -5 6 -4 6 -4 7 -4 7 -3 7 -3 7 -3 7 -3 7 -3 7 -3 8 -2 8 -2 8 -2 8 -2 8 -2 8 -2 9 -2 8 -2 8 -2 8 -2 8 -2 8 -2 8 -2 8 -2 8 -2 8 -2 0 0 8 -3 8 -3 8 -3 8 -4 8 -4 7 -4 8 -5 8 -6 8 -6 8 -6 9 -6 9 -6 9 -7 10 -7 9 -7 10 -7 10 -7 11 -8 10 -8 11 -8 11 -8 11 -8 12 -8 12 -8 12 -8 13 -8 0 0 0 0 0 0 0 0 0 0
1784740927.986344,55587,-46,11,1,7,1,-95,1,649500822,128,0 0 0 0 0 0 0 0 0 0 0 0 -8 -1 -8 -1 -8 -2 -8 -3 -8 -3 -8 -3 -8 -3 -8 -4 -8 -4 -8 -4 -8 -4 -8 -4 -9 -5 -9 -5 -9 -5 -8 -6 -8 -6 -9 -5 -8 -6 -8 -6 -9 -6 -8 -6 -9 -6 -8 -6 -8 -6 -9 -6 0 0 -9 -6 -9 -6 -9 -6 -9 -5 -9 -5 -10 -5 -10 -5 -10 -5 -10 -5 -11 -4 -11 -4 -12 -4 -12 -4 -12 -4 -12 -4 -13 -4 -12 -4 -13 -4 -13 -4 -13 -4 -14 -4 -14 -4 -13 -4 -14 -4 -14 -4 -14 -4 0 0 0 0 0 0 0 0 0 0
1784740928.006454,55588,-47,11,1,7,1,-95,1,649510882,128,0 0 0 0 0 0 0 0 0 0 0 0 0 5 0 5 0 6 0 6 0 6 -1 6 -1 7 -1 6 -1 7 -1 7 -2 7 -2 7 -2 7 -2 8 -2 8 -2 8 -3 8 -3 9 -3 8 -3 8 -3 8 -3 8 -3 8 -4 8 -3 8 -3 8 0 0 -3 8 -3 8 -3 8 -2 9 -2 9 -2 9 -1 9 -1 10 -1 10 -1 10 -1 10 -1 10 -1 11 -1 11 0 12 0 12 -1 12 0 12 0 12 0 13 0 13 0 13 -1 13 -1 13 -1 13 0 14 0 0 0 0 0 0 0 0 0 0
1784740928.018481,55589,-48,11,1,7,1,-95,1,649520951,128,0 0 0 0 0 0 0 0 0 0 0 0 6 1 7 2 6 2 7 3 6 3 7 3 6 3 7 3 6 4 6 4 6 4 6 4 6 5 7 5 7 5 6 5 7 5 6 5 6 6 6 5 6 6 6 5 6 5 6 5 6 5 6 5 0 0 6 5 6 4 7 4 7 4 7 4 7 3 7 3 8 3 8 3 9 3 9 3 10 3 10 3 10 3 10 2 11 3 11 3 12 3 12 3 12 3 12 3 13 4 12 3 13 4 13 4 14 4 0 0 0 0 0 0 0 0 0 0
1784740928.018481,55590,-47,11,1,7,1,-95,1,649530900,128,0 0 0 0 0 0 0 0 0 0 0 0 2 -8 3 -8 3 -8 4 -8 4 -8 4 -8 4 -8 5 -8 5 -8 5 -8 6 -8 6 -8 6 -8 7 -7 7 -8 7 -7 8 -8 8 -7 8 -7 8 -7 8 -7 8 -7 8 -7 8 -6 8 -6 8 -7 0 0 7 -7 7 -7 7 -7 7 -7 6 -7 6 -8 6 -8 6 -8 6 -9 6 -9 6 -9 5 -10 6 -10 6 -10 6 -11 6 -11 6 -11 6 -12 6 -12 6 -12 6 -13 7 -13 6 -13 7 -13 7 -13 7 -13 0 0 0 0 0 0 0 0 0 0
1784740928.034708,55591,-46,11,1,7,1,-95,1,649544511,128,0 0 0 0 0 0 0 0 0 0 0 0 5 4 6 4 5 5 5 5 5 5 5 6 5 6 5 6 5 6 4 6 4 7 4 7 4 7 4 7 4 7 4 7 4 8 4 8 4 8 4 8 4 8 4 8 4 8 3 8 4 8 4 8 0 0 4 7 4 7 4 8 4 7 5 7 5 7 5 7 6 7 6 7 6 7 7 7 7 7 7 7 8 8 8 8 8 8 8 8 9 8 9 9 9 8 9 9 9 9 9 9 9 9 9 10 10 10 0 0 0 0 0 0 0 0 0 0
1784740928.046626,55592,-45,11,1,7,1,-95,1,649550878,128,0 0 0 0 0 0 0 0 0 0 0 0 -7 -7 -7 -7 -6 -8 -6 -8 -5 -8 -5 -8 -5 -8 -5 -9 -5 -9 -4 -9 -4 -9 -4 -9 -4 -9 -4 -10 -4 -10 -3 -10 -3 -10 -3 -10 -3 -10 -3 -10 -3 -10 -3 -10 -3 -9 -3 -9 -3 -9 -3 -9 0 0 -4 -9 -4 -9 -4 -9 -4 -9 -5 -8 -5 -8 -5 -8 -6 -9 -6 -9 -7 -9 -7 -9 -7 -9 -7 -9 -8 -9 -8 -9 -8 -10 -8 -9 -9 -10 -9 -10 -9 -10 -10 -10 -10 -11 -10 -10 -10 -11 -10 -11 -10 -11 0 0 0 0 0 0 0 0 0 0
1784740928.050511,55593,-44,11,1,7,1,-95,1,649560877,128,0 0 0 0 0 0 0 0 0 0 0 0 -4 8 -5 8 -5 8 -6 7 -6 7 -6 7 -6 7 -7 7 -7 7 -7 7 -8 6 -8 6 -8 6 -8 6 -8 6 -9 6 -8 6 -9 6 -9 6 -9 5 -8 6 -8 5 -8 5 -9 5 -8 5 -8 5 0 0 -8 6 -8 6 -7 5 -7 6 -7 6 -7 6 -6 7 -6 7 -6 7 -6 8 -6 8 -6 8 -6 8 -6 9 -6 9 -6 9 -6 10 -6 10 -6 10 -6 11 -6 11 -6 11 -6 11 -7 11 -6 11 -6 12 0 0 0 0 0 0 0 0 0 0
1784740928.066435,55594,-44,11,1,7,1,-95,1,649570910,128,0 0 0 0 0 0 0 0 0 0 0 0 4 6 3 6 3 7 2 7 2 8 2 8 2 8 2 8 2 8 1 8 1 9 1 9 1 9 1 9 1 9 0 9 0 9 0 9 0 9 0 9 0 9 -1 9 0 9 -1 9 -1 9 0 9 0 0 0 9 0 9 0 9 1 9 1 9 1 9 1 9 2 9 2 9 2 10 2 10 3 10 3 9 3 10 3 10 4 11 3 11 4 11 4 11 4 11 4 11 4 11 4 11 4 11 4 11 4 11 0 0 0 0 0 0 0 0 0 0
1784740928.066435,55595,-44,11,1,7,1,-95,1,649580808,128,0 0 0 0 0 0 0 0 0 0 0 0 7 -2 8 -2 8 -1 8 0 8 0 8 0 8 0 8 0 8 1 8 1 8 1 9 2 8 2 9 2 9 2 9 2 9 2 9 3 9 2 9 3 9 3 9 3 9 3 9 3 9 3 9 3 0 0 9 2 9 2 9 2 9 2 9 2 9 2 9 1 10 1 10 1 10 0 10 1 10 0 11 1 11 0 11 0 11 0 11 0 12 0 12 0 12 -1 12 0 12 0 12 0 12 0 12 0 13 0 0 0 0 0 0 0 0 0 0 0
1784740928.082338,55596,-44,11,1,7,1,-95,1,649590847,128,0 0 0 0 0 0 0 0 0 0 0 0 -7 4 -7 4 -8 4 -8 3 -9 3 -8 3 -9 3 -9 3 -9 3 -9 2 -9 2 -10 2 -10 1 -10 1 -10 2 -10 2 -10 2 -10 1 -10 1 -10 1 -10 1 -10 1 -10 1 -10 1 -10 1 -10 1 0 0 -10 2 -10 2 -10 2 -10 2 -10 3 -10 3 -10 3 -10 4 -10 4 -11 4 -11 4 -10 4 -10 4 -10 5 -11 6 -11 6 -11 6 -11 6 -11 7 -12 7 -11 7 -12 7 -12 6 -13 6 -12 6 -13 7 0 0 0 0 0 0 0 0 0 0
1784740928.082338,55597,-44,11,1,7,1,-95,1,649600879,128,0 0 0 0 0 0 0 0 0 0 0 0 -3 6 -3 6 -4 6 -4 6 -5 6 -5 6 -5 6 -5 7 -5 6 -6 6 -6 6 -7 6 -7 6 -7 6 -7 6 -7 6 -7 6 -7 6 -8 6 -8 6 -8 6 -8 6 -8 6 -8 6 -8 6 -8 6 0 0 -8 6 -8 7 -7 6 -7 7 -7 7 -7 7 -7 7 -7 8 -7 8 -7 8 -7 8 -7 9 -7 9 -7 9 -7 10 -7 10 -7 10 -7 10 -7 11 -7 11 -7 11 -7 12 -7 11 -8 12 -7 12 -7 12 0 0 0 0 0 0 0 0 0 0
1784740928.102468,55598,-44,11,1,7,1,-95,1,649610861,128,0 0 0 0 0 0 0 0 0 0 0 0 -1 7 -2 7 -2 7 -3 7 -3 7 -3 8 -3 8 -4 8 -4 8 -4 8 -4 8 -5 8 -5 8 -5 8 -5 9 -6 8 -6 9 -6 8 -6 9 -6 8 -6 8 -6 8 -6 8 -6 8 -6 8 -6 8 0 0 -6 9 -6 9 -6 9 -5 9 -5 9 -5 9 -5 9 -5 10 -5 10 -4 10 -4 10 -4 11 -4 11 -4 11 -4 11 -5 12 -4 11 -4 12 -4 12 -4 12 -4 12 -4 13 -4 12 -4 13 -4 13 -4 13 0 0 0 0 0 0 0 0 0 0
1784740928.114490,55599,-44,11,1,7,1,-95,1,649620859,128,0 0 0 0 0 0 0 0 0 0 0 0 8 1 8 1 8 2 8 3 8 3 8 3 9 3 8 3 8 4 8 5 8 5 8 5 8 5 8 6 8 5 8 6 8 6 8 6 8 6 8 6 8 6 8 6 8 6 7 7 8 6 8 6 0 0 8 6 9 6 8 5 9 6 9 5 9 5 9 5 10 5 10 5 10 5 10 5 10 4 10 5 11 4 11 4 12 4 12 4 12 5 12 4 13 4 13 4 13 4 13 5 13 5 13 5 13 5 0 0 0 0 0 0 0 0 0 0
1784740928.114490,55600,-44,11,1,7,1,-95,1,649630877,128,0 0 0 0 0 0 0 0 0 0 0 0 7 -2 7 -2 7 -1 8 -1 8 -1 8 -1 8 0 8 0 8 0 8 0 8 1 9 1 9 1 9 2 9 1 9 2 9 2 9 2 9 2 9 2 9 2 9 2 9 2 9 2 9 2 9 2 0 0 9 2 9 2 9 2 9 1 9 1 10 1 10 0 10 0 10 0 11 0 11 0 11 0 11 0 11 -1 11 -1 12 -1 12 -1 12 -1 12 -1 13 -2 13 -1 13 -1 13 -1 13 -1 14 -1 14 -1 0 0 0 0 0 0 0 0 0 0
1784740928.130558,55601,-45,11,1,7,1,-95,1,649640960,128,0 0 0 0 0 0 0 0 0 0 0 0 -1 -8 -1 -8 0 -8 0 -8 0 -8 1 -9 1 -8 1 -9 1 -9 1 -9 2 -9 2 -9 2 -9 2 -9 2 -9 3 -9 3 -10 3 -9 3 -10 3 -9 3 -10 3 -9 3 -9 4 -9 3 -9 3 -10 0 0 3 -10 3 -10 3 -10 2 -10 2 -10 2 -10 2 -10 2 -11 2 -11 1 -11 1 -12 1 -12 1 -12 1 -13 1 -13 1 -13 1 -13 1 -13 1 -14 1 -14 1 -14 1 -14 1 -14 1 -14 1 -15 1 -15 0 0 0 0 0 0 0 0 0 0
1784740928.148102,55602,-45,11,1,7,1,-95,1,649652293,128,0 0 0 0 0 0 0 0 0 0 0 0 -7 5 -7 5 -8 5 -8 4 -8 4 -9 4 -9 3 -9 4 -10 3 -9 3 -10 3 -10 3 -10 3 -10 3 -10 3 -11 2 -11 2 -10 2 -11 2 -11 2 -11 2 -11 1 -10 2 -11 2 -10 2 -11 2 0 0 -10 2 -10 2 -10 3 -10 3 -10 3 -10 3 -10 3 -10 4 -10 4 -10 5 -10 5 -10 6 -10 6 -11 6 -11 6 -11 6 -11 6 -11 7 -12 7 -12 7 -12 7 -12 7 -11 7 -12 7 -12 8 -12 7 0 0 0 0 0 0 0 0 0 0
1784740928.148102,55603,-45,11,1,7,1,-95,1,649660910,128,0 0 0 0 0 0 0 0 0 0 0 0 6 -6 7 -6 8 -5 8 -5 8 -5 8 -5 8 -5 9 -5 9 -4 9 -4 9 -4 10 -4 10 -3 10 -3 10 -3 11 -3 11 -3 10 -2 11 -2 11 -2 11 -2 11 -2 10 -3 10 -2 10 -2 11 -2 0 0 11 -3 10 -2 11 -3 10 -3 10 -3 10 -4 10 -4 10 -4 10 -4 10 -5 10 -5 10 -5 11 -5 11 -6 11 -6 12 -6 11 -6 12 -6 12 -7 12 -6 12 -7 12 -7 11 -7 12 -7 12 -7 12 -7 0 0 0 0 0 0 0 0 0 0
1784740928.162449,55604,-42,11,1,7,0,-95,1,649670885,128,0 0 0 0 0 0 0 0 0 0 0 0 -4 -1 -4 -2 -4 -2 -4 -2 -4 -2 -4 -3 -4 -2 -4 -3 -4 -3 -4 -3 -4 -3 -4 -3 -4 -3 -4 -3 -4 -4 -4 -4 -4 -3 -4 -4 -4 -4 -4 -4 -4 -4 -4 -4 -4 -4 -4 -4 -4 -4 -4 -4 0 0 -4 -4 -4 -4 -4 -4 -4 -4 -4 -4 -4 -4 -5 -3 -5 -4 -5 -3 -5 -3 -5 -3 -5 -3 -5 -3 -5 -3 -6 -4 -6 -3 -6 -4 -6 -4 -6 -4 -6 -4 -6 -4 -6 -4 -6 -4 -6 -4 -6 -4 -6 -4 0 0 0 0 0 0 0 0 0 0
1784740928.178653,55605,-45,11,1,7,1,-95,1,649681717,128,0 0 0 0 0 0 0 0 0 0 0 0 5 4 4 4 4 5 4 5 4 5 4 5 4 5 4 5 4 5 4 6 4 6 4 6 4 6 4 6 4 6 4 6 4 7 4 7 5 7 5 7 5 7 5 7 5 7 4 7 5 7 5 7 0 0 6 7 6 7 6 8 6 7 6 7 7 7 7 7 8 7 8 7 8 7 8 8 9 8 9 8 9 8 10 8 10 8 10 8 11 9 11 8 11 9 11 9 11 9 11 9 11 10 11 10 11 10 0 0 0 0 0 0 0 0 0 0
1784740928.178653,55606,-46,11,1,7,1,-95,1,649690846,128,0 0 0 0 0 0 0 0 0 0 0 0 1 -7 2 -7 2 -7 2 -7 3 -6 3 -7 3 -6 3 -7 3 -6 3 -6 3 -6 3 -7 3 -7 3 -7 3 -7 3 -7 3 -7 3 -7 3 -8 3 -8 3 -8 3 -8 3 -8 3 -8 3 -9 3 -9 0 0 3 -10 3 -9 3 -10 3 -10 3 -10 3 -10 3 -11 3 -12 3 -12 2 -12 3 -12 3 -13 3 -13 3 -14 3 -13 4 -15 3 -14 4 -15 4 -15 4 -15 4 -15 4 -16 4 -15 5 -16 5 -16 5 -16 0 0 0 0 0 0 0 0 0 0
1784740928.194825,55607,-47,11,1,7,1,-95,1,649707246,128,0 0 0 0 0 0 0 0 0 0 0 0 1 9 0 9 0 10 -1 9 -1 10 -1 10 -2 10 -2 9 -2 9 -3 10 -3 10 -3 10 -3 10 -4 9 -3 9 -4 10 -4 9 -4 10 -4 10 -4 10 -3 10 -4 9 -4 9 -4 9 -4 9 -4 9 0 0 -3 9 -3 10 -2 9 -2 10 -2 10 -1 10 -1 10 -1 10 -1 11 -1 12 -1 11 0 11 -1 11 0 12 0 13 0 12 0 13 0 13 1 13 1 13 1 13 1 13 0 14 0 14 0 14 0 14 0 0 0 0 0 0 0 0 0 0
1784740928.194825,55608,-47,11,1,7,1,-95,1,649711502,128,0 0 0 0 0 0 0 0 0 0 0 0 -5 8 -6 8 -7 7 -7 7 -7 7 -8 7 -8 7 -8 7 -8 6 -8 6 -9 6 -9 6 -9 6 -9 6 -10 6 -9 5 -10 6 -10 5 -10 6 -10 5 -9 6 -9 5 -9 5 -9 5 -9 5 -9 6 0 0 -8 6 -8 6 -8 6 -8 7 -8 7 -8 7 -7 7 -7 8 -8 8 -8 9 -8 9 -8 9 -8 10 -8 10 -8 10 -9 11 -8 10 -9 11 -8 11 -8 11 -8 11 -9 11 -8 11 -9 11 -9 11 -9 12 0 0 0 0 0 0 0 0 0 0
1784740928.218953,55609,-47,11,1,7,1,-95,1,649722238,128,0 0 0 0 0 0 0 0 0 0 0 0 0 -9 0 -9 1 -9 1 -8 1 -9 1 -8 1 -8 1 -8 1 -8 2 -8 2 -8 2 -8 2 -8 2 -8 2 -8 2 -9 2 -8 2 -9 2 -8 2 -9 2 -9 1 -9 2 -9 2 -9 1 -9 1 -9 0 0 0 -9 0 -10 0 -9 -1 -11 -1 -10 -1 -11 -1 -11 -2 -12 -2 -12 -2 -13 -2 -13 -2 -13 -1 -13 -1 -13 -2 -14 -2 -14 -1 -15 -1 -15 -2 -15 -2 -16 -1 -16 -2 -15 -1 -16 0 -16 0 -16 -1 -16 0 0 0 0 0 0 0 0 0 0
1784740928.227414,55610,-45,11,1,7,0,-95,1,649730922,128,0 0 0 0 0 0 0 0 0 0 0 0 1 -8 2 -8 2 -8 2 -8 3 -8 3 -7 3 -7 3 -7 3 -7 3 -7 3 -7 3 -7 4 -7 4 -8 4 -8 4 -8 4 -8 4 -8 4 -8 4 -8 4 -8 4 -8 4 -8 4 -8 4 -8 4 -8 0 0 4 -9 3 -9 3 -9 3 -10 3 -10 3 -10 3 -10 3 -11 3 -11 2 -12 3 -12 3 -12 3 -12 3 -12 3 -13 3 -13 4 -14 4 -14 4 -13 4 -14 4 -14 4 -14 5 -14 5 -14 5 -14 5 -14 0 0 0 0 0 0 0 0 0 0
1784740928.227414,55611,-49,11,1,7,1,-95,1,649740891,128,0 0 0 0 0 0 0 0 0 0 0 0 7 -8 8 -7 8 -6 9 -6 9 -6 9 -6 9 -5 9 -5 10 -5 10 -4 10 -4 10 -4 10 -3 10 -3 11 -3 10 -3 11 -3 10 -3 11 -3 10 -3 10 -3 10 -2 10 -3 10 -2 9 -2 9 -3 0 0 9 -3 8 -3 9 -4 8 -4 8 -4 8 -5 8 -5 8 -6 8 -6 8 -6 8 -7 8 -7 8 -7 9 -7 9 -8 9 -8 9 -8 9 -8 9 -8 9 -9 9 -8 9 -8 9 -8 10 -8 9 -9 9 -9 0 0 0 0 0 0 0 0 0 0
1784740928.247284,55612,-48,11,1,7,1,-95,1,649750804,128,0 0 0 0 0 0 0 0 0 0 0 0 -9 -8 -8 -8 -8 -9 -8 -9 -8 -10 -7 -10 -7 -10 -7 -10 -7 -11 -7 -11 -6 -11 -6 -11 -6 -12 -6 -12 -6 -12 -5 -12 -5 -12 -5 -12 -5 -12 -5 -12 -5 -12 -5 -11 -5 -11 -5 -11 -5 -11 -5 -11 0 0 -5 -10 -6 -10 -6 -9 -7 -9 -7 -8 -7 -8 -8 -8 -8 -8 -9 -8 -10 -8 -10 -8 -10 -7 -10 -8 -11 -7 -12 -8 -12 -8 -12 -8 -12 -8 -13 -8 -13 -8 -13 -8 -13 -8 -13 -8 -13 -9 -13 -8 -13 -8 0 0 0 0 0 0 0 0 0 0
1784740928.247284,55613,-46,11,1,7,1,-95,1,649760911,128,0 0 0 0 0 0 0 0 0 0 0 0 -6 6 -7 5 -8 5 -8 4 -8 4 -8 4 -9 4 -9 4 -9 4 -10 3 -10 3 -10 2 -10 2 -10 2 -10 2 -10 2 -10 2 -10 2 -10 2 -10 2 -10 2 -10 2 -10 2 -9 2 -9 2 -9 2 0 0 -9 3 -9 4 -8 4 -9 5 -8 5 -9 5 -8 6 -9 6 -8 6 -9 8 -9 7 -9 8 -9 8 -9 8 -10 10 -9 9 -10 10 -10 10 -10 10 -10 11 -11 10 -10 11 -11 10 -11 10 -11 10 -11 10 0 0 0 0 0 0 0 0 0 0
1784740928.258725,55614,-46,11,1,7,1,-95,1,649772235,128,0 0 0 0 0 0 0 0 0 0 0 0 -4 -7 -4 -7 -3 -8 -3 -8 -3 -8 -3 -9 -2 -9 -2 -9 -2 -9 -2 -9 -2 -9 -1 -10 -1 -10 -1 -10 -1 -10 0 -10 0 -10 0 -10 0 -10 0 -9 -1 -9 -1 -9 -1 -9 -1 -9 -1 -9 -2 -9 0 0 -2 -9 -2 -9 -3 -10 -3 -9 -4 -9 -4 -10 -4 -10 -5 -10 -5 -11 -6 -11 -6 -11 -7 -11 -6 -11 -7 -12 -7 -12 -7 -13 -7 -13 -8 -13 -8 -14 -8 -14 -8 -14 -8 -14 -8 -14 -8 -15 -8 -15 -8 -16 0 0 0 0 0 0 0 0 0 0
1784740928.277473,55615,-47,11,1,7,1,-95,1,649780857,128,0 0 0 0 0 0 0 0 0 0 0 0 1 -6 2 -7 2 -7 2 -7 2 -7 2 -7 3 -7 3 -7 3 -7 3 -7 3 -7 3 -7 3 -7 4 -8 4 -8 4 -7 4 -8 4 -7 4 -7 4 -7 4 -8 4 -7 4 -8 4 -8 3 -8 3 -9 0 0 3 -9 3 -9 3 -9 3 -9 3 -10 3 -10 3 -10 2 -11 3 -11 2 -12 2 -12 2 -12 2 -13 2 -14 3 -13 3 -14 3 -14 3 -14 3 -15 3 -15 3 -15 4 -15 3 -15 4 -16 4 -16 4 -16 0 0 0 0 0 0 0 0 0 0
1784740928.277473,55616,-47,11,1,7,1,-95,1,649790896,128,0 0 0 0 0 0 0 0 0 0 0 0 4 5 3 5 3 6 3 6 3 6 3 6 3 7 2 6 3 7 2 7 2 7 2 7 1 7 1 7 2 7 2 8 2 7 2 8 2 7 2 7 2 7 2 7 3 8 2 7 2 8 2 8 0 0 3 8 4 8 4 8 4 8 4 8 4 8 5 8 5 9 5 8 6 10 5 10 5 10 5 10 5 10 7 11 6 10 6 11 6 11 6 11 7 11 6 11 7 11 6 12 6 12 6 12 6 12 0 0 0 0 0 0 0 0 0 0
1784740928.294940,55617,-45,11,1,7,1,-95,1,649800798,128,0 0 0 0 0 0 0 0 0 0 0 0 -2 -8 -1 -9 -1 -8 0 -9 0 -9 0 -9 0 -9 0 -9 1 -9 1 -9 1 -9 1 -10 1 -10 2 -10 2 -11 2 -10 2 -11 2 -10 2 -11 2 -10 2 -10 2 -10 2 -10 2 -10 2 -10 2 -11 0 0 2 -11 2 -10 2 -11 1 -10 1 -11 1 -11 1 -11 0 -12 1 -12 0 -12 0 -12 0 -12 0 -13 0 -13 0 -12 0 -14 0 -12 0 -13 0 -14 -1 -13 -1 -14 0 -14 -1 -13 -1 -13 -1 -13 -1 -14 0 0 0 0 0 0 0 0 0 0
1784740928.307374,55618,-45,11,1,7,1,-95,1,649810896,128,0 0 0 0 0 0 0 0 0 0 0 0 2 6 2 7 1 7 1 7 1 8 1 8 0 8 0 8 0 9 0 9 0 9 -1 9 -1 9 -1 10 -1 10 -2 10 -2 10 -2 10 -2 10 -3 10 -2 11 -3 10 -3 11 -3 11 -3 10 -3 11 0 0 -3 10 -3 11 -3 10 -3 10 -3 10 -3 11 -2 11 -2 11 -2 11 -2 11 -2 12 -1 12 -1 12 -1 12 -2 12 -1 12 -1 12 -1 12 -1 12 -1 13 -1 12 -1 12 -1 12 -1 12 -1 12 -1 12 0 0 0 0 0 0 0 0 0 0
1784740928.307374,55619,-46,11,1,7,1,-95,1,649820870,128,0 0 0 0 0 0 0 0 0 0 0 0 5 -4 5 -4 5 -4 6 -4 6 -4 6 -3 6 -4 7 -3 7 -3 7 -3 8 -3 8 -3 8 -3 8 -3 8 -3 9 -3 9 -3 9 -3 9 -2 9 -2 9 -2 9 -2 10 -2 10 -2 9 -2 10 -2 0 0 10 -2 10 -3 10 -2 10 -3 10 -3 10 -3 10 -3 11 -3 10 -3 11 -4 11 -4 11 -3 11 -3 11 -3 11 -5 11 -4 12 -4 12 -4 12 -4 12 -5 11 -4 11 -5 12 -4 12 -4 11 -4 12 -4 0 0 0 0 0 0 0 0 0 0
1784740928.323500,55620,-46,11,1,7,1,-95,1,649830905,128,0 0 0 0 0 0 0 0 0 0 0 0 -7 -2 -7 -2 -7 -3 -7 -3 -7 -4 -7 -4 -7 -4 -8 -4 -7 -5 -7 -5 -7 -5 -8 -5 -8 -6 -8 -6 -8 -6 -8 -6 -8 -7 -8 -7 -8 -7 -8 -7 -8 -7 -8 -7 -8 -7 -8 -7 -8 -7 -8 -7 0 0 -8 -7 -8 -7 -8 -7 -8 -7 -9 -7 -9 -7 -9 -7 -9 -7 -9 -7 -10 -7 -10 -7 -10 -7 -10 -7 -11 -7 -10 -7 -11 -8 -10 -7 -10 -7 -11 -7 -11 -7 -11 -7 -11 -7 -10 -7 -10 -7 -11 -7 -11 -7 0 0 0 0 0 0 0 0 0 0
1784740928.323500,55621,-45,11,1,7,1,-95,1,649840846,128,0 0 0 0 0 0 0 0 0 0 0 0 5 -4 6 -4 6 -4 7 -3 7 -3 7 -3 7 -3 8 -3 8 -3 8 -3 9 -3 9 -2 9 -2 9 -2 10 -2 10 -2 10 -1 10 -1 10 -1 10 -1 11 -1 10 -1 11 -1 11 -1 11 0 11 -1 0 0 11 -1 11 -1 11 -1 11 -1 10 -1 11 -1 11 -2 11 -2 11 -2 11 -2 11 -2 11 -2 11 -2 11 -3 11 -3 11 -3 11 -3 11 -3 11 -4 11 -4 11 -4 11 -4 11 -4 11 -4 11 -4 11 -4 0 0 0 0 0 0 0 0 0 0
1784740928.347744,55622,-46,11,1,7,1,-95,1,649851329,128,0 0 0 0 0 0 0 0 0 0 0 0 6 0 6 1 6 1 7 2 7 2 7 2 7 2 7 2 8 3 8 3 8 3 8 4 8 4 8 4 9 4 8 4 9 5 9 5 9 5 9 5 9 5 10 5 9 5 9 6 10 5 10 6 0 0 10 6 10 5 10 6 10 5 11 5 10 5 11 5 11 5 11 5 12 5 12 5 12 5 12 5 13 5 12 4 13 4 12 4 13 4 13 4 13 4 13 4 13 4 12 4 13 4 13 4 13 4 0 0 0 0 0 0 0 0 0 0
1784740928.355690,55623,-46,11,1,7,1,-95,1,649860919,128,0 0 0 0 0 0 0 0 0 0 0 0 4 3 5 3 4 3 4 4 5 4 5 4 5 4 5 5 5 5 5 5 5 6 5 6 5 6 5 7 6 7 5 7 5 7 5 7 5 7 6 7 6 8 6 8 6 8 6 8 6 8 6 9 0 0 7 8 7 9 7 9 7 9 8 9 8 9 8 9 9 9 9 9 9 10 9 10 9 10 10 10 10 10 10 10 10 11 10 10 10 11 10 11 10 11 10 11 10 11 10 11 10 11 10 11 10 11 0 0 0 0 0 0 0 0 0 0
1784740928.355690,55624,-47,11,1,7,1,-95,1,649870898,128,0 0 0 0 0 0 0 0 0 0 0 0 -4 4 -4 4 -4 3 -5 4 -5 4 -5 4 -5 4 -5 4 -5 5 -6 4 -6 4 -7 4 -7 4 -7 4 -7 5 -7 5 -8 5 -8 5 -8 5 -8 5 -8 5 -8 5 -9 5 -9 5 -9 5 -9 6 0 0 -9 6 -9 6 -9 6 -9 7 -9 7 -9 8 -9 8 -10 8 -10 8 -10 9 -10 8 -10 8 -11 8 -11 9 -11 9 -11 10 -11 9 -11 10 -11 10 -11 10 -11 10 -11 10 -12 10 -12 9 -12 10 -12 10 0 0 0 0 0 0 0 0 0 0
1784740928.374856,55625,-47,11,1,7,1,-95,1,649880795,128,0 0 0 0 0 0 0 0 0 0 0 0 -2 4 -3 5 -3 4 -3 5 -3 5 -3 5 -4 5 -4 6 -4 6 -4 6 -4 6 -4 6 -5 6 -5 7 -6 7 -6 6 -6 7 -6 7 -7 7 -7 7 -7 7 -8 7 -7 7 -7 7 -7 7 -8 8 0 0 -8 8 -8 7 -8 8 -7 8 -7 9 -8 9 -8 9 -8 9 -9 10 -8 10 -8 10 -8 11 -8 11 -9 11 -8 11 -9 11 -9 11 -9 12 -9 12 -9 12 -9 12 -10 12 -9 12 -9 12 -9 13 -10 13 0 0 0 0 0 0 0 0 0 0
1784740928.387321,55626,-48,11,1,7,1,-95,1,649890892,128,0 0 0 0 0 0 0 0 0 0 0 0 5 0 5 0 5 0 5 0 5 0 6 0 6 0 6 0 6 0 6 0 6 0 7 1 7 1 8 1 8 1 7 2 8 2 8 1 8 2 8 2 9 2 9 2 9 2 9 2 9 2 10 2 0 0 10 2 10 2 10 2 10 2 10 2 11 2 11 2 11 1 12 2 12 1 12 1 13 1 13 2 13 1 13 2 14 2 13 2 14 2 14 2 14 2 14 2 15 2 14 2 15 2 15 2 15 2 0 0 0 0 0 0 0 0 0 0
1784740928.387321,55627,-49,11,1,7,1,-95,1,649900868,128,0 0 0 0 0 0 0 0 0 0 0 0 -6 -1 -6 -1 -6 -1 -6 -1 -6 -1 -6 -1 -7 -1 -7 -1 -7 -1 -7 -1 -7 -1 -7 -1 -7 -1 -8 -1 -8 -1 -8 -1 -8 -2 -9 -1 -8 -2 -9 -1 -9 -1 -9 -1 -9 -1 -9 -2 -9 -2 -10 -2 0 0 -10 -1 -11 -1 -10 -1 -12 -1 -10 -1 -11 -1 -11 0 -12 0 -12 0 -13 0 -13 0 -13 0 -13 0 -12 0 -14 0 -13 0 -15 0 -14 0 -14 0 -15 0 -15 0 -15 1 -16 0 -15 -1 -15 -1 -15 -1 0 0 0 0 0 0 0 0 0 0
1784740928.403136,55628,-49,11,1,7,1,-95,1,649910890,128,0 0 0 0 0 0 0 0 0 0 0 0 -1 7 -1 7 -2 7 -2 7 -2 7 -2 7 -3 7 -3 8 -3 8 -3 7 -4 7 -4 8 -4 8 -4 8 -4 8 -4 8 -5 9 -4 8 -5 9 -5 8 -5 8 -5 8 -5 8 -5 8 -5 8 -5 8 0 0 -5 9 -5 8 -5 9 -4 9 -4 9 -4 9 -4 9 -4 10 -4 10 -3 10 -4 11 -3 11 -4 11 -3 11 -3 11 -4 12 -3 11 -3 13 -4 12 -3 12 -3 13 -3 13 -3 13 -4 13 -3 13 -3 14 0 0 0 0 0 0 0 0 0 0
1784740928.403136,55629,-50,11,1,7,1,-95,1,649920926,128,0 0 0 0 0 0 0 0 0 0 0 0 6 -3 6 -3 7 -2 7 -2 7 -2 7 -2 7 -2 7 -2 8 -2 7 -2 8 -2 8 -2 8 -2 9 -2 9 -1 9 -1 9 -1 9 -1 10 -1 9 -1 9 -1 10 0 10 0 9 0 10 -1 10 -1 0 0 10 -1 10 -1 10 0 10 -1 10 -1 11 -1 10 -1 10 -1 10 -1 11 -2 11 -2 11 -3 11 -2 12 -2 11 -2 12 -2 11 -2 12 -2 12 -3 12 -3 11 -3 12 -3 11 -3 12 -3 11 -3 12 -3 0 0 0 0 0 0 0 0 0 0
1784740928.418985,55630,-53,11,1,7,1,-95,1,649932171,128,0 0 0 0 0 0 0 0 0 0 0 0 -3 -2 -3 -2 -4 -3 -4 -3 -4 -3 -4 -3 -4 -3 -5 -4 -5 -4 -5 -4 -6 -5 -6 -5 -6 -6 -6 -6 -6 -6 -6 -7 -7 -7 -6 -8 -7 -8 -7 -8 -7 -8 -6 -9 -7 -9 -7 -9 -6 -9 -7 -10 0 0 -6 -10 -6 -11 -6 -11 -6 -10 -6 -10 -7 -10 -6 -10 -6 -10 -6 -10 -7 -10 -7 -10 -7 -10 -7 -10 -7 -10 -7 -10 -7 -10 -7 -9 -7 -9 -7 -9 -7 -9 -7 -9 -7 -8 -7 -8 -8 -8 -7 -7 -8 -7 0 0 0 0 0 0 0 0 0 0
1784740928.434824,55631,-51,11,1,7,0,-95,1,649940964,128,0 0 0 0 0 0 0 0 0 0 0 0 1 -5 2 -6 2 -6 3 -6 3 -6 3 -7 4 -7 4 -7 5 -8 5 -8 6 -8 7 -8 7 -9 8 -9 9 -9 9 -9 10 -9 10 -9 11 -9 11 -9 12 -9 12 -9 12 -9 13 -9 13 -9 13 -8 0 0 14 -8 14 -8 14 -8 13 -8 13 -8 13 -8 13 -8 13 -8 13 -8 13 -8 13 -8 12 -8 12 -8 12 -8 11 -8 11 -8 11 -8 10 -8 10 -9 9 -9 9 -9 8 -9 8 -9 8 -9 7 -9 7 -9 0 0 0 0 0 0 0 0 0 0
1784740928.450722,55632,-55,11,1,7,1,-95,1,649953705,128,0 0 0 0 0 0 0 0 0 0 0 0 -1 4 -1 4 -1 4 -1 5 -1 5 -1 5 -1 5 -1 6 -1 6 -1 6 -2 6 -1 7 -2 7 -2 7 -2 8 -3 8 -3 8 -3 8 -3 9 -4 8 -4 9 -4 9 -4 9 -4 9 -4 9 -5 9 0 0 -5 9 -5 9 -5 9 -4 9 -4 8 -5 8 -4 8 -4 8 -5 8 -4 8 -4 8 -4 8 -4 8 -4 8 -4 7 -4 7 -3 7 -3 7 -3 7 -3 6 -2 7 -3 6 -1 6 -2 6 -2 6 -1 6 0 0 0 0 0 0 0 0 0 0
1784740928.450722,55633,-54,11,1,7,1,-95,1,649960910,128,0 0 0 0 0 0 0 0 0 0 0 0 2 5 1 5 1 6 1 6 2 6 2 6 1 6 2 6 2 6 2 7 2 7 2 8 2 8 2 9 2 8 2 9 2 10 2 10 2 10 1 10 2 11 1 10 1 11 1 10 0 11 0 11 0 0 0 10 0 11 0 10 0 11 0 10 0 10 0 10 0 10 0 10 0 10 0 9 0 9 0 9 1 8 1 9 1 8 1 8 2 8 2 8 2 8 2 8 2 8 2 7 2 7 2 7 2 7 0 0 0 0 0 0 0 0 0 0
1784740928.466419,55634,-53,11,1,7,1,-95,1,649970904,128,0 0 0 0 0 0 0 0 0 0 0 0 -5 7 -6 7 -7 7 -7 7 -7 7 -7 7 -7 7 -7 7 -8 7 -8 7 -8 8 -9 8 -9 8 -9 8 -10 8 -10 8 -10 8 -10 8 -11 8 -11 7 -11 7 -11 7 -11 7 -11 7 -11 7 -11 7 0 0 -11 6 -11 6 -11 6 -10 5 -10 6 -10 5 -9 5 -9 5 -9 5 -8 5 -8 5 -7 5 -7 5 -7 5 -6 5 -6 5 -5 5 -5 5 -4 5 -4 5 -4 6 -4 6 -3 6 -3 6 -3 6 -2 6 0 0 0 0 0 0 0 0 0 0
1784740928.466419,55635,-53,11,1,7,1,-95,1,649982295,128,0 0 0 0 0 0 0 0 0 0 0 0 -7 7 -8 7 -9 6 -9 7 -9 7 -9 7 -9 7 -9 7 -10 7 -10 7 -10 7 -10 7 -10 7 -11 8 -11 8 -11 7 -11 7 -11 7 -11 7 -11 7 -11 7 -11 7 -10 7 -10 7 -10 7 -10 7 0 0 -10 6 -9 6 -9 6 -8 6 -8 6 -8 6 -8 5 -7 5 -7 5 -6 6 -6 5 -6 5 -6 4 -5 5 -4 4 -4 4 -3 4 -3 3 -3 3 -2 3 -2 3 -2 2 -1 2 -1 2 -1 1 -1 1 0 0 0 0 0 0 0 0 0 0
1784740928.482586,55636,-51,11,1,7,1,-95,1,649990916,128,0 0 0 0 0 0 0 0 0 0 0 0 -6 -9 -6 -10 -6 -10 -5 -11 -6 -11 -6 -11 -6 -12 -6 -12 -6 -12 -5 -12 -5 -13 -5 -13 -5 -13 -5 -13 -6 -13 -5 -13 -6 -14 -5 -14 -6 -14 -5 -14 -5 -14 -5 -13 -5 -13 -5 -14 -5 -13 -5 -13 0 0 -5 -13 -5 -12 -5 -12 -5 -12 -5 -11 -5 -11 -5 -10 -5 -10 -5 -10 -5 -10 -5 -10 -5 -9 -5 -8 -5 -8 -5 -8 -5 -8 -5 -7 -5 -7 -5 -6 -5 -6 -5 -6 -5 -5 -4 -5 -4 -5 -4 -5 -4 -5 0 0 0 0 0 0 0 0 0 0
1784740928.482586,55637,-50,11,1,7,1,-95,1,650000872,128,0 0 0 0 0 0 0 0 0 0 0 0 3 -10 3 -9 4 -9 4 -10 4 -10 4 -10 5 -10 5 -11 5 -11 5 -11 5 -11 5 -11 5 -12 6 -12 6 -12 6 -12 7 -13 7 -12 7 -13 7 -13 7 -13 7 -13 7 -13 7 -13 7 -12 7 -13 0 0 7 -12 7 -12 7 -12 6 -12 6 -12 6 -12 6 -12 6 -12 6 -12 5 -12 5 -12 5 -12 5 -11 5 -11 4 -11 5 -11 4 -10 4 -11 4 -11 4 -10 4 -11 3 -10 3 -10 3 -10 3 -10 3 -10 0 0 0 0 0 0 0 0 0 0
1784740928.498279,55638,-48,11,1,6,1,-95,1,650014079,128,0 0 0 0 0 0 0 0 0 0 0 0 2 9 1 9 1 10 1 10 1 10 1 10 1 10 0 11 1 11 0 12 0 12 0 12 0 13 0 13 0 13 -1 14 -1 14 -1 14 -1 14 -1 14 -1 14 -1 14 -2 15 -2 14 -2 14 -3 14 0 0 -2 13 -2 14 -2 13 -2 13 -2 12 -2 13 -1 12 -1 12 -1 12 -1 13 -1 12 0 11 0 12 0 11 1 11 1 11 1 11 1 11 1 10 2 11 2 10 2 10 2 10 2 10 3 10 2 10 0 0 0 0 0 0 0 0 0 0
1784740928.514243,55639,-47,11,1,6,1,-95,1,650023365,128,0 0 0 0 0 0 0 0 0 0 0 0 5 7 5 8 5 8 5 9 4 9 4 9 4 10 4 10 4 10 4 10 4 11 4 11 4 11 4 12 4 12 3 12 3 13 3 13 3 13 3 13 3 14 2 13 3 14 2 13 2 13 2 13 0 0 2 13 2 13 2 13 2 12 2 12 2 12 2 12 3 12 3 12 3 12 3 12 4 11 4 11 4 11 4 11 4 11 4 10 5 10 5 10 5 10 5 10 5 10 6 9 6 9 6 9 6 9 0 0 0 0 0 0 0 0 0 0
1784740928.514243,55640,-48,11,1,6,1,-95,1,650033527,128,0 0 0 0 0 0 0 0 0 0 0 0 -7 3 -8 2 -8 2 -9 1 -8 1 -9 1 -9 1 -10 1 -10 1 -10 1 -10 1 -11 1 -11 0 -11 0 -12 0 -12 0 -12 0 -12 -1 -13 -1 -13 -1 -13 -1 -13 -2 -13 -1 -13 -1 -13 -2 -13 -2 0 0 -13 -2 -13 -2 -13 -3 -13 -2 -13 -2 -13 -2 -13 -2 -13 -2 -13 -2 -13 -1 -13 -2 -13 -1 -13 -1 -13 -1 -12 -1 -13 -1 -12 -1 -13 -1 -13 -1 -12 0 -12 0 -12 0 -12 0 -12 1 -12 1 -12 1 0 0 0 0 0 0 0 0 0 0
1784740928.530155,55641,-49,11,1,6,1,-95,1,650043687,128,0 0 0 0 0 0 0 0 0 0 0 0 4 -4 5 -4 5 -4 6 -4 6 -4 6 -4 6 -4 6 -3 7 -4 7 -3 8 -3 8 -3 8 -3 9 -3 9 -3 9 -3 9 -3 10 -3 10 -3 11 -3 11 -3 11 -3 11 -2 11 -2 11 -2 11 -2 0 0 11 -2 12 -2 12 -2 12 -3 11 -2 11 -2 11 -2 12 -2 12 -2 12 -3 12 -3 12 -3 12 -3 12 -3 12 -3 12 -3 12 -3 12 -3 12 -4 12 -4 11 -4 11 -4 11 -4 11 -4 11 -5 11 -5 0 0 0 0 0 0 0 0 0 0
1784740928.548176,55642,-48,11,1,7,1,-95,1,650050965,128,0 0 0 0 0 0 0 0 0 0 0 0 5 -1 6 0 6 0 6 0 6 1 7 1 7 1 7 1 7 1 7 1 8 2 8 2 8 3 9 3 9 3 9 3 9 4 9 4 10 4 10 4 10 5 10 5 10 5 10 6 10 6 10 6 0 0 10 6 10 6 10 6 10 6 10 6 10 6 10 6 11 6 10 6 11 6 11 6 11 6 11 6 11 6 11 5 12 6 11 6 12 6 12 6 12 5 12 5 12 5 12 5 12 5 12 5 13 5 0 0 0 0 0 0 0 0 0 0
1784740928.548176,55643,-47,11,1,7,1,-95,1,650060818,128,0 0 0 0 0 0 0 0 0 0 0 0 -4 -3 -4 -4 -4 -4 -4 -4 -4 -4 -4 -5 -4 -5 -5 -5 -5 -6 -5 -6 -5 -6 -5 -6 -5 -7 -6 -7 -5 -8 -5 -8 -6 -9 -5 -9 -6 -9 -5 -9 -5 -10 -5 -10 -6 -10 -5 -10 -5 -11 -5 -11 0 0 -5 -11 -5 -11 -5 -12 -5 -11 -5 -11 -5 -12 -5 -12 -5 -12 -5 -12 -6 -12 -6 -12 -6 -12 -6 -12 -6 -13 -6 -12 -6 -13 -6 -12 -6 -12 -6 -13 -6 -13 -7 -13 -6 -13 -7 -12 -7 -13 -7 -13 -7 -13 0 0 0 0 0 0 0 0 0 0
1784740928.562313,55644,-47,11,1,7,1,-95,1,650070819,128,0 0 0 0 0 0 0 0 0 0 0 0 1 4 1 4 1 5 1 5 1 5 1 5 1 6 1 6 1 6 0 7 0 7 0 7 0 8 0 8 0 8 0 9 0 9 0 10 0 10 0 10 0 10 0 11 -1 11 -1 11 -2 11 -2 11 0 0 -1 12 -1 12 -1 11 -1 13 -1 12 -1 12 -1 12 -1 13 -1 12 -1 13 -1 13 -1 13 -1 13 -1 12 0 14 0 13 0 14 0 13 0 13 1 13 0 13 1 13 1 14 0 13 1 13 1 13 0 0 0 0 0 0 0 0 0 0
1784740928.562313,55645,-49,11,1,7,1,-95,1,650080877,128,0 0 0 0 0 0 0 0 0 0 0 0 1 -4 1 -4 2 -4 2 -4 2 -5 2 -5 2 -5 2 -5 3 -6 3 -6 3 -6 3 -7 4 -7 4 -7 4 -7 5 -7 5 -8 5 -8 6 -8 6 -8 7 -8 7 -8 7 -8 7 -8 8 -8 8 -8 0 0 9 -8 9 -8 9 -8 9 -8 9 -8 9 -8 9 -8 9 -9 9 -9 9 -9 9 -9 9 -9 10 -9 10 -9 9 -9 10 -9 9 -9 10 -10 9 -10 10 -10 9 -10 9 -10 9 -10 9 -11 9 -11 9 -11 0 0 0 0 0 0 0 0 0 0
1784740928.578132,55646,-49,11,1,6,1,-95,1,650093833,128,0 0 0 0 0 0 0 0 0 0 0 0 1 -2 1 -3 1 -3 1 -3 1 -3 1 -4 1 -4 1 -4 1 -5 1 -5 1 -6 2 -6 2 -7 2 -7 2 -8 3 -8 3 -8 4 -9 4 -9 4 -9 5 -10 5 -10 6 -10 6 -10 7 -10 7 -10 0 0 7 -10 7 -11 8 -10 8 -11 7 -11 7 -11 7 -11 8 -11 8 -11 8 -12 8 -12 8 -11 8 -11 8 -12 8 -12 8 -12 9 -12 9 -13 8 -12 8 -13 8 -13 8 -13 8 -13 9 -13 8 -13 8 -13 0 0 0 0 0 0 0 0 0 0
1784740928.594238,55647,-48,11,1,7,1,-95,1,650100951,128,0 0 0 0 0 0 0 0 0 0 0 0 3 0 3 0 4 0 4 0 4 0 5 0 5 0 5 0 6 0 6 0 6 0 7 1 7 1 8 1 8 1 9 1 9 1 10 1 10 2 10 2 10 2 10 2 11 3 11 4 10 4 11 4 0 0 11 4 11 4 11 4 12 4 12 4 12 4 12 4 12 4 12 4 13 4 12 4 12 4 12 4 12 4 13 3 13 3 13 4 13 3 13 3 14 2 13 3 13 2 14 3 14 3 14 3 14 2 0 0 0 0 0 0 0 0 0 0
1784740928.594238,55648,-47,11,1,7,1,-95,1,650112899,128,0 0 0 0 0 0 0 0 0 0 0 0 -1 7 -1 7 -2 7 -2 7 -2 7 -2 8 -2 8 -2 8 -3 8 -3 9 -3 9 -4 9 -4 9 -4 9 -4 9 -5 10 -5 10 -5 10 -5 10 -6 10 -6 10 -6 10 -6 10 -7 10 -6 9 -6 10 0 0 -6 9 -6 10 -6 10 -6 10 -6 10 -6 10 -6 10 -6 10 -5 10 -5 11 -5 11 -5 11 -5 11 -5 10 -4 12 -4 11 -5 11 -4 12 -4 11 -4 12 -3 12 -3 12 -3 12 -3 12 -3 12 -3 12 0 0 0 0 0 0 0 0 0 0
1784740928.610288,55649,-45,11,1,7,1,-95,1,650120905,128,0 0 0 0 0 0 0 0 0 0 0 0 4 -7 4 -7 5 -7 5 -7 5 -7 6 -7 6 -7 6 -7 7 -7 7 -7 7 -7 7 -7 8 -7 8 -6 8 -7 9 -6 9 -6 9 -6 10 -6 9 -6 10 -6 10 -6 10 -6 10 -5 10 -5 10 -5 0 0 10 -5 10 -5 9 -5 9 -5 9 -6 9 -6 9 -6 9 -6 9 -6 9 -7 9 -7 9 -7 9 -7 9 -7 9 -7 9 -7 8 -7 8 -8 8 -8 8 -8 8 -8 8 -8 8 -8 8 -9 8 -8 8 -9 0 0 0 0 0 0 0 0 0 0
1784740928.626407,55650,-44,11,1,7,1,-95,1,650132485,128,0 0 0 0 0 0 0 0 0 0 0 0 1 7 0 7 0 7 0 7 -1 7 -1 7 -1 8 -1 8 -1 8 -1 8 -2 8 -2 9 -2 9 -2 9 -2 9 -3 9 -3 10 -3 10 -4 10 -3 10 -4 10 -4 10 -4 10 -4 9 -4 10 -4 10 0 0 -4 10 -4 10 -4 10 -4 10 -4 9 -4 10 -4 10 -3 10 -4 10 -3 10 -3 11 -3 11 -3 11 -3 11 -3 11 -3 11 -2 11 -2 11 -2 11 -2 11 -2 12 -2 12 -1 11 -2 12 -1 12 -1 12 0 0 0 0 0 0 0 0 0 0
1784740928.626407,55651,-43,11,1,7,1,-95,1,650140983,128,0 0 0 0 0 0 0 0 0 0 0 0 -7 0 -7 0 -7 -1 -8 -1 -8 -1 -8 -1 -8 -1 -9 -1 -9 -2 -9 -2 -9 -2 -9 -2 -9 -2 -10 -2 -10 -3 -10 -3 -10 -3 -10 -3 -11 -4 -11 -4 -11 -4 -11 -4 -11 -4 -11 -4 -11 -4 -11 -4 0 0 -11 -4 -11 -4 -11 -5 -11 -4 -11 -4 -11 -4 -11 -4 -11 -4 -12 -4 -12 -3 -12 -3 -12 -3 -12 -3 -13 -3 -13 -3 -13 -3 -13 -3 -13 -3 -13 -3 -13 -3 -13 -3 -14 -3 -13 -2 -14 -3 -14 -2 -14 -2 0 0 0 0 0 0 0 0 0 0
1784740928.642267,55652,-41,11,1,7,1,-95,1,650150804,128,0 0 0 0 0 0 0 0 0 0 0 0 -2 -7 -2 -8 -1 -8 -1 -8 -1 -8 -1 -8 -1 -9 -1 -9 -1 -9 0 -9 0 -10 0 -10 0 -10 1 -10 0 -10 1 -11 1 -11 1 -11 2 -11 1 -11 1 -11 2 -11 2 -12 2 -11 2 -11 2 -11 0 0 2 -11 2 -12 2 -11 2 -12 2 -12 1 -12 1 -12 1 -12 1 -12 1 -13 1 -13 1 -12 1 -12 1 -13 0 -13 0 -13 1 -13 0 -13 0 -13 0 -14 0 -13 -1 -14 0 -14 0 -14 0 -14 -1 -14 0 0 0 0 0 0 0 0 0 0
1784740928.648405,55653,-41,11,1,7,1,-95,1,650160804,128,0 0 0 0 0 0 0 0 0 0 0 0 -2 7 -2 7 -3 7 -3 7 -4 7 -4 7 -4 7 -4 7 -4 8 -5 7 -5 7 -6 7 -6 8 -6 8 -6 8 -6 8 -6 8 -7 8 -7 8 -7 8 -7 8 -7 8 -7 8 -8 8 -7 7 -8 8 0 0 -7 8 -7 8 -7 8 -7 8 -7 8 -7 9 -7 9 -7 9 -6 9 -6 9 -7 9 -7 9 -6 9 -7 10 -6 10 -6 11 -6 10 -6 10 -6 10 -6 11 -6 11 -6 11 -6 11 -6 11 -6 11 -6 11 0 0 0 0 0 0 0 0 0 0
1784740928.658442,55654,-41,11,1,7,1,-95,1,650172288,128,0 0 0 0 0 0 0 0 0 0 0 0 -8 0 -8 -1 -8 -1 -9 -2 -8 -2 -9 -2 -9 -2 -9 -2 -9 -2 -9 -3 -9 -3 -9 -3 -9 -4 -10 -4 -10 -4 -10 -4 -10 -4 -10 -4 -10 -5 -10 -5 -10 -5 -10 -5 -10 -5 -10 -5 -10 -5 -10 -5 0 0 -11 -5 -10 -5 -11 -5 -11 -4 -11 -4 -11 -4 -11 -4 -11 -4 -11 -4 -11 -3 -12 -4 -12 -3 -12 -3 -12 -3 -12 -3 -13 -3 -12 -3 -13 -3 -13 -3 -13 -2 -13 -2 -13 -2 -13 -2 -14 -2 -14 -2 -14 -2 0 0 0 0 0 0 0 0 0 0
1784740928.674446,55655,-41,11,1,7,1,-95,1,650181808,128,0 0 0 0 0 0 0 0 0 0 0 0 -3 6 -4 6 -4 6 -5 6 -5 6 -5 6 -5 6 -6 6 -6 6 -6 6 -6 6 -7 6 -7 6 -7 6 -7 7 -7 6 -8 7 -8 6 -8 7 -8 7 -8 7 -9 7 -9 6 -9 6 -9 6 -9 6 0 0 -9 6 -9 7 -9 7 -9 7 -9 7 -9 7 -8 7 -9 7 -9 7 -9 8 -9 8 -8 8 -8 8 -9 8 -8 8 -9 9 -9 8 -9 9 -8 9 -8 9 -8 10 -8 10 -8 10 -9 9 -8 10 -8 10 0 0 0 0 0 0 0 0 0 0
1784740928.674446,55656,-43,11,1,7,1,-95,1,650190834,128,0 0 0 0 0 0 0 0 0 0 0 0 6 -3 7 -3 7 -2 7 -2 7 -2 8 -2 8 -2 8 -2 8 -2 8 -1 8 -1 9 -1 9 -1 9 -1 9 -1 10 -1 10 -1 10 -1 11 0 10 0 10 -1 10 0 10 0 10 0 10 0 11 0 0 0 10 0 11 0 10 0 11 0 11 0 10 0 11 0 11 0 11 -1 11 -1 11 0 12 0 11 -1 12 -1 12 -2 12 -2 12 -2 12 -2 12 -2 12 -3 12 -2 13 -3 12 -2 13 -2 13 -2 13 -2 0 0 0 0 0 0 0 0 0 0
1784740928.690245,55657,-41,11,1,7,1,-95,1,650200814,128,0 0 0 0 0 0 0 0 0 0 0 0 -4 -7 -3 -8 -3 -8 -3 -8 -2 -8 -2 -9 -2 -9 -2 -9 -2 -9 -2 -9 -2 -9 -1 -10 -1 -10 -1 -10 -1 -11 0 -10 0 -11 0 -10 0 -11 0 -11 0 -11 0 -11 0 -11 0 -11 0 -11 0 -11 0 0 0 -11 0 -11 0 -12 0 -11 0 -11 0 -12 0 -12 -1 -12 0 -12 -1 -12 -1 -12 -1 -12 -2 -12 -2 -13 -1 -12 -1 -13 -2 -13 -2 -13 -2 -13 -2 -13 -2 -14 -2 -14 -2 -13 -2 -14 -3 -14 -3 -14 0 0 0 0 0 0 0 0 0 0
1784740928.706111,55658,-43,11,1,7,1,-95,1,650210842,128,0 0 0 0 0 0 0 0 0 0 0 0 7 0 7 1 7 2 7 2 7 2 7 2 7 2 8 3 7 3 8 3 7 4 7 3 7 4 8 4 8 4 7 4 8 4 8 5 8 5 8 5 8 5 8 5 8 5 8 5 8 5 8 5 0 0 8 5 8 4 8 5 9 5 9 4 9 4 9 4 9 4 9 4 10 4 10 4 10 4 10 4 10 4 11 3 11 3 11 4 12 3 12 3 12 3 12 3 12 3 12 3 12 3 12 3 13 3 0 0 0 0 0 0 0 0 0 0
1784740928.706111,55659,-46,11,1,6,1,-95,1,650222261,128,0 0 0 0 0 0 0 0 0 0 0 0 -8 -2 -8 -3 -8 -3 -7 -3 -8 -4 -7 -4 -8 -4 -8 -4 -8 -4 -8 -5 -8 -5 -7 -5 -8 -5 -8 -6 -8 -5 -8 -6 -8 -5 -8 -6 -8 -6 -8 -5 -8 -6 -8 -6 -8 -6 -7 -6 -7 -6 -8 -6 0 0 -8 -6 -8 -5 -8 -5 -9 -5 -9 -5 -9 -5 -9 -4 -10 -5 -10 -4 -11 -5 -10 -4 -10 -4 -10 -4 -10 -4 -12 -4 -11 -3 -12 -4 -12 -4 -12 -4 -13 -4 -13 -4 -13 -3 -14 -4 -13 -5 -14 -5 -14 -4 0 0 0 0 0 0 0 0 0 0
1784740928.722283,55660,-48,11,1,7,1,-95,1,650230890,128,0 0 0 0 0 0 0 0 0 0 0 0 2 5 2 5 2 6 1 6 1 6 1 6 1 6 1 6 1 7 1 7 0 7 0 7 0 7 0 8 0 7 0 8 0 7 0 8 0 8 0 8 0 8 0 8 0 8 0 8 0 8 0 8 0 0 1 9 1 9 1 8 1 9 1 9 2 9 2 9 2 10 2 10 2 11 2 10 2 10 2 11 3 11 3 12 3 11 3 12 3 12 3 12 4 13 4 12 4 13 3 14 3 14 3 14 3 14 0 0 0 0 0 0 0 0 0 0
1784740928.738301,55661,-48,11,1,6,1,-95,1,650242327,128,0 0 0 0 0 0 0 0 0 0 0 0 2 3 2 3 2 4 2 4 2 4 2 5 2 5 2 5 2 6 2 6 1 6 1 7 1 7 1 7 1 7 1 8 0 8 1 8 0 8 0 8 0 8 0 9 1 9 0 9 0 9 0 9 0 0 0 10 0 10 0 10 0 10 0 10 0 10 0 10 0 10 0 11 0 11 0 11 1 11 0 11 0 11 1 12 1 11 1 11 1 12 1 12 1 12 1 12 1 12 2 12 2 13 2 13 2 13 0 0 0 0 0 0 0 0 0 0
1784740928.738301,55662,-46,11,1,7,1,-95,1,650250895,128,0 0 0 0 0 0 0 0 0 0 0 0 -2 -6 -2 -6 -2 -7 -1 -7 -1 -7 -1 -8 -1 -8 0 -8 0 -8 0 -8 0 -9 1 -9 1 -9 1 -9 1 -9 2 -9 2 -10 2 -9 2 -10 3 -10 3 -10 3 -10 3 -10 3 -10 3 -10 3 -10 0 0 3 -10 4 -10 4 -11 3 -10 3 -10 3 -11 3 -10 3 -11 3 -11 2 -11 3 -11 2 -11 2 -11 2 -12 2 -11 2 -12 2 -11 2 -12 2 -12 2 -12 1 -13 2 -13 1 -12 1 -13 1 -13 1 -13 0 0 0 0 0 0 0 0 0 0
1784740928.754426,55663,-45,11,1,6,1,-95,1,650262664,128,0 0 0 0 0 0 0 0 0 0 0 0 -4 -7 -4 -7 -4 -8 -3 -8 -3 -9 -3 -9 -2 -9 -2 -9 -1 -10 -2 -10 -2 -10 -1 -10 -1 -10 -1 -11 -1 -11 0 -11 0 -11 0 -11 0 -11 0 -11 1 -11 1 -11 0 -11 0 -11 0 -11 1 -12 0 0 1 -11 1 -11 1 -11 0 -11 0 -11 1 -11 0 -11 0 -11 0 -12 -1 -12 -1 -11 -2 -12 -2 -12 -1 -12 -1 -12 -2 -12 -2 -12 -2 -12 -2 -12 -2 -13 -3 -13 -3 -13 -3 -12 -3 -13 -4 -13 -4 -13 0 0 0 0 0 0 0 0 0 0
1784740928.754426,55664,-44,11,1,6,1,-95,1,650272343,128,0 0 0 0 0 0 0 0 0 0 0 0 -8 0 -8 -1 -9 -2 -8 -2 -9 -2 -9 -3 -9 -3 -9 -3 -9 -4 -9 -4 -9 -4 -9 -5 -9 -5 -9 -5 -9 -5 -9 -6 -9 -6 -9 -6 -9 -6 -9 -6 -9 -6 -9 -6 -9 -6 -9 -7 -9 -7 -9 -7 0 0 -9 -6 -9 -7 -9 -6 -9 -6 -9 -6 -10 -6 -10 -6 -10 -6 -10 -6 -11 -6 -10 -6 -11 -5 -11 -5 -11 -5 -11 -5 -11 -5 -11 -5 -12 -5 -12 -5 -12 -5 -12 -5 -12 -5 -13 -5 -13 -5 -13 -5 -13 -5 0 0 0 0 0 0 0 0 0 0
1784740928.770611,55665,-43,11,1,6,1,-95,1,650284842,128,0 0 0 0 0 0 0 0 0 0 0 0 1 -7 1 -7 2 -7 2 -7 2 -7 2 -7 2 -7 3 -7 3 -7 3 -7 4 -7 4 -8 4 -7 4 -8 4 -8 4 -8 4 -8 5 -9 5 -8 5 -8 5 -8 5 -8 5 -9 5 -8 6 -8 6 -8 0 0 6 -9 6 -9 6 -9 6 -10 5 -9 6 -9 5 -10 6 -10 6 -10 6 -11 6 -11 5 -11 6 -10 6 -10 5 -11 5 -11 6 -12 6 -12 6 -12 5 -12 6 -12 5 -12 6 -13 6 -13 6 -13 6 -13 0 0 0 0 0 0 0 0 0 0
1784740928.786372,55666,-43,11,1,6,1,-95,1,650292369,128,0 0 0 0 0 0 0 0 0 0 0 0 -6 0 -6 -1 -7 -1 -7 -1 -7 -1 -7 -1 -7 -2 -8 -2 -8 -2 -8 -2 -8 -2 -8 -2 -8 -2 -9 -3 -9 -3 -9 -4 -9 -3 -9 -4 -9 -4 -9 -4 -9 -4 -9 -4 -10 -4 -10 -4 -10 -4 -10 -5 0 0 -10 -5 -11 -5 -10 -5 -11 -5 -10 -5 -11 -5 -11 -5 -11 -5 -11 -5 -12 -4 -11 -4 -12 -4 -12 -4 -12 -4 -12 -4 -12 -4 -12 -4 -12 -4 -13 -4 -13 -4 -13 -4 -13 -4 -13 -4 -13 -4 -13 -4 -14 -4 0 0 0 0 0 0 0 0 0 0
1784740928.786372,55667,-44,11,1,6,1,-95,1,650302144,128,0 0 0 0 0 0 0 0 0 0 0 0 -6 -2 -6 -3 -6 -3 -6 -3 -6 -3 -6 -4 -6 -4 -7 -4 -7 -4 -7 -5 -6 -5 -7 -5 -7 -5 -7 -5 -7 -6 -7 -6 -7 -6 -7 -6 -7 -6 -7 -6 -7 -7 -7 -7 -8 -7 -7 -7 -8 -7 -8 -7 0 0 -8 -7 -8 -7 -8 -7 -8 -7 -8 -7 -8 -7 -9 -7 -9 -7 -9 -7 -10 -7 -10 -7 -10 -7 -10 -7 -10 -7 -11 -7 -11 -7 -11 -7 -11 -8 -11 -7 -11 -7 -11 -7 -11 -7 -12 -7 -12 -8 -12 -8 -12 -8 0 0 0 0 0 0 0 0 0 0
1784740928.802101,55668,-48,11,1,6,1,-95,1,650314904,128,0 0 0 0 0 0 0 0 0 0 0 0 -5 0 -5 0 -5 -1 -6 -1 -5 -1 -6 0 -6 -1 -6 -1 -6 0 -7 0 -7 -1 -7 -1 -7 -1 -7 -1 -8 -1 -8 -1 -8 -1 -8 -1 -9 -1 -9 -1 -9 -1 -9 -1 -9 -1 -10 -1 -10 -1 -10 -1 0 0 -10 -1 -11 -1 -11 -1 -11 0 -11 0 -12 0 -12 0 -12 0 -13 0 -13 0 -13 0 -13 0 -13 0 -14 0 -14 0 -15 0 -14 0 -15 0 -15 0 -16 0 -16 0 -16 0 -16 0 -16 -1 -16 0 -17 -1 0 0 0 0 0 0 0 0 0 0
1784740928.802101,55669,-50,11,1,7,1,-95,1,650320923,128,0 0 0 0 0 0 0 0 0 0 0 0 -3 -1 -3 -1 -3 -1 -4 -1 -4 -1 -4 -1 -5 -1 -5 -1 -5 -1 -6 -1 -6 -1 -6 -2 -7 -2 -7 -1 -7 -1 -7 -2 -8 -1 -8 -2 -9 -1 -9 -1 -9 -2 -9 -2 -10 -2 -10 -2 -10 -2 -11 -2 0 0 -11 -2 -12 -1 -12 -2 -13 -2 -13 -2 -13 -1 -13 -1 -14 -1 -14 -1 -15 -2 -15 -2 -15 -1 -15 -2 -15 -2 -16 -1 -17 -1 -17 -2 -17 -2 -17 -1 -17 -1 -17 -2 -18 -1 -18 -2 -17 -3 -18 -2 -18 -2 0 0 0 0 0 0 0 0 0 0
1784740928.817810,55670,-47,11,1,7,1,-95,1,650330880,128,0 0 0 0 0 0 0 0 0 0 0 0 -5 1 -6 1 -6 0 -6 0 -7 -1 -7 -1 -7 -1 -7 -1 -8 -2 -8 -2 -8 -2 -8 -2 -8 -3 -9 -3 -9 -3 -9 -4 -9 -4 -9 -4 -9 -4 -9 -4 -9 -4 -10 -5 -10 -4 -10 -5 -10 -5 -10 -5 0 0 -10 -5 -10 -5 -10 -6 -11 -5 -10 -5 -11 -5 -11 -5 -11 -5 -11 -6 -11 -5 -11 -5 -11 -5 -11 -5 -11 -5 -12 -5 -11 -5 -11 -5 -11 -4 -11 -5 -12 -4 -11 -4 -11 -4 -11 -4 -11 -3 -11 -4 -11 -3 0 0 0 0 0 0 0 0 0 0
1784740928.835716,55671,-44,11,1,7,1,-95,1,650340896,128,0 0 0 0 0 0 0 0 0 0 0 0 -5 -6 -4 -6 -4 -7 -4 -7 -4 -7 -4 -7 -4 -8 -4 -8 -4 -8 -3 -9 -3 -9 -3 -9 -3 -9 -2 -10 -3 -10 -2 -10 -2 -10 -2 -11 -2 -10 -2 -11 -2 -11 -2 -11 -2 -11 -1 -11 -1 -11 -1 -11 0 0 -1 -11 -1 -11 -1 -11 -1 -12 -1 -11 -1 -11 -2 -11 -2 -12 -2 -12 -2 -12 -1 -12 -2 -11 -1 -12 -2 -12 -2 -12 -2 -12 -2 -12 -3 -11 -3 -12 -3 -12 -3 -11 -4 -12 -4 -11 -3 -12 -4 -12 -4 -11 0 0 0 0 0 0 0 0 0 0
1784740928.835716,55672,-41,11,1,7,1,-95,1,650350879,128,0 0 0 0 0 0 0 0 0 0 0 0 -5 -6 -5 -6 -5 -6 -5 -7 -4 -7 -4 -7 -4 -8 -4 -8 -4 -8 -4 -9 -4 -9 -4 -9 -3 -9 -3 -9 -3 -10 -3 -10 -3 -10 -3 -10 -3 -10 -3 -11 -3 -11 -3 -11 -3 -11 -2 -11 -2 -11 -2 -11 0 0 -2 -11 -2 -11 -2 -11 -2 -11 -3 -11 -2 -11 -3 -11 -3 -11 -3 -11 -3 -11 -3 -11 -4 -11 -3 -11 -4 -11 -4 -11 -4 -11 -4 -11 -4 -12 -5 -11 -5 -11 -5 -12 -6 -11 -5 -12 -5 -12 -6 -12 -6 -12 0 0 0 0 0 0 0 0 0 0
1784740928.864692,55673,-43,11,1,5,1,-95,1,650366247,128,0 0 0 0 0 0 0 0 0 0 0 0 5 -6 4 -6 5 -5 5 -6 6 -5 6 -6 6 -6 6 -6 7 -5 7 -5 7 -5 8 -5 8 -5 9 -5 9 -6 8 -5 9 -5 9 -4 9 -4 9 -4 9 -4 11 -4 10 -4 10 -4 11 -4 10 -4 0 0 11 -3 10 -3 11 -3 10 -3 11 -3 11 -3 10 -3 11 -4 11 -4 11 -5 11 -4 11 -4 11 -4 12 -5 10 -4 12 -5 11 -5 11 -5 12 -5 12 -5 11 -5 12 -5 12 -5 12 -5 13 -6 12 -6 0 0 0 0 0 0 0 0 0 0
1784740928.864692,55674,-42,11,1,7,1,-95,1,650370897,128,0 0 0 0 0 0 0 0 0 0 0 0 -6 4 -6 4 -7 4 -7 4 -7 4 -7 4 -7 4 -8 4 -8 4 -8 4 -9 3 -9 3 -9 3 -9 3 -9 3 -10 3 -10 3 -10 3 -10 3 -11 3 -11 3 -11 3 -11 3 -11 2 -11 2 -11 3 0 0 -11 3 -11 3 -11 3 -12 3 -11 3 -11 3 -11 4 -11 4 -11 4 -12 4 -12 4 -11 4 -12 4 -12 4 -12 5 -12 5 -12 5 -12 5 -12 5 -12 6 -12 6 -13 6 -13 6 -13 6 -13 6 -13 6 0 0 0 0 0 0 0 0 0 0
1784740928.880524,55675,-44,11,1,7,1,-95,1,650380810,128,0 0 0 0 0 0 0 0 0 0 0 0 5 4 5 4 5 4 5 5 5 5 5 5 5 6 5 6 5 6 5 6 5 6 5 7 5 7 5 7 5 8 5 8 5 8 5 8 5 8 5 9 5 8 5 9 5 9 5 9 5 9 5 9 0 0 5 9 5 9 5 9 6 9 6 9 6 9 6 9 6 9 6 10 7 10 7 10 7 10 7 10 7 10 8 10 8 10 7 10 8 10 8 10 8 10 8 11 8 11 8 11 8 11 8 11 8 11 0 0 0 0 0 0 0 0 0 0
1784740928.880524,55676,-48,11,1,7,1,-95,1,650390879,128,0 0 0 0 0 0 0 0 0 0 0 0 4 0 4 1 4 1 5 1 4 1 5 1 5 1 5 1 5 2 6 1 6 1 6 2 6 2 7 2 7 2 6 3 8 3 7 3 8 3 8 3 8 3 8 4 8 3 8 4 9 4 9 4 0 0 9 4 9 5 10 5 9 4 10 5 10 5 10 5 10 5 10 6 10 5 11 5 11 5 11 5 11 6 10 6 11 6 10 5 11 6 11 6 11 6 11 6 11 6 10 5 11 5 11 5 11 5 0 0 0 0 0 0 0 0 0 0
1784740928.896419,55677,-46,11,1,6,1,-95,1,650402127,128,0 0 0 0 0 0 0 0 0 0 0 0 -5 0 -5 0 -5 0 -6 0 -6 0 -6 0 -6 0 -7 0 -7 -1 -7 -1 -8 -1 -8 -1 -8 -1 -8 -1 -9 -2 -9 -2 -10 -2 -9 -2 -10 -3 -10 -3 -10 -3 -10 -3 -10 -3 -11 -3 -11 -4 -11 -4 0 0 -11 -4 -11 -4 -11 -5 -11 -4 -11 -5 -11 -5 -11 -5 -11 -5 -11 -5 -12 -4 -12 -4 -12 -4 -12 -5 -12 -5 -11 -5 -12 -4 -11 -4 -12 -4 -12 -4 -12 -4 -12 -4 -12 -4 -11 -4 -12 -3 -12 -3 -12 -3 0 0 0 0 0 0 0 0 0 0
1784740928.896419,55678,-43,11,1,6,1,-95,1,650412275,128,0 0 0 0 0 0 0 0 0 0 0 0 5 1 5 1 5 2 5 2 6 2 6 2 6 2 6 3 7 3 6 4 7 4 7 4 7 5 7 5 7 5 7 5 8 6 8 6 7 6 8 6 8 6 8 6 8 7 7 7 7 7 8 7 0 0 8 7 8 7 8 8 8 7 8 7 8 7 8 7 8 7 8 7 9 7 9 7 9 7 9 7 9 7 9 6 9 6 9 7 10 6 10 6 10 6 10 6 10 5 11 6 10 6 10 6 11 5 0 0 0 0 0 0 0 0 0 0
1784740928.916281,55679,-43,11,1,7,1,-95,1,650420890,128,0 0 0 0 0 0 0 0 0 0 0 0 4 -4 5 -5 5 -4 6 -4 6 -4 6 -4 6 -4 7 -4 7 -4 7 -4 7 -4 8 -4 8 -4 9 -4 9 -4 9 -3 10 -3 10 -3 10 -3 10 -3 10 -3 11 -3 10 -3 10 -3 11 -2 11 -3 0 0 11 -2 11 -2 11 -2 11 -2 10 -3 11 -3 11 -3 11 -3 11 -3 11 -4 11 -4 11 -4 11 -4 12 -4 11 -4 11 -4 11 -4 11 -5 11 -5 12 -5 11 -5 12 -5 11 -5 12 -5 11 -6 12 -6 0 0 0 0 0 0 0 0 0 0
1784740928.916281,55680,-44,11,1,7,1,-95,1,650430792,128,0 0 0 0 0 0 0 0 0 0 0 0 -7 -1 -7 -1 -8 -1 -8 -1 -8 -1 -8 -1 -9 -2 -8 -2 -9 -2 -9 -2 -9 -3 -9 -3 -9 -3 -10 -3 -10 -3 -10 -3 -10 -3 -11 -4 -10 -4 -11 -4 -11 -4 -11 -4 -11 -4 -11 -5 -10 -5 -11 -5 0 0 -11 -5 -11 -4 -11 -4 -11 -4 -11 -4 -11 -4 -12 -4 -12 -4 -12 -3 -13 -4 -13 -4 -12 -3 -12 -3 -13 -4 -14 -3 -13 -3 -14 -3 -14 -3 -14 -3 -14 -2 -14 -2 -14 -2 -14 -3 -14 -3 -14 -3 -14 -2 0 0 0 0 0 0 0 0 0 0
1784740928.928198,55681,-46,11,1,6,1,-95,1,650442318,128,0 0 0 0 0 0 0 0 0 0 0 0 -3 4 -4 4 -4 4 -4 4 -5 4 -4 4 -5 5 -5 5 -5 5 -6 5 -6 5 -6 5 -6 5 -7 5 -7 5 -7 5 -7 6 -8 6 -8 6 -8 6 -8 6 -8 6 -9 6 -9 6 -9 6 -9 6 0 0 -9 6 -9 7 -9 6 -10 7 -9 7 -9 7 -9 7 -9 7 -9 7 -10 8 -10 8 -10 7 -10 7 -10 7 -10 9 -10 8 -10 8 -10 9 -10 9 -10 9 -10 9 -9 9 -10 9 -10 9 -10 9 -10 9 0 0 0 0 0 0 0 0 0 0
1784740928.944088,55682,-45,11,1,6,1,-95,1,650452168,128,0 0 0 0 0 0 0 0 0 0 0 0 3 4 3 4 3 4 3 5 3 5 3 5 3 5 3 5 3 6 3 6 3 6 3 7 3 7 3 7 4 8 3 8 3 8 3 9 3 9 3 9 3 9 3 10 3 10 3 10 2 10 3 10 0 0 2 11 3 11 2 10 3 11 3 10 3 11 3 11 3 11 3 11 3 11 3 11 3 11 4 11 4 11 4 11 4 11 4 11 5 11 5 11 5 11 5 11 5 11 5 11 5 11 5 11 5 11 0 0 0 0 0 0 0 0 0 0
1784740928.948937,55683,-43,11,1,7,1,-95,1,650460930,128,0 0 0 0 0 0 0 0 0 0 0 0 4 -6 4 -5 5 -5 5 -5 6 -5 6 -5 6 -5 6 -6 7 -6 7 -5 8 -5 8 -5 8 -5 9 -5 9 -5 9 -5 10 -5 10 -5 10 -5 10 -5 10 -5 10 -5 11 -5 11 -4 11 -4 11 -4 0 0 11 -4 11 -4 11 -4 11 -5 11 -5 11 -5 11 -5 11 -5 11 -5 11 -6 11 -5 11 -6 11 -5 11 -6 11 -7 11 -7 11 -6 11 -7 11 -7 11 -8 11 -7 10 -8 11 -7 11 -7 11 -7 11 -8 0 0 0 0 0 0 0 0 0 0
1784740928.959877,55684,-44,11,1,7,1,-95,1,650470892,128,0 0 0 0 0 0 0 0 0 0 0 0 -6 -6 -6 -6 -6 -7 -5 -7 -5 -8 -6 -8 -5 -8 -5 -8 -5 -9 -5 -9 -5 -10 -5 -10 -5 -10 -5 -11 -5 -11 -4 -11 -4 -12 -4 -12 -4 -12 -4 -12 -4 -12 -4 -12 -4 -12 -3 -12 -3 -12 -4 -12 0 0 -4 -12 -3 -12 -4 -12 -4 -11 -4 -11 -4 -12 -4 -11 -5 -12 -5 -12 -6 -11 -5 -11 -6 -11 -6 -11 -6 -11 -6 -11 -6 -12 -6 -11 -7 -11 -7 -11 -7 -11 -7 -11 -7 -11 -8 -11 -7 -11 -8 -11 -8 -11 0 0 0 0 0 0 0 0 0 0
1784740928.975956,55685,-44,11,1,7,1,-95,1,650480945,128,0 0 0 0 0 0 0 0 0 0 0 0 6 -4 6 -4 7 -4 7 -3 8 -3 7 -3 8 -3 8 -3 9 -3 9 -2 9 -2 9 -2 10 -1 10 -1 10 -1 10 -1 10 -1 11 -1 10 0 11 -1 11 0 11 0 11 0 11 0 11 0 10 0 0 0 11 0 11 0 10 0 11 -1 10 -1 11 -1 10 -1 11 -1 11 -1 12 -2 11 -2 11 -2 11 -2 11 -2 12 -3 11 -3 12 -3 11 -3 11 -3 12 -3 12 -3 12 -4 12 -3 12 -3 12 -3 11 -4 0 0 0 0 0 0 0 0 0 0
1784740928.975956,55686,-44,11,1,7,1,-95,1,650490878,128,0 0 0 0 0 0 0 0 0 0 0 0 6 -4 7 -4 7 -4 7 -3 7 -3 7 -3 8 -3 8 -3 8 -3 8 -2 9 -2 9 -2 9 -2 9 -2 10 -2 10 -2 10 -1 10 -1 10 -1 10 -1 10 -1 10 -1 11 -1 11 -1 11 -1 11 -1 0 0 11 -1 11 -1 11 -1 11 -1 11 -1 11 -1 11 -2 11 -2 11 -2 12 -2 12 -2 12 -2 12 -2 12 -2 12 -3 12 -3 12 -3 12 -3 12 -3 12 -3 12 -3 12 -4 12 -3 12 -3 12 -4 13 -3 0 0 0 0 0 0 0 0 0 0
1784740928.991766,55687,-44,11,1,7,1,-95,1,650501496,128,0 0 0 0 0 0 0 0 0 0 0 0 6 2 6 3 6 3 6 3 6 4 6 4 6 4 6 4 6 5 6 5 6 5 6 5 6 6 6 6 7 6 6 6 7 6 7 6 7 7 7 7 7 7 7 7 7 7 7 7 7 7 7 7 0 0 7 7 7 7 7 8 7 7 7 7 8 7 8 7 8 7 8 7 9 7 9 7 9 7 9 7 9 7 9 7 10 7 9 7 10 7 10 7 10 7 10 7 10 7 10 7 10 7 10 7 10 7 0 0 0 0 0 0 0 0 0 0
1784740929.007742,55688,-45,11,1,7,1,-95,1,650510807,128,0 0 0 0 0 0 0 0 0 0 0 0 7 0 7 0 7 1 7 1 7 1 7 1 8 1 8 1 8 2 8 2 8 3 8 3 8 3 8 3 8 3 9 3 9 3 9 3 9 3 9 3 9 3 9 3 10 4 9 4 9 4 9 4 0 0 10 4 10 4 10 3 11 3 10 3 11 3 11 3 11 3 11 3 12 3 11 3 11 3 12 3 11 3 12 2 12 2 12 3 12 2 12 2 13 2 12 2 13 2 13 2 12 3 12 3 12 2 0 0 0 0 0 0 0 0 0 0
1784740929.007742,55689,-44,11,1,7,1,-95,1,650522417,128,0 0 0 0 0 0 0 0 0 0 0 0 6 -3 6 -3 6 -3 7 -2 7 -2 7 -2 7 -2 8 -2 8 -2 8 -2 8 -1 9 -1 9 -1 9 -1 10 -1 10 0 10 -1 10 -1 10 0 10 -1 11 -1 10 0 11 0 11 0 11 0 11 0 0 0 11 0 11 0 11 0 11 0 11 0 11 -1 11 -1 11 -1 11 -1 12 -1 12 -1 12 -1 12 -1 12 -1 12 -1 12 -1 12 -1 12 -2 12 -2 12 -2 12 -2 12 -2 12 -3 12 -2 12 -2 12 -3 0 0 0 0 0 0 0 0 0 0
1784740929.023779,55690,-44,11,1,6,1,-95,1,650530908,128,0 0 0 0 0 0 0 0 0 0 0 0 4 -6 5 -6 5 -6 6 -6 6 -6 6 -6 6 -6 7 -6 7 -5 7 -6 8 -6 8 -6 8 -6 9 -5 9 -6 9 -5 10 -5 10 -4 10 -4 10 -4 10 -4 10 -4 10 -4 10 -4 10 -4 11 -4 0 0 10 -4 11 -4 11 -4 10 -4 10 -4 10 -4 10 -4 10 -5 11 -5 11 -6 11 -5 10 -6 11 -6 11 -6 11 -6 11 -6 10 -6 11 -6 11 -6 11 -6 11 -7 11 -6 11 -7 11 -7 11 -7 11 -7 0 0 0 0 0 0 0 0 0 0
1784740929.023779,55691,-44,11,1,6,1,-95,1,650541676,128,0 0 0 0 0 0 0 0 0 0 0 0 0 -9 1 -9 1 -9 2 -9 2 -9 2 -9 2 -9 2 -10 3 -10 3 -10 4 -10 4 -10 4 -10 5 -10 5 -11 5 -10 5 -10 5 -10 6 -10 5 -11 5 -10 5 -10 6 -10 6 -10 6 -10 6 -10 0 0 6 -10 5 -10 5 -11 5 -11 5 -11 5 -11 5 -11 5 -11 4 -11 4 -12 4 -12 4 -12 4 -12 4 -12 4 -12 4 -13 4 -13 3 -13 3 -13 3 -13 3 -13 3 -14 3 -13 3 -13 3 -14 3 -14 0 0 0 0 0 0 0 0 0 0
1784740929.039875,55692,-44,11,1,6,1,-95,1,650550868,128,0 0 0 0 0 0 0 0 0 0 0 0 -3 7 -3 8 -4 7 -5 7 -5 7 -5 7 -5 7 -6 8 -6 8 -6 7 -7 7 -7 7 -7 7 -7 7 -8 8 -8 7 -8 8 -8 7 -9 7 -8 7 -8 8 -9 7 -8 7 -9 7 -8 7 -9 7 0 0 -9 7 -9 7 -9 7 -8 7 -8 8 -8 8 -8 8 -8 9 -8 8 -8 9 -8 9 -8 9 -8 9 -8 9 -8 9 -8 10 -8 9 -8 10 -8 10 -8 10 -7 10 -8 10 -7 10 -8 10 -8 10 -8 11 0 0 0 0 0 0 0 0 0 0
1784740929.055854,55693,-44,11,1,6,1,-95,1,650560858,128,0 0 0 0 0 0 0 0 0 0 0 0 -1 -8 -1 -8 0 -8 0 -8 0 -8 1 -9 1 -9 1 -9 1 -9 1 -9 2 -10 2 -10 2 -10 2 -10 3 -10 3 -10 3 -10 4 -10 4 -10 4 -10 4 -10 4 -10 4 -10 4 -10 4 -10 4 -11 0 0 4 -10 4 -10 4 -10 4 -11 3 -11 4 -11 3 -11 3 -11 4 -11 3 -12 3 -12 3 -12 3 -12 3 -12 3 -12 3 -12 3 -12 3 -13 3 -13 2 -13 2 -13 2 -13 2 -13 2 -13 2 -13 2 -14 0 0 0 0 0 0 0 0 0 0
1784740929.055854,55694,-44,11,1,6,1,-95,1,650570893,128,0 0 0 0 0 0 0 0 0 0 0 0 -8 -3 -8 -3 -8 -4 -8 -4 -8 -4 -8 -5 -9 -5 -9 -5 -9 -5 -8 -6 -9 -7 -9 -7 -8 -7 -9 -7 -8 -7 -9 -8 -9 -8 -9 -8 -9 -8 -9 -8 -9 -8 -9 -8 -9 -9 -8 -9 -8 -9 -8 -9 0 0 -9 -8 -9 -8 -9 -8 -10 -8 -9 -8 -10 -7 -10 -7 -10 -8 -10 -7 -11 -7 -11 -7 -11 -7 -11 -7 -11 -7 -12 -6 -12 -6 -12 -7 -12 -7 -13 -6 -13 -6 -13 -6 -13 -6 -13 -7 -13 -7 -13 -7 -13 -7 0 0 0 0 0 0 0 0 0 0
1784740929.071861,55695,-44,11,1,6,1,-95,1,650580931,128,0 0 0 0 0 0 0 0 0 0 0 0 8 -2 8 -1 8 0 9 0 9 0 9 1 9 1 9 1 9 1 9 2 9 2 10 2 10 2 10 3 10 3 10 3 10 3 10 3 10 3 10 4 10 4 10 4 10 3 10 4 10 4 11 4 0 0 11 3 10 4 11 4 10 2 10 3 10 2 10 2 11 2 11 2 11 1 11 1 12 1 12 1 12 1 12 1 13 1 12 1 13 1 13 0 13 0 13 0 13 0 13 0 13 0 13 0 14 0 0 0 0 0 0 0 0 0 0 0
1784740929.089714,55696,-45,11,1,6,1,-95,1,650591414,128,0 0 0 0 0 0 0 0 0 0 0 0 3 7 2 7 2 7 2 8 2 8 1 8 2 9 1 8 1 9 1 9 0 9 0 9 0 10 0 10 0 10 0 10 0 10 0 11 0 10 0 11 0 10 0 10 -1 11 -1 10 -1 10 -1 10 0 0 0 10 0 11 0 10 1 11 1 11 1 11 1 11 1 11 1 11 2 12 2 12 2 11 2 11 2 11 3 12 3 12 3 13 3 12 3 12 3 13 3 13 4 12 3 13 3 13 3 12 3 12 0 0 0 0 0 0 0 0 0 0
1784740929.089714,55697,-44,11,1,6,1,-95,1,650600854,128,0 0 0 0 0 0 0 0 0 0 0 0 -7 -3 -7 -4 -7 -4 -7 -5 -7 -5 -7 -5 -7 -6 -7 -6 -7 -6 -7 -6 -7 -7 -7 -7 -7 -7 -7 -7 -7 -8 -7 -8 -7 -8 -7 -8 -7 -9 -7 -9 -7 -9 -7 -9 -7 -9 -7 -9 -7 -9 -7 -9 0 0 -7 -9 -7 -9 -7 -9 -8 -9 -8 -9 -8 -9 -8 -9 -8 -9 -8 -9 -9 -9 -9 -9 -9 -9 -9 -9 -9 -9 -10 -9 -10 -9 -10 -10 -10 -10 -10 -9 -11 -9 -11 -10 -11 -9 -11 -10 -11 -10 -11 -10 -11 -10 0 0 0 0 0 0 0 0 0 0
1784740929.103886,55698,-44,11,1,6,1,-95,1,650611011,128,0 0 0 0 0 0 0 0 0 0 0 0 -3 6 -4 7 -5 6 -5 6 -5 6 -6 6 -6 6 -6 7 -7 6 -7 6 -7 6 -8 7 -7 6 -8 6 -8 7 -8 6 -9 7 -8 6 -9 6 -9 6 -9 6 -9 6 -9 6 -9 6 -9 6 -10 6 0 0 -9 6 -9 7 -9 7 -9 7 -9 7 -9 7 -9 7 -9 7 -9 8 -9 8 -9 8 -9 8 -9 9 -9 9 -9 9 -9 9 -9 9 -9 9 -9 10 -9 10 -9 10 -9 10 -9 10 -9 10 -9 10 -9 10 0 0 0 0 0 0 0 0 0 0
1784740929.103886,55699,-45,11,1,6,1,-95,1,650620902,128,0 0 0 0 0 0 0 0 0 0 0 0 5 -5 6 -5 6 -5 7 -4 7 -4 7 -4 7 -4 7 -4 7 -4 8 -4 8 -3 8 -3 9 -3 9 -3 9 -3 9 -3 9 -3 9 -3 9 -3 9 -3 10 -3 10 -3 10 -3 10 -2 9 -2 10 -2 0 0 10 -3 10 -3 9 -3 10 -3 9 -4 10 -4 9 -4 10 -4 9 -4 10 -5 10 -5 10 -5 10 -5 10 -5 11 -6 10 -6 11 -6 11 -6 11 -6 11 -7 11 -7 11 -7 12 -7 12 -6 12 -6 12 -7 0 0 0 0 0 0 0 0 0 0
1784740929.120121,55700,-45,11,1,6,1,-95,1,650630862,128,0 0 0 0 0 0 0 0 0 0 0 0 2 -7 2 -7 3 -7 3 -7 3 -7 3 -7 4 -7 4 -7 4 -7 4 -7 4 -7 4 -8 4 -8 5 -8 5 -8 5 -8 5 -8 5 -8 5 -8 5 -8 5 -8 5 -8 5 -9 5 -8 5 -9 5 -9 0 0 5 -9 5 -9 5 -10 5 -10 5 -10 5 -10 5 -10 5 -11 5 -11 5 -11 5 -12 5 -12 5 -12 5 -12 5 -13 5 -13 6 -13 6 -13 5 -13 6 -14 6 -13 6 -14 6 -14 6 -13 6 -14 6 -14 0 0 0 0 0 0 0 0 0 0
1784740929.136036,55701,-45,11,1,6,1,-95,1,650640888,128,0 0 0 0 0 0 0 0 0 0 0 0 0 6 0 6 0 6 0 6 -1 6 -1 7 -1 7 -1 7 -1 7 -1 7 -1 7 -1 8 -1 8 -1 8 -1 8 -2 9 -2 9 -2 9 -2 9 -3 9 -2 9 -3 9 -2 10 -2 10 -2 10 -3 10 0 0 -3 10 -3 10 -3 10 -3 10 -3 10 -3 11 -3 11 -3 11 -3 11 -2 12 -2 12 -2 12 -2 12 -2 12 -3 12 -3 13 -2 12 -3 13 -3 13 -3 13 -3 13 -3 13 -2 13 -2 13 -2 13 -2 13 0 0 0 0 0 0 0 0 0 0
1784740929.136036,55702,-44,11,1,6,1,-95,1,650650926,128,0 0 0 0 0 0 0 0 0 0 0 0 -2 -7 -1 -7 -1 -7 0 -8 0 -8 0 -8 0 -8 0 -8 0 -8 1 -9 1 -9 1 -9 2 -9 2 -9 2 -9 2 -10 2 -10 2 -10 2 -10 3 -10 3 -10 3 -10 3 -10 3 -10 3 -10 3 -10 0 0 3 -10 3 -11 3 -10 3 -11 3 -10 3 -11 3 -11 3 -11 3 -11 3 -12 3 -11 3 -12 3 -11 3 -11 3 -13 3 -12 3 -12 3 -13 3 -12 2 -13 2 -12 2 -13 3 -13 3 -13 3 -13 2 -13 0 0 0 0 0 0 0 0 0 0
1784740929.152000,55703,-44,11,1,6,1,-95,1,650660855,128,0 0 0 0 0 0 0 0 0 0 0 0 2 6 2 7 1 7 1 7 1 7 0 8 0 8 0 8 0 8 0 8 -1 8 -1 9 -1 9 -1 9 -1 10 -1 9 -1 10 -1 10 -2 10 -2 10 -2 10 -2 10 -2 10 -2 10 -2 10 -2 10 0 0 -2 11 -2 10 -2 10 -2 10 -2 11 -2 10 -1 10 -1 11 -1 11 -1 11 -1 11 -1 11 -1 11 -1 12 0 12 0 13 0 12 0 13 0 13 0 13 0 13 0 13 0 13 0 13 0 14 0 14 0 0 0 0 0 0 0 0 0 0
1784740929.152000,55704,-44,11,1,6,1,-95,1,650670817,128,0 0 0 0 0 0 0 0 0 0 0 0 5 -5 6 -4 6 -4 6 -4 7 -4 7 -4 7 -4 7 -4 8 -4 8 -4 8 -4 8 -4 8 -4 9 -4 9 -4 9 -3 9 -3 10 -3 9 -3 10 -3 10 -3 10 -3 10 -4 10 -3 10 -3 10 -3 0 0 10 -4 11 -3 10 -3 10 -4 10 -4 10 -5 10 -5 11 -5 11 -5 11 -6 11 -6 11 -6 11 -6 11 -6 12 -6 12 -6 12 -6 12 -7 12 -7 12 -7 12 -7 12 -7 12 -7 12 -7 12 -7 12 -8 0 0 0 0 0 0 0 0 0 0
1784740929.167983,55705,-45,11,1,6,1,-95,1,650680924,128,0 0 0 0 0 0 0 0 0 0 0 0 3 -7 3 -7 3 -7 4 -7 4 -7 4 -7 4 -7 4 -7 4 -7 5 -7 6 -7 6 -7 6 -7 6 -7 6 -7 7 -7 7 -8 7 -8 7 -7 7 -8 7 -8 7 -8 8 -8 8 -7 8 -7 8 -7 0 0 8 -8 8 -8 8 -8 8 -8 7 -8 8 -9 7 -9 8 -9 7 -9 8 -10 8 -9 8 -9 8 -9 8 -9 8 -10 8 -10 8 -11 8 -10 8 -10 8 -11 8 -11 8 -11 8 -11 9 -11 8 -11 8 -11 0 0 0 0 0 0 0 0 0 0
1784740929.184172,55706,-45,11,1,6,1,-95,1,650690868,128,0 0 0 0 0 0 0 0 0 0 0 0 7 1 7 1 7 2 7 2 6 2 7 2 7 3 7 3 7 3 7 3 7 4 8 4 8 4 8 5 8 5 8 5 8 5 8 5 8 6 8 5 8 6 8 6 8 5 8 6 8 6 8 6 0 0 8 6 9 6 9 6 9 6 9 5 9 5 9 5 10 5 10 6 10 5 10 5 10 5 10 5 11 5 11 5 11 6 11 5 11 5 11 5 12 5 12 5 12 5 12 5 11 5 12 5 12 5 0 0 0 0 0 0 0 0 0 0
1784740929.184172,55707,-45,11,1,6,1,-95,1,650700845,128,0 0 0 0 0 0 0 0 0 0 0 0 -7 0 -8 -1 -8 -1 -8 -2 -8 -2 -8 -2 -8 -2 -8 -2 -8 -3 -8 -2 -9 -3 -9 -3 -9 -3 -9 -3 -10 -3 -9 -4 -10 -4 -9 -4 -10 -4 -10 -4 -10 -4 -10 -4 -10 -4 -10 -4 -10 -4 -11 -4 0 0 -10 -5 -11 -5 -11 -5 -10 -5 -11 -4 -11 -4 -11 -5 -12 -4 -11 -4 -12 -4 -12 -4 -12 -3 -12 -4 -13 -4 -12 -4 -13 -4 -12 -4 -13 -4 -13 -4 -13 -4 -14 -4 -14 -4 -13 -3 -13 -3 -14 -3 -14 -4 0 0 0 0 0 0 0 0 0 0
1784740929.207219,55708,-44,11,1,6,1,-95,1,650710846,128,0 0 0 0 0 0 0 0 0 0 0 0 6 3 6 3 5 4 5 4 5 4 5 5 6 4 6 5 6 5 6 6 5 6 5 6 5 6 5 7 6 7 5 7 6 7 6 8 6 8 6 8 6 8 6 8 6 8 6 8 5 8 6 9 0 0 6 8 6 8 6 8 6 8 7 9 7 8 7 8 7 9 7 8 8 9 8 9 8 9 8 9 8 9 9 9 9 9 9 9 9 9 9 9 9 9 9 9 9 9 9 10 9 10 9 10 10 10 0 0 0 0 0 0 0 0 0 0
1784740929.216296,55709,-45,11,1,6,1,-95,1,650720853,128,0 0 0 0 0 0 0 0 0 0 0 0 3 6 3 6 2 7 2 7 2 7 2 7 2 7 2 8 1 8 2 8 1 8 1 9 1 9 1 9 1 10 0 9 0 10 0 10 0 10 0 10 0 10 0 10 1 10 0 10 0 10 0 11 0 0 1 11 1 11 0 11 1 10 1 11 1 11 1 11 2 11 2 11 2 11 2 11 2 12 2 12 3 12 3 12 3 12 3 12 3 12 3 13 3 13 4 13 4 13 4 13 3 13 3 13 3 14 0 0 0 0 0 0 0 0 0 0
1784740929.216296,55710,-42,11,1,6,0,-95,1,650731012,128,0 0 0 0 0 0 0 0 0 0 0 0 0 -9 1 -9 1 -9 2 -9 2 -10 2 -10 2 -10 3 -10 3 -10 3 -10 4 -10 4 -10 5 -10 5 -10 5 -10 6 -11 5 -11 6 -11 6 -10 6 -10 6 -11 6 -11 6 -11 6 -11 6 -11 6 -11 0 0 6 -11 7 -12 6 -11 6 -12 6 -12 6 -12 6 -12 6 -12 6 -12 6 -13 6 -13 6 -13 6 -13 6 -14 6 -14 6 -14 6 -14 6 -14 6 -14 6 -15 6 -15 6 -15 6 -15 6 -15 6 -14 6 -15 0 0 0 0 0 0 0 0 0 0
1784740929.232110,55711,-45,11,1,6,1,-95,1,650742304,128,0 0 0 0 0 0 0 0 0 0 0 0 4 -6 4 -6 5 -6 5 -5 5 -5 6 -5 5 -5 6 -5 6 -5 6 -5 7 -5 7 -5 7 -5 7 -5 7 -5 8 -5 8 -5 8 -5 8 -5 9 -5 9 -5 9 -5 9 -5 9 -4 9 -5 9 -5 0 0 9 -5 9 -5 9 -5 9 -5 9 -5 9 -5 9 -5 9 -6 10 -5 10 -6 10 -6 10 -6 10 -6 10 -7 10 -6 10 -7 10 -7 11 -7 11 -8 11 -7 11 -8 11 -8 10 -8 11 -7 11 -8 11 -8 0 0 0 0 0 0 0 0 0 0
1784740929.248063,55712,-45,11,1,6,1,-95,1,650752437,128,0 0 0 0 0 0 0 0 0 0 0 0 -6 -5 -5 -6 -5 -6 -5 -6 -5 -7 -5 -7 -5 -7 -5 -7 -5 -7 -5 -8 -4 -8 -4 -9 -4 -9 -4 -9 -4 -9 -4 -9 -5 -9 -5 -10 -5 -10 -5 -10 -5 -10 -5 -10 -4 -10 -4 -10 -4 -10 -4 -10 0 0 -5 -10 -5 -10 -5 -10 -6 -11 -5 -10 -6 -10 -6 -10 -6 -10 -6 -10 -7 -11 -7 -11 -7 -11 -6 -11 -7 -11 -8 -11 -8 -11 -8 -11 -8 -11 -8 -11 -9 -11 -8 -11 -9 -11 -8 -12 -8 -12 -8 -12 -9 -12 0 0 0 0 0 0 0 0 0 0
1784740929.249623,55713,-45,11,1,6,1,-95,1,650762268,128,0 0 0 0 0 0 0 0 0 0 0 0 6 0 6 0 6 1 6 1 6 1 7 2 7 2 7 2 7 2 7 2 7 2 7 3 7 3 8 3 7 3 7 4 8 4 8 4 8 4 8 4 8 4 8 4 8 4 8 4 8 4 9 5 0 0 9 5 9 5 9 5 9 4 9 4 9 4 10 4 10 4 10 4 10 4 10 4 11 4 11 4 11 4 11 4 12 5 11 4 12 4 12 4 12 4 12 4 12 4 12 4 13 5 13 5 13 5 0 0 0 0 0 0 0 0 0 0
1784740929.264001,55714,-44,11,1,7,1,-95,1,650773860,128,0 0 0 0 0 0 0 0 0 0 0 0 -6 -5 -6 -5 -5 -6 -5 -6 -5 -6 -5 -7 -5 -6 -5 -7 -5 -7 -5 -7 -5 -7 -5 -8 -5 -8 -5 -7 -6 -8 -5 -8 -6 -9 -5 -8 -5 -9 -5 -9 -5 -9 -6 -9 -6 -9 -5 -9 -5 -9 -6 -10 0 0 -6 -9 -6 -9 -6 -10 -7 -10 -7 -10 -7 -10 -7 -10 -7 -10 -7 -10 -8 -10 -8 -10 -8 -10 -8 -10 -9 -11 -9 -10 -9 -11 -9 -10 -10 -11 -9 -11 -10 -11 -10 -11 -10 -11 -10 -11 -10 -12 -10 -11 -10 -12 0 0 0 0 0 0 0 0 0 0
1784740929.264001,55715,-44,11,1,7,1,-95,1,650780943,128,0 0 0 0 0 0 0 0 0 0 0 0 -3 -7 -2 -7 -2 -8 -2 -8 -1 -8 -1 -8 -1 -8 -1 -8 -1 -9 -1 -9 -1 -9 -1 -9 -1 -9 -1 -9 -1 -10 0 -10 0 -10 0 -10 0 -11 0 -11 0 -11 0 -11 -1 -11 0 -11 0 -11 0 -12 0 0 0 -12 0 -11 0 -12 0 -12 -1 -12 -1 -12 -1 -12 -1 -12 -1 -13 -2 -13 -2 -13 -2 -13 -2 -13 -2 -13 -2 -14 -2 -14 -2 -14 -2 -14 -2 -14 -3 -15 -3 -14 -2 -15 -3 -14 -2 -15 -3 -15 -3 -15 0 0 0 0 0 0 0 0 0 0
1784740929.280071,55716,-45,11,1,7,1,-95,1,650791528,128,0 0 0 0 0 0 0 0 0 0 0 0 -6 4 -7 3 -7 3 -7 3 -7 3 -7 3 -8 3 -8 3 -8 3 -8 2 -9 2 -9 2 -9 2 -9 2 -9 2 -10 2 -10 2 -10 2 -10 2 -10 2 -11 2 -11 2 -11 2 -11 2 -11 2 -11 2 0 0 -11 2 -11 2 -11 2 -11 3 -11 3 -11 3 -11 3 -12 3 -11 3 -12 4 -12 4 -12 4 -12 4 -12 4 -12 5 -12 5 -12 4 -13 5 -13 4 -13 5 -13 5 -13 5 -13 5 -13 5 -13 5 -13 5 0 0 0 0 0 0 0 0 0 0
1784740929.297886,55717,-42,11,1,7,0,-95,1,650800816,128,0 0 0 0 0 0 0 0 0 0 0 0 2 7 2 7 2 8 1 8 1 8 1 8 1 8 0 8 0 9 0 9 0 9 0 9 -1 9 -1 10 -1 10 -1 10 -1 10 -1 10 -1 10 -1 10 -1 11 -1 11 -1 11 -2 11 -1 12 -1 11 0 0 -1 12 -1 12 -1 12 -1 12 -1 12 -1 12 -1 12 -1 13 0 13 0 13 -1 13 0 13 0 13 0 14 0 14 0 14 0 14 0 14 1 14 1 14 1 15 1 15 0 15 0 15 0 15 1 15 0 0 0 0 0 0 0 0 0 0
1784740929.297886,55718,-45,11,1,6,1,-95,1,650812257,128,0 0 0 0 0 0 0 0 0 0 0 0 4 4 4 4 4 5 4 5 4 5 3 5 4 5 4 6 4 6 3 6 3 6 3 7 3 7 3 7 4 7 4 7 4 7 4 7 4 7 4 8 4 8 4 8 4 9 4 8 4 8 4 9 0 0 5 9 5 9 5 9 6 9 5 9 6 9 5 9 6 10 6 9 7 10 6 10 6 10 6 10 6 10 8 10 8 10 8 11 7 11 8 11 8 11 8 11 8 11 8 12 8 12 8 12 8 12 0 0 0 0 0 0 0 0 0 0
1784740929.311707,55719,-45,11,1,7,1,-95,1,650820907,128,0 0 0 0 0 0 0 0 0 0 0 0 5 4 5 3 5 4 5 4 5 5 5 5 5 5 5 5 5 5 5 6 5 6 5 6 5 6 5 6 5 6 6 7 6 6 6 7 6 7 6 7 6 7 6 7 7 8 6 8 6 8 7 8 0 0 7 8 7 8 7 7 8 8 7 8 7 8 8 8 8 8 8 8 9 9 9 9 9 9 9 9 9 8 10 8 10 8 10 9 10 9 11 9 11 9 11 9 11 9 11 10 10 10 11 10 11 10 0 0 0 0 0 0 0 0 0 0
1784740929.327589,55720,-45,11,1,7,1,-95,1,650830857,128,0 0 0 0 0 0 0 0 0 0 0 0 1 -7 1 -7 2 -7 2 -7 2 -7 3 -7 3 -7 3 -8 3 -8 3 -7 4 -8 4 -8 4 -8 4 -8 5 -8 4 -8 5 -9 5 -8 5 -9 5 -9 5 -9 5 -9 5 -9 6 -9 6 -9 6 -9 0 0 6 -10 6 -9 6 -10 6 -10 6 -10 6 -10 6 -10 6 -11 6 -11 6 -11 6 -11 6 -11 6 -11 6 -12 6 -12 6 -12 6 -12 6 -13 6 -12 6 -13 6 -13 6 -13 6 -12 7 -13 7 -13 7 -13 0 0 0 0 0 0 0 0 0 0
1784740929.327589,55721,-45,11,1,7,1,-95,1,650840892,128,0 0 0 0 0 0 0 0 0 0 0 0 -5 -5 -5 -5 -5 -6 -4 -6 -4 -7 -4 -6 -4 -7 -5 -7 -4 -7 -5 -7 -4 -7 -4 -8 -4 -8 -4 -8 -4 -8 -4 -9 -4 -9 -4 -9 -4 -9 -4 -9 -4 -9 -4 -10 -5 -10 -4 -10 -4 -10 -5 -10 0 0 -4 -10 -5 -11 -4 -10 -5 -11 -5 -10 -5 -11 -5 -11 -5 -11 -5 -11 -6 -11 -6 -12 -6 -12 -6 -12 -6 -12 -6 -12 -6 -12 -6 -13 -6 -13 -7 -13 -7 -13 -7 -13 -7 -13 -7 -13 -7 -13 -7 -14 -7 -14 0 0 0 0 0 0 0 0 0 0
1784740929.343809,55722,-44,11,1,7,1,-95,1,650850868,128,0 0 0 0 0 0 0 0 0 0 0 0 2 6 1 6 1 7 1 7 1 7 0 7 0 7 0 8 0 8 0 8 0 8 -1 8 -1 9 -1 8 -1 8 -1 9 -1 9 -1 10 -1 9 -1 10 -1 10 -1 10 -1 10 -1 10 -1 10 -1 10 0 0 -1 10 -1 11 -1 10 -1 11 -1 10 -1 11 0 11 0 11 0 11 0 12 0 12 0 12 1 12 0 11 1 13 1 12 1 13 1 13 1 13 1 13 1 13 1 13 1 14 1 13 1 13 1 13 0 0 0 0 0 0 0 0 0 0
1784740929.349690,55723,-45,11,1,7,1,-95,1,650860808,128,0 0 0 0 0 0 0 0 0 0 0 0 -4 -7 -4 -8 -3 -8 -3 -8 -3 -8 -3 -9 -2 -9 -2 -9 -2 -9 -2 -9 -1 -10 -1 -10 -1 -10 -1 -10 -1 -10 0 -10 0 -11 0 -10 0 -11 0 -11 0 -11 0 -11 0 -11 0 -11 0 -11 0 -11 0 0 -1 -11 0 -11 0 -11 -1 -11 -1 -11 -1 -12 -1 -12 -2 -12 -1 -12 -2 -12 -2 -12 -2 -12 -2 -13 -2 -13 -2 -13 -2 -14 -2 -13 -2 -14 -3 -13 -3 -14 -3 -14 -3 -14 -2 -14 -2 -14 -3 -14 -3 -14 0 0 0 0 0 0 0 0 0 0
1784740929.359839,55724,-42,11,1,7,0,-95,1,650870872,128,0 0 0 0 0 0 0 0 0 0 0 0 4 7 4 8 3 9 3 8 3 9 2 9 2 9 2 9 2 10 2 10 1 10 1 10 1 10 1 10 1 10 0 11 1 11 1 11 1 11 1 11 1 11 1 11 1 11 1 11 1 11 1 11 0 0 2 11 2 12 2 12 2 12 2 12 3 12 3 13 3 13 3 13 4 13 4 13 4 13 4 13 4 13 4 14 4 14 5 14 5 14 5 14 5 15 6 15 6 15 5 15 5 15 5 15 5 16 0 0 0 0 0 0 0 0 0 0
1784740929.375909,55725,-45,11,1,7,1,-95,1,650886587,128,0 0 0 0 0 0 0 0 0 0 0 0 -4 -6 -4 -7 -4 -7 -3 -7 -3 -8 -3 -8 -3 -8 -3 -8 -3 -8 -3 -9 -3 -9 -2 -9 -2 -9 -2 -9 -2 -9 -2 -10 -2 -10 -2 -10 -2 -10 -2 -10 -3 -10 -2 -10 -2 -11 -2 -11 -2 -11 -2 -11 0 0 -3 -11 -3 -11 -3 -11 -3 -12 -3 -11 -3 -12 -4 -12 -4 -12 -4 -12 -5 -13 -4 -13 -4 -13 -4 -13 -4 -13 -5 -14 -5 -13 -5 -14 -5 -14 -5 -14 -5 -14 -5 -14 -5 -14 -5 -14 -5 -14 -5 -14 -5 -14 0 0 0 0 0 0 0 0 0 0
1784740929.375909,55726,-45,11,1,7,1,-95,1,650890901,128,0 0 0 0 0 0 0 0 0 0 0 0 6 1 7 2 6 3 6 3 6 3 6 3 6 3 7 4 7 4 7 4 7 4 7 5 7 5 7 5 7 5 7 6 7 6 7 5 7 6 7 6 7 6 7 6 8 6 7 6 8 6 8 6 0 0 8 6 8 6 8 7 8 6 8 6 8 6 9 6 9 6 9 6 10 6 10 6 10 6 10 6 11 7 11 6 11 7 11 6 11 6 11 7 11 7 11 7 11 7 11 6 11 6 12 6 12 6 0 0 0 0 0 0 0 0 0 0
1784740929.391989,55727,-45,11,1,6,1,-95,1,650902280,128,0 0 0 0 0 0 0 0 0 0 0 0 7 -3 7 -3 8 -2 8 -2 8 -2 8 -1 8 -1 8 -1 8 -1 8 0 9 0 9 0 9 1 9 1 9 0 9 1 9 1 9 1 9 1 9 1 9 1 9 1 9 1 9 1 10 1 10 0 0 0 10 0 10 0 10 0 10 0 10 0 10 -1 10 -1 11 -1 11 -1 11 -1 11 -1 11 -2 11 -1 12 -2 12 -2 12 -2 12 -2 13 -2 12 -2 13 -3 13 -3 13 -3 13 -3 13 -2 13 -3 13 -3 0 0 0 0 0 0 0 0 0 0
1784740929.407926,55728,-45,11,1,6,1,-95,1,650912417,128,0 0 0 0 0 0 0 0 0 0 0 0 -7 3 -7 3 -8 3 -8 2 -9 2 -8 2 -9 2 -9 1 -9 1 -9 1 -10 1 -9 1 -10 0 -9 1 -10 1 -10 0 -10 0 -10 0 -10 0 -10 0 -10 0 -10 0 -10 1 -10 1 -10 1 -10 1 0 0 -10 1 -11 1 -11 1 -11 2 -10 2 -11 2 -11 2 -11 3 -11 2 -12 3 -12 3 -12 4 -12 4 -12 3 -13 4 -13 4 -13 4 -13 4 -13 4 -14 4 -14 5 -14 5 -14 5 -14 4 -14 5 -14 5 0 0 0 0 0 0 0 0 0 0
1784740929.407926,55729,-44,11,1,7,1,-95,1,650920856,128,0 0 0 0 0 0 0 0 0 0 0 0 -4 -7 -4 -7 -3 -8 -3 -8 -3 -8 -3 -8 -2 -8 -2 -9 -2 -9 -2 -9 -2 -9 -2 -9 -2 -9 -2 -9 -2 -10 -1 -10 -1 -10 -1 -10 -1 -10 -1 -10 -1 -10 -1 -10 -2 -10 -2 -10 -2 -10 -2 -11 0 0 -2 -11 -2 -11 -2 -11 -3 -11 -3 -11 -3 -11 -3 -11 -3 -12 -3 -12 -4 -12 -4 -12 -5 -12 -5 -12 -5 -13 -4 -13 -5 -14 -4 -13 -5 -13 -5 -14 -5 -14 -5 -14 -5 -14 -5 -14 -5 -14 -5 -14 -5 -15 0 0 0 0 0 0 0 0 0 0
1784740929.423833,55730,-44,11,1,7,1,-95,1,650932052,128,0 0 0 0 0 0 0 0 0 0 0 0 -8 -1 -8 -2 -8 -2 -8 -3 -8 -3 -8 -3 -8 -3 -9 -4 -9 -4 -8 -4 -8 -4 -9 -5 -9 -5 -9 -5 -9 -5 -9 -5 -9 -6 -9 -6 -9 -6 -9 -6 -9 -6 -9 -6 -9 -6 -9 -6 -9 -6 -9 -6 0 0 -10 -6 -10 -6 -10 -6 -10 -5 -10 -5 -10 -5 -10 -5 -11 -5 -11 -5 -11 -5 -11 -5 -12 -5 -12 -5 -12 -5 -12 -5 -12 -5 -12 -5 -12 -5 -13 -5 -13 -5 -13 -5 -13 -5 -13 -5 -13 -5 -13 -5 -13 -5 0 0 0 0 0 0 0 0 0 0
1784740929.423833,55731,-44,11,1,7,1,-95,1,650940873,128,0 0 0 0 0 0 0 0 0 0 0 0 -8 -3 -8 -3 -8 -4 -8 -4 -8 -5 -8 -5 -8 -5 -8 -5 -8 -6 -8 -6 -8 -6 -8 -7 -8 -7 -8 -7 -8 -7 -8 -7 -8 -8 -8 -8 -8 -8 -8 -8 -8 -8 -8 -8 -8 -8 -8 -8 -8 -8 -8 -8 0 0 -8 -8 -8 -8 -8 -8 -9 -8 -9 -8 -9 -8 -9 -8 -10 -8 -10 -8 -10 -8 -10 -8 -10 -8 -11 -8 -11 -8 -11 -8 -11 -8 -11 -8 -12 -8 -12 -8 -12 -8 -12 -8 -12 -8 -12 -8 -12 -8 -12 -9 -13 -9 0 0 0 0 0 0 0 0 0 0
1784740929.439639,55732,-44,11,1,6,1,-95,1,650952800,128,0 0 0 0 0 0 0 0 0 0 0 0 -2 -8 -1 -9 -1 -9 0 -9 0 -9 0 -9 0 -9 1 -10 1 -10 1 -10 2 -10 2 -10 2 -10 2 -10 3 -10 3 -10 3 -10 3 -10 3 -10 3 -10 3 -10 3 -10 3 -11 3 -11 3 -11 3 -11 0 0 3 -11 3 -11 3 -11 3 -11 2 -12 2 -12 2 -12 2 -12 2 -12 2 -13 2 -13 2 -13 2 -13 2 -14 2 -13 2 -14 2 -14 2 -14 2 -14 2 -14 1 -15 1 -14 2 -15 2 -14 2 -14 2 -15 0 0 0 0 0 0 0 0 0 0
1784740929.455477,55733,-44,11,1,6,1,-95,1,650962163,128,0 0 0 0 0 0 0 0 0 0 0 0 -5 6 -6 6 -6 6 -7 6 -7 5 -8 6 -8 5 -8 5 -8 5 -8 5 -9 5 -9 5 -9 5 -9 5 -10 5 -10 4 -10 5 -10 4 -10 4 -10 4 -10 5 -10 4 -10 5 -10 4 -10 4 -10 5 0 0 -10 5 -10 5 -11 5 -10 5 -10 6 -10 6 -10 6 -10 6 -11 6 -11 7 -11 7 -10 7 -11 7 -11 8 -11 7 -12 8 -11 7 -11 8 -11 8 -11 8 -11 9 -12 8 -11 8 -11 8 -12 8 -12 8 0 0 0 0 0 0 0 0 0 0
1784740929.471634,55734,-44,11,1,5,1,-95,1,650973567,128,0 0 0 0 0 0 0 0 0 0 0 0 -2 8 -3 8 -3 7 -4 8 -4 8 -5 8 -5 8 -5 8 -5 8 -6 8 -6 8 -6 8 -7 8 -7 8 -7 8 -7 8 -7 8 -7 8 -7 8 -7 8 -7 8 -7 8 -7 8 -8 8 -7 8 -8 8 0 0 -7 8 -7 8 -7 9 -7 9 -7 9 -7 9 -7 9 -6 10 -6 10 -6 10 -6 10 -6 11 -6 10 -7 11 -6 11 -6 11 -6 11 -6 12 -6 12 -6 12 -6 12 -6 12 -6 11 -6 11 -6 12 -6 12 0 0 0 0 0 0 0 0 0 0
1784740929.471634,55735,-45,11,1,6,1,-95,1,650987899,128,0 0 0 0 0 0 0 0 0 0 0 0 6 -6 6 -6 7 -5 7 -5 7 -5 7 -5 8 -4 8 -4 8 -4 9 -4 9 -4 9 -3 9 -3 9 -3 9 -3 10 -3 9 -3 10 -3 10 -3 10 -3 10 -3 9 -2 10 -3 10 -2 9 -2 10 -3 0 0 9 -3 9 -3 9 -3 10 -4 9 -4 10 -4 9 -4 10 -4 10 -5 10 -5 10 -6 10 -6 10 -5 10 -6 11 -6 11 -6 11 -6 11 -6 11 -7 11 -7 11 -7 11 -7 11 -7 11 -7 11 -7 11 -7 0 0 0 0 0 0 0 0 0 0
1784740929.487419,55736,-45,11,1,7,1,-95,1,650990943,128,0 0 0 0 0 0 0 0 0 0 0 0 8 0 8 1 8 2 8 2 8 2 8 3 8 3 8 4 8 4 8 4 8 4 8 5 8 5 8 5 8 5 8 6 8 5 8 6 8 6 8 6 7 6 7 6 8 6 8 6 8 5 8 6 0 0 8 5 8 5 8 5 9 5 9 5 9 5 9 5 9 5 9 5 11 4 10 4 10 4 10 4 10 4 11 4 11 4 12 4 11 4 11 4 12 4 12 4 12 4 12 4 12 4 12 4 12 4 0 0 0 0 0 0 0 0 0 0
1784740929.487419,55737,-46,11,1,6,1,-95,1,651002395,128,0 0 0 0 0 0 0 0 0 0 0 0 7 1 7 1 7 2 7 3 7 3 7 3 7 4 7 4 7 4 7 4 7 5 7 5 7 5 6 5 7 5 7 5 7 5 7 5 7 5 7 5 7 5 7 5 7 5 7 5 7 5 7 5 0 0 7 5 8 5 8 5 8 5 8 5 8 5 8 4 9 5 9 4 10 5 10 5 10 5 10 4 10 5 11 4 11 4 11 5 11 5 11 4 12 4 12 5 12 4 12 5 13 5 12 5 12 5 0 0 0 0 0 0 0 0 0 0
1784740929.503383,55738,-45,11,1,7,1,-95,1,651010954,128,0 0 0 0 0 0 0 0 0 0 0 0 -7 1 -7 1 -8 0 -8 0 -8 0 -8 -1 -8 -1 -8 -1 -8 -1 -9 -1 -9 -2 -9 -1 -9 -2 -9 -2 -9 -2 -9 -2 -9 -2 -9 -2 -10 -2 -10 -2 -10 -2 -10 -2 -10 -2 -10 -2 -10 -2 -10 -3 0 0 -11 -2 -11 -2 -11 -2 -11 -2 -11 -2 -11 -2 -12 -2 -12 -2 -12 -2 -13 -1 -13 -2 -13 -1 -13 -2 -13 -1 -14 -1 -14 -1 -14 -2 -14 -1 -14 -1 -15 -1 -15 -1 -15 -1 -15 -2 -15 -2 -15 -2 -15 -2 0 0 0 0 0 0 0 0 0 0
1784740929.503383,55739,-44,11,1,7,1,-95,1,651020824,128,0 0 0 0 0 0 0 0 0 0 0 0 -2 -8 -2 -8 -1 -8 -1 -9 -1 -9 -1 -9 0 -9 0 -9 0 -9 0 -10 1 -10 1 -10 1 -10 1 -10 2 -10 1 -10 1 -11 2 -11 2 -11 2 -11 2 -11 2 -11 2 -11 3 -11 2 -11 3 -11 0 0 2 -11 2 -12 2 -11 2 -12 2 -12 2 -12 1 -12 1 -12 1 -12 1 -13 1 -13 1 -13 1 -13 1 -13 0 -14 0 -14 1 -14 0 -14 0 -14 0 -15 1 -14 0 -14 1 -15 1 -15 1 -15 0 -15 0 0 0 0 0 0 0 0 0 0
1784740929.524276,55740,-45,11,1,7,1,-95,1,651030891,128,0 0 0 0 0 0 0 0 0 0 0 0 6 -5 7 -4 7 -4 8 -3 7 -3 8 -3 8 -3 8 -3 8 -2 9 -2 9 -2 9 -2 9 -2 10 -1 10 -1 10 -1 10 -1 10 -1 10 -1 10 0 10 0 10 0 10 -1 10 0 10 -1 10 -1 0 0 10 -1 10 -1 10 -1 10 -1 10 -1 11 -1 11 -1 11 -2 11 -2 11 -2 11 -3 11 -3 11 -3 12 -3 11 -3 12 -3 12 -3 12 -3 12 -3 12 -3 12 -3 13 -3 12 -3 13 -4 13 -4 13 -4 0 0 0 0 0 0 0 0 0 0
1784740929.534817,55741,-44,11,1,7,1,-95,1,651041861,128,0 0 0 0 0 0 0 0 0 0 0 0 -5 5 -6 5 -6 5 -7 5 -7 5 -7 5 -8 5 -8 5 -8 5 -8 4 -8 4 -9 4 -9 4 -9 4 -9 4 -9 4 -10 4 -10 4 -10 4 -10 4 -10 4 -10 4 -10 4 -10 4 -10 4 -10 4 0 0 -10 4 -10 5 -10 5 -10 5 -10 5 -10 6 -10 6 -10 6 -10 6 -10 7 -10 7 -10 7 -10 7 -11 7 -10 8 -10 8 -11 8 -11 8 -11 8 -11 9 -11 9 -11 9 -11 9 -11 9 -11 9 -11 9 0 0 0 0 0 0 0 0 0 0
1784740929.550053,55742,-44,11,1,7,1,-95,1,651050863,128,0 0 0 0 0 0 0 0 0 0 0 0 -9 -1 -9 -2 -9 -3 -9 -3 -9 -3 -9 -4 -9 -4 -9 -4 -9 -4 -9 -5 -9 -5 -9 -5 -9 -6 -9 -6 -9 -6 -9 -6 -9 -7 -9 -6 -9 -6 -9 -7 -9 -6 -9 -7 -9 -6 -9 -7 -9 -7 -10 -7 0 0 -10 -7 -10 -6 -10 -6 -10 -6 -11 -6 -10 -6 -11 -6 -11 -6 -11 -6 -11 -6 -12 -6 -12 -6 -12 -6 -12 -6 -12 -6 -13 -6 -12 -6 -13 -6 -13 -6 -13 -5 -13 -6 -13 -5 -13 -6 -13 -6 -13 -6 -14 -6 0 0 0 0 0 0 0 0 0 0
1784740929.550053,55743,-45,11,1,7,1,-95,1,651060935,128,0 0 0 0 0 0 0 0 0 0 0 0 -1 7 -1 8 -2 8 -2 8 -2 7 -3 8 -3 8 -3 8 -4 8 -4 8 -4 8 -4 8 -5 8 -4 8 -5 8 -5 8 -6 8 -5 8 -6 8 -6 8 -6 8 -6 8 -6 9 -5 9 -5 9 -6 9 0 0 -6 9 -6 9 -6 9 -6 9 -5 9 -6 10 -6 9 -5 10 -6 10 -5 10 -5 10 -5 11 -5 11 -5 11 -5 11 -5 12 -5 11 -5 12 -5 12 -5 12 -5 12 -5 12 -5 12 -4 12 -5 13 -5 13 0 0 0 0 0 0 0 0 0 0
1784740929.565707,55744,-45,11,1,7,1,-95,1,651070857,128,0 0 0 0 0 0 0 0 0 0 0 0 -4 6 -4 6 -5 6 -5 6 -6 6 -6 5 -6 6 -6 6 -6 6 -7 6 -7 5 -7 5 -8 5 -7 5 -7 6 -8 6 -8 6 -8 6 -8 5 -8 6 -8 6 -8 6 -9 6 -9 5 -9 6 -9 6 0 0 -8 6 -9 7 -8 6 -9 7 -8 7 -8 7 -8 8 -8 8 -8 8 -9 9 -9 8 -9 9 -9 9 -8 8 -9 10 -8 10 -9 10 -9 10 -8 10 -8 11 -9 11 -9 11 -9 11 -10 10 -10 10 -10 10 0 0 0 0 0 0 0 0 0 0
1784740929.565707,55745,-45,11,1,7,1,-95,1,651080816,128,0 0 0 0 0 0 0 0 0 0 0 0 0 7 -1 7 -1 7 -1 7 -2 7 -2 8 -2 8 -2 8 -2 8 -3 8 -3 8 -3 8 -3 8 -4 8 -4 9 -4 8 -4 9 -4 9 -4 9 -4 9 -4 9 -4 9 -4 9 -4 9 -4 9 -4 9 0 0 -4 10 -4 10 -4 10 -4 10 -4 10 -4 10 -4 10 -4 11 -3 11 -3 12 -3 11 -3 12 -3 12 -3 12 -3 12 -3 13 -3 12 -3 13 -3 13 -3 13 -3 13 -3 14 -3 13 -3 13 -3 14 -3 14 0 0 0 0 0 0 0 0 0 0
1784740929.584481,55746,-45,11,1,7,1,-95,1,651090916,128,0 0 0 0 0 0 0 0 0 0 0 0 -2 -8 -1 -8 0 -8 0 -8 0 -8 0 -9 1 -9 1 -9 1 -9 1 -9 1 -9 2 -10 2 -9 2 -10 2 -10 3 -9 3 -10 3 -9 3 -10 3 -10 3 -10 4 -10 3 -10 3 -10 3 -10 3 -11 0 0 3 -11 4 -10 4 -11 3 -10 3 -11 3 -11 3 -11 3 -11 3 -11 2 -12 3 -12 2 -12 3 -12 3 -13 3 -12 3 -13 3 -12 3 -13 3 -14 3 -13 2 -14 3 -14 3 -13 3 -14 3 -14 3 -14 0 0 0 0 0 0 0 0 0 0
1784740929.597960,55747,-44,11,1,6,1,-95,1,651104762,128,0 0 0 0 0 0 0 0 0 0 0 0 6 4 6 5 5 5 5 5 5 6 5 6 5 6 5 6 5 7 5 7 4 7 4 8 4 8 4 8 4 8 4 8 4 8 4 8 4 9 4 8 4 9 4 9 4 9 4 9 4 9 4 9 0 0 4 9 5 9 5 9 5 9 5 9 5 9 5 9 6 9 6 9 6 9 6 9 6 9 7 9 7 9 7 9 8 10 7 10 8 10 8 9 8 10 8 10 9 10 8 10 8 10 8 11 9 11 0 0 0 0 0 0 0 0 0 0
1784740929.605049,55748,-44,11,1,7,1,-95,1,651110902,128,0 0 0 0 0 0 0 0 0 0 0 0 2 7 2 7 2 7 1 8 1 8 1 8 1 8 0 9 0 9 0 9 0 9 -1 9 -1 10 -1 10 -1 10 -1 10 -1 10 -2 10 -2 10 -2 10 -2 10 -2 10 -2 10 -2 10 -2 10 -2 11 0 0 -2 11 -2 10 -2 11 -1 10 -1 11 -1 11 -1 11 -1 11 0 12 0 11 0 12 0 12 0 12 0 13 1 12 0 13 1 12 1 13 1 13 1 14 1 13 1 14 1 13 1 14 1 14 1 14 0 0 0 0 0 0 0 0 0 0
1784740929.613776,55749,-45,11,1,7,1,-95,1,651120875,128,0 0 0 0 0 0 0 0 0 0 0 0 5 5 5 6 5 6 4 7 4 7 4 7 4 7 4 8 4 8 4 8 3 8 3 8 3 9 3 9 3 9 2 9 3 9 3 9 3 9 3 9 3 9 2 9 3 9 3 9 3 9 3 9 0 0 3 9 3 10 3 9 3 9 4 9 4 9 4 9 5 9 5 10 5 10 5 10 6 10 6 10 6 10 6 10 6 11 6 10 7 10 7 11 7 11 7 11 7 11 7 10 7 11 8 11 8 11 0 0 0 0 0 0 0 0 0 0
1784740929.629510,55750,-45,11,1,6,1,-95,1,651131905,128,0 0 0 0 0 0 0 0 0 0 0 0 -7 -4 -7 -5 -7 -5 -6 -6 -6 -6 -6 -6 -6 -7 -6 -7 -6 -7 -6 -7 -6 -8 -6 -8 -6 -8 -6 -8 -6 -8 -5 -9 -6 -9 -5 -9 -6 -9 -6 -9 -6 -9 -5 -9 -6 -9 -6 -9 -6 -9 -6 -9 0 0 -6 -9 -6 -9 -6 -9 -7 -9 -7 -9 -7 -9 -7 -9 -8 -9 -8 -9 -9 -9 -9 -9 -9 -9 -9 -10 -9 -10 -9 -10 -10 -10 -9 -10 -10 -10 -10 -10 -10 -11 -10 -11 -10 -11 -10 -11 -10 -11 -10 -11 -11 -11 0 0 0 0 0 0 0 0 0 0
1784740929.629510,55751,-44,11,1,7,1,-95,1,651140950,128,0 0 0 0 0 0 0 0 0 0 0 0 -2 7 -2 7 -3 7 -3 7 -4 7 -4 7 -4 7 -4 7 -5 7 -5 7 -5 7 -5 7 -6 7 -6 7 -6 8 -6 7 -6 8 -6 7 -6 7 -6 7 -6 8 -6 8 -6 7 -6 8 -6 7 -6 8 0 0 -6 8 -6 8 -6 9 -6 9 -5 9 -5 9 -6 9 -5 10 -6 10 -5 10 -5 10 -5 11 -5 11 -5 11 -5 11 -5 12 -5 11 -5 12 -5 12 -5 12 -5 13 -5 13 -5 12 -6 12 -5 13 -6 13 0 0 0 0 0 0 0 0 0 0
1784740929.645625,55752,-44,11,1,7,1,-95,1,651150887,128,0 0 0 0 0 0 0 0 0 0 0 0 3 6 3 7 2 8 2 8 2 8 2 8 1 8 1 9 1 9 1 9 1 9 1 9 0 9 1 9 1 9 0 9 0 10 0 9 0 10 0 10 0 10 0 10 0 10 0 10 0 10 0 10 0 0 0 10 0 10 0 10 1 10 1 10 1 10 1 11 2 11 2 11 2 11 3 11 3 11 3 11 3 12 3 12 3 12 3 12 3 12 3 13 3 13 3 13 3 13 3 12 4 12 4 12 4 13 0 0 0 0 0 0 0 0 0 0
1784740929.650419,55753,-45,11,1,7,1,-95,1,651160924,128,0 0 0 0 0 0 0 0 0 0 0 0 3 -7 4 -7 4 -7 5 -7 5 -7 5 -7 5 -7 6 -7 6 -7 6 -7 7 -6 7 -6 7 -6 7 -6 7 -7 7 -6 7 -7 8 -7 8 -6 8 -6 8 -6 8 -7 8 -7 8 -6 8 -6 8 -6 0 0 8 -7 8 -7 7 -7 8 -8 8 -8 8 -8 7 -8 8 -8 7 -8 8 -9 8 -9 8 -9 8 -9 8 -9 8 -10 7 -10 8 -10 8 -10 7 -10 8 -11 8 -10 7 -11 8 -11 8 -11 8 -11 8 -11 0 0 0 0 0 0 0 0 0 0
1784740929.661461,55754,-45,11,1,7,1,-95,1,651170785,128,0 0 0 0 0 0 0 0 0 0 0 0 -1 -8 -1 -8 0 -8 0 -9 0 -8 0 -9 1 -9 1 -9 1 -9 1 -9 2 -9 2 -9 2 -9 2 -9 2 -10 2 -9 3 -10 2 -9 3 -10 3 -10 3 -10 3 -10 2 -10 2 -10 2 -10 2 -10 0 0 2 -11 2 -10 2 -11 2 -10 1 -11 1 -11 1 -11 1 -12 1 -12 1 -12 1 -12 1 -12 1 -13 1 -13 0 -13 1 -14 0 -13 0 -14 0 -14 0 -14 0 -14 0 -14 0 -14 0 -14 0 -14 0 -15 0 0 0 0 0 0 0 0 0 0
1784740929.677353,55755,-45,11,1,6,1,-95,1,651182582,128,0 0 0 0 0 0 0 0 0 0 0 0 -7 -2 -8 -3 -7 -3 -8 -4 -7 -4 -8 -4 -7 -4 -8 -5 -8 -5 -8 -5 -8 -5 -7 -6 -8 -6 -8 -6 -8 -6 -8 -6 -8 -7 -8 -7 -8 -7 -8 -7 -8 -7 -8 -7 -8 -7 -8 -7 -8 -7 -8 -7 0 0 -9 -7 -9 -7 -9 -7 -9 -7 -9 -7 -9 -7 -9 -7 -10 -7 -10 -7 -10 -7 -10 -7 -11 -7 -11 -7 -11 -7 -11 -7 -12 -7 -11 -7 -12 -7 -12 -7 -12 -7 -13 -7 -13 -7 -12 -7 -12 -7 -13 -7 -13 -7 0 0 0 0 0 0 0 0 0 0
1784740929.677353,55756,-45,11,1,6,1,-95,1,651190771,128,0 0 0 0 0 0 0 0 0 0 0 0 -2 7 -3 7 -3 7 -4 7 -4 7 -4 7 -5 7 -5 7 -5 7 -5 7 -6 7 -6 7 -6 7 -6 7 -6 7 -6 7 -6 7 -6 7 -7 7 -6 7 -7 7 -7 7 -7 7 -7 7 -7 7 -7 8 0 0 -6 8 -6 8 -6 8 -6 9 -6 9 -6 9 -6 9 -6 10 -6 10 -6 10 -6 10 -6 10 -6 10 -6 11 -5 11 -5 11 -6 11 -6 12 -5 12 -5 12 -5 12 -5 12 -6 12 -6 12 -6 12 -6 12 0 0 0 0 0 0 0 0 0 0
1784740929.693033,55757,-45,11,1,6,1,-95,1,651200781,128,0 0 0 0 0 0 0 0 0 0 0 0 6 3 6 4 6 4 6 5 5 5 5 6 5 6 5 6 5 6 5 6 5 7 5 7 5 7 5 7 5 7 5 8 5 8 4 7 5 8 5 8 5 8 5 8 5 8 5 8 5 8 6 8 0 0 6 8 6 8 6 8 6 8 6 8 6 8 7 8 7 8 7 8 7 8 8 8 8 8 8 8 9 9 8 8 9 9 8 8 9 9 9 9 9 8 9 8 9 9 9 8 9 8 9 8 10 9 0 0 0 0 0 0 0 0 0 0
1784740929.693033,55758,-45,11,1,6,1,-95,1,651210816,128,0 0 0 0 0 0 0 0 0 0 0 0 6 -3 7 -3 7 -2 7 -2 8 -2 7 -2 8 -2 8 -1 8 -1 8 -1 8 -1 9 0 9 0 9 0 9 0 9 0 9 0 9 0 9 1 9 0 9 0 9 0 9 0 9 0 10 1 10 0 0 0 10 0 10 0 10 0 10 0 10 0 10 -1 10 -1 11 -1 11 -1 11 -1 11 -1 11 -2 11 -2 11 -2 12 -2 12 -2 12 -2 12 -2 12 -2 13 -3 13 -3 12 -3 13 -2 13 -2 13 -2 13 -3 0 0 0 0 0 0 0 0 0 0
1784740929.708974,55759,-45,11,1,6,1,-95,1,651220774,128,0 0 0 0 0 0 0 0 0 0 0 0 6 2 7 3 6 3 6 4 6 4 6 4 6 4 6 5 6 5 6 5 6 6 6 6 6 6 6 6 6 6 6 6 6 6 6 6 6 7 6 6 6 7 6 7 6 7 6 7 6 7 6 7 0 0 7 7 7 6 7 7 7 7 8 7 8 7 8 7 8 7 8 7 9 7 9 7 9 7 9 7 9 7 9 7 10 8 10 7 11 7 11 8 11 7 11 7 11 7 11 7 11 8 11 7 11 8 0 0 0 0 0 0 0 0 0 0
1784740929.724848,55760,-44,11,1,6,1,-95,1,651230786,128,0 0 0 0 0 0 0 0 0 0 0 0 -2 -8 -2 -8 -1 -8 -1 -8 -1 -8 0 -9 0 -9 0 -9 0 -9 0 -9 1 -9 0 -9 1 -9 1 -10 1 -10 2 -9 2 -10 1 -10 1 -10 2 -10 1 -10 2 -10 1 -10 1 -10 1 -10 1 -11 0 0 1 -11 1 -11 1 -11 1 -11 1 -11 1 -12 1 -12 0 -12 1 -12 0 -12 0 -13 0 -13 0 -13 0 -14 0 -13 0 -14 0 -13 0 -14 0 -14 0 -14 0 -15 0 -15 0 -14 0 -15 0 -15 0 -15 0 0 0 0 0 0 0 0 0 0
1784740929.740632,55761,-45,11,1,6,1,-95,1,651240857,128,0 0 0 0 0 0 0 0 0 0 0 0 -3 -7 -3 -7 -3 -8 -2 -8 -2 -9 -2 -8 -2 -9 -1 -9 -1 -9 -1 -9 -1 -9 -1 -9 0 -9 0 -9 0 -9 -1 -10 0 -10 -1 -10 0 -10 -1 -10 0 -10 -1 -10 -1 -11 0 -11 0 -11 0 -11 0 0 -1 -11 -1 -12 -1 -11 -1 -12 -1 -11 -1 -12 -2 -12 -2 -12 -2 -12 -2 -13 -2 -13 -2 -13 -2 -13 -2 -13 -3 -14 -3 -13 -3 -14 -3 -14 -3 -14 -3 -14 -3 -14 -4 -14 -3 -14 -3 -15 -3 -14 -3 -15 0 0 0 0 0 0 0 0 0 0
1784740929.740632,55762,-45,11,1,6,1,-95,1,651250829,128,0 0 0 0 0 0 0 0 0 0 0 0 -4 -7 -4 -7 -3 -8 -3 -8 -3 -8 -3 -8 -2 -8 -3 -9 -3 -9 -2 -9 -2 -9 -2 -9 -2 -10 -1 -9 -2 -10 -1 -10 -2 -10 -1 -10 -2 -10 -1 -10 -2 -10 -2 -11 -2 -10 -1 -10 -2 -11 -2 -11 0 0 -2 -11 -2 -11 -2 -11 -2 -11 -3 -11 -3 -11 -3 -12 -3 -11 -4 -12 -4 -12 -4 -12 -4 -12 -4 -12 -4 -13 -5 -12 -5 -13 -4 -13 -5 -13 -5 -13 -6 -13 -6 -13 -6 -13 -5 -13 -5 -14 -6 -14 -6 -14 0 0 0 0 0 0 0 0 0 0
1784740929.756673,55763,-44,11,1,6,1,-95,1,651261062,128,0 0 0 0 0 0 0 0 0 0 0 0 2 6 2 7 1 7 1 7 1 7 1 7 0 8 0 8 0 8 0 8 -1 8 -1 9 -1 8 -1 8 -1 9 -2 9 -2 9 -2 9 -2 9 -2 9 -1 9 -2 9 -2 9 -2 9 -2 9 -2 10 0 0 -1 10 -1 10 -2 10 -1 10 -1 10 -1 10 -1 11 -1 11 -1 11 0 11 0 12 0 11 0 12 0 12 0 12 0 12 0 13 0 12 0 13 0 13 1 13 0 13 0 13 0 13 0 13 0 13 0 0 0 0 0 0 0 0 0 0
1784740929.756673,55764,-45,11,1,6,1,-95,1,651270890,128,0 0 0 0 0 0 0 0 0 0 0 0 7 -3 7 -3 7 -3 8 -2 8 -2 8 -2 9 -2 8 -1 8 -1 9 -1 9 0 9 0 9 0 9 0 9 0 9 0 9 0 10 0 10 1 10 0 10 0 10 0 10 1 10 1 10 1 10 1 0 0 10 0 11 0 10 0 11 0 11 0 11 0 11 -1 11 -1 11 -1 12 -1 12 -1 12 -1 12 -1 12 -1 13 -2 13 -2 13 -1 13 -2 13 -2 14 -2 13 -2 13 -3 14 -2 14 -1 14 -1 14 -2 0 0 0 0 0 0 0 0 0 0
1784740929.778822,55765,-44,11,1,6,1,-95,1,651280787,128,0 0 0 0 0 0 0 0 0 0 0 0 7 1 7 2 7 2 7 3 7 2 7 3 7 3 7 3 7 4 7 4 7 4 7 5 7 5 7 5 8 5 7 5 8 6 7 5 8 6 8 5 8 5 8 6 8 5 8 6 8 6 8 6 0 0 8 6 8 5 9 6 8 5 9 5 9 5 9 5 10 5 10 5 10 5 10 5 10 5 11 5 12 5 11 4 12 5 11 4 12 5 12 4 12 4 12 4 12 4 12 4 12 4 13 5 13 5 0 0 0 0 0 0 0 0 0 0
1784740929.778822,55766,-45,11,1,6,1,-95,1,651290783,128,0 0 0 0 0 0 0 0 0 0 0 0 7 -1 7 -1 7 0 8 0 8 1 8 1 8 1 8 1 8 2 8 2 8 2 8 3 8 3 8 3 9 3 8 4 9 3 9 4 9 4 9 4 9 4 9 4 9 3 9 4 9 4 9 4 0 0 10 3 10 4 9 3 10 3 10 3 10 3 10 3 11 3 11 3 11 2 11 2 12 2 12 3 12 2 12 2 12 3 12 3 12 3 13 3 13 2 13 2 13 3 13 2 13 3 13 3 14 2 0 0 0 0 0 0 0 0 0 0
1784740929.789059,55767,-45,11,1,6,1,-95,1,651301066,128,0 0 0 0 0 0 0 0 0 0 0 0 -7 -4 -7 -5 -7 -5 -7 -6 -6 -6 -7 -7 -6 -7 -6 -7 -6 -7 -6 -7 -6 -8 -6 -8 -6 -8 -6 -8 -6 -9 -5 -9 -6 -9 -5 -9 -6 -9 -5 -9 -5 -9 -6 -9 -6 -9 -5 -9 -6 -9 -6 -9 0 0 -6 -9 -6 -9 -6 -10 -7 -9 -7 -9 -7 -10 -7 -9 -8 -10 -7 -10 -8 -10 -8 -10 -8 -10 -9 -10 -9 -10 -9 -10 -9 -11 -9 -10 -10 -11 -9 -10 -9 -11 -10 -11 -10 -10 -10 -11 -10 -11 -10 -11 -10 -11 0 0 0 0 0 0 0 0 0 0
1784740929.805007,55768,-44,11,1,6,1,-95,1,651310802,128,0 0 0 0 0 0 0 0 0 0 0 0 5 -5 6 -5 6 -4 7 -4 7 -4 7 -4 7 -4 8 -4 8 -3 8 -3 8 -3 8 -3 8 -3 9 -3 9 -3 9 -2 10 -2 9 -2 9 -2 9 -2 9 -2 9 -2 9 -2 9 -2 9 -3 10 -3 0 0 10 -3 10 -3 10 -3 9 -3 10 -3 10 -3 10 -3 10 -4 10 -4 10 -5 10 -5 10 -5 10 -5 11 -5 11 -5 12 -5 11 -5 11 -6 12 -6 12 -6 12 -6 12 -6 12 -6 12 -6 12 -6 12 -6 0 0 0 0 0 0 0 0 0 0
1784740929.805007,55769,-44,11,1,6,1,-95,1,651321636,128,0 0 0 0 0 0 0 0 0 0 0 0 -6 4 -6 4 -7 4 -7 3 -7 3 -7 3 -8 3 -8 3 -8 3 -9 2 -9 2 -9 2 -9 2 -9 2 -9 2 -10 2 -9 2 -10 2 -10 2 -10 2 -10 2 -10 2 -10 2 -10 2 -10 2 -10 2 0 0 -10 2 -10 3 -10 3 -11 3 -11 3 -11 3 -11 3 -11 3 -11 4 -12 4 -12 4 -11 4 -11 4 -12 4 -12 5 -12 5 -12 5 -13 5 -13 5 -13 5 -13 5 -13 6 -13 5 -13 5 -13 5 -13 5 0 0 0 0 0 0 0 0 0 0
1784740929.820859,55770,-44,11,1,6,1,-95,1,651330820,128,0 0 0 0 0 0 0 0 0 0 0 0 3 -7 3 -7 4 -7 4 -7 4 -7 5 -7 5 -7 5 -7 5 -7 5 -7 6 -7 6 -6 6 -6 6 -6 6 -7 7 -6 7 -7 7 -7 7 -7 7 -7 7 -7 7 -7 7 -7 7 -7 7 -7 7 -7 0 0 7 -7 7 -7 7 -8 7 -8 7 -8 7 -8 7 -9 7 -9 7 -9 7 -9 7 -10 7 -10 7 -10 8 -10 7 -11 8 -11 8 -11 8 -11 8 -11 8 -11 8 -11 8 -12 8 -11 8 -11 8 -11 8 -11 0 0 0 0 0 0 0 0 0 0
1784740929.836627,55771,-45,11,1,6,1,-95,1,651341704,128,0 0 0 0 0 0 0 0 0 0 0 0 -4 6 -5 6 -5 6 -5 5 -6 5 -6 5 -6 5 -6 5 -7 6 -7 5 -7 5 -7 5 -7 5 -8 5 -8 5 -8 5 -8 5 -8 5 -8 5 -9 5 -8 5 -9 5 -8 6 -9 5 -9 5 -9 6 0 0 -9 6 -9 6 -8 6 -9 7 -8 7 -9 7 -8 7 -9 8 -9 8 -9 8 -9 8 -8 9 -8 9 -9 9 -9 9 -9 9 -9 9 -9 10 -9 10 -9 10 -9 10 -9 10 -9 10 -9 10 -9 10 -10 11 0 0 0 0 0 0 0 0 0 0
1784740929.836627,55772,-45,11,1,6,1,-95,1,651350797,128,0 0 0 0 0 0 0 0 0 0 0 0 6 3 5 3 5 4 5 4 5 5 5 4 5 5 6 5 5 5 5 6 5 6 5 6 5 6 5 7 5 7 5 7 5 7 6 7 5 7 5 7 6 7 5 7 6 7 5 7 5 8 6 7 0 0 6 7 6 8 6 7 7 8 7 7 7 7 8 7 8 8 8 8 9 8 8 8 8 8 8 8 8 8 9 8 9 8 9 9 10 9 10 8 10 8 10 8 10 9 10 9 10 9 10 9 10 9 0 0 0 0 0 0 0 0 0 0
1784740929.852826,55773,-44,11,1,6,1,-95,1,651360845,128,0 0 0 0 0 0 0 0 0 0 0 0 4 -5 5 -5 5 -5 6 -4 6 -4 6 -4 6 -4 7 -4 7 -4 7 -4 7 -4 8 -4 8 -4 8 -4 9 -4 8 -3 9 -3 8 -3 9 -3 9 -4 9 -4 9 -3 9 -4 9 -4 9 -4 10 -4 0 0 10 -4 10 -4 10 -4 10 -4 10 -5 10 -5 10 -5 10 -5 11 -5 10 -6 11 -6 11 -6 11 -6 11 -7 11 -6 11 -6 11 -6 11 -7 12 -7 11 -7 12 -8 12 -7 11 -7 11 -7 12 -7 12 -8 0 0 0 0 0 0 0 0 0 0
1784740929.852826,55774,-44,11,1,6,1,-95,1,651370875,128,0 0 0 0 0 0 0 0 0 0 0 0 4 6 4 6 4 6 3 7 3 7 3 8 3 7 3 8 3 8 2 8 2 9 2 9 2 9 2 9 2 9 1 9 1 10 1 10 1 10 1 10 1 10 1 10 1 10 1 10 1 10 1 10 0 0 2 10 1 10 1 11 2 10 2 10 2 10 2 10 3 11 2 11 3 11 3 11 3 11 4 11 4 12 4 11 4 12 4 11 4 12 4 12 5 12 5 12 4 12 5 12 5 12 5 12 5 12 0 0 0 0 0 0 0 0 0 0
1784740929.876262,55775,-45,11,1,6,1,-95,1,651380848,128,0 0 0 0 0 0 0 0 0 0 0 0 7 0 7 0 7 1 7 1 8 1 7 1 8 1 8 2 8 2 8 3 8 3 8 3 8 3 8 3 8 3 8 4 8 3 9 4 8 4 8 4 8 4 8 4 9 4 8 4 8 4 9 4 0 0 9 4 9 4 9 3 10 4 9 3 10 3 10 3 10 3 10 3 11 3 11 3 11 3 11 3 11 3 12 2 12 2 12 3 12 3 12 2 13 2 12 2 13 2 13 2 13 3 13 3 13 3 0 0 0 0 0 0 0 0 0 0
1784740929.887559,55776,-44,11,1,7,1,-95,1,651390881,128,0 0 0 0 0 0 0 0 0 0 0 0 6 -1 7 -1 6 0 7 0 7 1 7 0 7 1 7 1 7 1 7 1 8 2 8 2 8 2 8 2 8 2 8 3 8 3 8 3 8 3 9 3 9 3 9 3 9 3 9 3 9 3 9 3 0 0 9 3 9 3 9 3 9 3 10 2 10 2 10 2 11 2 11 2 11 2 11 2 11 2 12 2 12 2 12 2 13 3 12 2 13 2 13 2 13 2 13 2 13 2 13 2 13 3 13 2 14 2 0 0 0 0 0 0 0 0 0 0
1784740929.887559,55777,-45,11,1,7,1,-95,1,651400892,128,0 0 0 0 0 0 0 0 0 0 0 0 4 -6 4 -6 5 -6 5 -6 6 -5 6 -6 6 -5 6 -6 7 -5 7 -5 7 -5 7 -6 7 -5 8 -5 8 -5 8 -5 8 -5 9 -5 9 -5 9 -5 9 -5 9 -5 9 -5 9 -5 9 -5 9 -5 0 0 10 -5 10 -5 10 -5 9 -5 9 -6 9 -6 10 -6 10 -6 10 -6 10 -7 10 -8 10 -8 10 -8 10 -7 11 -8 11 -8 10 -8 11 -8 11 -8 11 -8 11 -8 11 -8 11 -8 11 -9 11 -9 12 -9 0 0 0 0 0 0 0 0 0 0
1784740929.907532,55778,-44,11,1,7,1,-95,1,651410889,128,0 0 0 0 0 0 0 0 0 0 0 0 0 -8 1 -8 1 -8 2 -8 2 -8 2 -8 2 -9 3 -8 3 -9 3 -9 3 -9 4 -9 4 -9 4 -9 4 -9 4 -9 4 -9 5 -9 5 -9 5 -9 5 -9 5 -9 5 -10 5 -9 5 -9 5 -9 0 0 5 -10 4 -10 4 -10 4 -10 4 -10 4 -11 4 -11 4 -11 4 -11 4 -12 4 -11 4 -12 4 -11 4 -12 3 -13 3 -13 4 -13 3 -13 3 -13 3 -14 3 -14 3 -14 4 -14 4 -14 4 -14 4 -14 0 0 0 0 0 0 0 0 0 0
1784740929.918801,55779,-44,11,1,7,1,-95,1,651420823,128,0 0 0 0 0 0 0 0 0 0 0 0 5 -5 6 -5 6 -4 7 -4 7 -4 7 -4 7 -4 7 -4 7 -4 8 -4 8 -3 8 -3 8 -3 9 -3 9 -3 9 -3 9 -3 9 -3 10 -3 9 -3 9 -3 10 -2 9 -3 9 -3 10 -3 10 -3 0 0 10 -3 10 -3 10 -3 10 -4 10 -4 10 -4 10 -4 10 -5 10 -5 10 -5 11 -5 11 -6 11 -6 11 -6 11 -6 12 -6 11 -6 12 -6 12 -6 12 -7 12 -7 12 -7 12 -7 12 -6 12 -7 13 -7 0 0 0 0 0 0 0 0 0 0
1784740929.918801,55780,-45,11,1,7,1,-95,1,651430857,128,0 0 0 0 0 0 0 0 0 0 0 0 4 -6 5 -6 5 -6 5 -5 6 -5 6 -5 6 -5 6 -5 7 -5 7 -5 7 -5 7 -5 8 -5 8 -5 8 -5 8 -5 8 -4 8 -4 8 -4 8 -5 8 -5 9 -5 9 -5 9 -4 9 -4 9 -5 0 0 9 -5 9 -5 9 -5 9 -6 9 -6 9 -6 9 -6 9 -7 9 -7 10 -7 10 -7 10 -7 10 -7 10 -7 10 -8 10 -8 10 -8 10 -8 10 -8 10 -9 10 -9 10 -9 11 -8 11 -8 11 -8 11 -8 0 0 0 0 0 0 0 0 0 0
1784740929.932082,55781,-45,11,1,7,1,-95,1,651440852,128,0 0 0 0 0 0 0 0 0 0 0 0 5 -4 6 -4 6 -4 7 -4 7 -3 7 -3 7 -3 7 -3 8 -3 8 -3 8 -2 8 -2 8 -2 9 -2 9 -2 9 -2 9 -2 9 -2 9 -1 9 -2 9 -2 10 -2 9 -2 9 -1 9 -1 10 -2 0 0 10 -2 10 -2 10 -2 10 -3 10 -3 10 -3 10 -3 11 -3 11 -3 11 -3 11 -3 11 -4 11 -4 12 -4 12 -4 12 -4 12 -4 13 -4 12 -5 13 -5 13 -5 13 -5 13 -4 13 -4 13 -4 13 -5 0 0 0 0 0 0 0 0 0 0
1784740929.951540,55782,-45,11,1,6,1,-95,1,651452095,128,0 0 0 0 0 0 0 0 0 0 0 0 5 4 5 4 5 5 4 5 4 5 4 5 4 6 4 6 4 6 4 7 4 7 4 7 4 7 4 8 4 7 4 8 4 8 4 8 4 8 4 8 4 8 4 8 4 8 3 8 4 8 4 8 0 0 4 8 5 9 4 8 5 9 5 8 5 8 6 8 6 9 6 9 7 9 6 9 6 9 6 9 7 9 8 9 7 9 8 10 8 9 8 9 8 9 8 9 9 9 9 10 8 10 8 10 8 10 0 0 0 0 0 0 0 0 0 0
1784740929.951540,55783,-45,11,1,7,1,-95,1,651460965,128,0 0 0 0 0 0 0 0 0 0 0 0 1 7 1 6 0 7 0 7 0 8 0 7 0 7 -1 8 -1 8 -1 8 -1 8 -1 8 -2 8 -2 8 -2 8 -2 9 -2 8 -2 9 -2 9 -2 9 -2 9 -2 9 -2 10 -2 9 -2 9 -2 10 0 0 -2 10 -2 10 -2 10 -2 11 -1 10 -1 10 -1 11 -1 11 -1 11 0 12 0 12 0 12 0 12 0 12 0 13 0 12 0 13 0 13 0 13 1 14 0 13 0 14 0 14 0 14 0 14 0 14 0 0 0 0 0 0 0 0 0 0
1784740929.963871,55784,-44,11,1,7,1,-95,1,651470786,128,0 0 0 0 0 0 0 0 0 0 0 0 -6 3 -7 3 -7 2 -7 2 -7 2 -8 2 -8 1 -8 1 -8 1 -8 1 -9 1 -9 1 -9 1 -9 1 -9 1 -9 1 -10 0 -10 0 -10 0 -10 0 -10 1 -10 0 -10 0 -10 0 -10 0 -11 0 0 0 -11 0 -11 1 -11 1 -11 1 -11 1 -11 1 -11 1 -12 1 -12 1 -12 2 -12 2 -12 2 -12 2 -13 2 -13 2 -14 2 -13 2 -14 2 -14 2 -14 2 -14 2 -14 2 -14 2 -14 2 -15 2 -15 2 0 0 0 0 0 0 0 0 0 0
1784740929.963871,55785,-44,11,1,7,1,-95,1,651480929,128,0 0 0 0 0 0 0 0 0 0 0 0 -7 0 -7 0 -8 -1 -8 -1 -8 -1 -8 -1 -8 -2 -8 -2 -8 -2 -9 -2 -9 -2 -9 -2 -9 -2 -9 -3 -9 -3 -9 -3 -10 -3 -10 -3 -10 -3 -10 -3 -10 -3 -10 -4 -10 -3 -10 -3 -10 -4 -10 -3 0 0 -11 -3 -11 -3 -11 -4 -11 -3 -11 -3 -12 -3 -11 -3 -12 -3 -12 -3 -13 -2 -13 -2 -13 -2 -13 -2 -13 -2 -13 -2 -14 -3 -13 -3 -14 -2 -14 -2 -14 -2 -14 -2 -15 -2 -14 -2 -15 -2 -15 -2 -15 -2 0 0 0 0 0 0 0 0 0 0
1784740929.980126,55786,-44,11,1,7,1,-95,1,651490836,128,0 0 0 0 0 0 0 0 0 0 0 0 4 -6 4 -6 5 -6 5 -6 5 -6 5 -6 6 -6 6 -6 6 -6 7 -6 7 -5 7 -5 7 -5 8 -5 7 -5 8 -5 8 -5 8 -5 8 -5 8 -6 8 -5 8 -5 9 -6 9 -5 9 -5 9 -5 0 0 9 -6 9 -6 9 -6 9 -6 9 -6 9 -7 9 -7 9 -7 9 -7 9 -8 9 -7 9 -8 9 -8 9 -8 10 -9 9 -8 10 -9 10 -9 10 -9 10 -9 10 -9 10 -10 11 -10 11 -9 11 -9 11 -10 0 0 0 0 0 0 0 0 0 0
1784740929.997931,55787,-44,11,1,7,1,-95,1,651500772,128,0 0 0 0 0 0 0 0 0 0 0 0 -2 -8 -1 -8 -1 -8 -1 -9 0 -8 0 -9 0 -9 0 -9 0 -9 1 -9 1 -9 1 -9 1 -9 2 -10 2 -10 2 -10 2 -10 2 -10 2 -10 2 -10 2 -10 2 -10 2 -10 2 -10 2 -10 2 -11 0 0 2 -11 2 -11 2 -11 2 -11 1 -11 1 -11 1 -12 1 -12 1 -12 1 -12 1 -12 1 -13 1 -13 1 -13 0 -13 1 -14 1 -13 1 -14 0 -14 0 -14 0 -15 0 -15 1 -14 1 -15 1 -15 1 -15 0 0 0 0 0 0 0 0 0 0
1784740929.997931,55788,-44,11,1,7,1,-95,1,651512970,128,0 0 0 0 0 0 0 0 0 0 0 0 3 -6 4 -6 4 -6 4 -6 4 -6 5 -6 5 -6 5 -6 5 -6 5 -6 6 -6 6 -6 6 -6 6 -6 7 -6 7 -6 7 -6 7 -6 7 -6 7 -6 7 -6 7 -6 7 -7 7 -6 7 -7 8 -7 0 0 8 -7 7 -7 8 -7 7 -7 7 -8 8 -8 8 -8 8 -9 8 -9 8 -9 8 -9 8 -9 8 -10 9 -10 8 -10 9 -11 8 -10 9 -11 9 -11 9 -11 9 -11 9 -11 9 -11 9 -11 9 -11 9 -12 0 0 0 0 0 0 0 0 0 0
1784740930.011817,55789,-45,11,1,7,1,-95,1,651520817,128,0 0 0 0 0 0 0 0 0 0 0 0 -7 -4 -7 -4 -7 -5 -6 -5 -7 -6 -6 -6 -7 -6 -6 -6 -7 -6 -6 -7 -6 -7 -6 -7 -6 -7 -6 -8 -6 -7 -7 -8 -6 -8 -7 -9 -6 -8 -7 -8 -7 -8 -7 -8 -7 -9 -6 -9 -6 -9 -7 -9 0 0 -7 -9 -8 -9 -7 -9 -8 -9 -8 -9 -8 -9 -9 -9 -9 -9 -9 -9 -9 -10 -9 -10 -9 -10 -9 -10 -9 -9 -11 -10 -10 -9 -11 -10 -10 -10 -11 -10 -11 -10 -11 -10 -11 -10 -11 -11 -11 -11 -10 -11 -11 -11 0 0 0 0 0 0 0 0 0 0
1784740930.027710,55790,-44,11,1,7,1,-95,1,651530888,128,0 0 0 0 0 0 0 0 0 0 0 0 -6 3 -7 3 -7 2 -7 2 -7 2 -7 2 -8 2 -8 2 -8 2 -8 1 -8 2 -9 1 -9 1 -9 1 -10 1 -9 1 -10 1 -10 1 -10 1 -10 1 -10 1 -10 1 -10 1 -10 1 -11 1 -11 1 0 0 -11 1 -11 1 -11 1 -11 2 -11 2 -11 2 -11 2 -12 2 -12 2 -12 3 -12 3 -12 3 -12 3 -13 3 -13 4 -13 4 -13 4 -13 4 -13 4 -14 4 -13 4 -14 4 -14 4 -14 4 -14 4 -14 4 0 0 0 0 0 0 0 0 0 0
1784740930.027710,55791,-44,11,1,7,1,-95,1,651540818,128,0 0 0 0 0 0 0 0 0 0 0 0 5 -4 5 -4 6 -3 6 -3 6 -3 7 -3 7 -3 7 -3 7 -2 7 -3 8 -3 8 -3 8 -2 8 -2 9 -2 9 -2 9 -2 9 -2 9 -2 9 -2 9 -2 9 -1 9 -2 10 -2 9 -2 10 -2 0 0 10 -2 10 -2 10 -2 10 -2 10 -2 11 -2 11 -2 11 -3 11 -3 11 -3 12 -3 12 -4 12 -4 12 -4 12 -3 13 -3 12 -3 13 -4 13 -4 13 -4 13 -4 14 -4 13 -4 14 -4 14 -4 14 -4 0 0 0 0 0 0 0 0 0 0
1784740930.043760,55792,-44,11,1,7,1,-95,1,651550870,128,0 0 0 0 0 0 0 0 0 0 0 0 -7 1 -7 1 -7 0 -7 0 -8 0 -8 0 -8 0 -8 0 -8 0 -9 -1 -9 -1 -9 -1 -9 -1 -9 -1 -9 -1 -10 -1 -10 -1 -10 -1 -10 -2 -10 -2 -10 -2 -10 -2 -11 -2 -11 -2 -11 -2 -11 -2 0 0 -11 -1 -11 -1 -11 -1 -12 -1 -11 -1 -12 -1 -12 -1 -12 -1 -12 0 -13 0 -13 0 -13 0 -13 0 -13 0 -14 1 -14 1 -14 0 -14 0 -14 1 -14 1 -14 1 -15 1 -15 1 -15 0 -15 0 -15 0 0 0 0 0 0 0 0 0 0 0
1784740930.051658,55793,-44,11,1,7,1,-95,1,651560874,128,0 0 0 0 0 0 0 0 0 0 0 0 1 -7 1 -7 2 -7 2 -8 2 -7 2 -8 2 -8 3 -8 3 -8 3 -8 3 -8 4 -8 4 -8 4 -9 4 -9 5 -8 5 -9 5 -8 5 -9 5 -9 5 -9 6 -9 5 -9 5 -9 5 -9 6 -9 0 0 6 -10 6 -9 6 -10 5 -10 5 -10 5 -10 5 -10 5 -11 6 -11 5 -11 5 -11 5 -12 6 -12 6 -12 5 -12 6 -13 6 -12 6 -13 6 -13 6 -13 6 -13 6 -14 6 -13 6 -13 6 -14 7 -14 0 0 0 0 0 0 0 0 0 0
1784740930.059567,55794,-44,11,1,7,1,-95,1,651570893,128,0 0 0 0 0 0 0 0 0 0 0 0 6 0 6 0 7 0 7 1 7 1 7 1 7 1 7 1 7 2 7 2 7 2 8 2 8 3 8 3 8 3 8 3 8 3 8 3 8 3 8 4 8 4 9 4 9 3 9 4 9 4 9 4 0 0 9 4 10 4 10 3 10 4 10 3 10 3 10 3 11 3 11 3 12 3 11 3 11 2 12 3 12 3 13 3 12 3 12 3 13 3 13 3 13 3 13 3 13 3 13 3 13 3 14 3 14 3 0 0 0 0 0 0 0 0 0 0
1784740930.079331,55795,-44,11,1,7,1,-95,1,651580834,128,0 0 0 0 0 0 0 0 0 0 0 0 -7 -2 -7 -2 -7 -3 -7 -3 -7 -3 -7 -4 -8 -4 -8 -4 -8 -4 -8 -5 -8 -5 -8 -5 -8 -5 -8 -5 -8 -5 -8 -6 -8 -6 -8 -6 -9 -6 -8 -7 -9 -7 -9 -7 -9 -7 -9 -7 -9 -7 -9 -7 0 0 -9 -7 -9 -7 -9 -7 -10 -7 -10 -7 -10 -7 -10 -7 -11 -7 -10 -7 -11 -7 -12 -7 -11 -7 -11 -7 -11 -7 -12 -7 -13 -7 -12 -7 -13 -7 -12 -7 -13 -7 -13 -8 -13 -7 -13 -8 -13 -8 -13 -8 -13 -8 0 0 0 0 0 0 0 0 0 0
1784740930.079331,55796,-44,11,1,6,1,-95,1,651593321,128,0 0 0 0 0 0 0 0 0 0 0 0 6 -3 6 -2 6 -2 7 -2 7 -1 7 -1 7 -1 8 -1 8 -1 8 0 8 0 9 0 8 0 9 0 9 0 9 1 9 1 9 1 9 1 9 1 10 1 10 1 10 1 10 1 10 1 10 1 0 0 10 1 10 1 11 1 10 1 11 1 11 1 11 1 11 1 12 1 12 1 12 1 12 0 12 0 13 1 13 0 13 0 13 1 13 0 13 0 13 0 14 0 14 0 13 0 14 1 14 0 14 1 0 0 0 0 0 0 0 0 0 0
1784740930.097373,55797,-44,11,1,7,1,-95,1,651600870,128,0 0 0 0 0 0 0 0 0 0 0 0 6 2 6 2 6 3 6 3 6 4 6 4 6 4 6 4 6 4 6 5 6 5 6 5 6 5 6 5 6 5 6 6 6 6 7 6 6 6 7 6 7 6 7 6 7 7 6 7 6 7 7 7 0 0 7 7 7 7 7 7 8 7 7 6 8 7 8 6 9 6 9 6 9 7 9 7 9 7 9 7 9 7 10 7 10 7 10 7 10 7 11 7 11 7 11 7 11 7 11 7 11 8 11 8 11 7 0 0 0 0 0 0 0 0 0 0
1784740930.107467,55798,-41,11,1,7,0,-95,1,651610899,128,0 0 0 0 0 0 0 0 0 0 0 0 -8 0 -8 0 -8 0 -8 -1 -8 -1 -8 -1 -8 -1 -9 -1 -9 -2 -9 -1 -9 -2 -10 -2 -10 -2 -10 -2 -10 -3 -10 -3 -10 -3 -10 -3 -10 -3 -10 -3 -10 -3 -11 -3 -11 -3 -11 -3 -11 -3 -11 -3 0 0 -11 -3 -11 -3 -12 -3 -12 -3 -12 -2 -12 -3 -12 -2 -13 -2 -12 -2 -13 -2 -13 -2 -13 -1 -13 -2 -13 -1 -14 -1 -14 -1 -14 -2 -14 -1 -14 -1 -14 -1 -14 -1 -15 -1 -15 -1 -15 -1 -15 -1 -15 -1 0 0 0 0 0 0 0 0 0 0
1784740930.107467,55799,-44,11,1,7,1,-95,1,651620751,128,0 0 0 0 0 0 0 0 0 0 0 0 0 6 0 7 0 6 -1 7 -1 7 -1 7 -1 7 -1 8 -1 8 -2 8 -2 8 -2 8 -2 8 -2 9 -2 9 -3 9 -3 9 -3 9 -3 9 -3 9 -3 10 -4 9 -3 9 -3 9 -3 10 -4 10 0 0 -4 10 -3 10 -4 11 -3 10 -3 11 -3 11 -3 11 -3 11 -3 11 -2 11 -3 12 -2 12 -2 12 -2 13 -3 12 -3 13 -2 12 -2 13 -2 13 -2 13 -2 14 -3 14 -2 13 -2 14 -2 14 -3 14 0 0 0 0 0 0 0 0 0 0
1784740930.127737,55800,-45,11,1,7,1,-95,1,651630828,128,0 0 0 0 0 0 0 0 0 0 0 0 -1 -7 -1 -7 -1 -8 0 -8 0 -8 0 -8 0 -8 0 -9 0 -9 1 -9 1 -9 1 -9 1 -9 2 -10 2 -9 2 -10 2 -10 2 -10 3 -10 2 -10 2 -10 3 -10 3 -10 3 -10 3 -10 3 -10 0 0 3 -10 3 -11 3 -11 3 -11 2 -11 2 -11 2 -11 2 -12 2 -12 2 -13 2 -12 2 -12 2 -12 2 -13 2 -13 2 -13 2 -13 2 -13 2 -14 1 -14 2 -14 2 -14 2 -15 2 -14 2 -14 2 -14 0 0 0 0 0 0 0 0 0 0
1784740930.139336,55801,-44,11,1,6,1,-95,1,651642526,128,0 0 0 0 0 0 0 0 0 0 0 0 0 -7 0 -7 0 -8 1 -7 1 -8 1 -8 1 -8 2 -8 2 -8 2 -9 2 -8 2 -9 3 -9 3 -9 3 -9 4 -9 3 -9 4 -10 4 -9 4 -9 4 -10 4 -10 4 -10 4 -10 4 -10 4 -10 0 0 4 -10 4 -11 4 -10 4 -11 4 -10 4 -11 3 -11 3 -11 4 -11 3 -12 3 -12 3 -12 3 -12 3 -12 3 -13 3 -13 4 -13 3 -13 3 -14 3 -14 3 -14 3 -14 3 -14 3 -14 3 -14 3 -14 0 0 0 0 0 0 0 0 0 0
1784740930.139336,55802,-44,11,1,7,1,-95,1,651650927,128,0 0 0 0 0 0 0 0 0 0 0 0 4 4 4 5 3 5 3 6 3 6 3 6 3 6 3 6 3 7 3 6 3 7 3 7 3 8 3 8 3 8 2 8 2 9 2 8 2 9 2 9 2 9 2 9 2 9 2 9 3 9 3 10 0 0 3 10 2 9 3 10 3 9 3 10 4 10 3 10 4 10 4 10 4 10 5 10 5 10 5 10 5 11 5 10 5 11 5 11 6 12 6 11 6 11 6 11 6 12 6 11 6 11 6 11 7 12 0 0 0 0 0 0 0 0 0 0
1784740930.155259,55803,-44,11,1,7,1,-95,1,651660834,128,0 0 0 0 0 0 0 0 0 0 0 0 -7 -2 -7 -2 -8 -3 -7 -3 -8 -3 -8 -3 -8 -3 -8 -3 -8 -4 -8 -4 -8 -5 -8 -5 -8 -5 -8 -5 -8 -5 -9 -6 -9 -5 -9 -6 -9 -6 -9 -6 -9 -6 -9 -6 -9 -6 -9 -7 -9 -6 -9 -7 0 0 -10 -6 -10 -6 -10 -6 -11 -6 -10 -6 -11 -6 -11 -6 -11 -6 -11 -6 -12 -6 -12 -6 -12 -6 -11 -6 -12 -6 -13 -6 -13 -5 -13 -6 -13 -6 -13 -5 -14 -5 -14 -5 -14 -5 -14 -6 -14 -7 -14 -6 -14 -6 0 0 0 0 0 0 0 0 0 0
1784740930.155259,55804,-44,11,1,7,1,-95,1,651670775,128,0 0 0 0 0 0 0 0 0 0 0 0 6 3 6 3 5 4 6 4 5 4 6 5 5 5 6 5 6 5 6 6 6 6 6 6 6 7 6 7 6 7 6 7 6 8 6 7 6 8 6 8 6 8 6 8 6 8 6 8 6 8 6 8 0 0 6 9 6 8 7 9 6 8 7 8 7 8 7 8 8 8 8 9 8 8 8 8 8 8 9 9 9 9 8 9 9 9 9 9 9 9 9 9 10 9 10 9 10 10 10 9 10 9 10 9 10 10 0 0 0 0 0 0 0 0 0 0
1784740930.170972,55805,-44,11,1,7,1,-95,1,651680795,128,0 0 0 0 0 0 0 0 0 0 0 0 6 3 5 4 5 4 5 5 5 5 5 5 5 5 5 6 5 6 5 6 5 6 5 6 5 7 5 7 5 7 5 8 5 8 5 8 5 8 5 8 5 8 5 8 5 8 5 8 5 8 5 9 0 0 5 9 5 9 5 9 6 9 6 9 6 9 6 9 6 9 6 9 7 9 7 9 7 9 7 9 7 10 7 10 8 10 8 10 8 10 8 10 8 10 8 10 8 10 8 10 8 10 8 11 9 11 0 0 0 0 0 0 0 0 0 0
1784740930.188412,55806,-44,11,1,7,1,-95,1,651690772,128,0 0 0 0 0 0 0 0 0 0 0 0 1 -7 1 -7 2 -8 2 -8 2 -8 2 -8 2 -8 3 -8 3 -8 3 -8 4 -8 4 -8 4 -8 4 -8 4 -9 4 -9 5 -9 5 -9 5 -9 5 -9 5 -9 5 -9 5 -9 6 -9 6 -9 6 -9 0 0 5 -10 5 -10 5 -10 5 -10 5 -10 5 -10 5 -11 5 -11 5 -11 6 -12 6 -12 5 -12 5 -11 5 -12 5 -13 5 -13 6 -13 6 -13 5 -13 5 -13 5 -13 5 -14 6 -13 6 -13 6 -13 6 -13 0 0 0 0 0 0 0 0 0 0
1784740930.188412,55807,-45,11,1,7,1,-95,1,651700795,128,0 0 0 0 0 0 0 0 0 0 0 0 -4 -6 -4 -7 -4 -8 -4 -8 -3 -8 -4 -8 -3 -8 -3 -9 -3 -9 -3 -9 -3 -9 -3 -10 -2 -10 -2 -10 -2 -10 -2 -10 -2 -11 -1 -10 -1 -11 -2 -10 -1 -11 -2 -11 -2 -11 -2 -11 -2 -11 -2 -11 0 0 -2 -11 -2 -11 -2 -12 -2 -11 -3 -11 -3 -12 -3 -12 -3 -12 -3 -12 -4 -12 -4 -12 -5 -12 -4 -13 -4 -13 -4 -13 -5 -14 -4 -13 -5 -13 -5 -13 -5 -14 -5 -13 -5 -14 -5 -13 -5 -14 -5 -14 -6 -14 0 0 0 0 0 0 0 0 0 0
1784740930.202698,55808,-44,11,1,7,1,-95,1,651710858,128,0 0 0 0 0 0 0 0 0 0 0 0 1 6 0 7 0 7 0 7 -1 7 -1 7 -1 7 -1 8 -2 8 -1 8 -2 8 -2 8 -2 8 -3 9 -3 9 -3 8 -3 9 -3 9 -3 9 -3 9 -3 9 -3 9 -3 9 -3 9 -3 9 -3 9 0 0 -3 10 -3 10 -3 10 -3 10 -3 10 -3 10 -3 10 -2 11 -3 11 -2 11 -2 11 -2 12 -2 12 -2 12 -2 12 -2 12 -2 12 -2 12 -2 13 -2 13 -2 13 -2 13 -2 13 -2 13 -2 13 -2 14 0 0 0 0 0 0 0 0 0 0
1784740930.202698,55809,-44,11,1,7,1,-95,1,651720776,128,0 0 0 0 0 0 0 0 0 0 0 0 -2 -7 -2 -7 -1 -8 -1 -8 -1 -8 -1 -8 -1 -8 0 -8 0 -9 0 -9 0 -9 0 -9 0 -9 0 -9 1 -9 1 -10 1 -10 1 -10 1 -10 1 -10 1 -10 1 -10 1 -10 1 -11 1 -11 1 -11 0 0 1 -11 1 -11 1 -11 1 -12 1 -12 1 -12 1 -12 1 -12 0 -12 0 -13 0 -13 0 -13 0 -13 0 -13 -1 -14 0 -14 0 -14 0 -15 0 -15 0 -15 0 -15 0 -15 0 -15 0 -15 0 -15 0 -15 0 0 0 0 0 0 0 0 0 0
1784740930.218629,55810,-44,11,1,7,1,-95,1,651730866,128,0 0 0 0 0 0 0 0 0 0 0 0 4 4 4 4 4 5 3 5 4 5 4 6 3 6 4 6 3 7 4 6 3 7 3 7 3 7 3 7 4 8 3 8 3 8 3 8 3 9 3 9 3 9 3 9 3 9 3 9 3 9 3 9 0 0 4 10 3 10 3 10 4 9 4 9 4 10 4 10 4 10 4 10 5 10 5 10 6 10 5 11 5 11 5 11 5 11 5 11 6 11 6 11 6 12 6 12 6 12 6 11 6 11 6 12 6 12 0 0 0 0 0 0 0 0 0 0
1784740930.234563,55811,-44,11,1,7,1,-95,1,651740839,128,0 0 0 0 0 0 0 0 0 0 0 0 6 3 6 3 6 4 5 4 6 4 5 4 6 5 6 5 6 5 6 6 5 6 6 6 5 7 5 7 5 7 5 7 5 7 6 8 5 7 6 8 6 8 6 8 6 8 5 8 5 8 5 8 0 0 6 8 6 9 6 8 7 9 6 8 7 8 7 8 7 8 7 8 8 9 8 9 8 9 8 9 8 9 9 9 8 8 9 9 9 9 9 9 9 9 9 9 10 9 10 10 9 9 9 9 10 9 0 0 0 0 0 0 0 0 0 0
1784740930.234563,55812,-44,11,1,7,1,-95,1,651751265,128,0 0 0 0 0 0 0 0 0 0 0 0 7 1 7 1 7 2 7 2 7 3 7 3 7 3 7 3 7 4 7 4 7 4 7 5 7 5 7 5 8 5 7 6 8 6 7 6 7 6 7 6 8 6 7 6 8 6 7 6 8 6 8 6 0 0 8 6 8 6 8 6 9 6 9 6 9 6 9 5 9 6 10 6 10 6 10 6 10 5 11 5 11 6 11 5 12 6 11 6 12 6 12 6 12 6 12 6 12 6 12 6 12 6 12 6 13 6 0 0 0 0 0 0 0 0 0 0
1784740930.255263,55813,-44,11,1,7,1,-95,1,651760832,128,0 0 0 0 0 0 0 0 0 0 0 0 2 6 1 7 1 7 0 7 0 7 0 8 0 8 0 8 -1 8 -1 8 -1 9 -1 9 -1 9 -1 9 -2 9 -2 9 -2 9 -2 9 -2 9 -3 9 -3 9 -3 9 -2 9 -2 9 -2 10 -2 10 0 0 -2 10 -2 10 -2 10 -2 10 -1 10 -2 11 -1 11 -1 11 -2 11 -1 12 -1 12 0 12 0 12 -1 12 -1 13 0 13 0 13 0 13 0 13 -1 14 -1 14 0 14 0 14 0 14 0 14 0 14 0 0 0 0 0 0 0 0 0 0
1784740930.266184,55814,-45,11,1,7,1,-95,1,651771162,128,0 0 0 0 0 0 0 0 0 0 0 0 6 -3 6 -2 7 -2 7 -2 7 -1 7 -1 8 -1 8 -1 8 -1 8 0 8 0 8 0 9 0 8 1 8 0 9 1 9 1 9 1 9 1 9 1 9 1 9 1 9 1 9 1 9 1 9 1 0 0 9 1 10 0 10 0 10 0 10 0 10 0 10 0 11 -1 11 -1 12 -1 12 -1 12 -1 11 -1 12 -1 12 -1 13 -2 13 -1 13 -1 13 -2 13 -2 13 -2 13 -2 13 -1 14 -1 14 -1 14 -1 0 0 0 0 0 0 0 0 0 0
1784740930.266184,55815,-44,11,1,7,1,-95,1,651780872,128,0 0 0 0 0 0 0 0 0 0 0 0 -6 4 -6 4 -7 4 -7 4 -7 3 -8 3 -8 3 -8 3 -8 3 -8 3 -9 3 -9 3 -9 3 -9 3 -10 3 -10 2 -10 2 -10 2 -10 2 -10 2 -10 2 -10 2 -10 2 -10 2 -10 2 -10 3 0 0 -11 3 -11 3 -11 3 -11 3 -11 3 -11 3 -11 4 -12 4 -12 4 -12 4 -12 5 -12 5 -12 5 -13 5 -13 5 -13 5 -13 5 -13 5 -14 5 -14 5 -13 5 -14 5 -14 5 -14 5 -14 6 -14 6 0 0 0 0 0 0 0 0 0 0
1784740930.282341,55816,-44,11,1,7,1,-95,1,651790846,128,0 0 0 0 0 0 0 0 0 0 0 0 -2 6 -2 6 -3 7 -3 7 -4 6 -4 7 -4 7 -4 7 -5 7 -4 7 -5 7 -5 7 -5 7 -5 7 -6 8 -6 7 -6 7 -6 7 -6 7 -6 7 -6 8 -7 7 -6 8 -6 8 -6 8 -7 8 0 0 -7 8 -7 8 -7 9 -6 8 -6 9 -6 9 -7 9 -6 10 -7 10 -6 10 -6 10 -6 11 -6 11 -6 11 -7 11 -7 11 -6 11 -7 12 -7 12 -7 12 -6 12 -7 12 -6 12 -7 12 -6 12 -7 13 0 0 0 0 0 0 0 0 0 0
1784740930.282341,55817,-44,11,1,7,1,-95,1,651800871,128,0 0 0 0 0 0 0 0 0 0 0 0 7 -2 7 -1 7 -1 7 -1 8 0 7 0 8 0 8 0 8 0 8 1 8 1 8 1 8 2 9 2 8 1 9 2 9 1 9 2 9 2 9 2 9 2 9 2 10 2 9 2 9 2 9 2 0 0 10 2 10 1 9 1 11 1 10 1 11 1 10 0 11 1 11 0 12 0 12 0 12 0 11 0 11 0 13 -1 12 -1 13 0 13 -1 13 -1 13 -1 13 -1 13 -1 14 -1 14 0 14 -1 14 -1 0 0 0 0 0 0 0 0 0 0
1784740930.299105,55818,-45,11,1,7,1,-95,1,651810825,128,0 0 0 0 0 0 0 0 0 0 0 0 -7 1 -7 1 -8 1 -8 0 -8 0 -8 0 -8 0 -9 0 -9 0 -9 -1 -9 -1 -9 -1 -9 -1 -9 -2 -10 -2 -9 -2 -10 -2 -10 -2 -10 -2 -10 -2 -10 -2 -10 -2 -10 -2 -10 -2 -10 -2 -10 -2 0 0 -10 -2 -11 -2 -11 -2 -11 -2 -11 -1 -11 -1 -11 -1 -11 -1 -12 -1 -12 -1 -12 -1 -12 -1 -12 0 -13 -1 -13 0 -14 0 -13 -1 -14 0 -14 0 -14 0 -14 0 -15 0 -14 0 -15 -1 -15 -1 -15 0 0 0 0 0 0 0 0 0 0 0
1784740930.314281,55819,-44,11,1,7,1,-95,1,651820804,128,0 0 0 0 0 0 0 0 0 0 0 0 5 -4 6 -4 6 -4 6 -4 6 -4 7 -4 7 -3 7 -3 7 -3 7 -3 8 -3 8 -3 8 -3 8 -3 9 -3 9 -2 9 -2 9 -2 9 -2 9 -2 9 -2 9 -2 9 -3 9 -3 9 -3 10 -3 0 0 10 -3 10 -3 10 -3 10 -3 10 -3 10 -4 10 -4 10 -4 11 -4 11 -5 11 -5 11 -5 11 -6 12 -6 11 -5 12 -5 12 -5 12 -6 13 -6 13 -6 13 -6 13 -6 13 -6 13 -6 13 -6 14 -7 0 0 0 0 0 0 0 0 0 0
1784740930.314281,55820,-44,11,1,7,1,-95,1,651830820,128,0 0 0 0 0 0 0 0 0 0 0 0 -7 3 -7 3 -7 3 -8 2 -8 2 -8 2 -8 2 -8 2 -9 2 -9 1 -9 1 -9 1 -9 0 -9 1 -10 1 -10 1 -10 1 -10 1 -10 1 -10 1 -10 1 -10 1 -10 1 -10 0 -11 0 -11 1 0 0 -11 1 -11 1 -11 2 -12 2 -11 2 -12 2 -11 2 -12 3 -12 3 -13 3 -13 3 -12 3 -12 3 -12 3 -13 4 -13 4 -13 3 -14 4 -14 4 -14 5 -14 4 -14 5 -15 4 -15 3 -15 4 -14 4 0 0 0 0 0 0 0 0 0 0
1784740930.330056,55821,-44,11,1,7,1,-95,1,651840842,128,0 0 0 0 0 0 0 0 0 0 0 0 -6 4 -6 4 -7 4 -8 3 -7 3 -8 3 -8 3 -9 3 -9 3 -8 3 -9 3 -9 3 -9 2 -9 2 -10 2 -10 2 -10 2 -10 2 -10 2 -10 2 -10 2 -10 2 -10 2 -11 2 -10 2 -11 3 0 0 -11 3 -11 3 -11 3 -11 3 -11 4 -11 4 -11 4 -11 4 -11 4 -12 5 -12 5 -12 5 -12 5 -12 6 -12 6 -13 6 -12 5 -13 6 -13 6 -13 6 -13 6 -13 7 -13 7 -13 6 -14 6 -14 7 0 0 0 0 0 0 0 0 0 0
1784740930.348771,55822,-44,11,1,7,1,-95,1,651850732,128,0 0 0 0 0 0 0 0 0 0 0 0 4 5 4 6 4 6 3 7 3 7 3 7 3 7 3 7 3 8 2 8 2 8 2 8 2 9 2 8 2 8 2 9 2 9 2 9 2 9 2 9 2 9 2 9 2 10 2 9 1 10 2 10 0 0 2 10 2 10 2 10 3 11 3 10 3 10 3 10 4 11 3 11 4 11 4 11 4 11 4 11 4 11 5 12 5 11 5 12 5 12 5 12 5 12 5 12 5 12 5 13 5 13 5 13 5 13 0 0 0 0 0 0 0 0 0 0
1784740930.355514,55823,-44,11,1,7,1,-95,1,651860733,128,0 0 0 0 0 0 0 0 0 0 0 0 4 -7 4 -7 5 -7 5 -7 5 -6 5 -7 6 -6 6 -6 6 -6 6 -6 6 -6 7 -6 7 -6 7 -6 8 -6 8 -6 8 -6 8 -6 8 -6 8 -6 8 -6 8 -6 8 -6 8 -6 8 -6 8 -6 0 0 9 -6 8 -7 9 -7 8 -7 9 -7 9 -7 9 -7 9 -7 9 -8 9 -8 9 -8 8 -9 8 -9 9 -9 9 -9 9 -10 9 -9 9 -10 9 -10 10 -10 10 -10 10 -10 9 -10 9 -10 9 -11 9 -10 0 0 0 0 0 0 0 0 0 0
1784740930.362276,55824,-44,11,1,7,1,-95,1,651870862,128,0 0 0 0 0 0 0 0 0 0 0 0 6 3 6 4 6 4 6 5 6 5 5 5 5 6 5 6 5 6 5 6 5 6 5 7 5 7 5 7 5 7 5 8 5 8 5 8 5 8 4 8 5 8 4 8 5 8 5 8 5 8 5 8 0 0 5 8 5 8 5 9 5 8 6 8 6 8 6 8 7 8 7 9 7 8 7 8 8 8 7 9 8 9 8 9 8 9 8 9 8 9 9 9 9 9 9 9 9 10 9 9 9 9 9 9 9 9 0 0 0 0 0 0 0 0 0 0
1784740930.378053,55825,-44,11,1,7,1,-95,1,651880811,128,0 0 0 0 0 0 0 0 0 0 0 0 7 -1 7 -1 8 0 7 0 8 0 7 0 8 1 8 1 8 1 8 1 8 2 9 2 9 2 9 2 9 2 9 3 9 2 9 3 9 3 9 3 9 3 9 3 10 3 9 3 9 3 9 3 0 0 9 3 10 3 9 3 11 3 10 2 10 2 10 2 11 2 11 2 12 2 11 2 12 1 11 2 11 2 13 1 12 1 13 2 13 1 13 1 13 1 13 1 13 1 14 1 14 2 14 1 14 2 0 0 0 0 0 0 0 0 0 0
1784740930.378053,55826,-44,11,1,7,1,-95,1,651890832,128,0 0 0 0 0 0 0 0 0 0 0 0 7 1 7 1 7 2 7 2 7 2 7 3 7 3 7 3 7 3 7 4 7 4 7 4 7 4 7 5 7 5 7 5 8 5 8 5 8 5 8 5 8 5 8 5 8 5 8 5 7 5 8 5 0 0 8 5 8 5 9 5 9 5 9 5 9 5 9 4 10 5 10 4 10 4 10 5 10 4 10 4 11 4 11 4 12 4 11 4 12 4 12 4 13 4 12 4 12 4 12 5 13 5 13 5 13 5 0 0 0 0 0 0 0 0 0 0
1784740930.393872,55827,-45,11,1,7,1,-95,1,651900793,128,0 0 0 0 0 0 0 0 0 0 0 0 7 -1 7 -1 7 0 7 0 7 0 7 1 7 1 7 1 8 2 8 1 8 1 8 2 8 2 8 2 8 2 8 3 9 2 8 2 8 3 8 3 9 3 8 3 8 2 9 3 9 3 9 2 0 0 9 3 9 3 10 3 10 2 10 2 10 3 10 2 10 2 11 2 11 2 11 2 11 2 12 2 12 2 12 2 13 2 12 2 13 2 13 2 13 2 13 2 14 2 13 2 13 2 13 2 14 2 0 0 0 0 0 0 0 0 0 0
1784740930.393872,55828,-45,11,1,7,1,-95,1,651910813,128,0 0 0 0 0 0 0 0 0 0 0 0 4 5 4 5 4 6 3 6 3 6 3 6 3 6 3 6 3 7 3 7 3 7 3 7 2 7 2 8 3 8 3 8 3 8 3 8 3 8 3 8 3 8 3 8 3 9 3 9 3 9 3 9 0 0 3 9 4 9 4 9 4 9 4 9 4 9 5 9 5 10 5 9 6 10 5 10 5 10 5 10 5 10 6 11 6 11 6 11 6 11 7 11 7 11 7 12 7 11 7 12 6 12 6 12 6 12 0 0 0 0 0 0 0 0 0 0
1784740930.409716,55829,-42,11,1,7,0,-95,1,651923554,128,0 0 0 0 0 0 0 0 0 0 0 0 6 -4 7 -3 8 -3 7 -3 8 -3 8 -2 8 -2 8 -2 8 -2 9 -2 9 -1 9 -1 10 -1 9 -1 10 -1 10 -1 10 -1 10 -1 10 -1 10 -1 11 -1 11 -2 11 -1 11 -1 11 -1 11 -1 0 0 12 -2 12 -2 12 -2 12 -2 12 -3 13 -3 13 -3 13 -3 13 -3 14 -4 14 -3 14 -3 14 -4 14 -4 14 -4 14 -4 15 -4 15 -4 15 -5 15 -5 15 -5 16 -5 16 -5 16 -4 16 -4 16 -4 0 0 0 0 0 0 0 0 0 0
1784740930.427428,55830,-45,11,1,7,1,-95,1,651930806,128,0 0 0 0 0 0 0 0 0 0 0 0 -1 6 -1 6 -1 6 -2 7 -2 6 -2 7 -2 7 -3 7 -3 7 -3 7 -3 7 -4 7 -4 7 -4 7 -4 8 -5 7 -5 8 -4 8 -5 8 -5 8 -5 8 -5 8 -5 8 -5 8 -5 8 -5 9 0 0 -5 9 -5 9 -5 9 -5 9 -5 9 -5 10 -5 10 -4 10 -5 10 -4 11 -5 11 -5 11 -5 11 -5 12 -5 11 -5 12 -5 12 -5 12 -5 12 -5 12 -5 12 -5 13 -5 12 -5 12 -5 13 -5 13 0 0 0 0 0 0 0 0 0 0
1784740930.427428,55831,-44,11,1,7,1,-95,1,651940798,128,0 0 0 0 0 0 0 0 0 0 0 0 0 -7 1 -8 2 -8 2 -8 2 -8 2 -8 3 -8 3 -8 3 -8 3 -8 3 -8 3 -8 3 -8 4 -8 4 -9 4 -8 5 -9 4 -9 5 -9 4 -9 5 -9 5 -9 4 -9 5 -9 4 -9 5 -10 0 0 5 -10 5 -10 5 -10 5 -10 4 -10 5 -11 4 -11 4 -11 5 -11 4 -12 4 -12 4 -12 4 -13 4 -13 4 -13 5 -13 4 -13 4 -14 4 -14 4 -14 4 -14 4 -14 4 -14 4 -14 4 -14 5 -14 0 0 0 0 0 0 0 0 0 0
1784740930.441744,55832,-44,11,1,7,1,-95,1,651950837,128,0 0 0 0 0 0 0 0 0 0 0 0 -3 6 -3 6 -4 6 -4 6 -4 6 -5 6 -5 6 -5 6 -5 6 -5 6 -6 6 -6 6 -6 6 -6 6 -6 6 -6 6 -7 6 -7 6 -7 6 -7 6 -7 7 -7 7 -7 7 -7 7 -7 7 -7 7 0 0 -7 7 -7 8 -7 7 -8 8 -7 8 -8 8 -7 8 -8 9 -7 9 -8 10 -8 9 -7 9 -8 9 -8 9 -7 11 -8 10 -8 11 -8 11 -8 11 -8 11 -8 11 -8 11 -9 11 -9 11 -9 11 -9 11 0 0 0 0 0 0 0 0 0 0
1784740930.457528,55833,-44,11,1,7,1,-95,1,651960755,128,0 0 0 0 0 0 0 0 0 0 0 0 2 -7 2 -7 3 -7 4 -7 4 -7 4 -7 4 -7 5 -7 5 -7 5 -7 5 -7 5 -7 6 -7 6 -7 6 -7 6 -7 6 -7 7 -7 7 -7 7 -7 7 -7 7 -7 7 -8 7 -8 7 -8 7 -8 0 0 7 -8 7 -8 7 -8 7 -9 7 -9 7 -9 7 -9 7 -10 7 -10 7 -10 8 -10 7 -11 7 -11 7 -11 7 -11 8 -12 8 -11 8 -11 8 -12 8 -12 8 -12 8 -12 8 -12 8 -12 8 -12 9 -12 0 0 0 0 0 0 0 0 0 0
1784740930.457528,55834,-44,11,1,7,1,-95,1,651970792,128,0 0 0 0 0 0 0 0 0 0 0 0 -5 -6 -5 -6 -4 -7 -4 -7 -4 -7 -4 -7 -4 -7 -4 -8 -4 -8 -4 -8 -4 -8 -4 -9 -4 -9 -3 -9 -3 -9 -3 -9 -3 -10 -3 -10 -3 -10 -3 -10 -4 -10 -3 -10 -4 -10 -4 -10 -3 -10 -4 -10 0 0 -4 -11 -4 -11 -4 -11 -5 -11 -4 -11 -5 -11 -5 -11 -5 -11 -5 -12 -6 -12 -6 -12 -6 -12 -6 -12 -6 -12 -6 -13 -6 -13 -6 -13 -6 -13 -6 -13 -7 -13 -7 -13 -7 -14 -6 -14 -6 -14 -6 -14 -7 -14 0 0 0 0 0 0 0 0 0 0
1784740930.476861,55835,-44,11,1,7,1,-95,1,651980852,128,0 0 0 0 0 0 0 0 0 0 0 0 -7 3 -7 3 -8 2 -8 2 -8 2 -8 2 -8 2 -9 1 -9 1 -9 1 -9 1 -10 1 -10 0 -10 0 -10 1 -10 0 -10 0 -10 0 -11 0 -11 1 -11 0 -11 0 -11 0 -11 0 -11 0 -11 0 0 0 -12 1 -12 1 -12 1 -12 1 -12 1 -12 1 -12 1 -13 2 -13 2 -13 2 -13 2 -13 2 -13 2 -14 2 -14 3 -14 3 -14 2 -14 3 -14 3 -15 3 -15 3 -15 3 -14 3 -15 2 -15 2 -15 3 0 0 0 0 0 0 0 0 0 0
1784740930.476861,55836,-44,11,1,7,1,-95,1,651990809,128,0 0 0 0 0 0 0 0 0 0 0 0 -3 -7 -2 -8 -2 -8 -2 -8 -1 -8 -1 -9 -1 -9 -1 -9 0 -9 -1 -9 0 -9 0 -9 0 -10 0 -10 0 -10 1 -10 1 -10 1 -10 1 -10 1 -10 1 -11 1 -11 0 -10 1 -10 1 -11 1 -11 0 0 1 -11 1 -11 1 -11 0 -11 0 -11 0 -12 0 -12 0 -12 0 -12 -1 -12 -1 -13 -1 -13 -1 -13 -1 -14 -1 -13 -1 -14 -1 -13 -1 -14 -1 -14 -1 -14 -1 -14 -1 -15 -1 -14 -1 -14 -1 -15 -1 -15 0 0 0 0 0 0 0 0 0 0
1784740930.489493,55837,-44,11,1,7,1,-95,1,652001756,128,0 0 0 0 0 0 0 0 0 0 0 0 6 4 6 4 5 5 6 5 5 5 5 5 5 6 5 6 5 6 5 6 5 7 5 7 5 7 5 7 5 7 5 8 5 8 5 8 5 8 5 8 5 8 5 8 5 8 5 8 5 8 5 8 0 0 6 8 6 8 6 8 6 8 7 8 7 8 7 8 7 8 7 8 8 9 8 9 8 8 8 8 8 9 9 8 9 9 9 9 10 9 9 9 10 9 10 9 10 9 9 9 10 10 9 9 10 9 0 0 0 0 0 0 0 0 0 0
1784740930.505712,55838,-44,11,1,7,1,-95,1,652010822,128,0 0 0 0 0 0 0 0 0 0 0 0 1 7 1 7 0 7 0 8 -1 8 -1 8 -1 8 -1 8 -1 8 -1 8 -2 8 -2 8 -2 8 -2 9 -2 9 -2 8 -2 9 -3 9 -3 9 -3 9 -3 9 -3 9 -2 9 -3 9 -2 9 -2 10 0 0 -2 10 -2 10 -2 10 -2 10 -2 10 -2 11 -2 11 -1 11 -1 11 -1 11 -1 12 -1 12 -1 12 -1 12 0 12 -1 13 0 12 0 13 0 13 0 13 0 13 0 13 0 13 0 13 0 13 0 14 0 0 0 0 0 0 0 0 0 0
1784740930.505712,55839,-45,11,1,7,1,-95,1,652020793,128,0 0 0 0 0 0 0 0 0 0 0 0 -7 4 -7 4 -8 3 -8 3 -8 3 -8 2 -8 2 -9 3 -9 2 -9 2 -9 2 -9 2 -9 2 -9 2 -9 2 -10 1 -10 2 -9 1 -10 1 -10 2 -10 2 -10 1 -10 2 -10 2 -10 2 -10 2 0 0 -11 2 -11 2 -11 3 -11 3 -10 3 -11 3 -11 3 -11 4 -12 3 -12 4 -12 4 -12 4 -12 4 -12 5 -13 5 -13 5 -13 5 -13 5 -13 5 -13 5 -13 5 -13 5 -13 5 -13 5 -13 5 -14 6 0 0 0 0 0 0 0 0 0 0
1784740930.521945,55840,-45,11,1,7,1,-95,1,652030790,128,0 0 0 0 0 0 0 0 0 0 0 0 -8 0 -8 0 -8 -1 -8 -1 -8 -1 -8 -1 -9 -1 -9 -1 -9 -2 -9 -2 -9 -3 -9 -3 -9 -3 -9 -3 -9 -3 -9 -3 -9 -3 -10 -3 -9 -3 -10 -3 -10 -3 -10 -3 -10 -3 -10 -3 -10 -3 -10 -3 0 0 -10 -3 -11 -2 -10 -2 -12 -2 -11 -2 -12 -2 -12 -2 -12 -2 -12 -2 -13 -2 -13 -2 -13 -2 -13 -2 -13 -2 -14 -2 -14 -1 -14 -2 -14 -2 -14 -2 -15 -1 -15 -2 -15 -1 -15 -2 -15 -3 -15 -3 -15 -2 0 0 0 0 0 0 0 0 0 0
1784740930.521945,55841,-45,11,1,7,1,-95,1,652040786,128,0 0 0 0 0 0 0 0 0 0 0 0 -7 -2 -8 -2 -7 -3 -8 -3 -7 -3 -7 -4 -7 -3 -8 -4 -8 -4 -7 -4 -8 -5 -8 -5 -8 -5 -8 -5 -8 -5 -8 -5 -8 -6 -8 -6 -8 -6 -8 -5 -8 -5 -8 -6 -8 -6 -8 -6 -9 -6 -9 -6 0 0 -10 -6 -10 -6 -10 -6 -10 -6 -10 -6 -11 -6 -11 -6 -11 -6 -11 -6 -12 -6 -12 -6 -12 -6 -12 -6 -12 -6 -12 -6 -13 -6 -12 -6 -13 -6 -13 -6 -13 -6 -14 -6 -14 -6 -13 -7 -14 -7 -14 -7 -14 -7 0 0 0 0 0 0 0 0 0 0
1784740930.538036,55842,-44,11,1,7,1,-95,1,652051714,128,0 0 0 0 0 0 0 0 0 0 0 0 -7 -3 -7 -3 -7 -4 -7 -4 -7 -4 -7 -4 -7 -4 -7 -4 -8 -5 -7 -5 -7 -5 -7 -6 -7 -6 -8 -6 -7 -6 -8 -6 -8 -6 -8 -6 -8 -6 -8 -6 -8 -6 -9 -6 -9 -6 -8 -7 -8 -7 -9 -7 0 0 -9 -6 -10 -7 -9 -6 -10 -7 -10 -6 -10 -6 -11 -6 -11 -6 -11 -6 -12 -7 -12 -7 -12 -7 -12 -7 -12 -7 -13 -7 -13 -6 -13 -7 -13 -7 -13 -7 -14 -6 -14 -7 -14 -6 -14 -7 -14 -7 -14 -8 -14 -7 0 0 0 0 0 0 0 0 0 0
1784740930.556292,55843,-45,11,1,7,1,-95,1,652060800,128,0 0 0 0 0 0 0 0 0 0 0 0 7 -1 7 0 7 0 7 1 7 1 7 1 7 1 7 1 8 1 8 2 8 2 8 2 8 3 8 3 8 2 8 3 8 3 9 3 8 3 9 3 8 2 9 3 9 3 9 3 9 3 9 3 0 0 10 3 10 2 10 2 11 2 10 2 10 2 11 2 11 2 11 1 12 2 12 2 12 2 12 2 12 2 13 1 13 1 13 2 13 2 13 1 14 1 14 1 14 1 14 1 14 2 14 2 14 2 0 0 0 0 0 0 0 0 0 0
1784740930.570086,55844,-44,11,1,7,1,-95,1,652070835,128,0 0 0 0 0 0 0 0 0 0 0 0 6 -4 6 -3 6 -3 7 -3 7 -2 7 -2 7 -2 7 -2 8 -2 8 -2 8 -2 8 -2 8 -2 8 -1 9 -1 8 -1 9 -1 9 -1 9 -1 9 -1 9 -1 9 -1 9 -1 9 -1 9 -1 10 -1 0 0 10 -2 10 -2 10 -1 10 -2 10 -2 10 -2 10 -3 11 -3 11 -3 11 -3 11 -3 12 -4 12 -4 12 -4 12 -4 13 -4 12 -4 13 -4 13 -4 13 -4 13 -4 13 -4 13 -4 13 -4 13 -4 14 -4 0 0 0 0 0 0 0 0 0 0
1784740930.589333,55845,-44,11,1,7,1,-95,1,652092903,128,0 0 0 0 0 0 0 0 0 0 0 0 -8 0 -8 0 -8 -1 -8 -1 -8 -1 -8 -2 -9 -1 -9 -2 -9 -2 -9 -2 -9 -3 -9 -3 -9 -3 -9 -3 -9 -3 -10 -3 -9 -3 -10 -3 -10 -3 -10 -3 -10 -3 -10 -3 -11 -3 -10 -3 -10 -3 -10 -3 0 0 -11 -3 -11 -3 -11 -2 -12 -2 -11 -2 -12 -2 -12 -2 -12 -2 -12 -2 -14 -2 -13 -2 -13 -2 -13 -2 -13 -1 -14 -1 -14 -1 -15 -1 -14 -1 -15 -1 -15 -1 -15 -1 -15 -1 -16 -2 -16 -2 -15 -2 -15 -1 0 0 0 0 0 0 0 0 0 0
1784740930.589333,55846,-44,11,1,7,1,-95,1,652104150,128,0 0 0 0 0 0 0 0 0 0 0 0 -6 4 -6 4 -6 4 -7 4 -7 4 -7 4 -7 3 -8 3 -8 3 -8 3 -8 3 -8 4 -8 3 -9 3 -9 3 -9 3 -9 3 -9 3 -9 3 -9 3 -9 3 -10 3 -9 4 -9 4 -9 4 -10 4 0 0 -10 4 -10 4 -10 4 -10 5 -10 5 -10 5 -10 5 -10 6 -11 6 -10 6 -11 7 -11 7 -11 7 -11 7 -11 7 -12 7 -11 7 -12 8 -12 8 -12 8 -12 8 -12 8 -12 8 -12 8 -12 8 -13 8 0 0 0 0 0 0 0 0 0 0
1784740930.602076,55847,-44,11,1,7,1,-95,1,652110732,128,0 0 0 0 0 0 0 0 0 0 0 0 -8 -2 -8 -3 -8 -3 -8 -3 -8 -4 -8 -4 -8 -4 -8 -4 -8 -4 -8 -5 -8 -5 -8 -5 -8 -5 -8 -5 -8 -6 -8 -6 -9 -6 -9 -6 -8 -6 -9 -6 -9 -6 -9 -6 -9 -6 -9 -6 -9 -6 -9 -6 0 0 -10 -6 -10 -6 -10 -6 -10 -6 -10 -6 -11 -6 -11 -6 -11 -6 -11 -6 -12 -6 -12 -6 -12 -6 -12 -6 -12 -6 -13 -6 -13 -6 -13 -7 -13 -6 -13 -7 -14 -7 -14 -6 -14 -7 -14 -6 -14 -7 -14 -7 -14 -7 0 0 0 0 0 0 0 0 0 0
1784740930.618024,55848,-45,11,1,7,1,-95,1,652120802,128,0 0 0 0 0 0 0 0 0 0 0 0 -8 -3 -7 -3 -7 -4 -7 -4 -7 -4 -8 -5 -8 -5 -7 -5 -8 -5 -7 -6 -7 -6 -8 -6 -7 -6 -8 -7 -8 -6 -8 -7 -8 -7 -8 -7 -8 -7 -8 -7 -8 -7 -8 -7 -8 -7 -8 -7 -8 -7 -9 -7 0 0 -9 -7 -9 -7 -9 -7 -10 -7 -10 -7 -10 -7 -10 -7 -10 -7 -11 -7 -12 -7 -11 -7 -12 -7 -11 -7 -11 -7 -13 -7 -13 -7 -12 -8 -13 -8 -13 -8 -13 -8 -13 -8 -13 -8 -13 -8 -13 -9 -13 -8 -13 -8 0 0 0 0 0 0 0 0 0 0
1784740930.618024,55849,-44,11,1,7,1,-95,1,652130866,128,0 0 0 0 0 0 0 0 0 0 0 0 4 5 4 5 4 6 3 6 3 6 3 6 3 7 3 7 3 7 3 7 3 7 3 7 3 8 3 8 3 8 2 8 2 9 2 9 2 9 2 9 2 9 2 9 3 9 3 9 3 9 3 10 0 0 3 10 3 10 3 10 3 10 4 10 4 10 4 10 4 10 4 10 5 10 5 10 6 10 6 10 6 11 6 11 6 11 6 11 6 11 6 12 6 12 6 12 6 12 7 12 7 12 7 12 7 12 0 0 0 0 0 0 0 0 0 0
1784740930.633743,55850,-45,11,1,7,1,-95,1,652140802,128,0 0 0 0 0 0 0 0 0 0 0 0 1 7 1 7 0 7 0 7 -1 8 -1 7 -1 8 -1 8 -1 8 -2 8 -2 9 -2 8 -3 9 -2 9 -2 9 -3 9 -3 9 -3 10 -3 9 -3 9 -3 9 -3 10 -3 10 -3 10 -3 9 -3 10 0 0 -3 10 -3 10 -2 10 -2 11 -2 10 -2 11 -2 11 -2 11 -2 11 -2 12 -2 12 -2 12 -2 12 -1 12 -1 13 -1 13 -2 13 -1 13 -1 13 -1 14 -1 14 -1 14 -1 14 -2 14 -2 14 -2 14 0 0 0 0 0 0 0 0 0 0
1784740930.633743,55851,-44,11,1,7,1,-95,1,652150826,128,0 0 0 0 0 0 0 0 0 0 0 0 7 -1 7 -1 7 0 7 0 7 0 7 0 7 1 8 1 8 1 8 1 8 1 8 2 8 2 8 2 9 2 9 2 9 2 9 2 9 3 9 3 9 2 9 3 9 2 9 3 9 3 9 3 0 0 10 3 10 2 10 2 10 2 10 2 10 2 10 2 11 1 11 1 11 1 11 1 12 1 12 1 12 1 12 0 13 1 13 1 13 1 13 1 13 0 13 1 13 0 13 1 14 1 14 1 14 1 0 0 0 0 0 0 0 0 0 0
1784740930.656634,55852,-45,11,1,7,1,-95,1,652161940,128,0 0 0 0 0 0 0 0 0 0 0 0 3 -7 4 -7 4 -7 4 -6 5 -7 5 -6 5 -6 5 -6 6 -7 6 -6 6 -6 6 -6 7 -6 7 -6 7 -6 7 -6 7 -6 8 -6 7 -6 8 -6 7 -7 8 -6 8 -6 8 -6 8 -6 8 -6 0 0 7 -7 8 -7 7 -7 8 -8 7 -7 8 -8 7 -8 8 -8 8 -8 8 -9 8 -9 8 -9 8 -9 7 -9 8 -11 7 -10 9 -11 8 -10 8 -11 8 -11 8 -11 8 -11 9 -11 9 -11 9 -11 8 -11 0 0 0 0 0 0 0 0 0 0
1784740930.666447,55853,-44,11,1,7,1,-95,1,652170728,128,0 0 0 0 0 0 0 0 0 0 0 0 -2 -8 -2 -8 -2 -8 -1 -8 -1 -8 -1 -8 -1 -9 -1 -9 -1 -9 0 -9 0 -9 1 -9 1 -10 1 -10 0 -10 1 -10 1 -10 1 -11 1 -10 1 -11 0 -10 0 -11 1 -11 1 -10 2 -10 1 -10 0 0 1 -11 1 -11 0 -11 0 -12 0 -11 0 -12 -1 -12 -1 -12 -1 -12 -1 -13 0 -13 0 -13 0 -13 -1 -13 -2 -14 -1 -13 -1 -14 -1 -14 -2 -14 -2 -14 -2 -14 -2 -14 -1 -15 -1 -15 -1 -15 -1 -15 0 0 0 0 0 0 0 0 0 0
1784740930.666447,55854,-44,11,1,7,1,-95,1,652180808,128,0 0 0 0 0 0 0 0 0 0 0 0 5 -5 6 -5 6 -4 6 -4 6 -4 7 -4 7 -4 7 -4 7 -3 7 -4 8 -3 8 -4 8 -3 8 -3 9 -3 9 -3 9 -3 9 -3 9 -3 9 -3 9 -3 9 -2 9 -3 9 -3 9 -3 10 -3 0 0 10 -3 10 -3 10 -3 9 -3 10 -4 10 -4 10 -4 10 -4 10 -4 10 -5 10 -5 10 -6 11 -5 11 -6 11 -5 12 -6 11 -5 12 -6 12 -6 12 -6 12 -6 12 -6 12 -6 12 -6 12 -6 13 -6 0 0 0 0 0 0 0 0 0 0
1784740930.681694,55855,-44,11,1,7,1,-95,1,652195343,128,0 0 0 0 0 0 0 0 0 0 0 0 6 3 6 4 5 4 6 4 5 5 5 5 5 5 5 5 5 5 5 6 5 6 5 6 5 6 5 7 5 7 5 7 5 7 5 7 5 8 5 7 5 7 5 7 5 8 5 8 5 8 5 8 0 0 6 8 6 8 6 8 6 8 6 8 7 8 7 7 7 8 7 8 8 8 8 8 8 8 8 8 8 8 9 8 9 9 9 9 9 9 9 9 10 8 10 9 10 9 9 9 9 10 9 9 10 10 0 0 0 0 0 0 0 0 0 0
1784740930.697478,55856,-44,11,1,7,1,-95,1,652208214,128,0 0 0 0 0 0 0 0 0 0 0 0 1 6 1 7 0 7 0 7 0 7 0 8 -1 8 -1 8 -1 8 -1 8 -1 8 -1 8 -2 9 -2 9 -2 9 -2 9 -2 10 -2 9 -3 10 -3 10 -3 10 -3 9 -3 10 -3 10 -3 10 -3 10 0 0 -3 10 -3 10 -3 10 -2 10 -2 11 -2 11 -2 11 -2 11 -2 11 -1 12 -2 12 -1 12 -1 12 -1 13 -1 12 -2 13 -1 13 -1 13 -1 14 -2 14 -1 14 -1 14 -1 13 -1 14 -1 14 -1 14 0 0 0 0 0 0 0 0 0 0
1784740930.697478,55857,-45,11,1,7,1,-95,1,652214153,128,0 0 0 0 0 0 0 0 0 0 0 0 -2 -8 -2 -8 -1 -8 -1 -9 0 -9 -1 -9 0 -9 0 -9 0 -9 0 -9 0 -9 1 -10 1 -9 1 -10 1 -10 1 -10 1 -10 2 -10 2 -10 2 -11 2 -10 2 -11 1 -11 2 -11 2 -11 2 -11 0 0 2 -11 2 -11 2 -11 1 -12 1 -12 1 -12 1 -12 1 -12 1 -12 0 -13 0 -12 0 -13 0 -13 0 -14 0 -14 0 -14 0 -13 0 -14 0 -14 0 -14 0 -15 0 -15 -1 -15 0 -15 0 -15 0 -15 0 0 0 0 0 0 0 0 0 0
1784740930.713650,55858,-45,11,1,7,1,-95,1,652220750,128,0 0 0 0 0 0 0 0 0 0 0 0 -8 0 -8 0 -8 -1 -9 -1 -9 -1 -9 -2 -9 -2 -9 -2 -9 -2 -9 -2 -9 -2 -9 -3 -10 -3 -10 -3 -10 -3 -10 -4 -10 -4 -10 -4 -10 -4 -10 -4 -10 -4 -10 -5 -10 -4 -10 -4 -10 -4 -11 -4 0 0 -11 -4 -11 -4 -11 -4 -11 -4 -11 -4 -12 -4 -11 -4 -12 -4 -12 -4 -12 -3 -12 -3 -12 -3 -13 -3 -13 -3 -13 -3 -13 -3 -13 -3 -14 -3 -14 -3 -14 -3 -14 -3 -14 -3 -14 -3 -15 -3 -15 -3 -15 -3 0 0 0 0 0 0 0 0 0 0
1784740930.713650,55859,-44,11,1,7,1,-95,1,652230801,128,0 0 0 0 0 0 0 0 0 0 0 0 7 1 7 1 7 2 7 2 7 2 7 3 7 3 7 3 7 3 7 4 7 4 7 4 7 4 7 5 7 5 8 5 7 5 8 5 8 5 8 5 8 5 8 5 8 6 8 6 8 6 8 6 0 0 8 6 9 5 8 5 9 5 9 5 9 5 9 5 10 5 10 5 10 5 10 5 10 4 10 5 11 4 11 4 11 4 12 5 12 4 12 4 12 4 12 4 12 4 13 5 12 5 12 5 13 5 0 0 0 0 0 0 0 0 0 0
1784740930.733114,55860,-44,11,1,7,1,-95,1,652240803,128,0 0 0 0 0 0 0 0 0 0 0 0 -8 0 -8 -1 -8 -1 -8 -2 -8 -2 -9 -2 -9 -2 -9 -3 -9 -3 -9 -3 -9 -3 -9 -3 -9 -4 -9 -4 -10 -4 -9 -4 -10 -5 -9 -5 -10 -5 -10 -5 -10 -5 -10 -5 -10 -5 -10 -5 -10 -5 -10 -5 0 0 -10 -5 -10 -5 -11 -5 -10 -5 -11 -5 -11 -4 -11 -4 -11 -4 -12 -4 -12 -4 -12 -4 -12 -4 -12 -4 -13 -4 -13 -4 -13 -4 -13 -4 -14 -4 -14 -4 -14 -4 -14 -4 -14 -4 -14 -4 -14 -4 -14 -4 -15 -4 0 0 0 0 0 0 0 0 0 0
1784740930.747300,55861,-44,11,1,7,1,-95,1,652250758,128,0 0 0 0 0 0 0 0 0 0 0 0 7 -1 7 -1 8 0 7 0 8 0 8 0 8 1 8 1 8 1 8 1 8 2 9 2 9 2 9 2 9 2 9 3 9 3 9 3 10 3 9 3 9 3 9 3 10 3 9 3 9 3 10 3 0 0 10 3 10 3 10 3 10 3 10 3 11 3 11 2 11 2 11 3 11 2 12 2 12 2 12 2 12 2 12 2 13 2 13 2 13 2 13 2 14 2 14 2 14 2 14 2 14 2 14 2 15 2 0 0 0 0 0 0 0 0 0 0
1784740930.761344,55862,-44,11,1,7,1,-95,1,652271467,128,0 0 0 0 0 0 0 0 0 0 0 0 -8 0 -8 -1 -8 -1 -8 -2 -8 -2 -8 -2 -8 -2 -9 -2 -9 -2 -9 -3 -9 -3 -9 -3 -9 -3 -10 -4 -10 -3 -10 -4 -10 -4 -10 -5 -10 -5 -10 -5 -10 -4 -10 -5 -10 -5 -10 -5 -10 -5 -10 -5 0 0 -10 -5 -11 -5 -10 -5 -11 -4 -10 -4 -11 -4 -11 -4 -11 -4 -12 -4 -12 -4 -12 -4 -12 -3 -12 -4 -13 -3 -14 -4 -13 -3 -14 -4 -13 -4 -14 -3 -14 -3 -14 -4 -14 -4 -15 -4 -14 -4 -14 -4 -15 -4 0 0 0 0 0 0 0 0 0 0
1784740930.761344,55863,-44,11,1,7,1,-95,1,652271685,128,0 0 0 0 0 0 0 0 0 0 0 0 -2 -8 -2 -8 -1 -8 -1 -8 -1 -8 -1 -8 -1 -8 -1 -9 -1 -9 0 -9 0 -9 0 -9 1 -10 1 -10 0 -10 1 -10 1 -10 1 -10 1 -10 1 -10 1 -11 1 -10 1 -11 2 -10 1 -10 1 -11 0 0 1 -11 1 -11 1 -11 0 -11 0 -11 0 -11 0 -12 0 -12 0 -12 -1 -12 0 -12 -1 -12 -1 -13 -1 -13 -1 -13 -2 -13 -1 -13 -1 -14 -2 -14 -2 -14 -2 -14 -2 -14 -2 -14 -1 -14 -1 -14 -2 -15 0 0 0 0 0 0 0 0 0 0
1784740930.779356,55864,-44,11,1,7,1,-95,1,652282670,128,0 0 0 0 0 0 0 0 0 0 0 0 5 -5 5 -5 5 -5 6 -5 6 -4 6 -4 7 -4 7 -4 7 -4 7 -4 7 -4 8 -4 8 -4 8 -4 9 -4 8 -3 9 -4 9 -4 9 -4 9 -3 9 -4 9 -3 9 -4 9 -4 9 -4 10 -4 0 0 10 -4 9 -4 10 -4 9 -4 9 -5 10 -5 10 -5 10 -5 10 -5 10 -6 10 -6 10 -7 10 -7 11 -7 10 -7 11 -7 10 -7 11 -8 11 -8 11 -8 11 -8 11 -8 11 -8 11 -8 11 -8 12 -8 0 0 0 0 0 0 0 0 0 0
1784740930.779356,55865,-44,11,1,7,1,-95,1,652290836,128,0 0 0 0 0 0 0 0 0 0 0 0 -7 1 -8 1 -8 0 -8 0 -8 0 -9 0 -9 0 -9 0 -9 0 -9 -1 -9 -1 -10 -1 -10 -2 -10 -2 -10 -2 -10 -2 -10 -2 -10 -2 -10 -2 -11 -2 -11 -2 -11 -2 -11 -2 -10 -3 -11 -3 -11 -2 0 0 -11 -2 -11 -2 -11 -2 -11 -2 -11 -2 -12 -2 -12 -1 -12 -1 -12 -1 -13 -1 -13 -1 -13 -1 -13 -1 -13 -1 -13 0 -14 0 -13 -1 -14 0 -14 0 -14 0 -14 0 -14 0 -14 0 -15 -1 -15 0 -15 0 0 0 0 0 0 0 0 0 0 0
1784740930.793286,55866,-44,11,1,7,1,-95,1,652300845,128,0 0 0 0 0 0 0 0 0 0 0 0 -5 5 -6 5 -6 4 -7 4 -7 4 -7 4 -7 4 -8 4 -8 4 -8 4 -8 4 -8 4 -9 4 -9 4 -9 4 -10 3 -10 3 -10 3 -10 3 -10 3 -10 3 -11 3 -10 3 -10 3 -10 3 -11 3 0 0 -11 3 -11 3 -11 3 -11 4 -11 4 -11 4 -11 4 -11 4 -11 4 -12 5 -12 5 -12 5 -12 5 -12 6 -12 5 -13 6 -12 6 -13 6 -13 6 -13 6 -13 6 -14 6 -13 6 -13 6 -13 6 -14 6 0 0 0 0 0 0 0 0 0 0
1784740930.793286,55867,-44,11,1,7,1,-95,1,652310830,128,0 0 0 0 0 0 0 0 0 0 0 0 -7 2 -7 2 -7 2 -7 1 -8 1 -8 1 -8 1 -8 1 -8 1 -9 1 -9 0 -9 0 -9 0 -9 0 -9 0 -10 0 -10 0 -10 0 -10 0 -10 0 -10 0 -10 0 -10 0 -10 -1 -10 0 -11 0 0 0 -11 0 -11 0 -11 0 -11 1 -11 1 -11 1 -11 1 -12 2 -11 2 -12 2 -12 2 -12 2 -12 2 -12 2 -13 3 -13 3 -13 3 -13 3 -13 3 -13 4 -13 3 -13 4 -14 3 -14 3 -14 3 -14 3 0 0 0 0 0 0 0 0 0 0
1784740930.809332,55868,-44,11,1,7,1,-95,1,652320784,128,0 0 0 0 0 0 0 0 0 0 0 0 5 -5 6 -5 6 -4 6 -4 6 -4 7 -4 7 -4 7 -3 8 -3 8 -3 8 -3 8 -3 8 -3 8 -3 9 -3 9 -2 10 -3 9 -3 9 -2 10 -2 10 -3 10 -2 10 -3 10 -2 10 -2 10 -3 0 0 10 -3 10 -3 10 -3 10 -3 10 -3 11 -3 10 -4 11 -4 11 -4 11 -4 11 -4 11 -5 11 -5 12 -5 12 -5 12 -5 12 -5 12 -5 12 -6 13 -6 13 -6 13 -6 13 -6 13 -5 13 -6 13 -6 0 0 0 0 0 0 0 0 0 0
1784740930.827822,55869,-44,11,1,7,1,-95,1,652332201,128,0 0 0 0 0 0 0 0 0 0 0 0 2 -7 2 -7 3 -7 3 -7 4 -7 4 -7 4 -7 4 -7 4 -7 5 -7 5 -7 5 -8 5 -7 6 -7 5 -8 6 -8 6 -8 6 -8 6 -8 7 -8 6 -8 6 -8 7 -8 7 -8 7 -8 7 -8 0 0 7 -8 7 -9 7 -9 7 -9 6 -9 7 -10 6 -10 7 -10 6 -10 7 -11 6 -11 6 -11 6 -11 6 -11 6 -12 6 -12 7 -12 7 -12 7 -13 7 -13 7 -13 6 -13 7 -13 7 -13 7 -13 7 -13 0 0 0 0 0 0 0 0 0 0
1784740930.827822,55870,-44,11,1,7,1,-95,1,652340763,128,0 0 0 0 0 0 0 0 0 0 0 0 5 4 4 4 5 5 4 5 4 5 4 5 4 6 4 6 4 6 4 7 4 7 4 7 4 7 4 7 4 7 4 8 4 7 5 8 4 8 4 8 4 8 4 8 5 9 4 9 4 8 4 8 0 0 5 9 5 9 5 8 6 9 6 9 6 9 6 9 6 9 6 8 7 10 7 9 7 9 7 9 7 9 8 10 8 9 8 10 8 10 9 10 9 10 9 10 9 10 9 11 9 11 9 11 8 11 0 0 0 0 0 0 0 0 0 0
1784740930.873079,55871,-44,11,1,7,1,-95,1,652350806,128,0 0 0 0 0 0 0 0 0 0 0 0 -4 5 -4 5 -5 5 -5 5 -6 5 -6 5 -6 5 -6 5 -6 5 -7 5 -7 5 -7 5 -7 5 -8 5 -8 5 -8 5 -8 5 -8 5 -8 5 -8 5 -8 6 -9 5 -8 6 -9 5 -9 5 -9 6 0 0 -9 6 -9 6 -9 6 -9 6 -9 7 -9 7 -9 7 -9 7 -9 8 -9 8 -9 8 -9 8 -9 8 -9 9 -9 9 -10 9 -10 9 -9 9 -10 10 -10 10 -10 10 -10 10 -10 10 -10 10 -10 10 -10 10 0 0 0 0 0 0 0 0 0 0
1784740930.877489,55872,-44,11,1,7,1,-95,1,652378995,128,0 0 0 0 0 0 0 0 0 0 0 0 -4 -7 -4 -6 -4 -7 -3 -7 -4 -8 -3 -7 -4 -8 -4 -8 -4 -8 -3 -9 -3 -9 -2 -9 -2 -9 -2 -9 -3 -9 -3 -10 -2 -9 -2 -10 -2 -10 -3 -10 -3 -10 -3 -10 -3 -11 -2 -11 -2 -11 -2 -11 0 0 -3 -11 -3 -11 -3 -11 -3 -12 -3 -11 -4 -11 -4 -11 -4 -12 -4 -12 -5 -12 -4 -12 -5 -12 -4 -12 -5 -12 -6 -13 -5 -13 -5 -14 -5 -13 -6 -13 -6 -13 -6 -13 -6 -14 -6 -14 -5 -14 -5 -14 -6 -14 0 0 0 0 0 0 0 0 0 0
1784740930.877489,55873,-44,11,1,7,1,-95,1,652379250,128,0 0 0 0 0 0 0 0 0 0 0 0 3 -7 3 -7 4 -7 4 -7 4 -6 4 -6 5 -7 5 -6 5 -7 6 -6 6 -6 6 -6 6 -6 6 -6 6 -7 7 -7 7 -7 7 -7 7 -7 7 -7 7 -7 7 -7 7 -7 7 -7 7 -7 7 -7 0 0 8 -8 7 -8 7 -8 7 -8 7 -8 7 -9 7 -9 7 -9 7 -9 7 -10 8 -10 7 -10 7 -10 7 -10 7 -11 7 -11 8 -11 8 -12 8 -11 8 -12 8 -12 8 -12 8 -12 8 -12 8 -12 8 -12 0 0 0 0 0 0 0 0 0 0
1784740930.877489,55874,-44,11,1,7,1,-95,1,652380891,128,0 0 0 0 0 0 0 0 0 0 0 0 -3 -7 -3 -7 -3 -7 -2 -8 -2 -8 -2 -8 -2 -8 -2 -9 -2 -9 -2 -9 -2 -9 -1 -9 -1 -9 -1 -10 -1 -10 -1 -10 -1 -10 -1 -10 -1 -10 -1 -10 -1 -10 0 -10 -1 -11 -1 -11 -1 -11 -1 -11 0 0 -1 -11 -1 -11 -1 -11 -1 -12 -2 -11 -2 -12 -2 -12 -2 -12 -2 -12 -3 -13 -2 -13 -3 -13 -3 -13 -3 -13 -3 -13 -3 -14 -3 -13 -3 -14 -3 -14 -3 -14 -4 -14 -3 -15 -3 -14 -3 -15 -3 -15 -3 -15 0 0 0 0 0 0 0 0 0 0
1784740930.877489,55875,-45,11,1,7,1,-95,1,652390956,128,0 0 0 0 0 0 0 0 0 0 0 0 7 2 7 2 7 2 7 3 7 3 7 4 7 3 7 4 7 4 7 4 7 5 7 5 7 5 7 5 7 5 7 6 7 6 7 6 7 6 8 5 8 5 8 6 8 6 7 6 7 6 8 6 0 0 8 6 9 6 8 6 9 6 9 6 9 5 10 5 10 5 10 5 11 6 10 6 10 6 10 6 11 6 12 6 12 6 12 6 12 6 13 5 13 5 13 5 13 5 13 6 13 7 13 6 13 6 0 0 0 0 0 0 0 0 0 0
1784740930.891012,55876,-45,11,1,7,1,-95,1,652400824,128,0 0 0 0 0 0 0 0 0 0 0 0 -8 -2 -8 -2 -8 -3 -8 -3 -8 -3 -8 -4 -8 -4 -8 -4 -8 -4 -8 -5 -8 -5 -8 -5 -8 -6 -8 -5 -8 -6 -8 -6 -8 -6 -9 -6 -9 -6 -8 -6 -8 -7 -9 -6 -9 -6 -9 -6 -9 -6 -9 -6 0 0 -9 -6 -10 -6 -9 -6 -10 -6 -10 -6 -10 -6 -10 -6 -11 -6 -11 -6 -12 -6 -12 -6 -12 -6 -11 -6 -12 -6 -13 -6 -13 -6 -13 -7 -13 -6 -13 -6 -13 -7 -13 -7 -13 -7 -13 -7 -13 -7 -13 -7 -13 -7 0 0 0 0 0 0 0 0 0 0
1784740930.909114,55877,-42,11,1,7,0,-95,1,652411280,128,0 0 0 0 0 0 0 0 0 0 0 0 8 3 7 3 7 4 7 4 7 4 7 5 7 5 7 6 7 6 7 6 7 7 7 7 7 7 8 7 7 7 7 8 7 8 7 8 7 8 7 8 7 8 7 8 8 8 8 8 8 9 8 9 0 0 8 9 9 9 9 9 9 9 9 8 9 9 10 9 10 9 10 9 10 9 11 9 11 9 11 9 11 9 12 9 12 9 12 9 12 10 12 10 13 10 13 10 13 10 13 10 13 11 12 10 13 11 0 0 0 0 0 0 0 0 0 0
1784740930.921179,55878,-44,11,1,7,1,-95,1,652434537,128,0 0 0 0 0 0 0 0 0 0 0 0 -6 3 -7 3 -7 3 -7 3 -7 3 -8 3 -8 3 -8 3 -8 2 -8 2 -9 2 -9 2 -9 2 -9 2 -10 2 -10 2 -10 2 -10 2 -10 2 -10 2 -10 2 -10 2 -10 2 -10 2 -10 2 -10 2 0 0 -11 2 -11 2 -11 3 -11 3 -11 3 -11 3 -11 4 -11 4 -11 4 -11 4 -12 4 -12 5 -12 5 -12 5 -12 5 -13 5 -12 5 -13 6 -13 6 -13 6 -13 6 -13 6 -13 6 -13 6 -13 6 -14 6 0 0 0 0 0 0 0 0 0 0
1784740930.921179,55879,-44,11,1,7,1,-95,1,652434827,128,0 0 0 0 0 0 0 0 0 0 0 0 -3 -7 -3 -8 -2 -8 -2 -8 -2 -8 -2 -9 -1 -9 -2 -9 -1 -9 -1 -9 -1 -9 -1 -9 -1 -10 -1 -10 -1 -10 0 -10 0 -10 0 -10 0 -11 0 -10 0 -11 0 -11 0 -10 0 -11 0 -11 0 -11 0 0 -1 -11 0 -11 0 -12 -1 -11 -1 -11 -1 -12 -1 -12 -1 -12 -1 -12 -2 -12 -2 -13 -2 -13 -2 -13 -2 -14 -2 -13 -2 -14 -2 -14 -2 -14 -2 -14 -2 -15 -2 -15 -2 -15 -2 -14 -2 -15 -2 -15 -3 -15 0 0 0 0 0 0 0 0 0 0
1784740930.937131,55880,-44,11,1,7,1,-95,1,652440797,128,0 0 0 0 0 0 0 0 0 0 0 0 2 -7 2 -8 3 -7 3 -8 4 -7 4 -7 4 -7 4 -7 5 -7 5 -7 5 -7 5 -8 5 -8 6 -8 6 -8 6 -7 6 -8 6 -8 6 -8 7 -7 7 -8 7 -8 6 -8 6 -8 7 -8 7 -8 0 0 7 -8 7 -8 7 -9 7 -9 7 -9 7 -9 7 -9 7 -9 7 -10 7 -10 7 -11 7 -11 7 -11 7 -12 7 -11 8 -12 7 -11 7 -12 8 -12 8 -12 8 -12 8 -12 7 -12 8 -12 8 -13 8 -13 0 0 0 0 0 0 0 0 0 0
1784740930.937131,55881,-45,11,1,7,1,-95,1,652450726,128,0 0 0 0 0 0 0 0 0 0 0 0 -5 5 -6 5 -6 5 -6 5 -7 5 -7 5 -7 5 -7 5 -7 5 -8 5 -8 4 -8 4 -8 4 -9 4 -9 4 -9 4 -9 4 -10 4 -9 4 -9 4 -9 5 -9 4 -10 4 -10 4 -10 4 -10 4 0 0 -10 5 -10 5 -10 5 -11 6 -10 5 -10 6 -10 6 -10 6 -10 6 -11 7 -11 7 -11 7 -11 7 -10 7 -11 8 -10 8 -12 8 -12 8 -11 8 -11 9 -11 9 -11 9 -12 9 -12 8 -12 8 -12 8 0 0 0 0 0 0 0 0 0 0
1784740930.957377,55882,-45,11,1,7,1,-95,1,652464845,128,0 0 0 0 0 0 0 0 0 0 0 0 -8 0 -8 -1 -8 -1 -9 -2 -8 -2 -9 -2 -8 -2 -9 -3 -9 -3 -9 -3 -9 -3 -9 -3 -10 -3 -10 -4 -10 -4 -9 -4 -10 -4 -9 -4 -10 -5 -10 -4 -10 -4 -10 -5 -10 -4 -10 -5 -10 -4 -11 -4 0 0 -11 -4 -11 -5 -11 -5 -11 -4 -11 -4 -11 -4 -12 -4 -12 -4 -12 -4 -12 -3 -13 -3 -13 -3 -13 -3 -14 -3 -13 -3 -14 -4 -13 -3 -14 -3 -14 -3 -15 -3 -15 -3 -15 -4 -14 -3 -15 -3 -15 -3 -16 -3 0 0 0 0 0 0 0 0 0 0
1784740931.000624,55883,-44,11,1,7,1,-95,1,652490535,128,0 0 0 0 0 0 0 0 0 0 0 0 -3 -7 -3 -8 -2 -8 -2 -8 -2 -8 -2 -8 -1 -8 -1 -8 -1 -9 -1 -9 0 -9 0 -9 0 -9 0 -10 0 -10 0 -10 0 -10 0 -10 0 -10 0 -10 0 -10 0 -11 0 -11 1 -10 1 -11 1 -11 0 0 0 -11 0 -11 0 -11 0 -11 0 -11 0 -12 -1 -12 -1 -12 -1 -12 -1 -13 -1 -13 -1 -13 -1 -13 -2 -13 -2 -14 -2 -14 -2 -14 -1 -14 -2 -14 -2 -14 -1 -14 -2 -15 -1 -15 -1 -15 -1 -15 -1 -15 0 0 0 0 0 0 0 0 0 0
1784740931.000624,55884,-44,11,1,7,1,-95,1,652493380,128,0 0 0 0 0 0 0 0 0 0 0 0 2 6 2 6 1 6 1 7 1 7 1 7 1 7 1 7 1 8 0 8 0 8 0 8 0 8 0 9 0 9 -1 9 -1 9 -1 9 -1 9 -1 9 -1 9 0 9 0 9 -1 10 -1 10 -1 10 0 0 0 10 0 10 0 10 0 11 0 10 0 11 0 11 1 11 1 11 1 12 1 12 1 12 1 12 1 12 2 12 2 13 2 13 2 13 2 13 2 13 2 13 2 14 2 13 1 14 1 14 2 14 0 0 0 0 0 0 0 0 0 0
1784740931.000624,55885,-44,11,1,7,1,-95,1,652502048,128,0 0 0 0 0 0 0 0 0 0 0 0 -2 -7 -1 -7 -1 -7 -1 -8 0 -8 0 -8 0 -8 0 -8 0 -8 1 -8 1 -8 1 -9 1 -9 1 -9 1 -9 1 -9 1 -9 1 -9 2 -10 2 -10 2 -10 2 -10 2 -10 2 -10 2 -10 2 -11 0 0 1 -11 1 -11 1 -11 1 -11 1 -11 1 -11 1 -11 1 -12 1 -12 1 -12 0 -12 0 -12 0 -12 0 -13 0 -13 0 -13 0 -13 0 -14 0 -14 0 -14 0 -14 0 -14 0 -14 0 -14 0 -14 0 -15 0 0 0 0 0 0 0 0 0 0
1784740931.000624,55886,-44,11,1,7,1,-95,1,652514743,128,0 0 0 0 0 0 0 0 0 0 0 0 6 -3 6 -3 6 -3 7 -2 7 -2 7 -2 7 -2 7 -2 8 -1 7 -2 8 -2 8 -2 8 -1 8 -1 9 -1 9 -1 9 -1 9 -1 9 -1 9 -1 9 -1 9 0 9 -1 10 -1 10 -1 10 -1 0 0 10 -1 10 -1 10 -1 10 -1 10 -1 11 -1 11 -1 11 -2 11 -1 11 -2 12 -2 12 -3 12 -3 13 -3 12 -2 13 -2 12 -2 13 -3 13 -3 13 -3 13 -3 14 -2 13 -3 13 -3 14 -3 14 -3 0 0 0 0 0 0 0 0 0 0
1784740931.000624,55887,-44,11,1,7,1,-95,1,652515280,128,0 0 0 0 0 0 0 0 0 0 0 0 6 1 6 2 6 2 6 3 6 3 7 3 6 3 6 4 6 4 7 4 7 4 7 4 7 5 7 5 7 5 7 5 7 5 7 5 7 6 7 6 7 6 7 6 8 6 8 6 8 6 8 6 0 0 8 6 8 6 9 6 9 6 9 6 9 6 9 6 10 6 10 6 10 6 11 5 11 5 11 5 11 6 11 6 12 6 11 6 12 6 12 6 12 6 12 6 12 7 12 6 13 6 13 6 13 6 0 0 0 0 0 0 0 0 0 0
1784740931.016446,55888,-44,11,1,7,1,-95,1,652520836,128,0 0 0 0 0 0 0 0 0 0 0 0 6 -4 6 -4 6 -3 7 -3 6 -3 7 -3 7 -3 7 -3 8 -3 7 -3 8 -3 8 -3 8 -2 9 -2 9 -2 9 -2 9 -2 9 -2 9 -2 9 -2 9 -2 10 -2 9 -2 9 -2 10 -2 10 -2 0 0 10 -2 10 -2 11 -2 10 -2 10 -2 11 -2 11 -2 11 -3 12 -3 11 -3 12 -3 12 -4 12 -4 13 -4 12 -3 13 -3 12 -3 13 -4 13 -4 14 -4 14 -4 14 -4 13 -4 14 -4 14 -4 14 -4 0 0 0 0 0 0 0 0 0 0
1784740931.016446,55889,-44,11,1,7,1,-95,1,652530760,128,0 0 0 0 0 0 0 0 0 0 0 0 3 -6 4 -6 4 -6 4 -6 5 -6 5 -6 5 -6 5 -6 6 -6 6 -6 6 -6 6 -6 7 -6 7 -6 7 -6 7 -6 7 -6 7 -6 8 -6 8 -6 8 -6 8 -6 8 -6 8 -6 8 -6 8 -6 0 0 8 -7 9 -7 8 -7 9 -7 8 -7 9 -7 9 -8 9 -8 9 -8 9 -9 9 -9 9 -9 9 -9 9 -9 9 -10 10 -10 10 -9 10 -10 10 -10 10 -10 10 -10 11 -10 11 -10 11 -10 11 -10 11 -10 0 0 0 0 0 0 0 0 0 0
1784740931.032624,55890,-44,11,1,7,1,-95,1,652540747,128,0 0 0 0 0 0 0 0 0 0 0 0 -7 -3 -7 -3 -7 -4 -7 -4 -7 -5 -7 -5 -7 -5 -7 -5 -7 -5 -7 -6 -7 -6 -7 -6 -7 -6 -7 -6 -7 -6 -7 -6 -7 -7 -7 -7 -7 -7 -8 -7 -8 -7 -8 -7 -8 -7 -8 -7 -8 -7 -8 -8 0 0 -8 -8 -9 -7 -9 -7 -9 -7 -9 -7 -9 -7 -9 -7 -10 -7 -10 -7 -11 -7 -11 -7 -11 -7 -11 -7 -11 -7 -12 -7 -12 -7 -12 -8 -12 -8 -12 -8 -13 -8 -13 -8 -13 -8 -13 -8 -13 -8 -13 -8 -13 -8 0 0 0 0 0 0 0 0 0 0
1784740931.032624,55891,-44,11,1,7,1,-95,1,652550815,128,0 0 0 0 0 0 0 0 0 0 0 0 -2 -7 -1 -8 -1 -8 -1 -8 0 -8 0 -8 0 -8 0 -9 1 -9 0 -9 0 -9 0 -9 1 -9 1 -10 1 -10 1 -9 1 -10 1 -10 2 -10 2 -10 2 -10 2 -10 1 -10 1 -10 1 -11 1 -11 0 0 1 -11 2 -11 2 -11 1 -11 1 -11 1 -12 1 -12 1 -12 1 -12 0 -13 0 -13 0 -13 0 -13 0 -14 0 -14 0 -14 0 -14 0 -14 0 -15 0 -15 0 -15 1 -15 0 -15 0 -15 0 -15 0 -16 0 0 0 0 0 0 0 0 0 0
1784740931.057652,55892,-44,11,1,7,1,-95,1,652560844,128,0 0 0 0 0 0 0 0 0 0 0 0 5 4 5 4 5 5 4 5 4 5 4 6 4 6 4 6 4 6 4 7 4 7 4 7 4 7 3 8 4 7 4 8 4 8 4 8 4 8 4 8 4 8 4 8 4 9 4 9 4 9 4 9 0 0 4 9 5 9 5 9 5 9 5 9 5 9 5 9 6 9 6 9 6 10 6 10 6 10 6 10 6 10 7 10 7 10 7 11 7 11 8 11 8 11 8 11 8 11 7 12 7 12 7 12 7 12 0 0 0 0 0 0 0 0 0 0
1784740931.064790,55893,-42,11,1,7,0,-95,1,652570690,128,0 0 0 0 0 0 0 0 0 0 0 0 -6 5 -7 5 -7 5 -8 5 -8 4 -8 4 -8 4 -8 4 -9 4 -8 4 -9 4 -9 4 -10 4 -10 4 -10 4 -10 4 -10 4 -10 3 -11 4 -11 3 -11 4 -10 4 -10 4 -11 4 -11 4 -11 4 0 0 -12 4 -11 5 -12 5 -11 5 -11 5 -12 5 -11 5 -12 6 -12 6 -12 6 -12 7 -12 7 -12 7 -13 7 -12 7 -13 8 -13 7 -13 8 -13 8 -13 8 -13 8 -13 8 -13 8 -13 8 -13 9 -14 9 0 0 0 0 0 0 0 0 0 0
1784740931.064790,55894,-44,11,1,7,1,-95,1,652582235,128,0 0 0 0 0 0 0 0 0 0 0 0 4 -6 5 -6 5 -5 6 -5 6 -5 6 -5 6 -5 6 -5 6 -5 7 -5 7 -5 7 -5 7 -5 8 -5 8 -5 8 -5 8 -5 8 -5 8 -5 8 -5 8 -5 9 -5 8 -5 9 -5 9 -5 9 -5 0 0 9 -6 9 -6 9 -6 9 -6 9 -6 9 -6 9 -7 9 -7 10 -7 9 -7 9 -7 9 -8 10 -8 10 -8 10 -8 10 -9 10 -8 10 -9 10 -9 10 -9 10 -9 11 -9 10 -9 11 -9 11 -9 11 -9 0 0 0 0 0 0 0 0 0 0
1784740931.080876,55895,-44,11,1,7,1,-95,1,652596630,128,0 0 0 0 0 0 0 0 0 0 0 0 -6 5 -6 5 -6 4 -7 4 -7 4 -7 4 -7 4 -8 4 -8 4 -8 4 -8 3 -9 3 -9 3 -9 3 -9 4 -9 4 -9 3 -10 3 -10 3 -10 3 -10 4 -10 4 -10 4 -10 3 -10 3 -10 3 0 0 -10 4 -10 4 -10 4 -10 5 -10 5 -10 5 -10 5 -11 5 -11 5 -11 6 -11 6 -11 6 -11 6 -11 6 -11 7 -11 7 -12 7 -12 7 -11 7 -11 7 -12 7 -12 8 -12 8 -12 7 -12 7 -12 7 0 0 0 0 0 0 0 0 0 0
1784740931.096704,55896,-44,11,1,7,1,-95,1,652604668,128,0 0 0 0 0 0 0 0 0 0 0 0 -6 4 -7 4 -8 3 -8 3 -8 3 -8 3 -8 3 -9 2 -9 2 -9 3 -9 2 -10 2 -10 2 -10 2 -10 2 -10 1 -11 1 -10 1 -11 1 -10 1 -11 1 -11 1 -11 2 -11 2 -11 2 -11 2 0 0 -12 2 -11 2 -12 2 -11 2 -12 3 -12 2 -12 3 -12 3 -12 3 -12 3 -12 4 -12 4 -13 4 -13 4 -13 3 -14 4 -13 4 -13 4 -14 4 -14 4 -14 5 -14 4 -14 5 -14 5 -14 4 -14 5 0 0 0 0 0 0 0 0 0 0
1784740931.096704,55897,-45,11,1,7,1,-95,1,652610904,128,0 0 0 0 0 0 0 0 0 0 0 0 1 -8 2 -8 2 -8 3 -8 3 -8 3 -8 3 -8 3 -8 4 -8 3 -8 4 -8 4 -8 4 -8 4 -8 5 -9 5 -9 5 -9 6 -8 5 -9 5 -9 5 -9 5 -9 5 -9 6 -9 6 -9 5 -10 0 0 6 -10 6 -10 5 -10 5 -10 5 -11 5 -11 5 -11 5 -11 5 -11 5 -12 5 -12 4 -12 5 -12 5 -13 5 -13 6 -13 5 -13 5 -13 5 -13 5 -14 5 -14 5 -14 5 -14 5 -14 5 -14 5 -14 0 0 0 0 0 0 0 0 0 0
1784740931.118975,55898,-44,11,1,7,1,-95,1,652622159,128,0 0 0 0 0 0 0 0 0 0 0 0 3 -7 4 -7 5 -6 5 -6 5 -6 6 -6 5 -6 6 -6 6 -6 6 -6 7 -6 7 -6 7 -6 7 -6 8 -6 8 -6 8 -6 8 -6 8 -6 8 -6 8 -6 9 -6 8 -6 8 -6 8 -6 9 -7 0 0 9 -7 9 -7 9 -7 9 -7 9 -7 9 -8 9 -7 9 -8 10 -8 9 -9 10 -8 10 -9 10 -9 10 -9 10 -9 11 -9 10 -9 11 -9 11 -9 11 -10 11 -10 11 -10 11 -10 11 -10 11 -10 11 -10 0 0 0 0 0 0 0 0 0 0
1784740931.128611,55899,-44,11,1,7,1,-95,1,652630838,128,0 0 0 0 0 0 0 0 0 0 0 0 -7 -3 -7 -4 -7 -4 -7 -5 -7 -5 -7 -5 -7 -5 -7 -5 -7 -6 -7 -6 -7 -6 -7 -7 -7 -7 -7 -7 -7 -7 -7 -7 -7 -8 -7 -8 -8 -8 -7 -8 -8 -8 -7 -8 -8 -7 -7 -8 -8 -8 -8 -8 0 0 -9 -8 -8 -8 -9 -9 -8 -8 -9 -8 -9 -8 -9 -8 -10 -8 -10 -9 -10 -8 -10 -9 -11 -8 -11 -9 -11 -9 -11 -9 -12 -9 -11 -9 -12 -9 -12 -9 -12 -9 -12 -9 -12 -10 -12 -9 -12 -10 -12 -10 -12 -10 0 0 0 0 0 0 0 0 0 0
1784740931.128611,55900,-44,11,1,7,1,-95,1,652640715,128,0 0 0 0 0 0 0 0 0 0 0 0 -6 4 -6 4 -6 4 -7 3 -7 3 -7 3 -7 3 -8 3 -8 3 -8 3 -8 3 -8 3 -9 3 -9 2 -9 3 -9 3 -9 3 -9 3 -10 3 -10 3 -10 3 -10 3 -10 3 -10 3 -10 3 -10 3 0 0 -11 3 -11 3 -10 4 -11 4 -11 4 -11 4 -11 4 -11 5 -11 5 -11 5 -11 5 -11 6 -12 6 -12 6 -12 6 -12 6 -12 6 -12 6 -13 6 -13 6 -13 7 -13 6 -13 7 -13 6 -13 6 -13 7 0 0 0 0 0 0 0 0 0 0
1784740931.160565,55901,-41,11,1,7,0,-95,1,652653962,128,0 0 0 0 0 0 0 0 0 0 0 0 -4 -8 -4 -8 -4 -9 -3 -9 -3 -10 -3 -10 -2 -10 -2 -10 -2 -10 -2 -10 -2 -11 -2 -11 -2 -11 -2 -11 -2 -12 -1 -12 -1 -12 -1 -12 -1 -12 -1 -12 -1 -13 -1 -13 -1 -13 -1 -13 -1 -13 -2 -13 0 0 -1 -14 -2 -14 -2 -14 -2 -14 -2 -14 -2 -15 -2 -15 -2 -15 -2 -15 -3 -15 -3 -16 -3 -16 -3 -16 -3 -16 -3 -17 -3 -16 -3 -17 -3 -17 -3 -17 -3 -17 -3 -17 -3 -18 -3 -18 -3 -18 -3 -17 -3 -18 0 0 0 0 0 0 0 0 0 0
1784740931.160565,55902,-44,11,1,7,1,-95,1,652669535,128,0 0 0 0 0 0 0 0 0 0 0 0 6 1 7 1 6 2 7 2 7 2 7 2 7 3 7 3 7 3 7 3 7 3 7 4 7 4 8 4 8 4 7 4 8 4 7 4 8 4 8 5 8 4 8 5 8 4 8 4 9 5 9 5 0 0 9 5 9 5 9 5 9 4 9 4 10 4 10 4 10 4 11 4 11 4 11 4 11 4 12 4 12 4 12 4 13 4 12 4 13 4 12 4 13 4 13 4 13 4 13 4 13 4 13 4 13 4 0 0 0 0 0 0 0 0 0 0
1784740931.160565,55903,-44,11,1,7,1,-95,1,652672746,128,0 0 0 0 0 0 0 0 0 0 0 0 -7 -4 -7 -5 -6 -5 -6 -6 -6 -6 -7 -6 -6 -6 -7 -6 -6 -7 -6 -7 -6 -7 -7 -7 -6 -7 -6 -8 -7 -8 -6 -8 -7 -8 -6 -8 -6 -9 -6 -8 -6 -9 -7 -9 -7 -8 -7 -9 -7 -9 -7 -9 0 0 -7 -9 -7 -9 -8 -10 -8 -9 -8 -9 -8 -9 -8 -10 -9 -10 -9 -10 -9 -10 -9 -10 -10 -10 -10 -10 -10 -10 -10 -10 -10 -11 -10 -10 -11 -10 -11 -10 -11 -11 -11 -11 -11 -11 -11 -10 -11 -11 -11 -11 -11 -11 0 0 0 0 0 0 0 0 0 0
1784740931.176737,55904,-44,11,1,7,1,-95,1,652680818,128,0 0 0 0 0 0 0 0 0 0 0 0 6 -3 6 -3 7 -2 7 -2 7 -2 7 -2 7 -2 8 -1 8 -1 8 -1 8 -1 8 -1 8 0 8 0 9 -1 9 0 9 0 9 0 9 0 9 0 9 0 9 -1 10 0 10 0 9 0 10 0 0 0 10 0 10 -1 10 -1 11 -1 11 -1 11 -1 11 -1 11 -2 11 -2 12 -2 12 -2 12 -2 12 -2 12 -2 13 -2 13 -2 13 -2 13 -3 13 -3 14 -3 13 -3 13 -3 14 -3 14 -2 14 -3 14 -3 0 0 0 0 0 0 0 0 0 0
1784740931.176737,55905,-41,11,1,7,0,-95,1,652691703,128,0 0 0 0 0 0 0 0 0 0 0 0 -1 7 -1 7 -2 7 -2 7 -2 7 -3 7 -3 8 -3 8 -3 8 -4 8 -4 8 -4 8 -4 9 -4 9 -5 9 -5 9 -5 9 -5 9 -5 9 -5 9 -6 9 -6 9 -6 10 -5 10 -6 10 -6 10 0 0 -6 10 -6 10 -6 11 -6 11 -6 11 -6 11 -6 11 -6 12 -6 12 -6 12 -5 12 -5 13 -5 13 -6 13 -5 13 -6 13 -6 14 -6 13 -6 13 -6 14 -6 14 -6 14 -6 14 -6 14 -6 14 -6 14 0 0 0 0 0 0 0 0 0 0
1784740931.196823,55906,-44,11,1,7,1,-95,1,652700764,128,0 0 0 0 0 0 0 0 0 0 0 0 0 -7 0 -7 1 -8 1 -8 1 -8 1 -8 1 -8 2 -8 1 -8 2 -8 3 -8 3 -9 3 -9 3 -9 3 -9 3 -9 3 -9 3 -10 3 -9 3 -10 3 -10 3 -10 4 -10 4 -10 4 -10 4 -10 0 0 4 -10 4 -11 4 -11 4 -11 3 -11 4 -12 3 -11 3 -12 3 -12 3 -13 4 -12 3 -12 4 -12 4 -12 3 -13 3 -13 4 -14 3 -14 3 -14 3 -14 3 -14 3 -14 4 -14 4 -14 4 -14 3 -14 0 0 0 0 0 0 0 0 0 0
1784740931.243587,55907,-44,11,1,7,1,-95,1,652733846,128,0 0 0 0 0 0 0 0 0 0 0 0 7 -1 7 0 7 0 7 1 7 1 7 1 8 1 8 1 8 1 8 2 8 2 8 2 8 3 8 3 8 2 9 3 9 3 9 3 9 3 9 3 9 3 9 3 10 3 9 4 9 4 10 3 0 0 10 3 10 3 10 3 11 3 10 3 11 2 11 2 11 2 12 2 13 2 12 3 12 2 12 2 12 2 13 1 13 1 14 2 13 2 13 1 14 1 14 2 14 1 14 2 14 3 14 2 14 2 0 0 0 0 0 0 0 0 0 0
1784740931.258308,55908,-44,11,1,7,1,-95,1,652762473,128,0 0 0 0 0 0 0 0 0 0 0 0 5 -4 5 -4 6 -4 6 -3 6 -3 6 -3 7 -4 7 -3 7 -3 7 -3 8 -3 8 -3 8 -3 8 -3 8 -3 9 -2 9 -2 9 -2 9 -2 9 -3 9 -3 9 -3 9 -3 9 -2 10 -2 10 -3 0 0 10 -3 10 -3 10 -3 11 -3 10 -3 11 -4 11 -4 11 -4 11 -4 12 -4 12 -4 12 -4 12 -4 12 -4 12 -5 12 -5 12 -4 13 -5 13 -5 13 -6 13 -5 13 -5 13 -5 14 -5 14 -5 14 -5 0 0 0 0 0 0 0 0 0 0
1784740931.258308,55909,-44,11,1,7,1,-95,1,652763977,128,0 0 0 0 0 0 0 0 0 0 0 0 6 -2 6 -2 6 -2 7 -1 6 -1 7 -1 7 -1 7 -1 7 -1 7 -1 7 -1 8 -1 8 -1 8 0 9 0 8 0 9 0 8 0 9 0 9 0 9 0 9 0 9 0 9 0 9 0 10 0 0 0 10 0 10 0 11 0 10 0 11 0 11 0 11 -1 11 -1 11 0 11 -1 12 -1 12 -2 12 -2 13 -2 12 -1 13 -2 12 -1 13 -2 13 -2 13 -2 13 -2 13 -2 13 -2 13 -2 14 -2 14 -2 0 0 0 0 0 0 0 0 0 0
1784740931.258308,55910,-42,11,1,7,0,-95,1,652770902,128,0 0 0 0 0 0 0 0 0 0 0 0 7 -3 7 -3 7 -3 7 -2 8 -2 8 -2 8 -2 8 -2 8 -1 8 -1 9 -1 9 -1 9 -1 9 -1 10 -1 10 -1 10 -1 10 -1 10 -1 10 -1 10 -1 10 -1 11 -1 11 -1 11 -1 11 -1 0 0 12 -1 12 -1 12 -1 12 -1 12 -2 12 -1 12 -2 13 -2 13 -2 13 -2 13 -2 13 -3 13 -2 14 -3 14 -3 14 -3 14 -3 14 -3 14 -3 15 -3 15 -3 15 -3 15 -3 15 -3 15 -3 15 -3 0 0 0 0 0 0 0 0 0 0
1784740931.272706,55911,-44,11,1,7,1,-95,1,652780740,128,0 0 0 0 0 0 0 0 0 0 0 0 1 -7 1 -7 1 -7 2 -7 2 -7 2 -8 2 -8 2 -8 3 -8 3 -8 3 -8 3 -8 4 -8 4 -8 4 -9 4 -8 4 -8 4 -8 4 -9 4 -9 4 -9 4 -9 4 -9 5 -9 4 -9 4 -10 0 0 4 -10 4 -10 4 -10 4 -10 4 -10 4 -11 4 -11 4 -11 4 -11 4 -12 4 -12 4 -12 4 -12 4 -13 4 -13 4 -13 4 -13 4 -13 4 -13 4 -14 4 -14 4 -14 4 -14 4 -14 4 -14 4 -14 0 0 0 0 0 0 0 0 0 0
1784740931.288627,55912,-44,11,1,7,1,-95,1,652790868,128,0 0 0 0 0 0 0 0 0 0 0 0 6 -1 7 0 7 0 7 0 7 1 7 1 7 1 7 1 7 1 7 2 8 2 8 2 8 3 8 3 8 3 8 3 8 3 8 3 9 3 9 3 9 3 9 3 9 3 9 3 9 3 9 3 0 0 10 3 10 3 10 3 10 3 10 3 10 3 11 3 11 3 11 3 12 3 12 3 12 2 12 3 12 3 13 2 13 2 13 3 13 3 13 2 14 2 13 3 14 2 14 3 14 3 14 3 14 3 0 0 0 0 0 0 0 0 0 0
1784740931.292655,55913,-44,11,1,7,1,-95,1,652800779,128,0 0 0 0 0 0 0 0 0 0 0 0 6 -3 6 -3 6 -2 7 -2 7 -2 7 -2 7 -2 7 -2 7 -2 7 -2 8 -2 8 -1 8 -1 8 -1 9 -1 8 -1 9 -1 9 -1 9 -1 9 -1 9 -1 9 -1 9 -1 9 -1 9 -1 10 -1 0 0 10 -1 10 -1 10 -1 10 -2 10 -2 10 -2 10 -2 11 -3 11 -2 11 -3 11 -3 12 -3 12 -3 12 -3 12 -3 13 -3 12 -3 13 -4 13 -4 13 -4 13 -4 13 -4 13 -4 13 -3 13 -4 14 -4 0 0 0 0 0 0 0 0 0 0
1784740931.304790,55914,-44,11,1,7,1,-95,1,652810735,128,0 0 0 0 0 0 0 0 0 0 0 0 2 6 1 7 1 7 1 7 1 7 0 7 0 8 0 8 0 8 0 8 -1 8 -1 8 -1 9 -1 8 -1 9 -1 9 -1 9 -1 9 -1 9 -1 10 -1 9 -1 9 -1 10 -2 9 -2 10 -1 10 0 0 -1 10 -1 10 -1 10 -1 11 0 11 0 11 0 11 0 11 0 11 1 12 0 12 0 12 1 12 1 12 1 12 1 13 1 13 1 13 1 13 2 13 1 13 2 13 1 14 1 14 1 14 1 14 0 0 0 0 0 0 0 0 0 0
1784740931.353929,55915,-44,11,1,7,1,-95,1,652825253,128,0 0 0 0 0 0 0 0 0 0 0 0 -5 -6 -5 -6 -5 -6 -5 -7 -5 -7 -5 -7 -4 -7 -4 -8 -4 -8 -5 -8 -4 -8 -4 -8 -4 -9 -4 -9 -4 -9 -3 -10 -3 -10 -4 -10 -4 -10 -4 -10 -4 -10 -3 -10 -4 -10 -4 -10 -4 -10 -4 -10 0 0 -4 -11 -4 -11 -4 -11 -4 -11 -5 -11 -5 -11 -5 -11 -5 -12 -5 -12 -6 -12 -6 -12 -6 -12 -6 -12 -6 -12 -6 -12 -6 -13 -6 -13 -7 -13 -7 -13 -7 -13 -7 -13 -7 -14 -7 -13 -7 -14 -7 -13 -7 -14 0 0 0 0 0 0 0 0 0 0
1784740931.388978,55916,-44,11,1,7,1,-95,1,652860087,128,0 0 0 0 0 0 0 0 0 0 0 0 -2 -7 -2 -7 -1 -8 -1 -8 -1 -8 -1 -8 -1 -8 -1 -9 0 -9 -1 -9 0 -9 0 -9 0 -9 0 -10 0 -10 1 -10 1 -10 1 -10 1 -10 1 -10 1 -10 1 -10 0 -10 1 -10 1 -11 1 -11 0 0 0 -12 1 -11 1 -12 0 -11 0 -12 0 -12 0 -12 0 -12 0 -13 -1 -13 -1 -13 -1 -13 -1 -14 -1 -14 -1 -13 -1 -14 -1 -14 -1 -14 -1 -14 -1 -15 -2 -15 -1 -15 -1 -15 -1 -15 -1 -15 -1 -16 0 0 0 0 0 0 0 0 0 0
1784740931.432407,55917,-44,11,1,6,0,-95,1,652925768,128,0 0 0 0 0 0 0 0 0 0 0 0 5 3 6 3 5 3 5 4 5 4 6 4 5 4 6 5 6 5 5 5 6 5 5 6 6 5 6 6 6 6 5 6 7 6 6 6 6 7 6 6 6 7 7 7 6 7 6 8 6 8 7 6 0 0 8 7 8 8 8 7 7 7 8 8 8 7 8 8 9 8 9 8 10 7 10 7 10 8 11 8 11 8 11 8 11 8 12 8 12 8 12 9 12 9 12 10 11 9 12 9 12 9 11 10 12 9 0 0 0 0 0 0 0 0 0 0
1784740931.432407,55918,-42,11,1,7,0,-95,1,652930888,128,0 0 0 0 0 0 0 0 0 0 0 0 -2 7 -2 7 -3 7 -3 7 -3 7 -4 7 -4 7 -4 7 -4 7 -5 8 -5 8 -5 8 -5 8 -5 8 -5 8 -6 8 -5 8 -6 9 -6 8 -6 9 -6 9 -6 9 -6 9 -6 9 -6 9 -6 10 0 0 -6 10 -6 10 -6 10 -6 11 -5 11 -6 11 -5 12 -5 12 -5 12 -5 13 -5 13 -5 13 -5 13 -6 13 -5 14 -5 14 -6 14 -6 14 -5 15 -5 15 -5 15 -6 15 -6 15 -6 15 -6 15 -6 15 0 0 0 0 0 0 0 0 0 0
1784740931.432407,55919,-42,11,1,7,0,-95,1,652932385,128,0 0 0 0 0 0 0 0 0 0 0 0 6 -5 6 -4 7 -4 7 -4 7 -4 7 -4 7 -3 8 -3 8 -3 8 -3 8 -3 8 -3 9 -3 9 -3 9 -3 9 -3 9 -3 10 -3 10 -3 10 -2 10 -3 10 -3 10 -3 10 -3 11 -3 11 -3 0 0 11 -3 11 -4 11 -4 12 -4 11 -4 12 -4 12 -4 12 -5 12 -5 13 -5 13 -5 13 -6 13 -6 13 -6 13 -6 14 -6 14 -6 14 -6 14 -6 15 -6 15 -6 15 -6 15 -6 15 -6 15 -6 15 -6 0 0 0 0 0 0 0 0 0 0
1784740931.432407,55920,-45,11,1,7,1,-95,1,652937970,128,0 0 0 0 0 0 0 0 0 0 0 0 -7 1 -7 1 -8 0 -8 0 -8 0 -8 0 -8 0 -8 0 -9 -1 -9 -1 -9 -1 -9 -1 -9 -1 -9 -2 -9 -2 -9 -2 -10 -2 -10 -2 -10 -2 -10 -2 -10 -2 -10 -2 -10 -2 -10 -2 -10 -2 -11 -2 0 0 -11 -2 -11 -2 -11 -2 -11 -2 -11 -1 -12 -2 -12 -1 -12 -1 -12 -1 -13 -1 -13 -1 -13 -1 -13 -1 -14 -1 -14 -1 -14 -1 -14 -1 -15 -1 -15 -1 -15 -1 -15 -1 -15 -1 -15 -1 -15 -2 -15 -2 -16 -2 0 0 0 0 0 0 0 0 0 0
1784740931.458589,55921,-45,11,1,7,1,-95,1,652940883,128,0 0 0 0 0 0 0 0 0 0 0 0 -6 4 -6 4 -7 4 -7 3 -7 3 -7 3 -7 3 -8 3 -8 3 -8 3 -8 3 -8 3 -9 3 -9 3 -9 3 -9 3 -9 2 -9 3 -10 2 -10 3 -9 3 -10 3 -10 3 -10 3 -10 3 -10 3 0 0 -10 4 -10 4 -11 4 -10 4 -10 5 -11 4 -11 5 -11 5 -11 5 -11 6 -11 6 -11 6 -11 6 -12 6 -12 6 -12 7 -12 6 -13 7 -13 7 -13 7 -13 7 -13 7 -13 7 -13 7 -13 7 -13 7 0 0 0 0 0 0 0 0 0 0
1784740931.458589,55922,-44,11,1,7,1,-95,1,652961915,128,0 0 0 0 0 0 0 0 0 0 0 0 -6 4 -7 4 -7 4 -8 4 -7 3 -8 3 -8 3 -8 3 -9 3 -9 3 -9 3 -9 3 -9 2 -10 3 -10 2 -10 2 -10 2 -10 2 -11 2 -11 1 -11 1 -11 1 -10 2 -11 2 -11 2 -11 2 0 0 -11 2 -11 2 -12 2 -11 2 -11 2 -12 2 -12 2 -12 3 -12 3 -12 4 -12 4 -12 4 -13 4 -13 4 -12 4 -14 4 -13 4 -14 4 -14 4 -14 4 -14 4 -14 4 -13 4 -14 4 -14 4 -14 4 0 0 0 0 0 0 0 0 0 0
1784740931.466284,55923,-44,11,1,7,1,-95,1,652963875,128,0 0 0 0 0 0 0 0 0 0 0 0 2 7 2 7 1 7 1 7 0 8 0 8 0 8 0 8 0 8 0 8 -1 9 -1 9 -1 9 -1 9 -1 9 -2 9 -2 9 -2 9 -2 10 -2 10 -2 10 -2 10 -2 10 -2 10 -2 10 -2 10 0 0 -2 10 -2 10 -2 11 -2 11 -1 11 -1 11 -1 11 -1 11 -1 11 -1 12 -1 12 0 12 -1 12 0 12 -1 13 -1 13 0 13 -1 14 0 13 0 14 0 14 0 14 -1 13 -1 14 0 14 -1 14 0 0 0 0 0 0 0 0 0 0
1784740931.466284,55924,-44,11,1,7,1,-95,1,652971969,128,0 0 0 0 0 0 0 0 0 0 0 0 -7 -2 -7 -3 -7 -4 -7 -4 -8 -4 -7 -4 -8 -4 -8 -5 -8 -5 -8 -5 -8 -6 -8 -6 -8 -6 -8 -6 -8 -6 -8 -6 -8 -6 -8 -7 -8 -7 -9 -7 -9 -7 -9 -7 -9 -7 -9 -7 -8 -7 -9 -7 0 0 -9 -7 -10 -7 -9 -6 -10 -7 -10 -7 -10 -7 -10 -6 -11 -6 -11 -6 -12 -7 -12 -7 -12 -7 -12 -7 -12 -7 -13 -7 -12 -7 -13 -7 -13 -7 -13 -7 -14 -7 -14 -7 -14 -6 -14 -7 -14 -8 -13 -7 -14 -7 0 0 0 0 0 0 0 0 0 0
1784740931.466284,55925,-42,11,1,7,0,-95,1,652980764,128,0 0 0 0 0 0 0 0 0 0 0 0 -5 4 -6 4 -6 4 -6 4 -6 4 -7 4 -7 3 -7 4 -8 4 -8 3 -8 3 -8 3 -8 3 -9 3 -9 3 -9 3 -9 3 -9 3 -9 3 -9 3 -9 3 -10 3 -10 3 -9 3 -10 3 -10 3 0 0 -10 4 -10 4 -10 4 -10 4 -10 4 -11 4 -11 4 -11 5 -11 5 -11 6 -11 5 -11 6 -11 6 -12 6 -12 6 -12 6 -12 6 -12 6 -12 6 -13 7 -13 6 -13 7 -13 6 -13 7 -13 7 -13 7 0 0 0 0 0 0 0 0 0 0
1784740931.480299,55926,-45,11,1,7,1,-95,1,652990861,128,0 0 0 0 0 0 0 0 0 0 0 0 6 0 7 0 7 0 7 1 7 1 7 1 7 1 7 1 7 1 7 2 7 2 8 2 7 2 8 3 8 3 8 3 8 3 8 3 8 3 8 3 8 3 9 3 9 3 9 3 9 3 9 3 0 0 9 3 10 3 10 3 10 3 10 3 10 3 10 3 11 3 11 3 11 3 11 3 11 2 12 3 12 3 12 3 13 3 12 3 13 3 13 3 13 2 13 3 13 3 13 3 13 3 14 3 14 3 0 0 0 0 0 0 0 0 0 0
1784740931.496415,55927,-44,11,1,7,1,-95,1,653000804,128,0 0 0 0 0 0 0 0 0 0 0 0 -4 6 -5 6 -5 5 -5 5 -5 5 -6 5 -6 5 -6 5 -7 5 -6 5 -7 5 -7 5 -7 5 -7 5 -8 6 -8 5 -8 5 -8 5 -8 5 -8 5 -8 6 -8 6 -8 6 -8 6 -8 6 -8 7 0 0 -9 7 -9 7 -9 7 -8 7 -8 7 -9 7 -9 7 -9 8 -9 8 -9 9 -9 9 -9 9 -9 9 -9 9 -9 9 -10 9 -9 9 -9 10 -10 10 -10 10 -10 10 -10 10 -9 10 -9 10 -10 10 -10 11 0 0 0 0 0 0 0 0 0 0
1784740931.532030,55928,-44,11,1,7,1,-95,1,653012917,128,0 0 0 0 0 0 0 0 0 0 0 0 3 6 3 6 2 7 2 7 2 7 2 7 1 7 2 8 2 8 2 8 2 8 2 8 1 9 1 9 1 9 1 9 1 9 0 9 1 9 0 9 1 10 0 10 1 10 1 10 1 10 1 10 0 0 1 11 1 11 1 11 1 11 2 11 2 11 2 11 2 11 2 12 3 12 3 12 4 12 4 12 3 13 3 13 3 13 3 12 4 13 3 14 3 14 4 14 3 14 4 13 4 14 4 14 4 14 0 0 0 0 0 0 0 0 0 0
1784740931.532030,55929,-42,11,1,7,0,-95,1,653037925,128,0 0 0 0 0 0 0 0 0 0 0 0 7 3 6 4 6 4 6 5 6 5 6 5 6 5 6 5 7 6 6 6 6 7 6 7 6 7 6 7 6 8 6 8 6 8 6 8 6 8 6 8 6 8 6 9 6 8 6 9 6 9 7 9 0 0 7 9 7 9 7 9 7 9 7 9 8 9 8 9 8 9 9 9 9 9 9 10 9 9 9 10 10 10 10 10 10 10 9 10 10 10 10 10 11 10 11 10 11 11 11 10 11 11 11 11 11 11 0 0 0 0 0 0 0 0 0 0
1784740931.544271,55930,-45,11,1,7,1,-95,1,653038413,128,0 0 0 0 0 0 0 0 0 0 0 0 2 6 2 6 1 6 1 6 1 7 1 7 1 7 1 7 1 7 0 8 0 8 0 8 0 8 0 8 0 8 0 8 0 9 -1 9 -1 9 -1 9 -1 9 -1 9 -1 9 -1 9 -1 9 -1 10 0 0 -1 10 0 10 0 10 0 10 0 10 0 10 0 10 0 11 0 11 1 11 1 11 1 11 1 11 1 12 1 12 1 12 1 12 2 13 2 12 2 13 2 13 2 13 2 13 1 13 2 13 2 14 0 0 0 0 0 0 0 0 0 0
1784740931.544271,55931,-45,11,1,7,1,-95,1,653040772,128,0 0 0 0 0 0 0 0 0 0 0 0 -4 5 -4 5 -5 5 -5 5 -5 5 -6 5 -6 5 -6 5 -6 5 -7 5 -7 5 -7 5 -8 5 -8 5 -8 5 -8 5 -8 5 -8 5 -9 5 -9 5 -8 5 -9 5 -9 5 -9 5 -9 5 -9 5 0 0 -9 5 -9 6 -9 6 -9 6 -9 6 -9 6 -9 7 -10 7 -9 7 -10 8 -10 7 -10 7 -10 7 -10 8 -10 8 -10 9 -10 9 -10 9 -10 9 -10 9 -10 9 -10 9 -11 9 -11 9 -11 9 -11 9 0 0 0 0 0 0 0 0 0 0
1784740931.544271,55932,-44,11,1,7,1,-95,1,653050767,128,0 0 0 0 0 0 0 0 0 0 0 0 -6 4 -6 3 -7 3 -7 3 -7 3 -8 3 -8 3 -8 3 -8 2 -8 2 -8 2 -9 2 -9 2 -9 2 -9 2 -9 2 -10 2 -10 2 -10 2 -10 1 -10 2 -10 2 -10 2 -10 2 -10 2 -11 2 0 0 -11 2 -11 2 -11 2 -11 2 -11 3 -11 3 -11 3 -11 3 -12 3 -12 4 -12 4 -12 4 -12 4 -13 4 -12 4 -13 4 -13 4 -13 4 -13 4 -13 4 -14 5 -14 4 -14 5 -14 5 -14 5 -14 5 0 0 0 0 0 0 0 0 0 0
1784740931.544271,55933,-44,11,1,7,1,-95,1,653060837,128,0 0 0 0 0 0 0 0 0 0 0 0 -6 3 -7 3 -7 3 -7 2 -8 2 -8 2 -8 2 -8 2 -8 2 -9 2 -9 2 -9 2 -9 1 -10 1 -10 1 -10 1 -10 1 -10 1 -10 1 -10 1 -10 1 -10 1 -10 1 -10 1 -10 1 -10 1 0 0 -11 1 -11 2 -11 1 -11 2 -11 2 -11 2 -11 2 -11 2 -12 2 -12 3 -12 3 -12 3 -12 3 -12 3 -13 4 -13 3 -13 3 -13 4 -13 4 -14 4 -13 4 -14 4 -14 4 -14 4 -14 4 -14 4 0 0 0 0 0 0 0 0 0 0
1784740931.560492,55934,-44,11,1,7,1,-95,1,653070793,128,0 0 0 0 0 0 0 0 0 0 0 0 -6 -5 -6 -5 -6 -6 -6 -6 -6 -6 -6 -6 -6 -7 -6 -7 -6 -7 -6 -8 -6 -8 -5 -8 -5 -9 -5 -9 -5 -8 -6 -9 -5 -9 -6 -10 -5 -9 -5 -10 -5 -9 -5 -9 -5 -10 -5 -10 -5 -10 -5 -10 0 0 -5 -10 -6 -10 -6 -9 -7 -10 -7 -10 -7 -10 -7 -10 -7 -10 -7 -10 -8 -11 -8 -11 -8 -10 -8 -10 -8 -10 -9 -11 -9 -11 -9 -12 -9 -11 -9 -11 -10 -11 -9 -11 -10 -11 -9 -12 -9 -12 -9 -12 -9 -12 0 0 0 0 0 0 0 0 0 0
1784740931.675435,55935,-45,11,1,7,1,-95,1,653094341,128,0 0 0 0 0 0 0 0 0 0 0 0 6 1 6 1 6 2 6 2 6 3 6 3 7 3 7 3 7 3 7 4 7 4 7 4 7 5 7 5 7 5 7 5 7 5 8 6 7 5 8 6 7 6 8 6 8 6 8 6 7 6 8 6 0 0 8 6 9 6 8 6 9 6 9 6 9 6 9 6 10 6 10 6 10 7 10 6 10 6 10 6 10 7 11 6 11 6 11 7 11 7 12 7 12 7 12 7 12 7 12 8 12 8 12 7 12 8 0 0 0 0 0 0 0 0 0 0
1784740931.675435,55936,-44,11,1,7,1,-95,1,653119499,128,0 0 0 0 0 0 0 0 0 0 0 0 1 -7 1 -7 2 -7 2 -7 3 -7 3 -8 3 -7 3 -8 4 -8 4 -8 4 -8 4 -8 5 -8 5 -8 5 -8 5 -8 6 -8 6 -8 6 -8 6 -8 6 -8 6 -8 6 -9 6 -9 6 -9 6 -9 0 0 6 -9 6 -9 6 -9 6 -9 6 -10 6 -10 6 -10 6 -10 6 -10 6 -11 6 -11 6 -12 6 -12 6 -12 6 -12 6 -12 6 -12 6 -13 6 -13 6 -13 6 -13 7 -13 6 -13 7 -13 7 -13 7 -14 0 0 0 0 0 0 0 0 0 0
1784740931.675435,55937,-45,11,1,7,1,-95,1,653132336,128,0 0 0 0 0 0 0 0 0 0 0 0 -7 -1 -7 -1 -7 -2 -7 -2 -8 -2 -8 -3 -8 -3 -8 -3 -8 -3 -8 -3 -8 -4 -8 -4 -9 -4 -9 -4 -9 -5 -9 -5 -9 -5 -9 -5 -9 -5 -9 -5 -9 -5 -9 -6 -9 -5 -9 -6 -9 -6 -10 -6 0 0 -10 -6 -10 -6 -10 -6 -10 -6 -10 -6 -10 -6 -11 -6 -11 -5 -11 -6 -12 -5 -12 -5 -12 -5 -12 -6 -12 -5 -12 -6 -12 -6 -12 -6 -13 -6 -13 -6 -13 -6 -14 -6 -14 -6 -14 -6 -14 -6 -14 -6 -14 -6 0 0 0 0 0 0 0 0 0 0
1784740931.675435,55938,-44,11,1,7,1,-95,1,653132704,128,0 0 0 0 0 0 0 0 0 0 0 0 -7 1 -7 0 -8 0 -7 0 -8 0 -8 0 -8 -1 -8 -1 -8 -1 -9 -1 -9 -2 -9 -2 -9 -2 -9 -2 -9 -2 -10 -2 -10 -2 -10 -2 -10 -2 -10 -2 -10 -2 -10 -2 -11 -2 -10 -3 -10 -3 -10 -3 0 0 -11 -2 -11 -2 -11 -2 -12 -2 -11 -2 -11 -2 -11 -1 -12 -2 -12 -1 -13 -1 -13 -1 -13 -1 -12 -1 -13 -1 -14 0 -14 0 -14 -1 -14 -1 -14 0 -15 0 -14 0 -15 0 -15 -1 -15 -1 -15 -1 -15 -1 0 0 0 0 0 0 0 0 0 0
1784740931.675435,55939,-45,11,1,7,1,-95,1,653146502,128,0 0 0 0 0 0 0 0 0 0 0 0 0 -7 1 -8 1 -7 2 -8 2 -7 2 -8 2 -8 3 -8 3 -8 3 -8 3 -8 3 -8 3 -8 4 -9 4 -9 4 -8 4 -9 4 -8 4 -9 4 -9 4 -9 5 -9 4 -9 4 -9 4 -9 4 -10 0 0 4 -10 4 -10 5 -10 4 -10 4 -11 4 -11 4 -11 4 -11 4 -11 4 -12 4 -12 4 -12 4 -13 4 -13 4 -12 4 -13 4 -13 4 -14 4 -13 4 -14 4 -14 4 -14 4 -13 4 -14 4 -14 4 -14 0 0 0 0 0 0 0 0 0 0
1784740931.675435,55940,-45,11,1,7,1,-95,1,653176422,128,0 0 0 0 0 0 0 0 0 0 0 0 -6 4 -7 4 -7 3 -8 4 -7 3 -8 3 -8 3 -9 3 -8 2 -8 2 -9 3 -9 2 -9 3 -10 2 -10 2 -10 2 -11 2 -10 2 -11 1 -10 1 -10 1 -11 1 -10 2 -10 2 -10 2 -11 2 0 0 -11 2 -11 2 -12 2 -11 2 -11 2 -12 2 -11 3 -12 3 -12 3 -12 4 -12 4 -12 4 -13 4 -13 4 -12 4 -14 4 -12 4 -14 4 -14 4 -14 4 -14 5 -14 4 -13 5 -14 5 -14 5 -15 5 0 0 0 0 0 0 0 0 0 0
1784740931.675435,55941,-45,11,1,7,1,-95,1,653181287,128,0 0 0 0 0 0 0 0 0 0 0 0 3 -7 3 -7 4 -7 4 -7 4 -7 5 -7 5 -7 5 -7 5 -7 6 -6 6 -7 6 -7 6 -7 7 -7 7 -7 7 -7 7 -7 7 -6 7 -7 8 -7 8 -7 7 -7 7 -7 8 -7 7 -7 8 -7 0 0 8 -7 7 -8 7 -8 7 -8 7 -8 8 -8 7 -9 7 -9 7 -9 7 -9 8 -10 7 -10 7 -10 8 -10 7 -11 8 -11 8 -11 8 -12 8 -11 8 -11 8 -12 8 -12 8 -12 8 -12 7 -12 8 -12 0 0 0 0 0 0 0 0 0 0
1784740931.675435,55942,-45,11,1,7,1,-95,1,653181816,128,0 0 0 0 0 0 0 0 0 0 0 0 -7 -3 -7 -4 -7 -5 -7 -5 -7 -5 -7 -5 -7 -6 -7 -6 -7 -6 -7 -7 -7 -7 -7 -7 -7 -7 -7 -8 -7 -8 -7 -8 -7 -8 -7 -8 -7 -8 -7 -8 -7 -9 -7 -8 -7 -9 -7 -8 -7 -9 -7 -9 0 0 -7 -9 -8 -9 -8 -9 -8 -8 -8 -8 -8 -8 -8 -8 -9 -8 -9 -9 -9 -9 -9 -9 -10 -8 -10 -9 -10 -9 -11 -9 -11 -9 -11 -9 -10 -9 -11 -9 -11 -9 -11 -9 -12 -9 -11 -9 -11 -10 -11 -9 -11 -10 0 0 0 0 0 0 0 0 0 0
1784740931.675435,55943,-45,11,1,7,1,-95,1,653190803,128,0 0 0 0 0 0 0 0 0 0 0 0 7 -1 7 -1 7 0 7 0 7 1 7 1 7 1 8 1 8 1 8 1 8 2 8 2 8 2 9 2 9 3 9 3 9 3 9 3 9 3 9 3 9 3 9 3 9 3 9 3 9 3 10 3 0 0 10 4 10 3 10 3 10 3 10 3 10 3 11 3 11 3 11 3 12 3 11 2 11 2 12 2 12 2 12 2 13 2 12 2 13 2 13 2 13 2 14 2 14 2 13 2 13 2 14 2 14 2 0 0 0 0 0 0 0 0 0 0
1784740931.688658,55944,-45,11,1,7,1,-95,1,653200775,128,0 0 0 0 0 0 0 0 0 0 0 0 7 1 6 1 7 2 7 2 7 2 7 2 7 2 7 2 8 3 7 3 7 3 8 4 8 4 8 4 8 4 8 5 8 4 8 5 8 5 8 5 9 5 8 5 9 5 8 5 8 5 9 5 0 0 9 5 9 5 9 5 10 5 9 5 10 5 10 5 11 4 11 5 11 4 11 5 11 4 12 5 12 4 12 4 12 4 12 5 13 4 13 4 13 4 13 4 14 4 13 4 13 5 13 5 14 5 0 0 0 0 0 0 0 0 0 0
1784740931.704462,55945,-45,11,1,7,1,-95,1,653210791,128,0 0 0 0 0 0 0 0 0 0 0 0 -6 4 -6 4 -7 4 -7 3 -7 3 -7 3 -7 3 -8 3 -8 3 -8 2 -8 3 -9 2 -9 2 -9 3 -9 3 -9 3 -9 3 -10 3 -10 3 -10 3 -10 3 -10 3 -10 3 -10 2 -10 2 -10 3 0 0 -11 3 -11 3 -11 3 -11 4 -11 4 -11 4 -11 4 -11 4 -11 4 -12 5 -12 5 -12 5 -12 5 -12 5 -13 6 -12 6 -13 5 -13 6 -13 5 -13 6 -13 6 -13 6 -14 6 -14 5 -14 6 -14 6 0 0 0 0 0 0 0 0 0 0
1784740931.738338,55946,-43,11,1,5,1,-95,1,653239676,128,0 0 0 0 0 0 0 0 0 0 0 0 -7 -3 -7 -4 -7 -4 -7 -4 -7 -5 -6 -5 -7 -5 -7 -6 -7 -6 -6 -7 -6 -7 -6 -7 -6 -8 -6 -8 -6 -8 -6 -8 -6 -8 -6 -9 -6 -8 -6 -9 -6 -9 -6 -9 -6 -9 -5 -9 -5 -9 -5 -9 0 0 -5 -9 -6 -10 -5 -9 -6 -10 -6 -9 -6 -10 -6 -10 -6 -10 -7 -10 -7 -11 -7 -10 -7 -10 -6 -11 -6 -10 -8 -11 -7 -11 -7 -12 -7 -12 -6 -11 -7 -12 -8 -11 -7 -14 -7 -15 -6 -13 -5 -13 -10 -11 0 0 0 0 0 0 0 0 0 0
1784740931.738338,55947,-45,11,1,7,1,-95,1,653239867,128,0 0 0 0 0 0 0 0 0 0 0 0 7 1 7 1 7 1 7 2 8 2 7 2 8 2 8 2 8 3 8 3 8 3 8 4 8 4 8 4 8 4 9 4 8 4 9 5 8 4 9 4 9 4 9 4 9 4 9 5 9 5 9 5 0 0 9 4 10 4 9 4 10 4 9 3 11 3 10 3 11 3 11 3 12 2 11 3 11 3 13 3 12 3 13 2 11 4 14 3 13 2 11 1 13 2 14 2 13 2 14 2 14 2 14 2 14 3 0 0 0 0 0 0 0 0 0 0
1784740931.738338,55948,-44,11,1,7,1,-95,1,653240833,128,0 0 0 0 0 0 0 0 0 0 0 0 6 3 6 3 6 4 6 4 6 4 6 4 6 5 6 5 6 5 6 6 6 6 6 6 6 7 6 7 6 7 6 7 6 7 6 7 6 8 6 8 6 7 6 7 6 8 6 8 6 7 6 8 0 0 6 8 7 8 7 8 7 8 7 8 7 8 7 7 8 8 8 8 8 8 8 8 9 8 9 7 9 8 10 8 10 8 10 8 10 8 10 8 10 8 10 8 11 8 10 8 10 8 10 8 10 8 0 0 0 0 0 0 0 0 0 0
1784740931.752331,55949,-44,11,1,7,1,-95,1,653250778,128,0 0 0 0 0 0 0 0 0 0 0 0 2 6 1 7 1 7 0 7 0 7 0 8 0 8 0 8 -1 8 -1 8 -1 9 -1 9 -1 9 -1 9 -2 9 -2 9 -2 10 -2 10 -2 10 -2 10 -2 10 -3 10 -2 10 -3 10 -2 10 -2 10 0 0 -2 10 -2 11 -2 11 -2 11 -2 11 -2 11 -2 11 -1 11 -1 12 -1 12 -1 12 -1 12 -1 12 -1 13 0 13 -1 13 0 13 0 13 0 13 0 14 0 14 0 14 0 13 -1 14 0 14 0 14 0 0 0 0 0 0 0 0 0 0
1784740931.759746,55950,-44,11,1,7,1,-95,1,653260797,128,0 0 0 0 0 0 0 0 0 0 0 0 -7 1 -7 1 -8 1 -8 0 -8 0 -8 0 -8 0 -8 0 -9 0 -9 -1 -9 -1 -9 -1 -9 -1 -9 -1 -9 -1 -10 -1 -10 -1 -10 -1 -10 -1 -10 -1 -10 -1 -10 -1 -11 -1 -10 -2 -10 -2 -11 -2 0 0 -11 -1 -11 -1 -11 -1 -12 -1 -11 -1 -12 -1 -12 0 -12 0 -12 0 -13 0 -13 0 -13 0 -13 0 -13 0 -13 1 -13 1 -14 1 -14 1 -14 1 -14 1 -14 1 -14 2 -15 1 -15 0 -15 1 -15 1 0 0 0 0 0 0 0 0 0 0
1784740931.768430,55951,-45,11,1,7,1,-95,1,653270701,128,0 0 0 0 0 0 0 0 0 0 0 0 7 1 7 2 7 2 7 3 7 3 7 3 7 3 7 4 7 4 7 4 7 4 7 5 7 5 7 5 7 5 7 6 7 6 7 6 7 6 7 6 7 6 7 6 7 6 7 6 7 6 8 6 0 0 8 6 8 6 8 6 9 6 9 6 9 6 9 6 9 6 10 6 10 6 10 6 10 6 10 6 11 6 10 6 11 6 11 6 12 7 12 6 12 6 12 7 12 7 12 7 12 7 12 7 12 7 0 0 0 0 0 0 0 0 0 0
1784740931.784435,55952,-44,11,1,7,1,-95,1,653283260,128,0 0 0 0 0 0 0 0 0 0 0 0 -7 -4 -7 -4 -7 -5 -7 -5 -7 -5 -7 -6 -6 -6 -7 -6 -6 -7 -7 -7 -7 -7 -7 -7 -7 -8 -7 -8 -7 -8 -6 -8 -6 -8 -6 -9 -6 -9 -6 -9 -6 -9 -6 -9 -7 -9 -6 -9 -7 -9 -7 -9 0 0 -7 -9 -7 -9 -7 -9 -7 -9 -7 -9 -7 -9 -8 -10 -8 -9 -8 -10 -9 -10 -9 -10 -9 -9 -9 -10 -9 -10 -10 -10 -9 -10 -10 -10 -10 -10 -10 -11 -10 -11 -10 -11 -10 -11 -10 -11 -10 -11 -10 -11 -10 -11 0 0 0 0 0 0 0 0 0 0
1784740931.784435,55953,-44,11,1,7,1,-95,1,653290865,128,0 0 0 0 0 0 0 0 0 0 0 0 4 5 4 5 4 6 3 6 3 6 3 6 3 7 3 7 3 7 3 8 2 8 2 8 2 8 2 8 2 8 3 9 3 8 2 9 2 9 3 9 3 9 2 9 3 10 2 9 2 9 3 9 0 0 3 10 4 10 3 9 4 10 4 9 4 10 4 10 4 10 5 10 5 11 5 11 5 11 5 10 5 10 6 11 6 11 6 12 6 11 7 12 7 12 7 12 7 11 7 12 6 12 6 12 6 12 0 0 0 0 0 0 0 0 0 0
1784740931.800232,55954,-45,11,1,7,1,-95,1,653310442,128,0 0 0 0 0 0 0 0 0 0 0 0 6 3 6 3 5 4 5 4 5 4 5 5 5 5 5 5 5 5 5 5 5 6 5 6 5 6 5 6 5 6 5 7 5 7 5 7 5 7 5 7 5 7 5 7 5 7 6 7 6 7 6 7 0 0 6 7 6 7 6 8 6 7 7 7 7 8 7 8 7 8 7 8 8 8 8 8 9 8 9 8 9 8 9 8 9 9 9 9 10 9 9 9 9 9 10 9 9 10 10 9 10 9 10 9 10 10 0 0 0 0 0 0 0 0 0 0
1784740931.800232,55955,-45,11,1,7,1,-95,1,653310894,128,0 0 0 0 0 0 0 0 0 0 0 0 4 5 3 5 3 6 3 6 3 7 2 6 2 7 2 7 2 7 2 7 2 7 2 8 2 8 2 8 1 8 1 9 1 9 1 9 1 9 1 9 1 9 1 9 1 9 1 9 1 9 2 9 0 0 2 10 2 10 2 10 2 10 2 10 3 10 3 10 3 10 3 11 4 11 4 11 4 11 4 11 4 11 4 12 4 12 4 12 4 12 4 13 4 13 4 13 4 13 4 13 4 13 4 13 4 13 0 0 0 0 0 0 0 0 0 0
1784740931.816358,55956,-44,11,1,7,1,-95,1,653320804,128,0 0 0 0 0 0 0 0 0 0 0 0 1 7 1 7 0 7 0 7 0 8 0 7 -1 8 -1 8 -1 8 -2 8 -2 8 -2 8 -2 8 -3 8 -2 8 -2 9 -2 9 -3 9 -3 9 -3 9 -3 9 -3 9 -3 9 -3 9 -3 9 -3 9 0 0 -2 9 -2 10 -2 9 -2 10 -1 10 -2 10 -1 10 -1 11 -1 10 -1 12 -1 11 -1 11 -1 11 -1 11 0 12 0 12 0 13 0 13 0 13 0 13 0 13 1 13 0 14 0 13 0 13 0 13 0 0 0 0 0 0 0 0 0 0
1784740931.816358,55957,-42,11,1,7,0,-95,1,653332906,128,0 0 0 0 0 0 0 0 0 0 0 0 3 7 2 7 2 8 2 8 1 8 1 8 1 9 1 9 1 9 1 9 0 9 0 10 0 10 0 10 0 10 -1 11 -1 10 -1 11 -1 11 -1 11 -1 11 -1 11 -1 11 -1 11 -1 11 -1 11 0 0 -1 11 0 12 -1 12 0 12 0 12 0 12 0 12 0 12 1 12 1 13 1 13 1 13 1 13 1 13 2 14 2 14 2 14 2 14 2 14 2 14 2 15 2 15 2 15 2 15 2 15 2 15 0 0 0 0 0 0 0 0 0 0
1784740931.832431,55958,-44,11,1,7,1,-95,1,653340806,128,0 0 0 0 0 0 0 0 0 0 0 0 -8 -1 -8 -1 -8 -2 -8 -2 -8 -2 -8 -3 -8 -3 -9 -3 -9 -3 -8 -3 -9 -4 -9 -4 -9 -4 -9 -4 -9 -4 -9 -5 -9 -5 -9 -5 -9 -5 -9 -5 -10 -5 -9 -5 -10 -5 -10 -5 -9 -5 -10 -5 0 0 -10 -5 -10 -5 -10 -5 -11 -4 -11 -4 -11 -4 -11 -4 -12 -4 -11 -4 -12 -4 -12 -4 -12 -4 -12 -4 -13 -4 -13 -4 -13 -4 -13 -4 -13 -4 -14 -4 -14 -3 -14 -3 -14 -3 -14 -3 -14 -4 -14 -3 -15 -3 0 0 0 0 0 0 0 0 0 0
1784740931.832431,55959,-44,11,1,7,1,-95,1,653350712,128,0 0 0 0 0 0 0 0 0 0 0 0 7 -2 7 -2 7 -1 7 -1 7 -1 8 -1 8 -1 8 0 8 0 8 1 8 1 8 1 9 1 8 1 9 1 9 1 9 1 9 2 9 2 9 2 9 2 9 1 9 2 9 2 9 2 9 2 0 0 10 1 10 1 10 1 11 1 11 1 11 1 11 0 11 0 11 0 12 0 12 0 12 0 12 0 12 0 13 -1 13 -1 13 0 13 0 13 -1 14 -1 13 -1 13 -1 14 0 14 0 14 0 14 -1 0 0 0 0 0 0 0 0 0 0
1784740931.851717,55960,-45,11,1,7,1,-95,1,653360710,128,0 0 0 0 0 0 0 0 0 0 0 0 4 -6 4 -6 5 -6 5 -6 5 -6 6 -6 6 -5 6 -5 6 -5 6 -5 7 -5 7 -5 7 -5 8 -5 8 -5 8 -4 8 -5 8 -5 8 -5 8 -4 8 -4 9 -4 8 -5 8 -5 8 -5 9 -5 0 0 9 -5 9 -5 9 -5 9 -6 9 -6 9 -6 9 -6 9 -7 10 -6 9 -7 10 -7 10 -7 10 -7 10 -8 10 -7 11 -8 10 -8 11 -8 11 -8 11 -8 11 -8 11 -8 11 -8 11 -8 11 -8 12 -8 0 0 0 0 0 0 0 0 0 0
1784740931.866225,55961,-42,11,1,7,0,-95,1,653370696,128,0 0 0 0 0 0 0 0 0 0 0 0 0 -9 0 -9 1 -9 1 -9 2 -10 2 -10 2 -10 3 -10 3 -10 3 -10 4 -10 4 -10 4 -10 4 -10 5 -10 5 -10 5 -10 5 -10 5 -10 5 -10 5 -10 5 -10 5 -10 5 -10 5 -10 5 -10 0 0 5 -11 5 -11 5 -11 5 -11 5 -11 5 -11 5 -12 5 -12 5 -13 4 -13 4 -13 4 -13 4 -13 5 -13 4 -14 4 -14 5 -14 5 -14 5 -15 5 -15 5 -15 5 -15 5 -15 5 -15 5 -15 5 -15 0 0 0 0 0 0 0 0 0 0
1784740931.874002,55962,-44,11,1,7,1,-95,1,653380788,128,0 0 0 0 0 0 0 0 0 0 0 0 6 4 6 4 6 5 6 5 5 5 6 6 5 6 5 6 5 6 5 7 5 7 5 7 4 8 4 8 5 8 5 8 5 8 5 8 5 8 5 8 4 8 5 8 5 8 4 8 4 8 5 8 0 0 5 8 6 8 6 8 6 8 6 8 6 8 7 7 7 8 7 8 8 8 8 8 8 8 8 8 8 8 9 8 9 8 9 8 10 8 10 8 10 8 10 8 10 8 10 9 10 9 10 8 10 9 0 0 0 0 0 0 0 0 0 0
1784740931.912016,55963,-45,11,1,7,1,-95,1,653394780,128,0 0 0 0 0 0 0 0 0 0 0 0 -7 -5 -6 -5 -6 -6 -6 -6 -6 -7 -6 -7 -6 -7 -6 -7 -6 -7 -6 -8 -5 -8 -5 -9 -5 -9 -5 -9 -5 -9 -5 -9 -5 -9 -5 -10 -5 -9 -5 -10 -5 -9 -5 -10 -5 -10 -5 -10 -5 -10 -5 -10 0 0 -6 -10 -6 -10 -6 -10 -6 -10 -6 -10 -6 -10 -6 -10 -7 -10 -7 -10 -7 -11 -8 -10 -7 -10 -7 -10 -7 -10 -9 -10 -9 -10 -9 -11 -9 -11 -9 -10 -10 -11 -9 -11 -10 -11 -9 -11 -9 -12 -9 -12 -10 -12 0 0 0 0 0 0 0 0 0 0
1784740931.912016,55964,-45,11,1,7,1,-95,1,653418142,128,0 0 0 0 0 0 0 0 0 0 0 0 -8 -3 -8 -3 -7 -4 -8 -4 -7 -5 -8 -5 -8 -5 -8 -5 -7 -6 -8 -6 -8 -6 -8 -6 -8 -7 -8 -7 -8 -7 -7 -7 -7 -7 -8 -7 -8 -7 -8 -8 -8 -8 -8 -8 -8 -7 -8 -7 -8 -7 -8 -7 0 0 -8 -7 -8 -7 -8 -8 -9 -7 -9 -7 -9 -7 -9 -7 -10 -7 -10 -7 -10 -7 -10 -7 -10 -7 -11 -7 -11 -7 -11 -7 -11 -7 -11 -7 -12 -7 -12 -7 -12 -7 -12 -7 -12 -7 -12 -7 -12 -7 -13 -7 -13 -7 0 0 0 0 0 0 0 0 0 0
1784740931.912016,55965,-45,11,1,7,1,-95,1,653418478,128,0 0 0 0 0 0 0 0 0 0 0 0 7 2 7 3 7 3 6 4 6 4 6 4 7 5 7 5 6 5 6 5 6 6 6 6 6 7 6 7 6 7 6 7 6 7 6 7 6 7 6 7 6 7 6 7 6 7 6 8 6 7 6 8 0 0 6 8 7 8 7 8 7 8 7 7 7 8 8 7 8 7 8 7 9 8 9 8 9 8 9 8 9 8 9 8 9 8 9 8 10 8 10 8 10 8 10 8 10 8 10 8 10 9 10 8 11 8 0 0 0 0 0 0 0 0 0 0
1784740931.912016,55966,-45,11,1,7,1,-95,1,653420821,128,0 0 0 0 0 0 0 0 0 0 0 0 -7 -5 -7 -5 -7 -6 -7 -6 -6 -7 -7 -7 -6 -7 -6 -7 -6 -8 -6 -8 -6 -8 -6 -8 -6 -8 -6 -9 -6 -9 -5 -9 -6 -9 -5 -9 -6 -9 -6 -9 -6 -9 -5 -10 -6 -9 -6 -9 -6 -9 -6 -10 0 0 -6 -10 -6 -10 -6 -10 -7 -9 -7 -9 -7 -10 -7 -10 -8 -9 -8 -10 -8 -9 -8 -10 -9 -10 -9 -10 -9 -10 -9 -10 -10 -10 -9 -10 -10 -10 -10 -10 -10 -10 -10 -10 -10 -10 -10 -10 -10 -10 -11 -10 -11 -11 0 0 0 0 0 0 0 0 0 0
1784740931.930989,55967,-45,11,1,7,1,-95,1,653430804,128,0 0 0 0 0 0 0 0 0 0 0 0 -2 -9 -1 -8 0 -9 0 -9 0 -9 0 -9 1 -9 1 -9 1 -9 2 -10 2 -10 2 -9 3 -9 3 -9 2 -9 3 -10 2 -10 3 -10 3 -10 3 -10 3 -10 3 -10 3 -11 3 -10 3 -10 3 -10 0 0 3 -11 3 -11 2 -11 3 -12 2 -11 2 -11 2 -12 2 -12 2 -12 2 -13 2 -12 2 -13 2 -13 1 -12 1 -14 1 -13 1 -14 1 -14 1 -14 1 -14 1 -14 0 -14 1 -15 2 -15 1 -14 1 -15 0 0 0 0 0 0 0 0 0 0
1784740931.930989,55968,-44,11,1,7,1,-95,1,653440799,128,0 0 0 0 0 0 0 0 0 0 0 0 6 -3 7 -3 7 -3 8 -3 8 -2 8 -2 8 -2 8 -2 8 -2 8 -1 9 -1 9 -1 9 0 9 0 10 0 9 0 10 0 9 0 10 0 9 0 10 0 10 0 9 0 10 1 10 0 10 0 0 0 10 0 10 0 11 0 10 0 10 0 10 -1 10 -1 11 -1 11 -1 11 -1 11 -1 11 -2 11 -1 12 -2 11 -2 12 -2 12 -2 13 -2 12 -2 13 -3 13 -3 13 -3 12 -3 13 -2 13 -3 13 -3 0 0 0 0 0 0 0 0 0 0
1784740931.944193,55969,-44,11,1,7,1,-95,1,653450737,128,0 0 0 0 0 0 0 0 0 0 0 0 4 -7 5 -6 5 -6 6 -6 6 -6 6 -6 6 -6 7 -6 7 -5 7 -6 7 -5 8 -5 8 -5 8 -5 8 -5 9 -4 9 -5 9 -4 9 -5 9 -4 9 -5 9 -4 9 -5 9 -5 9 -5 9 -5 0 0 9 -5 9 -5 9 -5 9 -5 9 -6 9 -6 9 -6 9 -6 9 -6 9 -7 9 -7 9 -8 9 -8 9 -8 9 -8 9 -8 10 -8 10 -8 10 -9 10 -9 10 -9 10 -9 10 -9 10 -9 10 -9 10 -10 0 0 0 0 0 0 0 0 0 0
1784740931.948849,55970,-44,11,1,7,1,-95,1,653460702,128,0 0 0 0 0 0 0 0 0 0 0 0 -8 -2 -8 -2 -8 -3 -8 -3 -8 -3 -8 -3 -8 -4 -8 -4 -8 -4 -8 -5 -8 -5 -8 -5 -8 -6 -8 -6 -8 -5 -8 -6 -8 -6 -9 -6 -8 -6 -9 -6 -9 -6 -9 -6 -9 -6 -8 -6 -8 -6 -9 -6 0 0 -9 -6 -9 -6 -9 -6 -10 -6 -10 -6 -10 -5 -10 -5 -11 -5 -11 -5 -11 -6 -11 -6 -11 -5 -11 -5 -11 -5 -12 -5 -12 -5 -12 -5 -13 -5 -13 -5 -13 -5 -13 -5 -13 -4 -13 -5 -13 -5 -13 -5 -13 -5 0 0 0 0 0 0 0 0 0 0
1784740931.960176,55971,-44,11,1,7,1,-95,1,653471021,128,0 0 0 0 0 0 0 0 0 0 0 0 -2 7 -2 7 -3 7 -3 7 -4 7 -4 7 -4 7 -4 8 -5 8 -5 7 -5 7 -6 7 -6 8 -6 7 -6 8 -7 8 -6 8 -6 8 -7 8 -7 8 -7 8 -7 8 -7 8 -7 8 -7 8 -7 9 0 0 -7 9 -7 9 -7 9 -6 9 -6 9 -6 9 -6 10 -6 10 -6 10 -6 11 -7 11 -6 11 -6 11 -6 12 -6 11 -7 12 -6 12 -6 12 -6 12 -6 13 -6 13 -6 13 -6 12 -6 12 -6 13 -6 13 0 0 0 0 0 0 0 0 0 0
1784740931.977215,55972,-42,11,1,7,0,-95,1,653480753,128,0 0 0 0 0 0 0 0 0 0 0 0 8 2 8 2 8 3 8 3 8 4 8 4 8 4 8 5 8 5 8 5 8 6 8 6 8 6 8 7 8 7 8 7 8 7 8 7 8 7 8 7 8 7 8 7 8 7 8 8 8 8 8 8 0 0 9 8 9 8 9 7 9 7 9 7 10 7 10 7 10 7 10 7 10 7 11 7 11 7 11 8 11 7 12 7 12 7 12 8 12 8 12 7 12 8 12 7 13 7 12 8 12 8 13 8 13 8 0 0 0 0 0 0 0 0 0 0
1784740931.977215,55973,-44,11,1,7,1,-95,1,653491935,128,0 0 0 0 0 0 0 0 0 0 0 0 1 7 1 7 0 7 0 8 0 7 0 8 -1 8 -1 8 -1 8 -1 8 -1 8 -2 9 -2 9 -2 9 -2 9 -3 9 -3 9 -3 9 -3 9 -3 9 -3 9 -3 9 -3 9 -3 9 -3 9 -3 10 0 0 -3 10 -3 10 -3 11 -2 10 -2 10 -2 11 -2 11 -2 11 -2 11 -2 11 -1 11 -1 12 -1 12 -1 13 -1 12 -1 13 -1 12 -1 13 -1 13 -1 13 -1 13 -1 13 -1 13 -1 13 -1 13 -1 14 0 0 0 0 0 0 0 0 0 0
1784740932.007802,55974,-45,11,1,7,1,-95,1,653505141,128,0 0 0 0 0 0 0 0 0 0 0 0 6 4 6 4 6 5 5 5 5 6 5 5 5 6 5 6 5 7 5 7 5 7 5 7 4 8 4 8 5 7 5 8 5 8 5 8 5 8 5 8 5 8 5 8 5 8 4 8 5 8 5 8 0 0 6 8 6 8 6 7 7 8 6 8 7 8 7 7 8 7 8 7 9 8 8 8 8 8 8 8 8 8 10 8 9 8 10 8 10 8 10 7 10 8 10 7 10 8 11 8 10 9 10 8 10 8 0 0 0 0 0 0 0 0 0 0
1784740932.027143,55975,-44,11,1,7,1,-95,1,653523018,128,0 0 0 0 0 0 0 0 0 0 0 0 6 4 6 4 5 5 5 5 5 6 5 6 6 6 5 6 6 6 5 7 5 7 5 8 5 8 5 8 5 8 5 8 5 8 5 8 5 8 5 8 5 8 5 9 5 9 5 9 5 9 5 9 0 0 6 9 6 9 6 9 6 9 6 9 7 8 7 8 7 8 7 8 8 9 7 9 7 9 8 9 8 8 9 8 9 8 9 9 9 9 10 8 10 8 10 8 10 8 10 9 9 10 10 10 10 9 0 0 0 0 0 0 0 0 0 0
1784740932.027143,55976,-44,11,1,7,1,-95,1,653525133,128,0 0 0 0 0 0 0 0 0 0 0 0 1 7 1 7 0 7 0 8 -1 7 -1 8 -1 8 -1 8 -2 8 -1 8 -2 8 -2 8 -2 9 -2 9 -3 9 -3 9 -3 9 -3 9 -4 9 -3 9 -3 9 -4 9 -3 9 -3 10 -3 9 -3 10 0 0 -4 10 -3 10 -4 10 -3 10 -3 10 -3 10 -3 10 -3 11 -3 11 -2 11 -2 11 -2 11 -2 12 -2 12 -2 12 -3 13 -2 12 -2 13 -2 13 -2 13 -2 13 -2 13 -2 12 -2 13 -2 13 -2 14 0 0 0 0 0 0 0 0 0 0
1784740932.027143,55977,-44,11,1,7,1,-95,1,653531140,128,0 0 0 0 0 0 0 0 0 0 0 0 0 7 0 7 -1 7 -1 7 -1 8 -2 8 -2 8 -2 8 -2 8 -2 8 -3 8 -3 8 -3 8 -3 9 -3 9 -4 8 -4 9 -4 9 -4 9 -4 9 -4 9 -4 9 -4 9 -4 9 -4 9 -4 10 0 0 -4 10 -4 10 -4 10 -4 10 -4 10 -4 10 -4 10 -4 10 -4 11 -3 11 -3 11 -3 11 -3 12 -3 12 -3 12 -3 12 -3 12 -3 12 -3 13 -3 13 -3 13 -4 13 -3 13 -3 13 -3 13 -3 13 0 0 0 0 0 0 0 0 0 0
1784740932.027143,55978,-44,11,1,7,1,-95,1,653542366,128,0 0 0 0 0 0 0 0 0 0 0 0 -6 -7 -6 -7 -5 -8 -6 -8 -5 -8 -5 -9 -5 -9 -5 -9 -5 -9 -5 -9 -4 -9 -4 -9 -4 -10 -4 -10 -4 -11 -3 -10 -4 -10 -4 -10 -4 -10 -4 -10 -4 -10 -4 -10 -4 -10 -4 -10 -4 -10 -4 -10 0 0 -5 -11 -5 -10 -5 -11 -5 -10 -5 -10 -6 -10 -6 -10 -7 -10 -6 -11 -7 -10 -7 -10 -7 -11 -7 -11 -8 -11 -8 -11 -8 -11 -8 -11 -9 -11 -9 -11 -9 -11 -9 -11 -9 -11 -9 -11 -9 -11 -9 -12 -9 -12 0 0 0 0 0 0 0 0 0 0
1784740932.039966,55979,-44,11,1,7,1,-95,1,653550990,128,0 0 0 0 0 0 0 0 0 0 0 0 -6 -6 -6 -7 -6 -8 -6 -8 -5 -8 -5 -9 -5 -9 -5 -9 -5 -10 -4 -9 -4 -10 -4 -10 -3 -10 -3 -10 -4 -11 -3 -10 -3 -11 -3 -11 -3 -11 -3 -11 -3 -11 -3 -11 -3 -11 -3 -11 -3 -11 -3 -11 0 0 -3 -11 -4 -11 -4 -11 -4 -11 -4 -11 -5 -11 -4 -11 -5 -11 -5 -11 -5 -12 -5 -12 -6 -12 -6 -12 -6 -12 -6 -12 -7 -12 -6 -12 -7 -12 -7 -12 -7 -13 -7 -12 -7 -13 -7 -12 -7 -13 -7 -13 -8 -13 0 0 0 0 0 0 0 0 0 0
1784740932.055805,55980,-44,11,1,7,1,-95,1,653560977,128,0 0 0 0 0 0 0 0 0 0 0 0 -8 2 -8 2 -8 1 -9 1 -8 1 -9 1 -9 1 -9 1 -10 0 -9 0 -10 -1 -10 0 -10 -1 -10 -1 -11 -1 -10 -2 -11 -1 -10 -1 -11 -2 -11 -2 -11 -2 -11 -2 -11 -1 -11 -2 -11 -2 -11 -2 0 0 -12 -1 -11 -1 -12 -2 -11 -1 -11 -1 -12 -1 -12 0 -12 0 -12 0 -12 1 -12 0 -13 1 -13 1 -13 1 -13 1 -13 1 -13 1 -14 2 -13 2 -14 2 -14 2 -14 2 -14 2 -14 2 -14 2 -14 2 0 0 0 0 0 0 0 0 0 0
1784740932.060415,55981,-44,11,1,7,1,-95,1,653570834,128,0 0 0 0 0 0 0 0 0 0 0 0 6 -3 6 -3 7 -2 7 -2 8 -2 7 -2 8 -2 8 -2 8 -2 9 -1 9 -1 9 -1 9 0 9 0 9 0 10 0 10 0 10 0 10 0 10 0 10 0 10 0 11 0 10 1 10 1 10 1 0 0 11 0 11 0 10 0 11 0 10 0 11 -1 11 -1 12 -1 11 -2 12 -1 11 -1 12 -1 12 -1 12 -2 13 -2 12 -2 13 -2 13 -2 13 -3 13 -3 13 -3 13 -3 14 -3 14 -2 14 -2 13 -3 0 0 0 0 0 0 0 0 0 0
1784740932.071950,55982,-45,11,1,7,1,-95,1,653580687,128,0 0 0 0 0 0 0 0 0 0 0 0 -5 -5 -6 -5 -5 -6 -5 -6 -5 -6 -6 -7 -5 -7 -5 -7 -5 -7 -5 -7 -5 -8 -5 -8 -5 -8 -5 -9 -5 -9 -4 -9 -5 -10 -4 -9 -5 -10 -4 -10 -5 -10 -4 -10 -4 -10 -4 -10 -4 -10 -4 -10 0 0 -5 -11 -5 -10 -4 -11 -5 -10 -5 -11 -5 -11 -5 -11 -6 -11 -6 -11 -6 -11 -6 -11 -6 -11 -6 -11 -7 -12 -6 -11 -7 -12 -6 -11 -7 -12 -7 -12 -7 -12 -8 -12 -8 -12 -7 -12 -7 -13 -8 -12 -8 -13 0 0 0 0 0 0 0 0 0 0
1784740932.071950,55983,-45,11,1,7,1,-95,1,653590727,128,0 0 0 0 0 0 0 0 0 0 0 0 3 5 3 6 3 6 2 7 2 6 2 7 2 7 2 7 2 8 2 8 2 8 2 8 2 9 1 9 1 9 1 9 1 10 1 9 1 9 1 10 1 10 0 10 1 10 1 10 1 10 1 10 0 0 1 10 1 10 1 10 1 10 1 10 1 11 1 11 2 11 1 11 2 11 2 11 3 11 2 12 3 12 2 12 3 12 3 12 3 12 3 12 3 13 3 13 3 13 4 12 3 12 3 13 4 13 0 0 0 0 0 0 0 0 0 0
1784740932.088104,55984,-45,11,1,7,1,-95,1,653600771,128,0 0 0 0 0 0 0 0 0 0 0 0 -8 2 -8 1 -9 1 -9 0 -9 0 -9 0 -9 0 -9 0 -10 0 -10 -1 -10 -1 -10 -2 -10 -2 -10 -2 -11 -2 -11 -2 -11 -2 -11 -2 -11 -2 -11 -2 -11 -2 -11 -2 -11 -2 -11 -2 -11 -3 -11 -2 0 0 -11 -2 -12 -2 -11 -2 -12 -1 -11 -1 -12 -1 -12 -1 -12 -1 -12 -1 -13 -1 -13 0 -12 0 -12 0 -12 0 -14 1 -13 1 -14 0 -14 0 -13 1 -14 1 -14 1 -14 1 -14 1 -14 0 -14 0 -14 1 0 0 0 0 0 0 0 0 0 0
1784740932.108113,55985,-44,11,1,7,1,-95,1,653610830,128,0 0 0 0 0 0 0 0 0 0 0 0 -6 6 -6 6 -7 5 -7 5 -7 5 -7 5 -7 5 -8 5 -8 5 -9 4 -9 4 -9 4 -9 4 -10 4 -10 4 -10 4 -11 4 -10 4 -10 4 -10 4 -10 4 -11 4 -10 4 -10 4 -10 3 -11 4 0 0 -11 4 -11 4 -11 4 -10 5 -10 5 -10 5 -10 5 -11 6 -11 6 -10 6 -11 6 -11 7 -11 6 -11 7 -11 7 -11 7 -11 7 -11 8 -11 8 -11 8 -11 8 -11 8 -11 8 -11 7 -11 8 -12 8 0 0 0 0 0 0 0 0 0 0
1784740932.108611,55986,-44,11,1,7,1,-95,1,653620773,128,0 0 0 0 0 0 0 0 0 0 0 0 1 -8 2 -8 3 -9 3 -8 3 -8 3 -8 4 -8 4 -9 4 -8 4 -8 5 -8 5 -9 5 -9 5 -9 6 -9 6 -8 7 -8 6 -9 6 -8 7 -9 6 -9 7 -9 6 -9 6 -9 7 -9 7 -9 0 0 7 -9 7 -9 7 -9 7 -9 6 -9 7 -10 6 -10 6 -10 6 -10 6 -11 6 -11 6 -11 6 -11 6 -11 6 -12 6 -12 7 -12 6 -12 7 -12 6 -13 7 -12 7 -12 6 -13 6 -12 6 -13 7 -13 0 0 0 0 0 0 0 0 0 0
1784740932.120195,55987,-44,11,1,7,1,-95,1,653632076,128,0 0 0 0 0 0 0 0 0 0 0 0 7 1 7 2 7 2 7 3 7 3 7 3 7 3 7 3 7 4 7 4 7 4 7 4 7 5 7 5 7 5 7 5 7 6 7 6 7 6 7 6 7 6 7 6 7 6 7 6 8 6 8 6 0 0 8 6 8 6 8 6 8 6 9 6 9 6 9 6 9 5 9 6 10 5 10 6 10 5 11 5 11 6 11 5 11 6 11 5 12 6 12 6 12 5 12 5 12 6 12 5 12 6 12 6 12 6 0 0 0 0 0 0 0 0 0 0
1784740932.136029,55988,-45,11,1,7,1,-95,1,653640904,128,0 0 0 0 0 0 0 0 0 0 0 0 -6 -6 -6 -7 -5 -7 -5 -8 -5 -8 -5 -8 -5 -8 -5 -8 -4 -9 -4 -9 -4 -9 -4 -9 -4 -10 -4 -10 -4 -10 -3 -10 -3 -10 -4 -10 -4 -10 -3 -10 -4 -10 -3 -10 -4 -10 -3 -10 -4 -10 -4 -11 0 0 -4 -11 -4 -11 -4 -11 -5 -10 -5 -10 -5 -11 -5 -11 -6 -11 -6 -11 -6 -11 -6 -11 -7 -11 -6 -11 -7 -11 -7 -11 -7 -12 -7 -11 -7 -12 -7 -12 -8 -12 -8 -12 -8 -12 -8 -12 -8 -12 -8 -12 -8 -12 0 0 0 0 0 0 0 0 0 0
1784740932.136029,55989,-44,11,1,7,1,-95,1,653650772,128,0 0 0 0 0 0 0 0 0 0 0 0 -2 7 -3 8 -3 8 -4 7 -4 8 -4 8 -5 8 -5 8 -5 8 -5 8 -6 8 -6 8 -6 8 -7 8 -7 8 -7 8 -7 8 -7 8 -7 8 -7 8 -7 8 -7 8 -7 8 -8 8 -8 8 -8 8 0 0 -8 9 -8 8 -8 8 -8 9 -7 9 -7 9 -7 9 -7 10 -7 10 -7 10 -7 10 -7 10 -7 10 -7 11 -7 11 -8 11 -7 11 -7 11 -7 11 -7 12 -7 12 -7 11 -7 12 -7 11 -7 11 -7 12 0 0 0 0 0 0 0 0 0 0
1784740932.152001,55990,-44,11,1,7,1,-95,1,653663415,128,0 0 0 0 0 0 0 0 0 0 0 0 6 3 6 3 6 4 6 4 6 4 6 4 7 4 6 5 6 5 6 6 6 6 6 6 6 7 6 7 6 6 6 7 6 7 7 7 6 7 7 7 7 7 7 7 7 8 6 8 6 8 6 8 0 0 7 8 8 8 8 7 8 8 8 7 8 8 8 7 9 8 9 7 9 8 9 8 9 8 9 8 9 7 11 7 10 7 11 8 11 8 11 7 11 7 11 8 11 7 11 8 10 8 10 8 11 8 0 0 0 0 0 0 0 0 0 0
1784740932.168082,55991,-45,11,1,7,1,-95,1,653670754,128,0 0 0 0 0 0 0 0 0 0 0 0 -2 7 -3 7 -4 7 -4 7 -4 6 -5 7 -5 7 -5 7 -5 7 -5 7 -5 7 -6 7 -6 7 -6 7 -7 7 -7 7 -7 7 -7 7 -7 7 -7 7 -7 7 -8 7 -7 7 -7 7 -7 7 -7 8 0 0 -7 8 -8 8 -8 8 -7 8 -8 8 -8 8 -8 8 -8 9 -8 9 -7 10 -8 10 -8 10 -8 10 -8 10 -8 10 -8 11 -8 10 -8 11 -8 11 -9 11 -8 11 -9 11 -8 11 -8 11 -8 11 -9 12 0 0 0 0 0 0 0 0 0 0
1784740932.168082,55992,-45,11,1,7,1,-95,1,653680703,128,0 0 0 0 0 0 0 0 0 0 0 0 -4 7 -4 7 -5 7 -5 6 -5 7 -6 7 -6 7 -6 7 -6 7 -7 6 -7 6 -7 6 -7 6 -8 6 -7 6 -8 6 -8 6 -8 6 -8 6 -8 6 -8 7 -8 7 -8 6 -8 6 -8 6 -8 7 0 0 -8 7 -8 7 -8 7 -8 8 -8 8 -8 8 -8 8 -8 9 -8 8 -9 9 -9 9 -9 9 -9 9 -9 9 -9 10 -9 10 -9 10 -9 10 -9 10 -8 11 -9 11 -9 11 -9 11 -9 10 -9 11 -9 11 0 0 0 0 0 0 0 0 0 0
1784740932.184006,55993,-45,11,1,7,1,-95,1,653690734,128,0 0 0 0 0 0 0 0 0 0 0 0 -8 -3 -8 -3 -8 -4 -8 -5 -8 -5 -8 -5 -8 -6 -8 -6 -8 -6 -8 -6 -8 -7 -8 -7 -8 -7 -7 -7 -8 -7 -8 -8 -8 -8 -8 -8 -8 -8 -8 -8 -8 -8 -8 -8 -8 -8 -8 -8 -8 -8 -8 -8 0 0 -8 -8 -9 -8 -9 -8 -9 -8 -9 -7 -9 -8 -9 -7 -10 -8 -10 -8 -11 -8 -10 -8 -10 -8 -10 -8 -11 -8 -11 -8 -11 -8 -11 -8 -11 -8 -11 -8 -12 -8 -11 -8 -12 -8 -12 -8 -11 -8 -11 -8 -12 -8 0 0 0 0 0 0 0 0 0 0
1784740932.184006,55994,-44,11,1,7,1,-95,1,653700790,128,0 0 0 0 0 0 0 0 0 0 0 0 2 -7 3 -8 3 -7 4 -8 4 -7 4 -8 4 -7 4 -8 5 -7 4 -7 5 -8 5 -8 5 -7 6 -7 6 -8 6 -7 7 -7 6 -7 7 -7 7 -7 6 -8 7 -7 6 -8 6 -8 6 -8 6 -8 0 0 7 -9 7 -8 7 -9 6 -9 7 -9 7 -9 7 -9 7 -10 7 -10 6 -10 6 -11 6 -11 6 -11 7 -11 7 -11 8 -11 7 -11 7 -12 7 -12 7 -11 7 -12 8 -12 7 -11 7 -12 7 -12 7 -13 0 0 0 0 0 0 0 0 0 0
1784740932.204413,55995,-45,11,1,7,1,-95,1,653710857,128,0 0 0 0 0 0 0 0 0 0 0 0 3 6 2 6 2 7 2 7 1 7 1 7 1 8 1 8 1 8 0 8 0 8 0 8 0 8 0 8 0 8 0 9 0 9 0 9 0 9 0 9 0 9 0 9 0 9 0 9 0 9 0 9 0 0 1 10 1 10 1 10 1 11 1 10 1 11 2 11 2 11 2 11 2 12 2 12 2 12 2 12 2 12 3 12 3 12 2 13 2 13 3 13 3 13 3 13 3 13 3 14 2 14 2 14 2 14 0 0 0 0 0 0 0 0 0 0
1784740932.216007,55996,-45,11,1,7,1,-95,1,653720793,128,0 0 0 0 0 0 0 0 0 0 0 0 5 6 5 6 5 6 4 7 4 7 4 7 4 7 4 8 4 8 3 8 3 8 3 8 2 9 3 9 3 9 2 9 2 9 2 9 2 9 2 9 3 9 3 9 3 9 3 9 3 9 3 9 0 0 4 9 4 9 4 9 4 9 5 9 5 9 5 9 6 9 5 10 6 10 6 10 6 9 6 10 7 10 7 10 7 10 7 10 7 10 8 10 8 10 8 11 8 10 7 10 8 11 8 10 8 11 0 0 0 0 0 0 0 0 0 0
1784740932.216007,55997,-44,11,1,7,1,-95,1,653730687,128,0 0 0 0 0 0 0 0 0 0 0 0 -8 -3 -8 -4 -8 -5 -8 -5 -7 -6 -8 -6 -8 -6 -8 -7 -7 -7 -7 -7 -7 -7 -7 -8 -7 -8 -7 -8 -7 -8 -7 -9 -7 -9 -7 -9 -7 -9 -6 -9 -7 -9 -6 -9 -7 -9 -7 -9 -7 -8 -7 -9 0 0 -7 -9 -7 -9 -7 -9 -8 -9 -8 -8 -8 -9 -8 -9 -9 -9 -9 -9 -9 -9 -10 -9 -10 -9 -10 -9 -10 -9 -10 -9 -10 -10 -10 -9 -11 -10 -11 -10 -11 -10 -11 -10 -11 -10 -11 -9 -11 -10 -11 -10 -11 -10 0 0 0 0 0 0 0 0 0 0
1784740932.239278,55998,-45,11,1,7,1,-95,1,653742476,128,0 0 0 0 0 0 0 0 0 0 0 0 2 6 1 7 1 7 1 7 0 7 0 8 0 8 0 8 0 8 0 8 -1 8 -1 8 -1 9 -1 9 -1 9 -2 9 -2 9 -2 9 -2 9 -2 9 -2 10 -2 9 -2 9 -2 10 -2 10 -2 10 0 0 -2 10 -2 10 -2 11 -1 10 -1 11 -1 11 -1 11 -1 11 -1 11 -1 12 -1 12 0 12 0 12 -1 13 -1 13 -1 13 -1 13 -1 13 -1 13 -1 13 -1 14 -1 14 0 13 -1 13 -1 14 -1 14 0 0 0 0 0 0 0 0 0 0
1784740932.239278,55999,-45,11,1,7,1,-95,1,653750813,128,0 0 0 0 0 0 0 0 0 0 0 0 5 -5 5 -5 6 -5 6 -5 6 -5 7 -5 7 -5 7 -5 7 -5 7 -4 7 -4 8 -4 8 -4 8 -4 9 -4 8 -4 9 -4 9 -4 9 -4 9 -4 9 -4 9 -4 9 -5 9 -4 9 -4 9 -5 0 0 9 -5 9 -5 10 -5 9 -5 9 -6 10 -6 9 -6 10 -7 10 -7 10 -7 10 -7 10 -7 11 -7 11 -8 11 -8 11 -8 11 -8 11 -8 11 -8 11 -9 11 -9 12 -9 11 -8 12 -8 12 -8 12 -9 0 0 0 0 0 0 0 0 0 0
1784740932.264180,56000,-44,11,1,7,1,-95,1,653760764,128,0 0 0 0 0 0 0 0 0 0 0 0 -1 -8 0 -8 0 -8 1 -8 1 -9 1 -8 1 -9 1 -9 2 -9 2 -9 2 -9 2 -9 2 -9 2 -9 2 -9 3 -9 3 -9 3 -10 3 -9 3 -10 3 -10 3 -10 3 -10 3 -10 3 -10 3 -10 0 0 2 -11 2 -11 3 -11 2 -11 2 -11 2 -11 2 -11 2 -12 2 -12 1 -12 1 -13 1 -13 1 -13 1 -13 1 -13 1 -14 1 -14 1 -14 1 -14 1 -14 1 -14 1 -14 1 -14 1 -14 1 -14 1 -15 0 0 0 0 0 0 0 0 0 0
1784740932.264180,56001,-45,11,1,7,1,-95,1,653770726,128,0 0 0 0 0 0 0 0 0 0 0 0 -2 -8 -1 -8 -1 -9 -1 -8 0 -9 0 -9 0 -9 0 -9 0 -9 1 -9 1 -10 1 -10 1 -10 1 -10 1 -10 2 -10 1 -10 2 -10 2 -10 1 -10 2 -11 2 -11 2 -11 2 -11 2 -11 2 -11 0 0 1 -11 1 -12 1 -11 1 -12 1 -12 1 -12 1 -12 1 -12 0 -12 0 -13 0 -13 0 -13 0 -13 0 -13 -1 -14 -1 -14 0 -14 0 -14 -1 -14 -1 -15 0 -14 -1 -15 0 -15 -1 -15 0 -15 -1 -15 0 0 0 0 0 0 0 0 0 0
1784740932.264180,56002,-44,11,1,7,1,-95,1,653780715,128,0 0 0 0 0 0 0 0 0 0 0 0 -5 5 -6 5 -6 4 -7 4 -7 4 -7 4 -7 4 -7 4 -8 4 -7 4 -8 4 -8 4 -8 4 -8 4 -9 4 -9 4 -9 4 -9 4 -9 4 -9 4 -9 4 -10 4 -10 5 -10 4 -10 5 -10 5 0 0 -10 5 -10 5 -11 5 -10 5 -10 5 -11 6 -11 6 -11 6 -11 6 -11 7 -11 6 -11 7 -12 7 -12 7 -12 7 -12 7 -12 7 -12 7 -12 7 -12 7 -12 8 -13 8 -12 8 -12 7 -12 8 -12 8 0 0 0 0 0 0 0 0 0 0
1784740932.284122,56003,-45,11,1,7,1,-95,1,653790675,128,0 0 0 0 0 0 0 0 0 0 0 0 -8 -1 -8 -1 -8 -2 -8 -2 -8 -2 -8 -2 -8 -2 -8 -2 -8 -2 -8 -3 -8 -3 -9 -3 -9 -3 -9 -3 -9 -3 -9 -3 -9 -3 -9 -4 -9 -4 -9 -3 -10 -3 -10 -4 -10 -3 -10 -3 -10 -3 -11 -3 0 0 -11 -3 -11 -4 -11 -4 -12 -3 -12 -3 -12 -4 -12 -3 -12 -3 -12 -4 -13 -3 -13 -3 -13 -3 -13 -3 -14 -3 -14 -3 -14 -3 -14 -4 -14 -4 -14 -3 -14 -4 -14 -3 -15 -4 -14 -4 -14 -4 -14 -3 -15 -4 0 0 0 0 0 0 0 0 0 0
1784740932.295711,56004,-45,11,1,7,1,-95,1,653800715,128,0 0 0 0 0 0 0 0 0 0 0 0 5 5 4 5 4 5 4 6 4 6 4 6 4 6 4 6 4 6 3 7 3 7 3 7 3 7 3 8 4 7 4 8 4 8 4 8 4 8 4 8 4 8 4 8 4 8 4 9 4 8 4 9 0 0 5 8 5 9 5 9 5 9 6 9 6 9 6 9 6 9 6 9 7 10 7 10 7 10 7 10 7 9 8 10 8 10 8 10 8 10 8 10 8 10 8 10 8 10 8 10 8 10 8 10 8 10 0 0 0 0 0 0 0 0 0 0
1784740932.295711,56005,-44,11,1,7,1,-95,1,653810695,128,0 0 0 0 0 0 0 0 0 0 0 0 -8 -1 -8 -2 -8 -2 -8 -3 -8 -3 -8 -3 -8 -3 -9 -3 -9 -4 -9 -4 -9 -4 -9 -5 -9 -5 -10 -5 -10 -5 -9 -5 -10 -6 -9 -6 -10 -6 -10 -6 -10 -6 -10 -6 -10 -6 -10 -6 -10 -6 -10 -6 0 0 -11 -6 -10 -6 -11 -6 -11 -6 -11 -6 -11 -6 -11 -6 -12 -6 -12 -6 -12 -5 -12 -6 -13 -5 -13 -5 -14 -5 -13 -5 -14 -6 -13 -5 -14 -5 -13 -5 -14 -5 -14 -5 -14 -6 -14 -5 -14 -6 -14 -6 -14 -6 0 0 0 0 0 0 0 0 0 0
1784740932.311502,56006,-44,11,1,7,1,-95,1,653821041,128,0 0 0 0 0 0 0 0 0 0 0 0 4 4 4 5 4 5 4 5 4 6 4 6 4 6 3 6 4 6 3 7 3 7 3 7 3 7 3 8 4 8 3 8 3 8 4 9 3 8 3 9 3 9 4 9 3 9 3 9 3 9 3 9 0 0 4 10 4 10 4 10 4 10 4 10 4 10 5 10 5 10 5 10 6 11 5 11 5 11 5 11 5 11 6 11 6 11 6 12 6 12 6 11 7 12 7 12 7 12 6 12 6 12 6 12 6 12 0 0 0 0 0 0 0 0 0 0
1784740932.327614,56007,-46,11,1,7,1,-95,1,653830748,128,0 0 0 0 0 0 0 0 0 0 0 0 5 -5 5 -5 5 -4 6 -4 6 -4 6 -4 6 -4 6 -4 7 -4 7 -4 7 -3 7 -4 8 -3 8 -3 8 -3 8 -3 9 -3 8 -3 9 -4 9 -3 9 -3 9 -3 9 -3 9 -3 9 -3 9 -4 0 0 10 -4 10 -4 10 -3 10 -4 10 -4 10 -4 10 -4 10 -5 10 -5 10 -5 11 -5 11 -5 11 -5 11 -6 11 -6 11 -6 11 -6 11 -6 11 -6 11 -6 11 -6 12 -6 11 -6 12 -6 12 -6 12 -6 0 0 0 0 0 0 0 0 0 0
1784740932.327614,56008,-45,11,1,7,1,-95,1,653840717,128,0 0 0 0 0 0 0 0 0 0 0 0 1 7 0 7 0 7 -1 8 -1 8 -1 8 -2 8 -1 8 -2 8 -2 8 -2 8 -2 9 -2 9 -2 9 -3 9 -3 9 -3 9 -3 9 -3 9 -4 9 -4 10 -4 9 -3 10 -3 9 -3 10 -3 10 0 0 -3 10 -3 10 -4 10 -3 10 -3 10 -3 11 -3 11 -3 11 -3 11 -2 12 -3 12 -2 12 -2 12 -2 12 -2 12 -2 13 -2 12 -2 13 -2 13 -2 13 -2 13 -2 13 -2 13 -2 13 -2 13 -2 13 0 0 0 0 0 0 0 0 0 0
1784740932.343623,56009,-44,11,1,7,1,-95,1,653850700,128,0 0 0 0 0 0 0 0 0 0 0 0 -9 -2 -8 -2 -8 -3 -8 -3 -8 -3 -8 -3 -9 -4 -9 -4 -9 -4 -9 -5 -9 -5 -9 -5 -9 -5 -9 -5 -9 -6 -9 -6 -9 -6 -10 -6 -9 -6 -9 -6 -9 -6 -9 -7 -9 -7 -9 -7 -9 -7 -9 -7 0 0 -10 -6 -10 -6 -9 -6 -10 -6 -10 -6 -10 -6 -11 -6 -11 -6 -11 -6 -12 -6 -11 -6 -11 -6 -11 -5 -11 -6 -13 -5 -12 -5 -13 -6 -12 -5 -13 -5 -13 -5 -13 -5 -14 -5 -14 -5 -13 -5 -14 -6 -14 -5 0 0 0 0 0 0 0 0 0 0
1784740932.343623,56010,-44,11,1,7,1,-95,1,653860755,128,0 0 0 0 0 0 0 0 0 0 0 0 4 -5 5 -6 5 -5 6 -5 6 -5 6 -5 6 -5 6 -5 7 -5 7 -4 7 -4 8 -4 8 -4 8 -4 9 -4 8 -4 9 -4 9 -4 9 -4 9 -4 9 -4 9 -4 9 -4 9 -4 10 -4 10 -4 0 0 10 -4 10 -4 10 -4 10 -4 10 -5 10 -5 10 -5 10 -5 10 -5 10 -6 10 -6 10 -6 10 -6 11 -6 10 -7 11 -7 10 -7 11 -7 11 -7 11 -7 11 -7 11 -8 11 -7 11 -7 11 -8 12 -8 0 0 0 0 0 0 0 0 0 0
1784740932.361595,56011,-45,11,1,7,1,-95,1,653870659,128,0 0 0 0 0 0 0 0 0 0 0 0 -7 -2 -7 -2 -7 -3 -7 -3 -7 -3 -7 -3 -7 -3 -7 -4 -7 -4 -7 -4 -8 -4 -7 -5 -8 -5 -8 -5 -8 -5 -8 -5 -8 -5 -9 -6 -8 -6 -8 -6 -9 -6 -9 -6 -9 -7 -8 -7 -9 -7 -9 -7 0 0 -9 -7 -9 -7 -9 -7 -10 -7 -9 -7 -10 -7 -10 -7 -10 -7 -10 -7 -11 -7 -11 -7 -11 -7 -11 -7 -11 -7 -12 -7 -11 -7 -12 -7 -12 -7 -12 -7 -12 -7 -12 -7 -12 -7 -12 -8 -12 -8 -12 -8 -12 -7 0 0 0 0 0 0 0 0 0 0
1784740932.375392,56012,-45,11,1,7,1,-95,1,653880758,128,0 0 0 0 0 0 0 0 0 0 0 0 -6 3 -6 3 -7 3 -7 3 -7 3 -7 3 -7 3 -8 2 -8 3 -8 2 -8 2 -8 2 -8 2 -8 2 -9 2 -9 2 -9 2 -9 2 -9 2 -9 2 -10 2 -10 3 -10 3 -10 2 -10 2 -10 2 0 0 -10 3 -10 3 -10 3 -11 4 -11 4 -11 4 -10 4 -11 4 -11 4 -12 5 -11 5 -11 5 -11 5 -11 5 -12 6 -12 6 -12 6 -13 6 -12 6 -12 6 -13 6 -12 6 -13 6 -13 6 -13 6 -13 6 0 0 0 0 0 0 0 0 0 0
1784740932.379189,56013,-44,11,1,7,1,-95,1,653890751,128,0 0 0 0 0 0 0 0 0 0 0 0 3 -7 4 -7 4 -6 5 -6 5 -6 5 -6 5 -6 6 -6 6 -6 6 -6 6 -6 7 -6 7 -6 7 -6 8 -6 7 -6 8 -6 8 -6 8 -6 8 -6 8 -6 8 -6 8 -6 8 -6 8 -6 9 -6 0 0 9 -6 8 -6 9 -7 8 -7 9 -7 9 -7 9 -7 9 -7 9 -8 9 -8 9 -8 9 -9 9 -9 9 -9 9 -9 9 -9 9 -9 9 -10 9 -10 9 -10 9 -10 10 -10 9 -10 9 -10 9 -10 10 -11 0 0 0 0 0 0 0 0 0 0
1784740932.391477,56014,-45,11,1,7,1,-95,1,653901627,128,0 0 0 0 0 0 0 0 0 0 0 0 5 4 4 4 4 5 4 5 4 5 4 6 4 6 4 6 4 7 4 7 4 7 4 8 3 8 4 8 4 8 4 9 4 8 4 9 3 9 3 9 4 9 3 9 3 9 3 9 3 9 3 9 0 0 3 9 4 10 4 9 4 10 4 9 4 10 4 10 4 10 5 10 5 10 5 10 5 10 5 10 5 10 6 10 6 10 6 10 6 11 6 11 7 11 6 11 7 10 7 11 7 11 7 11 7 11 0 0 0 0 0 0 0 0 0 0
1784740932.407443,56015,-45,11,1,7,1,-95,1,653910754,128,0 0 0 0 0 0 0 0 0 0 0 0 -5 5 -5 5 -6 5 -6 4 -6 4 -6 4 -6 5 -7 4 -6 5 -7 4 -8 4 -8 4 -8 4 -8 4 -8 4 -9 5 -9 4 -9 4 -9 4 -9 4 -9 4 -9 5 -10 5 -10 4 -9 4 -10 4 0 0 -10 4 -10 5 -9 5 -10 5 -10 5 -10 5 -10 6 -10 6 -10 6 -11 6 -10 6 -10 6 -10 6 -10 6 -11 7 -10 7 -11 7 -11 7 -11 8 -11 8 -11 8 -10 8 -11 8 -11 7 -11 7 -11 8 0 0 0 0 0 0 0 0 0 0
1784740932.407443,56016,-45,11,1,7,1,-95,1,653921002,128,0 0 0 0 0 0 0 0 0 0 0 0 7 -2 7 -1 7 -1 7 -1 7 0 7 0 7 0 8 0 8 0 8 0 8 1 8 1 9 1 9 1 9 1 9 2 9 2 9 2 9 2 9 2 9 2 9 2 9 2 9 2 9 2 10 2 0 0 10 2 10 2 10 2 10 1 10 1 10 1 10 1 11 1 11 1 11 1 11 1 11 0 12 0 12 0 12 0 12 0 12 0 12 0 12 0 13 0 13 0 13 0 13 0 13 0 13 0 13 0 0 0 0 0 0 0 0 0 0 0
1784740932.427842,56017,-45,11,1,7,1,-95,1,653931181,128,0 0 0 0 0 0 0 0 0 0 0 0 3 6 2 6 2 7 2 7 2 7 1 7 1 7 1 8 1 8 1 8 0 9 0 9 0 9 0 9 0 9 0 10 0 9 0 10 0 10 -1 10 0 10 -1 10 -1 11 -1 10 -1 10 -1 10 0 0 -1 10 -1 11 -1 10 0 11 0 10 0 11 0 10 1 11 0 11 1 12 0 11 1 11 1 11 1 11 1 12 1 12 1 12 1 12 2 12 2 12 2 12 2 12 2 13 1 13 2 13 2 13 0 0 0 0 0 0 0 0 0 0
1784740932.427842,56018,-44,11,1,7,1,-95,1,653940692,128,0 0 0 0 0 0 0 0 0 0 0 0 7 0 7 0 7 1 7 1 7 1 7 2 7 2 8 2 8 2 8 2 8 3 8 3 8 3 8 4 8 3 9 4 9 4 9 4 9 4 9 4 9 4 9 5 9 5 9 5 9 5 9 5 0 0 9 5 10 5 10 5 10 5 10 4 10 5 10 4 11 4 11 4 11 4 11 4 11 4 11 4 11 4 12 4 12 4 12 4 13 4 12 3 13 3 13 3 13 3 13 4 13 4 13 4 13 4 0 0 0 0 0 0 0 0 0 0
1784740932.443434,56019,-45,11,1,7,1,-95,1,653950755,128,0 0 0 0 0 0 0 0 0 0 0 0 1 -7 1 -7 2 -7 2 -7 2 -7 2 -8 2 -8 2 -8 3 -8 3 -8 3 -8 4 -8 4 -8 4 -8 4 -9 5 -8 5 -9 5 -9 5 -9 5 -9 6 -9 6 -9 5 -9 6 -9 6 -9 6 -9 0 0 6 -10 6 -9 6 -9 6 -9 6 -9 6 -10 6 -10 6 -10 6 -10 6 -11 6 -11 5 -11 5 -11 6 -11 6 -11 6 -11 5 -11 6 -11 5 -12 5 -12 5 -12 5 -12 5 -12 5 -12 5 -12 5 -12 0 0 0 0 0 0 0 0 0 0
1784740932.455580,56020,-44,11,1,7,1,-95,1,653960668,128,0 0 0 0 0 0 0 0 0 0 0 0 1 -8 1 -8 2 -8 2 -8 2 -8 3 -8 2 -8 2 -9 3 -9 3 -9 3 -9 4 -9 4 -9 4 -9 4 -9 5 -9 5 -10 5 -10 5 -10 5 -10 5 -10 5 -10 5 -10 6 -10 5 -10 6 -10 0 0 5 -10 5 -11 6 -11 5 -11 5 -11 5 -11 5 -11 5 -12 5 -11 5 -12 5 -12 5 -12 5 -12 5 -12 5 -12 5 -13 5 -13 5 -13 4 -13 4 -13 4 -13 4 -13 4 -13 5 -13 4 -13 4 -13 0 0 0 0 0 0 0 0 0 0
1784740932.462064,56021,-44,11,1,7,1,-95,1,653970735,128,0 0 0 0 0 0 0 0 0 0 0 0 1 7 1 7 0 7 0 7 0 7 0 7 0 8 -1 8 -1 8 -1 8 -1 8 -1 9 -2 9 -2 9 -2 9 -2 9 -2 10 -2 9 -2 10 -2 10 -3 10 -3 10 -3 10 -3 10 -3 10 -3 10 0 0 -3 11 -3 11 -3 11 -2 11 -2 11 -2 11 -2 11 -2 11 -2 12 -2 12 -2 12 -2 12 -2 12 -2 12 -1 13 -1 13 -2 13 -2 13 -1 13 -2 13 -1 13 -1 14 -1 13 -2 13 -1 14 -2 14 0 0 0 0 0 0 0 0 0 0
1784740932.471764,56022,-45,11,1,7,1,-95,1,653980782,128,0 0 0 0 0 0 0 0 0 0 0 0 -3 6 -3 6 -4 6 -4 6 -4 6 -4 6 -5 6 -5 6 -5 6 -5 6 -5 6 -6 6 -6 7 -6 7 -6 7 -7 6 -7 7 -7 7 -7 7 -7 7 -8 7 -8 7 -7 7 -8 7 -7 7 -8 7 0 0 -8 7 -8 7 -8 7 -8 7 -7 8 -8 8 -8 8 -7 8 -8 8 -7 9 -7 9 -7 10 -7 9 -8 10 -8 10 -8 10 -8 10 -8 10 -8 11 -8 11 -8 11 -8 11 -7 11 -8 11 -8 11 -8 11 0 0 0 0 0 0 0 0 0 0
1784740932.487721,56023,-45,11,1,7,1,-95,1,653992268,128,0 0 0 0 0 0 0 0 0 0 0 0 1 -8 1 -8 2 -8 3 -8 3 -8 3 -8 3 -8 3 -8 4 -8 3 -9 4 -8 4 -9 4 -9 5 -9 4 -9 5 -9 5 -9 5 -9 6 -9 6 -9 6 -9 6 -9 6 -9 6 -9 6 -9 6 -9 0 0 6 -9 6 -9 6 -9 6 -9 5 -9 6 -9 6 -10 6 -10 6 -10 5 -11 5 -11 5 -11 5 -11 5 -11 5 -11 5 -11 5 -11 5 -12 5 -12 5 -12 5 -12 5 -12 5 -12 5 -12 4 -13 5 -13 0 0 0 0 0 0 0 0 0 0
1784740932.487721,56024,-44,11,1,7,1,-95,1,654000849,128,0 0 0 0 0 0 0 0 0 0 0 0 -5 -6 -5 -7 -5 -7 -4 -7 -4 -8 -4 -8 -4 -8 -4 -8 -4 -8 -4 -9 -3 -9 -4 -9 -3 -9 -3 -10 -4 -10 -3 -10 -3 -10 -3 -10 -3 -11 -3 -11 -3 -11 -3 -11 -3 -11 -3 -11 -2 -11 -3 -12 0 0 -3 -12 -3 -12 -3 -12 -3 -12 -3 -12 -4 -12 -3 -12 -4 -12 -4 -12 -4 -12 -4 -12 -4 -12 -4 -12 -5 -13 -5 -12 -5 -13 -5 -13 -5 -13 -5 -13 -6 -13 -6 -13 -6 -13 -5 -13 -5 -13 -5 -13 -6 -13 0 0 0 0 0 0 0 0 0 0
1784740932.503895,56025,-45,11,1,7,1,-95,1,654010792,128,0 0 0 0 0 0 0 0 0 0 0 0 -1 6 -1 6 -2 6 -3 6 -3 6 -3 7 -3 7 -3 7 -3 7 -3 7 -3 7 -4 7 -4 7 -5 7 -5 8 -5 7 -5 8 -5 8 -5 8 -6 8 -6 8 -6 8 -6 8 -6 8 -6 8 -6 9 0 0 -6 9 -6 9 -7 9 -6 9 -6 9 -7 10 -6 9 -7 10 -7 10 -6 10 -6 10 -6 11 -7 11 -7 11 -7 11 -7 11 -7 11 -7 11 -7 12 -7 12 -7 12 -7 12 -7 11 -7 11 -7 12 -7 12 0 0 0 0 0 0 0 0 0 0
1784740932.512185,56026,-45,11,1,7,1,-95,1,654020802,128,0 0 0 0 0 0 0 0 0 0 0 0 -6 4 -6 4 -7 4 -7 3 -7 3 -7 3 -8 3 -8 3 -8 3 -8 3 -8 2 -9 3 -9 3 -9 2 -9 3 -9 2 -9 3 -10 3 -10 3 -10 3 -10 3 -10 3 -10 3 -10 2 -10 2 -10 2 0 0 -11 3 -10 3 -10 3 -11 4 -10 4 -11 4 -10 4 -11 4 -11 4 -11 5 -11 5 -11 5 -11 5 -11 5 -11 6 -11 6 -12 6 -12 6 -12 6 -12 6 -12 6 -12 7 -13 6 -12 6 -12 6 -12 6 0 0 0 0 0 0 0 0 0 0
1784740932.519808,56027,-44,11,1,7,1,-95,1,654030761,128,0 0 0 0 0 0 0 0 0 0 0 0 -5 -7 -5 -8 -4 -8 -4 -9 -4 -8 -4 -9 -4 -9 -4 -9 -4 -9 -3 -9 -3 -10 -3 -10 -3 -10 -3 -10 -3 -11 -2 -11 -2 -11 -2 -11 -2 -12 -2 -11 -3 -11 -2 -11 -2 -11 -2 -11 -2 -11 -2 -11 0 0 -2 -11 -2 -12 -2 -12 -3 -11 -3 -11 -3 -11 -4 -11 -4 -12 -4 -11 -4 -12 -4 -12 -4 -12 -4 -12 -5 -12 -5 -12 -5 -13 -5 -12 -5 -13 -6 -12 -6 -13 -6 -12 -6 -13 -6 -12 -5 -13 -6 -13 -6 -13 0 0 0 0 0 0 0 0 0 0
1784740932.537347,56028,-44,11,1,7,1,-95,1,654040682,128,0 0 0 0 0 0 0 0 0 0 0 0 7 2 7 2 7 3 7 3 7 4 7 4 7 4 7 4 7 5 7 5 7 5 7 5 8 6 7 6 8 6 7 7 7 7 7 7 7 7 7 7 7 8 7 8 8 7 7 8 7 8 8 8 0 0 7 8 7 8 7 8 8 8 8 8 8 8 8 8 8 8 8 8 9 8 9 8 9 7 9 8 9 8 9 8 9 8 9 8 10 8 10 8 10 8 11 8 10 8 10 7 10 7 10 7 11 8 0 0 0 0 0 0 0 0 0 0
1784740932.537347,56029,-44,11,1,7,1,-95,1,654050653,128,0 0 0 0 0 0 0 0 0 0 0 0 -3 6 -3 6 -3 6 -4 6 -4 6 -4 6 -4 6 -5 6 -4 6 -5 6 -5 6 -5 6 -6 6 -6 7 -6 7 -6 7 -6 7 -6 7 -7 7 -7 7 -7 7 -7 7 -7 8 -8 7 -8 7 -8 8 0 0 -8 8 -8 8 -8 8 -8 8 -8 8 -8 9 -8 9 -8 9 -8 9 -9 9 -9 9 -8 9 -8 9 -9 10 -8 10 -9 10 -8 10 -9 10 -9 10 -9 11 -9 10 -9 11 -9 10 -9 11 -9 10 -9 11 0 0 0 0 0 0 0 0 0 0
1784740932.551561,56030,-45,11,1,7,1,-95,1,654060731,128,0 0 0 0 0 0 0 0 0 0 0 0 5 -5 6 -5 6 -4 6 -4 6 -4 7 -4 6 -4 7 -4 7 -3 7 -4 7 -4 7 -4 8 -3 8 -3 8 -3 8 -3 9 -3 8 -3 9 -3 8 -3 9 -3 9 -3 9 -3 9 -3 9 -3 9 -3 0 0 9 -4 9 -3 10 -4 9 -4 10 -4 9 -4 10 -4 10 -5 10 -5 10 -5 11 -5 10 -5 11 -5 11 -6 10 -5 12 -6 10 -5 11 -6 11 -6 11 -6 12 -6 12 -6 11 -6 11 -6 12 -6 12 -6 0 0 0 0 0 0 0 0 0 0
1784740932.567899,56031,-41,11,1,7,0,-95,1,654072890,128,0 0 0 0 0 0 0 0 0 0 0 0 -9 -3 -9 -3 -9 -4 -9 -4 -9 -4 -10 -4 -10 -5 -10 -5 -10 -5 -10 -6 -10 -6 -10 -7 -10 -7 -10 -7 -11 -7 -10 -8 -11 -8 -10 -8 -10 -8 -10 -8 -11 -8 -10 -8 -10 -8 -10 -9 -10 -9 -11 -9 0 0 -11 -8 -11 -8 -11 -8 -11 -8 -11 -8 -12 -8 -12 -8 -12 -7 -12 -7 -12 -7 -12 -7 -13 -7 -13 -7 -13 -7 -13 -7 -14 -7 -14 -7 -14 -7 -14 -7 -14 -6 -15 -6 -15 -7 -14 -7 -15 -7 -14 -7 -15 -7 0 0 0 0 0 0 0 0 0 0
1784740932.567899,56032,-44,11,1,7,1,-95,1,654080742,128,0 0 0 0 0 0 0 0 0 0 0 0 5 -4 6 -4 6 -4 7 -4 7 -4 7 -3 7 -3 8 -3 8 -3 8 -3 8 -2 9 -2 9 -2 9 -2 9 -2 10 -2 10 -2 10 -2 10 -1 10 -1 10 -1 10 -1 11 -1 10 -1 10 -1 10 0 0 0 10 -1 11 -1 11 -1 11 -2 11 -2 11 -2 11 -2 11 -2 11 -2 12 -2 11 -2 11 -2 11 -2 11 -2 12 -3 12 -4 12 -3 12 -4 12 -4 12 -4 13 -4 12 -4 13 -4 13 -4 13 -4 13 -4 0 0 0 0 0 0 0 0 0 0
1784740932.583696,56033,-45,11,1,7,1,-95,1,654091900,128,0 0 0 0 0 0 0 0 0 0 0 0 0 6 -1 6 -1 6 -1 7 -2 7 -2 7 -2 7 -2 7 -2 8 -3 8 -3 8 -3 8 -3 8 -3 8 -4 9 -4 9 -5 9 -5 9 -5 9 -5 9 -5 9 -5 9 -5 9 -5 9 -5 9 -6 9 0 0 -6 9 -5 9 -6 9 -5 9 -5 10 -5 10 -5 10 -5 10 -5 10 -5 11 -5 11 -5 11 -5 11 -5 11 -5 11 -5 12 -5 11 -5 12 -5 12 -5 12 -5 12 -5 12 -5 12 -5 12 -5 13 -5 13 0 0 0 0 0 0 0 0 0 0
1784740932.583696,56034,-45,11,1,7,1,-95,1,654100813,128,0 0 0 0 0 0 0 0 0 0 0 0 4 5 4 5 4 5 4 5 4 6 4 6 4 6 4 6 4 7 4 7 3 7 3 8 3 8 3 8 3 8 3 9 3 9 3 9 3 9 3 9 3 9 3 9 3 10 2 9 3 9 3 9 0 0 3 9 3 10 3 9 4 10 4 9 4 9 4 9 5 10 5 9 5 10 5 10 5 10 5 10 5 10 6 10 6 10 6 10 6 10 6 10 7 10 7 10 7 10 7 11 7 11 7 11 7 11 0 0 0 0 0 0 0 0 0 0
1784740932.599833,56035,-44,11,1,7,1,-95,1,654110709,128,0 0 0 0 0 0 0 0 0 0 0 0 -8 -1 -8 -1 -8 -1 -8 -2 -8 -2 -8 -2 -9 -2 -9 -3 -9 -3 -9 -3 -9 -3 -9 -4 -9 -4 -10 -4 -10 -4 -10 -4 -10 -5 -10 -5 -10 -5 -10 -5 -10 -5 -10 -5 -10 -6 -10 -6 -10 -6 -10 -5 0 0 -10 -5 -11 -5 -10 -5 -11 -5 -10 -5 -11 -5 -11 -5 -11 -5 -11 -4 -12 -4 -12 -4 -12 -4 -12 -4 -12 -4 -13 -4 -13 -4 -13 -4 -13 -4 -13 -4 -14 -4 -14 -4 -14 -4 -14 -4 -14 -4 -14 -4 -14 -4 0 0 0 0 0 0 0 0 0 0
1784740932.615630,56036,-44,11,1,7,1,-95,1,654120784,128,0 0 0 0 0 0 0 0 0 0 0 0 -5 5 -5 5 -6 5 -6 5 -6 5 -7 5 -7 5 -7 5 -8 5 -8 5 -8 5 -8 5 -9 5 -9 5 -9 5 -10 5 -10 5 -10 4 -10 4 -10 4 -10 4 -10 4 -10 5 -10 4 -10 4 -11 4 0 0 -11 4 -11 4 -11 4 -11 5 -10 5 -10 4 -11 5 -11 5 -11 5 -11 6 -11 6 -10 7 -11 7 -11 7 -11 7 -12 7 -11 7 -11 7 -12 7 -12 7 -12 8 -12 8 -11 8 -11 8 -12 8 -12 8 0 0 0 0 0 0 0 0 0 0
1784740932.615630,56037,-45,11,1,7,1,-95,1,654130681,128,0 0 0 0 0 0 0 0 0 0 0 0 1 -7 1 -7 2 -7 2 -7 2 -8 2 -8 2 -8 3 -8 3 -8 3 -8 4 -8 4 -8 4 -8 4 -8 4 -9 5 -9 5 -9 5 -9 5 -9 5 -9 5 -9 5 -9 5 -9 6 -9 6 -9 6 -9 0 0 6 -9 5 -10 5 -9 5 -10 5 -10 5 -10 5 -10 5 -11 5 -11 5 -11 5 -11 5 -11 5 -11 5 -11 5 -12 4 -12 5 -12 5 -12 4 -12 4 -13 4 -13 4 -13 4 -13 5 -13 5 -13 5 -13 0 0 0 0 0 0 0 0 0 0
1784740932.631828,56038,-45,11,1,7,1,-95,1,654140701,128,0 0 0 0 0 0 0 0 0 0 0 0 7 1 7 1 7 1 7 2 7 2 7 2 7 2 7 2 8 3 8 3 8 3 8 4 8 4 8 4 8 4 8 4 8 5 8 5 9 5 9 5 9 5 9 5 9 5 9 5 9 5 9 5 0 0 9 5 9 5 9 5 9 5 10 5 10 5 10 5 10 5 10 5 11 5 10 5 11 5 11 5 11 5 11 5 12 5 11 5 12 5 12 4 12 4 12 4 12 4 12 4 12 5 12 4 13 4 0 0 0 0 0 0 0 0 0 0
1784740932.647933,56039,-45,11,1,7,1,-95,1,654152095,128,0 0 0 0 0 0 0 0 0 0 0 0 5 5 4 5 4 6 4 6 4 7 4 6 4 7 3 7 4 7 3 8 3 8 3 8 3 8 3 8 3 8 3 9 3 8 3 9 3 9 3 9 3 9 3 9 3 10 2 9 2 9 2 9 0 0 3 9 4 10 3 9 4 10 4 9 4 10 4 9 4 10 4 10 5 10 4 10 5 10 4 10 4 10 6 10 6 10 6 11 6 10 6 10 6 10 6 11 6 10 6 11 6 11 6 11 6 11 0 0 0 0 0 0 0 0 0 0
1784740932.647933,56040,-45,11,1,7,1,-95,1,654160814,128,0 0 0 0 0 0 0 0 0 0 0 0 2 -9 2 -8 3 -9 3 -8 3 -9 3 -8 4 -9 4 -8 4 -9 5 -9 5 -8 6 -8 6 -8 6 -8 6 -8 6 -9 6 -9 6 -9 6 -9 6 -9 6 -9 6 -9 7 -9 7 -8 7 -8 7 -8 0 0 6 -9 7 -9 6 -9 7 -10 6 -9 6 -10 6 -10 6 -10 6 -10 6 -11 6 -10 6 -10 6 -10 6 -10 6 -12 5 -11 6 -11 6 -11 5 -11 5 -12 5 -12 5 -12 6 -12 6 -12 6 -12 5 -12 0 0 0 0 0 0 0 0 0 0
1784740932.663831,56041,-44,11,1,7,1,-95,1,654170656,128,0 0 0 0 0 0 0 0 0 0 0 0 -6 -7 -6 -8 -5 -8 -5 -8 -5 -8 -5 -9 -5 -9 -5 -9 -4 -10 -4 -10 -5 -10 -4 -10 -4 -10 -4 -10 -4 -11 -4 -11 -4 -12 -4 -11 -4 -11 -3 -12 -4 -12 -3 -12 -4 -12 -4 -11 -4 -12 -4 -12 0 0 -4 -12 -4 -12 -4 -12 -4 -12 -4 -12 -5 -12 -5 -12 -5 -12 -5 -12 -6 -12 -5 -12 -6 -12 -6 -12 -6 -13 -6 -12 -6 -13 -6 -12 -6 -12 -7 -13 -7 -12 -7 -12 -7 -13 -7 -12 -7 -12 -7 -12 -7 -12 0 0 0 0 0 0 0 0 0 0
1784740932.663831,56042,-44,11,1,7,1,-95,1,654180704,128,0 0 0 0 0 0 0 0 0 0 0 0 -2 -8 -1 -8 0 -8 0 -9 0 -9 0 -9 0 -9 1 -9 1 -10 1 -9 1 -10 1 -10 1 -10 1 -10 2 -11 2 -11 2 -11 2 -11 2 -11 2 -11 3 -11 3 -11 2 -11 2 -11 2 -11 3 -12 0 0 3 -12 2 -12 3 -12 2 -12 2 -12 2 -12 2 -13 2 -13 2 -13 1 -14 1 -14 1 -14 1 -14 1 -14 1 -14 1 -15 1 -14 1 -15 1 -15 1 -15 1 -15 1 -15 1 -15 1 -15 0 -15 1 -15 0 0 0 0 0 0 0 0 0 0
1784740932.684257,56043,-45,11,1,7,1,-95,1,654190750,128,0 0 0 0 0 0 0 0 0 0 0 0 6 -2 6 -2 7 -1 7 -1 7 -1 7 -1 8 -1 8 0 8 0 8 0 8 0 8 0 8 1 8 1 9 1 9 1 9 1 9 1 9 1 9 1 9 1 9 1 10 1 9 1 9 2 10 1 0 0 10 1 10 1 10 1 11 1 10 1 10 1 11 0 11 1 11 0 12 0 12 0 12 0 12 0 12 0 13 0 13 -1 13 0 13 0 13 0 14 0 14 0 14 -1 14 0 14 0 14 0 14 0 0 0 0 0 0 0 0 0 0 0
1784740932.697568,56044,-44,11,1,7,1,-95,1,654200760,128,0 0 0 0 0 0 0 0 0 0 0 0 7 3 7 3 7 4 7 5 7 5 7 5 7 5 7 5 7 6 7 6 7 6 7 6 7 7 7 7 7 7 6 7 6 8 6 8 6 8 6 8 6 8 6 8 6 8 6 8 6 8 6 8 0 0 6 8 6 8 6 8 6 7 6 7 7 7 7 7 8 7 7 7 8 7 8 7 9 7 9 7 9 7 9 7 9 7 9 7 9 7 10 7 10 7 10 7 10 7 10 7 10 7 11 7 11 7 0 0 0 0 0 0 0 0 0 0
1784740932.697568,56045,-43,11,1,7,1,-95,1,654210697,128,0 0 0 0 0 0 0 0 0 0 0 0 -2 8 -2 8 -3 9 -4 9 -4 9 -4 9 -4 9 -4 9 -5 9 -5 9 -6 9 -6 9 -6 9 -6 9 -7 9 -7 9 -7 9 -7 9 -7 9 -8 9 -7 9 -8 9 -7 9 -8 9 -8 9 -8 9 0 0 -7 9 -7 9 -7 9 -7 9 -7 9 -6 9 -6 10 -6 10 -6 10 -6 10 -6 10 -5 10 -6 10 -5 11 -5 11 -5 11 -5 11 -5 11 -4 11 -4 12 -4 12 -4 12 -4 12 -4 12 -4 12 -4 12 0 0 0 0 0 0 0 0 0 0
1784740932.711657,56046,-43,11,1,7,1,-95,1,654220703,128,0 0 0 0 0 0 0 0 0 0 0 0 -1 -8 -1 -8 0 -9 0 -9 0 -9 1 -9 1 -9 1 -10 1 -10 2 -10 2 -10 3 -10 3 -10 3 -10 3 -10 3 -11 3 -11 4 -11 4 -11 4 -11 4 -11 4 -11 5 -11 5 -11 5 -10 5 -11 0 0 4 -11 4 -11 4 -11 4 -11 4 -11 4 -11 3 -11 4 -11 3 -11 4 -12 3 -12 3 -12 3 -11 3 -12 2 -12 2 -12 3 -13 2 -13 2 -13 2 -13 1 -13 1 -13 2 -13 2 -13 2 -13 1 -13 0 0 0 0 0 0 0 0 0 0
1784740932.727430,56047,-44,11,1,7,1,-95,1,654230737,128,0 0 0 0 0 0 0 0 0 0 0 0 3 -6 3 -6 3 -6 4 -6 4 -6 4 -6 4 -6 5 -6 5 -6 5 -6 6 -6 6 -6 6 -6 7 -6 7 -6 7 -6 7 -6 7 -6 8 -6 8 -6 8 -6 8 -6 8 -6 8 -6 8 -6 9 -6 0 0 9 -6 9 -6 9 -6 9 -6 8 -6 9 -7 9 -7 9 -7 9 -7 9 -7 9 -7 9 -7 9 -8 9 -8 9 -8 9 -8 9 -8 9 -8 9 -9 9 -9 9 -9 9 -9 9 -9 9 -9 9 -9 9 -10 0 0 0 0 0 0 0 0 0 0
1784740932.727430,56048,-46,11,1,7,1,-95,1,654240983,128,0 0 0 0 0 0 0 0 0 0 0 0 0 -7 1 -7 1 -7 1 -7 1 -7 2 -7 2 -8 2 -7 2 -8 3 -7 3 -8 3 -8 3 -8 4 -8 4 -9 4 -9 3 -9 4 -9 4 -9 4 -9 4 -9 4 -9 5 -9 5 -9 5 -9 5 -9 0 0 5 -10 5 -10 5 -10 5 -10 5 -10 5 -10 5 -11 5 -11 4 -11 5 -12 5 -11 5 -11 5 -11 5 -11 4 -12 4 -12 5 -12 5 -12 4 -13 4 -13 4 -13 4 -13 5 -13 5 -13 4 -13 4 -13 0 0 0 0 0 0 0 0 0 0
1784740932.743427,56049,-44,11,1,7,1,-95,1,654254404,128,0 0 0 0 0 0 0 0 0 0 0 0 2 6 1 7 1 7 1 7 0 7 0 8 0 7 0 8 0 8 0 8 -1 8 -1 8 -1 8 -1 9 -1 9 -1 9 -2 10 -2 9 -2 10 -2 10 -2 10 -2 10 -2 10 -2 10 -2 10 -2 10 0 0 -2 11 -3 10 -3 11 -2 10 -2 11 -2 11 -2 11 -2 11 -2 11 -2 11 -2 11 -2 12 -1 12 -1 12 -1 11 -1 13 -1 12 -1 12 -1 12 -1 12 0 13 -1 13 0 12 -1 12 -1 13 0 13 0 0 0 0 0 0 0 0 0 0
1784740932.743427,56050,-44,11,1,7,1,-95,1,654260788,128,0 0 0 0 0 0 0 0 0 0 0 0 -6 -4 -6 -5 -6 -5 -6 -6 -6 -6 -5 -6 -5 -6 -6 -7 -6 -7 -6 -7 -6 -8 -6 -8 -6 -8 -6 -8 -6 -8 -5 -9 -5 -9 -5 -9 -5 -10 -5 -10 -5 -10 -4 -10 -5 -10 -5 -10 -5 -10 -5 -10 0 0 -5 -10 -5 -11 -5 -11 -5 -10 -5 -10 -5 -11 -5 -11 -6 -11 -5 -11 -6 -11 -7 -11 -7 -11 -7 -11 -6 -11 -7 -11 -7 -11 -7 -11 -7 -11 -7 -12 -7 -11 -7 -11 -7 -12 -8 -11 -8 -11 -8 -11 -8 -12 0 0 0 0 0 0 0 0 0 0
1784740932.762851,56051,-45,11,1,7,1,-95,1,654270749,128,0 0 0 0 0 0 0 0 0 0 0 0 2 -6 2 -6 3 -7 3 -6 4 -7 3 -6 4 -7 4 -6 4 -7 5 -7 5 -7 6 -7 6 -7 6 -7 6 -7 6 -7 6 -7 7 -7 7 -7 7 -7 7 -7 7 -7 8 -7 8 -7 7 -7 7 -7 0 0 7 -7 8 -8 7 -7 8 -8 7 -7 7 -8 7 -8 7 -9 7 -8 8 -9 8 -9 7 -9 8 -9 7 -9 7 -10 7 -9 8 -10 7 -10 7 -10 7 -11 7 -11 7 -11 8 -11 8 -11 8 -11 7 -11 0 0 0 0 0 0 0 0 0 0
1784740932.778205,56052,-47,11,1,7,1,-95,1,654280701,128,0 0 0 0 0 0 0 0 0 0 0 0 0 -7 0 -7 1 -7 1 -7 1 -7 1 -7 2 -7 2 -8 2 -8 3 -8 3 -8 3 -8 3 -8 4 -8 4 -8 4 -8 4 -8 4 -8 4 -9 4 -8 4 -9 4 -9 5 -9 5 -8 5 -8 5 -9 0 0 5 -9 5 -9 5 -9 5 -9 5 -9 5 -9 5 -10 5 -10 5 -10 5 -10 5 -10 5 -11 5 -10 5 -11 5 -11 4 -11 5 -11 5 -12 4 -12 5 -12 4 -12 4 -12 4 -12 5 -12 5 -12 5 -13 0 0 0 0 0 0 0 0 0 0
1784740932.778205,56053,-46,11,1,7,1,-95,1,654290770,128,0 0 0 0 0 0 0 0 0 0 0 0 4 5 4 6 3 6 3 7 3 7 3 7 3 7 3 8 2 8 2 8 2 8 2 9 2 9 2 9 2 9 1 9 1 10 1 10 1 10 0 10 0 10 0 10 1 10 1 10 1 9 1 10 0 0 1 10 1 10 0 10 1 9 1 9 1 10 1 10 2 10 2 10 3 10 3 10 3 10 3 10 3 11 3 10 3 11 3 10 4 11 4 11 4 11 4 11 4 11 5 11 5 11 5 11 5 11 0 0 0 0 0 0 0 0 0 0
1784740932.791148,56054,-44,11,1,7,1,-95,1,654300748,128,0 0 0 0 0 0 0 0 0 0 0 0 7 1 7 1 8 2 7 2 8 3 8 3 8 3 8 4 8 4 8 5 8 5 8 6 7 6 7 6 8 6 8 7 8 6 8 7 8 7 8 7 8 7 8 7 8 7 7 7 7 7 7 7 0 0 7 7 8 7 7 6 8 7 8 6 8 6 8 6 8 6 8 5 9 6 9 6 9 5 9 5 9 5 10 5 10 4 10 5 10 4 11 4 11 4 11 4 11 4 11 4 11 4 11 4 12 4 0 0 0 0 0 0 0 0 0 0
1784740932.807085,56055,-43,11,1,7,1,-95,1,654311187,128,0 0 0 0 0 0 0 0 0 0 0 0 5 4 4 5 4 5 4 6 4 6 4 7 3 7 3 7 3 8 3 8 3 8 3 8 3 8 3 9 3 9 2 10 2 10 2 9 2 10 1 10 2 10 1 10 2 10 1 10 1 10 1 10 0 0 1 10 1 10 1 10 1 10 2 10 2 10 2 10 2 10 2 10 2 10 3 10 3 10 3 10 3 10 3 10 3 10 4 10 4 10 4 10 4 10 5 10 5 11 5 10 5 10 5 11 6 11 0 0 0 0 0 0 0 0 0 0
1784740932.807085,56056,-43,11,1,7,1,-95,1,654320689,128,0 0 0 0 0 0 0 0 0 0 0 0 0 -7 1 -7 1 -7 2 -7 2 -7 3 -8 3 -8 3 -8 3 -8 4 -8 4 -8 4 -8 5 -8 5 -8 5 -8 6 -8 6 -8 6 -8 6 -8 6 -8 7 -8 7 -8 7 -8 7 -8 7 -8 7 -8 0 0 7 -8 7 -8 8 -8 7 -8 7 -8 7 -8 7 -8 7 -9 7 -8 7 -9 7 -9 6 -9 7 -9 6 -9 6 -9 6 -10 6 -10 6 -10 6 -10 6 -10 6 -11 6 -11 5 -11 6 -11 5 -11 5 -11 0 0 0 0 0 0 0 0 0 0
1784740932.827231,56057,-45,11,1,7,1,-95,1,654330767,128,0 0 0 0 0 0 0 0 0 0 0 0 -6 1 -6 1 -7 1 -7 0 -8 0 -8 0 -8 0 -8 0 -8 -1 -9 -1 -9 -2 -9 -2 -9 -2 -9 -3 -9 -2 -10 -3 -10 -3 -10 -3 -10 -3 -10 -3 -10 -3 -10 -3 -11 -3 -11 -4 -10 -4 -11 -4 0 0 -11 -4 -11 -4 -11 -4 -11 -4 -11 -3 -11 -4 -11 -3 -12 -4 -11 -3 -12 -3 -12 -3 -11 -3 -11 -3 -11 -3 -12 -2 -12 -2 -12 -3 -12 -2 -12 -2 -12 -2 -12 -2 -12 -1 -12 -2 -13 -2 -12 -2 -12 -1 0 0 0 0 0 0 0 0 0 0
1784740932.827231,56058,-44,11,1,7,1,-95,1,654340804,128,0 0 0 0 0 0 0 0 0 0 0 0 -7 2 -7 2 -8 2 -8 1 -8 1 -8 1 -9 1 -9 1 -9 0 -9 0 -9 0 -10 0 -10 -1 -10 -1 -11 -1 -11 -2 -11 -2 -11 -2 -11 -2 -11 -2 -11 -2 -11 -2 -11 -2 -11 -2 -11 -2 -12 -2 0 0 -12 -2 -12 -2 -12 -2 -12 -2 -12 -2 -12 -2 -12 -2 -13 -1 -13 -1 -13 -1 -13 -1 -13 -1 -13 -1 -14 -1 -13 -1 -14 -1 -13 -1 -14 0 -14 0 -14 0 -14 0 -14 0 -14 0 -14 0 -14 0 -14 0 0 0 0 0 0 0 0 0 0 0
1784740932.839160,56059,-44,11,1,7,1,-95,1,654350715,128,0 0 0 0 0 0 0 0 0 0 0 0 -3 -6 -2 -7 -2 -7 -2 -8 -1 -8 -1 -8 -1 -8 -1 -9 -1 -9 0 -9 0 -9 0 -9 1 -10 1 -10 1 -10 1 -10 1 -10 1 -10 1 -10 1 -10 1 -10 2 -10 2 -10 2 -10 2 -10 2 -11 0 0 2 -11 2 -11 2 -11 1 -11 1 -11 1 -11 1 -11 0 -12 1 -11 0 -12 1 -12 0 -12 0 -12 0 -12 0 -13 0 -13 0 -13 0 -14 -1 -14 -1 -13 -1 -14 -1 -14 -1 -14 0 -14 -1 -14 -1 -15 0 0 0 0 0 0 0 0 0 0
1784740932.855208,56060,-45,11,1,7,1,-95,1,654360681,128,0 0 0 0 0 0 0 0 0 0 0 0 -7 0 -7 0 -8 -1 -8 -1 -8 -1 -8 -2 -8 -2 -9 -2 -9 -3 -9 -3 -9 -4 -9 -4 -9 -4 -9 -5 -9 -5 -10 -5 -9 -5 -10 -5 -9 -6 -9 -6 -9 -6 -9 -6 -10 -6 -9 -6 -9 -6 -10 -6 0 0 -9 -6 -10 -6 -10 -6 -10 -6 -10 -5 -10 -6 -10 -6 -10 -6 -10 -5 -11 -5 -11 -5 -11 -5 -11 -5 -11 -5 -12 -5 -12 -4 -12 -5 -12 -5 -12 -5 -12 -4 -12 -4 -12 -4 -13 -4 -13 -4 -13 -4 -13 -4 0 0 0 0 0 0 0 0 0 0
1784740932.863208,56061,-44,11,1,7,1,-95,1,654370728,128,0 0 0 0 0 0 0 0 0 0 0 0 -2 -7 -1 -7 -1 -7 0 -8 0 -8 0 -9 0 -9 0 -9 1 -9 1 -9 1 -9 1 -10 2 -10 2 -10 2 -11 3 -10 3 -11 3 -10 3 -11 3 -10 3 -11 4 -11 3 -11 3 -11 4 -11 4 -11 0 0 4 -11 4 -11 4 -11 4 -11 4 -11 4 -11 3 -11 3 -12 4 -12 3 -12 3 -12 2 -12 2 -12 2 -13 3 -12 3 -13 2 -12 2 -13 2 -13 2 -13 2 -13 2 -13 1 -13 1 -13 1 -13 1 -14 0 0 0 0 0 0 0 0 0 0
1784740932.871124,56062,-43,11,1,7,1,-95,1,654380782,128,0 0 0 0 0 0 0 0 0 0 0 0 -4 5 -4 5 -5 5 -5 4 -6 5 -6 4 -6 5 -6 5 -7 5 -7 5 -8 5 -8 5 -8 4 -8 4 -8 5 -9 5 -9 5 -9 5 -9 5 -9 5 -10 5 -9 5 -10 5 -10 5 -10 4 -10 5 0 0 -10 5 -11 6 -10 5 -10 6 -10 5 -10 6 -10 6 -10 6 -10 6 -11 7 -11 6 -10 7 -10 6 -10 7 -10 8 -10 8 -10 8 -10 8 -10 8 -10 9 -10 9 -10 9 -10 9 -10 8 -10 9 -10 9 0 0 0 0 0 0 0 0 0 0
1784740932.887033,56063,-43,11,1,7,1,-95,1,654390689,128,0 0 0 0 0 0 0 0 0 0 0 0 5 -2 5 -2 5 -2 6 -1 6 -2 6 -1 6 -1 7 -1 7 -1 7 -1 7 0 8 0 8 0 8 0 9 0 9 0 9 1 9 1 9 1 9 1 9 1 9 1 10 1 10 2 9 2 10 2 0 0 10 2 10 2 10 2 10 1 10 1 10 1 11 1 11 1 11 1 11 1 12 1 12 1 11 1 12 1 12 1 12 1 12 1 13 1 13 1 13 1 13 1 13 1 13 1 13 1 13 1 13 1 0 0 0 0 0 0 0 0 0 0
1784740932.887033,56064,-44,11,1,7,1,-95,1,654400697,128,0 0 0 0 0 0 0 0 0 0 0 0 -3 5 -4 5 -4 4 -5 5 -5 5 -5 5 -5 5 -6 5 -6 5 -6 5 -6 5 -6 5 -7 5 -7 5 -8 5 -8 5 -9 5 -8 5 -9 5 -9 5 -9 5 -9 4 -9 5 -9 5 -9 5 -9 5 0 0 -10 5 -9 5 -10 5 -9 5 -9 6 -10 6 -10 6 -10 6 -10 6 -10 7 -10 7 -10 7 -10 7 -10 7 -10 7 -11 8 -10 7 -10 8 -10 8 -11 8 -11 8 -11 8 -10 8 -10 9 -11 9 -11 9 0 0 0 0 0 0 0 0 0 0
1784740932.907185,56065,-43,11,1,7,1,-95,1,654410780,128,0 0 0 0 0 0 0 0 0 0 0 0 -7 -2 -7 -2 -7 -3 -7 -3 -7 -3 -7 -4 -7 -4 -7 -4 -7 -5 -7 -5 -8 -5 -7 -6 -7 -6 -7 -6 -8 -6 -8 -7 -8 -7 -8 -7 -8 -7 -8 -7 -8 -7 -8 -8 -8 -8 -8 -8 -8 -8 -8 -8 0 0 -8 -8 -8 -8 -8 -8 -9 -8 -8 -8 -9 -8 -9 -8 -9 -8 -9 -8 -10 -8 -9 -8 -9 -8 -9 -8 -10 -8 -11 -8 -10 -8 -11 -9 -11 -8 -10 -8 -11 -8 -11 -8 -12 -8 -11 -9 -11 -9 -11 -9 -12 -9 0 0 0 0 0 0 0 0 0 0
1784740932.907185,56066,-43,11,1,7,1,-95,1,654420730,128,0 0 0 0 0 0 0 0 0 0 0 0 -3 -6 -3 -6 -3 -6 -3 -7 -2 -7 -2 -7 -2 -7 -2 -8 -2 -8 -2 -8 -2 -9 -2 -9 -1 -9 -1 -9 -1 -10 -1 -9 0 -10 -1 -10 0 -11 0 -10 0 -11 0 -11 0 -11 0 -11 0 -11 0 -11 0 0 0 -12 0 -11 1 -12 0 -11 0 -12 0 -11 0 -11 0 -12 0 -12 0 -12 0 -12 -1 -12 -1 -12 -1 -13 -1 -12 -1 -13 -1 -13 -1 -13 -1 -13 -1 -13 -2 -13 -2 -13 -2 -13 -2 -14 -2 -14 -2 -14 0 0 0 0 0 0 0 0 0 0
1784740932.919094,56067,-44,11,1,7,1,-95,1,654430794,128,0 0 0 0 0 0 0 0 0 0 0 0 -6 0 -6 0 -6 0 -7 -1 -7 -1 -7 -1 -7 -1 -8 -1 -8 -2 -8 -2 -8 -2 -8 -2 -9 -2 -9 -2 -9 -3 -9 -3 -9 -3 -9 -3 -9 -3 -10 -4 -10 -4 -10 -4 -10 -4 -10 -4 -11 -4 -11 -4 0 0 -11 -5 -11 -5 -11 -5 -11 -5 -11 -5 -11 -5 -11 -5 -12 -5 -12 -5 -12 -5 -12 -4 -12 -4 -13 -4 -13 -5 -13 -4 -13 -5 -13 -4 -13 -4 -14 -5 -13 -4 -13 -4 -14 -5 -14 -4 -14 -4 -14 -4 -14 -4 0 0 0 0 0 0 0 0 0 0
1784740932.936905,56068,-46,11,1,7,1,-95,1,654440780,128,0 0 0 0 0 0 0 0 0 0 0 0 -4 -4 -4 -4 -4 -4 -4 -4 -5 -4 -4 -5 -5 -5 -4 -5 -5 -5 -4 -6 -5 -6 -4 -6 -4 -6 -4 -7 -5 -6 -5 -7 -5 -7 -5 -7 -5 -7 -6 -7 -6 -8 -5 -8 -6 -8 -5 -9 -5 -9 -5 -9 0 0 -6 -9 -6 -10 -6 -9 -6 -10 -6 -10 -6 -10 -6 -10 -6 -10 -6 -10 -7 -11 -7 -11 -6 -11 -6 -10 -7 -11 -8 -11 -8 -11 -8 -11 -8 -11 -8 -11 -8 -11 -8 -11 -8 -11 -8 -12 -8 -12 -8 -12 -8 -12 0 0 0 0 0 0 0 0 0 0
1784740932.936905,56069,-48,11,1,7,1,-95,1,654450703,128,0 0 0 0 0 0 0 0 0 0 0 0 4 -1 5 -1 5 -1 5 -1 5 0 6 0 6 0 6 0 6 0 6 0 6 0 6 1 7 1 7 1 7 1 7 1 7 1 7 1 7 1 7 1 8 1 8 1 8 1 8 1 8 1 8 1 0 0 9 1 9 1 9 1 9 1 9 1 10 1 10 1 10 0 10 1 10 0 10 1 11 0 11 0 11 0 11 0 11 0 11 0 12 0 11 0 12 0 12 0 12 0 12 0 12 0 12 0 12 0 0 0 0 0 0 0 0 0 0 0
1784740932.950993,56070,-47,11,1,7,1,-95,1,654460780,128,0 0 0 0 0 0 0 0 0 0 0 0 2 -7 2 -7 3 -7 3 -7 3 -7 4 -7 4 -7 4 -7 4 -7 4 -7 5 -7 5 -7 5 -8 5 -7 6 -8 6 -7 6 -8 6 -7 7 -8 7 -7 7 -8 7 -7 6 -8 7 -8 7 -8 7 -8 0 0 7 -8 7 -8 8 -8 7 -8 7 -9 7 -9 7 -9 7 -9 7 -9 7 -10 7 -10 7 -10 7 -10 7 -10 7 -10 8 -11 7 -10 8 -11 8 -11 8 -11 7 -11 8 -11 7 -11 8 -11 7 -11 8 -12 0 0 0 0 0 0 0 0 0 0
1784740932.966970,56071,-45,11,1,7,1,-95,1,654470647,128,0 0 0 0 0 0 0 0 0 0 0 0 -1 -7 -1 -7 -1 -8 -1 -8 0 -8 0 -8 0 -8 0 -8 0 -8 1 -9 1 -9 1 -9 1 -9 1 -9 1 -9 1 -10 1 -10 1 -10 1 -10 2 -10 1 -10 1 -11 2 -11 2 -11 2 -11 2 -11 0 0 1 -11 2 -12 2 -11 1 -12 1 -11 1 -12 1 -12 1 -12 1 -12 1 -13 1 -12 1 -12 1 -12 0 -12 0 -13 -1 -13 0 -14 0 -13 -1 -13 -1 -14 -1 -14 -1 -13 -1 -14 0 -14 0 -14 -1 -14 0 0 0 0 0 0 0 0 0 0
1784740932.966970,56072,-44,11,1,7,1,-95,1,654482637,128,0 0 0 0 0 0 0 0 0 0 0 0 1 6 1 6 0 6 0 6 0 6 0 7 0 7 0 7 0 7 -1 7 -1 7 -1 8 -1 8 -1 8 -1 8 -1 9 -1 9 -1 9 -1 9 -1 9 -1 10 -1 10 -2 10 -2 10 -2 10 -2 10 0 0 -2 11 -2 11 -2 11 -2 11 -2 11 -2 11 -1 11 -2 11 -1 11 -1 12 -2 12 -1 12 -1 12 -1 12 -1 12 -1 13 -1 13 -1 13 -1 13 0 13 0 13 0 13 -1 13 -1 14 -1 13 -1 14 0 0 0 0 0 0 0 0 0 0
1784740932.984843,56073,-43,11,1,7,1,-95,1,654490642,128,0 0 0 0 0 0 0 0 0 0 0 0 -2 5 -2 5 -2 6 -2 6 -2 6 -2 6 -2 6 -3 6 -3 6 -3 6 -3 7 -3 7 -3 7 -3 7 -3 7 -4 8 -4 8 -4 8 -4 8 -4 9 -4 9 -4 9 -5 9 -5 9 -5 9 -5 9 0 0 -5 9 -6 10 -5 9 -6 10 -5 10 -6 10 -5 10 -6 11 -5 10 -6 11 -6 11 -5 11 -6 10 -5 11 -5 12 -5 11 -6 12 -6 12 -5 12 -5 12 -5 12 -5 12 -5 13 -6 12 -5 12 -5 12 0 0 0 0 0 0 0 0 0 0
1784740932.984843,56074,-43,11,1,7,1,-95,1,654500665,128,0 0 0 0 0 0 0 0 0 0 0 0 -5 3 -5 3 -6 3 -6 3 -6 3 -6 3 -6 3 -6 3 -6 3 -7 3 -7 3 -7 3 -7 3 -7 3 -7 3 -8 4 -8 4 -8 4 -8 4 -9 4 -9 4 -9 4 -10 4 -10 4 -10 4 -10 4 0 0 -10 4 -10 5 -10 4 -11 5 -10 5 -10 5 -11 5 -11 5 -10 5 -12 6 -11 5 -11 5 -11 5 -11 5 -12 7 -11 7 -12 7 -12 7 -11 7 -12 7 -12 7 -11 7 -12 7 -13 7 -12 6 -12 6 0 0 0 0 0 0 0 0 0 0
1784740932.998750,56075,-43,11,1,7,1,-95,1,654510741,128,0 0 0 0 0 0 0 0 0 0 0 0 1 6 1 6 1 6 0 7 0 6 0 7 0 7 1 7 0 7 0 7 0 8 0 8 0 8 0 8 0 9 -1 8 0 9 0 9 0 9 -1 10 -1 10 -1 10 0 10 -1 10 -1 11 -1 11 0 0 -1 11 -2 11 -2 12 -1 11 -1 11 -1 12 -1 11 -1 12 -2 12 -1 12 -1 12 0 12 -1 13 -1 13 -1 12 -1 14 -1 12 -1 13 -1 13 -1 13 -1 13 -1 14 -1 13 -1 14 -1 14 -1 14 0 0 0 0 0 0 0 0 0 0
1784740933.014951,56076,-43,11,1,7,1,-95,1,654520776,128,0 0 0 0 0 0 0 0 0 0 0 0 -7 4 -7 4 -7 4 -7 3 -8 3 -7 3 -8 3 -8 3 -8 3 -8 3 -9 3 -9 3 -9 3 -9 3 -9 3 -10 3 -10 3 -10 3 -10 3 -10 3 -10 3 -10 3 -11 3 -11 3 -11 3 -11 3 0 0 -11 3 -11 3 -11 3 -11 3 -11 3 -11 3 -12 4 -11 4 -12 4 -12 4 -12 4 -12 4 -12 4 -12 4 -12 5 -12 4 -12 4 -12 4 -12 5 -12 5 -12 5 -12 5 -12 5 -13 5 -12 5 -13 5 0 0 0 0 0 0 0 0 0 0
1784740933.014951,56077,-43,11,1,7,1,-95,1,654530742,128,0 0 0 0 0 0 0 0 0 0 0 0 0 7 -1 7 -1 8 -2 8 -2 8 -2 8 -2 8 -2 8 -3 8 -3 8 -3 8 -3 8 -3 8 -3 9 -3 9 -4 9 -4 9 -4 9 -4 10 -4 10 -4 10 -4 10 -4 10 -5 10 -5 10 -5 10 0 0 -5 10 -4 10 -5 10 -4 10 -4 11 -4 11 -4 11 -4 11 -4 11 -4 12 -4 12 -4 12 -4 12 -4 12 -4 12 -4 13 -4 12 -4 13 -4 13 -4 13 -4 13 -4 13 -4 13 -4 13 -4 13 -4 13 0 0 0 0 0 0 0 0 0 0
1784740933.036667,56078,-45,11,1,7,1,-95,1,654540712,128,0 0 0 0 0 0 0 0 0 0 0 0 0 -8 0 -8 1 -8 1 -8 2 -8 2 -8 2 -8 2 -8 2 -8 2 -8 2 -8 2 -9 3 -9 3 -9 3 -9 4 -9 4 -9 4 -9 4 -9 4 -9 4 -10 5 -9 4 -10 4 -10 4 -10 4 -10 0 0 5 -10 5 -10 4 -10 5 -10 4 -10 5 -11 4 -11 5 -11 5 -11 4 -12 4 -12 4 -12 4 -12 4 -12 4 -12 5 -12 5 -12 5 -12 5 -12 5 -13 5 -13 5 -13 4 -12 4 -13 4 -13 4 -13 0 0 0 0 0 0 0 0 0 0
1784740933.046639,56079,-45,11,1,7,1,-95,1,654550757,128,0 0 0 0 0 0 0 0 0 0 0 0 5 4 5 4 5 4 5 4 5 5 5 5 5 5 5 5 5 5 5 6 5 6 5 6 6 6 5 6 6 6 6 7 6 7 6 7 6 7 6 8 7 8 6 8 7 8 6 9 6 9 6 9 0 0 6 9 7 9 6 9 7 9 7 9 7 9 7 9 8 9 7 9 8 10 8 10 7 9 7 9 7 9 8 10 8 9 8 10 8 9 9 9 9 9 9 9 9 9 9 10 9 10 9 10 9 9 0 0 0 0 0 0 0 0 0 0
1784740933.046639,56080,-43,11,1,7,1,-95,1,654562005,128,0 0 0 0 0 0 0 0 0 0 0 0 0 6 0 6 0 6 0 6 0 6 0 6 0 6 0 7 0 7 0 7 0 8 0 8 -1 8 -1 9 -1 9 -1 10 -1 10 -1 10 -2 10 -2 10 -2 10 -2 11 -2 11 -2 11 -3 11 -3 11 0 0 -3 11 -3 12 -3 11 -3 12 -3 12 -3 12 -3 12 -3 12 -3 12 -3 13 -3 12 -2 12 -2 13 -2 13 -2 13 -3 13 -2 13 -2 13 -2 13 -2 13 -2 13 -2 13 -2 13 -2 13 -2 13 -2 14 0 0 0 0 0 0 0 0 0 0
1784740933.067249,56081,-44,11,1,7,1,-95,1,654570694,128,0 0 0 0 0 0 0 0 0 0 0 0 -3 3 -4 3 -4 3 -4 4 -4 3 -4 4 -4 4 -4 4 -5 4 -5 5 -5 5 -6 5 -6 5 -6 6 -7 6 -7 6 -8 6 -8 6 -8 6 -8 6 -9 6 -9 6 -9 6 -10 6 -10 6 -10 6 0 0 -10 6 -11 6 -11 6 -11 6 -11 6 -11 6 -11 7 -11 6 -11 6 -11 7 -12 7 -11 7 -12 7 -12 7 -12 7 -12 7 -12 7 -12 8 -12 8 -12 8 -12 8 -12 8 -12 8 -12 8 -12 8 -12 9 0 0 0 0 0 0 0 0 0 0
1784740933.078884,56082,-46,11,1,7,1,-95,1,654580668,128,0 0 0 0 0 0 0 0 0 0 0 0 -4 -1 -4 -1 -5 -1 -4 -1 -5 -1 -5 -1 -5 -1 -5 -1 -5 -1 -5 -1 -6 -1 -6 -1 -6 -1 -6 -1 -7 -1 -8 -1 -7 -1 -8 -1 -8 -1 -9 -1 -9 -1 -9 -1 -10 -2 -9 -2 -10 -2 -10 -2 0 0 -10 -2 -11 -2 -11 -2 -11 -2 -11 -2 -11 -2 -12 -2 -12 -2 -12 -1 -13 -2 -13 -3 -13 -2 -13 -3 -13 -2 -14 -2 -13 -2 -14 -2 -14 -2 -14 -2 -15 -2 -14 -2 -15 -2 -15 -2 -15 -3 -15 -3 -15 -2 0 0 0 0 0 0 0 0 0 0
1784740933.078884,56083,-47,11,1,7,1,-95,1,654590728,128,0 0 0 0 0 0 0 0 0 0 0 0 -1 -4 -1 -5 -1 -5 -1 -5 -1 -4 -1 -5 -1 -5 -1 -5 -1 -5 -1 -5 -1 -5 -1 -6 -1 -6 -1 -6 -2 -6 -1 -7 -1 -7 -1 -7 -2 -8 -2 -7 -2 -8 -2 -8 -2 -8 -2 -9 -2 -9 -2 -9 0 0 -2 -10 -2 -9 -2 -10 -2 -10 -3 -10 -3 -11 -3 -11 -3 -11 -3 -12 -3 -12 -3 -12 -3 -12 -3 -13 -3 -13 -3 -13 -3 -14 -3 -13 -3 -14 -3 -14 -4 -14 -3 -15 -4 -15 -3 -15 -3 -15 -3 -15 -3 -15 0 0 0 0 0 0 0 0 0 0
1784740933.094870,56084,-46,11,1,7,1,-95,1,654600671,128,0 0 0 0 0 0 0 0 0 0 0 0 -4 0 -4 0 -4 0 -4 0 -4 0 -5 0 -5 0 -5 0 -5 0 -5 0 -6 0 -6 0 -7 0 -6 0 -7 0 -7 0 -8 0 -8 0 -8 0 -9 -1 -9 0 -9 -1 -9 0 -10 -1 -10 -1 -11 -1 0 0 -11 -2 -11 -2 -11 -2 -11 -1 -12 -1 -12 -2 -12 -2 -13 -2 -13 -2 -13 -1 -13 -1 -14 -1 -13 -2 -14 -2 -14 -2 -14 -2 -14 -2 -15 -2 -14 -2 -15 -2 -15 -2 -15 -2 -15 -2 -15 -2 -16 -2 -16 -2 0 0 0 0 0 0 0 0 0 0
1784740933.094870,56085,-45,11,1,7,1,-95,1,654610970,128,0 0 0 0 0 0 0 0 0 0 0 0 2 0 2 0 2 0 3 1 3 1 3 1 3 1 4 1 4 1 4 2 5 2 5 3 5 3 5 3 5 3 6 4 6 4 6 5 6 5 6 6 6 6 6 6 6 7 6 7 6 7 6 8 0 0 6 8 7 8 7 8 7 9 7 9 7 9 7 9 7 9 7 9 8 10 8 9 8 9 8 9 8 9 9 9 9 9 8 10 9 10 9 10 9 10 9 10 9 10 9 10 9 10 10 10 10 10 0 0 0 0 0 0 0 0 0 0
1784740933.110880,56086,-45,11,1,7,1,-95,1,654620662,128,0 0 0 0 0 0 0 0 0 0 0 0 -2 4 -3 4 -3 4 -3 4 -4 4 -4 5 -4 5 -4 5 -5 5 -5 5 -5 5 -6 6 -7 6 -7 6 -7 6 -8 6 -8 6 -8 6 -9 6 -9 6 -9 6 -9 6 -10 6 -10 6 -10 6 -10 6 0 0 -10 6 -11 6 -11 6 -11 6 -10 6 -10 6 -10 6 -11 7 -10 7 -11 7 -11 7 -11 7 -11 7 -10 8 -10 8 -10 8 -10 8 -10 9 -10 9 -10 9 -10 9 -10 10 -10 9 -10 9 -10 10 -10 10 0 0 0 0 0 0 0 0 0 0
1784740933.126991,56087,-47,11,1,7,1,-95,1,654630688,128,0 0 0 0 0 0 0 0 0 0 0 0 -5 5 -5 5 -6 5 -6 5 -7 5 -7 5 -8 5 -8 5 -9 5 -9 4 -9 4 -10 4 -10 4 -11 4 -11 4 -11 4 -12 4 -12 3 -12 3 -12 3 -12 3 -13 3 -12 3 -13 2 -12 2 -13 2 0 0 -12 3 -13 3 -12 2 -13 3 -12 3 -12 3 -12 3 -12 4 -12 3 -12 4 -12 4 -11 4 -12 4 -11 4 -11 5 -11 5 -11 5 -11 5 -11 6 -11 6 -10 6 -11 6 -10 6 -11 7 -11 7 -11 7 0 0 0 0 0 0 0 0 0 0
1784740933.126991,56088,-47,11,1,7,1,-95,1,654640800,128,0 0 0 0 0 0 0 0 0 0 0 0 2 8 2 8 1 9 1 9 0 10 0 10 0 10 0 10 -1 11 -1 11 -2 11 -2 11 -2 12 -3 12 -3 12 -3 12 -3 12 -3 12 -3 12 -4 12 -4 12 -4 12 -4 12 -4 11 -4 11 -4 11 0 0 -4 11 -4 11 -3 11 -3 11 -3 11 -3 11 -3 11 -2 11 -2 11 -2 11 -2 11 -1 11 -1 10 -1 10 0 11 0 11 0 11 0 11 1 11 1 11 1 11 2 11 2 11 1 11 2 11 2 11 0 0 0 0 0 0 0 0 0 0
1784740933.142994,56089,-46,11,1,7,1,-95,1,654650703,128,0 0 0 0 0 0 0 0 0 0 0 0 4 7 3 8 3 8 2 9 2 9 2 9 2 10 2 10 1 10 1 11 1 11 1 11 0 11 0 12 0 12 -1 12 -1 12 -1 12 -1 12 -1 12 -1 12 -2 12 -1 12 -1 12 -1 12 -1 12 0 0 -1 12 -1 11 -1 12 -1 11 0 11 0 11 0 11 0 11 0 11 1 11 1 10 2 11 2 11 2 11 2 10 2 11 3 10 3 10 3 10 3 10 4 10 4 11 4 10 4 10 5 10 5 11 0 0 0 0 0 0 0 0 0 0
1784740933.158974,56090,-47,11,1,7,1,-95,1,654664502,128,0 0 0 0 0 0 0 0 0 0 0 0 8 -3 9 -2 9 -2 9 -2 10 -1 10 -1 10 -1 11 -1 11 -1 11 0 12 0 12 0 12 1 12 1 12 1 13 1 13 1 13 1 13 2 13 2 13 2 13 2 13 2 12 2 13 3 12 2 0 0 12 2 12 2 12 2 12 2 12 2 11 1 11 1 11 1 11 1 11 1 11 1 10 0 10 0 10 0 10 -1 10 -1 10 -1 10 -1 10 -1 10 -2 10 -2 10 -2 10 -2 10 -2 9 -3 10 -3 0 0 0 0 0 0 0 0 0 0
1784740933.164260,56091,-48,11,1,7,1,-95,1,654670923,128,0 0 0 0 0 0 0 0 0 0 0 0 -8 3 -9 3 -9 2 -9 2 -9 2 -10 2 -10 2 -10 3 -11 2 -11 2 -11 2 -11 2 -12 2 -12 2 -13 2 -12 1 -13 1 -13 1 -13 1 -13 1 -13 1 -13 1 -13 1 -13 0 -13 0 -13 0 0 0 -13 0 -12 0 -12 0 -12 0 -12 0 -12 0 -11 0 -11 1 -11 0 -11 1 -10 1 -10 1 -10 1 -10 1 -9 1 -10 1 -9 1 -9 2 -9 2 -9 2 -8 2 -8 2 -8 3 -8 3 -8 3 -8 3 0 0 0 0 0 0 0 0 0 0
1784740933.174966,56092,-49,11,1,7,1,-95,1,654680672,128,0 0 0 0 0 0 0 0 0 0 0 0 5 6 5 7 4 7 5 7 4 7 5 8 5 8 5 8 5 9 5 8 5 9 5 9 5 9 6 9 6 10 5 10 6 11 5 10 5 11 5 10 5 11 5 11 5 10 5 10 5 10 5 10 0 0 4 10 4 10 4 10 4 9 4 9 4 9 4 9 4 8 4 8 4 8 4 8 4 7 4 7 4 7 4 7 4 7 4 6 4 6 4 6 4 6 4 6 4 6 4 5 4 5 5 5 5 5 0 0 0 0 0 0 0 0 0 0
1784740933.174966,56093,-49,11,1,7,1,-95,1,654690706,128,0 0 0 0 0 0 0 0 0 0 0 0 -8 5 -8 4 -9 4 -9 4 -10 4 -10 4 -10 5 -10 5 -10 5 -11 4 -11 4 -12 4 -12 4 -12 4 -12 4 -13 4 -12 4 -13 5 -13 4 -13 4 -13 4 -13 4 -13 4 -13 3 -12 3 -12 3 0 0 -12 3 -12 3 -11 2 -11 3 -10 3 -10 3 -10 3 -10 3 -9 3 -9 3 -9 3 -9 3 -8 3 -8 3 -8 3 -7 3 -8 4 -7 3 -7 4 -7 4 -6 4 -6 4 -6 4 -6 4 -6 4 -6 4 0 0 0 0 0 0 0 0 0 0
1784740933.191105,56094,-50,11,1,7,1,-95,1,654700706,128,0 0 0 0 0 0 0 0 0 0 0 0 -10 4 -11 4 -11 3 -12 3 -12 3 -12 3 -12 3 -13 3 -13 3 -14 3 -14 2 -14 2 -14 2 -14 2 -15 2 -15 2 -14 2 -15 2 -15 2 -15 2 -15 2 -15 2 -15 2 -14 1 -14 1 -14 1 0 0 -13 1 -13 1 -13 1 -13 1 -12 1 -12 2 -11 2 -11 2 -11 2 -11 2 -11 2 -10 2 -9 2 -9 2 -9 2 -9 3 -9 3 -8 3 -8 3 -8 3 -7 4 -7 3 -7 4 -7 4 -7 4 -7 4 0 0 0 0 0 0 0 0 0 0
1784740933.207091,56095,-51,11,1,7,1,-95,1,654710727,128,0 0 0 0 0 0 0 0 0 0 0 0 9 -5 10 -5 10 -5 10 -4 10 -4 11 -4 11 -4 11 -5 11 -4 11 -5 12 -5 12 -4 12 -4 12 -4 12 -5 12 -4 13 -4 12 -4 13 -4 12 -4 12 -4 12 -4 12 -5 12 -4 12 -4 12 -4 0 0 11 -4 11 -4 11 -4 10 -4 10 -4 10 -4 9 -4 9 -4 9 -4 9 -4 8 -4 8 -4 8 -4 8 -4 7 -4 7 -4 6 -4 6 -4 6 -4 6 -4 6 -4 6 -4 5 -4 5 -4 5 -4 6 -4 0 0 0 0 0 0 0 0 0 0
1784740933.207091,56096,-53,11,1,7,1,-95,1,654720737,128,0 0 0 0 0 0 0 0 0 0 0 0 -3 9 -3 9 -3 9 -3 9 -4 9 -4 10 -4 10 -4 10 -4 10 -4 10 -5 10 -4 10 -4 10 -4 10 -4 10 -4 10 -3 10 -4 10 -4 10 -3 11 -3 10 -3 10 -3 11 -4 10 -4 10 -3 10 0 0 -3 10 -3 10 -3 9 -3 10 -3 9 -2 9 -2 9 -3 9 -2 9 -3 9 -3 9 -2 8 -2 8 -3 8 -2 9 -2 8 -2 8 -2 8 -2 8 -2 8 -2 8 -1 8 -2 9 -2 8 -2 8 -2 8 0 0 0 0 0 0 0 0 0 0
1784740933.223166,56097,-52,11,1,7,1,-95,1,654730667,128,0 0 0 0 0 0 0 0 0 0 0 0 8 0 8 0 8 1 8 1 8 1 9 1 8 1 9 1 9 2 9 2 9 2 9 2 9 2 9 2 10 2 9 3 10 3 9 3 10 3 10 3 10 3 10 3 10 3 10 3 10 4 10 4 0 0 10 4 10 4 10 4 10 4 10 4 10 4 10 4 10 4 10 4 10 4 10 4 10 3 10 4 10 3 10 3 10 3 9 3 10 3 10 3 10 3 10 3 10 3 10 2 10 3 10 2 11 2 0 0 0 0 0 0 0 0 0 0
1784740933.223166,56098,-53,11,1,7,1,-95,1,654741022,128,0 0 0 0 0 0 0 0 0 0 0 0 4 2 4 2 4 3 4 3 4 3 5 3 5 3 5 3 5 4 5 4 6 4 6 4 6 4 6 5 6 5 6 5 6 6 7 6 7 6 7 7 7 7 7 7 8 7 7 7 7 7 7 8 0 0 7 8 7 9 7 9 7 9 7 9 7 9 7 9 7 9 7 9 8 9 8 9 8 8 8 8 8 9 8 8 8 9 8 8 9 8 9 9 9 8 10 8 10 9 10 8 10 9 10 8 10 9 0 0 0 0 0 0 0 0 0 0
1784740933.239266,56099,-55,11,1,7,1,-95,1,654750737,128,0 0 0 0 0 0 0 0 0 0 0 0 -2 -2 -2 -2 -2 -2 -2 -1 -2 -1 -3 -1 -3 -1 -3 -1 -3 -1 -3 -1 -4 -1 -4 0 -4 0 -5 0 -5 0 -6 0 -6 0 -7 0 -7 0 -8 0 -8 0 -8 0 -9 0 -9 -1 -10 -1 -10 -1 0 0 -11 -1 -12 -1 -11 -2 -13 -2 -12 -2 -13 -2 -13 -2 -13 -2 -13 -2 -14 -2 -14 -2 -14 -2 -14 -2 -14 -2 -15 -1 -15 -1 -16 -2 -16 -2 -16 -1 -16 -1 -17 -2 -17 -1 -17 -2 -17 -2 -17 -2 -17 -1 0 0 0 0 0 0 0 0 0 0
1784740933.255416,56100,-52,11,1,7,1,-95,1,654760702,128,0 0 0 0 0 0 0 0 0 0 0 0 -5 2 -5 2 -6 1 -5 1 -5 0 -5 1 -6 1 -6 1 -6 0 -6 0 -6 1 -6 1 -6 1 -6 1 -6 1 -6 1 -7 1 -6 1 -7 2 -7 2 -7 3 -7 3 -8 3 -8 3 -8 3 -8 4 0 0 -9 4 -9 5 -10 5 -10 5 -10 5 -10 6 -11 6 -11 6 -11 6 -12 6 -12 6 -12 7 -13 7 -13 7 -13 7 -14 7 -13 7 -14 8 -14 8 -15 8 -15 7 -15 8 -15 8 -15 7 -15 8 -16 7 0 0 0 0 0 0 0 0 0 0
1784740933.264624,56101,-52,11,1,7,1,-95,1,654770714,128,0 0 0 0 0 0 0 0 0 0 0 0 -1 -3 -1 -3 -1 -3 -1 -3 -1 -3 -2 -3 -2 -3 -2 -3 -2 -4 -2 -4 -2 -4 -3 -4 -3 -4 -3 -4 -4 -5 -4 -5 -4 -5 -5 -5 -5 -6 -5 -6 -6 -6 -6 -6 -7 -6 -7 -7 -7 -7 -8 -8 0 0 -8 -8 -9 -9 -9 -9 -9 -9 -10 -9 -10 -10 -10 -10 -11 -10 -11 -11 -12 -11 -12 -11 -12 -11 -12 -12 -12 -12 -13 -12 -13 -13 -13 -13 -13 -13 -13 -13 -14 -13 -13 -13 -13 -13 -13 -13 -13 -14 -13 -14 -13 -14 0 0 0 0 0 0 0 0 0 0
1784740933.271340,56102,-52,11,1,7,1,-95,1,654780664,128,0 0 0 0 0 0 0 0 0 0 0 0 -1 -2 -1 -2 -1 -3 -1 -3 0 -3 0 -3 0 -4 0 -4 0 -4 1 -5 1 -5 2 -6 2 -6 2 -6 2 -6 3 -7 3 -7 4 -7 4 -8 4 -8 4 -8 5 -8 5 -9 6 -9 6 -9 6 -9 0 0 7 -10 7 -10 7 -10 7 -11 7 -11 8 -11 8 -12 8 -12 8 -12 8 -13 9 -13 8 -13 8 -13 9 -13 9 -14 9 -14 9 -14 9 -14 9 -14 9 -15 9 -14 9 -14 9 -15 9 -14 9 -14 9 -14 0 0 0 0 0 0 0 0 0 0
1784740933.287204,56103,-54,11,1,7,1,-95,1,654790642,128,0 0 0 0 0 0 0 0 0 0 0 0 -2 -4 -2 -4 -2 -4 -2 -4 -2 -5 -2 -5 -2 -5 -2 -6 -2 -6 -2 -6 -2 -7 -2 -7 -2 -7 -2 -8 -2 -8 -2 -8 -2 -9 -2 -9 -2 -9 -2 -9 -2 -10 -2 -10 -2 -10 -2 -10 -2 -10 -2 -10 0 0 -3 -11 -3 -11 -3 -11 -3 -12 -3 -11 -4 -12 -4 -12 -4 -13 -4 -13 -4 -14 -4 -14 -4 -14 -4 -14 -4 -14 -4 -14 -4 -15 -4 -15 -4 -15 -4 -15 -4 -15 -4 -15 -4 -15 -4 -15 -3 -15 -3 -15 -3 -15 0 0 0 0 0 0 0 0 0 0
1784740933.287204,56104,-53,11,1,7,1,-95,1,654801580,128,0 0 0 0 0 0 0 0 0 0 0 0 1 0 1 1 1 1 1 1 1 1 2 1 2 2 2 2 2 2 2 3 2 3 2 3 3 4 3 3 3 4 3 4 3 5 3 5 4 5 4 5 4 6 4 6 5 6 5 7 5 7 5 7 0 0 6 7 6 8 6 8 7 9 7 9 7 9 8 9 8 10 8 10 8 10 9 10 9 10 9 10 8 11 9 10 9 11 9 11 9 11 9 11 9 11 9 11 10 11 9 11 8 11 9 11 9 10 0 0 0 0 0 0 0 0 0 0
1784740933.307225,56105,-48,11,1,7,1,-95,1,654810762,128,0 0 0 0 0 0 0 0 0 0 0 0 4 3 4 3 4 4 4 4 4 5 4 5 4 5 4 6 4 6 3 6 3 7 3 7 3 7 3 7 3 8 3 8 3 8 3 8 3 9 3 9 3 9 4 9 4 9 4 10 4 10 4 10 0 0 4 10 5 11 5 11 5 11 5 11 5 11 5 12 5 12 6 12 6 13 6 13 6 13 6 13 6 13 7 13 7 13 7 13 7 13 7 14 7 13 7 13 7 13 7 13 7 14 7 13 7 13 0 0 0 0 0 0 0 0 0 0
1784740933.319010,56106,-50,11,1,7,1,-95,1,654823173,128,0 0 0 0 0 0 0 0 0 0 0 0 -3 7 -3 7 -4 6 -4 7 -4 6 -4 7 -5 6 -5 7 -5 7 -5 6 -5 7 -6 7 -6 7 -6 7 -6 7 -7 7 -7 7 -7 7 -7 7 -6 7 -6 7 -6 7 -6 7 -6 7 -6 7 -6 8 0 0 -6 8 -6 8 -6 9 -6 9 -5 9 -5 10 -5 10 -5 10 -5 11 -5 11 -5 11 -5 12 -5 12 -5 13 -5 12 -6 13 -6 13 -6 13 -6 13 -6 14 -6 14 -6 14 -6 13 -6 13 -6 14 -6 14 0 0 0 0 0 0 0 0 0 0
1784740933.319010,56107,-52,11,1,7,1,-95,1,654830712,128,0 0 0 0 0 0 0 0 0 0 0 0 -5 -2 -5 -2 -5 -2 -5 -2 -5 -2 -5 -2 -5 -2 -5 -1 -6 -1 -6 -1 -6 -2 -7 -1 -7 -2 -7 -2 -7 -1 -8 -1 -8 -1 -9 -1 -9 -1 -9 -1 -9 -1 -9 -1 -10 -1 -10 -1 -10 -1 -10 -1 0 0 -11 0 -12 0 -11 0 -12 0 -12 0 -13 1 -13 1 -13 1 -13 1 -15 1 -15 1 -15 1 -15 1 -15 1 -16 1 -15 1 -16 1 -16 1 -16 1 -16 2 -16 1 -16 1 -17 0 -17 0 -16 0 -16 0 0 0 0 0 0 0 0 0 0 0
1784740933.338377,56108,-50,11,1,7,1,-95,1,654840781,128,0 0 0 0 0 0 0 0 0 0 0 0 5 -3 6 -3 6 -3 6 -3 6 -3 7 -3 7 -3 7 -3 8 -3 8 -3 8 -3 9 -3 9 -2 10 -2 10 -2 10 -2 10 -2 10 -1 11 -1 11 -1 11 -1 11 -1 11 -1 11 -1 11 -1 11 -2 0 0 11 -1 11 -2 11 -2 11 -2 11 -3 11 -3 11 -3 12 -4 12 -3 12 -4 12 -4 12 -4 12 -4 13 -4 12 -4 13 -4 13 -4 13 -5 13 -5 13 -5 13 -5 13 -5 13 -5 13 -4 12 -4 12 -4 0 0 0 0 0 0 0 0 0 0
1784740933.338377,56109,-49,11,1,7,1,-95,1,654850783,128,0 0 0 0 0 0 0 0 0 0 0 0 3 -9 4 -9 5 -9 5 -9 5 -9 5 -8 5 -9 6 -9 6 -9 6 -9 7 -9 7 -9 8 -9 8 -9 8 -9 8 -8 8 -8 9 -8 9 -8 9 -8 9 -8 9 -8 9 -8 8 -8 8 -8 8 -9 0 0 8 -9 8 -8 8 -9 7 -9 7 -9 7 -10 7 -10 7 -10 7 -10 7 -11 7 -11 7 -11 7 -11 7 -11 7 -11 7 -11 7 -11 7 -12 7 -12 6 -12 6 -12 7 -11 6 -12 6 -12 6 -12 6 -12 0 0 0 0 0 0 0 0 0 0
1784740933.364626,56110,-49,11,1,7,1,-95,1,654860701,128,0 0 0 0 0 0 0 0 0 0 0 0 -5 -4 -5 -4 -5 -5 -5 -4 -5 -5 -5 -4 -5 -5 -5 -5 -6 -4 -6 -5 -6 -5 -6 -5 -6 -5 -7 -6 -7 -6 -7 -6 -7 -6 -8 -6 -8 -7 -8 -7 -8 -7 -8 -7 -8 -8 -8 -8 -8 -8 -9 -8 0 0 -9 -8 -10 -9 -9 -8 -10 -9 -10 -8 -10 -9 -10 -9 -11 -9 -10 -9 -11 -10 -11 -10 -11 -10 -11 -10 -11 -10 -12 -10 -12 -10 -12 -11 -12 -11 -11 -10 -12 -11 -12 -11 -12 -11 -12 -12 -11 -12 -11 -11 -12 -11 0 0 0 0 0 0 0 0 0 0
1784740933.366767,56111,-45,11,1,7,0,-95,1,654870632,128,0 0 0 0 0 0 0 0 0 0 0 0 -4 2 -5 2 -5 2 -5 2 -5 2 -6 2 -5 2 -6 3 -6 3 -6 2 -6 2 -7 2 -7 2 -8 2 -8 3 -8 3 -8 3 -9 3 -9 3 -9 3 -9 3 -10 3 -9 3 -9 3 -10 3 -10 3 0 0 -10 3 -10 3 -11 3 -10 3 -10 4 -11 4 -11 3 -11 4 -11 4 -11 4 -11 4 -11 4 -11 4 -11 4 -11 5 -11 5 -11 5 -12 5 -11 4 -11 5 -11 5 -11 5 -11 4 -12 5 -11 5 -11 5 0 0 0 0 0 0 0 0 0 0
1784740933.366767,56112,-47,11,1,7,1,-95,1,654880755,128,0 0 0 0 0 0 0 0 0 0 0 0 -9 4 -9 3 -9 2 -10 2 -10 2 -10 2 -10 1 -10 1 -10 1 -11 1 -11 1 -11 0 -11 0 -11 0 -11 0 -11 -1 -11 -1 -11 -1 -11 -1 -11 -1 -11 -1 -11 -1 -11 0 -11 -1 -11 -1 -11 0 0 0 -11 0 -11 -1 -12 0 -12 0 -11 0 -12 1 -12 0 -12 1 -12 0 -13 1 -13 1 -13 2 -13 1 -13 1 -13 1 -13 1 -13 1 -13 2 -13 2 -13 2 -13 2 -13 1 -13 2 -13 2 -13 2 -13 2 0 0 0 0 0 0 0 0 0 0
1784740933.382687,56113,-47,11,1,7,1,-95,1,654892142,128,0 0 0 0 0 0 0 0 0 0 0 0 -2 7 -2 7 -3 7 -3 7 -3 7 -3 7 -3 6 -4 7 -3 7 -3 7 -3 7 -3 7 -3 7 -4 8 -3 8 -4 8 -4 9 -4 8 -4 9 -4 9 -4 9 -4 9 -4 10 -4 10 -4 10 -4 10 0 0 -4 11 -4 11 -5 11 -4 11 -4 12 -4 12 -5 12 -5 12 -5 12 -4 13 -4 13 -4 13 -5 13 -5 14 -5 13 -5 14 -5 13 -5 14 -5 14 -5 14 -5 14 -5 14 -5 13 -5 14 -5 14 -5 14 0 0 0 0 0 0 0 0 0 0
1784740933.398654,56114,-46,11,1,7,1,-95,1,654900686,128,0 0 0 0 0 0 0 0 0 0 0 0 -4 5 -4 5 -4 5 -5 5 -5 4 -5 5 -5 5 -5 5 -5 5 -5 5 -6 5 -6 6 -6 6 -6 6 -7 6 -7 6 -7 7 -7 7 -8 7 -8 7 -8 7 -8 7 -8 7 -9 7 -9 7 -9 8 0 0 -10 8 -9 7 -10 8 -10 8 -10 8 -10 8 -10 8 -10 8 -10 8 -10 9 -10 8 -10 9 -10 8 -10 9 -10 8 -11 9 -10 8 -10 9 -10 9 -10 9 -10 9 -10 9 -10 9 -10 9 -10 9 -10 9 0 0 0 0 0 0 0 0 0 0
1784740933.398654,56115,-47,11,1,7,1,-95,1,654910673,128,0 0 0 0 0 0 0 0 0 0 0 0 -9 -1 -9 -2 -9 -2 -9 -3 -9 -3 -9 -3 -9 -4 -9 -4 -9 -4 -10 -4 -10 -5 -10 -5 -10 -5 -10 -5 -10 -5 -10 -6 -9 -6 -9 -6 -9 -6 -9 -6 -10 -6 -9 -6 -9 -6 -9 -6 -9 -6 -9 -6 0 0 -9 -6 -10 -6 -10 -6 -10 -5 -10 -5 -10 -5 -10 -5 -10 -5 -11 -5 -11 -5 -11 -5 -11 -4 -11 -4 -11 -4 -11 -4 -11 -4 -11 -4 -11 -4 -11 -4 -11 -4 -11 -3 -11 -3 -11 -3 -11 -3 -11 -3 -12 -3 0 0 0 0 0 0 0 0 0 0
1784740933.414480,56116,-46,11,1,7,1,-95,1,654920669,128,0 0 0 0 0 0 0 0 0 0 0 0 7 1 7 2 7 2 7 3 7 3 7 3 7 3 7 3 7 3 7 4 7 4 7 4 7 4 7 4 8 5 8 5 8 5 8 5 8 5 8 5 8 5 8 5 8 5 8 5 8 5 8 5 0 0 9 5 9 5 9 5 9 5 9 5 10 5 10 5 10 5 10 5 11 5 11 5 11 5 10 5 11 5 11 5 12 5 11 5 12 5 12 5 12 5 12 5 11 5 12 5 12 5 12 5 12 5 0 0 0 0 0 0 0 0 0 0
1784740933.414480,56117,-44,11,1,7,1,-95,1,654930716,128,0 0 0 0 0 0 0 0 0 0 0 0 -4 4 -5 4 -5 4 -6 4 -6 4 -6 4 -6 4 -7 5 -7 4 -7 5 -8 5 -8 5 -9 5 -9 5 -10 5 -10 4 -11 5 -11 5 -11 4 -11 4 -11 4 -12 4 -12 4 -12 4 -12 4 -12 4 0 0 -12 4 -12 4 -12 4 -12 4 -12 4 -12 4 -12 4 -12 5 -13 5 -12 6 -12 6 -12 6 -12 6 -13 6 -13 6 -13 6 -13 6 -13 6 -13 6 -13 7 -13 7 -14 6 -13 7 -13 7 -13 7 -13 7 0 0 0 0 0 0 0 0 0 0
1784740933.430396,56118,-46,11,1,7,1,-95,1,654940735,128,0 0 0 0 0 0 0 0 0 0 0 0 7 -1 7 -1 8 0 8 0 8 0 8 0 9 0 9 0 9 1 10 1 9 2 10 2 10 2 10 3 10 2 10 3 10 3 11 4 10 3 10 4 10 3 10 4 10 4 10 4 10 4 10 4 0 0 10 3 10 3 9 3 10 3 10 2 10 2 10 1 10 1 11 1 11 1 11 1 11 1 11 1 11 0 12 0 12 0 13 0 12 0 13 -1 13 -1 12 -1 13 -1 13 -1 13 0 13 0 13 -1 0 0 0 0 0 0 0 0 0 0
1784740933.446979,56119,-47,11,1,7,1,-95,1,654950662,128,0 0 0 0 0 0 0 0 0 0 0 0 7 0 7 0 7 1 7 1 7 2 8 2 7 2 8 3 8 3 8 3 7 3 8 4 8 4 8 4 8 4 8 4 8 4 8 4 8 4 8 5 8 5 7 5 8 4 8 4 7 4 8 4 0 0 8 4 8 4 8 4 9 4 9 3 9 3 9 3 10 3 10 3 10 3 10 3 11 3 10 3 11 3 11 3 12 3 12 3 12 3 12 3 12 3 12 3 13 3 13 3 13 4 13 4 13 3 0 0 0 0 0 0 0 0 0 0
1784740933.446979,56120,-45,11,1,7,1,-95,1,654960705,128,0 0 0 0 0 0 0 0 0 0 0 0 -5 -7 -4 -7 -4 -7 -4 -8 -3 -7 -4 -8 -3 -8 -3 -9 -3 -9 -3 -9 -3 -9 -3 -10 -3 -10 -3 -10 -3 -11 -2 -10 -2 -11 -2 -10 -2 -11 -1 -11 -1 -11 -1 -11 -2 -11 -1 -11 -1 -11 -1 -11 0 0 -2 -12 -1 -11 -1 -12 -2 -11 -2 -11 -2 -11 -2 -11 -2 -12 -2 -12 -3 -12 -3 -12 -4 -12 -4 -12 -4 -13 -4 -12 -4 -13 -4 -13 -4 -13 -4 -13 -4 -13 -4 -13 -4 -14 -4 -13 -5 -14 -5 -14 -5 -14 0 0 0 0 0 0 0 0 0 0
1784740933.466377,56121,-45,11,1,7,1,-95,1,654971229,128,0 0 0 0 0 0 0 0 0 0 0 0 8 2 8 3 8 4 8 4 9 4 8 5 8 5 8 5 9 6 8 7 8 7 8 8 8 8 8 8 8 8 8 9 8 9 8 9 8 9 8 9 7 9 8 9 7 9 7 9 6 9 7 9 0 0 7 9 7 8 7 8 8 8 8 7 8 8 8 7 8 7 9 7 10 7 9 7 9 7 10 6 10 6 10 6 11 6 11 6 11 6 11 6 12 5 12 6 12 6 12 6 12 6 12 6 12 6 0 0 0 0 0 0 0 0 0 0
1784740933.478045,56122,-47,11,1,7,1,-95,1,654980749,128,0 0 0 0 0 0 0 0 0 0 0 0 -7 4 -8 4 -8 3 -9 3 -9 3 -9 3 -10 2 -10 2 -10 2 -10 2 -11 1 -11 1 -11 1 -11 1 -12 1 -11 0 -12 0 -12 0 -12 0 -12 -1 -11 0 -11 -1 -11 -1 -11 -1 -11 -1 -11 -1 0 0 -11 0 -11 0 -11 0 -11 1 -11 1 -11 1 -11 2 -11 2 -11 2 -11 3 -11 3 -11 3 -11 3 -12 3 -12 4 -12 4 -12 4 -12 4 -12 4 -12 4 -12 4 -13 5 -13 4 -13 4 -13 4 -13 4 0 0 0 0 0 0 0 0 0 0
1784740933.478045,56123,-46,11,1,7,1,-95,1,654994594,128,0 0 0 0 0 0 0 0 0 0 0 0 -7 2 -7 2 -8 2 -8 1 -8 1 -8 1 -8 1 -9 1 -9 1 -10 1 -10 0 -10 0 -10 0 -10 0 -10 0 -11 0 -11 0 -11 -1 -11 -1 -11 -1 -11 -1 -11 -1 -12 -1 -12 -1 -11 -1 -12 -1 0 0 -11 -1 -12 0 -12 0 -13 0 -12 0 -12 0 -12 1 -13 1 -12 1 -14 1 -13 1 -13 1 -13 1 -13 1 -14 2 -13 2 -15 2 -14 2 -15 2 -15 2 -15 2 -14 2 -15 2 -15 1 -15 2 -15 2 0 0 0 0 0 0 0 0 0 0
1784740933.497383,56124,-46,11,1,7,1,-95,1,655000820,128,0 0 0 0 0 0 0 0 0 0 0 0 6 -5 7 -5 8 -4 8 -4 8 -4 8 -4 9 -4 9 -4 9 -4 10 -3 10 -3 10 -2 11 -2 11 -2 11 -2 12 -2 12 -2 12 -2 12 -1 12 -2 12 -1 12 -1 12 -1 12 -1 11 0 12 -1 0 0 11 -1 12 -1 11 -1 12 -2 11 -2 11 -2 11 -2 11 -3 11 -3 12 -3 12 -3 11 -4 11 -3 12 -4 12 -5 12 -5 12 -4 12 -5 12 -5 12 -5 13 -5 12 -6 12 -5 13 -5 12 -5 12 -5 0 0 0 0 0 0 0 0 0 0
1784740933.497383,56125,-47,11,1,7,1,-95,1,655010703,128,0 0 0 0 0 0 0 0 0 0 0 0 -7 -7 -6 -8 -6 -8 -6 -9 -5 -9 -5 -9 -5 -9 -5 -10 -5 -11 -5 -10 -4 -11 -4 -11 -4 -11 -3 -12 -4 -12 -3 -12 -3 -13 -3 -12 -3 -12 -2 -12 -2 -12 -2 -12 -2 -12 -2 -11 -2 -12 -2 -12 0 0 -2 -11 -2 -11 -2 -11 -3 -11 -3 -10 -3 -10 -4 -10 -4 -10 -4 -10 -5 -10 -5 -10 -5 -10 -5 -10 -6 -10 -6 -10 -6 -10 -6 -10 -6 -10 -7 -10 -7 -10 -7 -10 -7 -10 -7 -10 -7 -10 -8 -10 -8 -10 0 0 0 0 0 0 0 0 0 0
1784740933.510156,56126,-46,11,1,7,1,-95,1,655020632,128,0 0 0 0 0 0 0 0 0 0 0 0 -7 -4 -7 -4 -7 -5 -7 -6 -6 -6 -6 -6 -6 -6 -6 -6 -6 -7 -6 -7 -6 -7 -6 -7 -6 -8 -6 -8 -6 -8 -6 -8 -6 -8 -6 -9 -6 -9 -6 -9 -6 -9 -5 -9 -6 -9 -6 -9 -6 -9 -6 -9 0 0 -6 -8 -6 -9 -6 -9 -7 -9 -7 -8 -7 -9 -7 -9 -8 -9 -7 -9 -8 -9 -8 -8 -9 -8 -9 -9 -9 -9 -9 -9 -9 -9 -9 -9 -10 -9 -10 -10 -10 -9 -10 -9 -10 -10 -10 -10 -10 -10 -11 -10 -11 -10 0 0 0 0 0 0 0 0 0 0
1784740933.527339,56127,-45,11,1,7,1,-95,1,655030728,128,0 0 0 0 0 0 0 0 0 0 0 0 6 -5 6 -5 6 -5 7 -4 7 -4 7 -4 7 -4 7 -4 7 -4 8 -4 8 -3 8 -3 8 -3 8 -3 8 -3 9 -3 9 -3 9 -3 9 -3 9 -3 9 -4 9 -4 10 -4 9 -3 9 -3 10 -3 0 0 10 -4 10 -4 9 -4 10 -5 10 -5 10 -5 10 -5 10 -6 10 -6 11 -6 11 -6 10 -6 10 -6 11 -6 11 -7 11 -7 11 -7 12 -7 11 -7 11 -8 12 -8 11 -8 12 -7 12 -7 12 -7 12 -7 0 0 0 0 0 0 0 0 0 0
1784740933.527339,56128,-45,11,1,7,1,-95,1,655042374,128,0 0 0 0 0 0 0 0 0 0 0 0 -4 -8 -4 -9 -4 -9 -3 -9 -3 -9 -3 -10 -3 -10 -3 -10 -3 -10 -2 -10 -2 -11 -2 -11 -1 -11 -1 -11 -1 -11 -1 -11 -1 -12 -1 -11 -1 -12 -1 -11 0 -11 -1 -11 0 -11 0 -11 0 -11 0 -11 0 0 -1 -11 -1 -11 -1 -11 -1 -11 -2 -11 -2 -11 -2 -11 -3 -11 -3 -11 -3 -12 -3 -11 -3 -11 -3 -11 -3 -12 -4 -12 -4 -12 -4 -12 -4 -13 -4 -13 -5 -12 -5 -13 -5 -13 -4 -13 -5 -13 -5 -13 -5 -13 0 0 0 0 0 0 0 0 0 0
1784740933.541864,56129,-44,11,1,7,1,-95,1,655050755,128,0 0 0 0 0 0 0 0 0 0 0 0 7 4 7 4 6 5 6 5 6 5 6 6 6 6 6 6 6 6 6 6 6 7 6 7 6 7 6 7 6 7 5 8 6 8 5 8 5 8 5 8 5 8 5 8 5 8 5 8 5 8 6 8 0 0 6 8 6 8 6 8 6 7 6 7 7 7 7 7 7 7 7 7 8 7 9 7 9 7 9 7 9 7 9 8 10 8 10 8 10 8 10 8 10 8 10 8 10 8 10 8 11 8 11 8 11 9 0 0 0 0 0 0 0 0 0 0
1784740933.557753,56130,-44,11,1,7,1,-95,1,655060715,128,0 0 0 0 0 0 0 0 0 0 0 0 -9 2 -9 1 -10 1 -10 0 -10 0 -10 0 -11 -1 -10 -1 -11 -1 -11 -2 -11 -2 -11 -2 -11 -2 -11 -2 -11 -2 -12 -2 -11 -2 -12 -2 -11 -3 -12 -3 -12 -3 -12 -3 -12 -3 -11 -3 -11 -3 -11 -3 0 0 -11 -2 -12 -2 -11 -2 -12 -1 -12 -1 -12 -1 -12 -1 -12 0 -12 0 -13 0 -13 0 -13 0 -13 0 -13 1 -14 2 -14 2 -14 1 -14 1 -14 1 -15 2 -14 2 -15 2 -15 2 -15 1 -15 1 -15 2 0 0 0 0 0 0 0 0 0 0
1784740933.566712,56131,-45,11,1,7,1,-95,1,655073633,128,0 0 0 0 0 0 0 0 0 0 0 0 0 9 0 9 -1 9 -1 10 -2 9 -2 10 -2 9 -3 10 -3 10 -3 10 -3 10 -4 10 -4 10 -4 10 -5 10 -5 10 -5 10 -5 10 -5 10 -5 10 -5 10 -5 9 -5 9 -5 9 -5 9 -5 10 0 0 -5 9 -4 9 -4 10 -4 9 -4 10 -4 10 -4 10 -3 10 -3 10 -3 11 -3 11 -2 11 -2 11 -3 12 -2 11 -2 12 -2 12 -2 12 -2 12 -2 13 -2 13 -2 13 -2 13 -2 13 -2 13 -2 14 0 0 0 0 0 0 0 0 0 0
1784740933.578307,56132,-46,11,1,7,1,-95,1,655080726,128,0 0 0 0 0 0 0 0 0 0 0 0 6 -5 6 -4 7 -4 7 -3 8 -3 7 -3 8 -3 8 -3 8 -3 8 -2 8 -2 8 -2 9 -2 9 -2 8 -2 9 -2 9 -2 9 -2 9 -2 9 -2 9 -2 9 -2 9 -2 9 -2 9 -1 9 -2 0 0 9 -2 9 -3 8 -2 9 -3 9 -3 9 -4 9 -4 9 -4 9 -4 10 -4 10 -5 10 -5 10 -5 10 -5 10 -6 10 -6 11 -6 10 -6 11 -6 11 -6 11 -7 11 -7 12 -7 12 -7 12 -6 12 -7 0 0 0 0 0 0 0 0 0 0
1784740933.578307,56133,-45,11,1,7,1,-95,1,655090738,128,0 0 0 0 0 0 0 0 0 0 0 0 7 -1 8 0 8 1 8 1 8 1 8 1 8 2 8 2 8 2 8 2 8 3 8 3 8 3 8 3 8 3 8 4 8 4 8 4 8 4 8 4 8 4 8 4 9 4 8 4 9 4 8 4 0 0 8 4 9 4 9 4 9 4 9 4 9 4 9 3 10 3 10 3 11 3 11 3 11 3 11 3 11 3 11 3 12 3 12 3 12 3 12 3 12 3 13 3 13 3 13 3 13 3 13 3 13 4 0 0 0 0 0 0 0 0 0 0
1784740933.589722,56134,-45,11,1,7,1,-95,1,655100641,128,0 0 0 0 0 0 0 0 0 0 0 0 3 8 3 9 2 9 1 9 1 9 1 9 0 9 0 10 -1 10 0 10 -1 10 -1 10 -1 10 -1 10 -1 10 -2 10 -2 10 -2 10 -2 10 -3 10 -3 10 -3 10 -2 10 -3 9 -3 9 -2 10 0 0 -2 9 -2 9 -1 9 -1 9 -1 9 -1 9 0 10 0 10 0 10 1 10 1 10 1 10 1 11 2 11 2 11 2 11 2 11 2 11 2 11 2 12 3 12 2 12 3 12 3 12 3 12 3 12 0 0 0 0 0 0 0 0 0 0
1784740933.605615,56135,-46,11,1,7,1,-95,1,655110657,128,0 0 0 0 0 0 0 0 0 0 0 0 7 6 6 6 6 7 5 8 5 8 5 8 5 8 5 8 5 8 4 9 3 9 3 9 3 9 3 9 3 9 3 10 3 9 3 10 3 9 3 9 3 9 3 9 2 9 2 9 2 9 2 8 0 0 3 8 3 8 3 7 4 7 4 7 4 7 5 7 5 7 5 6 6 7 6 7 7 7 7 7 7 7 8 7 8 6 9 7 8 7 9 7 9 7 9 7 10 7 10 7 10 7 10 7 10 7 0 0 0 0 0 0 0 0 0 0
1784740933.605615,56136,-47,11,1,7,1,-95,1,655120686,128,0 0 0 0 0 0 0 0 0 0 0 0 3 -8 3 -8 4 -7 4 -8 4 -7 5 -7 5 -7 5 -7 5 -7 6 -7 6 -7 6 -7 6 -7 7 -7 7 -7 7 -7 7 -7 7 -6 7 -6 7 -6 7 -6 7 -6 6 -6 6 -6 6 -6 6 -6 0 0 6 -6 5 -6 5 -7 5 -7 4 -7 4 -8 4 -8 4 -9 4 -9 4 -10 4 -9 4 -10 4 -10 4 -10 4 -11 4 -11 4 -11 4 -12 4 -12 4 -12 4 -12 4 -13 4 -12 5 -13 4 -13 5 -13 0 0 0 0 0 0 0 0 0 0
1784740933.625751,56137,-46,11,1,7,1,-95,1,655130761,128,0 0 0 0 0 0 0 0 0 0 0 0 7 -6 7 -5 8 -5 9 -4 9 -4 9 -4 9 -3 9 -3 10 -2 10 -3 10 -3 10 -2 10 -2 10 -2 10 -1 10 0 10 0 10 0 10 0 9 0 10 0 9 0 9 -1 9 -1 9 -1 9 -1 0 0 8 -2 8 -2 8 -2 8 -2 8 -3 8 -3 8 -3 8 -4 9 -4 8 -5 9 -5 9 -6 9 -6 10 -6 10 -6 10 -6 10 -6 10 -7 10 -7 11 -7 11 -7 11 -7 10 -8 11 -8 11 -9 11 -9 0 0 0 0 0 0 0 0 0 0
1784740933.637360,56138,-46,11,1,7,1,-95,1,655140637,128,0 0 0 0 0 0 0 0 0 0 0 0 -1 8 -2 7 -2 8 -3 7 -3 8 -3 7 -3 8 -3 8 -4 7 -4 7 -5 7 -5 7 -5 7 -5 7 -5 7 -5 7 -5 6 -5 7 -5 7 -5 7 -4 7 -4 7 -4 7 -4 6 -4 6 -4 7 0 0 -3 7 -3 7 -3 7 -2 8 -2 7 -2 8 -1 9 -1 9 -1 9 -1 10 -1 10 -1 10 -1 10 0 10 0 11 0 11 0 12 0 12 0 12 1 12 0 12 0 13 0 13 0 13 0 13 0 13 0 0 0 0 0 0 0 0 0 0
1784740933.637360,56139,-45,11,1,7,1,-95,1,655150706,128,0 0 0 0 0 0 0 0 0 0 0 0 -2 -8 -2 -8 -1 -8 -1 -8 0 -8 0 -8 0 -8 0 -9 1 -9 1 -8 1 -8 1 -9 1 -9 1 -9 1 -9 2 -8 2 -9 2 -9 2 -9 2 -8 2 -8 2 -8 2 -8 2 -8 2 -8 1 -8 0 0 1 -9 1 -8 1 -9 0 -9 0 -9 0 -9 0 -9 -1 -10 -1 -10 -1 -10 -1 -11 -1 -11 -1 -11 -1 -11 -2 -11 -2 -12 -2 -12 -2 -12 -2 -12 -2 -12 -2 -13 -2 -13 -2 -13 -2 -14 -2 -14 -2 -14 0 0 0 0 0 0 0 0 0 0
1784740933.653283,56140,-46,11,1,7,1,-95,1,655160761,128,0 0 0 0 0 0 0 0 0 0 0 0 -9 3 -10 2 -10 1 -10 1 -10 1 -10 1 -10 0 -10 0 -10 0 -10 0 -11 -1 -10 -1 -10 -1 -11 -2 -11 -2 -10 -2 -10 -2 -10 -2 -10 -3 -10 -3 -10 -2 -10 -3 -9 -2 -9 -3 -9 -2 -9 -2 0 0 -9 -1 -9 -1 -9 -1 -8 0 -9 0 -9 0 -9 1 -9 1 -9 1 -9 2 -9 2 -10 2 -10 3 -10 3 -10 3 -11 3 -10 3 -11 4 -11 4 -11 4 -11 4 -12 5 -11 5 -12 5 -12 5 -13 5 0 0 0 0 0 0 0 0 0 0
1784740933.668664,56141,-46,11,1,7,1,-95,1,655170680,128,0 0 0 0 0 0 0 0 0 0 0 0 -4 8 -4 8 -5 8 -5 8 -6 8 -6 7 -6 7 -7 7 -6 7 -7 7 -7 6 -8 6 -7 6 -8 6 -7 6 -8 6 -7 6 -8 6 -7 5 -8 5 -7 5 -7 5 -7 5 -6 5 -6 5 -6 5 0 0 -5 5 -5 6 -4 6 -4 7 -3 7 -3 7 -3 7 -3 7 -2 8 -2 9 -2 9 -2 9 -2 9 -2 9 -1 10 -1 10 -1 11 -1 11 -1 11 -1 11 -1 12 -1 12 -1 12 -1 12 -1 13 -1 13 0 0 0 0 0 0 0 0 0 0
1784740933.668664,56142,-46,11,1,7,1,-95,1,655180683,128,0 0 0 0 0 0 0 0 0 0 0 0 4 7 4 7 3 8 3 8 2 8 2 8 2 8 2 8 2 8 1 8 1 8 1 9 0 8 0 9 1 9 0 8 0 9 0 8 0 8 0 8 0 8 0 8 1 7 0 7 1 7 1 7 0 0 2 7 2 7 2 7 3 7 3 7 4 7 4 7 4 7 5 8 5 8 5 8 5 8 5 8 6 9 6 8 6 9 6 9 7 9 7 9 7 9 7 10 8 10 7 10 7 10 8 11 8 10 0 0 0 0 0 0 0 0 0 0
1784740933.687820,56143,-46,11,1,7,1,-95,1,655190664,128,0 0 0 0 0 0 0 0 0 0 0 0 7 -4 7 -4 8 -3 8 -2 8 -2 7 -2 8 -2 8 -2 8 -2 8 -1 8 -1 8 -1 8 -1 8 -1 8 -1 8 0 9 0 8 0 8 0 8 -1 8 0 8 0 8 -1 8 0 7 -1 8 -1 0 0 8 -1 8 -2 8 -2 8 -2 8 -3 8 -3 8 -3 8 -3 8 -4 9 -4 9 -4 9 -5 9 -4 9 -5 10 -5 10 -5 10 -5 10 -5 10 -5 10 -6 10 -6 11 -6 10 -6 11 -6 11 -6 11 -6 0 0 0 0 0 0 0 0 0 0
1784740933.687820,56144,-46,11,1,7,1,-95,1,655200695,128,0 0 0 0 0 0 0 0 0 0 0 0 -7 -4 -6 -5 -6 -6 -6 -5 -6 -6 -5 -6 -6 -6 -5 -6 -6 -6 -5 -7 -5 -7 -5 -7 -5 -7 -5 -7 -5 -7 -5 -7 -5 -7 -5 -7 -5 -7 -5 -7 -5 -7 -5 -7 -5 -7 -4 -7 -5 -7 -5 -7 0 0 -5 -7 -6 -7 -5 -7 -6 -7 -6 -6 -6 -7 -7 -6 -7 -7 -7 -6 -8 -7 -8 -7 -8 -7 -8 -7 -8 -7 -9 -7 -9 -7 -9 -8 -9 -8 -9 -7 -10 -8 -10 -8 -10 -8 -10 -8 -10 -9 -10 -9 -10 -8 0 0 0 0 0 0 0 0 0 0
1784740933.700429,56145,-46,11,1,7,1,-95,1,655210708,128,0 0 0 0 0 0 0 0 0 0 0 0 -3 -9 -2 -9 -2 -9 -1 -10 -1 -9 0 -10 0 -10 0 -10 1 -10 1 -10 1 -10 1 -10 2 -10 2 -10 2 -10 2 -9 3 -10 2 -9 3 -9 3 -9 3 -9 3 -9 2 -9 2 -9 2 -9 2 -9 0 0 2 -9 1 -9 1 -9 1 -9 0 -9 0 -9 0 -9 0 -10 -1 -9 -1 -10 -1 -10 -1 -10 -2 -10 -2 -11 -2 -11 -2 -12 -2 -11 -2 -12 -2 -12 -2 -12 -2 -12 -2 -12 -2 -12 -2 -12 -2 -13 -3 -13 0 0 0 0 0 0 0 0 0 0
1784740933.716298,56146,-46,11,1,7,1,-95,1,655220723,128,0 0 0 0 0 0 0 0 0 0 0 0 6 -9 7 -9 7 -8 7 -8 8 -8 8 -7 8 -7 8 -7 9 -7 9 -6 9 -6 9 -6 9 -5 9 -5 9 -5 9 -5 9 -5 9 -4 8 -4 8 -4 8 -4 8 -4 7 -4 7 -4 7 -4 6 -4 0 0 6 -5 5 -5 5 -5 4 -5 4 -6 4 -6 3 -7 3 -7 3 -7 3 -8 3 -8 2 -8 2 -8 2 -9 2 -9 2 -10 2 -10 2 -10 1 -10 1 -11 1 -11 1 -11 1 -11 1 -11 1 -11 0 -12 0 0 0 0 0 0 0 0 0 0
1784740933.716298,56147,-47,11,1,7,1,-95,1,655232667,128,0 0 0 0 0 0 0 0 0 0 0 0 5 7 5 7 4 8 4 8 3 8 3 8 3 8 3 9 2 8 2 9 2 8 1 9 1 9 1 8 1 9 0 8 0 8 0 8 0 8 1 8 1 7 1 7 1 7 0 7 1 7 1 7 0 0 2 6 2 6 2 6 3 7 3 6 3 6 3 6 4 6 4 6 5 7 5 7 5 6 6 7 5 7 6 7 6 7 6 8 7 8 7 7 7 8 7 8 8 8 8 8 8 8 8 8 8 8 0 0 0 0 0 0 0 0 0 0
1784740933.732456,56148,-46,11,1,7,1,-95,1,655240713,128,0 0 0 0 0 0 0 0 0 0 0 0 9 -3 9 -2 9 -1 9 -1 9 -1 9 0 9 1 9 1 9 1 9 1 9 1 9 2 9 2 9 2 9 2 9 3 9 3 8 3 8 3 8 3 8 2 8 3 8 2 8 2 8 1 8 2 0 0 8 1 8 1 8 1 8 0 8 0 8 0 8 0 8 -1 9 -1 9 -2 9 -2 10 -2 10 -2 10 -2 10 -2 11 -3 11 -3 11 -3 11 -3 12 -3 12 -3 12 -3 12 -3 12 -4 12 -4 12 -4 0 0 0 0 0 0 0 0 0 0
1784740933.748449,56149,-46,11,1,7,1,-95,1,655252481,128,0 0 0 0 0 0 0 0 0 0 0 0 3 -9 3 -9 4 -9 5 -9 5 -8 5 -9 5 -8 6 -8 6 -8 6 -7 6 -7 6 -7 6 -7 6 -6 6 -6 6 -6 6 -6 6 -6 6 -6 6 -6 5 -6 5 -6 5 -6 5 -6 4 -6 4 -6 0 0 4 -6 4 -7 3 -7 3 -7 3 -7 3 -8 3 -8 2 -8 2 -9 2 -9 2 -9 2 -10 2 -10 2 -11 2 -11 2 -11 2 -11 2 -12 2 -12 3 -12 2 -13 2 -13 2 -12 2 -13 3 -13 2 -14 0 0 0 0 0 0 0 0 0 0
1784740933.748449,56150,-45,11,1,7,1,-95,1,655260755,128,0 0 0 0 0 0 0 0 0 0 0 0 8 -3 8 -2 8 -2 9 -1 8 -1 9 -1 8 0 8 0 8 0 8 0 8 0 8 1 8 1 8 1 8 1 8 1 8 1 8 1 8 1 8 1 8 1 8 1 8 0 8 0 8 1 8 0 0 0 8 0 8 0 8 -1 8 -1 8 -1 9 -2 8 -2 9 -2 9 -2 9 -3 10 -2 10 -3 10 -3 11 -3 11 -3 12 -3 11 -3 12 -4 12 -3 12 -4 12 -4 13 -4 12 -3 13 -3 13 -3 13 -3 0 0 0 0 0 0 0 0 0 0
1784740933.767233,56151,-44,11,1,7,1,-95,1,655270783,128,0 0 0 0 0 0 0 0 0 0 0 0 4 -9 4 -9 5 -8 6 -8 6 -8 6 -8 6 -8 7 -8 7 -8 7 -8 7 -8 8 -8 8 -7 8 -7 9 -7 9 -7 9 -7 9 -6 9 -7 9 -6 9 -6 9 -6 8 -6 9 -6 8 -6 8 -6 0 0 8 -7 8 -6 8 -7 7 -7 7 -7 7 -8 7 -8 7 -8 7 -8 7 -9 7 -9 6 -10 7 -10 7 -10 7 -10 7 -11 7 -10 7 -11 7 -11 7 -12 7 -12 8 -12 7 -12 8 -12 7 -12 8 -12 0 0 0 0 0 0 0 0 0 0
1784740933.767233,56152,-45,11,1,7,1,-95,1,655280650,128,0 0 0 0 0 0 0 0 0 0 0 0 10 -3 10 -2 10 -2 10 -1 10 -1 10 -1 11 0 10 0 10 0 11 1 10 1 10 2 10 2 10 2 10 1 10 2 9 2 10 2 9 2 9 2 9 2 9 1 9 2 8 2 8 1 8 1 0 0 8 0 8 0 8 -1 9 -1 8 -1 9 -2 8 -3 9 -3 9 -3 10 -4 10 -4 10 -4 10 -4 10 -5 10 -5 10 -5 11 -5 11 -6 11 -6 11 -6 11 -7 11 -7 12 -6 12 -6 12 -6 12 -6 0 0 0 0 0 0 0 0 0 0
1784740933.780420,56153,-46,11,1,7,1,-95,1,655290696,128,0 0 0 0 0 0 0 0 0 0 0 0 -8 4 -8 4 -8 3 -8 3 -8 2 -8 2 -8 2 -9 2 -9 2 -9 2 -9 1 -9 1 -9 1 -9 1 -9 1 -8 1 -9 2 -9 2 -9 1 -8 2 -8 2 -9 2 -8 2 -8 2 -8 2 -8 3 0 0 -8 3 -8 3 -9 4 -8 4 -8 4 -8 5 -8 5 -9 5 -9 6 -9 6 -9 6 -9 7 -9 7 -10 7 -10 8 -10 8 -10 8 -10 8 -10 8 -10 8 -11 9 -11 9 -11 8 -11 8 -12 8 -12 8 0 0 0 0 0 0 0 0 0 0
1784740933.796241,56154,-45,11,1,7,1,-95,1,655301754,128,0 0 0 0 0 0 0 0 0 0 0 0 2 8 2 8 2 9 1 9 1 9 0 9 0 10 0 10 0 10 -1 10 -1 10 -2 10 -2 11 -2 11 -2 11 -2 11 -2 11 -2 11 -2 10 -2 11 -3 10 -2 10 -2 10 -3 10 -3 10 -2 10 0 0 -2 9 -1 10 -1 9 -1 10 0 9 0 10 0 9 1 10 1 10 1 10 1 10 2 10 2 10 2 10 3 11 3 11 3 11 3 11 3 11 4 11 3 11 4 11 3 11 3 12 3 11 3 11 0 0 0 0 0 0 0 0 0 0
1784740933.796241,56155,-46,11,1,7,1,-95,1,655310753,128,0 0 0 0 0 0 0 0 0 0 0 0 0 9 -1 9 -1 10 -2 9 -2 10 -2 9 -3 10 -3 10 -3 9 -4 9 -4 9 -5 9 -5 9 -5 9 -5 9 -5 9 -5 8 -5 9 -5 8 -5 8 -4 8 -4 8 -4 8 -4 7 -4 7 -3 7 0 0 -3 7 -2 8 -2 8 -2 8 -1 7 -1 8 0 8 0 8 1 8 1 9 1 9 1 9 1 9 2 9 3 10 3 10 3 10 3 10 3 10 4 10 4 11 4 11 4 11 4 11 4 11 4 11 0 0 0 0 0 0 0 0 0 0
1784740933.812269,56156,-46,11,1,7,1,-95,1,655320652,128,0 0 0 0 0 0 0 0 0 0 0 0 -5 -7 -5 -7 -4 -7 -4 -8 -4 -8 -4 -8 -4 -8 -3 -8 -3 -8 -3 -8 -3 -8 -3 -8 -3 -9 -3 -9 -3 -9 -2 -9 -3 -9 -3 -8 -3 -9 -3 -9 -3 -8 -3 -8 -3 -8 -3 -8 -3 -9 -4 -9 0 0 -4 -9 -4 -8 -5 -9 -5 -9 -6 -9 -6 -9 -6 -9 -6 -9 -7 -9 -7 -9 -7 -10 -7 -9 -8 -10 -8 -10 -8 -10 -9 -11 -8 -10 -9 -11 -9 -11 -9 -11 -9 -11 -10 -12 -9 -12 -9 -12 -9 -12 -9 -12 0 0 0 0 0 0 0 0 0 0
1784740933.828455,56157,-46,11,1,7,1,-95,1,655330631,128,0 0 0 0 0 0 0 0 0 0 0 0 -8 -5 -8 -6 -8 -7 -8 -7 -8 -8 -8 -8 -8 -8 -8 -8 -8 -9 -8 -9 -7 -9 -7 -10 -7 -10 -7 -10 -7 -10 -6 -11 -6 -11 -6 -11 -6 -11 -6 -11 -6 -11 -6 -11 -6 -10 -5 -10 -5 -10 -6 -10 0 0 -6 -10 -6 -10 -6 -9 -6 -9 -7 -9 -7 -9 -7 -8 -8 -8 -8 -8 -9 -8 -9 -8 -9 -8 -9 -8 -10 -8 -10 -8 -10 -8 -10 -8 -11 -8 -11 -8 -11 -8 -11 -8 -11 -8 -11 -8 -12 -8 -12 -8 -12 -8 0 0 0 0 0 0 0 0 0 0
1784740933.828455,56158,-48,11,1,7,1,-95,1,655340682,128,0 0 0 0 0 0 0 0 0 0 0 0 -4 -10 -3 -11 -3 -11 -2 -12 -2 -12 -1 -12 -1 -12 -1 -12 -1 -12 0 -12 1 -12 1 -12 2 -12 2 -12 2 -12 2 -11 2 -11 3 -11 3 -11 3 -10 3 -10 2 -10 2 -10 2 -9 2 -9 2 -9 0 0 1 -8 0 -8 0 -8 -1 -8 -1 -8 -1 -8 -2 -8 -3 -8 -3 -8 -4 -8 -4 -8 -4 -8 -4 -8 -5 -8 -5 -8 -6 -8 -6 -8 -6 -8 -6 -8 -7 -8 -7 -8 -7 -8 -7 -8 -7 -8 -8 -8 -8 -8 0 0 0 0 0 0 0 0 0 0
1784740933.844357,56159,-47,11,1,7,1,-95,1,655350752,128,0 0 0 0 0 0 0 0 0 0 0 0 4 6 4 7 4 7 3 8 3 8 3 8 2 8 2 8 2 8 2 8 1 8 1 8 1 8 1 8 1 9 0 8 1 8 1 8 1 8 1 8 1 8 1 8 1 7 2 7 2 7 2 8 0 0 3 8 3 7 3 8 3 7 4 8 4 8 4 8 5 8 5 8 5 8 6 8 6 9 6 9 6 9 6 9 7 10 7 9 7 10 7 10 7 10 8 10 7 10 8 10 7 11 8 11 8 11 0 0 0 0 0 0 0 0 0 0
1784740933.844357,56160,-46,11,1,7,1,-95,1,655360775,128,0 0 0 0 0 0 0 0 0 0 0 0 -9 2 -9 1 -9 1 -9 1 -10 0 -10 0 -10 0 -11 0 -10 -1 -11 -1 -11 -2 -11 -2 -11 -2 -11 -2 -11 -2 -11 -2 -11 -3 -11 -3 -11 -3 -11 -3 -11 -2 -11 -3 -11 -2 -11 -3 -10 -3 -10 -2 0 0 -11 -2 -11 -1 -10 -1 -11 -1 -11 0 -11 0 -11 0 -11 1 -11 1 -12 1 -12 1 -12 1 -12 1 -12 2 -13 2 -13 2 -13 2 -13 3 -13 3 -14 3 -14 3 -14 4 -14 3 -14 3 -14 3 -14 3 0 0 0 0 0 0 0 0 0 0
1784740933.867429,56161,-44,11,1,7,0,-95,1,655370644,128,0 0 0 0 0 0 0 0 0 0 0 0 -9 7 -9 7 -10 7 -10 6 -10 6 -11 6 -11 5 -12 5 -12 5 -12 5 -13 4 -13 3 -13 3 -13 3 -13 3 -13 3 -13 2 -13 2 -12 2 -12 2 -12 2 -12 2 -11 2 -11 2 -11 2 -11 2 0 0 -10 3 -10 4 -10 4 -10 4 -10 5 -10 5 -10 6 -10 6 -10 6 -10 7 -10 7 -10 8 -10 8 -10 8 -10 9 -10 9 -11 9 -11 9 -10 9 -10 10 -10 10 -11 10 -11 10 -11 10 -11 10 -11 10 0 0 0 0 0 0 0 0 0 0
1784740933.875996,56162,-47,11,1,7,1,-95,1,655380797,128,0 0 0 0 0 0 0 0 0 0 0 0 7 -1 7 0 7 0 8 1 7 1 8 1 7 1 8 2 7 2 7 2 8 2 8 2 7 2 8 2 8 3 7 3 8 3 7 3 8 3 7 3 8 2 7 2 8 2 8 2 8 1 8 1 0 0 9 1 9 1 9 1 9 1 10 0 10 1 10 1 11 0 11 0 11 0 12 0 12 -1 12 0 13 0 12 0 13 0 12 0 13 0 13 0 13 0 13 0 14 0 13 0 14 0 14 0 14 0 0 0 0 0 0 0 0 0 0 0
1784740933.881240,56163,-46,11,1,7,1,-95,1,655390741,128,0 0 0 0 0 0 0 0 0 0 0 0 3 -7 4 -7 4 -7 4 -7 5 -7 5 -7 5 -7 6 -7 6 -7 7 -7 7 -6 7 -6 8 -6 8 -6 8 -6 8 -6 8 -6 8 -6 8 -6 8 -6 8 -6 8 -6 8 -6 8 -6 8 -6 8 -6 0 0 8 -7 8 -7 8 -7 8 -7 8 -7 8 -8 7 -8 8 -8 8 -8 8 -9 8 -8 8 -8 8 -8 8 -9 8 -9 8 -9 8 -9 8 -10 8 -10 8 -10 8 -10 7 -10 8 -10 8 -10 8 -10 8 -10 0 0 0 0 0 0 0 0 0 0
1784740933.891836,56164,-45,11,1,7,1,-95,1,655400743,128,0 0 0 0 0 0 0 0 0 0 0 0 7 -6 8 -6 8 -5 9 -5 9 -4 9 -4 9 -4 10 -3 10 -3 10 -3 10 -2 10 -2 10 -2 10 -2 11 -1 10 -1 11 -1 10 -1 10 -1 10 0 10 -1 10 -1 9 -1 10 -1 10 -1 10 -1 0 0 10 -1 9 -2 9 -2 9 -2 9 -3 9 -3 9 -3 10 -3 10 -4 10 -4 10 -4 10 -4 10 -4 10 -5 10 -5 11 -5 10 -5 11 -5 10 -5 11 -6 11 -6 11 -6 10 -6 11 -6 11 -6 11 -7 0 0 0 0 0 0 0 0 0 0
1784740933.907640,56165,-45,11,1,7,1,-95,1,655410674,128,0 0 0 0 0 0 0 0 0 0 0 0 -2 -9 -1 -9 -1 -9 0 -10 0 -10 0 -10 1 -10 1 -10 1 -10 1 -10 1 -10 2 -10 2 -10 2 -10 2 -10 3 -10 3 -10 3 -10 3 -10 3 -10 3 -10 3 -10 2 -10 3 -10 2 -10 2 -10 0 0 2 -10 2 -10 2 -10 1 -10 1 -11 1 -11 1 -11 1 -11 1 -11 0 -12 0 -12 0 -12 0 -12 0 -13 0 -12 0 -13 0 -13 0 -13 0 -13 0 -13 0 -13 0 -14 0 -13 0 -14 0 -14 0 -14 0 0 0 0 0 0 0 0 0 0
1784740933.907640,56166,-44,11,1,7,1,-95,1,655420771,128,0 0 0 0 0 0 0 0 0 0 0 0 7 4 7 5 7 6 6 6 6 6 6 6 6 7 6 7 6 7 5 8 5 8 5 9 5 9 5 9 5 9 5 9 5 9 5 9 5 9 5 9 5 9 5 9 5 10 4 9 4 9 5 9 0 0 5 9 5 9 5 8 6 9 6 9 6 9 6 8 6 9 6 9 7 9 7 9 7 9 7 9 7 9 8 9 8 9 8 9 8 9 9 9 9 9 9 9 9 9 9 9 9 10 9 10 9 9 0 0 0 0 0 0 0 0 0 0
1784740933.923612,56167,-44,11,1,7,1,-95,1,655430708,128,0 0 0 0 0 0 0 0 0 0 0 0 -10 -2 -10 -3 -10 -4 -10 -4 -9 -5 -10 -5 -10 -5 -10 -5 -10 -6 -10 -6 -10 -6 -10 -7 -9 -7 -10 -7 -10 -8 -9 -8 -10 -8 -9 -8 -9 -8 -9 -8 -9 -8 -9 -8 -9 -7 -9 -8 -9 -8 -9 -8 0 0 -9 -7 -9 -7 -9 -7 -9 -7 -9 -7 -10 -6 -10 -6 -10 -6 -10 -6 -10 -5 -11 -6 -11 -5 -11 -5 -12 -5 -11 -5 -12 -5 -11 -5 -12 -5 -12 -5 -12 -4 -12 -4 -12 -4 -12 -4 -12 -4 -13 -4 -13 -4 0 0 0 0 0 0 0 0 0 0
1784740933.923612,56168,-44,11,1,7,1,-95,1,655440671,128,0 0 0 0 0 0 0 0 0 0 0 0 -3 -11 -2 -11 -1 -11 0 -11 0 -11 0 -12 1 -11 1 -12 1 -11 2 -12 2 -12 2 -12 3 -12 3 -12 3 -12 4 -11 4 -12 4 -11 4 -11 4 -11 3 -11 4 -11 3 -11 4 -10 4 -10 3 -11 0 0 3 -10 2 -10 3 -10 2 -10 2 -10 1 -11 1 -10 1 -11 1 -11 0 -11 0 -11 0 -11 0 -12 -1 -12 -1 -12 -1 -12 -1 -12 -1 -12 -2 -12 -2 -13 -2 -12 -2 -13 -2 -13 -2 -13 -2 -13 -2 -13 0 0 0 0 0 0 0 0 0 0
1784740933.939828,56169,-45,11,1,7,1,-95,1,655450740,128,0 0 0 0 0 0 0 0 0 0 0 0 -7 6 -8 6 -8 6 -9 5 -9 5 -9 5 -10 5 -10 4 -10 4 -11 4 -11 3 -11 3 -11 2 -11 3 -11 3 -11 2 -12 2 -12 2 -11 2 -11 2 -11 2 -11 1 -11 2 -11 1 -10 1 -10 1 0 0 -10 2 -10 2 -10 2 -10 3 -9 3 -10 3 -9 3 -10 4 -9 4 -10 5 -9 5 -9 5 -9 5 -9 5 -9 6 -9 6 -10 6 -10 6 -9 7 -9 7 -9 7 -9 7 -10 7 -10 7 -10 8 -9 8 0 0 0 0 0 0 0 0 0 0
1784740933.955700,56170,-45,11,1,7,1,-95,1,655460753,128,0 0 0 0 0 0 0 0 0 0 0 0 -10 -4 -10 -5 -9 -6 -10 -6 -9 -6 -9 -7 -9 -7 -9 -7 -9 -8 -9 -8 -9 -9 -9 -9 -8 -9 -9 -9 -9 -10 -8 -10 -8 -10 -8 -10 -8 -10 -7 -10 -7 -10 -7 -10 -7 -10 -7 -10 -7 -10 -7 -10 0 0 -7 -9 -7 -9 -7 -9 -8 -8 -8 -8 -8 -8 -8 -8 -8 -8 -8 -8 -9 -7 -9 -7 -9 -7 -9 -7 -10 -7 -9 -7 -10 -7 -10 -6 -10 -7 -10 -6 -10 -6 -10 -6 -11 -6 -10 -6 -10 -6 -11 -6 -11 -5 0 0 0 0 0 0 0 0 0 0
1784740933.967540,56171,-44,11,1,7,1,-95,1,655470707,128,0 0 0 0 0 0 0 0 0 0 0 0 -10 -4 -10 -4 -10 -5 -10 -6 -10 -6 -10 -6 -10 -6 -10 -7 -10 -7 -10 -8 -10 -8 -10 -8 -10 -9 -10 -9 -10 -9 -10 -10 -10 -10 -9 -10 -9 -10 -9 -10 -9 -10 -9 -10 -9 -9 -9 -10 -8 -9 -9 -9 0 0 -9 -9 -9 -8 -9 -8 -9 -8 -9 -7 -9 -7 -9 -7 -10 -7 -10 -6 -10 -6 -10 -6 -10 -6 -10 -5 -11 -5 -11 -5 -11 -5 -11 -5 -11 -5 -12 -4 -12 -4 -12 -4 -12 -3 -12 -3 -12 -4 -12 -3 -12 -3 0 0 0 0 0 0 0 0 0 0
1784740933.971660,56172,-45,11,1,7,1,-95,1,655483562,128,0 0 0 0 0 0 0 0 0 0 0 0 -9 -2 -9 -3 -9 -3 -9 -4 -9 -4 -9 -5 -9 -5 -9 -6 -9 -6 -9 -6 -9 -7 -9 -7 -9 -8 -9 -8 -9 -8 -8 -8 -9 -8 -8 -8 -8 -9 -8 -8 -8 -8 -8 -8 -8 -8 -7 -8 -7 -8 -7 -8 0 0 -7 -8 -7 -7 -8 -7 -8 -7 -8 -6 -8 -6 -8 -6 -8 -6 -8 -6 -9 -5 -9 -5 -9 -5 -9 -5 -10 -5 -10 -4 -11 -5 -10 -4 -11 -4 -11 -4 -11 -4 -12 -4 -12 -4 -12 -4 -12 -4 -12 -4 -13 -4 0 0 0 0 0 0 0 0 0 0
1784740933.987474,56173,-45,11,1,7,1,-95,1,655490620,128,0 0 0 0 0 0 0 0 0 0 0 0 7 3 8 3 7 4 7 4 7 5 7 5 7 5 7 5 7 6 7 6 6 6 7 7 6 7 6 7 7 7 5 7 6 8 5 7 6 8 5 7 6 7 5 7 5 7 5 7 5 7 6 7 0 0 6 7 5 6 6 7 6 6 6 6 7 6 7 6 7 5 7 6 8 5 8 5 8 5 9 5 9 6 9 5 10 6 9 5 10 5 10 5 11 5 11 5 11 5 11 5 11 6 12 6 12 6 0 0 0 0 0 0 0 0 0 0
1784740933.987474,56174,-47,11,1,7,1,-95,1,655502261,128,0 0 0 0 0 0 0 0 0 0 0 0 -1 9 -1 9 -2 9 -3 9 -3 8 -3 9 -3 8 -4 9 -4 9 -4 9 -4 9 -4 9 -5 9 -5 9 -5 9 -5 9 -5 9 -5 9 -5 9 -5 9 -5 9 -5 9 -5 9 -5 9 -5 9 -4 10 0 0 -4 10 -4 10 -4 10 -4 10 -3 10 -4 10 -3 10 -3 11 -3 11 -3 11 -3 11 -3 12 -3 12 -2 13 -2 12 -2 13 -2 12 -2 13 -2 13 -2 13 -2 14 -2 14 -2 13 -2 14 -2 14 -2 14 0 0 0 0 0 0 0 0 0 0
1784740934.005795,56175,-47,11,1,7,1,-95,1,655510657,128,0 0 0 0 0 0 0 0 0 0 0 0 -8 -3 -8 -4 -8 -4 -8 -5 -8 -5 -8 -5 -8 -5 -8 -6 -8 -6 -8 -6 -8 -7 -8 -7 -8 -7 -8 -8 -8 -8 -8 -8 -8 -8 -8 -8 -8 -9 -8 -8 -8 -8 -8 -8 -7 -8 -7 -9 -7 -9 -8 -9 0 0 -8 -9 -7 -8 -8 -9 -8 -8 -8 -8 -8 -8 -8 -8 -9 -8 -9 -8 -9 -8 -9 -8 -9 -7 -9 -8 -10 -8 -10 -7 -10 -8 -10 -8 -10 -8 -10 -7 -10 -7 -10 -7 -11 -7 -10 -7 -11 -8 -11 -7 -11 -8 0 0 0 0 0 0 0 0 0 0
1784740934.005795,56176,-48,11,1,7,1,-95,1,655522131,128,0 0 0 0 0 0 0 0 0 0 0 0 -7 4 -8 4 -9 4 -8 3 -9 3 -9 3 -10 3 -10 2 -10 2 -11 1 -11 1 -11 1 -11 0 -11 0 -11 0 -12 0 -11 0 -12 -1 -11 -1 -11 -1 -11 0 -11 0 -11 -1 -10 -1 -10 -1 -10 -1 0 0 -10 0 -10 1 -10 1 -10 1 -10 2 -10 2 -10 2 -10 3 -10 3 -11 4 -10 4 -10 4 -10 4 -11 4 -11 6 -11 5 -12 6 -11 6 -11 6 -12 6 -12 6 -12 7 -12 7 -13 6 -13 7 -12 7 0 0 0 0 0 0 0 0 0 0
1784740934.019810,56177,-47,11,1,7,1,-95,1,655530663,128,0 0 0 0 0 0 0 0 0 0 0 0 -9 -3 -8 -3 -9 -4 -8 -4 -9 -5 -8 -5 -9 -6 -9 -6 -9 -6 -9 -7 -8 -7 -8 -8 -8 -8 -8 -8 -8 -7 -8 -8 -7 -7 -8 -8 -7 -7 -8 -7 -8 -7 -7 -7 -8 -7 -7 -7 -7 -7 -8 -6 0 0 -8 -6 -9 -6 -8 -6 -10 -6 -9 -5 -10 -5 -10 -5 -11 -4 -11 -4 -12 -4 -12 -5 -12 -5 -12 -4 -12 -4 -13 -4 -13 -4 -14 -5 -14 -4 -14 -4 -15 -4 -14 -4 -15 -4 -15 -5 -15 -5 -15 -5 -15 -4 0 0 0 0 0 0 0 0 0 0
1784740934.038798,56178,-47,11,1,7,1,-95,1,655541991,128,0 0 0 0 0 0 0 0 0 0 0 0 -6 6 -6 5 -7 5 -7 5 -7 5 -8 5 -7 4 -8 5 -8 4 -8 4 -8 5 -8 4 -8 4 -9 4 -9 4 -9 4 -9 4 -9 4 -9 4 -9 4 -9 4 -9 4 -9 4 -9 4 -9 5 -9 5 0 0 -9 5 -9 5 -10 5 -9 5 -9 6 -9 6 -9 6 -9 7 -10 7 -9 8 -9 8 -9 8 -10 8 -11 8 -10 8 -11 9 -11 8 -11 9 -11 9 -11 9 -11 9 -12 9 -11 9 -12 9 -12 9 -12 9 0 0 0 0 0 0 0 0 0 0
1784740934.038798,56179,-47,11,1,7,1,-95,1,655550647,128,0 0 0 0 0 0 0 0 0 0 0 0 -5 5 -6 5 -6 4 -7 4 -7 4 -7 4 -7 4 -8 4 -8 4 -8 4 -8 4 -9 4 -9 4 -9 4 -10 4 -10 3 -10 3 -10 3 -10 3 -10 3 -11 3 -11 3 -10 3 -10 3 -10 3 -11 3 0 0 -11 3 -10 3 -11 3 -10 4 -10 4 -10 4 -10 4 -10 4 -11 4 -10 5 -10 6 -10 6 -10 6 -11 6 -11 6 -11 6 -11 6 -11 7 -11 7 -11 7 -11 7 -12 7 -11 7 -11 8 -12 8 -12 8 0 0 0 0 0 0 0 0 0 0
1784740934.051458,56180,-47,11,1,7,1,-95,1,655560735,128,0 0 0 0 0 0 0 0 0 0 0 0 -5 5 -5 5 -6 5 -6 5 -7 5 -7 5 -7 5 -8 4 -8 5 -8 4 -9 3 -9 3 -9 3 -9 3 -9 3 -9 3 -9 3 -10 3 -9 3 -9 3 -9 3 -9 3 -9 3 -9 2 -9 2 -9 3 0 0 -9 3 -9 4 -8 3 -9 4 -8 4 -9 4 -8 5 -9 5 -8 5 -9 6 -9 6 -9 6 -9 6 -9 6 -9 8 -9 7 -10 7 -10 7 -9 8 -10 8 -10 8 -10 9 -11 8 -11 8 -11 8 -10 9 0 0 0 0 0 0 0 0 0 0
1784740934.067525,56181,-48,11,1,7,1,-95,1,655570701,128,0 0 0 0 0 0 0 0 0 0 0 0 -6 5 -6 5 -7 4 -8 4 -7 3 -8 4 -8 3 -8 3 -9 3 -8 3 -8 3 -9 3 -9 3 -9 2 -9 3 -8 2 -9 2 -8 2 -9 3 -8 3 -8 3 -9 3 -8 3 -8 3 -9 4 -9 4 0 0 -9 5 -9 5 -9 5 -9 5 -9 6 -9 6 -9 6 -10 7 -10 7 -10 7 -10 7 -10 8 -11 8 -11 8 -11 8 -12 8 -11 8 -11 8 -12 9 -12 9 -11 9 -12 8 -11 9 -11 8 -11 9 -12 9 0 0 0 0 0 0 0 0 0 0
1784740934.083541,56182,-47,11,1,7,1,-95,1,655580639,128,0 0 0 0 0 0 0 0 0 0 0 0 -2 -7 -2 -7 -2 -8 -1 -7 -1 -8 -1 -8 -1 -8 -1 -8 -1 -8 -1 -8 0 -8 -1 -8 0 -8 0 -8 0 -9 0 -9 0 -9 0 -9 0 -9 0 -9 0 -10 0 -10 0 -10 0 -10 0 -10 0 -11 0 0 0 -11 0 -11 0 -11 0 -12 -1 -11 0 -12 0 -12 -1 -12 0 -13 -1 -13 -1 -13 -1 -13 -1 -13 0 -14 0 -13 0 -14 0 -14 0 -14 0 -14 0 -14 0 -14 0 -14 0 -14 0 -14 0 -14 0 -14 0 0 0 0 0 0 0 0 0 0
1784740934.083541,56183,-45,11,1,7,1,-95,1,655590700,128,0 0 0 0 0 0 0 0 0 0 0 0 5 -4 6 -3 6 -3 6 -3 7 -3 7 -3 7 -3 7 -3 7 -2 8 -2 8 -2 8 -2 9 -1 9 -1 9 -1 9 -1 9 -1 10 -1 10 -1 10 -1 10 -1 10 -1 10 -1 10 -1 10 -1 10 -1 0 0 10 -1 10 -2 10 -1 11 -2 11 -2 11 -2 11 -2 12 -2 11 -3 12 -3 12 -3 12 -3 12 -3 12 -3 13 -4 13 -4 13 -4 13 -4 13 -4 14 -4 13 -4 13 -4 14 -4 14 -3 14 -3 14 -4 0 0 0 0 0 0 0 0 0 0
1784740934.083541,56184,-45,11,1,7,1,-95,1,655600735,128,0 0 0 0 0 0 0 0 0 0 0 0 -4 6 -4 6 -5 5 -5 6 -5 5 -6 5 -6 5 -6 5 -6 5 -6 5 -6 5 -7 5 -7 5 -7 5 -7 5 -7 5 -7 5 -7 5 -7 5 -7 5 -7 5 -8 5 -7 5 -7 5 -7 6 -7 6 0 0 -7 7 -7 6 -8 7 -7 7 -7 7 -7 7 -8 8 -8 8 -8 8 -8 9 -8 9 -8 9 -8 9 -9 10 -8 9 -9 10 -9 10 -9 10 -9 11 -10 11 -9 11 -10 11 -9 10 -10 11 -10 11 -10 11 0 0 0 0 0 0 0 0 0 0
1784740934.105019,56185,-45,11,1,7,1,-95,1,655610632,128,0 0 0 0 0 0 0 0 0 0 0 0 6 2 6 2 6 3 5 3 5 3 5 3 5 4 5 4 5 4 5 4 5 4 5 4 6 4 5 4 5 4 5 4 6 4 6 4 6 5 6 4 7 4 7 4 7 4 7 4 7 4 8 4 0 0 8 5 8 5 8 5 9 5 9 4 9 5 9 5 10 5 10 5 11 5 10 5 11 5 11 5 11 5 11 6 11 6 12 6 12 6 12 6 12 6 12 6 12 7 12 6 12 7 12 7 12 7 0 0 0 0 0 0 0 0 0 0
1784740934.116052,56186,-45,11,1,7,1,-95,1,655621683,128,0 0 0 0 0 0 0 0 0 0 0 0 -6 3 -6 3 -6 2 -7 2 -6 2 -7 2 -7 2 -7 2 -7 1 -7 1 -7 1 -8 1 -8 1 -8 1 -8 1 -8 1 -9 1 -8 1 -9 1 -9 1 -9 1 -9 1 -9 1 -9 1 -10 1 -10 1 0 0 -11 1 -10 1 -11 2 -10 2 -11 2 -11 2 -11 2 -11 2 -12 2 -12 2 -12 3 -12 3 -12 3 -13 3 -12 3 -13 3 -12 3 -13 3 -13 3 -14 3 -14 3 -14 3 -14 3 -14 3 -14 4 -15 4 0 0 0 0 0 0 0 0 0 0
1784740934.116052,56187,-45,11,1,7,1,-95,1,655630614,128,0 0 0 0 0 0 0 0 0 0 0 0 6 2 6 2 6 3 6 3 5 3 6 4 5 4 6 4 6 4 5 5 6 5 6 5 5 5 6 5 6 6 5 5 6 6 5 5 6 6 6 6 6 6 6 6 6 5 6 5 6 5 7 6 0 0 7 6 7 5 7 6 7 5 8 5 8 5 8 5 9 5 9 6 9 5 10 5 10 5 10 5 11 6 11 6 11 6 11 6 12 6 12 6 12 6 12 6 13 7 12 6 13 7 13 7 13 7 0 0 0 0 0 0 0 0 0 0
1784740934.131799,56188,-44,11,1,7,1,-95,1,655642376,128,0 0 0 0 0 0 0 0 0 0 0 0 -8 0 -9 -1 -9 -1 -9 -2 -8 -2 -9 -2 -9 -2 -9 -2 -9 -3 -9 -3 -9 -3 -9 -3 -9 -3 -9 -3 -9 -3 -9 -3 -9 -3 -9 -3 -9 -3 -9 -3 -9 -3 -9 -3 -9 -2 -9 -2 -9 -3 -10 -2 0 0 -10 -2 -10 -2 -10 -2 -11 -1 -11 -1 -11 -1 -11 -1 -11 -1 -12 -1 -12 0 -13 0 -13 0 -13 0 -14 0 -14 0 -15 0 -14 0 -15 0 -15 0 -15 0 -16 0 -16 0 -16 0 -16 -1 -17 -1 -17 0 0 0 0 0 0 0 0 0 0 0
1784740934.147663,56189,-44,11,1,7,1,-95,1,655650713,128,0 0 0 0 0 0 0 0 0 0 0 0 -8 -4 -8 -5 -8 -5 -8 -6 -7 -6 -7 -6 -7 -6 -7 -6 -7 -6 -7 -7 -6 -7 -6 -7 -6 -7 -6 -7 -7 -7 -7 -7 -7 -7 -7 -7 -7 -7 -7 -7 -7 -7 -7 -7 -7 -7 -7 -7 -7 -7 -7 -7 0 0 -8 -7 -8 -6 -9 -6 -9 -6 -9 -6 -9 -6 -9 -6 -10 -6 -10 -6 -11 -6 -11 -7 -11 -6 -11 -6 -12 -7 -12 -6 -13 -6 -12 -7 -13 -7 -13 -6 -13 -7 -13 -7 -13 -7 -13 -7 -14 -8 -13 -8 -14 -8 0 0 0 0 0 0 0 0 0 0
1784740934.147663,56190,-44,11,1,7,1,-95,1,655661649,128,0 0 0 0 0 0 0 0 0 0 0 0 -8 4 -8 3 -9 2 -8 2 -9 2 -9 1 -9 2 -9 1 -9 1 -9 1 -9 1 -9 0 -9 0 -9 0 -9 0 -10 0 -9 0 -10 0 -9 0 -9 0 -9 0 -9 0 -9 0 -9 0 -9 0 -9 1 0 0 -9 1 -10 2 -9 2 -10 2 -9 2 -10 2 -10 3 -10 3 -10 3 -11 4 -11 4 -11 4 -11 4 -11 4 -12 5 -11 5 -12 5 -12 5 -12 6 -12 6 -12 6 -13 6 -13 6 -13 5 -13 5 -13 6 0 0 0 0 0 0 0 0 0 0
1784740934.166037,56191,-43,11,1,7,1,-95,1,655670723,128,0 0 0 0 0 0 0 0 0 0 0 0 -3 6 -3 6 -4 6 -4 6 -5 6 -4 5 -5 6 -5 6 -5 6 -6 6 -6 5 -6 5 -6 5 -6 5 -5 5 -6 6 -6 5 -6 6 -5 6 -5 6 -5 6 -5 6 -5 6 -5 6 -5 6 -5 7 0 0 -5 7 -5 8 -5 7 -5 8 -4 8 -5 8 -4 9 -4 9 -4 10 -4 11 -5 10 -4 10 -5 11 -4 11 -4 12 -4 12 -5 13 -5 12 -4 13 -4 14 -4 13 -4 14 -5 14 -6 13 -6 14 -6 14 0 0 0 0 0 0 0 0 0 0
1784740934.179960,56192,-44,11,1,7,1,-95,1,655681983,128,0 0 0 0 0 0 0 0 0 0 0 0 -5 -6 -5 -6 -5 -7 -5 -7 -5 -7 -4 -7 -4 -7 -4 -7 -4 -7 -4 -8 -4 -8 -4 -8 -4 -8 -3 -8 -4 -8 -4 -8 -4 -8 -5 -8 -4 -8 -5 -8 -5 -8 -5 -8 -5 -9 -5 -9 -5 -9 -5 -9 0 0 -6 -9 -6 -9 -6 -9 -7 -10 -7 -9 -7 -10 -8 -9 -8 -10 -8 -10 -9 -10 -8 -11 -8 -10 -8 -11 -9 -10 -10 -11 -9 -11 -10 -12 -10 -11 -10 -11 -11 -12 -10 -12 -11 -12 -10 -13 -10 -13 -10 -13 -10 -13 0 0 0 0 0 0 0 0 0 0
1784740934.179960,56193,-44,11,1,7,1,-95,1,655690723,128,0 0 0 0 0 0 0 0 0 0 0 0 0 -9 1 -9 2 -9 2 -9 3 -9 3 -9 3 -8 3 -9 4 -8 3 -8 3 -8 4 -8 4 -9 4 -8 4 -9 5 -8 5 -8 4 -9 4 -8 5 -8 5 -9 5 -8 4 -9 4 -9 4 -9 4 -9 0 0 4 -10 4 -10 4 -10 4 -10 4 -10 4 -10 4 -11 4 -11 4 -11 3 -12 3 -12 3 -12 3 -13 3 -13 4 -13 4 -13 4 -13 4 -13 4 -14 4 -14 4 -14 5 -14 4 -14 4 -14 4 -14 4 -14 0 0 0 0 0 0 0 0 0 0
1784740934.197757,56194,-45,11,1,7,1,-95,1,655700986,128,0 0 0 0 0 0 0 0 0 0 0 0 -7 -8 -6 -9 -6 -9 -5 -9 -5 -9 -4 -9 -5 -10 -4 -10 -4 -10 -3 -10 -3 -10 -3 -11 -3 -10 -2 -10 -3 -10 -3 -11 -3 -10 -3 -11 -3 -10 -3 -10 -3 -10 -3 -10 -3 -10 -3 -10 -3 -10 -3 -10 0 0 -4 -10 -4 -10 -4 -9 -5 -10 -5 -9 -5 -9 -6 -9 -6 -10 -6 -9 -7 -10 -7 -10 -7 -10 -7 -10 -7 -10 -8 -10 -8 -10 -8 -11 -8 -11 -9 -10 -9 -11 -9 -11 -10 -11 -9 -11 -9 -11 -9 -12 -9 -11 0 0 0 0 0 0 0 0 0 0
1784740934.197757,56195,-45,11,1,6,1,-95,1,655713717,128,0 0 0 0 0 0 0 0 0 0 0 0 3 -7 4 -7 5 -7 5 -7 5 -7 5 -6 5 -6 6 -6 6 -6 6 -6 6 -6 6 -6 6 -6 6 -6 6 -6 6 -6 6 -6 6 -6 7 -6 7 -6 6 -7 6 -6 6 -7 6 -7 6 -7 6 -7 0 0 7 -8 7 -8 7 -8 6 -8 6 -8 6 -9 6 -9 6 -9 7 -10 6 -10 6 -11 6 -11 7 -11 7 -12 7 -11 7 -12 7 -12 7 -12 7 -12 8 -12 8 -13 8 -13 8 -13 8 -13 8 -13 8 -13 0 0 0 0 0 0 0 0 0 0
1784740934.211686,56196,-44,11,1,7,1,-95,1,655720705,128,0 0 0 0 0 0 0 0 0 0 0 0 5 4 4 5 4 5 4 5 4 6 4 6 3 6 3 6 3 6 3 6 3 6 3 7 3 7 3 7 3 7 3 7 3 8 3 7 3 7 3 7 3 8 3 8 4 8 3 8 4 8 4 8 0 0 4 8 4 8 4 8 4 8 5 8 5 8 5 8 5 8 5 9 6 9 6 9 7 9 7 9 7 9 7 10 7 10 7 10 7 10 7 11 8 11 8 11 8 11 8 11 8 11 8 11 8 12 0 0 0 0 0 0 0 0 0 0
1784740934.227783,56197,-45,11,1,7,1,-95,1,655730730,128,0 0 0 0 0 0 0 0 0 0 0 0 -7 3 -8 3 -8 2 -9 2 -9 2 -9 2 -9 2 -9 1 -9 1 -9 1 -9 0 -9 0 -9 0 -9 0 -9 0 -10 0 -10 0 -10 0 -10 0 -10 0 -10 0 -9 0 -10 0 -9 0 -10 0 -10 0 0 0 -10 1 -10 1 -10 1 -10 2 -10 2 -10 2 -10 3 -10 3 -10 3 -11 4 -11 4 -11 4 -11 4 -11 4 -12 5 -12 5 -13 5 -13 5 -13 5 -13 6 -13 5 -13 6 -14 5 -14 5 -14 5 -14 5 0 0 0 0 0 0 0 0 0 0
1784740934.227783,56198,-45,11,1,7,1,-95,1,655740722,128,0 0 0 0 0 0 0 0 0 0 0 0 -4 7 -5 7 -5 6 -6 6 -6 6 -6 6 -6 6 -7 6 -7 6 -7 5 -7 5 -7 5 -7 5 -8 5 -8 6 -8 5 -8 5 -7 5 -8 5 -7 5 -7 6 -7 5 -7 6 -7 6 -7 6 -7 6 0 0 -7 7 -6 7 -7 7 -6 7 -6 8 -6 8 -6 8 -6 9 -6 9 -6 10 -6 10 -6 10 -6 10 -6 11 -6 11 -6 12 -6 11 -6 12 -6 12 -6 13 -6 13 -7 13 -6 13 -7 13 -7 13 -7 13 0 0 0 0 0 0 0 0 0 0
1784740934.243590,56199,-45,11,1,7,1,-95,1,655750682,128,0 0 0 0 0 0 0 0 0 0 0 0 5 -5 6 -5 6 -5 6 -5 6 -4 7 -4 7 -4 7 -4 7 -4 7 -4 7 -3 8 -4 8 -3 8 -3 8 -3 8 -3 8 -3 8 -3 8 -3 8 -3 8 -3 8 -3 9 -3 8 -3 8 -3 9 -3 0 0 9 -4 9 -4 9 -4 9 -4 8 -4 9 -5 9 -5 9 -5 9 -5 9 -6 9 -6 9 -6 10 -6 10 -6 10 -7 11 -7 10 -7 11 -7 11 -7 11 -7 11 -8 11 -7 11 -7 12 -7 12 -8 12 -8 0 0 0 0 0 0 0 0 0 0
1784740934.243590,56200,-46,11,1,7,1,-95,1,655760641,128,0 0 0 0 0 0 0 0 0 0 0 0 -8 -2 -8 -2 -8 -3 -9 -3 -8 -4 -9 -4 -8 -4 -9 -5 -8 -5 -8 -5 -8 -5 -8 -6 -8 -6 -8 -6 -9 -6 -8 -7 -8 -7 -8 -7 -8 -7 -8 -7 -8 -7 -8 -7 -8 -7 -8 -7 -8 -7 -8 -7 0 0 -8 -7 -8 -7 -8 -7 -8 -7 -9 -6 -9 -6 -9 -6 -9 -6 -9 -6 -10 -6 -10 -6 -10 -5 -11 -5 -11 -6 -11 -5 -12 -6 -11 -6 -12 -6 -12 -6 -12 -5 -13 -6 -13 -6 -13 -6 -13 -6 -13 -6 -14 -6 0 0 0 0 0 0 0 0 0 0
1784740934.268122,56201,-46,11,1,7,1,-95,1,655770666,128,0 0 0 0 0 0 0 0 0 0 0 0 -1 -10 -1 -10 0 -10 1 -10 1 -10 1 -11 1 -11 2 -11 2 -11 2 -11 3 -11 3 -11 3 -11 4 -11 3 -11 4 -10 4 -11 4 -11 4 -11 4 -11 4 -11 4 -11 4 -10 4 -10 4 -10 4 -10 0 0 3 -10 3 -10 3 -10 2 -10 2 -10 2 -11 2 -11 1 -11 1 -11 1 -11 1 -12 0 -12 0 -12 0 -12 0 -12 0 -13 0 -13 -1 -13 -1 -13 -1 -14 -1 -14 -1 -14 -1 -14 -1 -14 -1 -14 -2 -15 0 0 0 0 0 0 0 0 0 0
1784740934.277839,56202,-45,11,1,7,1,-95,1,655780620,128,0 0 0 0 0 0 0 0 0 0 0 0 4 -9 5 -9 6 -9 6 -8 6 -8 6 -8 7 -8 7 -8 7 -8 8 -7 8 -7 8 -7 8 -7 9 -7 9 -7 9 -7 9 -7 9 -7 9 -7 9 -7 9 -7 9 -7 9 -7 9 -6 9 -6 9 -7 0 0 8 -7 8 -7 8 -7 8 -8 8 -8 8 -8 7 -8 7 -9 7 -9 7 -9 8 -9 7 -9 7 -9 7 -10 7 -11 7 -11 7 -11 7 -11 7 -11 7 -12 7 -12 7 -12 7 -12 8 -12 8 -12 8 -12 0 0 0 0 0 0 0 0 0 0
1784740934.279535,56203,-45,11,1,7,1,-95,1,655790748,128,0 0 0 0 0 0 0 0 0 0 0 0 -7 -6 -7 -6 -6 -7 -6 -7 -6 -7 -6 -8 -5 -8 -5 -8 -5 -8 -5 -8 -5 -9 -5 -9 -5 -9 -5 -9 -5 -9 -4 -9 -5 -10 -5 -10 -5 -10 -4 -10 -5 -10 -5 -10 -5 -10 -4 -10 -4 -10 -5 -10 0 0 -5 -10 -5 -10 -5 -10 -5 -10 -5 -10 -5 -10 -6 -10 -6 -10 -6 -10 -7 -10 -7 -10 -7 -10 -7 -10 -7 -11 -7 -11 -8 -11 -8 -11 -8 -11 -8 -11 -9 -11 -8 -12 -9 -12 -8 -11 -8 -12 -9 -12 -9 -12 0 0 0 0 0 0 0 0 0 0
1784740934.291581,56204,-45,11,1,7,1,-95,1,655800676,128,0 0 0 0 0 0 0 0 0 0 0 0 -2 -7 -2 -8 -2 -8 -1 -8 -1 -8 -1 -9 0 -8 0 -9 0 -9 0 -8 0 -9 0 -9 0 -9 0 -9 0 -9 1 -9 1 -10 1 -10 1 -10 1 -10 0 -10 1 -10 0 -10 1 -10 0 -10 0 -11 0 0 0 -11 0 -10 0 -11 0 -10 0 -11 0 -11 0 -11 -1 -11 0 -12 -2 -12 -2 -12 -2 -12 -2 -13 -2 -13 -2 -13 -2 -14 -2 -13 -2 -14 -2 -14 -2 -14 -2 -14 -2 -15 -2 -14 -2 -14 -2 -15 -2 -15 0 0 0 0 0 0 0 0 0 0
1784740934.307343,56205,-45,11,1,7,1,-95,1,655810675,128,0 0 0 0 0 0 0 0 0 0 0 0 5 5 4 5 4 6 4 6 4 6 4 6 4 6 4 6 4 6 3 7 3 7 3 8 3 7 3 7 3 7 3 8 3 8 3 8 3 8 3 8 3 8 3 8 3 9 3 9 3 9 3 9 0 0 4 9 4 9 4 8 4 9 4 8 5 9 5 9 5 9 5 9 6 10 5 10 6 9 6 9 6 9 7 10 7 9 7 10 7 10 7 10 8 10 8 10 8 10 8 11 7 11 7 11 7 11 0 0 0 0 0 0 0 0 0 0
1784740934.307343,56206,-45,11,1,7,1,-95,1,655820664,128,0 0 0 0 0 0 0 0 0 0 0 0 -2 6 -3 7 -3 6 -4 7 -4 6 -4 7 -4 6 -4 7 -5 6 -5 7 -5 6 -5 7 -5 7 -6 7 -6 7 -6 7 -6 7 -6 7 -7 8 -7 7 -7 8 -7 8 -7 8 -7 7 -7 8 -8 8 0 0 -8 8 -7 8 -8 8 -7 8 -7 8 -7 8 -7 9 -7 9 -7 9 -7 9 -8 9 -7 9 -7 10 -8 10 -7 10 -8 11 -7 10 -8 11 -7 11 -7 11 -7 11 -7 12 -7 11 -8 11 -8 11 -8 12 0 0 0 0 0 0 0 0 0 0
1784740934.327467,56207,-46,11,1,7,1,-95,1,655830735,128,0 0 0 0 0 0 0 0 0 0 0 0 0 -9 0 -9 1 -9 1 -9 2 -9 2 -9 2 -9 2 -9 3 -9 3 -9 2 -9 3 -9 3 -9 3 -10 3 -10 4 -9 4 -10 4 -10 4 -10 4 -10 4 -10 4 -10 4 -11 4 -11 4 -11 4 -11 0 0 4 -11 4 -11 5 -11 4 -11 4 -11 4 -11 4 -12 3 -12 4 -12 3 -12 3 -12 3 -13 3 -13 3 -13 3 -13 3 -13 3 -13 3 -14 3 -14 3 -14 3 -14 3 -14 3 -14 3 -15 3 -15 3 -15 0 0 0 0 0 0 0 0 0 0
1784740934.327467,56208,-45,11,1,7,1,-95,1,655840620,128,0 0 0 0 0 0 0 0 0 0 0 0 -9 -1 -9 -2 -9 -2 -9 -2 -9 -3 -9 -3 -9 -3 -9 -3 -9 -3 -9 -4 -9 -4 -9 -4 -9 -4 -9 -5 -10 -4 -10 -5 -10 -4 -10 -5 -10 -5 -11 -5 -11 -5 -11 -5 -11 -5 -11 -5 -11 -6 -11 -6 0 0 -11 -5 -11 -5 -11 -5 -12 -5 -12 -5 -12 -5 -12 -4 -12 -5 -12 -5 -13 -5 -13 -5 -13 -5 -13 -5 -13 -4 -14 -4 -14 -4 -14 -4 -14 -4 -14 -4 -15 -4 -15 -4 -15 -4 -15 -5 -15 -5 -15 -5 -15 -5 0 0 0 0 0 0 0 0 0 0
1784740934.339089,56209,-44,11,1,7,1,-95,1,655850682,128,0 0 0 0 0 0 0 0 0 0 0 0 0 -9 0 -9 1 -9 1 -9 1 -9 2 -9 2 -9 2 -9 2 -9 3 -9 3 -9 3 -9 3 -9 4 -10 4 -10 4 -10 4 -10 4 -10 4 -10 4 -10 4 -10 4 -10 4 -10 5 -10 5 -10 5 -10 0 0 5 -11 4 -11 5 -11 4 -11 4 -11 4 -11 4 -11 4 -12 4 -12 4 -12 4 -12 3 -12 4 -12 4 -13 3 -13 3 -13 3 -13 3 -13 3 -13 3 -14 3 -14 3 -14 3 -14 4 -14 4 -14 4 -14 0 0 0 0 0 0 0 0 0 0
1784740934.357606,56210,-44,11,1,7,1,-95,1,655860692,128,0 0 0 0 0 0 0 0 0 0 0 0 2 7 2 8 1 8 1 8 1 8 1 9 0 9 0 9 0 9 0 9 0 9 -1 9 -1 9 -1 10 -1 10 -2 10 -2 10 -1 10 -2 10 -2 10 -1 10 -2 10 -1 10 -2 10 -2 10 -2 11 0 0 -2 11 -2 10 -2 11 -1 10 -1 10 -1 11 -1 11 -1 11 -1 11 0 11 0 11 1 11 0 11 1 12 0 11 1 12 1 12 1 12 1 12 2 12 2 12 1 12 2 12 2 12 2 12 2 13 0 0 0 0 0 0 0 0 0 0
1784740934.359214,56211,-44,11,1,7,1,-95,1,655870889,128,0 0 0 0 0 0 0 0 0 0 0 0 -7 5 -7 4 -8 4 -9 3 -9 3 -9 3 -9 3 -9 3 -9 3 -10 2 -10 2 -10 2 -10 2 -10 2 -10 2 -10 2 -11 2 -11 2 -11 2 -11 2 -11 2 -11 2 -11 1 -11 1 -11 1 -11 1 0 0 -11 2 -11 2 -11 2 -11 2 -11 2 -11 2 -11 3 -11 3 -11 3 -11 3 -11 3 -11 4 -11 4 -11 4 -11 5 -11 5 -11 5 -12 5 -12 5 -12 5 -12 6 -12 6 -12 6 -13 6 -12 6 -12 6 0 0 0 0 0 0 0 0 0 0
1784740934.371174,56212,-45,11,1,7,1,-95,1,655880705,128,0 0 0 0 0 0 0 0 0 0 0 0 -4 -9 -3 -9 -3 -9 -2 -9 -2 -9 -2 -10 -2 -10 -2 -10 -1 -10 -1 -10 -1 -10 -1 -11 0 -11 0 -11 0 -11 0 -11 0 -11 0 -11 0 -11 0 -12 0 -12 1 -12 0 -11 0 -12 0 -12 0 -12 0 0 0 -12 1 -12 0 -12 0 -12 0 -12 0 -12 -1 -12 -1 -12 -1 -12 -2 -12 -1 -13 -2 -12 -2 -13 -2 -13 -2 -12 -3 -13 -2 -13 -2 -13 -3 -13 -3 -13 -3 -14 -3 -14 -3 -13 -3 -14 -3 -14 -4 -14 0 0 0 0 0 0 0 0 0 0
1784740934.386964,56213,-44,11,1,7,1,-95,1,655892861,128,0 0 0 0 0 0 0 0 0 0 0 0 5 -7 6 -7 6 -6 7 -7 6 -6 7 -6 7 -6 7 -6 8 -6 8 -6 8 -6 8 -6 9 -6 9 -6 9 -6 9 -5 10 -6 9 -5 10 -5 10 -5 10 -5 10 -5 10 -5 10 -5 10 -5 11 -5 0 0 10 -5 10 -5 11 -5 10 -5 10 -5 10 -5 10 -5 10 -6 10 -6 10 -6 10 -6 10 -6 10 -6 10 -7 10 -7 11 -7 10 -7 10 -8 10 -8 10 -7 10 -8 10 -8 10 -8 11 -8 10 -8 11 -8 0 0 0 0 0 0 0 0 0 0
1784740934.386964,56214,-44,11,1,7,1,-95,1,655900730,128,0 0 0 0 0 0 0 0 0 0 0 0 -1 8 -2 8 -2 8 -3 8 -3 8 -3 8 -3 9 -4 8 -3 9 -4 8 -5 8 -5 9 -5 8 -5 9 -5 9 -5 9 -5 9 -6 9 -6 9 -6 9 -6 9 -6 9 -6 9 -7 9 -7 9 -7 9 0 0 -7 9 -6 9 -6 9 -6 10 -6 9 -6 9 -5 9 -5 10 -5 9 -5 10 -5 10 -5 10 -5 10 -5 10 -4 11 -4 11 -4 11 -4 11 -3 11 -3 12 -3 12 -3 12 -4 12 -4 12 -4 12 -3 12 0 0 0 0 0 0 0 0 0 0
1784740934.407777,56215,-44,11,1,7,1,-95,1,655910940,128,0 0 0 0 0 0 0 0 0 0 0 0 -8 4 -9 3 -9 3 -9 2 -10 2 -10 2 -10 1 -10 1 -11 1 -10 1 -10 1 -11 1 -11 0 -11 0 -11 0 -11 0 -11 0 -12 0 -11 -1 -12 -1 -12 -1 -12 -1 -12 -1 -11 -1 -12 -1 -11 -1 0 0 -12 -1 -11 -1 -11 -1 -12 0 -11 0 -11 0 -11 0 -11 1 -11 0 -11 1 -11 1 -12 2 -12 2 -12 2 -12 2 -12 2 -12 3 -12 3 -12 3 -13 3 -12 3 -12 3 -12 3 -13 3 -13 4 -13 4 0 0 0 0 0 0 0 0 0 0
1784740934.407777,56216,-44,11,1,7,1,-95,1,655920604,128,0 0 0 0 0 0 0 0 0 0 0 0 3 7 3 8 2 8 2 8 2 8 1 9 1 9 1 9 1 9 0 10 0 10 0 10 0 10 -1 10 0 10 -1 10 -1 10 -1 10 -1 10 -1 10 -1 10 -1 10 -1 11 -1 10 -1 10 -1 10 0 0 0 10 0 10 0 10 0 11 0 10 1 10 1 10 1 10 1 10 2 11 1 11 2 11 2 11 2 11 3 11 3 11 3 11 3 11 4 11 4 12 4 12 5 12 4 12 4 13 4 13 4 13 0 0 0 0 0 0 0 0 0 0
1784740934.418856,56217,-43,11,1,7,1,-95,1,655930737,128,0 0 0 0 0 0 0 0 0 0 0 0 -6 -6 -6 -7 -6 -7 -6 -8 -5 -8 -5 -9 -5 -8 -5 -9 -5 -9 -4 -9 -4 -9 -4 -9 -4 -10 -4 -10 -4 -10 -4 -10 -4 -11 -4 -10 -4 -11 -4 -11 -4 -11 -4 -11 -4 -10 -4 -11 -4 -11 -4 -11 0 0 -4 -11 -4 -11 -4 -11 -4 -11 -5 -11 -5 -11 -5 -11 -5 -11 -5 -11 -6 -11 -6 -11 -6 -11 -6 -11 -6 -12 -7 -11 -7 -12 -6 -11 -7 -12 -7 -12 -7 -12 -8 -12 -8 -12 -8 -12 -8 -12 -8 -12 -8 -13 0 0 0 0 0 0 0 0 0 0
1784740934.434760,56218,-43,11,1,7,1,-95,1,655940668,128,0 0 0 0 0 0 0 0 0 0 0 0 -7 -6 -6 -7 -6 -7 -6 -8 -5 -8 -5 -8 -5 -8 -5 -9 -5 -9 -5 -9 -5 -9 -5 -9 -5 -9 -5 -10 -5 -10 -5 -11 -5 -11 -5 -10 -5 -11 -4 -11 -5 -11 -4 -11 -5 -11 -4 -11 -5 -11 -5 -11 0 0 -5 -12 -5 -12 -5 -12 -5 -11 -5 -11 -5 -11 -5 -11 -5 -11 -6 -11 -6 -12 -6 -11 -6 -11 -6 -11 -7 -11 -7 -11 -7 -11 -7 -11 -7 -11 -7 -12 -7 -12 -8 -12 -8 -12 -8 -11 -8 -12 -9 -12 -9 -12 0 0 0 0 0 0 0 0 0 0
1784740934.434760,56219,-43,11,1,7,1,-95,1,655950695,128,0 0 0 0 0 0 0 0 0 0 0 0 -5 -8 -5 -8 -5 -9 -4 -9 -4 -10 -3 -9 -4 -10 -3 -10 -3 -10 -3 -11 -2 -11 -2 -11 -2 -11 -2 -11 -2 -11 -2 -12 -1 -11 -2 -12 -1 -12 -1 -12 -1 -12 -1 -12 -1 -13 0 -12 0 -12 0 -12 0 0 0 -12 0 -13 0 -12 -1 -13 -1 -11 -1 -12 -1 -12 -1 -12 -2 -12 -2 -12 -2 -12 -2 -12 -2 -12 -2 -12 -3 -13 -3 -12 -3 -13 -3 -13 -4 -13 -4 -13 -4 -13 -4 -13 -4 -13 -4 -13 -4 -13 -4 -13 0 0 0 0 0 0 0 0 0 0
1784740934.450809,56220,-44,11,1,7,1,-95,1,655960625,128,0 0 0 0 0 0 0 0 0 0 0 0 -2 -9 -2 -10 -1 -10 -1 -10 0 -10 0 -10 0 -10 0 -10 1 -10 1 -10 1 -11 1 -11 2 -11 2 -11 2 -11 3 -11 3 -12 3 -11 3 -11 3 -11 3 -11 3 -11 3 -11 3 -11 3 -11 3 -11 0 0 3 -11 3 -11 3 -11 3 -11 2 -11 3 -11 2 -11 2 -11 2 -11 1 -11 1 -11 1 -12 1 -12 1 -12 1 -12 1 -13 1 -12 0 -13 0 -13 0 -13 -1 -13 0 -14 -1 -13 0 -13 -1 -14 -1 -14 0 0 0 0 0 0 0 0 0 0
1784740934.466658,56221,-44,11,1,7,1,-95,1,655970694,128,0 0 0 0 0 0 0 0 0 0 0 0 -7 5 -8 4 -8 4 -9 4 -9 3 -9 3 -9 3 -9 3 -10 2 -10 2 -10 2 -10 2 -10 2 -10 2 -11 2 -11 1 -11 1 -11 1 -11 1 -11 1 -11 1 -11 0 -11 1 -11 1 -11 1 -11 1 0 0 -12 1 -11 1 -12 1 -11 1 -11 2 -12 1 -11 1 -12 2 -12 2 -12 3 -12 3 -12 3 -12 3 -12 3 -12 3 -13 3 -12 3 -13 4 -13 4 -13 3 -13 4 -13 4 -13 4 -13 4 -13 5 -13 5 0 0 0 0 0 0 0 0 0 0
1784740934.482549,56222,-43,11,1,7,1,-95,1,655984759,128,0 0 0 0 0 0 0 0 0 0 0 0 -5 -8 -4 -9 -4 -9 -3 -10 -3 -9 -3 -10 -3 -10 -3 -10 -2 -10 -2 -10 -2 -11 -2 -11 -2 -11 -2 -12 -2 -12 -1 -12 -1 -12 -1 -12 -1 -12 -1 -12 0 -12 0 -13 -1 -12 0 -12 0 -12 0 -12 0 0 -1 -13 -1 -12 0 -13 -1 -12 -1 -12 -1 -12 -1 -12 -1 -12 -2 -13 -2 -13 -2 -13 -3 -13 -3 -12 -2 -13 -3 -13 -3 -13 -3 -13 -3 -13 -4 -13 -4 -13 -4 -13 -4 -14 -4 -13 -4 -13 -4 -13 -4 -14 0 0 0 0 0 0 0 0 0 0
1784740934.482549,56223,-44,11,1,7,1,-95,1,655991591,128,0 0 0 0 0 0 0 0 0 0 0 0 -4 -8 -4 -9 -3 -10 -3 -10 -3 -10 -2 -10 -2 -11 -2 -11 -2 -11 -2 -11 -2 -12 -2 -12 -1 -12 -1 -12 -1 -12 0 -13 0 -13 0 -13 0 -13 1 -13 0 -13 1 -13 0 -13 1 -13 0 -13 1 -13 0 0 1 -13 0 -13 0 -12 0 -12 0 -12 0 -13 -1 -12 -1 -12 -1 -12 -2 -13 -2 -13 -2 -13 -2 -13 -3 -13 -3 -13 -3 -13 -3 -13 -3 -13 -3 -13 -4 -13 -4 -13 -4 -13 -4 -13 -4 -14 -4 -13 -4 -14 0 0 0 0 0 0 0 0 0 0
1784740934.482549,56224,-44,11,1,7,1,-95,1,656000687,128,0 0 0 0 0 0 0 0 0 0 0 0 1 -9 2 -9 3 -9 3 -9 3 -9 4 -9 4 -9 4 -9 5 -9 5 -9 5 -9 5 -10 5 -9 6 -9 6 -9 7 -9 7 -9 7 -9 7 -9 7 -9 7 -9 7 -9 7 -9 7 -9 7 -9 7 -9 0 0 7 -9 7 -9 7 -9 6 -9 6 -9 6 -9 6 -9 6 -10 6 -10 5 -10 5 -10 5 -11 5 -11 5 -11 5 -11 5 -12 5 -12 5 -12 5 -12 5 -13 5 -12 5 -13 4 -13 4 -13 4 -13 4 -13 0 0 0 0 0 0 0 0 0 0
1784740934.498759,56225,-44,11,1,7,1,-95,1,656011000,128,0 0 0 0 0 0 0 0 0 0 0 0 -8 2 -9 2 -9 1 -9 1 -9 1 -10 0 -10 0 -10 0 -10 0 -10 -1 -10 -1 -10 -1 -10 -2 -10 -1 -10 -1 -11 -2 -11 -2 -11 -2 -11 -2 -11 -2 -11 -2 -11 -1 -11 -2 -11 -2 -11 -2 -11 -2 0 0 -11 -1 -11 -1 -11 -1 -12 -1 -12 -1 -12 -1 -12 0 -12 -1 -12 0 -12 0 -13 0 -12 0 -12 0 -13 0 -13 1 -13 1 -14 1 -14 1 -14 1 -14 1 -14 1 -14 2 -14 1 -15 1 -14 1 -15 1 0 0 0 0 0 0 0 0 0 0
1784740934.514537,56226,-44,11,1,7,1,-95,1,656020712,128,0 0 0 0 0 0 0 0 0 0 0 0 -3 7 -4 7 -4 7 -5 7 -5 7 -5 7 -5 7 -5 7 -6 7 -6 7 -7 7 -7 7 -7 7 -7 7 -7 7 -7 7 -7 7 -7 7 -8 7 -7 7 -8 8 -8 7 -7 7 -7 7 -7 7 -8 8 0 0 -8 8 -8 8 -8 8 -7 8 -7 9 -7 9 -7 9 -7 9 -7 9 -7 10 -7 9 -7 10 -7 10 -7 11 -7 10 -7 11 -7 10 -7 11 -7 11 -7 11 -7 11 -7 11 -7 11 -7 11 -7 11 -7 11 0 0 0 0 0 0 0 0 0 0
1784740934.530737,56227,-44,11,1,7,1,-95,1,656031119,128,0 0 0 0 0 0 0 0 0 0 0 0 -8 2 -8 2 -9 1 -9 1 -9 1 -9 0 -10 0 -10 0 -10 0 -10 -1 -10 -1 -11 -1 -11 -1 -11 -2 -11 -1 -12 -2 -11 -2 -12 -2 -11 -2 -12 -2 -11 -2 -12 -2 -12 -2 -11 -2 -11 -3 -12 -2 0 0 -12 -2 -12 -2 -11 -2 -12 -2 -11 -1 -12 -1 -12 -1 -12 -1 -12 -1 -13 0 -12 0 -12 0 -12 0 -12 0 -13 1 -12 1 -13 1 -12 1 -12 1 -13 2 -12 2 -13 2 -13 2 -13 1 -13 2 -12 2 0 0 0 0 0 0 0 0 0 0
1784740934.536742,56228,-44,11,1,7,1,-95,1,656040610,128,0 0 0 0 0 0 0 0 0 0 0 0 0 8 -1 8 -1 8 -2 8 -2 9 -2 8 -3 9 -3 9 -3 9 -4 9 -4 9 -5 9 -5 9 -5 9 -5 9 -5 9 -6 9 -6 10 -6 9 -6 9 -6 9 -6 9 -7 9 -7 9 -6 8 -6 9 0 0 -6 9 -6 9 -6 8 -6 9 -5 9 -5 9 -5 9 -5 10 -4 9 -4 10 -5 10 -4 10 -4 10 -4 10 -3 11 -3 11 -3 11 -3 11 -3 11 -3 12 -3 11 -2 12 -3 12 -3 12 -3 12 -3 12 0 0 0 0 0 0 0 0 0 0
1784740934.546485,56229,-44,11,1,7,1,-95,1,656051863,128,0 0 0 0 0 0 0 0 0 0 0 0 -1 7 -2 8 -3 8 -3 8 -3 8 -4 8 -4 8 -4 8 -4 8 -5 8 -5 8 -5 8 -6 8 -6 8 -6 8 -6 8 -7 8 -7 8 -7 8 -7 8 -6 8 -7 8 -6 8 -7 8 -7 8 -7 8 0 0 -6 8 -6 9 -6 8 -6 9 -6 9 -6 9 -6 9 -6 10 -6 10 -5 10 -5 11 -5 11 -5 11 -5 11 -5 11 -5 11 -5 11 -5 12 -5 12 -5 13 -5 12 -5 13 -5 13 -5 13 -5 13 -5 13 0 0 0 0 0 0 0 0 0 0
1784740934.546485,56230,-44,11,1,7,1,-95,1,656060630,128,0 0 0 0 0 0 0 0 0 0 0 0 -4 7 -4 6 -5 6 -5 6 -6 6 -5 6 -5 7 -6 7 -6 6 -6 6 -7 6 -7 6 -7 6 -7 6 -8 6 -8 7 -8 6 -8 7 -8 7 -8 7 -8 7 -8 7 -8 7 -9 7 -8 7 -9 7 0 0 -9 7 -9 8 -9 7 -9 8 -8 8 -8 8 -8 9 -8 9 -8 9 -9 10 -9 9 -8 10 -9 10 -9 10 -9 10 -9 10 -9 10 -9 11 -9 11 -9 11 -9 11 -9 12 -9 11 -10 11 -10 11 -10 11 0 0 0 0 0 0 0 0 0 0
1784740934.562664,56231,-45,11,1,7,1,-95,1,656071283,128,0 0 0 0 0 0 0 0 0 0 0 0 0 7 0 7 0 7 -1 8 -1 7 -1 7 -1 8 -1 8 -1 8 -1 8 -2 8 -2 9 -2 9 -2 9 -2 10 -2 9 -3 10 -3 9 -3 10 -3 10 -3 10 -3 10 -3 10 -3 10 -4 10 -4 11 0 0 -4 11 -4 11 -4 11 -3 11 -3 11 -3 11 -3 11 -3 11 -3 11 -2 11 -2 11 -2 11 -3 12 -2 12 -2 11 -2 12 -2 12 -2 12 -2 12 -2 13 -2 13 -2 12 -2 12 -2 12 -2 12 -2 13 0 0 0 0 0 0 0 0 0 0
1784740934.578790,56232,-42,11,1,7,0,-95,1,656080678,128,0 0 0 0 0 0 0 0 0 0 0 0 6 -6 7 -6 7 -6 8 -6 8 -5 8 -5 8 -5 9 -5 9 -5 9 -5 10 -5 10 -5 11 -4 11 -4 11 -4 12 -3 11 -4 12 -3 12 -3 12 -3 12 -3 12 -3 12 -3 13 -3 13 -3 13 -3 0 0 13 -3 13 -2 13 -3 13 -3 13 -3 13 -3 13 -3 13 -3 13 -3 13 -4 13 -4 13 -4 13 -4 13 -4 14 -4 13 -4 14 -5 14 -5 14 -5 14 -5 14 -5 14 -5 14 -5 14 -5 14 -5 14 -6 0 0 0 0 0 0 0 0 0 0
1784740934.584818,56233,-45,11,1,7,1,-95,1,656090680,128,0 0 0 0 0 0 0 0 0 0 0 0 6 4 6 4 6 5 5 5 5 6 5 6 5 6 5 7 5 7 5 7 5 7 5 8 4 8 4 8 5 8 4 9 4 8 4 9 4 8 4 8 4 9 4 8 5 9 4 9 4 9 5 9 0 0 5 9 5 9 5 9 5 9 5 9 6 9 6 9 6 9 6 9 7 9 7 9 7 9 7 9 7 9 8 10 8 9 8 10 8 9 8 9 8 10 9 9 9 9 9 10 8 10 8 10 9 10 0 0 0 0 0 0 0 0 0 0
1784740934.594766,56234,-46,11,1,7,1,-95,1,656100601,128,0 0 0 0 0 0 0 0 0 0 0 0 2 -8 2 -8 3 -8 3 -8 4 -8 4 -8 4 -8 4 -8 5 -8 5 -8 5 -8 6 -8 6 -8 6 -8 6 -8 6 -8 6 -8 6 -8 6 -8 6 -8 6 -8 6 -8 6 -8 6 -8 6 -8 6 -9 0 0 6 -9 6 -9 6 -9 6 -10 6 -10 6 -10 6 -10 6 -11 6 -11 6 -11 6 -11 6 -11 6 -11 6 -11 5 -12 6 -12 6 -12 6 -12 6 -12 5 -13 6 -13 6 -13 6 -13 6 -12 6 -13 6 -13 0 0 0 0 0 0 0 0 0 0
1784740934.594766,56235,-47,11,1,7,1,-95,1,656110675,128,0 0 0 0 0 0 0 0 0 0 0 0 6 4 6 4 6 5 6 5 6 5 6 5 5 6 6 6 5 6 6 6 6 7 6 7 5 7 5 7 6 8 5 8 5 8 5 8 5 8 5 8 5 8 5 8 6 7 6 8 6 8 6 8 0 0 6 8 6 8 6 9 6 8 6 8 7 8 7 8 7 8 7 8 7 8 8 8 8 8 8 8 9 8 8 8 9 9 8 8 9 8 9 8 9 8 9 8 9 9 9 8 10 8 10 8 10 8 0 0 0 0 0 0 0 0 0 0
1784740934.610830,56236,-44,11,1,7,0,-95,1,656120946,128,0 0 0 0 0 0 0 0 0 0 0 0 -2 7 -3 7 -3 8 -4 7 -4 7 -4 8 -5 8 -5 8 -5 8 -6 8 -6 8 -6 8 -6 8 -6 8 -7 8 -7 8 -7 8 -7 8 -7 8 -7 8 -7 8 -7 8 -7 8 -7 8 -7 9 -7 9 0 0 -7 9 -7 9 -7 9 -7 10 -6 10 -6 10 -6 11 -6 11 -6 11 -6 12 -6 12 -6 12 -6 12 -6 13 -6 13 -6 13 -6 13 -6 14 -6 14 -6 14 -6 15 -6 14 -6 15 -7 15 -6 15 -7 15 0 0 0 0 0 0 0 0 0 0
1784740934.626780,56237,-47,11,1,7,1,-95,1,656130676,128,0 0 0 0 0 0 0 0 0 0 0 0 -6 -3 -6 -3 -6 -4 -7 -4 -6 -4 -6 -4 -6 -5 -6 -5 -7 -5 -7 -5 -6 -6 -6 -6 -7 -6 -6 -6 -7 -6 -7 -6 -7 -7 -7 -6 -7 -7 -7 -6 -7 -6 -7 -6 -8 -6 -8 -6 -8 -6 -8 -7 0 0 -9 -7 -9 -7 -9 -7 -9 -6 -10 -6 -10 -6 -10 -6 -11 -6 -11 -7 -11 -7 -11 -7 -12 -7 -12 -7 -12 -7 -12 -7 -13 -8 -13 -7 -13 -8 -13 -7 -14 -7 -14 -8 -14 -8 -14 -8 -14 -9 -14 -9 -14 -8 0 0 0 0 0 0 0 0 0 0
1784740934.643534,56238,-47,11,1,7,1,-95,1,656140603,128,0 0 0 0 0 0 0 0 0 0 0 0 5 -6 6 -5 6 -5 7 -4 7 -4 7 -4 7 -4 7 -4 8 -4 7 -4 8 -4 8 -4 8 -4 8 -4 8 -4 8 -4 9 -4 9 -4 9 -4 9 -3 9 -4 9 -4 9 -4 9 -4 9 -4 9 -5 0 0 9 -5 9 -5 10 -5 9 -5 9 -6 10 -6 10 -6 10 -6 10 -6 10 -7 10 -7 11 -8 11 -8 11 -8 11 -8 12 -8 12 -8 12 -8 13 -8 13 -8 12 -8 13 -8 12 -8 13 -8 13 -8 13 -8 0 0 0 0 0 0 0 0 0 0
1784740934.643534,56239,-49,11,1,7,1,-95,1,656150623,128,0 0 0 0 0 0 0 0 0 0 0 0 -6 -8 -6 -9 -5 -9 -5 -9 -5 -9 -4 -9 -4 -9 -4 -10 -4 -9 -3 -10 -3 -10 -3 -10 -3 -10 -3 -10 -3 -10 -3 -10 -3 -10 -3 -10 -3 -9 -3 -10 -3 -9 -3 -9 -3 -10 -3 -9 -3 -9 -4 -9 0 0 -4 -9 -5 -9 -5 -9 -5 -9 -5 -9 -6 -9 -6 -9 -6 -9 -6 -9 -7 -10 -7 -10 -7 -10 -7 -10 -7 -10 -8 -10 -8 -10 -8 -11 -8 -10 -8 -10 -9 -10 -8 -11 -9 -10 -8 -11 -8 -11 -8 -11 -8 -11 0 0 0 0 0 0 0 0 0 0
1784740934.659099,56240,-49,11,1,6,1,-95,1,656163296,128,0 0 0 0 0 0 0 0 0 0 0 0 -8 -4 -7 -4 -7 -5 -7 -5 -7 -5 -7 -5 -7 -5 -7 -5 -7 -5 -7 -6 -7 -6 -7 -6 -7 -6 -7 -6 -7 -6 -7 -6 -7 -6 -7 -6 -7 -7 -7 -6 -7 -6 -7 -6 -7 -6 -7 -6 -7 -6 -8 -6 0 0 -8 -6 -8 -6 -8 -6 -9 -6 -9 -6 -9 -6 -9 -6 -10 -6 -10 -6 -10 -6 -10 -6 -11 -6 -11 -7 -12 -7 -11 -7 -12 -7 -11 -7 -12 -7 -12 -7 -12 -7 -13 -7 -12 -8 -12 -8 -12 -8 -12 -8 -13 -8 0 0 0 0 0 0 0 0 0 0
1784740934.675269,56241,-48,11,1,7,1,-95,1,656170842,128,0 0 0 0 0 0 0 0 0 0 0 0 -4 5 -4 5 -5 5 -5 5 -5 5 -5 5 -5 5 -5 5 -6 6 -6 6 -6 6 -6 6 -6 6 -7 6 -7 6 -7 6 -7 6 -7 6 -7 6 -7 6 -7 6 -7 6 -8 6 -7 6 -7 6 -8 7 0 0 -8 7 -8 8 -8 7 -8 8 -8 8 -8 8 -8 8 -8 9 -8 9 -8 10 -8 9 -8 10 -9 10 -9 10 -9 10 -9 11 -9 10 -9 10 -9 11 -10 11 -10 11 -10 11 -10 11 -10 11 -10 11 -10 11 0 0 0 0 0 0 0 0 0 0
1784740934.691388,56242,-47,11,1,7,1,-95,1,656182647,128,0 0 0 0 0 0 0 0 0 0 0 0 3 6 3 6 3 7 2 7 2 7 2 7 2 8 2 8 2 8 1 9 1 8 1 9 1 9 0 9 1 9 0 9 0 9 0 10 0 9 0 10 0 9 0 9 0 10 0 9 0 9 0 9 0 0 1 9 1 10 1 9 1 10 2 9 2 10 2 10 2 10 2 10 2 11 3 11 2 11 3 11 2 11 3 12 3 11 3 12 3 12 3 12 4 12 4 12 4 12 3 13 3 13 3 12 3 13 0 0 0 0 0 0 0 0 0 0
1784740934.691388,56243,-47,11,1,6,1,-95,1,656195980,128,0 0 0 0 0 0 0 0 0 0 0 0 -6 8 -7 8 -8 7 -8 7 -8 6 -9 6 -9 6 -9 6 -9 6 -9 6 -10 6 -10 6 -10 5 -10 5 -10 5 -10 5 -11 5 -10 5 -10 4 -10 5 -10 4 -10 5 -10 5 -10 4 -10 5 -10 5 0 0 -9 5 -9 5 -9 5 -9 6 -9 6 -9 6 -9 7 -9 7 -9 7 -9 8 -9 8 -9 8 -9 8 -9 9 -8 9 -9 9 -9 9 -9 9 -9 10 -9 10 -9 10 -9 10 -9 10 -9 10 -9 11 -9 10 0 0 0 0 0 0 0 0 0 0
1784740934.691388,56244,-48,11,1,7,1,-95,1,656207400,128,0 0 0 0 0 0 0 0 0 0 0 0 -2 -11 -1 -11 0 -11 0 -11 1 -11 1 -11 1 -11 2 -11 2 -11 2 -10 2 -10 3 -11 3 -10 3 -10 3 -11 3 -10 3 -10 3 -10 3 -10 3 -10 3 -10 3 -10 3 -10 3 -10 2 -10 2 -10 0 0 2 -10 2 -10 2 -11 1 -11 1 -11 0 -11 0 -11 0 -11 0 -12 0 -12 0 -12 0 -13 -1 -13 -1 -13 -1 -13 -1 -14 -1 -13 -1 -14 -1 -14 -1 -15 -1 -15 -1 -15 -1 -15 -1 -15 0 -15 0 -16 0 0 0 0 0 0 0 0 0 0
1784740934.708148,56245,-49,11,1,7,1,-95,1,656210691,128,0 0 0 0 0 0 0 0 0 0 0 0 8 -6 8 -6 8 -5 8 -5 9 -5 9 -5 9 -4 9 -4 9 -4 9 -4 9 -3 9 -3 9 -3 9 -3 9 -3 9 -3 9 -3 8 -3 9 -3 9 -3 8 -3 8 -3 8 -4 8 -4 8 -4 8 -4 0 0 8 -5 8 -5 8 -6 8 -6 8 -6 8 -6 8 -7 8 -7 8 -7 8 -8 9 -8 8 -8 8 -9 9 -9 9 -9 9 -10 9 -10 9 -10 9 -10 10 -11 9 -11 10 -10 10 -11 10 -10 10 -11 11 -11 0 0 0 0 0 0 0 0 0 0
1784740934.708148,56246,-49,11,1,7,1,-95,1,656223303,128,0 0 0 0 0 0 0 0 0 0 0 0 6 -5 7 -4 7 -4 7 -3 7 -4 7 -3 7 -3 8 -3 8 -3 8 -3 8 -2 8 -2 8 -2 8 -2 8 -3 8 -2 8 -2 8 -2 8 -3 8 -3 8 -3 8 -3 8 -3 8 -3 8 -3 8 -4 0 0 9 -4 9 -4 9 -4 9 -5 9 -5 9 -5 9 -5 9 -6 10 -6 10 -6 10 -6 10 -6 11 -7 11 -7 11 -7 11 -7 11 -7 12 -7 11 -7 12 -8 12 -8 12 -8 12 -7 12 -7 13 -7 13 -7 0 0 0 0 0 0 0 0 0 0
1784740934.723175,56247,-48,11,1,7,1,-95,1,656230652,128,0 0 0 0 0 0 0 0 0 0 0 0 3 -8 3 -8 4 -8 4 -7 5 -8 5 -7 5 -7 5 -7 5 -7 6 -7 6 -7 6 -7 6 -7 6 -7 6 -7 7 -7 6 -7 7 -7 6 -7 7 -7 6 -7 6 -7 6 -7 6 -7 6 -7 6 -7 0 0 6 -8 6 -8 6 -8 6 -9 6 -9 6 -9 6 -9 6 -10 6 -10 6 -11 6 -10 6 -10 6 -10 6 -11 6 -12 6 -11 6 -12 6 -12 6 -12 6 -12 6 -12 6 -12 7 -12 7 -12 7 -12 7 -12 0 0 0 0 0 0 0 0 0 0
1784740934.739316,56248,-48,11,1,7,1,-95,1,656247852,128,0 0 0 0 0 0 0 0 0 0 0 0 8 7 7 7 7 8 6 8 6 9 6 9 6 9 6 9 5 10 5 9 5 10 5 10 4 10 4 10 4 10 4 10 4 10 3 10 3 10 3 10 4 10 3 10 4 9 4 9 4 9 4 9 0 0 4 8 4 8 5 8 5 8 5 8 6 8 6 8 7 7 6 8 7 7 7 7 8 7 8 7 8 7 8 7 9 7 8 7 9 7 9 7 10 7 10 7 10 7 10 7 10 7 10 7 11 7 0 0 0 0 0 0 0 0 0 0
1784740934.739316,56249,-48,11,1,7,1,-95,1,656250763,128,0 0 0 0 0 0 0 0 0 0 0 0 -8 7 -9 6 -10 6 -10 5 -10 5 -10 5 -10 5 -11 5 -11 4 -11 4 -11 4 -11 4 -11 4 -12 3 -11 3 -12 2 -11 3 -11 3 -11 2 -11 2 -11 2 -11 2 -10 3 -10 3 -10 3 -10 3 0 0 -10 4 -10 4 -10 4 -9 4 -9 4 -9 5 -9 5 -9 5 -9 6 -9 6 -9 7 -9 7 -9 7 -9 8 -9 8 -9 8 -9 8 -9 8 -9 9 -9 9 -9 9 -10 9 -9 9 -9 9 -9 9 -9 10 0 0 0 0 0 0 0 0 0 0
1784740934.755048,56250,-48,11,1,7,1,-95,1,656260617,128,0 0 0 0 0 0 0 0 0 0 0 0 -2 -11 -1 -11 0 -11 0 -11 1 -11 1 -11 1 -11 1 -11 1 -11 2 -11 2 -11 3 -11 3 -11 3 -11 3 -11 3 -11 3 -10 3 -11 3 -10 3 -10 2 -10 2 -10 2 -10 2 -10 2 -10 2 -10 0 0 1 -10 1 -11 1 -10 0 -11 0 -10 0 -11 0 -11 0 -11 0 -11 -1 -12 -1 -12 -1 -12 -1 -12 -1 -12 -2 -13 -2 -13 -2 -14 -2 -13 -2 -13 -2 -14 -2 -14 -2 -14 -2 -15 -2 -14 -2 -14 -2 -14 0 0 0 0 0 0 0 0 0 0
1784740934.755048,56251,-49,11,1,7,1,-95,1,656270767,128,0 0 0 0 0 0 0 0 0 0 0 0 -3 -10 -2 -10 -1 -10 -1 -10 0 -10 -1 -10 0 -10 0 -10 0 -11 0 -10 0 -10 1 -10 0 -10 1 -10 1 -10 1 -10 1 -10 1 -9 1 -10 1 -10 0 -10 0 -10 0 -10 0 -10 0 -10 0 -10 0 0 -1 -11 -1 -10 -1 -11 -2 -10 -2 -11 -2 -11 -2 -11 -3 -12 -3 -12 -3 -12 -3 -12 -4 -13 -3 -13 -4 -14 -4 -13 -4 -14 -4 -13 -4 -14 -4 -14 -5 -14 -4 -14 -4 -15 -4 -14 -4 -15 -4 -15 -4 -16 0 0 0 0 0 0 0 0 0 0
1784740934.771172,56252,-48,11,1,7,1,-95,1,656280720,128,0 0 0 0 0 0 0 0 0 0 0 0 7 -6 7 -5 7 -5 7 -5 8 -4 8 -4 8 -4 8 -4 8 -4 8 -4 8 -3 8 -3 9 -3 9 -3 9 -3 9 -2 9 -3 9 -3 9 -3 9 -2 9 -3 9 -3 9 -3 9 -3 9 -3 9 -3 0 0 9 -4 9 -4 9 -4 9 -4 9 -5 10 -5 9 -5 10 -5 10 -5 10 -6 10 -6 10 -6 11 -6 11 -6 11 -6 11 -6 12 -6 12 -6 12 -6 12 -7 12 -7 12 -7 12 -7 13 -7 12 -7 13 -7 0 0 0 0 0 0 0 0 0 0
1784740934.787117,56253,-48,11,1,7,1,-95,1,656292030,128,0 0 0 0 0 0 0 0 0 0 0 0 0 9 0 9 -1 10 -2 10 -2 10 -2 10 -2 10 -2 10 -3 10 -3 10 -3 10 -3 10 -4 10 -4 10 -4 10 -5 10 -5 10 -5 10 -5 10 -5 10 -5 10 -5 10 -4 10 -4 9 -4 10 -4 10 0 0 -4 10 -4 10 -4 10 -3 10 -3 10 -3 10 -3 10 -2 11 -2 11 -2 11 -2 11 -1 12 -1 12 -2 12 -2 12 -2 12 -1 12 -1 12 -1 13 -1 13 0 13 -1 13 0 13 -1 13 0 13 0 14 0 0 0 0 0 0 0 0 0 0
1784740934.787117,56254,-47,11,1,7,1,-95,1,656302353,128,0 0 0 0 0 0 0 0 0 0 0 0 5 9 4 9 4 10 3 10 3 10 3 10 3 11 3 11 2 11 2 12 1 12 1 12 0 12 0 12 1 12 0 12 0 12 0 12 0 12 0 12 0 12 0 12 0 11 0 11 0 11 0 11 0 0 1 11 1 11 1 11 1 11 2 11 2 11 2 11 2 11 3 11 3 11 3 11 3 11 3 11 4 11 4 11 4 11 4 12 5 12 5 11 5 12 5 12 6 12 5 12 5 12 5 12 6 12 0 0 0 0 0 0 0 0 0 0
1784740934.802843,56255,-48,11,1,7,1,-95,1,656310594,128,0 0 0 0 0 0 0 0 0 0 0 0 2 10 1 10 0 10 0 10 0 11 -1 11 -1 11 -1 11 -2 11 -2 11 -2 11 -2 11 -2 11 -3 11 -3 11 -3 11 -3 11 -3 11 -3 11 -3 11 -3 11 -4 10 -3 10 -3 10 -3 10 -3 10 0 0 -2 10 -2 10 -2 10 -2 10 -1 10 -1 10 0 10 0 10 0 11 0 11 0 11 1 11 1 11 1 11 1 11 2 11 2 11 2 12 2 12 2 12 2 12 2 12 3 12 2 12 3 12 3 12 0 0 0 0 0 0 0 0 0 0
1784740934.818747,56256,-48,11,1,7,1,-95,1,656320695,128,0 0 0 0 0 0 0 0 0 0 0 0 -7 8 -8 8 -9 7 -9 7 -9 7 -9 6 -10 6 -10 6 -10 6 -10 5 -10 5 -10 5 -10 5 -10 4 -10 4 -10 4 -10 4 -10 4 -10 4 -10 4 -10 4 -10 4 -10 4 -9 4 -9 4 -9 4 0 0 -9 5 -8 5 -8 5 -8 6 -8 6 -8 6 -8 6 -8 7 -8 7 -8 8 -8 8 -8 8 -8 8 -8 8 -7 9 -7 9 -8 9 -8 9 -7 9 -8 10 -7 10 -7 10 -8 10 -8 10 -8 10 -8 10 0 0 0 0 0 0 0 0 0 0
1784740934.818747,56257,-48,11,1,7,1,-95,1,656330610,128,0 0 0 0 0 0 0 0 0 0 0 0 -10 -3 -10 -4 -10 -4 -10 -5 -9 -5 -10 -5 -9 -5 -9 -5 -9 -6 -9 -6 -9 -6 -9 -6 -8 -6 -9 -6 -9 -7 -8 -7 -8 -7 -8 -6 -8 -6 -8 -6 -8 -6 -8 -6 -8 -5 -8 -5 -8 -5 -9 -5 0 0 -9 -5 -9 -5 -9 -5 -9 -4 -10 -4 -10 -4 -10 -4 -11 -3 -11 -4 -11 -3 -12 -3 -12 -3 -12 -3 -13 -3 -12 -3 -13 -3 -13 -3 -13 -3 -13 -3 -14 -3 -14 -3 -14 -3 -14 -2 -14 -3 -14 -3 -15 -3 0 0 0 0 0 0 0 0 0 0
1784740934.837659,56258,-48,11,1,7,1,-95,1,656340579,128,0 0 0 0 0 0 0 0 0 0 0 0 -9 3 -9 3 -9 2 -9 2 -9 1 -9 1 -9 1 -9 1 -9 1 -9 0 -9 0 -9 0 -9 0 -9 0 -9 0 -9 0 -9 1 -9 0 -9 0 -9 1 -9 1 -9 1 -10 1 -10 1 -10 1 -10 1 0 0 -10 2 -10 2 -10 2 -10 3 -10 3 -10 3 -10 3 -11 4 -11 4 -12 4 -12 4 -12 4 -12 4 -12 4 -13 5 -12 5 -13 5 -13 5 -13 5 -13 6 -14 5 -14 6 -14 5 -15 5 -15 5 -15 5 0 0 0 0 0 0 0 0 0 0
1784740934.838854,56259,-47,11,1,7,1,-95,1,656350693,128,0 0 0 0 0 0 0 0 0 0 0 0 -8 0 -8 0 -8 -1 -8 -1 -8 -1 -8 -1 -8 -1 -8 -1 -8 -1 -8 -2 -8 -2 -8 -2 -8 -2 -8 -2 -8 -2 -8 -2 -8 -2 -9 -2 -9 -1 -9 -2 -9 -2 -9 -1 -9 -1 -9 -2 -9 -1 -10 -1 0 0 -10 -1 -10 -1 -10 -1 -11 -1 -11 0 -11 -1 -11 0 -12 0 -12 0 -12 0 -13 0 -12 0 -12 0 -13 0 -13 0 -14 1 -14 0 -14 0 -14 0 -15 1 -14 0 -15 1 -15 0 -15 0 -16 0 -16 0 0 0 0 0 0 0 0 0 0 0
1784740934.850508,56260,-47,11,1,7,1,-95,1,656360689,128,0 0 0 0 0 0 0 0 0 0 0 0 5 5 5 5 5 6 5 6 4 6 4 6 4 6 4 6 4 6 4 6 4 7 4 7 4 7 4 7 4 7 4 7 4 8 4 7 4 8 4 8 4 8 4 8 5 8 5 8 5 8 5 8 0 0 5 8 5 9 5 9 5 9 6 9 6 9 6 9 6 9 6 9 7 9 7 10 7 10 7 10 8 10 7 10 8 11 8 11 8 11 8 11 8 12 8 12 8 12 8 11 8 12 8 12 8 13 0 0 0 0 0 0 0 0 0 0
1784740934.882280,56261,-46,11,1,7,1,-95,1,656370632,128,0 0 0 0 0 0 0 0 0 0 0 0 1 8 0 8 0 8 0 8 0 8 -1 8 -1 8 -1 8 -1 8 -1 9 -2 9 -2 9 -2 9 -2 9 -2 9 -2 10 -2 9 -2 10 -2 10 -2 10 -2 10 -2 10 -2 10 -3 10 -3 10 -2 10 0 0 -2 10 -2 11 -2 10 -2 12 -1 11 -1 11 -1 11 -1 12 -1 11 -1 13 -1 12 -1 12 -1 12 -1 12 0 13 0 13 0 14 0 13 0 14 1 14 0 14 0 14 0 15 -1 15 -1 15 0 15 0 0 0 0 0 0 0 0 0 0
1784740934.882280,56262,-43,11,1,7,0,-95,1,656383090,128,0 0 0 0 0 0 0 0 0 0 0 0 2 -3 2 -3 3 -3 3 -3 2 -3 3 -3 3 -3 3 -3 3 -3 3 -3 3 -3 3 -3 3 -3 3 -3 3 -3 4 -3 4 -3 4 -3 4 -3 4 -3 4 -3 4 -3 4 -3 4 -3 4 -3 4 -3 0 0 4 -3 4 -3 4 -3 4 -3 4 -4 4 -3 4 -4 4 -4 4 -4 5 -4 5 -4 4 -4 4 -5 4 -4 5 -4 5 -5 4 -4 4 -4 4 -5 5 -5 4 -5 5 -5 5 -4 5 -4 5 -4 5 -5 0 0 0 0 0 0 0 0 0 0
1784740934.882280,56263,-46,11,1,7,1,-95,1,656390612,128,0 0 0 0 0 0 0 0 0 0 0 0 -7 3 -7 3 -7 3 -7 3 -7 2 -8 2 -8 2 -8 2 -8 2 -8 2 -8 2 -9 2 -9 2 -9 2 -9 2 -10 2 -9 2 -10 2 -10 2 -10 2 -10 2 -10 1 -11 2 -11 2 -10 2 -11 1 0 0 -11 1 -11 2 -11 2 -11 2 -11 2 -11 2 -11 2 -12 2 -12 2 -12 3 -12 3 -12 3 -12 3 -12 3 -13 4 -13 3 -13 3 -13 3 -13 3 -13 4 -13 3 -13 4 -14 3 -14 3 -14 3 -14 3 0 0 0 0 0 0 0 0 0 0
1784740934.898073,56264,-46,11,1,7,1,-95,1,656400583,128,0 0 0 0 0 0 0 0 0 0 0 0 5 4 5 4 5 4 5 4 5 5 5 5 5 5 5 5 5 5 5 5 4 6 5 6 5 6 4 6 5 6 5 6 5 6 5 7 5 7 5 7 5 7 5 7 5 8 5 7 5 8 5 8 0 0 6 8 6 8 6 8 6 8 6 8 6 8 7 8 7 8 7 8 7 9 7 9 7 8 7 9 7 9 8 9 8 9 8 9 8 9 9 9 9 9 9 9 9 9 9 10 9 10 9 10 9 10 0 0 0 0 0 0 0 0 0 0
1784740934.898073,56265,-43,11,1,7,0,-95,1,656410589,128,0 0 0 0 0 0 0 0 0 0 0 0 6 -4 6 -3 7 -3 7 -3 7 -3 7 -3 7 -2 7 -3 8 -2 8 -2 8 -2 8 -2 8 -3 9 -3 9 -3 9 -2 9 -2 9 -2 10 -2 10 -2 10 -2 10 -2 10 -3 11 -2 11 -2 11 -2 0 0 11 -2 11 -3 11 -2 12 -3 11 -3 12 -3 12 -3 12 -3 12 -3 12 -4 13 -4 13 -4 13 -4 13 -4 13 -4 13 -4 14 -4 14 -5 14 -5 14 -5 14 -5 15 -5 15 -5 15 -5 15 -5 15 -5 0 0 0 0 0 0 0 0 0 0
1784740934.913929,56266,-46,11,1,7,1,-95,1,656420642,128,0 0 0 0 0 0 0 0 0 0 0 0 3 -5 4 -5 4 -5 5 -5 5 -5 5 -5 5 -5 5 -5 6 -5 5 -5 5 -5 6 -5 6 -5 6 -5 7 -5 7 -5 7 -5 7 -5 8 -5 8 -5 8 -5 8 -5 8 -5 8 -5 8 -5 9 -5 0 0 9 -5 9 -5 9 -5 8 -5 9 -5 9 -5 9 -5 9 -6 9 -6 9 -6 9 -7 9 -7 9 -7 10 -7 10 -7 10 -7 10 -7 10 -7 11 -7 11 -8 11 -8 11 -7 11 -8 11 -8 12 -8 12 -8 0 0 0 0 0 0 0 0 0 0
1784740934.913929,56267,-46,11,1,7,1,-95,1,656430661,128,0 0 0 0 0 0 0 0 0 0 0 0 -1 -7 -1 -7 -1 -7 -1 -7 0 -7 -1 -7 0 -8 0 -8 0 -8 0 -8 1 -8 1 -8 1 -8 1 -9 0 -9 0 -9 0 -9 1 -10 1 -9 1 -10 1 -10 1 -10 1 -11 2 -10 2 -10 2 -10 0 0 1 -10 1 -11 1 -10 1 -12 0 -11 0 -11 0 -11 0 -12 -1 -11 -1 -13 0 -12 0 -12 0 -12 0 -12 -2 -13 -2 -13 -1 -14 -1 -14 -2 -13 -2 -14 -2 -14 -2 -14 -2 -15 -1 -15 -1 -15 -1 -15 0 0 0 0 0 0 0 0 0 0
1784740934.929807,56268,-46,11,1,7,1,-95,1,656440600,128,0 0 0 0 0 0 0 0 0 0 0 0 6 0 6 0 6 1 6 1 6 1 6 1 6 1 6 1 6 1 7 1 7 1 7 1 7 2 7 2 8 2 8 3 8 3 8 3 8 3 8 3 8 3 8 4 9 3 9 3 9 4 9 4 0 0 9 4 9 4 9 4 9 4 9 4 9 4 9 4 10 4 10 4 10 3 10 3 11 3 11 3 12 4 11 4 12 4 11 4 12 4 12 4 13 4 13 4 13 5 13 4 13 5 14 4 14 5 0 0 0 0 0 0 0 0 0 0
1784740934.947787,56269,-43,11,1,7,0,-95,1,656450651,128,0 0 0 0 0 0 0 0 0 0 0 0 1 6 1 6 1 7 1 7 0 7 1 7 0 7 0 7 0 7 0 7 0 8 0 8 0 8 0 8 0 8 0 9 0 9 0 9 0 9 0 9 0 10 0 10 0 10 0 10 0 11 0 11 0 0 -1 11 0 11 0 11 0 11 0 11 0 12 0 12 1 12 1 12 1 12 1 13 1 13 1 13 1 13 2 14 2 14 1 14 2 14 2 15 2 15 2 15 2 15 2 16 1 16 1 16 1 16 0 0 0 0 0 0 0 0 0 0
1784740934.961699,56270,-46,11,1,7,1,-95,1,656464520,128,0 0 0 0 0 0 0 0 0 0 0 0 -5 -5 -4 -5 -4 -6 -4 -6 -4 -6 -4 -6 -4 -6 -4 -6 -4 -6 -4 -6 -4 -6 -4 -7 -4 -7 -4 -7 -5 -7 -4 -7 -5 -7 -5 -7 -5 -8 -5 -8 -5 -8 -5 -8 -6 -8 -6 -8 -6 -8 -6 -9 0 0 -6 -9 -6 -9 -7 -9 -7 -9 -7 -9 -7 -10 -7 -10 -8 -10 -8 -10 -9 -10 -9 -10 -9 -10 -9 -10 -9 -11 -9 -11 -10 -12 -9 -12 -10 -12 -10 -12 -10 -12 -10 -13 -10 -13 -11 -13 -10 -13 -11 -13 -11 -14 0 0 0 0 0 0 0 0 0 0
1784740934.977508,56271,-46,11,1,6,1,-95,1,656493059,128,0 0 0 0 0 0 0 0 0 0 0 0 5 1 5 1 5 1 5 1 6 1 6 1 6 1 6 2 6 1 6 2 7 2 7 2 7 2 7 3 7 3 8 3 8 3 8 3 8 3 8 3 8 3 9 3 9 3 9 4 9 4 9 4 0 0 9 4 10 4 10 4 11 4 11 4 11 4 11 3 11 4 11 3 12 4 12 4 12 4 12 4 13 4 13 3 13 3 14 4 14 4 14 4 14 4 14 4 14 4 14 5 14 5 14 5 14 5 0 0 0 0 0 0 0 0 0 0
1784740934.996548,56272,-46,11,1,7,1,-95,1,656500673,128,0 0 0 0 0 0 0 0 0 0 0 0 1 5 1 5 0 5 0 6 0 6 0 6 0 6 0 6 0 7 0 7 0 7 0 7 0 7 0 8 0 8 0 8 -1 9 0 9 -1 9 -1 9 -1 10 -1 10 0 10 -1 10 -1 10 -1 10 0 0 -1 11 -1 11 -1 11 0 11 0 11 -1 12 -1 12 0 12 0 12 0 12 1 13 1 13 1 13 1 14 1 13 1 14 1 14 1 15 0 15 0 15 0 15 0 15 1 15 1 15 1 15 0 16 0 0 0 0 0 0 0 0 0 0
1784740934.996548,56273,-46,11,1,7,1,-95,1,656510661,128,0 0 0 0 0 0 0 0 0 0 0 0 -6 -1 -6 -1 -6 -2 -6 -2 -6 -2 -6 -2 -7 -2 -7 -2 -7 -2 -7 -3 -7 -3 -8 -3 -8 -3 -8 -3 -8 -3 -9 -4 -9 -4 -9 -4 -9 -4 -9 -4 -9 -4 -9 -4 -10 -4 -9 -4 -10 -5 -10 -5 0 0 -10 -5 -11 -5 -10 -5 -11 -5 -11 -4 -11 -5 -12 -4 -12 -4 -12 -4 -13 -4 -13 -4 -13 -4 -13 -4 -13 -5 -14 -4 -14 -4 -14 -5 -14 -5 -14 -5 -15 -5 -15 -5 -15 -5 -15 -5 -15 -6 -15 -6 -15 -6 0 0 0 0 0 0 0 0 0 0
1784740935.013938,56274,-46,11,1,7,1,-95,1,656520627,128,0 0 0 0 0 0 0 0 0 0 0 0 -3 -5 -4 -6 -3 -6 -3 -6 -3 -6 -3 -7 -3 -7 -3 -7 -3 -7 -3 -7 -3 -8 -3 -8 -3 -8 -3 -9 -3 -9 -3 -9 -3 -10 -3 -9 -3 -10 -3 -9 -3 -10 -3 -10 -3 -10 -2 -10 -3 -10 -3 -11 0 0 -4 -11 -3 -11 -3 -11 -4 -11 -4 -11 -4 -11 -5 -11 -5 -12 -5 -12 -5 -12 -5 -12 -5 -12 -5 -13 -5 -13 -6 -13 -6 -14 -5 -13 -6 -14 -6 -13 -7 -14 -6 -14 -7 -14 -6 -14 -6 -15 -6 -15 -6 -15 0 0 0 0 0 0 0 0 0 0
1784740935.025688,56275,-43,11,1,7,0,-95,1,656537259,128,0 0 0 0 0 0 0 0 0 0 0 0 -7 3 -8 3 -8 3 -8 3 -8 2 -9 2 -9 2 -9 2 -9 2 -9 2 -10 2 -10 2 -10 2 -10 2 -11 2 -11 1 -11 1 -11 1 -11 2 -11 1 -12 2 -12 2 -11 2 -12 2 -12 2 -12 3 0 0 -13 3 -13 3 -13 3 -13 3 -13 4 -14 4 -14 4 -14 4 -14 4 -14 5 -15 5 -15 5 -15 5 -16 5 -16 6 -16 6 -16 5 -17 6 -17 6 -17 6 -18 6 -18 6 -18 7 -18 6 -18 7 -18 6 0 0 0 0 0 0 0 0 0 0
1784740935.025688,56276,-46,11,1,7,1,-95,1,656540684,128,0 0 0 0 0 0 0 0 0 0 0 0 -2 -7 -1 -7 -1 -7 -1 -7 0 -7 0 -7 0 -8 0 -8 0 -8 0 -8 1 -8 1 -8 1 -8 1 -8 1 -8 1 -9 1 -9 1 -9 1 -9 1 -9 1 -9 1 -10 1 -10 1 -10 1 -10 1 -10 0 0 1 -10 1 -11 0 -11 0 -11 0 -11 0 -12 0 -12 0 -12 0 -12 0 -13 0 -13 0 -13 0 -13 0 -13 -1 -14 -1 -14 0 -15 0 -15 0 -15 -1 -16 0 -16 -1 -16 0 -16 1 -16 0 -16 0 -16 0 0 0 0 0 0 0 0 0 0
1784740935.041473,56277,-47,11,1,7,1,-95,1,656550649,128,0 0 0 0 0 0 0 0 0 0 0 0 4 -2 4 -2 5 -2 5 -2 5 -1 5 -1 6 -1 6 -1 6 -1 6 -1 6 -1 6 -1 7 -1 7 -1 7 -1 7 -1 7 -1 7 -1 8 -1 8 -1 8 -1 8 -1 8 -1 9 -1 9 -1 9 -1 0 0 10 -2 10 -1 10 -1 10 -2 10 -2 11 -2 11 -2 11 -2 12 -2 12 -3 12 -2 12 -3 13 -3 13 -3 13 -3 14 -3 14 -2 14 -2 14 -3 14 -3 15 -3 15 -3 14 -3 15 -2 15 -2 15 -2 0 0 0 0 0 0 0 0 0 0
1784740935.057365,56278,-47,11,1,7,1,-95,1,656560660,128,0 0 0 0 0 0 0 0 0 0 0 0 -5 1 -6 1 -6 0 -6 0 -6 0 -7 0 -6 0 -7 0 -7 0 -7 0 -7 0 -7 0 -8 0 -8 0 -8 0 -8 0 -9 0 -9 0 -9 0 -9 0 -10 0 -10 0 -10 0 -10 0 -10 0 -11 0 0 0 -11 0 -12 0 -12 0 -12 1 -12 1 -12 1 -13 1 -13 1 -13 1 -14 1 -14 1 -14 2 -14 1 -15 1 -15 1 -15 1 -15 1 -15 1 -16 1 -16 1 -16 1 -16 1 -16 1 -16 1 -16 1 -17 1 0 0 0 0 0 0 0 0 0 0
1784740935.057365,56279,-47,11,1,7,1,-95,1,656570565,128,0 0 0 0 0 0 0 0 0 0 0 0 -6 -2 -6 -2 -6 -3 -6 -3 -6 -3 -6 -3 -6 -3 -6 -4 -7 -3 -7 -4 -7 -4 -7 -4 -7 -4 -7 -5 -7 -4 -8 -5 -7 -5 -8 -5 -8 -5 -8 -5 -8 -5 -8 -5 -9 -5 -9 -5 -9 -5 -9 -5 0 0 -9 -5 -10 -5 -10 -5 -11 -6 -10 -5 -11 -6 -11 -5 -12 -6 -12 -5 -13 -6 -13 -6 -13 -6 -13 -6 -12 -6 -14 -6 -14 -6 -14 -7 -14 -7 -14 -7 -15 -7 -14 -7 -14 -7 -15 -8 -14 -8 -14 -8 -14 -8 0 0 0 0 0 0 0 0 0 0
1784740935.091995,56280,-46,11,1,7,1,-95,1,656592187,128,0 0 0 0 0 0 0 0 0 0 0 0 -2 -6 -2 -6 -2 -6 -2 -7 -1 -7 -1 -7 -1 -7 -1 -7 -1 -7 -1 -7 -1 -7 -1 -8 -1 -8 -1 -9 -1 -9 -1 -9 -1 -9 -1 -9 -1 -9 -1 -9 -1 -10 -1 -10 -1 -10 -1 -10 -1 -10 -1 -11 0 0 -2 -11 -1 -11 -1 -12 -2 -11 -2 -12 -2 -12 -2 -12 -2 -13 -2 -13 -3 -13 -3 -13 -3 -14 -3 -14 -3 -15 -3 -14 -3 -15 -3 -15 -3 -15 -3 -15 -3 -16 -3 -16 -3 -16 -3 -16 -2 -16 -3 -16 -3 -17 0 0 0 0 0 0 0 0 0 0
1784740935.091995,56281,-46,11,1,7,1,-95,1,656594238,128,0 0 0 0 0 0 0 0 0 0 0 0 1 5 1 5 0 6 0 6 0 6 0 6 0 6 0 6 0 6 0 7 0 7 -1 7 -1 7 -1 7 0 7 -1 8 -1 8 -1 8 0 8 0 8 0 8 0 9 0 9 -1 9 -1 9 0 9 0 0 0 10 0 11 0 10 0 11 0 10 1 11 1 11 1 12 1 11 1 13 1 13 1 13 1 13 1 12 2 14 2 13 1 15 1 14 2 14 2 15 2 15 2 15 1 16 0 15 0 15 1 15 0 0 0 0 0 0 0 0 0 0
1784740935.114013,56282,-46,11,1,7,1,-95,1,656602258,128,0 0 0 0 0 0 0 0 0 0 0 0 5 0 6 0 5 1 6 1 6 1 6 1 6 2 6 2 6 2 6 2 7 2 7 2 7 2 7 2 7 3 7 3 7 3 7 3 8 3 8 3 8 3 8 3 8 3 9 3 8 3 9 3 0 0 9 3 10 3 10 3 10 3 10 3 10 3 11 3 11 3 11 3 12 2 12 2 12 2 13 2 13 2 13 2 13 3 13 2 14 2 14 3 14 3 14 3 15 3 14 3 15 3 15 3 15 3 0 0 0 0 0 0 0 0 0 0
1784740935.121591,56283,-46,11,1,7,1,-95,1,656624440,128,0 0 0 0 0 0 0 0 0 0 0 0 6 -2 6 -2 6 -1 7 -1 7 -1 7 0 7 0 7 0 7 0 7 0 8 0 8 0 8 0 8 1 8 1 8 0 9 0 9 0 9 1 9 1 9 1 9 1 10 1 10 1 10 1 10 1 0 0 11 1 11 0 11 1 11 0 11 0 11 0 12 0 12 0 12 0 13 -1 13 -1 13 -1 12 0 13 -1 13 -1 14 -1 14 -1 15 -1 14 -1 15 -1 15 -1 15 -1 15 -1 15 0 15 0 15 0 0 0 0 0 0 0 0 0 0 0
1784740935.121591,56284,-46,11,1,7,1,-95,1,656624840,128,0 0 0 0 0 0 0 0 0 0 0 0 -2 6 -2 6 -2 6 -3 6 -3 6 -3 6 -3 6 -3 7 -4 6 -4 6 -4 7 -4 7 -4 7 -4 7 -4 7 -5 7 -5 7 -5 8 -5 8 -5 8 -5 8 -5 8 -5 8 -5 8 -6 8 -6 8 0 0 -6 9 -6 9 -6 9 -5 10 -5 10 -5 10 -5 10 -5 10 -5 10 -5 11 -6 11 -5 11 -5 11 -6 12 -5 12 -6 13 -6 12 -6 13 -6 13 -6 13 -6 13 -6 13 -6 13 -7 13 -7 13 -7 13 0 0 0 0 0 0 0 0 0 0
1784740935.121591,56285,-45,11,1,7,1,-95,1,656632937,128,0 0 0 0 0 0 0 0 0 0 0 0 4 -6 4 -6 5 -6 5 -5 5 -6 5 -5 5 -5 6 -6 6 -6 6 -5 7 -5 7 -5 7 -5 7 -5 7 -5 8 -6 7 -5 8 -6 8 -6 8 -6 8 -6 8 -6 9 -6 8 -6 9 -6 9 -6 0 0 9 -7 9 -7 8 -7 9 -7 9 -7 9 -8 9 -8 9 -8 9 -8 9 -9 9 -9 9 -9 9 -9 9 -9 10 -10 9 -10 10 -10 10 -10 10 -11 10 -11 10 -11 10 -11 11 -11 11 -10 11 -10 11 -10 0 0 0 0 0 0 0 0 0 0
1784740935.121591,56286,-45,11,1,7,1,-95,1,656640653,128,0 0 0 0 0 0 0 0 0 0 0 0 -6 -4 -7 -5 -6 -5 -6 -5 -6 -6 -6 -6 -6 -6 -6 -6 -6 -7 -6 -7 -7 -7 -7 -7 -6 -7 -7 -8 -7 -8 -6 -8 -7 -8 -6 -8 -7 -9 -6 -9 -7 -9 -7 -9 -7 -8 -7 -9 -7 -9 -8 -9 0 0 -8 -9 -8 -9 -8 -10 -8 -9 -8 -9 -8 -10 -8 -9 -9 -10 -9 -10 -10 -9 -10 -9 -10 -9 -10 -9 -11 -10 -10 -10 -11 -11 -11 -10 -11 -10 -11 -11 -11 -11 -11 -11 -11 -11 -11 -10 -12 -11 -12 -11 -12 -11 0 0 0 0 0 0 0 0 0 0
1784740935.137624,56287,-45,11,1,7,1,-95,1,656650614,128,0 0 0 0 0 0 0 0 0 0 0 0 5 3 5 3 5 4 5 4 5 5 5 4 5 5 5 5 5 5 5 6 5 6 5 6 5 6 5 6 5 6 5 7 5 7 5 7 5 7 6 7 6 7 6 7 6 8 5 8 6 7 6 8 0 0 6 8 7 8 6 8 7 8 7 8 7 8 8 8 8 8 8 8 9 8 8 8 8 8 9 8 9 8 10 9 10 8 10 9 10 9 10 9 11 9 11 9 11 9 11 10 10 10 10 10 10 10 0 0 0 0 0 0 0 0 0 0
1784740935.153409,56288,-46,11,1,7,1,-95,1,656660558,128,0 0 0 0 0 0 0 0 0 0 0 0 4 -5 4 -5 4 -5 5 -5 5 -5 5 -5 5 -5 5 -5 5 -5 6 -5 6 -5 6 -5 6 -5 7 -5 6 -5 7 -6 7 -5 7 -6 7 -6 8 -6 8 -6 7 -6 8 -6 8 -6 8 -6 8 -6 0 0 8 -6 8 -7 8 -7 9 -7 8 -8 8 -8 8 -8 8 -8 8 -8 9 -9 9 -9 9 -9 9 -9 9 -9 9 -10 9 -10 10 -10 9 -11 9 -11 9 -11 10 -11 9 -11 10 -11 11 -10 11 -11 10 -11 0 0 0 0 0 0 0 0 0 0
1784740935.153409,56289,-45,11,1,7,1,-95,1,656670614,128,0 0 0 0 0 0 0 0 0 0 0 0 -6 -3 -6 -3 -6 -4 -6 -4 -6 -4 -6 -4 -6 -4 -7 -5 -7 -5 -7 -5 -7 -5 -7 -5 -7 -5 -7 -5 -7 -6 -7 -6 -8 -6 -7 -6 -8 -6 -8 -7 -8 -7 -8 -7 -8 -7 -8 -7 -8 -7 -9 -7 0 0 -9 -7 -9 -7 -9 -8 -10 -7 -9 -7 -10 -8 -10 -8 -11 -8 -10 -8 -11 -7 -11 -8 -11 -7 -12 -8 -12 -8 -12 -8 -12 -8 -12 -8 -12 -8 -13 -9 -13 -9 -13 -9 -13 -9 -13 -9 -13 -9 -13 -9 -13 -10 0 0 0 0 0 0 0 0 0 0
1784740935.170825,56290,-45,11,1,7,1,-95,1,656680723,128,0 0 0 0 0 0 0 0 0 0 0 0 6 0 6 0 6 0 6 0 6 1 6 1 6 1 6 1 7 1 7 1 7 2 7 2 7 2 8 2 8 2 8 2 8 2 9 2 8 2 9 2 9 2 9 2 10 2 10 3 10 3 10 3 0 0 10 2 11 2 11 2 12 2 11 2 11 2 12 2 12 2 12 2 13 2 13 2 13 2 13 2 13 2 14 1 14 1 14 2 14 2 14 2 15 1 15 2 15 1 15 2 15 3 15 3 15 2 0 0 0 0 0 0 0 0 0 0
1784740935.185423,56291,-45,11,1,7,1,-95,1,656690672,128,0 0 0 0 0 0 0 0 0 0 0 0 -2 5 -2 6 -3 5 -3 5 -3 5 -3 6 -4 6 -4 6 -4 6 -4 6 -4 6 -4 7 -5 7 -5 7 -5 7 -5 7 -5 8 -5 8 -6 8 -6 8 -6 8 -6 8 -6 9 -6 8 -7 9 -6 9 0 0 -7 9 -7 9 -7 10 -7 10 -7 10 -7 10 -7 10 -7 10 -7 11 -7 11 -7 11 -7 11 -7 11 -7 12 -7 12 -8 13 -8 12 -8 12 -8 13 -8 13 -8 13 -8 13 -8 13 -8 13 -8 13 -8 13 0 0 0 0 0 0 0 0 0 0
1784740935.185423,56292,-45,11,1,7,1,-95,1,656700611,128,0 0 0 0 0 0 0 0 0 0 0 0 -6 -3 -6 -3 -6 -4 -6 -4 -6 -4 -6 -4 -6 -4 -6 -5 -6 -5 -6 -5 -6 -5 -7 -5 -7 -6 -7 -6 -7 -6 -7 -6 -7 -7 -7 -7 -8 -7 -7 -7 -8 -7 -8 -8 -8 -7 -8 -8 -8 -8 -9 -8 0 0 -9 -8 -8 -8 -9 -9 -9 -8 -9 -8 -9 -9 -9 -9 -10 -9 -10 -9 -10 -8 -10 -9 -11 -9 -11 -9 -11 -9 -11 -9 -11 -9 -11 -9 -12 -9 -11 -9 -12 -9 -12 -9 -12 -10 -12 -9 -12 -9 -12 -9 -12 -10 0 0 0 0 0 0 0 0 0 0
1784740935.201310,56293,-45,11,1,7,1,-95,1,656711937,128,0 0 0 0 0 0 0 0 0 0 0 0 -6 -2 -6 -2 -6 -2 -6 -3 -7 -3 -7 -3 -7 -3 -7 -3 -7 -3 -7 -3 -7 -4 -8 -4 -8 -4 -8 -4 -8 -4 -8 -5 -9 -5 -9 -5 -9 -5 -9 -5 -9 -5 -10 -6 -10 -6 -10 -6 -10 -6 -10 -6 0 0 -10 -6 -10 -6 -11 -7 -11 -6 -11 -6 -11 -6 -11 -7 -12 -6 -11 -7 -12 -6 -12 -6 -12 -6 -12 -7 -13 -6 -13 -7 -13 -7 -13 -7 -13 -7 -14 -7 -14 -7 -14 -7 -14 -7 -14 -7 -14 -7 -14 -7 -14 -7 0 0 0 0 0 0 0 0 0 0
1784740935.233338,56294,-45,11,1,7,1,-95,1,656721449,128,0 0 0 0 0 0 0 0 0 0 0 0 -4 -4 -4 -5 -4 -5 -4 -6 -4 -6 -4 -6 -4 -6 -4 -6 -4 -7 -5 -6 -4 -7 -5 -7 -5 -7 -5 -8 -5 -8 -5 -8 -5 -9 -5 -9 -5 -9 -5 -9 -5 -10 -5 -10 -5 -9 -5 -10 -5 -10 -5 -11 0 0 -5 -11 -5 -11 -5 -11 -5 -11 -6 -11 -6 -12 -5 -12 -6 -12 -6 -12 -6 -12 -7 -12 -7 -12 -7 -12 -7 -13 -7 -12 -7 -13 -7 -13 -7 -13 -7 -14 -7 -14 -7 -14 -7 -14 -7 -13 -8 -14 -8 -14 -8 -14 0 0 0 0 0 0 0 0 0 0
1784740935.233338,56295,-45,11,1,7,1,-95,1,656740755,128,0 0 0 0 0 0 0 0 0 0 0 0 4 -3 5 -3 5 -3 5 -3 5 -3 5 -3 5 -3 6 -3 6 -3 6 -3 6 -3 6 -3 7 -3 7 -3 7 -3 7 -3 8 -3 8 -3 8 -3 8 -3 9 -4 9 -3 9 -3 9 -3 9 -3 10 -3 0 0 10 -4 10 -4 10 -4 10 -4 11 -4 11 -4 11 -4 11 -4 12 -4 11 -4 12 -4 12 -4 12 -5 12 -5 12 -5 13 -5 13 -5 13 -5 13 -5 13 -5 13 -5 13 -5 13 -5 14 -5 14 -5 14 -5 0 0 0 0 0 0 0 0 0 0
1784740935.249421,56296,-46,11,1,7,1,-95,1,656754622,128,0 0 0 0 0 0 0 0 0 0 0 0 -4 5 -4 4 -4 5 -4 4 -4 5 -4 4 -4 5 -4 5 -4 5 -5 5 -5 5 -5 5 -5 5 -6 6 -5 6 -6 6 -6 6 -6 7 -6 6 -6 7 -6 7 -6 7 -7 8 -7 7 -7 7 -7 7 0 0 -8 8 -8 9 -7 8 -8 9 -7 9 -8 9 -8 9 -8 10 -8 10 -9 11 -9 10 -8 10 -9 10 -8 10 -9 12 -8 11 -10 12 -9 11 -9 11 -9 12 -9 12 -9 12 -10 12 -10 12 -11 11 -10 11 0 0 0 0 0 0 0 0 0 0
1784740935.249421,56297,-46,11,1,7,1,-95,1,656760746,128,0 0 0 0 0 0 0 0 0 0 0 0 1 5 1 5 1 6 0 5 0 6 0 6 1 6 1 6 1 6 1 6 0 6 0 7 0 7 0 7 1 7 1 8 1 8 1 8 1 8 1 9 1 9 1 9 1 10 1 10 0 10 1 10 0 0 1 11 1 11 1 11 2 11 1 11 2 11 2 12 2 12 2 12 2 13 2 13 2 13 2 13 2 13 3 14 3 13 2 14 2 14 3 14 3 14 3 14 3 14 2 15 2 15 2 15 2 15 0 0 0 0 0 0 0 0 0 0
1784740935.265568,56298,-46,11,1,7,1,-95,1,656770626,128,0 0 0 0 0 0 0 0 0 0 0 0 -1 5 -2 5 -2 5 -2 5 -2 5 -2 5 -2 5 -2 6 -2 6 -2 6 -2 6 -2 6 -2 7 -2 7 -2 7 -2 8 -2 8 -2 8 -2 9 -2 8 -2 9 -3 9 -2 9 -3 9 -3 9 -3 10 0 0 -3 10 -3 11 -3 11 -3 11 -2 11 -3 11 -2 11 -3 12 -2 12 -2 12 -2 13 -2 13 -2 13 -2 13 -2 13 -2 14 -2 14 -2 15 -2 14 -2 15 -2 15 -2 15 -3 15 -3 15 -3 15 -3 15 0 0 0 0 0 0 0 0 0 0
1784740935.281722,56299,-47,11,1,7,1,-95,1,656780616,128,0 0 0 0 0 0 0 0 0 0 0 0 -1 5 -2 5 -2 5 -2 5 -2 5 -2 5 -2 5 -2 5 -2 6 -2 6 -2 6 -2 6 -2 7 -2 7 -2 7 -2 7 -2 8 -2 8 -3 9 -3 9 -3 8 -3 9 -2 9 -2 9 -3 9 -3 10 0 0 -3 10 -3 10 -3 11 -3 11 -3 11 -3 11 -3 11 -3 12 -3 12 -2 12 -2 12 -2 13 -2 13 -2 14 -3 13 -3 14 -3 13 -3 14 -3 14 -3 15 -3 15 -4 15 -3 14 -3 15 -3 15 -4 15 0 0 0 0 0 0 0 0 0 0
1784740935.281722,56300,-48,11,1,7,1,-95,1,656790773,128,0 0 0 0 0 0 0 0 0 0 0 0 0 -6 0 -6 0 -6 1 -6 1 -6 1 -6 0 -7 0 -6 0 -7 1 -7 1 -7 1 -7 1 -7 1 -8 1 -8 1 -8 1 -9 1 -9 1 -9 1 -9 1 -10 1 -10 1 -10 1 -10 2 -10 2 -10 0 0 1 -11 1 -12 1 -11 1 -12 1 -12 1 -12 0 -12 1 -13 0 -13 1 -14 1 -14 1 -14 1 -14 1 -14 0 -15 0 -15 1 -15 1 -16 1 -15 0 -16 1 -16 0 -16 1 -16 2 -16 2 -16 2 -16 0 0 0 0 0 0 0 0 0 0
1784740935.297668,56301,-47,11,1,7,1,-95,1,656800599,128,0 0 0 0 0 0 0 0 0 0 0 0 1 5 1 5 0 5 0 5 0 5 0 6 0 6 1 6 0 6 1 6 1 6 1 6 1 7 1 7 1 7 0 7 1 8 1 8 1 8 0 8 1 9 0 9 1 9 1 9 0 9 0 10 0 0 1 10 1 10 1 11 1 10 1 11 1 11 1 11 1 11 1 12 2 12 2 12 2 12 2 12 2 13 2 13 2 14 2 13 2 14 2 14 2 14 2 15 2 15 2 14 1 15 1 15 1 15 0 0 0 0 0 0 0 0 0 0
1784740935.297668,56302,-44,11,1,7,0,-95,1,656812334,128,0 0 0 0 0 0 0 0 0 0 0 0 -5 -5 -4 -6 -4 -6 -4 -6 -4 -6 -4 -6 -4 -7 -4 -7 -4 -7 -4 -7 -4 -7 -4 -7 -4 -8 -4 -8 -5 -9 -4 -9 -5 -9 -5 -9 -5 -9 -5 -9 -5 -10 -5 -10 -5 -10 -5 -10 -5 -10 -5 -10 0 0 -6 -11 -6 -11 -6 -11 -6 -11 -6 -11 -7 -11 -7 -12 -7 -12 -7 -12 -8 -12 -8 -12 -8 -12 -8 -13 -8 -13 -8 -13 -9 -13 -8 -14 -9 -14 -9 -14 -9 -14 -9 -14 -9 -15 -9 -15 -9 -15 -9 -15 -8 -16 0 0 0 0 0 0 0 0 0 0
1784740935.316718,56303,-47,11,1,7,1,-95,1,656820645,128,0 0 0 0 0 0 0 0 0 0 0 0 -1 -7 -1 -7 -1 -7 -1 -7 0 -7 0 -7 0 -7 0 -8 0 -8 0 -8 0 -8 1 -9 1 -9 1 -9 0 -9 1 -9 0 -9 1 -10 1 -9 1 -10 1 -10 1 -10 1 -10 1 -10 1 -10 1 -11 0 0 1 -10 0 -11 0 -11 0 -12 0 -11 0 -12 -1 -12 -1 -13 -1 -12 -1 -14 -1 -14 -1 -13 -1 -13 -1 -13 -1 -15 -2 -15 -1 -15 -1 -15 -1 -15 -2 -16 -1 -16 -1 -16 0 -17 0 -16 0 -17 0 -16 0 0 0 0 0 0 0 0 0 0
1784740935.361520,56304,-47,11,1,7,1,-95,1,656848524,128,0 0 0 0 0 0 0 0 0 0 0 0 3 6 3 7 3 7 3 7 2 7 2 7 2 7 2 7 2 8 2 8 2 8 1 8 2 8 1 8 1 9 1 9 1 9 1 9 1 9 1 9 1 9 1 9 2 9 2 9 2 9 2 9 0 0 2 9 3 9 3 9 3 9 4 9 4 10 4 10 4 10 5 10 5 10 5 11 5 11 5 11 6 12 6 11 6 12 6 12 6 13 7 13 7 13 7 14 7 14 6 13 6 14 6 14 6 15 0 0 0 0 0 0 0 0 0 0
1784740935.361520,56305,-47,11,1,7,1,-95,1,656851948,128,0 0 0 0 0 0 0 0 0 0 0 0 -7 3 -8 3 -8 2 -8 2 -8 2 -8 2 -9 2 -9 2 -9 1 -9 1 -9 1 -9 1 -9 1 -9 1 -10 1 -10 1 -10 1 -10 1 -10 1 -10 1 -10 1 -10 1 -10 1 -10 1 -10 1 -10 2 0 0 -11 2 -10 2 -11 2 -10 3 -11 3 -11 3 -11 3 -11 4 -12 4 -12 4 -12 4 -12 5 -12 5 -13 5 -13 5 -14 6 -13 5 -14 6 -14 6 -15 6 -15 6 -15 6 -15 6 -15 6 -15 6 -16 6 0 0 0 0 0 0 0 0 0 0
1784740935.383326,56306,-47,11,1,7,1,-95,1,656874719,128,0 0 0 0 0 0 0 0 0 0 0 0 6 4 6 5 6 5 6 6 6 6 6 6 6 6 6 6 5 6 5 6 5 7 5 7 5 7 5 7 5 7 5 7 5 8 5 7 5 8 5 7 5 7 5 8 6 7 6 7 6 7 6 8 0 0 6 8 7 7 7 8 7 7 8 7 8 7 8 7 9 7 9 8 9 7 9 8 10 8 10 8 11 8 10 8 11 9 11 8 12 9 11 9 12 9 12 9 12 9 12 9 12 10 12 10 12 11 0 0 0 0 0 0 0 0 0 0
1784740935.429599,56307,-46,11,1,7,1,-95,1,656896415,128,0 0 0 0 0 0 0 0 0 0 0 0 0 -9 1 -9 1 -9 2 -9 2 -9 2 -9 2 -9 2 -9 3 -9 3 -9 3 -9 3 -9 3 -9 4 -9 4 -9 4 -9 4 -9 4 -9 4 -9 4 -9 4 -9 4 -10 3 -9 3 -9 3 -10 3 -10 0 0 3 -10 3 -10 3 -10 2 -11 2 -11 2 -11 2 -11 2 -12 2 -12 2 -13 2 -13 2 -13 2 -13 2 -14 2 -14 2 -14 2 -14 2 -15 2 -15 2 -15 2 -16 3 -16 2 -16 3 -16 3 -16 3 -16 0 0 0 0 0 0 0 0 0 0
1784740935.460723,56308,-47,11,1,7,1,-95,1,656896896,128,0 0 0 0 0 0 0 0 0 0 0 0 -9 0 -9 0 -9 -1 -9 -1 -9 -1 -9 -2 -9 -2 -9 -2 -9 -3 -9 -2 -9 -2 -9 -3 -9 -3 -9 -3 -10 -3 -9 -3 -10 -3 -9 -3 -10 -3 -9 -3 -10 -3 -10 -3 -10 -3 -10 -3 -10 -2 -10 -2 0 0 -10 -2 -10 -2 -11 -2 -10 -2 -11 -1 -11 -1 -11 -1 -11 -1 -12 -1 -12 0 -13 0 -13 0 -13 0 -14 0 -13 0 -15 0 -13 0 -15 0 -15 0 -15 0 -15 0 -16 0 -15 0 -16 0 -16 0 -17 -1 0 0 0 0 0 0 0 0 0 0
1784740935.488729,56309,-42,11,1,5,0,-95,1,656935936,128,0 0 0 0 0 0 0 0 0 0 0 0 -10 2 -10 1 -10 0 -10 0 -11 -1 -11 -1 -10 -1 -11 -1 -11 -2 -11 -2 -11 -2 -11 -2 -11 -2 -11 -3 -11 -3 -11 -3 -11 -3 -11 -3 -11 -3 -11 -3 -11 -3 -11 -3 -11 -2 -11 -2 -11 -2 -11 -2 0 0 -11 -2 -11 -1 -11 -1 -12 -1 -12 -1 -12 -1 -12 0 -13 0 -13 0 -13 0 -13 1 -13 1 -14 1 -14 1 -15 1 -15 1 -15 1 -15 2 -15 1 -16 1 -16 1 -16 1 -16 1 -17 1 -17 1 -17 1 0 0 0 0 0 0 0 0 0 0
1784740935.488729,56310,-50,11,1,7,1,-95,1,657002919,128,0 0 0 0 0 0 0 0 0 0 0 0 8 2 9 3 8 4 8 4 8 4 8 5 8 5 8 5 8 5 8 5 8 6 8 6 7 6 7 6 8 7 7 6 8 7 7 6 7 7 7 6 7 6 7 6 7 6 7 6 7 6 7 6 0 0 7 5 8 5 8 5 8 4 8 4 9 4 9 4 9 3 10 4 10 4 10 4 11 4 11 3 11 3 11 3 12 3 11 3 12 3 12 3 12 3 13 3 13 3 12 3 12 4 13 4 13 4 0 0 0 0 0 0 0 0 0 0
1784740935.504456,56311,-50,11,1,7,1,-95,1,657006504,128,0 0 0 0 0 0 0 0 0 0 0 0 4 7 3 7 3 8 3 8 3 8 2 8 2 8 2 9 2 9 1 9 1 9 1 9 1 9 1 9 1 9 1 9 0 9 0 9 1 9 0 9 1 9 1 9 1 9 0 8 1 9 1 9 0 0 2 9 2 9 2 9 2 9 3 9 3 8 3 9 3 9 4 9 4 10 4 10 4 10 4 10 5 10 5 10 5 11 5 11 5 11 6 11 6 11 6 11 6 11 6 11 5 11 5 12 6 12 0 0 0 0 0 0 0 0 0 0
1784740935.504456,56312,-47,11,1,7,0,-95,1,657008194,128,0 0 0 0 0 0 0 0 0 0 0 0 7 6 7 6 7 7 7 7 6 8 6 8 6 8 6 8 6 9 6 9 6 9 5 9 5 10 5 10 5 10 5 10 5 10 5 10 5 10 4 10 5 10 5 10 5 10 5 9 5 10 6 9 0 0 6 9 6 9 6 10 7 9 7 9 7 9 8 9 8 9 8 10 9 9 9 9 9 10 9 10 9 10 10 10 10 10 10 10 10 10 10 10 11 10 11 11 11 10 12 12 11 11 10 12 11 13 0 0 0 0 0 0 0 0 0 0
1784740935.504456,56313,-46,11,1,7,0,-95,1,657015202,128,0 0 0 0 0 0 0 0 0 0 0 0 -9 -3 -9 -3 -9 -4 -8 -5 -8 -5 -8 -5 -8 -5 -9 -5 -9 -6 -9 -6 -9 -6 -9 -6 -9 -6 -9 -7 -9 -7 -9 -7 -9 -7 -9 -7 -9 -8 -9 -7 -9 -7 -9 -7 -9 -7 -9 -7 -10 -7 -10 -7 0 0 -11 -7 -10 -7 -11 -7 -11 -8 -12 -7 -12 -7 -12 -7 -13 -8 -13 -8 -13 -8 -13 -8 -14 -8 -14 -8 -14 -8 -14 -9 -15 -9 -14 -9 -15 -9 -15 -9 -16 -9 -15 -9 -15 -10 -15 -8 -16 -10 -17 -12 -16 -9 0 0 0 0 0 0 0 0 0 0
1784740935.504456,56314,-49,11,1,7,1,-95,1,657020683,128,0 0 0 0 0 0 0 0 0 0 0 0 4 -4 4 -4 4 -4 4 -4 5 -4 5 -4 5 -4 5 -4 5 -4 5 -4 5 -4 6 -4 6 -4 6 -4 6 -5 6 -4 6 -5 7 -5 7 -5 7 -5 7 -5 7 -5 7 -6 7 -5 7 -6 7 -6 0 0 8 -6 8 -7 8 -6 8 -7 8 -7 8 -7 8 -7 9 -8 9 -8 9 -8 9 -8 9 -8 9 -8 10 -8 10 -9 10 -9 11 -9 11 -9 10 -9 11 -9 11 -9 11 -9 11 -9 12 -9 11 -9 11 -9 0 0 0 0 0 0 0 0 0 0
1784740935.536688,56315,-48,11,1,6,1,-95,1,657031997,128,0 0 0 0 0 0 0 0 0 0 0 0 -2 -5 -2 -5 -2 -5 -2 -5 -2 -5 -2 -6 -2 -6 -2 -6 -1 -6 -2 -6 -2 -6 -2 -7 -2 -7 -2 -7 -2 -7 -2 -8 -2 -8 -2 -8 -2 -8 -2 -9 -2 -9 -2 -9 -3 -9 -3 -9 -2 -10 -2 -10 0 0 -3 -11 -3 -10 -3 -11 -3 -11 -3 -11 -3 -12 -3 -12 -3 -12 -3 -12 -4 -13 -3 -13 -4 -13 -4 -13 -4 -14 -4 -14 -4 -14 -3 -14 -4 -14 -4 -15 -4 -15 -3 -15 -4 -15 -4 -15 -4 -15 -4 -15 -3 -16 0 0 0 0 0 0 0 0 0 0
1784740935.536688,56316,-44,11,1,7,0,-95,1,657042426,128,0 0 0 0 0 0 0 0 0 0 0 0 0 -6 0 -6 0 -6 0 -6 0 -6 0 -7 1 -6 0 -7 0 -7 0 -7 1 -7 1 -8 1 -8 1 -8 1 -8 1 -8 0 -9 1 -9 1 -10 1 -10 1 -10 1 -10 1 -11 1 -11 1 -11 1 -11 0 0 1 -12 1 -12 1 -13 1 -12 1 -13 1 -13 1 -13 1 -14 1 -14 1 -14 1 -15 1 -15 1 -15 1 -15 1 -15 1 -16 1 -16 1 -16 1 -16 1 -17 1 -17 1 -17 1 -17 1 -17 1 -17 1 -18 0 0 0 0 0 0 0 0 0 0
1784740935.544870,56317,-47,11,1,6,1,-95,1,657052214,128,0 0 0 0 0 0 0 0 0 0 0 0 1 5 1 5 0 5 1 5 0 5 0 5 0 5 0 5 1 5 0 6 0 6 0 6 1 6 0 6 0 6 0 7 0 7 0 8 0 8 1 8 1 8 1 8 1 9 1 9 0 9 1 9 0 0 1 10 1 10 1 10 1 11 1 10 1 11 1 11 1 11 1 12 1 12 1 12 1 12 1 12 1 12 1 13 1 13 1 14 1 14 1 14 1 14 1 14 1 14 1 15 1 15 1 15 1 15 0 0 0 0 0 0 0 0 0 0
1784740935.616584,56318,-48,11,1,7,1,-95,1,657081908,128,0 0 0 0 0 0 0 0 0 0 0 0 -6 -2 -6 -2 -6 -2 -6 -3 -6 -3 -6 -3 -6 -3 -7 -3 -7 -3 -7 -4 -6 -4 -7 -4 -7 -4 -7 -4 -7 -4 -7 -5 -7 -5 -8 -5 -7 -5 -8 -5 -8 -5 -8 -5 -8 -5 -8 -6 -8 -6 -8 -6 0 0 -8 -6 -9 -6 -8 -6 -9 -6 -9 -6 -9 -6 -9 -6 -10 -6 -9 -6 -10 -7 -10 -7 -10 -7 -10 -7 -10 -7 -10 -7 -10 -7 -10 -7 -10 -7 -11 -7 -11 -7 -11 -7 -11 -7 -11 -7 -10 -8 -10 -7 -10 -7 0 0 0 0 0 0 0 0 0 0
1784740935.648551,56319,-46,11,1,6,1,-95,1,657111212,128,0 0 0 0 0 0 0 0 0 0 0 0 -9 0 -9 0 -9 -1 -9 -1 -9 -1 -9 -1 -9 -1 -9 -2 -9 -2 -9 -2 -9 -2 -10 -2 -10 -2 -10 -3 -10 -3 -10 -3 -10 -3 -10 -3 -11 -3 -11 -3 -11 -3 -10 -3 -11 -3 -11 -3 -11 -3 -11 -3 0 0 -12 -3 -12 -3 -12 -3 -12 -2 -12 -2 -12 -2 -12 -2 -13 -2 -13 -2 -13 -1 -13 -2 -14 -1 -14 -1 -14 -1 -14 -1 -15 -1 -14 -1 -15 -1 -15 -1 -15 -1 -15 -1 -15 -1 -15 -1 -15 -1 -15 -1 -15 -1 0 0 0 0 0 0 0 0 0 0
1784740935.648551,56320,-43,11,1,5,0,-95,1,657127574,128,0 0 0 0 0 0 0 0 0 0 0 0 -8 -3 -8 -3 -8 -4 -8 -4 -8 -4 -8 -5 -8 -5 -9 -5 -8 -6 -9 -6 -9 -6 -9 -6 -9 -6 -9 -7 -9 -7 -9 -7 -9 -7 -9 -7 -10 -8 -10 -8 -10 -8 -10 -8 -10 -8 -10 -8 -10 -8 -11 -8 0 0 -11 -9 -11 -8 -11 -9 -11 -9 -12 -8 -12 -9 -12 -9 -12 -9 -12 -9 -13 -9 -13 -9 -14 -8 -13 -9 -14 -9 -14 -9 -14 -9 -14 -9 -14 -9 -14 -10 -15 -10 -15 -10 -15 -10 -15 -10 -15 -10 -15 -10 -15 -10 0 0 0 0 0 0 0 0 0 0
1784740935.700459,56321,-46,11,1,3,1,-95,1,657132958,128,0 0 0 0 0 0 0 0 0 0 0 0 -2 -7 -2 -7 -2 -8 -1 -7 -1 -8 -1 -8 -1 -8 -1 -8 -1 -8 0 -9 0 -9 0 -9 0 -9 0 -9 0 -9 0 -10 0 -10 0 -11 0 -10 0 -11 0 -11 0 -11 0 -11 0 -11 0 -11 0 -11 0 0 0 -12 -1 -12 0 -11 -1 -13 -1 -12 -1 -12 -1 -12 -1 -13 -2 -13 -2 -14 -1 -14 -1 -13 -1 -13 -2 -13 -3 -15 -2 -14 -2 -15 -2 -15 -3 -15 -3 -15 -3 -15 -3 -15 -2 -16 -2 -16 -2 -15 -2 -15 0 0 0 0 0 0 0 0 0 0
1784740935.700459,56322,-44,11,1,7,0,-95,1,657142595,128,0 0 0 0 0 0 0 0 0 0 0 0 -7 2 -8 1 -8 1 -8 1 -8 1 -9 0 -9 1 -9 0 -9 0 -9 0 -9 0 -10 0 -10 -1 -10 0 -11 -1 -10 -1 -11 -1 -11 -1 -11 -1 -11 -1 -12 -1 -12 -1 -12 0 -12 -1 -12 -1 -12 -1 0 0 -13 -1 -13 0 -13 -1 -13 0 -13 0 -13 0 -13 0 -14 0 -14 0 -14 1 -15 1 -14 1 -15 1 -15 1 -15 1 -15 1 -15 1 -15 1 -16 2 -16 1 -16 1 -16 1 -16 1 -16 1 -16 1 -16 1 0 0 0 0 0 0 0 0 0 0
1784740935.700459,56323,-48,11,1,7,1,-95,1,657158066,128,0 0 0 0 0 0 0 0 0 0 0 0 -7 -2 -7 -3 -7 -3 -7 -4 -7 -4 -7 -4 -7 -4 -7 -4 -7 -5 -7 -5 -7 -5 -7 -5 -7 -6 -8 -6 -8 -6 -7 -6 -8 -7 -8 -6 -8 -7 -7 -7 -8 -7 -8 -7 -8 -6 -8 -7 -8 -7 -8 -7 0 0 -9 -7 -8 -7 -9 -8 -9 -7 -9 -7 -9 -7 -10 -7 -10 -7 -10 -8 -10 -7 -10 -7 -11 -7 -10 -7 -11 -7 -11 -8 -11 -8 -11 -7 -11 -8 -11 -8 -11 -8 -12 -7 -12 -8 -11 -7 -11 -8 -11 -8 -12 -8 0 0 0 0 0 0 0 0 0 0
1784740935.700459,56324,-47,11,1,6,1,-95,1,657210160,128,0 0 0 0 0 0 0 0 0 0 0 0 4 6 3 6 3 8 2 7 2 8 2 8 2 8 2 8 2 8 2 9 1 9 1 9 1 9 1 9 1 9 1 10 1 10 1 10 0 10 1 10 1 10 1 10 1 10 0 10 0 10 0 10 0 0 1 10 1 10 1 10 1 11 2 10 2 10 2 10 2 10 2 10 3 11 3 11 3 11 3 11 3 10 4 11 3 11 4 11 4 11 4 11 5 11 4 11 5 11 5 11 4 11 4 11 5 11 0 0 0 0 0 0 0 0 0 0
1784740935.700459,56325,-47,11,1,6,1,-95,1,657212070,128,0 0 0 0 0 0 0 0 0 0 0 0 7 4 6 5 6 6 6 6 6 6 6 6 6 7 6 7 6 8 5 8 5 8 5 8 5 9 5 9 5 9 5 9 4 9 5 9 4 10 4 10 4 10 4 10 5 9 4 9 4 9 5 10 0 0 5 10 5 10 5 10 5 10 5 9 5 10 5 9 6 10 6 10 7 10 6 10 7 10 7 9 7 10 7 10 7 10 7 10 7 10 8 10 8 10 8 10 8 10 8 10 8 10 8 9 8 10 0 0 0 0 0 0 0 0 0 0
1784740935.712485,56326,-46,11,1,7,1,-95,1,657224010,128,0 0 0 0 0 0 0 0 0 0 0 0 -5 -7 -4 -8 -4 -9 -3 -9 -3 -9 -3 -9 -3 -9 -3 -10 -3 -10 -3 -10 -3 -10 -3 -11 -2 -11 -2 -11 -2 -11 -1 -12 -1 -12 -1 -12 -1 -12 -1 -12 -1 -12 -1 -12 -1 -12 -1 -12 -1 -12 -1 -12 0 0 -1 -12 -1 -13 -1 -13 -2 -12 -2 -12 -2 -13 -2 -13 -2 -12 -2 -13 -3 -13 -3 -13 -3 -13 -4 -13 -4 -13 -4 -13 -4 -13 -4 -13 -4 -13 -4 -14 -4 -14 -4 -14 -4 -14 -4 -14 -4 -14 -5 -14 -5 -14 0 0 0 0 0 0 0 0 0 0
1784740935.728295,56327,-46,11,1,7,1,-95,1,657230559,128,0 0 0 0 0 0 0 0 0 0 0 0 -1 -8 -1 -8 0 -8 0 -8 0 -9 0 -9 0 -9 0 -9 1 -9 1 -10 1 -10 2 -10 2 -10 2 -10 2 -10 3 -10 3 -11 3 -10 3 -11 3 -11 3 -11 4 -11 3 -11 3 -11 3 -11 3 -11 0 0 4 -11 4 -11 4 -11 3 -11 3 -11 3 -12 3 -12 3 -12 3 -12 2 -12 3 -12 2 -12 2 -13 2 -13 2 -13 3 -14 2 -13 2 -14 2 -14 2 -14 2 -14 2 -14 2 -14 2 -14 2 -14 2 -15 0 0 0 0 0 0 0 0 0 0
1784740935.728295,56328,-47,11,1,7,1,-95,1,657240678,128,0 0 0 0 0 0 0 0 0 0 0 0 5 4 4 5 4 6 4 5 4 6 4 6 4 7 4 7 4 7 4 7 4 8 4 8 4 8 3 8 3 8 3 9 3 9 3 9 3 9 3 9 3 9 3 9 3 9 3 10 3 9 3 10 0 0 3 10 3 10 3 9 4 10 3 10 3 10 4 10 4 10 4 10 5 11 5 10 5 10 5 10 5 10 6 10 6 10 5 11 6 11 6 11 6 11 6 11 6 11 6 12 6 12 6 12 6 12 0 0 0 0 0 0 0 0 0 0
1784740935.744533,56329,-47,11,1,7,1,-95,1,657250594,128,0 0 0 0 0 0 0 0 0 0 0 0 6 3 6 3 6 4 6 4 6 5 6 5 6 5 6 5 6 6 6 6 6 6 6 6 6 7 6 7 6 7 6 7 6 7 6 7 6 8 6 8 6 8 6 8 6 8 6 8 6 8 6 8 0 0 6 8 6 8 6 8 6 8 6 7 7 8 6 8 7 8 7 8 8 8 7 8 8 7 8 8 8 8 9 7 8 8 9 8 9 7 9 8 9 8 9 8 10 8 10 8 9 8 10 8 10 8 0 0 0 0 0 0 0 0 0 0
1784740935.744533,56330,-43,11,1,7,0,-95,1,657260616,128,0 0 0 0 0 0 0 0 0 0 0 0 -7 1 -7 1 -8 0 -8 0 -8 0 -8 -1 -8 -1 -9 -1 -9 -1 -9 -1 -9 -1 -9 -2 -9 -2 -9 -2 -9 -2 -10 -2 -9 -3 -10 -3 -9 -3 -9 -3 -10 -3 -10 -3 -10 -3 -10 -3 -10 -3 -10 -3 0 0 -10 -3 -10 -3 -10 -2 -10 -2 -10 -2 -11 -2 -11 -2 -11 -2 -11 -2 -11 -2 -11 -1 -11 -1 -11 -1 -11 -1 -12 -1 -12 -1 -12 -1 -12 -2 -12 -1 -12 -1 -12 -1 -13 -1 -12 -1 -12 -1 -13 -1 -13 -1 0 0 0 0 0 0 0 0 0 0
1784740935.760428,56331,-46,11,1,7,1,-95,1,657270560,128,0 0 0 0 0 0 0 0 0 0 0 0 1 7 0 7 0 7 -1 8 -1 8 -1 8 -1 8 -2 8 -2 8 -2 8 -2 8 -3 8 -3 8 -3 8 -3 9 -3 9 -3 9 -3 9 -3 9 -3 9 -3 9 -3 9 -3 9 -3 9 -3 9 -3 10 0 0 -3 10 -3 10 -3 10 -3 10 -3 10 -3 10 -2 10 -2 11 -2 11 -2 11 -2 11 -2 11 -2 12 -2 12 -2 12 -2 13 -2 12 -2 13 -2 13 -2 13 -1 13 -1 13 -2 13 -2 13 -2 13 -2 13 0 0 0 0 0 0 0 0 0 0
1784740935.777496,56332,-46,11,1,7,1,-95,1,657280744,128,0 0 0 0 0 0 0 0 0 0 0 0 -2 7 -3 7 -3 7 -4 6 -4 6 -4 7 -4 6 -5 7 -5 7 -5 7 -5 7 -5 7 -6 7 -6 7 -6 7 -6 7 -6 7 -6 7 -6 7 -6 7 -6 7 -6 7 -6 7 -6 7 -6 8 -6 8 0 0 -6 8 -6 8 -6 8 -6 8 -6 9 -6 9 -6 9 -6 9 -6 10 -6 10 -5 10 -5 10 -6 11 -6 11 -6 11 -6 11 -6 11 -6 11 -6 12 -6 12 -6 12 -6 12 -6 12 -6 12 -6 12 -6 12 0 0 0 0 0 0 0 0 0 0
1784740935.777496,56333,-45,11,1,7,1,-95,1,657290594,128,0 0 0 0 0 0 0 0 0 0 0 0 0 -9 1 -9 1 -9 2 -9 2 -9 2 -8 2 -9 3 -9 3 -9 3 -9 4 -9 4 -9 4 -9 4 -9 4 -9 5 -9 4 -9 5 -9 5 -9 5 -9 5 -9 4 -9 5 -9 5 -9 5 -9 5 -9 0 0 4 -9 4 -10 4 -9 4 -10 4 -10 4 -11 3 -11 4 -11 3 -11 4 -12 4 -12 3 -12 3 -12 3 -12 3 -13 3 -13 4 -13 4 -13 3 -13 3 -14 3 -14 3 -14 4 -14 4 -14 4 -14 4 -14 0 0 0 0 0 0 0 0 0 0
1784740935.792432,56334,-46,11,1,7,1,-95,1,657300611,128,0 0 0 0 0 0 0 0 0 0 0 0 -9 -2 -10 -2 -10 -3 -10 -4 -9 -4 -10 -4 -9 -4 -9 -5 -9 -5 -9 -5 -9 -6 -9 -6 -9 -6 -9 -7 -9 -6 -9 -7 -9 -7 -9 -7 -9 -7 -9 -7 -9 -7 -9 -7 -9 -7 -9 -7 -9 -7 -9 -7 0 0 -9 -7 -9 -6 -9 -7 -10 -6 -10 -6 -10 -6 -10 -6 -10 -6 -11 -6 -11 -6 -11 -6 -11 -5 -11 -6 -12 -6 -12 -5 -12 -6 -12 -6 -13 -5 -13 -5 -13 -5 -13 -5 -14 -5 -13 -5 -13 -6 -14 -6 -14 -6 0 0 0 0 0 0 0 0 0 0
1784740935.792432,56335,-46,11,1,7,1,-95,1,657310557,128,0 0 0 0 0 0 0 0 0 0 0 0 8 0 8 1 9 1 8 2 8 2 8 2 8 3 9 3 9 3 8 3 9 3 9 3 8 4 9 4 9 4 8 5 9 5 8 4 8 5 8 5 8 5 8 5 8 4 8 4 8 4 9 4 0 0 9 4 9 4 9 4 9 4 9 3 9 3 9 3 10 3 10 3 10 2 10 2 11 2 11 2 11 2 11 2 12 2 11 2 12 2 12 2 12 2 12 2 12 2 12 2 12 2 13 1 13 2 0 0 0 0 0 0 0 0 0 0
1784740935.808409,56336,-46,11,1,7,1,-95,1,657320588,128,0 0 0 0 0 0 0 0 0 0 0 0 -6 -6 -5 -6 -5 -7 -5 -7 -5 -7 -5 -7 -5 -8 -5 -8 -4 -8 -4 -9 -4 -9 -4 -9 -4 -9 -4 -9 -3 -9 -4 -9 -3 -9 -4 -10 -3 -9 -4 -9 -4 -9 -4 -9 -4 -10 -3 -9 -3 -9 -4 -9 0 0 -4 -10 -5 -10 -4 -9 -5 -10 -5 -9 -5 -10 -5 -10 -6 -10 -6 -10 -7 -11 -6 -10 -6 -10 -6 -10 -6 -10 -7 -11 -7 -10 -7 -11 -7 -11 -8 -11 -8 -11 -8 -11 -8 -11 -8 -12 -7 -12 -8 -12 -8 -11 0 0 0 0 0 0 0 0 0 0
1784740935.824174,56337,-46,11,1,6,1,-95,1,657331836,128,0 0 0 0 0 0 0 0 0 0 0 0 6 -4 6 -4 6 -4 7 -4 7 -3 7 -3 7 -3 7 -3 8 -3 8 -3 8 -3 8 -3 8 -2 8 -3 8 -2 8 -2 8 -2 8 -2 9 -2 9 -2 9 -2 9 -2 9 -3 9 -2 9 -2 9 -3 0 0 9 -3 10 -3 10 -3 10 -3 10 -4 10 -3 10 -4 10 -4 10 -4 11 -4 11 -4 11 -4 11 -5 11 -4 11 -5 11 -5 11 -5 11 -5 11 -5 12 -5 12 -5 12 -5 12 -5 12 -5 12 -6 12 -5 0 0 0 0 0 0 0 0 0 0
1784740935.824174,56338,-46,11,1,6,1,-95,1,657340767,128,0 0 0 0 0 0 0 0 0 0 0 0 -5 6 -5 6 -6 6 -6 6 -6 6 -7 6 -7 6 -7 6 -7 5 -7 5 -8 5 -8 5 -8 5 -8 5 -8 5 -9 5 -9 5 -9 5 -9 5 -9 5 -9 5 -9 5 -9 5 -9 5 -9 5 -9 5 0 0 -9 5 -9 5 -9 5 -9 6 -9 6 -9 6 -9 6 -9 6 -10 6 -10 7 -10 6 -9 7 -9 7 -9 7 -10 7 -10 8 -10 7 -10 8 -10 8 -10 8 -10 8 -10 8 -10 8 -11 8 -10 8 -10 9 0 0 0 0 0 0 0 0 0 0
1784740935.840019,56339,-45,11,1,6,1,-95,1,657350594,128,0 0 0 0 0 0 0 0 0 0 0 0 -2 -9 -1 -8 -1 -9 0 -9 0 -9 0 -9 0 -10 0 -10 0 -10 1 -10 1 -10 2 -10 2 -10 2 -10 2 -10 2 -11 2 -11 2 -11 2 -11 2 -11 2 -11 2 -11 2 -11 3 -11 3 -11 3 -11 0 0 2 -11 2 -11 2 -11 2 -12 2 -11 1 -11 1 -12 1 -12 1 -12 1 -12 1 -12 1 -12 1 -12 0 -12 0 -13 0 -13 0 -13 0 -13 0 -13 -1 -13 -1 -13 -1 -13 -1 -14 0 -14 -1 -13 -1 -13 0 0 0 0 0 0 0 0 0 0
1784740935.856023,56340,-44,11,1,6,1,-95,1,657360563,128,0 0 0 0 0 0 0 0 0 0 0 0 -8 2 -9 2 -8 1 -9 1 -9 1 -9 1 -9 1 -10 1 -10 0 -10 1 -10 0 -11 0 -11 0 -11 0 -12 0 -11 -1 -12 -1 -11 -1 -12 -1 -12 -1 -12 -1 -12 -2 -12 -1 -12 -2 -12 -1 -12 -1 0 0 -12 -1 -12 -1 -13 -1 -12 -1 -12 -1 -12 0 -12 0 -13 0 -13 0 -13 1 -13 0 -13 1 -13 1 -14 1 -13 1 -14 1 -13 1 -14 1 -14 1 -14 1 -14 1 -14 1 -14 1 -14 1 -14 1 -14 2 0 0 0 0 0 0 0 0 0 0
1784740935.856023,56341,-45,11,1,6,1,-95,1,657370573,128,0 0 0 0 0 0 0 0 0 0 0 0 3 -8 4 -8 5 -8 5 -8 6 -8 5 -8 6 -8 6 -8 6 -8 6 -8 7 -7 7 -7 7 -7 7 -7 7 -7 8 -7 8 -7 8 -7 8 -7 8 -7 8 -7 8 -7 8 -7 8 -7 8 -7 8 -7 0 0 8 -7 8 -8 8 -8 8 -8 7 -8 7 -8 7 -9 7 -9 7 -9 7 -10 7 -10 7 -10 7 -10 7 -10 7 -10 7 -11 7 -11 7 -11 7 -11 7 -11 7 -12 7 -12 7 -12 7 -11 7 -11 7 -12 0 0 0 0 0 0 0 0 0 0
1784740935.873024,56342,-45,11,1,6,1,-95,1,657383117,128,0 0 0 0 0 0 0 0 0 0 0 0 -5 9 -6 8 -7 8 -7 8 -8 8 -8 7 -8 8 -8 7 -9 8 -10 7 -10 6 -10 6 -10 6 -10 6 -10 6 -11 6 -10 6 -11 6 -10 5 -10 6 -10 5 -10 5 -10 5 -10 5 -10 5 -9 5 0 0 -9 5 -9 6 -8 5 -9 6 -8 6 -8 6 -7 7 -7 7 -7 7 -7 8 -7 8 -7 8 -7 8 -6 8 -6 10 -6 9 -7 10 -6 9 -6 10 -6 10 -6 10 -5 11 -6 11 -6 10 -6 11 -6 10 0 0 0 0 0 0 0 0 0 0
1784740935.884016,56343,-45,11,1,6,1,-95,1,657390594,128,0 0 0 0 0 0 0 0 0 0 0 0 -10 -5 -10 -6 -10 -7 -9 -8 -9 -8 -9 -8 -9 -9 -9 -9 -8 -10 -8 -9 -8 -10 -8 -10 -8 -10 -8 -10 -8 -11 -7 -11 -7 -11 -7 -11 -7 -11 -6 -11 -6 -11 -6 -11 -6 -10 -6 -10 -6 -10 -6 -10 0 0 -7 -10 -7 -10 -7 -10 -7 -9 -7 -8 -7 -8 -7 -9 -8 -8 -8 -8 -9 -8 -9 -8 -9 -7 -10 -7 -10 -7 -10 -7 -10 -8 -10 -7 -10 -7 -11 -7 -11 -7 -11 -7 -11 -7 -11 -7 -12 -7 -12 -7 -12 -7 0 0 0 0 0 0 0 0 0 0
1784740935.888018,56344,-45,11,1,6,1,-95,1,657402137,128,0 0 0 0 0 0 0 0 0 0 0 0 -4 -9 -3 -10 -3 -10 -2 -10 -2 -10 -2 -11 -2 -10 -1 -11 -1 -11 -1 -11 -1 -11 -1 -11 0 -11 0 -12 0 -12 0 -11 1 -12 1 -12 1 -12 1 -12 1 -12 1 -12 1 -12 1 -12 1 -12 1 -12 0 0 0 -12 0 -12 0 -12 0 -12 -1 -12 0 -12 -1 -12 -1 -12 -1 -13 -2 -13 -2 -13 -2 -13 -2 -13 -2 -14 -2 -13 -2 -14 -2 -13 -3 -14 -3 -14 -3 -14 -3 -14 -3 -15 -2 -14 -3 -14 -3 -14 -3 -15 0 0 0 0 0 0 0 0 0 0
1784740935.907047,56345,-45,11,1,6,1,-95,1,657410660,128,0 0 0 0 0 0 0 0 0 0 0 0 -9 -2 -9 -3 -9 -4 -8 -4 -9 -4 -8 -4 -9 -5 -8 -5 -9 -5 -9 -6 -8 -6 -9 -6 -8 -6 -9 -6 -8 -6 -9 -7 -9 -7 -9 -7 -9 -7 -9 -7 -9 -7 -9 -7 -9 -7 -9 -7 -9 -7 -9 -7 0 0 -9 -7 -10 -7 -9 -7 -10 -7 -10 -6 -10 -7 -10 -6 -11 -6 -11 -6 -12 -6 -12 -6 -12 -6 -12 -6 -12 -6 -13 -6 -12 -6 -13 -6 -13 -6 -13 -6 -13 -6 -13 -6 -13 -6 -13 -7 -13 -7 -13 -7 -13 -7 0 0 0 0 0 0 0 0 0 0
1784740935.920017,56346,-45,11,1,6,1,-95,1,657420689,128,0 0 0 0 0 0 0 0 0 0 0 0 -5 7 -6 7 -6 7 -7 7 -7 6 -8 6 -8 6 -8 6 -8 6 -8 5 -8 6 -9 6 -9 5 -9 5 -9 6 -9 5 -9 5 -9 5 -10 5 -9 5 -9 5 -9 5 -9 5 -9 5 -9 5 -9 6 0 0 -9 6 -9 6 -9 6 -8 6 -9 6 -9 6 -9 7 -9 7 -9 7 -8 8 -8 8 -8 9 -9 9 -9 9 -9 9 -9 9 -9 9 -9 10 -9 10 -10 10 -10 10 -10 10 -9 10 -10 10 -9 10 -10 11 0 0 0 0 0 0 0 0 0 0
1784740935.920017,56347,-45,11,1,6,1,-95,1,657430573,128,0 0 0 0 0 0 0 0 0 0 0 0 8 -3 8 -2 9 -2 9 -2 9 -1 9 -1 9 -1 9 -1 10 -1 10 0 10 0 10 1 10 1 10 1 10 1 10 1 10 1 10 1 10 1 10 1 10 1 10 1 10 1 10 1 10 1 10 1 0 0 10 0 10 0 10 0 10 0 10 0 10 -1 10 -1 11 -1 11 -1 12 -1 11 -1 11 -1 11 -1 11 -2 12 -2 12 -2 12 -2 12 -2 12 -3 12 -3 13 -3 13 -3 13 -3 13 -2 13 -2 13 -2 0 0 0 0 0 0 0 0 0 0
1784740935.936112,56348,-41,11,1,6,0,-95,1,657440612,128,0 0 0 0 0 0 0 0 0 0 0 0 7 -4 8 -3 8 -3 8 -3 9 -2 9 -2 9 -2 9 -2 10 -1 10 -1 10 -1 10 -1 11 -1 11 0 10 0 11 0 11 0 11 0 11 0 11 0 11 1 11 1 11 0 11 1 12 1 12 0 0 0 12 0 12 1 12 0 12 0 12 0 12 0 12 0 12 0 12 -1 12 -1 12 -1 12 -1 13 -1 13 -1 13 -2 13 -2 13 -2 13 -2 13 -2 13 -2 13 -2 13 -2 13 -2 13 -2 13 -2 13 -2 0 0 0 0 0 0 0 0 0 0
1784740935.936112,56349,-43,11,1,6,1,-95,1,657452092,128,0 0 0 0 0 0 0 0 0 0 0 0 -2 7 -3 7 -3 7 -4 7 -4 7 -4 7 -5 7 -5 8 -5 8 -6 7 -6 8 -6 8 -6 8 -7 8 -6 8 -7 8 -7 8 -7 8 -7 8 -8 8 -7 8 -7 8 -8 9 -8 8 -8 8 -8 8 0 0 -8 8 -8 9 -7 9 -8 9 -7 9 -7 9 -7 9 -7 10 -7 10 -7 10 -7 10 -7 10 -7 10 -7 10 -7 11 -6 11 -7 11 -7 12 -6 12 -6 12 -7 12 -6 12 -7 12 -7 12 -7 12 -7 12 0 0 0 0 0 0 0 0 0 0
1784740935.952314,56350,-44,11,1,6,1,-95,1,657460662,128,0 0 0 0 0 0 0 0 0 0 0 0 -2 7 -2 7 -2 7 -3 7 -3 7 -3 7 -3 7 -4 7 -4 8 -4 7 -5 7 -5 8 -5 7 -5 8 -5 8 -5 8 -5 8 -6 8 -6 8 -6 8 -6 8 -6 8 -6 8 -6 8 -6 8 -6 8 0 0 -6 9 -6 9 -5 9 -6 9 -5 9 -5 9 -5 10 -5 10 -5 10 -5 11 -5 11 -5 10 -5 11 -5 11 -4 12 -4 12 -5 12 -5 12 -4 12 -4 13 -4 12 -4 13 -4 13 -5 13 -5 13 -5 13 0 0 0 0 0 0 0 0 0 0
1784740935.952314,56351,-44,11,1,6,1,-95,1,657470532,128,0 0 0 0 0 0 0 0 0 0 0 0 6 5 6 5 5 6 5 6 5 6 5 7 5 7 5 7 5 8 5 7 5 8 5 8 5 8 4 9 5 9 4 9 4 10 4 9 4 10 3 10 4 10 3 10 4 10 3 10 4 10 4 10 0 0 4 10 4 9 4 10 4 10 4 10 4 10 4 10 5 10 5 10 5 10 6 10 6 10 6 10 6 10 6 9 7 11 6 10 7 10 7 10 7 10 7 10 8 11 8 10 7 10 8 11 8 11 0 0 0 0 0 0 0 0 0 0
1784740935.984297,56352,-44,11,1,6,1,-95,1,657480564,128,0 0 0 0 0 0 0 0 0 0 0 0 3 -9 4 -9 5 -8 5 -8 5 -8 6 -8 6 -8 6 -8 6 -8 6 -8 7 -8 7 -8 7 -8 8 -8 8 -8 8 -7 8 -8 8 -8 8 -8 8 -8 8 -8 8 -8 8 -8 8 -7 8 -7 8 -8 0 0 8 -8 8 -7 8 -8 8 -8 7 -8 7 -8 7 -8 7 -9 7 -9 7 -9 7 -9 7 -9 7 -10 7 -10 6 -10 7 -10 7 -10 6 -11 6 -11 6 -11 6 -11 6 -11 6 -11 6 -11 6 -11 6 -12 0 0 0 0 0 0 0 0 0 0
1784740935.984297,56353,-44,11,1,6,1,-95,1,657490565,128,0 0 0 0 0 0 0 0 0 0 0 0 9 -3 9 -2 10 -2 9 -1 10 -1 10 -1 10 -1 10 0 10 0 10 1 10 1 10 2 10 2 10 2 10 1 11 2 10 2 11 2 10 2 11 2 10 2 10 1 10 2 10 2 10 2 10 2 0 0 10 1 10 1 10 1 11 1 10 1 10 0 10 0 11 0 10 0 11 -1 11 0 11 -1 11 -1 11 -1 12 -2 11 -2 12 -2 12 -2 12 -2 12 -3 12 -2 12 -3 13 -2 12 -2 13 -2 12 -3 0 0 0 0 0 0 0 0 0 0
1784740936.000139,56354,-45,11,1,6,1,-95,1,657500666,128,0 0 0 0 0 0 0 0 0 0 0 0 7 -4 8 -4 8 -3 9 -2 8 -2 9 -2 9 -2 9 -2 9 -1 9 -1 9 -1 9 -1 9 0 10 0 10 0 10 1 10 0 9 0 10 0 10 0 10 0 10 1 9 0 10 0 9 0 10 0 0 0 10 0 9 0 10 0 9 -1 10 -1 10 -1 10 -1 10 -2 11 -2 10 -2 10 -2 11 -3 11 -3 12 -3 11 -3 12 -3 11 -3 12 -4 12 -3 12 -4 12 -4 12 -3 12 -4 12 -3 13 -4 13 -4 0 0 0 0 0 0 0 0 0 0
1784740936.000139,56355,-45,11,1,6,1,-95,1,657515659,128,0 0 0 0 0 0 0 0 0 0 0 0 -4 8 -5 8 -5 7 -6 8 -6 7 -6 7 -6 7 -7 7 -8 7 -7 7 -8 7 -8 7 -8 7 -9 7 -9 7 -9 6 -10 6 -9 6 -10 6 -10 6 -10 6 -10 6 -9 6 -10 6 -10 6 -10 6 0 0 -10 6 -9 6 -10 6 -9 6 -9 6 -9 6 -9 6 -9 7 -9 7 -9 7 -9 7 -9 8 -9 8 -9 9 -8 8 -9 9 -9 9 -9 9 -9 9 -9 10 -9 10 -9 10 -9 10 -9 10 -9 10 -10 10 0 0 0 0 0 0 0 0 0 0
1784740936.016367,56356,-44,11,1,6,1,-95,1,657520559,128,0 0 0 0 0 0 0 0 0 0 0 0 2 8 2 8 1 8 1 9 1 9 1 9 0 9 0 9 0 9 0 10 -1 10 -1 10 -1 10 -1 10 -1 10 -1 11 -1 11 -2 11 -2 11 -2 11 -2 11 -2 11 -2 11 -2 11 -2 11 -2 11 0 0 -2 11 -2 11 -2 10 -1 11 -1 11 -1 11 -1 11 0 11 0 11 0 11 0 11 0 11 1 11 1 11 2 11 2 11 2 12 2 12 2 12 3 12 2 12 3 12 2 13 2 13 3 13 2 13 0 0 0 0 0 0 0 0 0 0
1784740936.016367,56357,-44,11,1,6,1,-95,1,657531179,128,0 0 0 0 0 0 0 0 0 0 0 0 4 -8 4 -8 5 -7 5 -7 5 -7 6 -7 6 -7 6 -7 7 -7 6 -7 7 -7 7 -7 7 -7 8 -7 8 -7 8 -7 9 -7 8 -7 9 -7 9 -7 9 -7 9 -7 9 -7 9 -6 9 -7 10 -7 0 0 10 -7 9 -7 10 -7 9 -7 9 -7 9 -7 9 -7 9 -8 9 -7 9 -8 9 -8 9 -8 9 -9 9 -9 9 -9 9 -9 9 -9 9 -9 9 -10 9 -10 9 -10 9 -10 9 -10 9 -10 9 -10 9 -10 0 0 0 0 0 0 0 0 0 0
1784740936.032481,56358,-45,11,1,6,1,-95,1,657540660,128,0 0 0 0 0 0 0 0 0 0 0 0 -9 -3 -9 -4 -9 -4 -9 -4 -9 -5 -9 -5 -9 -5 -9 -5 -9 -6 -9 -6 -9 -6 -9 -6 -9 -7 -9 -7 -9 -7 -9 -7 -9 -7 -10 -8 -9 -8 -10 -8 -10 -7 -10 -8 -10 -8 -10 -8 -10 -8 -10 -8 0 0 -10 -8 -10 -8 -10 -8 -11 -8 -10 -8 -11 -7 -11 -7 -11 -7 -11 -7 -11 -7 -11 -7 -11 -7 -12 -7 -12 -6 -12 -6 -12 -6 -12 -6 -12 -6 -13 -6 -13 -6 -13 -6 -14 -6 -13 -6 -13 -6 -13 -6 -14 -6 0 0 0 0 0 0 0 0 0 0
1784740936.048231,56359,-45,11,1,7,1,-95,1,657550585,128,0 0 0 0 0 0 0 0 0 0 0 0 7 -6 7 -6 8 -5 8 -5 8 -5 8 -5 8 -4 9 -4 9 -4 9 -4 10 -3 10 -3 10 -3 10 -3 10 -3 10 -3 10 -3 10 -3 10 -3 11 -3 10 -3 11 -3 10 -3 11 -3 10 -3 11 -2 0 0 11 -3 11 -3 11 -3 11 -3 10 -4 11 -4 10 -4 10 -4 10 -4 11 -4 10 -4 11 -4 10 -5 11 -4 10 -5 11 -5 10 -5 11 -6 11 -6 11 -6 11 -6 11 -7 11 -6 11 -6 11 -6 11 -6 0 0 0 0 0 0 0 0 0 0
1784740936.048231,56360,-46,11,1,7,1,-95,1,657560614,128,0 0 0 0 0 0 0 0 0 0 0 0 1 -9 2 -9 3 -8 3 -8 3 -8 3 -8 4 -8 4 -8 4 -8 4 -8 4 -8 5 -8 5 -8 5 -8 5 -8 6 -8 6 -8 5 -8 6 -8 6 -8 6 -8 6 -8 6 -8 6 -8 6 -8 6 -9 0 0 6 -9 6 -8 6 -9 6 -9 6 -9 6 -9 6 -9 5 -9 6 -9 5 -10 5 -10 5 -10 5 -11 6 -11 5 -11 6 -11 5 -11 5 -12 6 -12 6 -12 5 -12 6 -12 5 -12 6 -12 5 -13 6 -13 0 0 0 0 0 0 0 0 0 0
1784740936.065303,56361,-45,11,1,7,1,-95,1,657570545,128,0 0 0 0 0 0 0 0 0 0 0 0 3 -8 3 -8 4 -8 4 -8 5 -8 4 -7 5 -8 5 -7 5 -7 6 -7 6 -7 6 -7 6 -7 6 -7 6 -7 7 -7 7 -7 7 -7 7 -7 7 -7 7 -7 7 -7 7 -8 7 -7 7 -7 7 -7 0 0 7 -8 7 -8 7 -8 7 -8 7 -9 7 -9 7 -9 7 -9 6 -9 7 -10 7 -10 7 -10 7 -10 7 -10 6 -11 7 -11 7 -10 7 -11 7 -11 7 -11 6 -11 6 -12 7 -11 7 -12 7 -11 7 -12 0 0 0 0 0 0 0 0 0 0
1784740936.073508,56362,-45,11,1,7,1,-95,1,657580574,128,0 0 0 0 0 0 0 0 0 0 0 0 -4 -8 -3 -8 -3 -8 -2 -9 -2 -9 -2 -9 -1 -9 -1 -9 -1 -9 -1 -9 -1 -9 0 -10 0 -10 0 -10 0 -10 0 -10 0 -10 0 -10 0 -11 0 -11 0 -11 0 -11 0 -11 0 -11 0 -11 0 -11 0 0 0 -12 0 -11 0 -12 -1 -12 -1 -12 -1 -12 -1 -12 -1 -12 -1 -13 -1 -13 -1 -13 -2 -13 -2 -13 -2 -13 -2 -13 -2 -14 -2 -13 -2 -14 -2 -14 -2 -14 -2 -14 -2 -14 -2 -14 -2 -14 -2 -14 -2 -15 0 0 0 0 0 0 0 0 0 0
1784740936.079895,56363,-45,11,1,6,1,-95,1,657591979,128,0 0 0 0 0 0 0 0 0 0 0 0 -4 6 -5 6 -6 6 -6 5 -6 6 -6 5 -7 5 -7 5 -7 5 -7 5 -7 5 -8 5 -8 5 -8 5 -8 5 -8 5 -8 5 -8 5 -8 5 -9 5 -9 5 -9 5 -9 6 -9 6 -9 5 -9 5 0 0 -9 6 -9 6 -9 6 -10 7 -9 7 -10 7 -9 7 -10 7 -10 7 -10 8 -10 8 -10 8 -10 8 -10 8 -10 9 -10 9 -11 9 -11 9 -10 9 -11 10 -10 9 -11 9 -11 9 -12 9 -11 9 -11 9 0 0 0 0 0 0 0 0 0 0
1784740936.097338,56364,-45,11,1,7,1,-95,1,657600605,128,0 0 0 0 0 0 0 0 0 0 0 0 7 -4 7 -4 8 -3 8 -3 8 -2 8 -2 8 -2 8 -2 8 -2 8 -1 9 -1 9 -1 9 -1 9 -1 9 -1 9 -1 9 -1 9 -1 9 -1 9 -1 9 -1 9 -2 10 -1 9 -1 10 -1 10 -1 0 0 10 -2 10 -2 10 -2 11 -2 10 -3 10 -3 10 -3 11 -3 11 -4 12 -4 12 -3 12 -3 12 -3 12 -4 12 -5 12 -5 13 -4 13 -5 12 -5 13 -5 13 -5 13 -5 13 -4 14 -4 14 -4 14 -5 0 0 0 0 0 0 0 0 0 0
1784740936.097338,56365,-46,11,1,7,1,-95,1,657610659,128,0 0 0 0 0 0 0 0 0 0 0 0 3 -9 3 -9 4 -9 5 -9 5 -8 5 -8 5 -8 5 -9 5 -8 6 -8 6 -8 7 -8 6 -8 7 -8 7 -8 7 -8 7 -8 7 -8 7 -8 7 -8 7 -9 7 -8 7 -9 7 -8 7 -8 7 -9 0 0 7 -9 7 -9 7 -10 6 -10 6 -10 6 -10 6 -10 6 -10 6 -11 6 -11 6 -11 6 -11 6 -11 6 -12 6 -12 6 -13 6 -12 6 -13 6 -13 6 -13 6 -14 6 -14 6 -13 6 -13 6 -13 6 -14 0 0 0 0 0 0 0 0 0 0
1784740936.111861,56366,-47,11,1,6,1,-95,1,657622071,128,0 0 0 0 0 0 0 0 0 0 0 0 7 -8 7 -7 8 -7 8 -6 8 -6 8 -6 8 -6 9 -5 8 -5 8 -5 9 -5 9 -4 9 -4 9 -4 9 -4 8 -5 9 -5 9 -5 9 -5 9 -5 9 -5 9 -5 9 -5 9 -5 9 -5 9 -6 0 0 9 -6 9 -7 9 -7 9 -7 9 -7 9 -7 9 -8 9 -8 9 -8 10 -9 10 -9 10 -9 10 -9 10 -9 10 -10 10 -10 11 -10 11 -10 11 -10 11 -11 11 -11 11 -11 11 -10 12 -10 12 -10 11 -10 0 0 0 0 0 0 0 0 0 0
1784740936.146972,56367,-46,11,1,7,1,-95,1,657651642,128,0 0 0 0 0 0 0 0 0 0 0 0 4 -5 4 -4 5 -4 5 -4 5 -4 5 -4 6 -4 6 -4 6 -4 6 -4 6 -4 7 -4 7 -4 7 -4 7 -4 8 -4 7 -4 8 -4 8 -4 9 -4 8 -4 8 -5 9 -5 9 -4 9 -4 10 -4 0 0 10 -5 10 -5 10 -5 10 -5 10 -5 10 -5 10 -5 10 -6 10 -6 11 -6 11 -6 11 -6 10 -6 11 -6 11 -7 11 -7 12 -7 12 -7 12 -7 12 -8 12 -7 11 -8 12 -8 13 -8 12 -7 12 -8 0 0 0 0 0 0 0 0 0 0
1784740936.146972,56368,-46,11,1,7,1,-95,1,657653620,128,0 0 0 0 0 0 0 0 0 0 0 0 -4 5 -5 5 -5 5 -5 4 -5 4 -6 5 -6 5 -6 5 -6 5 -6 5 -7 5 -7 5 -7 5 -7 5 -7 5 -8 5 -8 5 -8 5 -8 6 -8 6 -8 6 -9 6 -9 6 -9 6 -9 6 -10 6 0 0 -10 6 -10 6 -10 6 -10 7 -10 7 -10 7 -10 7 -10 8 -11 7 -11 8 -11 8 -11 8 -11 8 -11 9 -11 9 -11 9 -11 8 -12 9 -11 10 -11 10 -11 10 -12 9 -11 9 -12 9 -12 9 -12 9 0 0 0 0 0 0 0 0 0 0
1784740936.159986,56369,-45,11,1,7,1,-95,1,657662113,128,0 0 0 0 0 0 0 0 0 0 0 0 -7 -1 -8 -1 -7 -2 -8 -2 -8 -2 -8 -2 -8 -2 -8 -3 -8 -3 -8 -3 -8 -3 -9 -3 -9 -3 -9 -4 -9 -4 -9 -4 -9 -4 -9 -4 -9 -4 -9 -5 -10 -5 -10 -5 -10 -4 -10 -5 -10 -5 -11 -5 0 0 -11 -5 -11 -5 -11 -5 -11 -5 -11 -5 -11 -5 -11 -6 -12 -5 -12 -6 -12 -5 -12 -5 -12 -5 -12 -5 -13 -5 -12 -5 -13 -5 -13 -5 -14 -5 -14 -5 -14 -5 -14 -5 -14 -6 -14 -5 -14 -6 -14 -5 -14 -6 0 0 0 0 0 0 0 0 0 0
1784740936.159986,56370,-45,11,1,7,1,-95,1,657671344,128,0 0 0 0 0 0 0 0 0 0 0 0 -8 2 -8 1 -8 1 -9 0 -9 0 -9 0 -9 -1 -9 -1 -9 -1 -9 -1 -9 -1 -9 -1 -9 -1 -9 -1 -9 -1 -10 -2 -9 -2 -10 -2 -10 -1 -10 -2 -10 -2 -10 -2 -10 -1 -10 -1 -10 -1 -11 -1 0 0 -11 -1 -11 -1 -11 -1 -11 -1 -11 -1 -12 -1 -12 -1 -12 -1 -12 -1 -13 0 -13 0 -13 1 -13 0 -13 0 -14 0 -14 0 -14 0 -14 0 -14 0 -15 0 -15 0 -15 0 -15 0 -15 0 -15 0 -15 0 0 0 0 0 0 0 0 0 0 0
1784740936.177554,56371,-45,11,1,7,1,-95,1,657680623,128,0 0 0 0 0 0 0 0 0 0 0 0 -9 -2 -8 -3 -9 -3 -9 -3 -9 -4 -9 -4 -9 -4 -9 -4 -9 -4 -9 -5 -8 -5 -9 -5 -9 -5 -9 -5 -9 -5 -9 -6 -9 -5 -9 -5 -9 -5 -9 -5 -9 -5 -10 -5 -10 -5 -9 -5 -10 -5 -10 -5 0 0 -10 -5 -11 -5 -11 -5 -11 -5 -11 -5 -12 -5 -12 -4 -12 -4 -12 -4 -13 -4 -13 -4 -13 -4 -13 -4 -13 -4 -14 -4 -14 -4 -15 -4 -15 -4 -15 -4 -15 -4 -15 -4 -15 -4 -15 -4 -15 -5 -15 -5 -15 -5 0 0 0 0 0 0 0 0 0 0
1784740936.177554,56372,-44,11,1,7,1,-95,1,657690585,128,0 0 0 0 0 0 0 0 0 0 0 0 1 -8 1 -8 2 -8 2 -8 2 -8 3 -8 3 -8 3 -8 3 -8 3 -8 3 -8 4 -8 4 -8 4 -8 4 -9 4 -9 4 -9 4 -9 4 -9 4 -9 4 -9 4 -9 4 -10 4 -10 4 -10 4 -10 0 0 4 -11 4 -11 4 -11 4 -11 3 -11 4 -11 3 -12 3 -12 3 -12 3 -13 3 -13 3 -13 3 -13 3 -13 3 -14 3 -15 3 -15 3 -15 3 -15 3 -15 3 -15 3 -16 4 -15 4 -15 4 -15 4 -15 0 0 0 0 0 0 0 0 0 0
1784740936.208190,56373,-44,11,1,7,1,-95,1,657705946,128,0 0 0 0 0 0 0 0 0 0 0 0 -1 6 -1 6 -2 6 -2 7 -2 6 -2 7 -2 7 -2 7 -2 7 -2 7 -2 7 -3 7 -3 7 -3 8 -3 8 -3 8 -3 8 -3 8 -3 8 -3 9 -2 9 -3 9 -2 9 -3 9 -3 10 -3 10 0 0 -2 10 -2 11 -2 11 -2 11 -2 11 -2 11 -1 12 -1 12 -1 12 -1 13 -1 13 -1 13 -1 13 -1 14 -1 14 -1 15 -1 14 -1 15 -1 15 -1 15 -1 15 -1 16 -1 15 -2 15 -1 16 -2 16 0 0 0 0 0 0 0 0 0 0
1784740936.208190,56374,-44,11,1,7,1,-95,1,657710661,128,0 0 0 0 0 0 0 0 0 0 0 0 1 6 1 6 0 6 0 6 0 6 0 6 0 7 0 7 0 7 0 7 -1 7 -1 7 -1 7 -1 7 -1 7 -1 8 0 7 0 8 0 8 0 8 0 8 0 8 1 9 0 9 0 9 1 9 0 0 1 9 1 10 1 10 2 11 2 10 2 11 2 11 2 11 2 11 3 12 2 12 3 12 3 12 3 12 3 14 3 13 3 14 3 14 4 14 4 14 4 14 4 14 3 15 2 15 2 15 3 15 0 0 0 0 0 0 0 0 0 0
1784740936.208190,56375,-45,11,1,7,1,-95,1,657720675,128,0 0 0 0 0 0 0 0 0 0 0 0 1 6 1 7 0 6 0 7 -1 7 -1 7 -1 7 -1 7 -1 7 -1 7 -1 7 -1 7 -2 7 -2 7 -2 7 -1 7 -2 8 -1 8 -1 8 -1 8 -1 8 -1 8 -1 8 -1 8 -1 9 -1 9 0 0 0 10 0 9 0 10 0 10 1 10 1 11 1 11 1 11 1 11 1 12 1 12 1 12 1 12 1 13 2 13 2 14 1 14 2 15 2 14 2 14 2 15 2 15 1 15 1 15 1 15 1 16 0 0 0 0 0 0 0 0 0 0
1784740936.223969,56376,-45,11,1,7,1,-95,1,657730610,128,0 0 0 0 0 0 0 0 0 0 0 0 5 -5 6 -5 6 -4 6 -4 6 -4 7 -4 7 -4 7 -4 7 -3 7 -4 7 -4 7 -4 7 -4 8 -4 8 -4 8 -3 8 -3 7 -4 8 -4 8 -4 8 -4 8 -4 8 -5 8 -5 8 -5 9 -5 0 0 9 -6 9 -6 9 -6 9 -6 9 -6 9 -7 9 -7 9 -7 10 -7 10 -8 10 -8 10 -9 10 -9 11 -9 11 -8 12 -9 11 -8 12 -9 12 -9 12 -9 12 -9 12 -9 12 -9 12 -9 12 -9 13 -9 0 0 0 0 0 0 0 0 0 0
1784740936.223969,56377,-46,11,1,6,1,-95,1,657742316,128,0 0 0 0 0 0 0 0 0 0 0 0 5 -5 6 -5 6 -5 7 -4 7 -4 7 -4 7 -4 7 -4 7 -4 7 -3 8 -3 7 -3 8 -3 8 -3 8 -3 8 -3 8 -3 8 -3 8 -3 8 -3 8 -3 8 -3 8 -4 8 -4 8 -4 9 -5 0 0 9 -5 9 -5 9 -5 9 -6 9 -6 9 -7 9 -7 9 -7 10 -7 10 -8 10 -8 10 -9 11 -9 11 -9 11 -9 12 -9 11 -9 12 -10 12 -9 13 -9 13 -10 13 -9 13 -9 13 -9 13 -9 13 -9 0 0 0 0 0 0 0 0 0 0
1784740936.244102,56378,-47,11,1,7,1,-95,1,657750612,128,0 0 0 0 0 0 0 0 0 0 0 0 -4 5 -4 5 -5 5 -5 5 -5 5 -5 5 -5 5 -5 5 -6 5 -5 5 -5 5 -6 5 -6 5 -6 5 -6 5 -6 5 -6 5 -6 5 -6 5 -6 6 -6 6 -6 6 -5 6 -5 6 -5 6 -5 7 0 0 -5 8 -5 8 -5 8 -5 8 -5 9 -4 9 -5 10 -4 10 -5 11 -4 11 -5 12 -5 12 -5 12 -5 13 -5 13 -6 14 -5 13 -6 15 -6 14 -6 15 -6 15 -6 15 -6 15 -7 15 -7 15 -8 15 0 0 0 0 0 0 0 0 0 0
1784740936.256093,56379,-48,11,1,6,1,-95,1,657762269,128,0 0 0 0 0 0 0 0 0 0 0 0 -6 2 -6 2 -6 2 -6 1 -6 1 -6 1 -6 1 -6 1 -6 1 -5 1 -6 1 -5 1 -5 1 -5 2 -5 2 -5 2 -5 3 -5 3 -5 3 -5 4 -5 4 -5 4 -4 5 -4 5 -5 5 -5 6 0 0 -5 7 -5 7 -5 8 -5 9 -5 9 -5 9 -5 10 -5 10 -5 10 -6 12 -6 12 -6 12 -6 12 -6 12 -6 14 -7 14 -7 14 -7 14 -8 14 -8 15 -8 15 -8 15 -9 15 -9 15 -9 15 -9 15 0 0 0 0 0 0 0 0 0 0
1784740936.256093,56380,-48,11,1,6,1,-95,1,657772512,128,0 0 0 0 0 0 0 0 0 0 0 0 5 -3 5 -3 5 -3 5 -2 5 -2 6 -2 5 -2 5 -2 5 -2 5 -2 5 -2 5 -2 5 -2 5 -2 5 -2 5 -2 5 -3 5 -3 5 -3 5 -3 5 -4 5 -4 5 -5 5 -5 5 -5 5 -6 0 0 5 -7 5 -7 6 -7 6 -8 6 -8 6 -9 6 -9 6 -10 7 -10 7 -11 7 -11 7 -11 8 -12 8 -12 9 -12 9 -12 9 -12 9 -13 10 -13 10 -13 10 -13 10 -13 10 -13 11 -13 11 -13 11 -13 0 0 0 0 0 0 0 0 0 0
1784740936.274482,56381,-48,11,1,6,1,-95,1,657782430,128,0 0 0 0 0 0 0 0 0 0 0 0 3 -5 3 -5 4 -5 4 -4 4 -4 4 -4 4 -4 5 -4 4 -4 5 -4 5 -4 5 -4 5 -4 5 -4 5 -4 5 -4 5 -5 5 -5 5 -5 4 -5 5 -5 4 -6 4 -6 5 -6 4 -6 4 -6 0 0 5 -7 5 -8 4 -8 4 -9 4 -9 5 -9 5 -9 5 -10 5 -10 5 -11 5 -11 5 -11 5 -11 6 -12 6 -13 6 -13 7 -13 7 -13 7 -13 7 -14 8 -14 8 -14 8 -14 8 -14 8 -14 9 -14 0 0 0 0 0 0 0 0 0 0
1784740936.290581,56382,-47,11,1,6,1,-95,1,657793867,128,0 0 0 0 0 0 0 0 0 0 0 0 5 -5 5 -4 6 -4 5 -4 6 -3 6 -3 6 -3 6 -3 6 -3 6 -3 6 -2 6 -2 6 -3 6 -2 6 -3 6 -3 6 -3 6 -3 6 -3 6 -4 6 -4 6 -4 6 -4 6 -4 6 -4 6 -4 0 0 6 -5 6 -5 6 -5 7 -6 6 -6 6 -6 6 -7 7 -7 7 -7 7 -8 8 -8 7 -8 8 -8 8 -8 9 -9 8 -10 9 -10 9 -10 9 -10 9 -11 10 -10 10 -10 10 -11 11 -10 11 -10 11 -10 0 0 0 0 0 0 0 0 0 0
1784740936.290581,56383,-46,11,1,6,1,-95,1,657802078,128,0 0 0 0 0 0 0 0 0 0 0 0 -5 5 -6 5 -6 4 -7 4 -7 4 -7 4 -7 4 -7 3 -7 3 -7 3 -7 3 -7 3 -7 3 -7 3 -7 3 -7 3 -8 3 -8 3 -8 3 -8 3 -7 3 -8 3 -7 4 -7 4 -7 4 -7 5 0 0 -7 5 -7 5 -7 5 -7 5 -7 6 -7 6 -8 6 -8 7 -8 7 -8 8 -8 8 -8 8 -8 8 -8 9 -8 9 -9 9 -9 9 -9 10 -10 10 -10 10 -10 10 -10 10 -10 10 -10 11 -10 11 -11 11 0 0 0 0 0 0 0 0 0 0
1784740936.304481,56384,-44,11,1,7,1,-95,1,657811921,128,0 0 0 0 0 0 0 0 0 0 0 0 -8 -1 -8 -2 -9 -2 -8 -3 -9 -3 -8 -3 -9 -3 -9 -4 -8 -4 -9 -4 -8 -4 -8 -5 -8 -5 -8 -5 -8 -5 -9 -5 -8 -5 -9 -5 -8 -5 -8 -5 -8 -5 -9 -5 -9 -5 -8 -5 -8 -5 -9 -5 0 0 -9 -4 -10 -4 -9 -4 -10 -4 -9 -3 -10 -4 -10 -3 -11 -3 -10 -3 -12 -3 -12 -3 -11 -2 -12 -3 -12 -3 -13 -2 -13 -2 -13 -3 -13 -3 -14 -2 -14 -2 -14 -2 -14 -2 -15 -3 -15 -3 -15 -3 -15 -3 0 0 0 0 0 0 0 0 0 0
1784740936.304481,56385,-44,11,1,7,1,-95,1,657820625,128,0 0 0 0 0 0 0 0 0 0 0 0 -5 -7 -5 -7 -5 -8 -4 -8 -4 -8 -4 -8 -4 -8 -4 -8 -4 -8 -3 -9 -3 -8 -3 -9 -3 -9 -3 -9 -3 -9 -3 -9 -3 -9 -3 -9 -3 -9 -3 -9 -3 -9 -3 -9 -3 -9 -3 -9 -3 -8 -4 -9 0 0 -4 -9 -4 -9 -5 -9 -5 -9 -5 -8 -6 -9 -6 -9 -7 -9 -7 -9 -7 -9 -7 -9 -8 -9 -8 -9 -8 -9 -9 -10 -9 -10 -9 -11 -9 -11 -9 -11 -10 -11 -10 -11 -10 -11 -10 -12 -10 -12 -10 -12 -10 -13 0 0 0 0 0 0 0 0 0 0
1784740936.324092,56386,-45,11,1,7,1,-95,1,657830615,128,0 0 0 0 0 0 0 0 0 0 0 0 0 -8 1 -8 1 -8 2 -8 2 -8 2 -8 2 -8 3 -8 2 -8 3 -8 3 -8 4 -8 4 -8 4 -8 3 -8 3 -8 3 -8 3 -8 3 -8 3 -8 3 -8 3 -8 3 -8 3 -8 3 -8 3 -8 0 0 2 -9 2 -9 2 -9 1 -9 1 -9 1 -10 1 -10 1 -11 0 -11 0 -12 0 -12 0 -12 0 -12 0 -13 -1 -13 -1 -14 0 -14 0 -14 0 -15 -1 -15 0 -15 -1 -16 0 -16 1 -16 1 -16 1 -16 0 0 0 0 0 0 0 0 0 0
1784740936.336540,56387,-45,11,1,6,1,-95,1,657841889,128,0 0 0 0 0 0 0 0 0 0 0 0 7 -1 7 -1 8 0 7 0 8 0 7 0 7 1 8 1 8 1 8 2 7 2 7 2 7 2 7 3 7 2 8 2 7 2 8 3 7 2 7 2 7 2 7 2 8 2 7 3 7 2 7 2 0 0 7 2 8 1 7 1 8 1 8 0 9 1 8 0 9 0 9 0 10 0 10 0 10 0 10 0 10 -1 11 -1 11 -1 12 -1 12 -1 12 -1 12 -2 12 -2 13 -2 13 -1 13 -1 13 -1 14 -1 0 0 0 0 0 0 0 0 0 0
1784740936.336540,56388,-44,11,1,6,1,-95,1,657852137,128,0 0 0 0 0 0 0 0 0 0 0 0 7 1 7 2 7 2 7 3 7 3 7 3 7 4 7 4 7 4 7 4 7 4 7 5 7 5 7 5 7 5 6 5 6 6 6 6 6 6 6 6 6 5 6 6 6 5 6 5 6 5 6 6 0 0 7 5 7 5 7 5 7 5 7 4 8 4 8 4 8 4 8 5 9 4 9 4 9 4 10 4 10 4 10 4 11 4 10 4 11 4 11 4 11 4 12 4 12 5 12 4 12 5 12 5 12 5 0 0 0 0 0 0 0 0 0 0
1784740936.352441,56389,-43,11,1,7,1,-95,1,657861711,128,0 0 0 0 0 0 0 0 0 0 0 0 2 8 1 8 0 8 0 9 0 9 -1 9 -1 9 -2 9 -2 9 -2 9 -2 9 -2 10 -2 9 -3 10 -3 10 -3 9 -4 9 -4 9 -4 9 -4 9 -4 9 -4 9 -3 9 -3 9 -3 9 -3 9 0 0 -3 9 -4 9 -3 9 -3 9 -2 9 -3 9 -2 9 -2 10 -2 10 -1 10 -1 10 0 10 -1 11 -1 11 -1 11 -1 12 -1 11 0 12 -1 12 -1 12 0 13 -1 13 0 13 0 13 0 13 0 14 0 0 0 0 0 0 0 0 0 0
1784740936.368251,56390,-43,11,1,7,1,-95,1,657870578,128,0 0 0 0 0 0 0 0 0 0 0 0 8 4 8 5 8 5 7 6 7 6 7 7 7 7 7 7 7 8 7 8 7 8 7 8 7 9 7 9 6 9 6 9 6 10 6 9 5 10 5 10 5 10 5 10 5 9 5 9 5 9 5 9 0 0 5 9 5 8 5 8 5 8 5 8 6 8 6 8 6 7 6 7 7 7 7 7 8 6 8 6 8 7 8 6 9 6 9 6 9 6 10 6 10 6 10 6 10 6 10 6 10 6 11 6 11 6 0 0 0 0 0 0 0 0 0 0
1784740936.374895,56391,-47,11,1,6,1,-95,1,657881892,128,0 0 0 0 0 0 0 0 0 0 0 0 8 4 7 5 7 6 7 6 6 7 7 7 6 7 6 8 6 8 6 8 5 8 5 8 5 8 5 9 5 8 4 9 4 9 4 9 4 9 4 9 4 9 4 9 4 8 4 8 4 8 4 8 0 0 4 7 4 7 4 7 5 7 5 7 5 7 5 6 6 6 6 7 7 6 7 6 7 6 7 6 8 6 8 6 8 6 8 6 8 6 9 6 9 6 9 5 10 6 10 5 10 6 10 6 10 6 0 0 0 0 0 0 0 0 0 0
1784740936.384745,56392,-48,11,1,6,1,-95,1,657891958,128,0 0 0 0 0 0 0 0 0 0 0 0 5 1 5 1 5 2 5 2 5 2 5 2 5 2 5 3 5 3 5 3 5 3 5 3 4 3 5 3 5 4 5 3 4 3 5 3 4 3 4 3 5 3 4 3 5 2 5 2 5 2 5 2 0 0 6 2 6 2 6 2 7 1 7 1 7 1 7 2 8 1 8 1 9 1 9 1 9 1 9 1 9 1 10 2 10 1 10 1 11 1 11 1 11 1 11 1 11 2 12 1 12 2 12 2 12 2 0 0 0 0 0 0 0 0 0 0
1784740936.384745,56393,-46,11,1,6,1,-95,1,657901847,128,0 0 0 0 0 0 0 0 0 0 0 0 -6 4 -6 3 -7 3 -7 3 -7 3 -8 2 -8 2 -8 2 -8 2 -8 2 -8 1 -9 1 -9 1 -9 1 -9 1 -9 1 -9 1 -9 1 -9 1 -9 1 -9 1 -8 1 -8 1 -9 1 -8 1 -8 1 0 0 -8 2 -8 3 -9 3 -9 3 -9 3 -9 4 -9 4 -9 4 -9 4 -10 5 -10 5 -10 5 -10 5 -10 5 -10 6 -11 6 -11 5 -12 6 -11 6 -11 7 -12 7 -12 6 -12 6 -13 6 -12 6 -13 6 0 0 0 0 0 0 0 0 0 0
1784740936.400973,56394,-45,11,1,6,1,-95,1,657911906,128,0 0 0 0 0 0 0 0 0 0 0 0 8 1 8 1 8 2 9 3 8 3 8 3 8 3 8 4 8 4 8 4 8 4 8 4 8 5 8 5 8 5 8 6 8 6 7 5 8 6 7 6 7 6 7 6 8 5 8 5 8 5 8 5 0 0 8 5 8 5 8 5 8 4 8 4 9 4 9 4 9 4 10 4 10 3 10 3 11 3 11 3 11 3 11 3 11 4 11 3 12 3 12 3 12 3 12 3 13 3 12 3 12 3 13 3 13 3 0 0 0 0 0 0 0 0 0 0
1784740936.416711,56395,-45,11,1,7,1,-95,1,657920612,128,0 0 0 0 0 0 0 0 0 0 0 0 9 4 9 4 8 5 8 6 8 6 8 6 7 6 7 7 7 7 7 7 7 7 7 8 7 8 6 8 7 8 6 8 6 8 6 8 6 8 6 8 6 8 6 8 6 8 6 8 6 8 7 7 0 0 7 7 7 7 7 7 7 6 7 6 8 6 8 6 8 6 8 6 9 6 9 6 9 6 9 6 10 6 10 5 11 6 10 5 11 5 11 5 11 5 12 5 12 6 11 5 11 6 12 6 12 6 0 0 0 0 0 0 0 0 0 0
1784740936.416711,56396,-47,11,1,7,1,-95,1,657930641,128,0 0 0 0 0 0 0 0 0 0 0 0 11 4 11 5 11 6 10 7 10 7 10 7 10 8 9 8 9 8 9 9 8 9 9 9 8 9 8 9 8 9 7 10 7 9 7 10 7 9 6 9 6 8 6 8 6 8 6 7 6 7 7 7 0 0 7 6 7 6 7 5 7 5 7 4 8 4 8 4 9 3 9 3 10 2 10 2 10 2 10 2 11 1 11 1 11 1 12 1 12 1 12 1 13 0 13 0 13 0 13 0 14 0 14 0 14 0 0 0 0 0 0 0 0 0 0 0
1784740936.432684,56397,-49,11,1,6,1,-95,1,657942199,128,0 0 0 0 0 0 0 0 0 0 0 0 5 7 5 8 4 9 3 9 3 9 3 10 3 10 2 10 2 10 2 9 1 10 1 10 1 10 1 10 1 10 0 9 0 9 0 9 0 9 0 8 0 8 0 8 0 7 1 7 1 6 1 6 0 0 2 6 2 6 3 6 3 5 4 5 4 5 5 5 6 5 6 6 7 5 7 5 7 5 8 6 8 6 8 6 9 6 8 6 10 6 10 6 10 6 10 6 10 7 10 6 11 6 11 6 11 7 0 0 0 0 0 0 0 0 0 0
1784740936.432684,56398,-48,11,1,7,1,-95,1,657950680,128,0 0 0 0 0 0 0 0 0 0 0 0 -9 -2 -9 -2 -9 -3 -9 -4 -8 -4 -8 -4 -8 -5 -8 -5 -8 -5 -8 -5 -8 -5 -8 -5 -8 -6 -8 -6 -8 -6 -7 -6 -7 -6 -7 -6 -7 -6 -7 -6 -7 -5 -7 -5 -7 -5 -7 -5 -7 -4 -8 -4 0 0 -8 -4 -8 -4 -9 -4 -8 -3 -9 -3 -9 -3 -10 -3 -10 -3 -10 -3 -11 -2 -11 -2 -11 -2 -12 -2 -12 -2 -12 -2 -13 -2 -12 -2 -13 -2 -14 -2 -14 -2 -14 -2 -14 -2 -14 -2 -15 -2 -15 -2 -16 -2 0 0 0 0 0 0 0 0 0 0
1784740936.451122,56399,-46,11,1,6,1,-95,1,657964664,128,0 0 0 0 0 0 0 0 0 0 0 0 -8 -4 -8 -5 -8 -6 -8 -6 -7 -7 -8 -7 -7 -7 -7 -8 -7 -8 -7 -8 -7 -8 -6 -9 -6 -9 -6 -9 -6 -9 -5 -9 -6 -9 -6 -9 -6 -9 -5 -9 -5 -9 -5 -9 -5 -8 -5 -8 -5 -8 -6 -8 0 0 -6 -8 -6 -8 -7 -8 -7 -7 -7 -7 -7 -7 -7 -7 -8 -7 -8 -7 -8 -7 -9 -7 -9 -7 -9 -7 -10 -7 -10 -7 -10 -7 -10 -6 -11 -7 -11 -6 -11 -6 -11 -6 -12 -6 -12 -6 -12 -7 -12 -7 -12 -7 0 0 0 0 0 0 0 0 0 0
1784740936.464372,56400,-45,11,1,6,1,-95,1,657972057,128,0 0 0 0 0 0 0 0 0 0 0 0 6 -6 7 -6 7 -5 8 -5 8 -5 8 -5 9 -4 9 -4 9 -3 9 -4 10 -3 10 -3 10 -3 10 -3 10 -2 10 -2 10 -1 10 -1 10 -1 10 -1 10 -1 10 -1 10 -1 10 -1 9 -1 10 -2 0 0 9 -2 9 -2 9 -2 9 -2 9 -3 9 -3 9 -3 9 -3 9 -3 9 -4 9 -4 9 -5 9 -5 10 -5 10 -5 10 -5 9 -5 10 -6 10 -6 10 -6 10 -6 10 -6 10 -7 10 -7 10 -7 11 -7 0 0 0 0 0 0 0 0 0 0
1784740936.475425,56401,-45,11,1,6,1,-95,1,657980692,128,0 0 0 0 0 0 0 0 0 0 0 0 3 -9 3 -9 4 -9 4 -9 5 -9 5 -9 6 -9 6 -9 7 -9 6 -9 7 -9 7 -9 7 -9 8 -8 8 -8 8 -7 8 -7 8 -7 8 -7 8 -7 8 -7 8 -7 8 -7 8 -7 8 -7 7 -7 0 0 7 -7 7 -7 7 -7 6 -7 6 -8 6 -8 6 -8 6 -9 6 -9 6 -9 5 -10 5 -10 5 -10 6 -11 6 -10 6 -11 5 -11 5 -11 6 -11 6 -12 5 -12 6 -12 5 -12 5 -12 5 -13 5 -13 0 0 0 0 0 0 0 0 0 0
1784740936.480541,56402,-42,11,1,6,0,-95,1,657991031,128,0 0 0 0 0 0 0 0 0 0 0 0 -10 0 -11 -1 -11 -1 -11 -2 -11 -2 -11 -3 -11 -3 -11 -3 -11 -4 -11 -4 -11 -5 -11 -5 -11 -5 -11 -6 -11 -6 -11 -6 -11 -6 -11 -6 -11 -6 -10 -6 -10 -6 -10 -6 -10 -5 -10 -5 -10 -5 -10 -5 0 0 -10 -4 -10 -4 -10 -4 -10 -3 -10 -3 -11 -3 -11 -2 -11 -2 -11 -2 -12 -1 -12 -1 -12 -1 -12 -1 -12 -1 -13 0 -13 0 -13 0 -13 0 -13 0 -14 0 -14 1 -14 1 -14 0 -15 0 -15 0 -15 0 0 0 0 0 0 0 0 0 0 0
1784740936.497673,56403,-46,11,1,6,1,-95,1,658000710,128,0 0 0 0 0 0 0 0 0 0 0 0 7 5 7 5 6 6 6 6 6 7 6 7 6 7 6 8 5 8 5 8 5 9 4 9 4 9 4 9 4 10 4 9 4 10 3 9 3 10 3 9 3 9 3 9 3 9 3 9 3 9 4 9 0 0 4 8 4 8 4 8 5 8 5 7 5 7 5 7 6 7 6 7 7 7 7 7 7 7 7 7 8 7 8 7 9 7 8 7 9 7 9 7 10 7 10 7 10 8 10 7 10 8 10 8 10 8 0 0 0 0 0 0 0 0 0 0
1784740936.497673,56404,-44,11,1,6,1,-95,1,658010627,128,0 0 0 0 0 0 0 0 0 0 0 0 -3 8 -4 8 -5 7 -5 7 -6 7 -6 8 -7 7 -7 7 -8 7 -8 7 -8 7 -8 7 -8 7 -9 7 -9 7 -10 6 -10 6 -10 6 -10 6 -10 6 -10 6 -10 6 -9 6 -9 5 -9 6 -9 6 0 0 -9 6 -9 6 -9 6 -8 6 -8 6 -8 7 -8 7 -8 7 -8 7 -7 8 -7 8 -7 8 -7 9 -7 9 -7 9 -7 9 -7 9 -7 10 -7 10 -7 10 -7 10 -6 10 -6 10 -6 11 -6 11 -6 11 0 0 0 0 0 0 0 0 0 0
1784740936.512771,56405,-44,11,1,6,1,-95,1,658020699,128,0 0 0 0 0 0 0 0 0 0 0 0 1 -9 1 -9 2 -9 3 -9 3 -9 3 -9 4 -9 4 -9 4 -10 5 -9 5 -9 6 -9 6 -9 6 -9 6 -9 7 -9 7 -9 7 -9 7 -9 7 -9 7 -9 7 -9 7 -9 7 -8 7 -8 7 -9 0 0 7 -9 7 -9 6 -9 6 -9 6 -9 6 -9 6 -9 5 -10 5 -10 6 -11 5 -10 5 -10 5 -10 5 -11 5 -11 4 -11 4 -11 5 -12 4 -12 4 -12 4 -12 4 -12 4 -12 4 -12 4 -12 3 -12 0 0 0 0 0 0 0 0 0 0
1784740936.512771,56406,-44,11,1,6,1,-95,1,658030674,128,0 0 0 0 0 0 0 0 0 0 0 0 2 8 2 9 0 8 0 9 0 9 0 10 0 10 -1 9 -1 10 -1 10 -2 10 -2 10 -3 10 -3 10 -3 11 -3 10 -3 11 -3 10 -4 10 -4 10 -4 10 -3 10 -3 10 -4 10 -4 10 -4 10 0 0 -3 10 -3 10 -3 10 -2 10 -2 10 -2 10 -1 10 -1 10 -1 11 -1 10 -1 11 0 11 0 11 0 12 0 11 0 12 0 11 1 12 1 12 1 12 2 12 1 12 2 12 1 12 1 12 2 12 0 0 0 0 0 0 0 0 0 0
1784740936.528746,56407,-45,11,1,6,1,-95,1,658043052,128,0 0 0 0 0 0 0 0 0 0 0 0 -10 -2 -10 -3 -10 -4 -9 -4 -10 -5 -10 -5 -10 -5 -10 -5 -10 -6 -10 -7 -9 -7 -9 -7 -9 -7 -9 -8 -9 -7 -9 -8 -8 -8 -9 -8 -8 -8 -8 -8 -8 -7 -8 -7 -8 -7 -8 -7 -8 -7 -8 -7 0 0 -8 -6 -9 -6 -8 -5 -9 -5 -9 -5 -9 -5 -9 -4 -10 -4 -10 -4 -10 -4 -10 -4 -10 -3 -10 -3 -10 -3 -11 -3 -11 -3 -12 -3 -12 -2 -12 -2 -12 -2 -12 -2 -13 -1 -13 -2 -13 -2 -13 -2 -13 -1 0 0 0 0 0 0 0 0 0 0
1784740936.544626,56408,-46,11,1,6,1,-95,1,658050569,128,0 0 0 0 0 0 0 0 0 0 0 0 -7 -8 -7 -8 -6 -9 -5 -9 -6 -10 -5 -10 -5 -10 -5 -10 -5 -11 -4 -12 -3 -11 -3 -12 -2 -12 -2 -11 -3 -11 -2 -12 -2 -11 -2 -12 -2 -11 -2 -11 -2 -11 -2 -11 -2 -11 -2 -10 -1 -10 -2 -10 0 0 -2 -10 -3 -10 -3 -9 -4 -10 -4 -9 -4 -9 -4 -9 -5 -9 -5 -9 -6 -10 -6 -9 -6 -9 -6 -9 -6 -9 -8 -9 -7 -9 -8 -10 -8 -9 -8 -9 -9 -9 -8 -9 -9 -9 -9 -10 -9 -10 -9 -10 -9 -9 0 0 0 0 0 0 0 0 0 0
1784740936.560568,56409,-45,11,1,6,1,-95,1,658060528,128,0 0 0 0 0 0 0 0 0 0 0 0 -6 5 -7 5 -8 4 -8 4 -8 4 -9 4 -8 4 -9 3 -9 3 -9 3 -9 3 -10 3 -10 3 -10 2 -10 2 -10 2 -11 2 -10 2 -11 2 -10 2 -10 2 -10 2 -10 2 -10 2 -10 2 -10 2 0 0 -10 2 -10 2 -10 2 -10 3 -10 3 -10 3 -10 3 -10 4 -10 4 -10 4 -10 4 -10 5 -10 5 -10 5 -10 5 -11 6 -10 5 -11 6 -11 6 -10 6 -10 7 -11 7 -10 7 -10 6 -11 7 -11 7 0 0 0 0 0 0 0 0 0 0
1784740936.563681,56410,-45,11,1,6,1,-95,1,658070643,128,0 0 0 0 0 0 0 0 0 0 0 0 -9 -1 -9 -2 -9 -2 -9 -3 -9 -3 -9 -3 -9 -4 -9 -3 -9 -4 -9 -4 -9 -5 -9 -5 -9 -5 -9 -6 -9 -6 -9 -6 -9 -6 -9 -6 -9 -6 -9 -6 -9 -6 -9 -6 -9 -6 -9 -6 -9 -6 -9 -6 0 0 -10 -5 -10 -6 -10 -5 -10 -5 -10 -5 -10 -4 -11 -4 -11 -4 -11 -4 -11 -4 -11 -4 -12 -4 -11 -4 -12 -4 -12 -4 -12 -3 -12 -3 -12 -4 -13 -3 -13 -3 -13 -3 -13 -3 -13 -2 -13 -3 -14 -3 -14 -3 0 0 0 0 0 0 0 0 0 0
1784740936.577695,56411,-45,11,1,6,1,-95,1,658080544,128,0 0 0 0 0 0 0 0 0 0 0 0 9 0 9 1 9 2 9 2 9 3 9 3 9 3 9 4 9 4 9 4 9 5 9 5 9 5 8 6 8 5 8 6 8 6 8 6 8 6 8 6 8 6 8 6 8 6 8 6 7 6 8 5 0 0 8 5 8 4 8 4 9 4 9 4 9 4 9 4 9 4 9 3 10 3 10 3 10 3 9 3 10 3 11 2 10 2 11 2 11 2 11 2 11 2 11 2 11 1 11 2 12 2 11 1 11 1 0 0 0 0 0 0 0 0 0 0
1784740936.579787,56412,-45,11,1,6,1,-95,1,658090584,128,0 0 0 0 0 0 0 0 0 0 0 0 1 10 0 10 -1 10 -2 10 -2 10 -2 10 -3 10 -3 11 -4 11 -4 10 -4 10 -5 11 -5 10 -5 10 -5 11 -6 10 -6 10 -6 10 -6 10 -6 10 -6 10 -6 9 -6 10 -6 9 -6 9 -6 9 0 0 -5 10 -5 9 -5 10 -4 10 -4 10 -4 10 -4 10 -3 10 -3 11 -3 11 -3 11 -3 11 -3 11 -2 12 -2 11 -2 12 -2 11 -2 12 -1 12 -1 11 -1 12 -1 12 -1 11 -1 11 -1 12 -1 12 0 0 0 0 0 0 0 0 0 0
1784740936.591819,56413,-46,11,1,6,1,-95,1,658100596,128,0 0 0 0 0 0 0 0 0 0 0 0 3 -10 3 -9 4 -10 5 -9 5 -9 6 -9 6 -9 6 -9 6 -9 7 -9 7 -8 8 -8 8 -8 8 -8 8 -7 8 -8 8 -7 8 -8 8 -7 8 -7 8 -7 7 -7 7 -7 7 -7 7 -7 7 -7 0 0 6 -8 6 -8 6 -8 6 -9 5 -9 5 -9 5 -9 5 -10 5 -10 5 -11 5 -10 5 -11 5 -11 4 -11 4 -12 4 -12 5 -12 4 -12 4 -12 4 -13 4 -12 4 -13 4 -13 4 -13 4 -13 4 -13 0 0 0 0 0 0 0 0 0 0
1784740936.607870,56414,-47,11,1,6,1,-95,1,658110630,128,0 0 0 0 0 0 0 0 0 0 0 0 -11 3 -11 2 -11 2 -12 1 -11 1 -12 0 -12 0 -12 -1 -12 -1 -11 -1 -12 -2 -12 -2 -11 -2 -12 -2 -12 -2 -11 -3 -11 -3 -10 -3 -11 -3 -10 -3 -10 -3 -10 -2 -9 -2 -9 -2 -9 -2 -9 -1 0 0 -9 0 -9 0 -9 0 -9 1 -9 1 -9 1 -9 2 -10 2 -10 2 -10 3 -10 3 -10 4 -10 4 -11 4 -10 5 -11 5 -11 5 -11 5 -11 5 -11 6 -11 6 -11 6 -11 6 -12 6 -12 6 -12 7 0 0 0 0 0 0 0 0 0 0
1784740936.607870,56415,-46,11,1,6,1,-95,1,658120756,128,0 0 0 0 0 0 0 0 0 0 0 0 -7 -7 -7 -8 -6 -9 -6 -9 -5 -9 -6 -10 -5 -10 -5 -10 -4 -11 -4 -10 -4 -11 -4 -11 -3 -11 -3 -11 -3 -11 -2 -11 -2 -11 -2 -11 -2 -11 -2 -10 -2 -10 -2 -10 -3 -9 -3 -9 -3 -9 -3 -9 0 0 -3 -9 -4 -9 -4 -9 -4 -9 -5 -9 -5 -9 -5 -9 -6 -9 -6 -9 -7 -9 -7 -9 -7 -9 -8 -9 -8 -9 -8 -9 -8 -10 -8 -9 -9 -9 -9 -10 -9 -10 -9 -10 -9 -10 -9 -10 -10 -10 -10 -10 -10 -10 0 0 0 0 0 0 0 0 0 0
1784740936.623907,56416,-47,11,1,6,1,-95,1,658130623,128,0 0 0 0 0 0 0 0 0 0 0 0 8 -1 8 0 9 0 8 1 9 1 8 1 9 1 8 2 9 2 9 2 8 3 8 3 8 3 8 4 8 3 8 3 7 3 8 3 8 3 8 3 8 3 7 2 8 2 7 3 7 2 7 2 0 0 8 1 8 1 8 1 9 1 8 0 9 0 9 0 9 -1 10 -1 10 -1 10 0 10 -1 10 -1 10 -1 11 -2 11 -2 12 -1 11 -2 11 -2 12 -3 12 -2 12 -3 12 -2 12 -2 12 -2 13 -2 0 0 0 0 0 0 0 0 0 0
1784740936.623907,56417,-47,11,1,6,1,-95,1,658140589,128,0 0 0 0 0 0 0 0 0 0 0 0 5 8 4 8 4 8 3 9 3 9 3 9 3 9 2 9 2 9 2 10 1 10 1 10 1 10 0 10 0 10 0 10 0 10 0 9 0 9 0 9 0 9 0 9 1 9 1 8 1 8 1 8 0 0 2 8 2 8 2 8 3 8 3 8 3 9 4 8 4 9 4 9 5 9 5 9 5 9 5 9 5 10 6 10 6 10 6 10 6 10 6 10 7 10 7 11 7 11 7 11 6 11 7 11 7 11 0 0 0 0 0 0 0 0 0 0
1784740936.644746,56418,-46,11,1,6,1,-95,1,658150568,128,0 0 0 0 0 0 0 0 0 0 0 0 -10 3 -11 2 -11 1 -11 1 -11 0 -11 0 -11 -1 -12 -1 -11 -1 -11 -1 -11 -1 -11 -1 -11 -2 -11 -2 -12 -2 -11 -3 -11 -3 -11 -3 -11 -3 -10 -3 -10 -3 -10 -3 -10 -2 -10 -2 -10 -2 -10 -2 0 0 -10 -1 -10 -1 -10 -1 -10 0 -10 0 -10 0 -10 0 -10 1 -11 1 -11 2 -11 2 -11 3 -11 3 -12 3 -11 2 -12 3 -11 3 -12 3 -12 3 -12 3 -12 3 -12 3 -12 4 -12 4 -12 4 -13 4 0 0 0 0 0 0 0 0 0 0
1784740936.656069,56419,-45,11,1,6,1,-95,1,658160532,128,0 0 0 0 0 0 0 0 0 0 0 0 9 -4 9 -3 10 -3 10 -2 10 -2 10 -1 11 -1 11 -1 11 0 11 0 11 1 11 1 11 1 11 2 11 1 11 2 11 2 10 2 10 2 10 2 10 2 10 2 9 2 9 2 9 2 9 1 0 0 9 1 8 0 8 0 8 -1 8 -1 8 -1 8 -2 8 -2 8 -3 9 -3 9 -3 9 -3 9 -4 9 -4 9 -5 9 -5 10 -5 10 -5 9 -5 10 -6 10 -6 10 -6 10 -6 10 -6 10 -6 10 -6 0 0 0 0 0 0 0 0 0 0
1784740936.656069,56420,-45,11,1,6,1,-95,1,658170552,128,0 0 0 0 0 0 0 0 0 0 0 0 3 -10 4 -11 4 -10 5 -10 6 -10 6 -10 6 -10 6 -10 6 -10 7 -10 8 -9 8 -9 8 -9 8 -9 8 -9 8 -8 9 -9 8 -8 9 -8 8 -8 8 -8 8 -8 8 -7 7 -7 7 -7 7 -7 0 0 6 -7 6 -7 6 -7 5 -8 4 -8 4 -8 3 -8 3 -9 3 -9 3 -10 3 -10 2 -10 2 -10 2 -11 1 -11 1 -11 1 -11 1 -12 1 -12 0 -12 0 -12 0 -12 0 -12 1 -12 0 -13 0 -13 0 0 0 0 0 0 0 0 0 0
1784740936.676311,56421,-44,11,1,6,1,-95,1,658181484,128,0 0 0 0 0 0 0 0 0 0 0 0 1 9 0 9 -1 10 -1 9 -1 10 -1 9 -2 10 -2 10 -2 10 -3 10 -3 10 -4 10 -4 10 -4 10 -4 10 -4 10 -4 10 -4 11 -5 10 -4 10 -4 10 -5 10 -5 10 -5 9 -5 9 -5 9 0 0 -4 9 -4 9 -3 8 -3 10 -3 9 -2 9 -2 9 -2 10 -1 9 -1 10 -1 10 -1 10 -1 10 0 10 0 11 1 11 0 12 1 12 1 11 1 12 1 12 1 12 1 12 1 12 1 12 1 12 0 0 0 0 0 0 0 0 0 0
1784740936.691091,56422,-43,11,1,5,1,-95,1,658193450,128,0 0 0 0 0 0 0 0 0 0 0 0 -2 8 -2 8 -3 8 -3 8 -3 8 -3 8 -4 8 -4 8 -4 8 -5 9 -5 8 -6 8 -6 8 -6 8 -6 8 -6 9 -6 8 -6 9 -6 8 -6 9 -6 8 -6 8 -6 8 -7 8 -6 8 -6 8 0 0 -5 8 -5 9 -5 8 -5 9 -5 8 -5 9 -4 9 -4 9 -4 9 -4 10 -4 10 -4 10 -3 10 -3 10 -3 11 -3 11 -3 11 -3 11 -2 12 -2 12 -2 12 -2 12 -2 13 -3 12 -3 12 -2 12 0 0 0 0 0 0 0 0 0 0
1784740936.697125,56423,-45,11,1,6,1,-95,1,658202505,128,0 0 0 0 0 0 0 0 0 0 0 0 5 -7 5 -6 6 -6 6 -6 7 -6 7 -5 7 -6 7 -5 7 -5 8 -5 8 -5 8 -5 8 -4 8 -4 8 -4 9 -4 8 -4 9 -4 9 -4 9 -4 8 -4 9 -4 9 -4 9 -4 8 -4 8 -4 0 0 8 -4 8 -5 8 -5 8 -6 8 -5 8 -6 8 -6 8 -6 8 -7 9 -8 8 -7 8 -8 8 -8 8 -8 9 -8 8 -9 9 -9 9 -9 9 -9 9 -10 9 -9 9 -10 10 -10 10 -9 10 -10 9 -10 0 0 0 0 0 0 0 0 0 0
1784740936.704138,56424,-47,11,1,6,1,-95,1,658211919,128,0 0 0 0 0 0 0 0 0 0 0 0 -2 8 -3 8 -4 7 -4 8 -4 7 -5 7 -5 7 -5 7 -5 7 -6 7 -6 6 -6 6 -6 6 -6 6 -6 6 -6 6 -6 6 -6 5 -6 5 -6 5 -6 5 -6 5 -6 5 -5 5 -5 5 -5 5 0 0 -4 6 -4 6 -4 6 -4 7 -3 7 -3 7 -3 7 -3 8 -2 8 -2 8 -3 9 -2 9 -3 9 -2 9 -2 10 -2 10 -2 10 -2 10 -2 11 -1 11 -1 11 -2 12 -2 11 -2 12 -2 12 -2 12 0 0 0 0 0 0 0 0 0 0
1784740936.704138,56425,-46,11,1,7,1,-95,1,658221494,128,0 0 0 0 0 0 0 0 0 0 0 0 -8 -5 -8 -5 -7 -6 -7 -6 -7 -6 -7 -7 -6 -7 -7 -7 -6 -8 -5 -8 -5 -8 -5 -8 -5 -8 -5 -9 -5 -9 -4 -8 -5 -8 -4 -8 -4 -8 -4 -8 -4 -8 -4 -8 -4 -7 -4 -7 -4 -7 -4 -7 0 0 -4 -7 -5 -6 -5 -6 -5 -5 -5 -5 -6 -5 -6 -5 -6 -5 -7 -5 -7 -5 -7 -5 -7 -4 -8 -4 -8 -4 -8 -4 -9 -4 -9 -4 -9 -4 -10 -4 -10 -4 -10 -4 -11 -4 -10 -4 -10 -4 -11 -4 -12 -4 0 0 0 0 0 0 0 0 0 0
1784740936.724024,56426,-46,11,1,7,1,-95,1,658230655,128,0 0 0 0 0 0 0 0 0 0 0 0 -9 -1 -9 -1 -9 -2 -9 -2 -9 -2 -9 -3 -9 -3 -9 -4 -9 -4 -8 -4 -8 -4 -9 -4 -8 -5 -9 -5 -9 -5 -8 -5 -8 -5 -8 -5 -8 -5 -8 -6 -7 -5 -7 -6 -8 -5 -7 -5 -7 -5 -7 -5 0 0 -7 -5 -8 -4 -7 -4 -7 -4 -7 -3 -8 -3 -8 -3 -8 -3 -8 -3 -9 -2 -9 -2 -9 -2 -9 -2 -10 -2 -10 -1 -10 -1 -10 -2 -11 -1 -10 -1 -11 -1 -11 -1 -11 -1 -11 -1 -11 0 -12 -1 -12 0 0 0 0 0 0 0 0 0 0 0
1784740936.736441,56427,-45,11,1,6,1,-95,1,658241826,128,0 0 0 0 0 0 0 0 0 0 0 0 -9 -1 -10 -2 -9 -2 -10 -3 -9 -3 -10 -3 -10 -3 -10 -4 -10 -4 -9 -4 -9 -5 -9 -5 -9 -5 -9 -5 -10 -5 -9 -5 -9 -6 -9 -6 -9 -6 -9 -5 -9 -5 -9 -5 -9 -5 -8 -5 -8 -5 -9 -5 0 0 -9 -5 -9 -4 -9 -4 -9 -4 -9 -3 -10 -3 -10 -2 -10 -2 -10 -2 -11 -2 -11 -2 -11 -2 -11 -2 -12 -1 -12 -1 -13 -1 -12 -2 -13 -1 -13 -1 -13 0 -13 0 -13 0 -13 -1 -14 -1 -13 -1 -14 -1 0 0 0 0 0 0 0 0 0 0
1784740936.736441,56428,-44,11,1,6,1,-95,1,658252131,128,0 0 0 0 0 0 0 0 0 0 0 0 3 8 2 8 2 8 1 9 1 9 1 9 0 9 0 9 0 9 0 9 -1 9 -1 10 -1 10 -1 10 -2 10 -2 10 -2 10 -2 10 -2 9 -3 9 -2 10 -3 9 -2 9 -2 9 -2 9 -2 9 0 0 -2 9 -1 9 -1 8 -1 8 0 8 0 8 0 9 1 9 0 9 1 9 1 9 2 9 2 9 2 10 2 10 3 10 3 10 3 10 3 10 3 10 4 10 4 11 4 10 4 11 4 11 4 11 0 0 0 0 0 0 0 0 0 0
1784740936.752358,56429,-44,11,1,6,1,-95,1,658261987,128,0 0 0 0 0 0 0 0 0 0 0 0 -7 3 -7 2 -8 2 -8 2 -9 1 -9 1 -9 1 -9 1 -9 1 -10 0 -10 0 -10 0 -10 -1 -10 -1 -10 -1 -10 -1 -10 -1 -11 -1 -10 -1 -10 -2 -10 -1 -10 -2 -10 -2 -10 -2 -9 -2 -9 -2 0 0 -9 -1 -9 -1 -9 -1 -10 0 -9 0 -9 0 -9 1 -10 1 -9 1 -10 2 -10 1 -10 2 -10 2 -10 2 -11 3 -10 3 -11 3 -11 3 -11 4 -11 4 -11 4 -11 4 -12 4 -12 4 -12 4 -12 4 0 0 0 0 0 0 0 0 0 0
1784740936.772252,56430,-45,11,1,5,1,-95,1,658274557,128,0 0 0 0 0 0 0 0 0 0 0 0 1 7 1 7 0 8 0 8 0 8 -1 8 -1 8 -1 8 -1 8 -2 8 -2 8 -2 8 -3 8 -3 8 -3 8 -3 8 -3 8 -3 8 -3 8 -4 8 -3 8 -3 8 -3 8 -3 8 -3 7 -3 8 0 0 -3 8 -2 7 -2 7 -2 8 -1 8 -2 8 -1 8 -1 8 -1 8 -1 9 -1 9 0 9 0 9 0 10 0 10 0 10 0 10 1 10 0 10 1 11 1 11 1 11 1 11 1 11 1 11 2 12 0 0 0 0 0 0 0 0 0 0
1784740936.784723,56431,-46,11,1,6,1,-95,1,658284338,128,0 0 0 0 0 0 0 0 0 0 0 0 -7 -8 -6 -8 -5 -9 -5 -9 -5 -9 -5 -9 -4 -9 -4 -10 -4 -10 -4 -10 -4 -10 -3 -10 -3 -10 -3 -10 -3 -10 -2 -10 -2 -10 -2 -10 -2 -10 -2 -10 -2 -10 -2 -10 -2 -9 -2 -9 -2 -9 -2 -9 0 0 -3 -9 -3 -8 -3 -8 -4 -8 -4 -8 -4 -8 -4 -8 -5 -8 -5 -8 -6 -8 -6 -8 -7 -8 -7 -8 -7 -8 -7 -8 -7 -9 -7 -8 -8 -9 -8 -9 -8 -9 -8 -9 -8 -9 -9 -9 -9 -9 -9 -9 -9 -9 0 0 0 0 0 0 0 0 0 0
1784740936.784723,56432,-44,11,1,7,1,-95,1,658295943,128,0 0 0 0 0 0 0 0 0 0 0 0 3 9 2 10 1 10 1 10 0 10 0 10 0 10 -1 10 -1 10 -1 10 -2 10 -2 11 -3 11 -3 11 -3 11 -3 10 -4 11 -4 10 -4 10 -4 10 -3 10 -4 10 -3 10 -4 9 -3 9 -3 9 0 0 -3 9 -2 9 -2 9 -2 9 -1 9 -1 9 -1 9 0 9 0 10 1 9 0 10 1 10 1 10 2 11 2 10 2 11 2 10 2 11 2 11 3 11 3 11 3 12 3 11 3 11 3 12 4 12 0 0 0 0 0 0 0 0 0 0
1784740936.784723,56433,-44,11,1,7,1,-95,1,658300606,128,0 0 0 0 0 0 0 0 0 0 0 0 -10 -1 -10 -1 -10 -2 -10 -2 -10 -3 -10 -3 -10 -3 -10 -3 -10 -4 -10 -5 -10 -5 -10 -5 -10 -6 -10 -6 -9 -5 -10 -6 -9 -6 -10 -6 -9 -6 -10 -6 -9 -6 -9 -5 -9 -6 -8 -6 -8 -6 -9 -5 0 0 -9 -5 -9 -4 -9 -4 -10 -4 -9 -3 -9 -3 -10 -3 -10 -3 -10 -2 -11 -2 -11 -2 -11 -2 -11 -2 -10 -1 -12 -1 -11 -1 -12 -1 -12 -1 -12 0 -13 0 -13 0 -13 0 -13 0 -13 0 -13 0 -13 0 0 0 0 0 0 0 0 0 0 0
1784740936.807682,56434,-45,11,1,6,1,-95,1,658311818,128,0 0 0 0 0 0 0 0 0 0 0 0 7 3 7 4 7 5 7 5 7 5 7 6 7 6 7 6 6 6 6 7 6 7 6 7 6 7 6 7 6 8 5 8 5 8 5 8 5 8 5 8 5 8 4 8 5 8 5 8 4 7 5 7 0 0 5 7 5 7 5 7 5 7 6 6 6 6 7 6 7 6 7 6 8 6 8 6 8 6 8 6 8 6 9 6 9 6 9 6 10 6 10 6 10 5 10 6 10 6 10 5 11 6 11 5 11 5 0 0 0 0 0 0 0 0 0 0
1784740936.816386,56435,-45,11,1,6,1,-95,1,658322095,128,0 0 0 0 0 0 0 0 0 0 0 0 9 -1 9 0 9 1 9 1 9 2 9 2 9 2 9 2 9 3 9 3 9 3 9 4 9 4 9 4 10 4 9 5 10 5 9 5 9 5 9 5 9 5 8 5 9 5 8 5 8 5 8 5 0 0 8 4 8 4 8 4 8 3 9 3 9 3 9 3 9 2 9 2 10 2 10 2 10 1 10 1 10 1 10 1 11 1 11 1 11 1 11 0 11 0 11 0 11 0 12 0 12 0 12 0 12 -1 0 0 0 0 0 0 0 0 0 0
1784740936.816386,56436,-45,11,1,6,1,-95,1,658332012,128,0 0 0 0 0 0 0 0 0 0 0 0 -5 6 -5 6 -6 6 -6 5 -7 6 -7 5 -7 5 -7 5 -8 5 -8 5 -8 5 -9 5 -9 5 -9 5 -9 5 -9 5 -9 4 -9 5 -9 4 -10 4 -10 5 -10 4 -10 5 -9 4 -9 4 -9 5 0 0 -9 5 -9 5 -9 5 -9 6 -9 5 -9 6 -9 6 -9 7 -9 7 -9 7 -9 7 -9 8 -9 8 -9 8 -9 8 -9 8 -9 8 -9 9 -9 9 -9 9 -9 9 -9 9 -9 9 -9 9 -10 9 -9 9 0 0 0 0 0 0 0 0 0 0
1784740936.832628,56437,-45,11,1,6,1,-95,1,658341823,128,0 0 0 0 0 0 0 0 0 0 0 0 -6 4 -6 4 -7 4 -7 3 -7 3 -7 3 -7 3 -7 3 -7 3 -8 3 -8 3 -8 3 -8 3 -9 3 -9 3 -9 3 -9 3 -9 3 -10 3 -9 3 -9 3 -9 3 -10 3 -10 3 -10 3 -10 3 0 0 -10 3 -10 4 -10 4 -10 4 -10 5 -10 5 -10 5 -10 5 -10 5 -11 6 -11 6 -11 6 -11 6 -11 6 -12 7 -12 7 -12 6 -12 7 -12 7 -12 8 -12 7 -12 8 -13 7 -13 7 -13 7 -13 7 0 0 0 0 0 0 0 0 0 0
1784740936.832628,56438,-43,11,1,7,0,-95,1,658350658,128,0 0 0 0 0 0 0 0 0 0 0 0 7 1 7 1 7 2 8 2 8 3 8 3 8 3 8 3 8 4 8 4 8 4 8 4 8 4 8 5 8 5 8 5 8 5 8 6 9 6 8 6 8 6 8 6 9 5 9 5 9 6 9 6 0 0 9 5 9 5 10 5 10 5 10 5 10 5 11 5 11 5 11 5 12 4 12 4 13 4 13 4 13 5 13 5 13 5 14 5 14 5 14 5 14 5 14 5 14 5 15 5 14 6 15 5 15 6 0 0 0 0 0 0 0 0 0 0
1784740936.848465,56439,-47,11,1,7,1,-95,1,658360641,128,0 0 0 0 0 0 0 0 0 0 0 0 6 5 6 5 6 6 6 6 6 7 5 7 5 7 5 7 5 7 5 8 5 8 5 9 4 9 5 9 5 9 4 9 5 9 4 9 4 9 4 9 4 9 4 9 4 9 4 9 4 9 4 9 0 0 5 8 5 8 6 8 6 8 6 7 6 8 7 7 7 8 7 7 8 8 8 8 8 7 8 7 9 7 10 8 10 8 10 8 10 8 10 8 11 8 10 8 11 8 11 8 10 8 10 8 11 8 0 0 0 0 0 0 0 0 0 0
1784740936.912800,56440,-46,11,1,7,1,-95,1,658395116,128,0 0 0 0 0 0 0 0 0 0 0 0 -5 -6 -5 -7 -4 -7 -4 -7 -4 -7 -4 -8 -4 -8 -4 -8 -4 -8 -4 -8 -4 -8 -4 -9 -4 -9 -4 -9 -4 -10 -4 -10 -4 -11 -3 -10 -4 -11 -3 -11 -3 -11 -3 -11 -4 -10 -3 -11 -3 -11 -3 -11 0 0 -4 -11 -4 -11 -4 -11 -4 -11 -5 -11 -5 -11 -5 -11 -5 -11 -5 -11 -6 -11 -6 -11 -7 -11 -7 -12 -7 -12 -7 -12 -7 -13 -7 -12 -8 -13 -7 -13 -8 -13 -8 -14 -8 -14 -8 -13 -8 -14 -8 -14 -8 -15 0 0 0 0 0 0 0 0 0 0
1784740936.960971,56441,-46,11,1,6,1,-95,1,658420444,128,0 0 0 0 0 0 0 0 0 0 0 0 5 -3 5 -3 6 -3 6 -3 6 -2 6 -2 6 -2 6 -3 6 -3 7 -2 7 -2 7 -2 8 -2 8 -2 8 -2 8 -2 8 -2 9 -2 9 -2 9 -2 9 -2 9 -2 10 -2 9 -1 9 -1 10 -1 0 0 10 -2 10 -2 10 -2 10 -2 10 -2 10 -2 10 -3 10 -3 10 -3 11 -3 11 -3 11 -3 11 -3 11 -4 12 -4 12 -4 12 -4 12 -4 13 -4 13 -5 13 -5 13 -5 13 -4 14 -4 14 -4 14 -4 0 0 0 0 0 0 0 0 0 0
1784740936.992799,56442,-47,11,1,7,1,-95,1,658437860,128,0 0 0 0 0 0 0 0 0 0 0 0 5 7 4 7 4 8 3 7 3 8 3 8 3 8 2 8 3 8 1 9 1 9 1 9 1 9 1 9 1 9 1 9 1 9 1 9 0 9 0 9 0 9 0 8 0 9 0 8 0 8 1 8 0 0 1 7 2 7 2 7 3 7 3 7 3 7 3 7 4 7 4 7 5 8 5 8 5 8 5 8 6 8 7 8 7 8 7 9 7 9 7 9 8 9 8 9 8 9 8 10 8 10 8 10 8 10 0 0 0 0 0 0 0 0 0 0
1784740937.026862,56443,-46,11,1,6,1,-95,1,658522764,128,0 0 0 0 0 0 0 0 0 0 0 0 2 -10 3 -10 4 -10 4 -10 5 -10 5 -10 5 -10 5 -10 6 -10 6 -9 6 -10 7 -10 7 -10 7 -10 8 -10 8 -9 8 -9 8 -9 9 -9 9 -8 8 -8 9 -8 8 -8 8 -8 8 -8 8 -8 0 0 7 -8 7 -8 7 -8 6 -8 6 -8 6 -9 5 -9 5 -9 5 -9 4 -10 4 -10 4 -11 4 -11 4 -11 4 -11 4 -12 4 -12 4 -12 4 -12 4 -13 3 -13 4 -13 3 -13 3 -13 3 -13 3 -13 0 0 0 0 0 0 0 0 0 0
1784740937.040763,56444,-46,11,1,7,1,-95,1,658535909,128,0 0 0 0 0 0 0 0 0 0 0 0 -8 -6 -8 -6 -8 -7 -7 -7 -8 -8 -7 -8 -8 -8 -8 -8 -8 -9 -7 -10 -7 -10 -7 -10 -7 -11 -7 -11 -7 -11 -7 -11 -6 -11 -7 -12 -6 -12 -6 -12 -6 -12 -6 -12 -5 -12 -5 -12 -5 -11 -5 -11 0 0 -5 -11 -6 -10 -5 -10 -6 -10 -6 -9 -6 -10 -7 -9 -7 -9 -7 -9 -8 -9 -8 -9 -8 -9 -8 -9 -8 -9 -9 -9 -9 -8 -9 -9 -10 -9 -10 -9 -10 -9 -10 -9 -11 -9 -10 -9 -10 -9 -10 -9 -11 -9 0 0 0 0 0 0 0 0 0 0
1784740937.056909,56445,-46,11,1,6,1,-95,1,658537873,128,0 0 0 0 0 0 0 0 0 0 0 0 -1 8 -2 8 -2 8 -2 9 -3 9 -3 9 -3 9 -3 9 -4 9 -4 9 -4 10 -5 10 -5 10 -5 10 -6 10 -6 10 -6 10 -6 10 -7 10 -7 10 -7 9 -7 9 -7 9 -7 9 -7 9 -7 9 0 0 -6 9 -6 9 -6 9 -5 9 -5 9 -5 9 -5 9 -4 9 -4 9 -4 10 -3 10 -3 10 -3 10 -3 11 -3 11 -3 11 -2 11 -2 11 -2 12 -2 12 -2 12 -2 12 -1 12 -2 12 -1 12 -1 12 0 0 0 0 0 0 0 0 0 0
1784740937.056909,56446,-45,11,1,6,1,-95,1,658540081,128,0 0 0 0 0 0 0 0 0 0 0 0 8 -2 8 -1 9 -1 8 -1 7 3 7 7 11 6 8 1 2 6 3 11 7 11 5 7 -1 9 -1 13 2 12 0 9 -5 8 -6 10 -7 12 -4 11 -5 5 -13 3 -14 8 -8 8 -7 0 -16 -2 0 0 -4 6 -8 -2 -14 -4 -15 1 -8 2 -8 -5 -11 -5 -12 -6 -10 -2 -10 -3 -6 -6 -9 -11 -12 -7 -5 -3 -2 -11 -9 -16 -10 -9 -3 -7 0 -13 -5 -14 -3 -12 0 -12 -2 -13 1 -9 8 -11 5 -18 0 0 0 0 0 0 0 0 0 0
1784740937.056909,56447,-46,11,1,6,1,-95,1,658542052,128,0 0 0 0 0 0 0 0 0 0 0 0 8 2 7 2 8 3 7 3 8 4 8 4 8 4 8 4 8 4 8 5 8 6 8 6 8 6 8 7 8 6 9 7 8 7 8 8 8 7 8 8 8 7 8 7 8 8 7 8 7 8 7 7 0 0 7 6 7 6 7 6 8 6 8 5 8 5 8 5 9 5 8 5 10 5 9 5 9 4 9 4 9 4 11 4 10 3 11 4 11 4 11 3 11 3 11 3 11 3 12 3 11 3 11 3 11 3 0 0 0 0 0 0 0 0 0 0
1784740937.105247,56448,-45,11,1,4,1,-95,1,658605732,128,0 0 0 0 0 0 0 0 0 0 0 0 3 -6 3 -6 3 -5 4 -6 4 -5 4 -6 4 -6 5 -6 5 -6 5 -6 6 -6 6 -6 6 -6 7 -6 7 -6 7 -6 8 -6 7 -6 8 -6 8 -6 8 -6 8 -6 8 -6 8 -6 8 -6 9 -6 0 0 9 -6 8 -6 9 -7 9 -6 9 -7 9 -7 9 -7 9 -7 9 -7 9 -7 9 -8 9 -8 10 -8 10 -8 9 -8 11 -8 10 -8 10 -9 10 -9 10 -9 10 -9 11 -9 10 -8 10 -8 10 -9 11 -9 0 0 0 0 0 0 0 0 0 0
1784740937.121144,56449,-46,11,1,6,1,-95,1,658614748,128,0 0 0 0 0 0 0 0 0 0 0 0 0 -7 0 -7 1 -6 1 -7 1 -7 1 -7 1 -7 2 -7 2 -8 2 -8 2 -8 2 -8 2 -8 3 -9 3 -9 3 -9 4 -9 3 -9 3 -9 4 -9 4 -9 4 -9 4 -9 4 -9 4 -9 4 -10 0 0 4 -10 4 -10 4 -10 4 -10 4 -10 4 -11 4 -11 4 -11 4 -11 4 -12 4 -12 4 -12 4 -12 4 -12 4 -12 4 -13 4 -12 4 -12 4 -13 4 -13 4 -13 4 -14 4 -13 4 -13 4 -14 4 -14 0 0 0 0 0 0 0 0 0 0
1784740937.204218,56450,-53,11,1,5,1,-95,1,658670265,128,0 0 0 0 0 0 0 0 0 0 0 0 -6 -6 -6 -7 -6 -7 -5 -8 -5 -8 -5 -8 -5 -8 -5 -8 -5 -8 -4 -8 -4 -8 -3 -8 -4 -8 -3 -8 -4 -8 -4 -8 -4 -7 -4 -8 -4 -7 -4 -7 -4 -7 -4 -7 -5 -6 -5 -6 -5 -6 -6 -6 0 0 -6 -6 -7 -6 -7 -6 -8 -6 -8 -6 -9 -6 -9 -6 -9 -7 -10 -6 -10 -7 -10 -7 -10 -7 -10 -7 -10 -7 -11 -7 -11 -7 -11 -8 -11 -8 -12 -8 -12 -8 -12 -8 -12 -8 -12 -8 -11 -9 -12 -9 -12 -8 0 0 0 0 0 0 0 0 0 0
1784740937.217668,56451,-54,11,1,5,1,-95,1,658710522,128,0 0 0 0 0 0 0 0 0 0 0 0 0 3 0 3 0 2 0 3 -1 3 -1 3 -1 3 -1 3 -1 3 -1 3 -1 4 -1 4 -2 4 -2 4 -2 4 -2 4 -2 5 -3 5 -3 5 -4 5 -4 5 -4 5 -4 6 -5 6 -5 6 -6 6 0 0 -7 7 -7 7 -8 6 -7 6 -7 7 -8 7 -8 7 -8 8 -9 7 -8 8 -9 8 -9 8 -9 8 -9 9 -9 8 -10 9 -9 8 -10 9 -10 9 -10 9 -10 10 -10 10 -9 11 -10 11 -10 11 -10 12 0 0 0 0 0 0 0 0 0 0
1784740937.265880,56452,-54,11,1,5,1,-95,1,658726981,128,0 0 0 0 0 0 0 0 0 0 0 0 -3 -6 -3 -6 -3 -6 -2 -6 -2 -6 -2 -6 -2 -6 -2 -6 -2 -6 -1 -7 -1 -7 -1 -7 -1 -7 -1 -7 -1 -7 -1 -8 -1 -8 -1 -8 -1 -8 -1 -8 -1 -9 -1 -9 -1 -9 0 -9 0 -9 0 -10 0 0 0 -10 0 -11 0 -11 0 -12 0 -11 1 -12 0 -11 0 -12 0 -12 0 -13 0 -13 0 -13 0 -12 0 -12 -1 -13 -1 -13 0 -14 0 -14 -1 -14 -1 -14 -1 -14 -2 -14 -2 -15 -1 -15 -1 -15 -2 -15 0 0 0 0 0 0 0 0 0 0
1784740937.265880,56453,-52,11,1,6,1,-95,1,658749958,128,0 0 0 0 0 0 0 0 0 0 0 0 4 -3 4 -3 5 -3 5 -3 5 -2 5 -2 6 -2 5 -2 6 -2 6 -1 7 -1 7 -1 7 0 7 0 7 0 7 1 7 1 7 0 8 1 8 1 8 1 8 1 8 1 8 1 8 2 9 2 0 0 9 2 9 2 9 2 9 2 9 2 9 2 9 2 10 2 10 2 10 2 10 2 10 1 10 1 11 2 11 2 11 1 11 2 11 1 12 1 12 1 12 0 12 0 12 0 12 0 13 0 13 -1 0 0 0 0 0 0 0 0 0 0
1784740937.333715,56454,-50,11,1,4,1,-95,1,658818649,128,0 0 0 0 0 0 0 0 0 0 0 0 -5 1 -5 0 -5 0 -5 0 -5 0 -5 0 -5 0 -6 0 -6 0 -6 0 -6 0 -7 0 -7 0 -7 -1 -7 0 -8 0 -8 0 -8 0 -8 0 -9 0 -9 0 -9 0 -9 0 -9 -1 -10 -1 -9 -1 0 0 -10 -1 -11 -1 -10 -1 -11 -1 -10 -1 -11 -1 -11 -1 -11 -1 -11 -1 -12 -1 -11 -1 -11 -1 -11 -1 -11 -1 -12 -1 -12 -1 -12 -1 -12 -1 -12 0 -12 0 -13 0 -12 0 -13 0 -13 -1 -13 -1 -13 0 0 0 0 0 0 0 0 0 0 0
1784740937.345655,56455,-49,11,1,6,1,-95,1,658845911,128,0 0 0 0 0 0 0 0 0 0 0 0 5 0 5 1 6 1 6 2 6 2 7 2 7 3 7 3 8 3 8 4 8 5 8 5 8 5 8 6 8 6 9 6 9 7 9 7 9 7 9 7 9 8 10 8 9 8 9 9 9 9 9 9 0 0 9 9 9 8 10 9 10 9 10 9 10 9 10 8 10 8 10 8 10 8 10 8 10 8 10 8 10 8 10 7 10 7 11 7 11 7 10 6 11 6 10 6 11 5 10 6 10 6 10 5 10 5 0 0 0 0 0 0 0 0 0 0
1784740937.345655,56456,-47,11,1,5,1,-95,1,658848110,128,0 0 0 0 0 0 0 0 0 0 0 0 -5 3 -6 3 -6 2 -7 2 -7 3 -7 2 -8 2 -8 3 -9 2 -9 2 -10 1 -10 2 -11 1 -11 1 -11 1 -12 0 -12 1 -12 0 -13 0 -13 0 -13 0 -13 0 -13 0 -13 -1 -13 -1 -13 -1 0 0 -14 -1 -14 -1 -14 -1 -14 -1 -13 -1 -14 -1 -14 -1 -14 0 -14 -1 -14 0 -14 -1 -14 0 -13 0 -14 -1 -13 0 -13 0 -13 0 -13 1 -13 1 -13 1 -13 1 -13 1 -13 1 -12 1 -13 2 -12 2 0 0 0 0 0 0 0 0 0 0
1784740937.345655,56457,-47,11,1,5,1,-95,1,658849826,128,0 0 0 0 0 0 0 0 0 0 0 0 -3 5 -4 5 -4 5 -5 5 -6 5 -6 5 -6 5 -6 6 -7 6 -7 6 -8 6 -8 6 -9 6 -9 6 -10 6 -10 6 -11 6 -11 6 -11 6 -11 6 -11 6 -12 6 -12 6 -12 5 -12 5 -12 6 0 0 -13 6 -13 5 -13 5 -12 5 -12 6 -13 6 -12 6 -12 6 -13 6 -12 6 -12 6 -12 7 -12 6 -12 7 -12 6 -12 6 -11 6 -11 7 -11 7 -11 7 -10 7 -11 7 -10 7 -10 7 -10 8 -10 8 0 0 0 0 0 0 0 0 0 0
1784740937.345655,56458,-46,11,1,5,1,-95,1,658851857,128,0 0 0 0 0 0 0 0 0 0 0 0 -7 -1 -7 -1 -7 -2 -7 -2 -8 -2 -8 -2 -8 -3 -9 -3 -9 -3 -9 -4 -9 -4 -9 -5 -9 -5 -9 -6 -10 -5 -11 -6 -10 -6 -11 -6 -10 -7 -11 -7 -11 -7 -11 -7 -11 -8 -11 -8 -10 -8 -11 -8 0 0 -11 -8 -11 -8 -11 -8 -12 -8 -11 -8 -11 -8 -11 -7 -12 -8 -11 -8 -12 -8 -12 -8 -11 -7 -11 -7 -11 -7 -12 -7 -11 -6 -12 -7 -12 -6 -12 -6 -12 -5 -12 -6 -12 -5 -12 -6 -12 -5 -12 -5 -12 -4 0 0 0 0 0 0 0 0 0 0
1784740937.345655,56459,-44,11,1,6,1,-95,1,658862249,128,0 0 0 0 0 0 0 0 0 0 0 0 1 6 1 6 0 6 0 7 -1 7 0 7 -1 7 -1 8 -1 8 -1 8 -1 8 -2 9 -2 9 -2 9 -2 10 -3 10 -3 10 -3 10 -3 10 -3 10 -3 11 -4 11 -3 11 -4 11 -4 11 -4 12 0 0 -4 11 -5 11 -5 11 -4 11 -4 11 -4 12 -4 12 -4 12 -4 12 -3 12 -3 12 -4 12 -3 12 -3 13 -3 12 -3 13 -2 12 -3 12 -3 12 -3 12 -2 12 -2 12 -2 12 -2 12 -1 13 -1 13 0 0 0 0 0 0 0 0 0 0
1784740937.361422,56460,-44,11,1,6,1,-95,1,658870599,128,0 0 0 0 0 0 0 0 0 0 0 0 -5 -5 -5 -6 -5 -6 -5 -6 -5 -6 -5 -7 -5 -7 -5 -7 -5 -7 -5 -8 -4 -8 -4 -8 -4 -9 -4 -9 -4 -9 -4 -10 -4 -10 -4 -10 -4 -10 -4 -10 -5 -11 -4 -11 -4 -11 -3 -11 -4 -12 -4 -12 0 0 -4 -12 -4 -12 -3 -12 -4 -12 -4 -12 -4 -12 -4 -12 -4 -12 -4 -13 -4 -13 -4 -13 -4 -13 -4 -13 -4 -13 -5 -13 -5 -13 -4 -13 -5 -13 -5 -13 -5 -13 -6 -13 -6 -13 -5 -13 -5 -13 -5 -13 -6 -14 0 0 0 0 0 0 0 0 0 0
1784740937.379759,56461,-43,11,1,6,1,-95,1,658880627,128,0 0 0 0 0 0 0 0 0 0 0 0 5 1 5 2 5 2 5 2 6 2 6 2 5 3 6 2 6 3 6 3 6 3 7 3 7 4 7 4 7 4 7 5 7 5 8 5 8 5 8 5 8 6 8 6 8 6 8 6 8 6 8 7 0 0 8 7 8 7 8 7 8 7 8 7 8 7 9 7 9 7 9 7 9 7 9 7 9 7 10 7 10 7 10 7 10 7 10 7 10 7 10 7 11 7 11 7 11 7 11 7 11 7 11 7 12 7 0 0 0 0 0 0 0 0 0 0
1784740937.386093,56462,-42,11,1,6,1,-95,1,658890554,128,0 0 0 0 0 0 0 0 0 0 0 0 1 -7 1 -7 2 -7 2 -7 2 -7 2 -7 2 -7 3 -7 3 -7 3 -7 3 -8 3 -8 4 -8 4 -8 4 -8 4 -9 4 -9 5 -9 5 -9 5 -9 5 -9 5 -9 5 -10 6 -9 6 -9 6 -9 0 0 6 -9 6 -10 6 -9 6 -10 6 -10 6 -10 6 -10 6 -10 6 -10 6 -11 6 -11 6 -11 6 -10 6 -11 5 -12 5 -12 6 -12 6 -12 5 -12 5 -13 5 -12 5 -13 6 -13 6 -13 6 -13 5 -13 0 0 0 0 0 0 0 0 0 0
1784740937.393388,56463,-42,11,1,6,1,-95,1,658900662,128,0 0 0 0 0 0 0 0 0 0 0 0 -2 -7 -2 -7 -1 -7 -1 -7 -1 -7 -1 -8 -1 -7 -1 -8 -1 -8 -1 -8 0 -8 0 -8 0 -8 0 -9 0 -9 0 -9 1 -10 1 -9 1 -10 1 -9 1 -10 1 -10 1 -10 1 -10 1 -10 1 -10 0 0 1 -11 1 -10 1 -11 1 -10 1 -11 1 -11 1 -11 1 -11 1 -11 0 -11 1 -11 0 -11 1 -12 0 -12 1 -12 0 -12 0 -12 0 -12 0 -12 0 -12 0 -13 0 -13 0 -12 0 -13 0 -13 -1 -13 0 0 0 0 0 0 0 0 0 0
1784740937.409525,56464,-42,11,1,6,1,-95,1,658910597,128,0 0 0 0 0 0 0 0 0 0 0 0 -2 -7 -2 -7 -1 -7 -1 -7 -1 -7 -1 -8 -1 -8 -1 -8 0 -8 0 -8 0 -8 0 -9 0 -9 1 -9 0 -9 1 -9 1 -10 1 -10 1 -10 1 -10 1 -10 2 -10 2 -10 2 -10 2 -10 2 -11 0 0 2 -11 2 -11 2 -11 2 -11 2 -11 2 -11 2 -11 2 -12 2 -11 2 -12 2 -12 2 -12 2 -12 1 -12 1 -12 1 -13 1 -12 1 -13 1 -13 1 -13 1 -13 1 -14 1 -13 1 -14 1 -14 1 -14 0 0 0 0 0 0 0 0 0 0
1784740937.409525,56465,-42,11,1,6,1,-95,1,658920602,128,0 0 0 0 0 0 0 0 0 0 0 0 4 5 4 5 3 5 3 6 3 6 3 6 3 6 3 6 3 7 3 7 3 7 3 8 3 8 3 8 3 8 3 9 3 9 3 9 3 9 3 9 3 9 2 10 3 10 2 10 2 10 2 10 0 0 2 10 2 10 2 10 3 10 3 10 3 10 3 10 3 10 3 10 3 10 3 10 4 10 4 10 4 10 4 10 4 10 4 10 5 11 5 11 5 10 5 11 5 10 5 11 5 11 6 11 6 11 0 0 0 0 0 0 0 0 0 0
1784740937.425639,56466,-41,11,1,5,1,-95,1,658930522,128,0 0 0 0 0 0 0 0 0 0 0 0 -7 2 -8 2 -8 1 -8 1 -8 1 -8 1 -8 1 -9 1 -9 1 -8 1 -9 0 -9 0 -10 0 -10 0 -10 0 -10 0 -11 0 -10 -1 -11 -1 -10 -1 -11 -1 -11 -1 -11 -1 -11 -1 -11 -2 -11 -1 0 0 -11 -1 -11 -1 -11 -2 -10 -1 -11 -1 -11 -1 -11 -1 -11 0 -11 -1 -11 0 -11 0 -12 0 -12 0 -12 0 -12 0 -12 0 -12 0 -12 1 -12 1 -12 1 -12 1 -13 1 -12 1 -13 1 -13 1 -13 1 0 0 0 0 0 0 0 0 0 0
1784740937.425639,56467,-41,11,1,5,1,-95,1,658940612,128,0 0 0 0 0 0 0 0 0 0 0 0 3 -7 3 -6 4 -7 4 -6 5 -7 4 -6 5 -7 5 -6 5 -7 6 -7 6 -6 6 -6 6 -6 7 -6 6 -6 7 -7 7 -6 7 -7 7 -6 7 -6 7 -6 7 -6 8 -6 8 -6 8 -6 8 -6 0 0 8 -6 8 -7 7 -6 8 -7 7 -6 7 -7 7 -7 7 -8 7 -8 8 -8 7 -8 7 -8 7 -8 7 -8 7 -9 7 -9 7 -9 7 -9 7 -9 7 -10 7 -10 7 -10 8 -10 8 -10 8 -10 8 -10 0 0 0 0 0 0 0 0 0 0
1784740937.441705,56468,-43,11,1,5,1,-95,1,658950606,128,0 0 0 0 0 0 0 0 0 0 0 0 -7 1 -7 0 -8 0 -8 -1 -8 -1 -9 -1 -8 -1 -9 -1 -9 -2 -9 -1 -9 -2 -9 -2 -9 -2 -9 -3 -9 -2 -10 -3 -9 -3 -10 -3 -11 -3 -10 -3 -10 -3 -9 -4 -10 -4 -10 -3 -9 -4 -10 -4 0 0 -10 -4 -10 -4 -10 -3 -10 -4 -10 -3 -10 -3 -10 -4 -11 -3 -10 -4 -11 -3 -11 -3 -11 -3 -11 -2 -11 -3 -11 -2 -12 -2 -11 -2 -12 -2 -12 -2 -13 -2 -13 -2 -12 -2 -12 -2 -13 -2 -12 -2 -13 -2 0 0 0 0 0 0 0 0 0 0
1784740937.457634,56469,-43,11,1,5,1,-95,1,658960587,128,0 0 0 0 0 0 0 0 0 0 0 0 1 -8 2 -8 3 -8 4 -7 4 -7 4 -8 4 -7 4 -8 5 -8 4 -8 4 -8 4 -8 5 -8 5 -8 5 -8 6 -8 6 -8 6 -8 6 -8 7 -8 7 -8 7 -7 7 -8 6 -8 7 -8 7 -8 0 0 6 -8 7 -8 7 -8 7 -7 6 -8 6 -8 7 -8 6 -9 7 -8 6 -9 5 -9 6 -10 6 -9 7 -10 6 -9 7 -10 7 -10 6 -10 5 -10 6 -11 6 -11 6 -11 6 -12 6 -11 5 -11 6 -12 0 0 0 0 0 0 0 0 0 0
1784740937.457634,56470,-41,11,1,5,1,-95,1,658970588,128,0 0 0 0 0 0 0 0 0 0 0 0 5 5 4 6 4 6 4 6 4 7 4 7 4 7 4 7 4 7 3 8 3 8 3 8 3 9 3 9 3 9 3 9 3 9 3 9 3 9 3 9 3 9 3 9 2 10 2 9 2 9 2 9 0 0 3 9 3 9 3 9 3 9 3 8 4 9 4 9 4 9 5 9 5 9 5 10 5 9 5 9 5 9 6 10 6 9 6 10 6 10 6 10 7 10 7 10 7 10 7 10 7 11 7 10 7 10 0 0 0 0 0 0 0 0 0 0
1784740937.477646,56471,-42,11,1,5,1,-95,1,658980572,128,0 0 0 0 0 0 0 0 0 0 0 0 1 7 1 7 0 7 0 8 0 8 0 8 0 8 0 8 -1 8 -1 8 -2 8 -2 9 -2 9 -2 9 -2 9 -2 9 -3 10 -3 9 -3 9 -3 9 -3 9 -3 9 -3 9 -3 9 -3 9 -3 9 0 0 -3 9 -3 9 -3 9 -3 9 -2 9 -2 9 -2 9 -2 10 -1 10 -1 10 -2 10 -1 10 -1 10 -1 11 -1 11 -1 11 -1 11 0 12 0 11 0 11 0 12 0 12 0 12 -1 12 0 12 0 12 0 0 0 0 0 0 0 0 0 0
1784740937.477646,56472,-44,11,1,5,1,-95,1,658990495,128,0 0 0 0 0 0 0 0 0 0 0 0 -3 6 -3 6 -4 6 -4 5 -5 6 -5 5 -5 5 -5 6 -6 6 -6 6 -6 6 -6 6 -7 6 -7 5 -7 5 -8 6 -7 5 -8 6 -8 5 -8 5 -8 5 -8 5 -8 5 -8 5 -8 5 -8 5 0 0 -8 5 -8 5 -8 5 -8 6 -7 5 -8 6 -8 6 -8 6 -8 6 -8 7 -8 7 -7 7 -7 7 -7 7 -8 8 -7 8 -8 8 -7 9 -8 9 -8 9 -8 9 -8 9 -8 10 -8 10 -8 10 -8 10 0 0 0 0 0 0 0 0 0 0
1784740937.489896,56473,-44,11,1,5,1,-95,1,659000537,128,0 0 0 0 0 0 0 0 0 0 0 0 -4 -6 -4 -6 -4 -7 -3 -7 -4 -8 -3 -7 -4 -8 -4 -8 -3 -8 -3 -8 -2 -9 -2 -9 -2 -9 -2 -9 -2 -9 -2 -10 -2 -9 -2 -10 -2 -10 -2 -10 -2 -10 -2 -10 -2 -10 -1 -10 -1 -10 -2 -10 0 0 -2 -10 -2 -10 -2 -10 -3 -10 -3 -10 -3 -10 -3 -10 -4 -10 -4 -10 -4 -11 -4 -11 -4 -11 -4 -10 -4 -10 -5 -11 -5 -11 -5 -12 -6 -11 -6 -11 -7 -12 -7 -12 -7 -12 -6 -13 -6 -13 -6 -13 -7 -13 0 0 0 0 0 0 0 0 0 0
1784740937.505890,56474,-46,11,1,5,1,-95,1,659010585,128,0 0 0 0 0 0 0 0 0 0 0 0 -8 -2 -8 -2 -8 -2 -8 -3 -8 -3 -8 -3 -8 -3 -8 -4 -8 -4 -8 -4 -8 -4 -8 -5 -8 -5 -8 -5 -8 -5 -8 -6 -8 -6 -8 -6 -8 -6 -8 -6 -9 -6 -8 -6 -9 -6 -8 -6 -8 -6 -9 -6 0 0 -9 -6 -9 -6 -9 -6 -9 -6 -9 -5 -10 -5 -10 -5 -10 -5 -10 -5 -11 -5 -11 -5 -11 -5 -11 -5 -12 -5 -12 -5 -12 -5 -12 -5 -13 -5 -13 -5 -13 -5 -14 -5 -14 -5 -14 -5 -14 -6 -14 -6 -14 -6 0 0 0 0 0 0 0 0 0 0
1784740937.505890,56475,-49,11,1,5,1,-95,1,659021364,128,0 0 0 0 0 0 0 0 0 0 0 0 1 -7 1 -7 2 -8 2 -7 2 -8 2 -8 2 -8 2 -8 3 -8 4 -9 4 -8 4 -9 4 -8 4 -9 4 -9 5 -9 4 -9 4 -9 5 -9 5 -9 4 -9 5 -9 5 -10 5 -9 5 -9 5 -9 0 0 5 -10 5 -10 4 -10 5 -11 4 -10 4 -11 4 -11 4 -11 4 -11 4 -12 4 -12 3 -12 4 -12 3 -12 3 -13 3 -13 3 -14 3 -13 3 -14 3 -14 3 -14 3 -15 4 -15 4 -14 4 -14 4 -14 0 0 0 0 0 0 0 0 0 0
1784740937.521634,56476,-48,11,1,5,1,-95,1,659030500,128,0 0 0 0 0 0 0 0 0 0 0 0 7 1 7 1 7 1 7 2 7 2 7 2 7 2 7 3 7 3 7 4 7 4 7 4 7 4 7 5 7 4 7 5 7 5 7 5 7 5 7 5 7 5 7 5 7 5 7 5 7 5 7 5 0 0 7 5 7 5 7 4 8 4 7 4 8 4 8 3 8 3 8 3 9 4 9 3 9 3 8 3 8 3 10 3 9 2 10 3 10 2 10 2 10 2 10 2 10 2 11 2 10 3 10 3 10 2 0 0 0 0 0 0 0 0 0 0
1784740937.537579,56477,-46,11,1,5,1,-95,1,659040668,128,0 0 0 0 0 0 0 0 0 0 0 0 5 3 6 4 5 4 5 5 5 5 5 5 5 5 5 6 5 6 4 6 4 6 4 7 4 7 4 7 4 7 4 7 4 7 4 7 4 7 4 7 4 7 4 7 4 7 4 7 4 7 5 7 0 0 5 7 4 7 5 7 5 7 5 7 5 7 5 7 6 8 6 7 6 7 6 7 6 7 7 7 7 8 7 7 7 8 7 7 7 7 7 7 8 8 8 7 8 7 8 7 8 7 8 8 8 7 0 0 0 0 0 0 0 0 0 0
1784740937.537579,56478,-44,11,1,5,1,-95,1,659050558,128,0 0 0 0 0 0 0 0 0 0 0 0 5 -5 5 -5 6 -4 6 -4 6 -4 6 -4 6 -4 7 -4 7 -4 7 -4 7 -3 8 -3 8 -3 8 -3 8 -3 8 -3 8 -3 8 -3 9 -3 8 -3 9 -3 9 -3 9 -4 9 -3 9 -3 9 -3 0 0 9 -4 10 -3 9 -3 10 -4 9 -4 10 -4 10 -4 10 -5 10 -5 10 -5 10 -5 10 -5 10 -5 10 -5 10 -5 11 -5 11 -6 10 -6 11 -6 11 -7 11 -7 11 -7 11 -7 11 -7 11 -7 11 -7 0 0 0 0 0 0 0 0 0 0
1784740937.553809,56479,-43,11,1,5,1,-95,1,659060587,128,0 0 0 0 0 0 0 0 0 0 0 0 -5 5 -5 5 -6 5 -6 5 -6 5 -7 5 -7 5 -7 5 -7 5 -7 5 -8 5 -8 5 -8 5 -8 5 -9 5 -9 5 -9 5 -9 5 -9 5 -10 5 -10 5 -9 5 -10 5 -10 5 -10 5 -10 5 0 0 -10 5 -10 5 -10 5 -10 6 -10 6 -10 6 -9 6 -10 6 -9 6 -10 7 -10 7 -10 7 -10 7 -10 7 -10 8 -10 8 -10 8 -10 9 -10 8 -10 9 -10 9 -10 9 -11 9 -11 9 -11 9 -11 9 0 0 0 0 0 0 0 0 0 0
1784740937.553809,56480,-42,11,1,5,1,-95,1,659070789,128,0 0 0 0 0 0 0 0 0 0 0 0 -4 -8 -3 -8 -3 -9 -2 -9 -2 -9 -2 -9 -2 -9 -2 -10 -2 -10 -1 -10 -1 -10 -1 -10 -1 -11 0 -11 0 -11 0 -11 0 -12 0 -11 1 -11 0 -11 0 -11 1 -11 0 -11 1 -11 0 -11 0 -11 0 0 0 -11 0 -11 0 -11 0 -11 0 -11 0 -11 0 -11 -1 -11 -1 -12 -1 -12 -2 -12 -2 -12 -2 -12 -2 -13 -2 -12 -2 -13 -2 -12 -3 -13 -3 -13 -3 -13 -3 -13 -3 -13 -3 -13 -3 -13 -3 -13 -4 -14 0 0 0 0 0 0 0 0 0 0
1784740937.577399,56481,-42,11,1,5,1,-95,1,659080513,128,0 0 0 0 0 0 0 0 0 0 0 0 5 5 5 5 5 6 4 6 4 7 4 7 4 7 4 7 4 8 4 8 3 8 4 8 3 8 3 9 3 9 3 9 3 9 3 9 3 9 3 9 3 9 3 9 3 9 2 9 3 9 3 9 0 0 3 9 3 9 3 9 3 9 3 9 4 9 4 9 4 9 4 9 5 9 5 9 5 9 6 9 6 9 6 9 6 9 6 10 6 9 7 9 7 10 7 10 7 10 7 10 7 10 7 10 8 10 0 0 0 0 0 0 0 0 0 0
1784740937.587203,56482,-42,11,1,5,1,-95,1,659090534,128,0 0 0 0 0 0 0 0 0 0 0 0 3 7 2 7 2 7 1 7 1 8 1 8 1 8 1 8 0 8 0 9 0 9 -1 9 -1 9 -1 9 -1 9 -1 9 -1 9 -1 9 -2 9 -2 9 -2 9 -2 9 -2 9 -2 9 -2 9 -2 9 0 0 -1 10 -1 10 -1 10 -1 10 0 10 -1 10 0 10 0 10 0 10 0 11 0 11 1 11 1 11 1 11 1 12 1 12 1 12 1 12 1 12 2 12 2 13 2 13 2 13 1 13 2 13 1 14 0 0 0 0 0 0 0 0 0 0
1784740937.587203,56483,-43,11,1,5,1,-95,1,659100624,128,0 0 0 0 0 0 0 0 0 0 0 0 -3 -8 -3 -8 -2 -8 -2 -9 -2 -8 -2 -9 -1 -9 -1 -9 -1 -9 -1 -9 0 -10 -1 -10 0 -10 0 -10 0 -11 1 -10 1 -11 1 -10 1 -11 1 -10 1 -11 1 -10 1 -10 1 -10 1 -11 1 -11 0 0 0 -11 1 -11 1 -11 1 -11 0 -11 0 -11 0 -11 0 -12 0 -12 -1 -12 0 -12 -1 -12 -1 -13 -1 -13 -1 -13 -1 -14 -1 -13 -1 -14 -1 -14 -1 -14 -2 -14 -1 -15 -2 -14 -1 -15 -1 -15 -1 -16 0 0 0 0 0 0 0 0 0 0
1784740937.602029,56484,-43,11,1,5,1,-95,1,659110625,128,0 0 0 0 0 0 0 0 0 0 0 0 -7 -4 -7 -5 -7 -5 -6 -5 -7 -6 -6 -6 -7 -6 -7 -6 -7 -6 -7 -7 -6 -7 -6 -8 -6 -8 -6 -8 -7 -8 -7 -8 -7 -8 -7 -8 -7 -8 -7 -8 -7 -8 -7 -8 -7 -9 -7 -9 -7 -9 -7 -9 0 0 -8 -8 -8 -9 -8 -8 -9 -9 -8 -8 -9 -8 -9 -8 -9 -8 -9 -8 -10 -9 -10 -9 -10 -8 -10 -8 -10 -8 -12 -8 -11 -8 -12 -9 -12 -8 -12 -8 -13 -8 -13 -9 -13 -8 -13 -9 -13 -9 -13 -9 -13 -9 0 0 0 0 0 0 0 0 0 0
1784740937.618130,56485,-43,11,1,5,1,-95,1,659120536,128,0 0 0 0 0 0 0 0 0 0 0 0 -5 -6 -5 -6 -4 -7 -4 -7 -4 -7 -4 -7 -4 -7 -4 -8 -4 -8 -4 -9 -4 -9 -4 -9 -3 -9 -3 -10 -3 -10 -3 -10 -3 -10 -3 -10 -3 -10 -3 -10 -3 -11 -3 -10 -3 -11 -3 -11 -3 -10 -3 -11 0 0 -3 -11 -3 -11 -3 -11 -3 -11 -4 -11 -4 -11 -4 -11 -4 -12 -4 -12 -5 -12 -5 -12 -5 -12 -5 -12 -5 -13 -6 -13 -6 -13 -5 -13 -6 -13 -6 -13 -6 -14 -6 -14 -6 -14 -6 -14 -6 -14 -6 -14 -6 -15 0 0 0 0 0 0 0 0 0 0
1784740937.618130,56486,-44,11,1,5,1,-95,1,659130618,128,0 0 0 0 0 0 0 0 0 0 0 0 3 -6 4 -6 4 -6 5 -6 5 -6 5 -6 6 -6 6 -6 6 -6 6 -6 7 -6 7 -6 7 -6 8 -6 8 -6 8 -5 9 -6 8 -6 9 -5 9 -5 9 -6 9 -5 9 -6 9 -6 9 -6 9 -6 0 0 10 -6 9 -6 10 -6 9 -6 9 -6 10 -7 9 -7 10 -7 10 -7 9 -7 9 -8 9 -8 10 -8 10 -8 10 -8 10 -9 10 -8 10 -9 11 -9 10 -9 10 -10 11 -9 10 -10 11 -10 11 -10 11 -10 0 0 0 0 0 0 0 0 0 0
1784740937.633919,56487,-46,11,1,6,1,-95,1,659140627,128,0 0 0 0 0 0 0 0 0 0 0 0 7 1 6 1 7 2 6 2 7 3 6 3 7 3 7 3 7 3 7 4 7 5 7 5 7 5 7 5 7 5 8 5 7 5 8 6 7 6 8 5 7 6 8 6 8 6 7 6 7 6 7 6 0 0 7 6 8 6 8 5 9 6 8 6 8 6 9 5 9 5 9 5 10 6 10 5 9 5 9 5 9 5 11 5 11 5 11 5 11 5 11 5 12 5 12 5 12 5 12 6 12 6 12 6 12 6 0 0 0 0 0 0 0 0 0 0
1784740937.633919,56488,-46,11,1,6,1,-95,1,659150616,128,0 0 0 0 0 0 0 0 0 0 0 0 -4 -6 -3 -6 -3 -6 -3 -7 -3 -7 -3 -7 -3 -7 -3 -7 -2 -8 -2 -8 -2 -8 -2 -8 -2 -9 -2 -8 -2 -9 -1 -9 -1 -9 -2 -9 -2 -9 -1 -9 -1 -9 -2 -10 -2 -9 -1 -9 -2 -10 -2 -10 0 0 -2 -10 -2 -10 -2 -10 -2 -10 -3 -10 -2 -11 -2 -11 -3 -11 -3 -11 -3 -11 -3 -11 -3 -11 -4 -12 -4 -12 -4 -12 -4 -13 -4 -12 -4 -13 -4 -13 -4 -13 -5 -13 -4 -13 -4 -13 -4 -13 -5 -14 -4 -14 0 0 0 0 0 0 0 0 0 0
1784740937.649868,56489,-46,11,1,6,1,-95,1,659160628,128,0 0 0 0 0 0 0 0 0 0 0 0 -6 -3 -6 -3 -6 -4 -6 -4 -6 -4 -6 -4 -6 -4 -6 -5 -6 -5 -6 -5 -6 -5 -6 -6 -6 -6 -6 -6 -6 -6 -6 -7 -6 -7 -6 -7 -6 -7 -6 -7 -7 -7 -6 -8 -6 -7 -6 -8 -6 -8 -7 -8 0 0 -7 -8 -7 -9 -7 -9 -7 -9 -7 -8 -7 -9 -7 -9 -7 -9 -7 -9 -8 -9 -8 -9 -8 -9 -8 -9 -8 -9 -8 -10 -8 -10 -8 -10 -9 -10 -9 -10 -9 -10 -9 -10 -10 -11 -9 -10 -9 -11 -10 -11 -10 -11 0 0 0 0 0 0 0 0 0 0
1784740937.665643,56490,-46,11,1,6,1,-95,1,659170563,128,0 0 0 0 0 0 0 0 0 0 0 0 2 -6 2 -6 3 -6 3 -6 3 -6 3 -6 4 -6 4 -6 4 -6 5 -6 5 -6 5 -6 6 -6 6 -6 6 -6 6 -6 6 -6 7 -6 7 -6 7 -6 6 -6 7 -6 7 -6 7 -6 7 -6 7 -6 0 0 7 -6 7 -7 7 -6 7 -7 7 -7 7 -7 7 -7 7 -7 7 -7 7 -8 7 -8 7 -8 7 -8 7 -8 7 -9 7 -9 8 -9 8 -9 7 -10 8 -10 8 -10 8 -11 9 -11 9 -10 9 -11 9 -11 0 0 0 0 0 0 0 0 0 0
1784740937.665643,56491,-45,11,1,6,1,-95,1,659180534,128,0 0 0 0 0 0 0 0 0 0 0 0 6 1 6 2 6 3 6 3 6 3 6 4 6 4 6 4 6 5 6 5 6 5 6 5 6 6 6 6 6 6 6 6 6 7 6 7 6 7 6 7 6 7 6 7 6 7 5 7 6 7 6 7 0 0 6 7 6 7 7 8 6 7 7 7 7 7 7 7 7 7 7 7 8 7 8 7 8 7 8 7 9 8 9 7 9 8 9 7 9 8 10 8 10 8 10 8 10 8 10 8 10 8 11 9 11 9 0 0 0 0 0 0 0 0 0 0
1784740937.681677,56492,-46,11,1,6,1,-95,1,659192797,128,0 0 0 0 0 0 0 0 0 0 0 0 -4 5 -5 5 -5 5 -5 5 -6 5 -6 5 -6 5 -6 5 -7 5 -7 5 -7 5 -7 5 -8 5 -8 5 -8 5 -8 4 -9 5 -8 4 -9 5 -9 4 -9 5 -9 4 -9 5 -9 5 -9 4 -9 5 0 0 -9 5 -9 5 -9 5 -9 5 -9 5 -9 5 -9 6 -9 6 -9 6 -9 6 -9 6 -9 7 -9 7 -10 7 -9 7 -10 8 -9 7 -9 8 -10 8 -10 8 -10 9 -10 9 -10 8 -10 9 -10 9 -11 9 0 0 0 0 0 0 0 0 0 0
1784740937.697634,56493,-46,11,1,6,1,-95,1,659200527,128,0 0 0 0 0 0 0 0 0 0 0 0 -6 -4 -6 -5 -6 -5 -6 -5 -6 -6 -6 -6 -6 -6 -6 -6 -7 -6 -6 -7 -6 -7 -6 -8 -6 -8 -6 -8 -6 -8 -6 -8 -6 -8 -6 -9 -6 -9 -6 -8 -6 -9 -6 -9 -6 -9 -6 -9 -6 -9 -6 -9 0 0 -6 -9 -7 -9 -7 -8 -7 -9 -7 -9 -7 -8 -8 -8 -8 -9 -8 -8 -9 -9 -8 -9 -8 -9 -8 -9 -8 -9 -10 -9 -10 -9 -10 -10 -10 -9 -10 -9 -11 -9 -10 -9 -11 -9 -11 -10 -10 -10 -11 -10 -11 -10 0 0 0 0 0 0 0 0 0 0
1784740937.697634,56494,-45,11,1,6,1,-95,1,659210585,128,0 0 0 0 0 0 0 0 0 0 0 0 -3 -8 -3 -8 -2 -8 -2 -8 -2 -8 -2 -9 -2 -9 -2 -9 -1 -9 -1 -9 -1 -10 -1 -10 -1 -10 -1 -10 -1 -11 0 -10 0 -11 0 -10 0 -11 0 -10 0 -11 1 -11 0 -10 0 -10 0 -11 0 -11 0 0 0 -11 0 -11 0 -11 -1 -11 -1 -11 -1 -12 -1 -12 -1 -12 -1 -12 -2 -12 -2 -12 -2 -12 -2 -13 -2 -13 -2 -13 -2 -14 -2 -13 -3 -13 -3 -14 -3 -14 -3 -14 -3 -14 -3 -13 -3 -14 -3 -14 -3 -14 0 0 0 0 0 0 0 0 0 0
1784740937.713697,56495,-46,11,1,6,1,-95,1,659220515,128,0 0 0 0 0 0 0 0 0 0 0 0 -5 4 -5 4 -6 4 -6 3 -7 3 -6 4 -6 4 -7 4 -7 3 -7 3 -8 3 -8 3 -8 3 -8 3 -8 3 -9 3 -9 3 -9 3 -9 3 -9 3 -9 3 -9 3 -9 3 -9 3 -10 3 -10 3 0 0 -10 3 -10 3 -10 3 -10 3 -9 3 -10 3 -10 3 -10 4 -10 4 -10 4 -10 4 -10 4 -10 4 -10 4 -11 5 -11 5 -11 5 -11 5 -11 6 -11 6 -11 6 -11 6 -12 6 -12 6 -12 6 -12 6 0 0 0 0 0 0 0 0 0 0
1784740937.713697,56496,-45,11,1,6,1,-95,1,659230585,128,0 0 0 0 0 0 0 0 0 0 0 0 -4 -5 -4 -5 -4 -5 -4 -5 -4 -6 -4 -6 -4 -6 -4 -6 -4 -6 -4 -7 -4 -7 -4 -7 -3 -7 -3 -7 -4 -7 -4 -8 -4 -8 -4 -8 -4 -9 -4 -9 -4 -9 -4 -9 -4 -9 -3 -10 -3 -9 -4 -9 0 0 -4 -10 -4 -10 -4 -10 -4 -10 -4 -10 -5 -10 -5 -10 -5 -10 -5 -10 -5 -11 -5 -10 -6 -10 -5 -10 -6 -11 -7 -11 -7 -11 -7 -12 -7 -12 -7 -12 -7 -12 -7 -12 -8 -12 -7 -13 -7 -13 -7 -13 -7 -14 0 0 0 0 0 0 0 0 0 0
1784740937.729721,56497,-44,11,1,6,1,-95,1,659240622,128,0 0 0 0 0 0 0 0 0 0 0 0 -7 -1 -7 -1 -7 -1 -7 -1 -7 -2 -8 -2 -8 -2 -8 -2 -8 -2 -8 -2 -8 -3 -9 -3 -9 -3 -9 -3 -9 -3 -9 -4 -10 -4 -9 -4 -10 -5 -10 -5 -10 -5 -10 -5 -10 -5 -10 -5 -10 -5 -10 -5 0 0 -10 -5 -10 -5 -11 -6 -10 -5 -11 -5 -11 -5 -11 -5 -11 -5 -11 -5 -12 -5 -12 -5 -12 -5 -12 -5 -13 -5 -12 -5 -13 -5 -13 -5 -13 -5 -14 -5 -14 -5 -14 -5 -14 -5 -14 -5 -14 -6 -15 -5 -15 -6 0 0 0 0 0 0 0 0 0 0
1784740937.745521,56498,-45,11,1,6,1,-95,1,659250670,128,0 0 0 0 0 0 0 0 0 0 0 0 -5 -5 -5 -5 -5 -6 -5 -6 -5 -6 -5 -6 -5 -7 -5 -7 -5 -7 -5 -8 -5 -8 -5 -8 -5 -8 -5 -8 -5 -8 -5 -9 -5 -9 -5 -9 -5 -9 -5 -9 -5 -9 -5 -9 -6 -9 -5 -9 -5 -9 -5 -10 0 0 -6 -10 -6 -10 -6 -9 -7 -10 -6 -9 -7 -10 -7 -9 -7 -10 -7 -10 -8 -10 -7 -10 -8 -10 -8 -10 -8 -10 -9 -10 -9 -10 -9 -10 -9 -10 -9 -10 -10 -10 -10 -10 -10 -10 -10 -11 -10 -11 -10 -11 -10 -11 0 0 0 0 0 0 0 0 0 0
1784740937.745521,56499,-45,11,1,5,1,-95,1,659261869,128,0 0 0 0 0 0 0 0 0 0 0 0 -3 -6 -2 -6 -2 -7 -2 -7 -2 -7 -2 -7 -2 -7 -2 -8 -2 -8 -2 -8 -2 -8 -2 -9 -2 -9 -1 -9 -2 -9 -1 -9 -1 -10 -1 -9 -1 -10 -1 -10 -1 -10 -1 -10 -1 -10 -1 -10 -1 -11 -1 -11 0 0 -1 -11 -1 -11 -1 -11 -1 -11 -1 -11 -1 -11 -1 -11 -2 -12 -1 -12 -2 -12 -2 -12 -2 -12 -2 -12 -2 -13 -2 -13 -2 -13 -2 -13 -2 -13 -2 -14 -2 -14 -3 -14 -2 -14 -2 -14 -2 -14 -3 -15 -2 -15 0 0 0 0 0 0 0 0 0 0
1784740937.761741,56500,-46,11,1,6,1,-95,1,659271883,128,0 0 0 0 0 0 0 0 0 0 0 0 -7 1 -7 0 -7 0 -7 0 -8 0 -8 0 -8 0 -8 -1 -8 0 -9 -1 -9 -1 -9 -1 -9 -1 -9 -2 -10 -1 -10 -2 -10 -2 -11 -2 -11 -2 -11 -2 -11 -2 -11 -2 -11 -3 -11 -3 -11 -3 -11 -3 0 0 -11 -3 -12 -3 -11 -3 -12 -2 -12 -2 -12 -3 -12 -2 -12 -3 -12 -2 -13 -2 -13 -2 -12 -2 -13 -2 -12 -2 -13 -1 -13 -1 -14 -2 -14 -2 -14 -1 -14 -1 -14 -2 -14 -1 -14 -2 -14 -2 -14 -2 -14 -2 0 0 0 0 0 0 0 0 0 0
1784740937.761741,56501,-46,11,1,6,1,-95,1,659280589,128,0 0 0 0 0 0 0 0 0 0 0 0 6 1 6 2 6 2 6 2 6 2 6 2 6 3 6 3 7 3 7 3 7 3 7 4 7 4 7 4 7 4 8 5 7 5 8 5 7 5 8 5 7 5 8 5 8 6 7 6 7 6 7 6 0 0 8 6 8 6 7 6 8 6 8 6 8 6 8 6 8 6 8 6 9 6 9 6 9 6 9 6 9 6 10 6 9 5 10 6 10 6 10 5 10 5 10 5 10 5 11 6 11 6 11 6 11 6 0 0 0 0 0 0 0 0 0 0
1784740937.778465,56502,-47,11,1,6,1,-95,1,659290520,128,0 0 0 0 0 0 0 0 0 0 0 0 -5 -4 -5 -4 -5 -4 -5 -4 -5 -4 -5 -5 -5 -4 -5 -5 -6 -5 -5 -5 -5 -5 -5 -6 -5 -6 -5 -6 -6 -6 -5 -6 -6 -7 -5 -7 -6 -7 -6 -7 -6 -7 -6 -7 -6 -7 -5 -8 -5 -7 -6 -8 0 0 -6 -8 -6 -8 -6 -8 -6 -8 -7 -8 -7 -8 -7 -7 -7 -8 -7 -8 -8 -8 -7 -9 -8 -8 -8 -8 -9 -9 -8 -8 -9 -9 -8 -9 -9 -9 -9 -9 -10 -9 -10 -9 -10 -9 -9 -9 -9 -10 -10 -11 -10 -10 0 0 0 0 0 0 0 0 0 0
1784740937.793831,56503,-45,11,1,6,1,-95,1,659300526,128,0 0 0 0 0 0 0 0 0 0 0 0 5 3 5 3 5 4 5 4 5 4 5 4 5 4 5 5 5 5 5 5 5 5 5 5 5 5 6 5 5 6 5 6 5 6 5 6 5 7 5 6 5 7 5 7 6 7 6 7 6 7 6 7 0 0 6 7 6 8 6 8 6 7 7 7 7 8 7 8 7 8 7 8 8 7 8 7 9 7 9 8 9 8 9 8 9 9 9 8 10 8 10 9 9 9 10 9 10 9 10 8 10 9 11 9 10 9 0 0 0 0 0 0 0 0 0 0
1784740937.793831,56504,-45,11,1,6,1,-95,1,659310500,128,0 0 0 0 0 0 0 0 0 0 0 0 0 7 -1 7 -1 7 -2 7 -2 7 -2 7 -2 7 -2 7 -2 7 -3 8 -3 8 -3 8 -3 8 -3 8 -3 8 -4 9 -3 9 -4 9 -4 9 -4 9 -4 9 -4 9 -4 9 -4 9 -5 9 -4 9 0 0 -4 9 -4 10 -4 9 -4 10 -4 9 -4 10 -4 10 -4 10 -4 10 -4 11 -3 11 -3 11 -3 10 -3 11 -3 12 -2 11 -3 12 -3 12 -3 12 -2 12 -3 12 -2 12 -3 13 -3 13 -3 13 -3 13 0 0 0 0 0 0 0 0 0 0
1784740937.810005,56505,-45,11,1,6,1,-95,1,659320511,128,0 0 0 0 0 0 0 0 0 0 0 0 -4 5 -4 5 -4 5 -5 5 -5 5 -5 5 -5 5 -5 5 -5 5 -5 5 -6 5 -6 5 -6 5 -7 5 -7 6 -7 5 -7 6 -7 5 -8 6 -7 5 -8 6 -8 5 -8 5 -8 5 -8 5 -8 6 0 0 -9 6 -8 6 -9 6 -9 6 -9 7 -9 6 -9 7 -9 7 -9 7 -9 7 -9 7 -9 7 -9 8 -9 8 -9 8 -9 9 -9 8 -10 9 -9 9 -9 9 -9 10 -10 10 -10 9 -10 9 -10 9 -11 10 0 0 0 0 0 0 0 0 0 0
1784740937.827488,56506,-44,11,1,6,1,-95,1,659330605,128,0 0 0 0 0 0 0 0 0 0 0 0 -5 -4 -5 -5 -5 -5 -5 -5 -5 -6 -5 -6 -5 -6 -5 -6 -5 -7 -5 -7 -5 -7 -5 -7 -5 -8 -5 -8 -5 -8 -5 -9 -5 -9 -4 -9 -5 -9 -4 -10 -5 -9 -5 -10 -5 -10 -4 -10 -4 -10 -5 -10 0 0 -4 -10 -4 -10 -4 -10 -5 -11 -5 -10 -5 -11 -5 -11 -5 -11 -5 -11 -6 -11 -6 -11 -6 -11 -6 -11 -6 -11 -6 -11 -7 -12 -6 -12 -7 -12 -7 -12 -7 -12 -8 -13 -7 -13 -7 -13 -7 -13 -8 -13 -8 -14 0 0 0 0 0 0 0 0 0 0
1784740937.827488,56507,-44,11,1,6,1,-95,1,659340645,128,0 0 0 0 0 0 0 0 0 0 0 0 -7 2 -7 2 -7 1 -8 1 -8 1 -8 1 -8 1 -8 1 -9 1 -9 1 -9 0 -9 0 -9 0 -9 0 -10 0 -10 0 -10 0 -10 0 -10 0 -10 0 -10 0 -10 0 -11 0 -11 -1 -11 -1 -11 0 0 0 -11 0 -11 0 -11 0 -11 0 -11 0 -11 0 -11 1 -12 1 -12 1 -12 1 -12 1 -12 2 -12 2 -13 2 -13 3 -13 3 -13 2 -14 3 -13 3 -14 3 -14 2 -14 3 -14 3 -15 3 -15 3 -14 3 0 0 0 0 0 0 0 0 0 0
1784740937.841992,56508,-45,11,1,6,1,-95,1,659350637,128,0 0 0 0 0 0 0 0 0 0 0 0 5 3 5 3 5 4 5 4 5 4 5 4 5 4 5 4 5 5 5 5 5 5 5 5 5 5 6 6 6 6 6 6 6 6 6 6 6 6 6 6 6 7 6 7 7 7 6 7 7 7 7 8 0 0 7 8 7 8 7 8 7 8 7 8 7 8 7 8 8 8 8 8 8 8 8 8 9 8 9 8 9 8 9 8 9 9 9 8 10 9 10 8 10 9 10 9 10 9 10 9 10 9 10 9 10 9 0 0 0 0 0 0 0 0 0 0
1784740937.850323,56509,-44,11,1,6,1,-95,1,659360549,128,0 0 0 0 0 0 0 0 0 0 0 0 1 6 0 6 0 6 0 6 0 7 0 7 0 7 -1 7 -1 7 -1 8 -1 8 -1 8 -2 8 -2 9 -2 9 -2 9 -2 9 -3 10 -3 10 -3 10 -3 10 -3 10 -3 10 -3 10 -3 10 -3 10 0 0 -4 10 -4 10 -4 10 -3 10 -3 10 -3 11 -3 11 -3 11 -3 11 -3 11 -2 11 -2 11 -2 11 -2 12 -2 12 -2 12 -2 12 -2 12 -2 13 -2 13 -2 13 -2 13 -2 13 -2 13 -2 13 -2 14 0 0 0 0 0 0 0 0 0 0
1784740937.886663,56510,-45,11,1,6,1,-95,1,659374226,128,0 0 0 0 0 0 0 0 0 0 0 0 3 5 3 6 2 6 2 6 2 6 2 7 2 7 2 7 2 7 2 7 2 7 2 8 2 8 2 8 2 9 1 9 1 9 1 9 1 9 1 9 1 9 1 9 1 9 1 9 1 9 1 10 0 0 2 10 1 10 1 10 2 10 2 10 2 10 2 10 3 11 3 11 3 11 3 11 3 11 3 11 3 12 3 12 4 13 3 12 4 13 4 13 4 13 4 13 4 13 4 13 4 13 4 14 4 14 0 0 0 0 0 0 0 0 0 0
1784740937.922089,56511,-43,11,1,5,1,-95,1,659426631,128,0 0 0 0 0 0 0 0 0 0 0 0 5 2 5 2 5 3 5 3 5 3 5 3 5 4 5 4 6 4 6 5 6 5 6 6 6 6 6 7 6 6 7 7 6 7 7 8 6 8 6 8 6 8 7 8 6 9 6 9 6 9 6 9 0 0 6 9 7 9 6 8 7 9 7 8 7 9 7 8 8 9 8 8 9 9 8 9 8 9 8 8 8 8 10 9 9 8 10 9 10 9 10 8 11 8 11 9 11 8 11 10 10 10 10 9 10 9 0 0 0 0 0 0 0 0 0 0
1784740937.922089,56512,-43,11,1,5,1,-95,1,659435149,128,0 0 0 0 0 0 0 0 0 0 0 0 5 2 5 2 5 3 5 3 5 3 5 4 6 4 6 4 6 4 6 5 6 6 6 6 6 6 6 7 6 7 5 7 6 8 6 8 6 8 6 8 6 8 5 8 5 8 5 9 5 8 5 8 0 0 5 9 6 8 5 8 6 9 6 8 6 9 6 8 7 8 7 8 7 9 7 9 7 8 7 9 7 9 8 9 8 9 8 9 8 9 9 9 9 9 9 9 9 9 9 10 8 10 9 10 9 10 0 0 0 0 0 0 0 0 0 0
1784740937.969674,56513,-44,11,1,6,1,-95,1,659435493,128,0 0 0 0 0 0 0 0 0 0 0 0 6 1 6 1 6 1 6 2 6 2 7 2 7 2 7 2 7 2 7 4 7 4 8 4 8 5 8 5 8 5 8 5 8 5 9 5 8 6 9 6 8 6 9 5 8 6 8 7 8 6 8 6 0 0 9 6 9 6 9 6 9 6 9 6 9 5 10 5 10 5 10 5 11 5 11 5 10 5 10 5 11 5 12 4 12 4 12 5 12 4 12 4 13 4 13 4 13 4 13 4 13 5 13 5 13 5 0 0 0 0 0 0 0 0 0 0
1784740937.979021,56514,-43,11,1,5,1,-95,1,659480645,128,0 0 0 0 0 0 0 0 0 0 0 0 -7 3 -7 3 -8 3 -8 2 -8 2 -8 2 -9 2 -9 2 -9 2 -10 1 -10 1 -10 0 -10 0 -10 0 -10 0 -11 0 -10 0 -11 0 -11 0 -11 0 -11 0 -11 0 -11 0 -11 0 -11 0 -11 0 0 0 -11 0 -11 1 -11 1 -12 1 -11 1 -12 1 -11 2 -12 2 -12 2 -13 2 -12 2 -12 3 -12 3 -12 3 -13 4 -13 4 -14 4 -14 4 -13 4 -14 5 -14 5 -14 5 -15 4 -15 4 -15 4 -15 5 0 0 0 0 0 0 0 0 0 0
1784740937.979021,56515,-44,11,1,5,1,-95,1,659482521,128,0 0 0 0 0 0 0 0 0 0 0 0 -3 6 -4 6 -4 6 -5 6 -5 6 -5 6 -5 6 -6 6 -6 6 -6 6 -6 6 -7 6 -7 6 -7 6 -8 6 -8 6 -8 6 -8 6 -8 6 -8 6 -8 6 -8 6 -8 6 -8 6 -8 6 -8 6 0 0 -8 7 -8 7 -9 7 -9 7 -8 7 -8 7 -8 8 -8 8 -8 8 -8 9 -8 9 -8 9 -8 9 -8 9 -8 10 -9 10 -8 10 -9 11 -9 11 -9 11 -9 11 -9 12 -9 11 -9 12 -9 12 -10 12 0 0 0 0 0 0 0 0 0 0
1784740937.985684,56516,-45,11,1,6,1,-95,1,659490583,128,0 0 0 0 0 0 0 0 0 0 0 0 -5 3 -5 3 -5 3 -6 3 -6 3 -6 3 -6 3 -6 4 -7 3 -7 3 -7 3 -8 3 -8 3 -8 3 -9 3 -9 3 -9 3 -9 3 -9 3 -9 3 -9 4 -10 3 -10 4 -10 3 -10 3 -10 4 0 0 -10 4 -10 4 -11 4 -11 4 -11 4 -11 5 -11 5 -11 5 -11 5 -11 6 -12 6 -12 6 -12 6 -12 6 -12 6 -12 7 -12 6 -13 7 -13 7 -13 7 -13 8 -13 8 -13 7 -14 7 -14 7 -14 7 0 0 0 0 0 0 0 0 0 0
1784740937.985684,56517,-42,11,1,6,0,-95,1,659500458,128,0 0 0 0 0 0 0 0 0 0 0 0 -5 -4 -6 -4 -6 -5 -6 -5 -6 -5 -6 -5 -6 -6 -6 -6 -6 -6 -6 -6 -6 -7 -6 -7 -7 -8 -7 -8 -7 -8 -6 -9 -7 -9 -6 -9 -6 -9 -6 -10 -6 -10 -6 -10 -7 -10 -7 -10 -7 -10 -7 -10 0 0 -7 -10 -7 -10 -7 -10 -7 -11 -8 -11 -8 -11 -8 -11 -8 -11 -8 -11 -9 -11 -9 -11 -9 -11 -9 -11 -9 -11 -10 -11 -10 -12 -10 -12 -10 -12 -10 -12 -11 -12 -11 -12 -11 -12 -11 -13 -11 -13 -11 -13 -11 -13 0 0 0 0 0 0 0 0 0 0
1784740938.001695,56518,-44,11,1,5,1,-95,1,659513006,128,0 0 0 0 0 0 0 0 0 0 0 0 -4 -6 -4 -6 -4 -7 -4 -7 -4 -7 -4 -7 -4 -8 -4 -8 -4 -8 -3 -9 -3 -9 -3 -9 -3 -9 -3 -10 -3 -10 -3 -10 -3 -10 -3 -11 -3 -10 -3 -11 -3 -11 -3 -11 -3 -11 -2 -11 -2 -11 -3 -11 0 0 -3 -11 -3 -11 -3 -11 -4 -12 -4 -12 -4 -12 -4 -12 -5 -12 -5 -12 -5 -13 -5 -13 -5 -13 -5 -13 -5 -13 -6 -13 -6 -13 -6 -14 -6 -14 -7 -14 -7 -14 -7 -14 -7 -14 -6 -14 -6 -15 -6 -15 -6 -15 0 0 0 0 0 0 0 0 0 0
1784740938.017611,56519,-44,11,1,6,1,-95,1,659520563,128,0 0 0 0 0 0 0 0 0 0 0 0 6 0 6 1 6 1 6 2 6 2 7 2 7 2 7 2 7 3 7 3 7 3 7 3 8 4 8 4 8 4 8 4 8 5 8 5 8 5 8 5 8 5 8 5 8 5 8 5 8 5 9 6 0 0 9 5 9 6 9 6 9 5 9 5 9 5 9 5 10 5 10 5 10 5 10 5 11 4 11 5 11 5 11 4 11 5 11 4 12 4 12 5 12 5 12 4 13 5 12 4 12 5 13 4 13 5 0 0 0 0 0 0 0 0 0 0
1784740938.017611,56520,-44,11,1,6,1,-95,1,659530547,128,0 0 0 0 0 0 0 0 0 0 0 0 -4 5 -5 5 -5 5 -5 5 -6 5 -6 5 -6 6 -6 6 -7 6 -8 5 -8 5 -8 5 -9 5 -9 5 -9 5 -9 5 -9 5 -10 5 -10 5 -10 5 -10 5 -10 4 -10 4 -10 4 -10 4 -10 4 0 0 -10 4 -10 5 -9 4 -10 5 -9 5 -9 5 -9 6 -9 6 -9 6 -9 7 -9 6 -9 6 -9 6 -9 7 -9 8 -9 8 -9 8 -9 8 -9 9 -9 9 -9 9 -9 9 -9 9 -10 9 -10 9 -10 9 0 0 0 0 0 0 0 0 0 0
1784740938.033396,56521,-44,11,1,6,1,-95,1,659540620,128,0 0 0 0 0 0 0 0 0 0 0 0 -7 4 -7 4 -7 3 -8 3 -8 3 -8 3 -9 3 -9 3 -10 3 -10 2 -10 2 -11 2 -11 2 -11 1 -11 1 -11 0 -12 0 -12 0 -12 0 -12 0 -12 0 -11 0 -12 0 -11 -1 -11 0 -11 0 0 0 -11 0 -11 0 -11 0 -11 0 -11 1 -11 1 -11 1 -11 1 -11 2 -12 2 -12 2 -12 2 -12 2 -12 3 -12 3 -13 3 -13 3 -13 3 -13 4 -13 4 -13 4 -14 4 -14 4 -14 4 -14 4 -14 4 0 0 0 0 0 0 0 0 0 0
1784740938.033396,56522,-44,11,1,6,1,-95,1,659550609,128,0 0 0 0 0 0 0 0 0 0 0 0 -4 5 -5 5 -5 5 -6 5 -6 5 -6 5 -7 5 -7 5 -8 5 -7 5 -8 5 -8 5 -9 5 -9 5 -9 5 -9 4 -10 5 -10 4 -10 4 -10 4 -10 4 -10 4 -10 4 -10 4 -10 4 -10 4 0 0 -10 5 -10 4 -11 4 -10 4 -10 5 -10 5 -10 5 -10 5 -10 5 -10 6 -10 6 -10 7 -10 7 -10 7 -10 7 -10 7 -10 7 -10 8 -11 8 -10 8 -10 8 -11 8 -10 8 -11 8 -10 9 -11 9 0 0 0 0 0 0 0 0 0 0
1784740938.055412,56523,-44,11,1,6,1,-95,1,659560525,128,0 0 0 0 0 0 0 0 0 0 0 0 4 5 4 5 4 6 3 6 3 6 3 7 3 7 3 7 3 8 3 8 2 9 2 9 2 9 2 9 2 9 2 10 2 10 2 10 2 10 2 10 2 10 2 10 2 11 1 10 1 10 1 11 0 0 1 10 2 11 2 10 2 11 2 10 2 11 2 10 3 11 3 11 3 11 3 11 3 11 3 11 4 11 4 11 4 11 4 11 4 11 5 11 5 11 5 11 6 11 6 12 5 12 5 12 6 12 0 0 0 0 0 0 0 0 0 0
1784740938.065522,56524,-43,11,1,6,1,-95,1,659570597,128,0 0 0 0 0 0 0 0 0 0 0 0 -4 6 -5 6 -5 6 -6 6 -6 6 -6 6 -7 6 -7 6 -7 6 -8 6 -8 6 -8 6 -9 6 -9 6 -9 6 -9 6 -10 6 -10 5 -10 5 -10 5 -10 5 -10 5 -10 5 -10 5 -10 5 -10 5 0 0 -10 6 -10 6 -10 6 -10 6 -10 6 -10 7 -9 6 -10 7 -10 7 -10 7 -10 7 -9 8 -9 8 -10 8 -9 8 -10 9 -9 8 -10 9 -9 9 -9 9 -9 9 -9 9 -9 9 -9 9 -9 10 -9 10 0 0 0 0 0 0 0 0 0 0
1784740938.065522,56525,-44,11,1,6,1,-95,1,659580587,128,0 0 0 0 0 0 0 0 0 0 0 0 1 8 1 8 0 8 0 8 0 9 -1 9 -1 9 -1 9 -2 9 -2 9 -2 10 -2 10 -2 10 -3 10 -3 10 -4 10 -4 10 -4 10 -4 10 -4 10 -4 10 -5 10 -4 10 -4 10 -4 10 -4 10 0 0 -4 10 -4 10 -4 10 -4 10 -3 10 -4 10 -4 10 -4 11 -4 11 -3 12 -3 11 -3 11 -3 12 -2 12 -3 12 -3 12 -3 12 -2 12 -2 12 -2 12 -2 12 -3 12 -2 12 -2 12 -2 13 -2 13 0 0 0 0 0 0 0 0 0 0
1784740938.081280,56526,-44,11,1,6,1,-95,1,659590555,128,0 0 0 0 0 0 0 0 0 0 0 0 4 -7 4 -7 5 -7 5 -7 6 -7 6 -7 6 -7 6 -7 6 -7 8 -7 8 -7 8 -7 8 -6 9 -6 8 -6 9 -7 9 -6 10 -7 9 -6 9 -7 9 -7 9 -7 10 -6 10 -6 10 -6 9 -6 0 0 9 -7 9 -7 9 -7 10 -8 9 -7 9 -8 9 -8 9 -8 9 -8 9 -9 9 -9 8 -8 9 -9 8 -9 9 -11 8 -10 9 -11 8 -10 8 -11 8 -11 9 -11 8 -12 9 -11 9 -11 9 -11 9 -11 0 0 0 0 0 0 0 0 0 0
1784740938.097093,56527,-45,11,1,6,1,-95,1,659602442,128,0 0 0 0 0 0 0 0 0 0 0 0 8 -1 8 -1 8 0 8 0 9 0 8 0 9 0 9 0 9 1 10 1 10 2 10 2 10 3 10 3 10 2 11 3 10 3 11 3 10 3 11 3 11 3 10 3 11 3 10 4 10 4 10 4 0 0 11 3 11 2 10 2 11 2 11 2 11 2 11 1 11 1 11 1 13 1 12 1 12 1 12 1 12 0 13 0 12 0 13 0 13 0 12 -1 13 -1 13 -1 13 -2 13 -1 13 0 13 0 13 -1 0 0 0 0 0 0 0 0 0 0
1784740938.097093,56528,-46,11,1,6,1,-95,1,659610511,128,0 0 0 0 0 0 0 0 0 0 0 0 -8 -1 -8 -1 -8 -2 -8 -2 -8 -3 -8 -3 -8 -3 -9 -3 -9 -4 -9 -4 -9 -4 -9 -4 -9 -5 -9 -5 -10 -5 -9 -6 -9 -6 -9 -6 -9 -6 -9 -6 -9 -6 -9 -7 -9 -6 -9 -7 -9 -6 -10 -6 0 0 -10 -7 -10 -6 -10 -7 -10 -6 -10 -6 -10 -6 -10 -6 -11 -6 -11 -6 -11 -6 -11 -6 -11 -6 -11 -6 -12 -6 -12 -6 -12 -6 -12 -6 -12 -6 -12 -6 -13 -6 -12 -6 -13 -6 -13 -6 -13 -6 -13 -6 -13 -6 0 0 0 0 0 0 0 0 0 0
1784740938.113014,56529,-46,11,1,6,1,-95,1,659620501,128,0 0 0 0 0 0 0 0 0 0 0 0 -3 5 -3 5 -4 5 -4 5 -5 5 -5 5 -5 6 -5 5 -5 6 -6 6 -6 6 -7 5 -7 5 -7 5 -7 5 -7 6 -7 5 -8 6 -8 5 -8 6 -8 5 -8 6 -8 6 -8 5 -8 5 -8 5 0 0 -8 5 -8 6 -8 6 -8 6 -8 6 -8 6 -8 7 -8 7 -8 7 -9 8 -8 7 -8 7 -8 8 -8 8 -8 9 -7 9 -8 9 -8 9 -8 9 -8 10 -8 10 -8 10 -9 10 -9 10 -8 10 -9 10 0 0 0 0 0 0 0 0 0 0
1784740938.129137,56530,-45,11,1,6,1,-95,1,659630534,128,0 0 0 0 0 0 0 0 0 0 0 0 -4 -7 -3 -8 -3 -8 -3 -8 -2 -8 -2 -9 -2 -9 -2 -9 -2 -9 -2 -9 -1 -10 -1 -10 -1 -10 0 -10 0 -11 1 -11 0 -11 0 -10 1 -11 1 -10 0 -11 1 -10 1 -10 1 -10 1 -10 0 -11 0 0 0 -11 0 -11 0 -11 0 -10 0 -11 0 -11 0 -11 -1 -11 -1 -11 -1 -11 -1 -11 -2 -12 -2 -12 -2 -12 -2 -12 -2 -12 -2 -12 -3 -13 -3 -13 -3 -13 -3 -13 -3 -13 -3 -13 -3 -13 -3 -13 -3 -14 0 0 0 0 0 0 0 0 0 0
1784740938.135340,56531,-44,11,1,6,1,-95,1,659640603,128,0 0 0 0 0 0 0 0 0 0 0 0 3 6 3 6 3 7 2 7 2 7 2 7 2 8 2 8 2 8 2 8 1 9 1 8 1 9 0 9 0 9 0 10 0 9 0 9 0 10 0 9 0 9 0 9 0 9 -1 9 -1 9 0 9 0 0 0 10 0 10 0 10 0 10 0 10 0 10 1 10 1 10 1 10 1 10 1 10 1 10 1 10 1 11 2 11 2 11 1 11 2 11 2 11 2 11 3 11 2 11 2 11 2 12 2 12 3 12 0 0 0 0 0 0 0 0 0 0
1784740938.144825,56532,-44,11,1,6,1,-95,1,659650553,128,0 0 0 0 0 0 0 0 0 0 0 0 -1 6 -1 7 -2 7 -2 7 -2 7 -3 7 -3 7 -3 7 -3 7 -4 8 -4 8 -4 8 -5 8 -5 8 -5 8 -5 8 -5 8 -6 8 -5 8 -6 8 -6 8 -6 8 -6 9 -6 8 -6 8 -7 8 0 0 -6 9 -6 9 -6 8 -6 9 -6 9 -6 9 -6 9 -6 10 -6 10 -6 10 -6 10 -6 10 -6 10 -6 10 -5 11 -5 11 -6 11 -5 11 -5 11 -5 12 -5 11 -5 12 -5 12 -6 12 -5 12 -5 12 0 0 0 0 0 0 0 0 0 0
1784740938.144825,56533,-44,11,1,6,1,-95,1,659661022,128,0 0 0 0 0 0 0 0 0 0 0 0 5 3 5 4 5 4 5 5 5 5 5 5 5 5 5 6 5 6 5 6 5 6 5 7 5 7 5 8 5 8 5 8 5 9 5 9 5 9 5 9 5 9 5 9 5 9 5 9 5 9 5 10 0 0 5 10 5 9 5 10 5 9 6 9 5 10 5 9 6 9 6 10 7 9 7 9 7 9 7 9 7 10 7 9 7 10 7 9 8 9 8 9 8 9 8 9 8 9 8 9 8 9 8 9 8 9 0 0 0 0 0 0 0 0 0 0
1784740938.160641,56534,-45,11,1,6,1,-95,1,659670583,128,0 0 0 0 0 0 0 0 0 0 0 0 6 -1 6 -1 7 -1 7 0 7 0 7 0 8 0 8 0 8 0 9 1 9 1 9 1 9 2 9 2 9 2 10 3 10 2 10 3 10 3 10 3 10 3 11 4 11 4 10 4 10 4 10 4 0 0 11 4 11 4 10 4 11 4 10 3 11 4 11 3 11 3 11 3 12 3 11 3 11 3 11 3 11 3 12 2 11 2 12 3 12 2 12 2 12 2 12 2 12 2 13 2 12 2 13 2 12 2 0 0 0 0 0 0 0 0 0 0
1784740938.176615,56535,-45,11,1,6,1,-95,1,659681656,128,0 0 0 0 0 0 0 0 0 0 0 0 -4 3 -4 3 -4 3 -5 3 -5 3 -5 3 -6 3 -6 3 -6 3 -6 3 -7 4 -7 3 -8 3 -8 3 -8 4 -8 3 -9 3 -9 3 -10 3 -10 3 -10 3 -10 3 -10 3 -10 3 -10 2 -11 3 0 0 -11 3 -10 2 -11 3 -10 3 -10 3 -11 3 -11 3 -11 4 -11 4 -11 4 -11 4 -11 5 -11 4 -12 5 -11 5 -12 5 -12 5 -12 6 -12 6 -12 6 -12 6 -12 6 -12 6 -12 6 -13 7 -13 7 0 0 0 0 0 0 0 0 0 0
1784740938.179561,56536,-44,11,1,7,1,-95,1,659690567,128,0 0 0 0 0 0 0 0 0 0 0 0 -3 4 -3 4 -4 4 -4 4 -4 4 -4 4 -4 4 -5 5 -5 5 -6 5 -6 5 -6 5 -7 5 -7 5 -8 5 -8 5 -8 5 -9 5 -9 5 -9 5 -9 5 -9 4 -9 5 -9 4 -10 4 -10 5 0 0 -10 5 -10 5 -10 5 -10 5 -10 5 -10 5 -10 5 -10 6 -10 6 -10 6 -10 7 -10 7 -10 7 -10 7 -10 8 -11 8 -10 8 -11 8 -11 8 -11 8 -11 9 -11 9 -11 9 -11 9 -11 9 -12 9 0 0 0 0 0 0 0 0 0 0
1784740938.192811,56537,-44,11,1,7,1,-95,1,659700552,128,0 0 0 0 0 0 0 0 0 0 0 0 -4 -5 -3 -5 -3 -6 -3 -6 -3 -6 -3 -6 -3 -7 -3 -7 -3 -7 -3 -8 -2 -8 -2 -8 -2 -9 -2 -9 -2 -9 -2 -10 -2 -9 -2 -10 -1 -10 -1 -10 -1 -10 -1 -10 -1 -11 -1 -10 0 -11 -1 -10 0 0 -1 -11 -1 -11 -1 -10 -1 -12 -2 -11 -1 -11 -2 -11 -2 -12 -2 -12 -2 -13 -2 -12 -2 -12 -2 -12 -2 -12 -3 -13 -3 -12 -3 -13 -3 -13 -4 -13 -4 -13 -4 -14 -5 -13 -4 -15 -3 -15 -3 -14 -4 -14 0 0 0 0 0 0 0 0 0 0
1784740938.192811,56538,-44,11,1,7,1,-95,1,659710522,128,0 0 0 0 0 0 0 0 0 0 0 0 3 3 3 3 3 4 3 4 3 4 4 4 4 4 4 5 4 5 4 5 4 6 4 6 3 6 4 7 4 7 4 7 4 7 3 8 4 8 4 7 4 8 4 8 4 8 3 8 4 8 4 9 0 0 4 9 4 9 4 9 4 9 4 9 4 9 5 9 5 9 5 9 6 10 5 10 6 9 6 10 6 10 6 10 6 10 7 10 7 10 7 10 8 10 8 11 8 10 8 11 8 11 8 11 8 11 0 0 0 0 0 0 0 0 0 0
1784740938.213435,56539,-44,11,1,6,1,-95,1,659722054,128,0 0 0 0 0 0 0 0 0 0 0 0 0 6 -1 6 -1 6 -2 6 -2 7 -2 7 -2 7 -2 7 -2 7 -3 7 -3 8 -3 8 -4 8 -4 8 -4 8 -4 8 -4 8 -5 8 -5 9 -5 8 -5 9 -5 9 -5 9 -6 9 -6 8 -6 9 0 0 -5 9 -5 10 -6 9 -5 9 -5 10 -6 10 -5 10 -5 10 -5 10 -5 11 -5 11 -5 11 -5 10 -5 11 -5 11 -5 12 -5 12 -5 12 -5 12 -5 12 -4 12 -4 12 -5 12 -5 12 -5 13 -5 13 0 0 0 0 0 0 0 0 0 0
1784740938.224896,56540,-44,11,1,7,1,-95,1,659730635,128,0 0 0 0 0 0 0 0 0 0 0 0 3 6 3 6 3 7 2 6 2 7 2 7 2 8 2 8 2 8 1 9 1 9 1 9 1 9 1 9 1 9 0 10 0 10 0 11 0 10 0 10 0 10 0 10 0 11 0 10 -1 10 0 10 0 0 0 10 0 11 0 10 0 11 0 10 0 11 1 11 1 11 1 11 1 12 1 11 1 11 1 11 2 11 3 12 2 11 2 12 2 12 3 12 3 12 3 12 3 12 3 13 3 13 3 13 3 13 0 0 0 0 0 0 0 0 0 0
1784740938.224896,56541,-45,11,1,7,1,-95,1,659740552,128,0 0 0 0 0 0 0 0 0 0 0 0 5 -4 5 -4 6 -4 6 -4 6 -3 6 -4 6 -4 7 -4 7 -3 7 -3 8 -3 8 -3 8 -2 9 -2 9 -3 9 -2 9 -2 9 -2 9 -2 9 -2 9 -2 9 -2 9 -2 9 -1 9 -2 10 -2 0 0 10 -2 10 -2 10 -2 10 -2 10 -3 10 -3 10 -3 10 -3 11 -3 11 -3 11 -3 11 -3 11 -3 12 -4 12 -4 12 -4 12 -4 12 -4 12 -4 12 -5 13 -5 13 -5 13 -5 13 -4 13 -5 14 -5 0 0 0 0 0 0 0 0 0 0
1784740938.241122,56542,-45,11,1,7,1,-95,1,659750492,128,0 0 0 0 0 0 0 0 0 0 0 0 4 -3 4 -3 5 -3 5 -3 5 -2 6 -3 6 -3 6 -3 6 -2 6 -2 7 -3 7 -2 8 -2 8 -2 8 -2 8 -2 9 -2 9 -1 9 -1 9 -1 9 -1 10 -1 10 -1 10 -1 10 -1 10 -1 0 0 11 -1 11 -1 11 -1 11 -1 11 -1 11 -1 11 -1 12 -1 12 -1 12 -1 12 -2 12 -2 12 -2 13 -1 12 -1 13 -1 13 -1 13 -2 13 -1 14 -2 14 -2 14 -1 14 -2 14 -2 14 -2 15 -2 0 0 0 0 0 0 0 0 0 0
1784740938.259404,56543,-45,11,1,6,1,-95,1,659762592,128,0 0 0 0 0 0 0 0 0 0 0 0 -3 -5 -3 -6 -3 -6 -3 -6 -3 -7 -3 -7 -3 -7 -3 -7 -3 -7 -2 -8 -2 -8 -2 -9 -2 -9 -2 -9 -2 -9 -2 -10 -2 -10 -1 -10 -1 -10 -2 -10 -1 -11 -1 -11 -1 -11 -1 -11 -1 -11 -1 -11 0 0 -1 -11 -1 -12 -1 -12 -1 -12 -1 -12 -1 -12 -2 -12 -1 -12 -2 -12 -2 -13 -2 -13 -2 -12 -2 -13 -2 -13 -3 -13 -3 -13 -2 -14 -2 -14 -3 -14 -3 -14 -3 -14 -3 -14 -3 -15 -3 -15 -3 -14 -3 -15 0 0 0 0 0 0 0 0 0 0
1784740938.259404,56544,-45,11,1,7,1,-95,1,659770625,128,0 0 0 0 0 0 0 0 0 0 0 0 2 5 2 5 1 5 1 6 1 6 1 6 1 6 1 6 1 7 1 7 1 7 0 7 0 8 0 8 0 8 -1 8 -1 9 -1 8 -1 9 -1 9 -1 9 -1 9 -1 9 -1 9 -1 9 -1 9 0 0 -1 10 -1 10 -1 10 -1 10 -1 10 -1 10 -1 10 -1 10 -1 11 0 11 0 11 0 11 0 11 0 12 0 11 0 12 0 11 0 12 0 13 0 13 1 13 1 13 1 12 1 13 1 14 1 14 0 0 0 0 0 0 0 0 0 0
1784740938.281698,56545,-46,11,1,6,1,-95,1,659785157,128,0 0 0 0 0 0 0 0 0 0 0 0 -6 -2 -6 -2 -6 -3 -6 -3 -6 -3 -6 -3 -6 -3 -6 -4 -6 -4 -7 -4 -7 -4 -7 -5 -7 -5 -7 -5 -7 -5 -7 -5 -7 -6 -7 -6 -7 -6 -7 -6 -7 -6 -7 -6 -7 -6 -7 -7 -7 -7 -8 -7 0 0 -8 -7 -8 -7 -8 -7 -8 -7 -8 -7 -8 -7 -8 -7 -9 -7 -9 -8 -9 -7 -9 -7 -9 -7 -9 -8 -10 -8 -10 -8 -10 -8 -10 -8 -10 -8 -10 -8 -11 -8 -10 -8 -11 -8 -11 -8 -11 -9 -11 -9 -11 -9 0 0 0 0 0 0 0 0 0 0
1784740938.281698,56546,-46,11,1,6,1,-95,1,659791947,128,0 0 0 0 0 0 0 0 0 0 0 0 -6 -3 -6 -3 -6 -4 -5 -4 -6 -5 -6 -5 -6 -5 -6 -5 -6 -6 -6 -6 -6 -6 -6 -6 -6 -6 -6 -7 -6 -7 -6 -7 -6 -7 -6 -7 -6 -7 -6 -8 -6 -8 -6 -8 -6 -8 -6 -8 -6 -8 -6 -8 0 0 -7 -8 -7 -9 -6 -9 -7 -9 -7 -9 -7 -9 -7 -9 -7 -9 -8 -9 -8 -9 -8 -10 -8 -9 -9 -10 -8 -10 -8 -10 -8 -10 -9 -10 -9 -10 -9 -11 -9 -11 -10 -11 -9 -11 -10 -11 -10 -11 -10 -11 -10 -11 0 0 0 0 0 0 0 0 0 0
1784740938.289104,56547,-45,11,1,6,1,-95,1,659802124,128,0 0 0 0 0 0 0 0 0 0 0 0 1 6 0 6 0 6 0 6 0 7 0 7 -1 7 -1 7 -1 7 -1 8 -1 8 -2 8 -2 8 -2 8 -2 8 -2 8 -2 8 -2 9 -2 8 -2 8 -2 9 -2 9 -2 9 -3 9 -3 9 -3 9 0 0 -2 9 -2 10 -2 9 -2 10 -1 10 -2 10 -1 10 -2 11 -1 10 -2 12 -1 11 -1 11 -1 11 -1 11 0 12 -1 12 -1 13 -1 13 -1 13 0 13 0 13 0 13 -1 14 -1 14 -1 14 -1 14 0 0 0 0 0 0 0 0 0 0
1784740938.305210,56548,-45,11,1,6,1,-95,1,659811996,128,0 0 0 0 0 0 0 0 0 0 0 0 1 -7 1 -7 2 -7 2 -7 3 -7 2 -8 3 -7 3 -8 3 -8 3 -8 4 -8 4 -8 4 -8 5 -8 5 -8 5 -8 5 -8 5 -8 5 -8 5 -8 6 -8 6 -8 6 -8 6 -8 6 -8 6 -8 0 0 6 -9 6 -9 6 -9 6 -9 6 -9 6 -9 6 -9 6 -9 6 -9 6 -10 6 -10 6 -10 6 -10 6 -11 6 -11 6 -11 6 -11 6 -12 6 -12 6 -12 6 -12 6 -12 6 -12 6 -12 7 -12 7 -13 0 0 0 0 0 0 0 0 0 0
1784740938.338297,56549,-45,11,1,6,1,-95,1,659841710,128,0 0 0 0 0 0 0 0 0 0 0 0 -7 0 -7 0 -7 0 -7 0 -7 -1 -8 -1 -8 0 -8 0 -8 -1 -8 -1 -9 -2 -9 -2 -9 -2 -9 -2 -9 -3 -9 -3 -10 -3 -10 -3 -10 -3 -10 -3 -10 -3 -10 -3 -10 -3 -10 -4 -10 -4 -10 -4 0 0 -11 -4 -11 -4 -11 -4 -11 -4 -11 -4 -11 -4 -11 -3 -11 -3 -12 -3 -12 -3 -12 -4 -12 -3 -12 -3 -13 -3 -13 -3 -13 -3 -13 -3 -13 -3 -13 -3 -14 -3 -14 -3 -14 -3 -14 -3 -14 -3 -14 -4 -15 -3 0 0 0 0 0 0 0 0 0 0
1784740938.338297,56550,-41,11,1,7,0,-95,1,659850526,128,0 0 0 0 0 0 0 0 0 0 0 0 1 6 0 7 0 7 0 7 0 7 -1 7 -1 8 -1 8 -1 8 -1 8 -2 9 -2 9 -2 9 -2 9 -3 10 -3 10 -3 10 -3 10 -3 10 -3 10 -4 10 -4 11 -4 11 -4 11 -4 11 -4 11 0 0 -4 11 -4 11 -4 11 -4 11 -4 11 -4 12 -4 12 -4 12 -4 12 -3 12 -3 12 -3 13 -3 13 -3 13 -3 13 -3 13 -3 13 -2 14 -2 14 -2 14 -2 14 -2 15 -3 14 -3 15 -3 15 -2 15 0 0 0 0 0 0 0 0 0 0
1784740938.353202,56551,-41,11,1,7,0,-95,1,659861042,128,0 0 0 0 0 0 0 0 0 0 0 0 3 5 3 6 3 6 3 6 3 6 2 6 3 7 2 7 2 7 2 7 2 8 2 8 2 8 2 8 2 8 1 9 1 9 1 9 1 9 1 9 1 9 1 9 1 9 1 10 1 10 1 10 0 0 1 10 1 10 1 10 1 10 2 10 1 11 2 11 2 11 2 11 2 11 3 11 3 11 3 11 3 11 3 11 3 11 3 11 4 12 4 12 4 12 4 12 4 12 4 12 4 12 4 12 4 12 0 0 0 0 0 0 0 0 0 0
1784740938.369218,56552,-45,11,1,6,1,-95,1,659872078,128,0 0 0 0 0 0 0 0 0 0 0 0 -1 -7 -1 -7 -1 -8 0 -8 0 -8 0 -8 0 -8 0 -8 1 -8 1 -8 1 -8 1 -8 1 -9 1 -9 1 -9 2 -9 2 -9 2 -9 2 -9 2 -9 1 -10 2 -10 1 -10 2 -9 2 -10 2 -10 0 0 1 -10 2 -11 2 -11 1 -11 1 -11 1 -11 1 -11 1 -12 1 -12 1 -12 1 -12 0 -13 1 -13 1 -13 1 -13 0 -14 1 -13 0 -14 0 -14 1 -14 0 -15 1 -15 1 -15 1 -15 1 -15 1 -15 0 0 0 0 0 0 0 0 0 0
1784740938.379878,56553,-44,11,1,6,1,-95,1,659881979,128,0 0 0 0 0 0 0 0 0 0 0 0 5 -2 6 -2 6 -1 6 -1 6 -1 6 -1 6 -1 6 -1 7 -1 7 -1 7 -1 7 -1 7 0 8 0 8 -1 8 0 8 0 8 0 8 0 8 0 9 -1 9 0 9 -1 9 0 9 0 9 0 0 0 10 -1 10 -1 10 -1 10 -1 10 -1 10 -1 11 -1 11 -1 11 -1 12 -2 11 -1 12 -2 12 -2 12 -2 12 -2 13 -2 13 -2 13 -2 13 -2 13 -3 14 -2 14 -2 14 -2 14 -2 14 -2 14 -2 0 0 0 0 0 0 0 0 0 0
1784740938.387138,56554,-44,11,1,7,1,-95,1,659890562,128,0 0 0 0 0 0 0 0 0 0 0 0 -4 -6 -4 -6 -3 -6 -3 -6 -3 -7 -3 -7 -3 -7 -4 -7 -3 -7 -3 -7 -3 -8 -3 -8 -3 -8 -3 -8 -3 -9 -3 -9 -3 -9 -3 -9 -3 -9 -3 -10 -3 -10 -3 -10 -3 -10 -3 -10 -3 -10 -3 -10 0 0 -4 -11 -4 -11 -4 -11 -4 -11 -4 -11 -4 -11 -4 -11 -5 -11 -5 -12 -5 -12 -5 -12 -5 -12 -5 -12 -6 -13 -6 -12 -6 -13 -6 -13 -6 -13 -7 -13 -7 -13 -7 -13 -6 -13 -6 -13 -6 -14 -6 -14 -7 -14 0 0 0 0 0 0 0 0 0 0
1784740938.387138,56555,-45,11,1,7,1,-95,1,659900501,128,0 0 0 0 0 0 0 0 0 0 0 0 1 -7 2 -7 2 -7 2 -7 3 -7 3 -7 3 -7 3 -7 3 -7 4 -7 4 -7 4 -7 4 -7 4 -7 4 -7 5 -8 4 -8 5 -8 5 -8 5 -8 5 -8 5 -8 5 -8 5 -8 5 -8 5 -8 0 0 5 -8 5 -9 5 -9 6 -10 5 -9 6 -9 5 -9 5 -10 5 -10 6 -11 6 -11 5 -10 5 -10 5 -10 5 -12 5 -11 5 -12 6 -12 5 -12 5 -12 5 -12 5 -12 6 -12 6 -12 6 -12 6 -13 0 0 0 0 0 0 0 0 0 0
1784740938.417158,56556,-45,11,1,7,1,-95,1,659910462,128,0 0 0 0 0 0 0 0 0 0 0 0 4 5 4 5 4 5 4 5 4 5 4 6 4 6 4 6 3 6 4 6 4 6 3 7 3 7 4 7 4 7 3 8 3 8 3 8 4 8 4 8 4 8 3 8 4 8 4 8 4 8 4 9 0 0 4 9 4 9 4 9 5 9 5 9 5 9 5 9 5 9 5 10 6 10 6 10 6 10 6 10 6 10 6 10 6 11 7 10 7 11 7 11 7 11 7 11 7 11 7 11 7 11 7 11 7 12 0 0 0 0 0 0 0 0 0 0
1784740938.417158,56557,-45,11,1,6,1,-95,1,659935693,128,0 0 0 0 0 0 0 0 0 0 0 0 -4 -7 -3 -7 -3 -7 -3 -7 -3 -8 -3 -8 -3 -8 -3 -8 -3 -8 -2 -8 -2 -9 -2 -9 -2 -9 -2 -9 -2 -9 -2 -10 -2 -9 -2 -10 -2 -10 -2 -10 -2 -10 -2 -10 -2 -10 -1 -10 -2 -10 -2 -10 0 0 -3 -11 -3 -11 -3 -11 -3 -11 -3 -11 -3 -11 -4 -11 -4 -11 -4 -11 -4 -12 -4 -12 -4 -12 -4 -12 -4 -12 -5 -13 -5 -13 -5 -13 -5 -13 -5 -13 -6 -13 -6 -13 -6 -13 -5 -14 -5 -14 -5 -14 -5 -14 0 0 0 0 0 0 0 0 0 0
1784740938.449423,56558,-44,11,1,5,1,-95,1,659959112,128,0 0 0 0 0 0 0 0 0 0 0 0 6 -3 6 -2 6 -2 6 -2 7 -2 7 -2 7 -2 7 -2 8 -1 8 -1 8 -1 8 -1 8 -1 8 -1 9 -1 9 0 9 0 9 0 9 0 9 0 9 0 9 0 10 0 10 0 10 0 10 0 0 0 10 0 10 0 11 0 11 0 10 -1 11 0 11 -1 11 -1 11 -1 12 -1 12 -1 12 -2 12 -1 12 -1 12 -1 13 -1 12 -1 12 -2 13 -2 13 -2 13 -2 13 -2 13 -2 13 -2 13 -2 13 -2 0 0 0 0 0 0 0 0 0 0
1784740938.449423,56559,-45,11,1,6,1,-95,1,659966390,128,0 0 0 0 0 0 0 0 0 0 0 0 6 4 5 4 5 5 5 5 5 5 5 5 5 6 4 6 5 6 4 6 4 7 4 7 4 7 4 7 4 8 4 8 4 8 4 8 4 8 4 8 4 8 4 8 4 8 4 9 4 8 4 9 0 0 4 9 5 9 4 9 5 9 5 9 5 9 5 9 5 9 5 9 5 9 5 10 6 9 5 10 6 10 6 10 6 10 6 10 7 10 7 10 7 10 7 10 7 10 7 10 6 10 7 10 7 11 0 0 0 0 0 0 0 0 0 0
1784740938.465357,56560,-42,11,1,6,0,-95,1,659972258,128,0 0 0 0 0 0 0 0 0 0 0 0 -4 7 -5 7 -5 7 -6 7 -6 7 -7 7 -6 6 -7 6 -7 7 -7 7 -8 7 -8 7 -8 7 -9 7 -9 7 -9 6 -9 7 -9 6 -9 6 -9 6 -9 6 -9 6 -9 7 -9 7 -9 7 -10 7 0 0 -10 7 -10 7 -10 8 -10 7 -10 8 -10 8 -10 8 -10 8 -10 8 -10 9 -10 9 -10 9 -10 9 -10 10 -10 9 -11 10 -10 9 -11 10 -10 10 -11 10 -10 10 -11 10 -10 10 -10 10 -11 11 -11 11 0 0 0 0 0 0 0 0 0 0
1784740938.465357,56561,-46,11,1,6,1,-95,1,659981987,128,0 0 0 0 0 0 0 0 0 0 0 0 -7 0 -7 0 -7 -1 -8 -1 -7 -1 -8 -2 -7 -2 -8 -2 -8 -2 -8 -2 -8 -2 -8 -2 -8 -3 -8 -3 -9 -3 -8 -3 -9 -4 -9 -3 -9 -3 -9 -4 -9 -3 -9 -3 -9 -3 -9 -4 -9 -4 -9 -4 0 0 -10 -4 -10 -3 -10 -4 -10 -4 -11 -3 -10 -3 -11 -3 -11 -3 -11 -3 -11 -3 -11 -3 -12 -3 -12 -3 -12 -3 -12 -3 -13 -3 -12 -3 -13 -4 -13 -3 -13 -3 -13 -3 -13 -3 -13 -3 -13 -4 -14 -3 -14 -4 0 0 0 0 0 0 0 0 0 0
1784740938.481482,56562,-45,11,1,6,1,-95,1,659992018,128,0 0 0 0 0 0 0 0 0 0 0 0 4 5 3 6 3 6 3 6 2 6 2 7 2 7 2 7 2 8 2 8 2 8 2 8 1 8 1 8 1 9 1 9 1 9 1 9 1 9 1 9 1 9 1 9 1 9 1 9 1 9 1 10 0 0 1 10 1 10 1 10 1 10 2 10 2 10 2 10 2 10 2 10 3 11 2 11 3 11 3 11 3 11 3 11 3 12 3 12 3 12 4 12 4 12 4 12 4 12 4 12 4 12 4 13 4 13 0 0 0 0 0 0 0 0 0 0
1784740938.497514,56563,-45,11,1,6,1,-95,1,660000627,128,0 0 0 0 0 0 0 0 0 0 0 0 4 -7 5 -7 5 -7 5 -6 6 -6 6 -6 6 -6 7 -6 7 -6 7 -6 7 -5 7 -6 8 -5 8 -5 8 -5 8 -5 8 -5 8 -5 8 -5 9 -5 9 -5 8 -5 9 -5 9 -5 8 -5 9 -6 0 0 9 -6 9 -6 9 -6 9 -6 8 -7 9 -6 9 -7 9 -7 9 -7 9 -8 9 -8 9 -8 9 -8 9 -8 9 -9 9 -8 9 -8 9 -9 9 -9 9 -9 9 -9 9 -9 9 -9 9 -9 9 -10 9 -10 0 0 0 0 0 0 0 0 0 0
1784740938.497514,56564,-44,11,1,6,1,-95,1,660012077,128,0 0 0 0 0 0 0 0 0 0 0 0 -6 -6 -5 -7 -5 -7 -5 -7 -4 -7 -5 -7 -4 -8 -5 -8 -4 -8 -4 -9 -4 -9 -4 -9 -4 -9 -4 -9 -4 -9 -3 -10 -3 -10 -3 -10 -3 -10 -3 -10 -4 -10 -3 -10 -3 -10 -3 -10 -3 -10 -4 -11 0 0 -4 -10 -4 -11 -4 -11 -4 -10 -4 -11 -5 -11 -4 -11 -5 -11 -5 -11 -5 -11 -6 -11 -6 -11 -6 -11 -6 -11 -6 -11 -6 -12 -6 -11 -6 -12 -6 -12 -6 -12 -7 -12 -7 -12 -7 -11 -7 -12 -7 -12 -8 -12 0 0 0 0 0 0 0 0 0 0
1784740938.513712,56565,-41,11,1,6,0,-95,1,660020513,128,0 0 0 0 0 0 0 0 0 0 0 0 -8 3 -8 3 -8 3 -8 3 -9 2 -9 2 -9 2 -9 2 -9 2 -10 2 -10 2 -10 1 -11 1 -11 1 -11 1 -11 1 -11 1 -11 1 -11 1 -11 1 -12 1 -11 1 -12 1 -12 1 -12 1 -12 1 0 0 -12 1 -13 1 -13 1 -13 1 -13 2 -13 2 -13 2 -13 2 -13 2 -14 3 -13 2 -14 3 -14 3 -14 3 -14 3 -14 3 -14 3 -14 3 -14 4 -14 3 -14 4 -15 4 -15 4 -15 4 -15 4 -15 4 0 0 0 0 0 0 0 0 0 0
1784740938.513712,56566,-44,11,1,6,1,-95,1,660030581,128,0 0 0 0 0 0 0 0 0 0 0 0 7 2 6 3 6 3 6 4 6 4 6 4 6 4 6 5 6 5 6 5 6 5 6 6 6 6 6 6 6 6 6 7 6 7 6 7 6 7 6 7 6 7 6 7 6 7 6 7 6 7 6 8 0 0 7 7 6 7 7 8 7 7 7 7 7 7 7 7 8 7 8 7 8 7 8 8 8 7 8 8 9 8 9 8 9 8 9 8 9 8 9 8 9 7 10 8 9 8 9 7 9 8 10 8 10 8 0 0 0 0 0 0 0 0 0 0
1784740938.561818,56567,-42,11,1,6,0,-95,1,660042113,128,0 0 0 0 0 0 0 0 0 0 0 0 2 8 2 8 1 8 1 8 1 9 1 9 0 9 0 9 0 9 0 10 0 10 -1 10 -1 11 -1 11 -1 11 -1 11 -2 11 -2 11 -2 11 -2 12 -2 12 -2 12 -2 12 -2 12 -2 12 -2 12 0 0 -2 13 -2 13 -2 13 -2 13 -1 13 -1 13 -1 13 -1 13 -1 14 -1 14 -1 14 0 14 0 14 -1 14 -1 15 -1 15 -1 15 0 14 0 15 0 15 0 15 0 15 1 15 0 15 0 15 0 16 0 0 0 0 0 0 0 0 0 0
1784740938.561818,56568,-45,11,1,6,1,-95,1,660063147,128,0 0 0 0 0 0 0 0 0 0 0 0 -1 6 -2 6 -2 7 -3 7 -3 7 -3 7 -3 7 -3 7 -4 7 -4 7 -4 7 -4 7 -5 8 -5 8 -5 8 -6 8 -6 8 -6 8 -6 8 -6 8 -6 8 -7 8 -6 8 -6 8 -6 8 -6 8 0 0 -7 8 -7 8 -7 9 -6 8 -6 8 -6 9 -6 9 -6 9 -6 9 -6 10 -6 10 -6 10 -6 10 -6 10 -6 10 -6 11 -6 10 -6 10 -6 11 -6 11 -6 11 -6 11 -6 11 -6 11 -6 11 -6 11 0 0 0 0 0 0 0 0 0 0
1784740938.561818,56569,-45,11,1,6,1,-95,1,660065134,128,0 0 0 0 0 0 0 0 0 0 0 0 6 1 6 2 6 2 6 2 6 3 6 3 6 3 7 3 7 3 6 4 7 4 7 4 7 4 7 5 7 5 7 5 7 6 7 5 7 6 7 6 7 6 7 6 7 6 7 6 7 6 7 6 0 0 7 6 8 6 7 7 8 6 8 6 8 6 8 6 8 6 8 7 9 6 9 6 9 6 9 6 9 7 9 6 9 6 9 6 10 7 10 6 10 6 10 6 10 6 10 6 9 6 10 6 10 6 0 0 0 0 0 0 0 0 0 0
1784740938.561818,56570,-45,11,1,6,1,-95,1,660071388,128,0 0 0 0 0 0 0 0 0 0 0 0 -1 -7 -1 -8 0 -8 0 -8 0 -8 0 -8 0 -8 0 -9 1 -9 1 -9 1 -9 1 -9 2 -9 2 -10 2 -10 2 -10 3 -10 2 -10 3 -11 3 -10 3 -10 3 -11 3 -10 3 -10 3 -11 3 -11 0 0 3 -11 3 -11 3 -12 2 -11 3 -12 2 -12 3 -12 2 -12 3 -12 2 -12 2 -12 2 -13 2 -13 2 -14 2 -13 2 -14 2 -13 2 -14 2 -13 2 -13 1 -14 1 -14 1 -13 1 -13 1 -14 1 -14 0 0 0 0 0 0 0 0 0 0
1784740938.577981,56571,-44,11,1,6,1,-95,1,660081122,128,0 0 0 0 0 0 0 0 0 0 0 0 -3 6 -3 6 -4 5 -4 6 -4 6 -5 6 -5 6 -5 6 -5 6 -5 6 -6 6 -6 6 -6 6 -6 6 -7 7 -7 7 -7 6 -8 7 -8 7 -8 7 -8 7 -8 7 -8 7 -8 7 -8 6 -9 7 0 0 -9 7 -9 7 -9 7 -9 7 -9 7 -9 7 -8 8 -9 8 -9 8 -9 9 -9 8 -9 8 -9 9 -9 9 -9 9 -9 9 -9 9 -9 9 -9 9 -8 10 -9 10 -8 10 -8 10 -9 9 -9 10 -9 10 0 0 0 0 0 0 0 0 0 0
1784740938.580997,56572,-43,11,1,5,1,-95,1,660093084,128,0 0 0 0 0 0 0 0 0 0 0 0 6 3 6 3 6 4 6 4 6 4 6 5 6 5 6 5 6 5 6 5 6 6 6 6 6 7 6 7 6 7 6 8 6 8 6 8 6 9 6 8 6 9 6 9 6 8 6 9 6 9 6 9 0 0 6 9 6 9 6 9 6 9 6 9 6 9 7 9 7 9 7 9 8 9 8 9 8 9 7 9 8 9 8 9 8 9 8 9 9 9 9 9 9 9 9 9 9 9 9 9 9 9 9 9 9 9 0 0 0 0 0 0 0 0 0 0
1784740938.597436,56573,-44,11,1,6,1,-95,1,660100567,128,0 0 0 0 0 0 0 0 0 0 0 0 -6 3 -7 3 -7 3 -7 3 -8 3 -8 3 -8 3 -9 2 -9 2 -9 2 -9 2 -10 2 -10 1 -10 1 -11 1 -11 1 -11 1 -11 1 -11 1 -11 1 -11 0 -11 0 -11 0 -11 0 -12 0 -11 0 0 0 -11 0 -12 1 -11 1 -12 1 -11 1 -11 1 -11 1 -12 2 -12 2 -12 2 -12 2 -12 2 -12 2 -12 3 -12 3 -13 3 -13 3 -13 3 -13 4 -13 4 -13 4 -13 4 -13 4 -13 4 -13 4 -13 4 0 0 0 0 0 0 0 0 0 0
1784740938.597436,56574,-44,11,1,6,1,-95,1,660110540,128,0 0 0 0 0 0 0 0 0 0 0 0 -4 -7 -4 -7 -4 -8 -3 -8 -3 -8 -3 -9 -3 -8 -3 -9 -2 -9 -2 -9 -2 -10 -2 -10 -2 -10 -1 -11 -2 -11 -1 -11 0 -11 -1 -11 0 -11 0 -11 0 -11 0 -11 0 -11 0 -11 0 -11 0 -11 0 0 0 -11 0 -12 0 -11 -1 -11 -1 -11 -1 -12 -1 -12 -1 -12 -1 -12 -2 -12 -2 -12 -2 -12 -2 -13 -2 -13 -2 -13 -2 -13 -2 -13 -2 -13 -2 -14 -2 -13 -3 -14 -2 -14 -3 -14 -3 -13 -3 -14 -3 -14 0 0 0 0 0 0 0 0 0 0
1784740938.609842,56575,-44,11,1,6,1,-95,1,660120580,128,0 0 0 0 0 0 0 0 0 0 0 0 -7 -3 -7 -3 -7 -3 -7 -4 -8 -4 -8 -4 -8 -4 -8 -4 -8 -5 -8 -5 -8 -6 -8 -6 -8 -6 -8 -7 -8 -7 -8 -7 -8 -7 -8 -7 -8 -7 -8 -7 -8 -7 -8 -7 -8 -8 -8 -8 -8 -8 -8 -8 0 0 -8 -7 -9 -8 -9 -7 -9 -8 -9 -7 -9 -7 -9 -7 -10 -7 -10 -7 -10 -8 -10 -8 -10 -7 -10 -7 -10 -7 -11 -7 -11 -7 -11 -7 -11 -8 -11 -7 -12 -7 -12 -7 -12 -7 -12 -7 -12 -8 -12 -8 -12 -8 0 0 0 0 0 0 0 0 0 0
1784740938.625623,56576,-44,11,1,6,1,-95,1,660130506,128,0 0 0 0 0 0 0 0 0 0 0 0 -7 -4 -7 -5 -7 -5 -7 -5 -7 -6 -7 -6 -7 -6 -7 -6 -7 -7 -7 -7 -7 -8 -7 -8 -6 -8 -7 -9 -7 -9 -6 -9 -7 -10 -7 -9 -6 -10 -6 -10 -6 -10 -6 -10 -6 -10 -6 -10 -6 -10 -6 -10 0 0 -7 -10 -7 -10 -7 -10 -7 -10 -7 -10 -7 -10 -7 -10 -8 -10 -8 -10 -8 -10 -9 -10 -8 -10 -8 -10 -9 -10 -9 -10 -10 -10 -9 -10 -10 -11 -10 -10 -10 -10 -10 -11 -10 -10 -10 -11 -10 -11 -10 -11 -10 -11 0 0 0 0 0 0 0 0 0 0
1784740938.625623,56577,-44,11,1,6,1,-95,1,660140585,128,0 0 0 0 0 0 0 0 0 0 0 0 -3 6 -3 7 -4 6 -4 7 -5 7 -5 7 -5 7 -5 7 -6 7 -6 7 -6 7 -7 7 -7 7 -7 7 -8 8 -8 7 -8 7 -8 7 -8 7 -8 7 -8 7 -9 7 -8 7 -8 7 -9 7 -8 7 0 0 -9 8 -9 8 -9 8 -8 8 -8 8 -8 8 -8 8 -8 9 -8 9 -8 9 -8 9 -8 10 -8 10 -8 10 -8 10 -9 10 -8 10 -8 11 -8 11 -8 11 -8 11 -8 11 -8 11 -8 11 -8 12 -8 12 0 0 0 0 0 0 0 0 0 0
1784740938.657471,56578,-45,11,1,6,1,-95,1,660150516,128,0 0 0 0 0 0 0 0 0 0 0 0 6 3 6 3 6 4 6 4 6 4 6 4 6 5 6 5 6 5 6 6 6 7 6 7 6 7 6 7 6 7 6 8 6 8 6 8 6 8 6 8 6 8 6 8 6 8 6 9 5 8 6 8 0 0 6 8 6 8 6 8 7 8 7 8 7 8 7 8 8 8 8 8 8 9 8 8 8 8 8 8 8 8 9 8 9 8 9 8 9 8 10 8 10 8 10 8 10 8 10 9 10 9 10 8 10 8 0 0 0 0 0 0 0 0 0 0
1784740938.657471,56579,-43,11,1,5,1,-95,1,660168609,128,0 0 0 0 0 0 0 0 0 0 0 0 2 -8 2 -7 3 -8 3 -8 4 -8 4 -8 4 -8 4 -8 4 -8 6 -8 6 -8 6 -8 6 -8 6 -8 6 -8 7 -8 7 -8 7 -9 7 -8 7 -8 7 -8 7 -8 8 -8 8 -7 8 -7 8 -7 0 0 7 -8 7 -9 7 -8 7 -9 7 -9 7 -9 6 -9 7 -10 6 -10 7 -10 7 -10 7 -10 7 -10 6 -10 6 -12 6 -11 7 -12 7 -11 6 -12 6 -12 6 -12 6 -12 7 -12 7 -12 7 -12 6 -12 0 0 0 0 0 0 0 0 0 0
1784740938.657471,56580,-45,11,1,6,1,-95,1,660170884,128,0 0 0 0 0 0 0 0 0 0 0 0 1 7 1 7 1 7 0 7 0 8 0 8 0 8 0 8 0 9 -1 9 -1 9 -1 9 -2 9 -2 9 -2 10 -2 10 -3 10 -3 10 -3 10 -3 10 -2 10 -3 10 -3 10 -3 10 -3 10 -3 10 0 0 -2 10 -2 10 -2 10 -2 11 -2 10 -2 10 -1 10 -1 11 -1 11 -1 12 -1 11 0 11 -1 11 0 11 0 12 0 12 0 12 0 12 1 12 1 12 1 12 1 12 1 12 1 13 1 13 1 13 0 0 0 0 0 0 0 0 0 0
1784740938.673481,56581,-44,11,1,6,1,-95,1,660180547,128,0 0 0 0 0 0 0 0 0 0 0 0 1 -8 1 -8 2 -8 2 -8 3 -8 2 -9 3 -9 3 -9 3 -9 4 -9 5 -9 5 -9 5 -9 5 -9 5 -9 6 -9 6 -9 6 -9 6 -9 6 -9 6 -8 6 -8 6 -9 6 -8 6 -8 6 -8 0 0 6 -9 6 -9 6 -9 5 -9 5 -9 5 -10 5 -10 5 -10 5 -10 5 -11 5 -11 5 -11 5 -10 5 -11 4 -11 4 -11 5 -12 4 -12 4 -12 4 -12 4 -12 4 -12 4 -13 5 -12 4 -13 4 -13 0 0 0 0 0 0 0 0 0 0
1784740938.689425,56582,-45,11,1,6,1,-95,1,660193459,128,0 0 0 0 0 0 0 0 0 0 0 0 -2 7 -2 7 -3 7 -3 7 -4 7 -4 7 -4 7 -4 8 -5 8 -5 8 -5 7 -5 8 -6 8 -6 8 -6 8 -7 8 -7 8 -7 8 -7 7 -7 8 -7 7 -7 8 -7 8 -7 7 -7 8 -7 8 0 0 -7 8 -6 8 -6 8 -6 8 -6 8 -5 8 -5 9 -5 9 -5 9 -5 10 -5 10 -4 10 -5 11 -5 11 -4 11 -5 11 -4 11 -4 11 -4 12 -4 12 -4 12 -4 13 -4 12 -4 12 -4 13 -4 13 0 0 0 0 0 0 0 0 0 0
1784740938.689425,56583,-44,11,1,7,1,-95,1,660200525,128,0 0 0 0 0 0 0 0 0 0 0 0 1 -8 2 -8 2 -8 3 -8 3 -8 3 -8 3 -8 4 -8 4 -8 4 -8 4 -8 5 -8 5 -8 5 -8 5 -8 6 -8 6 -8 6 -8 6 -8 6 -8 6 -8 7 -7 6 -8 6 -8 6 -8 6 -8 0 0 6 -8 6 -8 6 -8 6 -8 5 -9 5 -9 5 -9 5 -9 5 -9 5 -10 5 -10 4 -11 5 -11 5 -11 5 -11 5 -11 5 -12 5 -12 5 -12 5 -12 5 -12 5 -12 5 -13 5 -13 5 -13 5 -13 0 0 0 0 0 0 0 0 0 0
1784740938.705233,56584,-46,11,1,6,1,-95,1,660211926,128,0 0 0 0 0 0 0 0 0 0 0 0 -7 -5 -7 -6 -6 -6 -6 -6 -6 -7 -6 -7 -6 -7 -6 -7 -6 -8 -6 -8 -6 -8 -6 -8 -5 -9 -5 -9 -5 -9 -5 -9 -5 -9 -5 -9 -5 -9 -5 -10 -5 -9 -4 -9 -5 -9 -5 -9 -5 -9 -5 -9 0 0 -5 -9 -5 -9 -6 -9 -6 -9 -6 -8 -7 -9 -7 -9 -7 -9 -7 -9 -8 -9 -8 -9 -8 -9 -9 -9 -9 -9 -9 -10 -10 -10 -9 -9 -10 -10 -10 -10 -10 -10 -10 -10 -10 -11 -10 -10 -10 -10 -10 -11 -11 -11 0 0 0 0 0 0 0 0 0 0
1784740938.705233,56585,-46,11,1,6,1,-95,1,660221875,128,0 0 0 0 0 0 0 0 0 0 0 0 3 -7 3 -6 4 -6 4 -6 5 -6 5 -6 5 -6 5 -6 5 -6 6 -6 6 -6 7 -6 7 -5 7 -5 7 -5 7 -6 7 -5 8 -6 7 -5 7 -5 7 -5 7 -5 8 -5 7 -5 7 -5 7 -5 0 0 7 -6 7 -7 6 -6 7 -7 7 -7 7 -7 7 -8 7 -8 7 -8 7 -9 7 -8 7 -8 8 -9 7 -8 8 -10 7 -9 8 -10 8 -10 8 -10 8 -10 8 -10 8 -10 9 -10 9 -10 9 -10 9 -10 0 0 0 0 0 0 0 0 0 0
1784740938.721043,56586,-46,11,1,6,1,-95,1,660231873,128,0 0 0 0 0 0 0 0 0 0 0 0 4 4 4 5 4 5 4 6 4 6 4 6 4 6 4 6 4 6 3 7 3 7 3 7 3 8 3 8 3 8 2 8 3 8 3 8 3 8 3 8 3 8 3 8 3 8 3 8 3 8 3 9 0 0 4 8 4 8 4 9 4 8 5 8 5 8 5 8 6 8 6 9 6 9 6 9 6 9 6 9 7 10 7 9 7 10 7 10 7 10 7 10 8 10 8 10 8 10 7 10 7 11 8 11 8 11 0 0 0 0 0 0 0 0 0 0
1784740938.737000,56587,-46,11,1,6,1,-95,1,660242033,128,0 0 0 0 0 0 0 0 0 0 0 0 0 6 0 6 -1 7 -1 7 -1 7 -1 7 -1 7 -1 7 -2 8 -2 8 -2 8 -2 8 -3 8 -3 8 -3 8 -3 8 -3 9 -3 8 -4 9 -4 9 -3 9 -4 8 -3 9 -4 9 -3 9 -3 9 0 0 -3 9 -4 9 -3 9 -3 9 -3 10 -2 10 -2 10 -3 10 -3 11 -2 11 -2 11 -2 11 -2 12 -2 12 -2 12 -3 13 -2 12 -2 12 -2 13 -2 13 -2 13 -2 13 -2 13 -2 13 -2 13 -2 14 0 0 0 0 0 0 0 0 0 0
1784740938.737000,56588,-45,11,1,6,1,-95,1,660251986,128,0 0 0 0 0 0 0 0 0 0 0 0 2 6 2 6 2 7 2 6 2 7 1 7 2 7 1 7 1 8 1 8 1 8 0 9 0 9 0 9 0 9 0 9 0 9 0 10 0 9 0 10 0 9 0 10 0 10 -1 9 -1 9 0 10 0 0 0 9 1 10 1 9 1 10 2 10 2 10 2 10 2 10 2 10 3 11 3 11 3 11 3 11 3 10 4 11 4 11 4 12 4 12 4 11 5 12 5 12 5 11 5 12 5 12 5 12 5 12 0 0 0 0 0 0 0 0 0 0
1784740938.752812,56589,-45,11,1,6,1,-95,1,660261974,128,0 0 0 0 0 0 0 0 0 0 0 0 -1 6 -2 7 -2 7 -3 7 -3 7 -3 7 -3 7 -3 8 -4 7 -4 7 -4 7 -5 8 -5 8 -5 8 -6 8 -6 8 -6 8 -6 8 -6 8 -6 7 -6 8 -7 7 -6 8 -6 7 -6 8 -6 8 0 0 -6 8 -6 8 -6 8 -6 8 -6 9 -6 9 -6 9 -6 9 -6 9 -5 10 -6 10 -5 10 -5 10 -5 11 -6 10 -6 11 -5 11 -6 12 -5 12 -6 12 -5 12 -6 12 -5 12 -6 12 -6 12 -6 13 0 0 0 0 0 0 0 0 0 0
1784740938.768598,56590,-45,11,1,7,1,-95,1,660270615,128,0 0 0 0 0 0 0 0 0 0 0 0 -3 6 -3 6 -4 6 -4 6 -5 6 -5 6 -5 6 -6 6 -6 7 -6 6 -6 6 -7 6 -7 6 -8 6 -8 6 -8 6 -8 6 -8 6 -8 6 -8 6 -9 6 -8 6 -8 6 -9 6 -8 6 -9 6 0 0 -9 6 -8 6 -8 6 -8 7 -8 6 -8 7 -8 7 -8 8 -8 8 -8 8 -8 8 -8 8 -8 9 -8 9 -8 9 -8 9 -8 9 -8 9 -8 10 -8 10 -8 10 -9 11 -8 10 -9 10 -8 11 -8 11 0 0 0 0 0 0 0 0 0 0
1784740938.768598,56591,-45,11,1,7,1,-95,1,660280445,128,0 0 0 0 0 0 0 0 0 0 0 0 2 6 2 6 1 7 1 7 1 7 1 7 1 7 1 8 0 8 0 8 0 9 -1 9 -1 9 -1 9 -1 9 -2 9 -2 9 -2 9 -2 9 -2 9 -2 9 -2 9 -2 10 -2 9 -2 9 -2 9 0 0 -2 9 -2 10 -2 10 -1 10 -1 10 -1 10 -1 10 -1 10 -1 10 0 11 0 11 0 11 0 11 0 11 0 12 0 12 0 12 0 12 1 12 1 12 1 12 1 13 1 13 0 13 1 13 1 13 0 0 0 0 0 0 0 0 0 0
1784740938.784909,56592,-44,11,1,7,1,-95,1,660290558,128,0 0 0 0 0 0 0 0 0 0 0 0 5 4 4 5 4 5 4 5 4 6 4 6 4 6 4 7 4 7 4 8 3 8 3 8 3 8 3 8 3 8 3 9 3 9 3 9 3 9 3 10 3 10 2 9 2 10 2 9 2 9 2 9 0 0 2 9 3 9 3 9 3 10 3 9 3 9 4 9 4 10 4 9 5 10 5 10 4 10 4 10 4 10 6 10 5 10 6 11 6 11 6 11 6 11 6 11 6 11 6 11 6 11 6 11 6 11 0 0 0 0 0 0 0 0 0 0
1784740938.784909,56593,-44,11,1,7,1,-95,1,660300606,128,0 0 0 0 0 0 0 0 0 0 0 0 -5 5 -5 5 -6 5 -6 5 -6 5 -7 5 -7 5 -8 5 -8 5 -8 5 -8 5 -9 5 -9 5 -9 5 -9 5 -9 4 -10 4 -10 4 -10 4 -10 4 -10 4 -10 4 -10 4 -10 4 -10 4 -10 4 0 0 -10 4 -10 4 -10 4 -10 5 -9 5 -10 5 -10 5 -10 6 -10 6 -10 6 -10 6 -10 7 -10 7 -10 7 -10 7 -10 7 -10 7 -10 8 -10 8 -10 8 -10 8 -10 9 -10 8 -10 9 -10 9 -11 9 0 0 0 0 0 0 0 0 0 0
1784740938.800846,56594,-44,11,1,7,1,-95,1,660310460,128,0 0 0 0 0 0 0 0 0 0 0 0 -5 5 -5 5 -6 5 -6 5 -6 5 -7 5 -7 5 -7 5 -8 5 -8 5 -8 4 -9 5 -9 4 -9 4 -10 4 -10 4 -10 3 -10 3 -10 3 -10 3 -10 3 -10 3 -10 3 -10 3 -10 4 -10 3 0 0 -10 4 -10 4 -10 4 -10 4 -9 4 -10 5 -9 5 -10 5 -10 5 -10 6 -10 6 -10 6 -10 7 -10 6 -10 6 -11 7 -10 6 -11 7 -11 7 -11 7 -11 7 -11 7 -11 8 -10 8 -11 8 -11 8 0 0 0 0 0 0 0 0 0 0
1784740938.817070,56595,-44,11,1,7,1,-95,1,660320521,128,0 0 0 0 0 0 0 0 0 0 0 0 -7 -4 -7 -5 -7 -6 -6 -6 -7 -6 -7 -6 -7 -7 -6 -7 -7 -7 -6 -8 -6 -8 -6 -9 -6 -9 -6 -9 -6 -9 -6 -9 -6 -9 -6 -10 -5 -10 -6 -10 -5 -9 -6 -9 -6 -10 -5 -9 -5 -9 -6 -9 0 0 -6 -9 -6 -9 -6 -9 -7 -9 -7 -9 -7 -9 -8 -9 -8 -9 -8 -9 -9 -9 -8 -9 -8 -9 -8 -9 -9 -9 -10 -9 -10 -9 -10 -9 -10 -9 -10 -9 -11 -9 -11 -9 -11 -9 -11 -10 -11 -10 -10 -10 -11 -9 0 0 0 0 0 0 0 0 0 0
1784740938.817070,56596,-44,11,1,7,1,-95,1,660330451,128,0 0 0 0 0 0 0 0 0 0 0 0 -7 3 -7 3 -8 2 -8 2 -8 2 -9 2 -9 2 -9 2 -9 1 -9 1 -10 1 -10 1 -10 0 -10 0 -11 0 -10 -1 -11 -1 -10 -1 -11 -1 -11 -1 -11 -1 -11 -1 -10 -1 -10 -1 -10 -1 -11 -1 0 0 -11 0 -10 -1 -11 0 -10 0 -11 0 -11 0 -11 1 -11 1 -11 1 -11 1 -12 1 -12 2 -12 2 -12 2 -12 2 -13 2 -12 2 -13 2 -13 2 -13 2 -13 3 -14 3 -13 3 -13 2 -14 3 -14 3 0 0 0 0 0 0 0 0 0 0
1784740938.833030,56597,-45,11,1,7,1,-95,1,660340533,128,0 0 0 0 0 0 0 0 0 0 0 0 5 -6 5 -5 6 -5 6 -5 6 -5 6 -5 7 -5 7 -5 7 -5 8 -5 8 -4 8 -4 9 -4 9 -4 9 -4 9 -4 9 -3 10 -3 9 -3 9 -3 9 -3 10 -3 9 -3 9 -3 9 -3 9 -3 0 0 9 -4 9 -4 9 -4 9 -4 9 -4 9 -5 9 -5 9 -5 10 -5 10 -6 10 -6 10 -6 10 -6 10 -6 10 -7 10 -7 11 -7 10 -7 10 -7 11 -8 11 -8 11 -8 11 -8 11 -8 11 -8 11 -8 0 0 0 0 0 0 0 0 0 0
1784740938.849243,56598,-42,11,1,7,0,-95,1,660352513,128,0 0 0 0 0 0 0 0 0 0 0 0 -9 -1 -9 -1 -9 -2 -10 -2 -10 -3 -10 -3 -10 -3 -10 -4 -10 -4 -10 -4 -10 -5 -11 -5 -11 -6 -11 -6 -11 -6 -11 -7 -11 -7 -10 -7 -10 -7 -10 -7 -10 -7 -10 -7 -10 -7 -10 -7 -10 -7 -11 -7 0 0 -11 -7 -11 -7 -11 -7 -11 -6 -11 -6 -12 -6 -12 -6 -12 -6 -12 -6 -13 -6 -13 -6 -13 -5 -14 -5 -14 -6 -14 -5 -15 -5 -14 -5 -15 -5 -15 -5 -15 -5 -15 -5 -16 -5 -15 -6 -16 -5 -16 -5 -16 -5 0 0 0 0 0 0 0 0 0 0
1784740938.849243,56599,-45,11,1,7,1,-95,1,660360520,128,0 0 0 0 0 0 0 0 0 0 0 0 -2 6 -3 7 -3 7 -4 7 -4 6 -4 7 -4 7 -5 7 -5 7 -5 7 -6 7 -6 7 -6 7 -7 7 -7 8 -7 7 -7 7 -7 7 -8 7 -7 7 -8 7 -8 7 -7 7 -7 7 -7 7 -7 7 0 0 -7 7 -7 8 -7 8 -7 8 -7 8 -6 8 -6 9 -6 9 -7 9 -6 10 -6 10 -6 10 -6 10 -7 11 -7 11 -7 11 -6 11 -7 11 -7 12 -7 12 -6 12 -7 12 -6 12 -7 12 -7 12 -7 12 0 0 0 0 0 0 0 0 0 0
1784740938.865405,56600,-45,11,1,6,1,-95,1,660373311,128,0 0 0 0 0 0 0 0 0 0 0 0 -3 -7 -2 -8 -2 -8 -2 -8 -1 -8 -1 -9 -1 -8 -1 -9 -1 -10 -1 -10 0 -10 0 -10 1 -10 1 -10 0 -10 1 -10 1 -10 1 -10 1 -10 1 -10 1 -10 2 -11 1 -10 2 -11 1 -10 1 -10 0 0 1 -11 1 -11 1 -11 0 -11 0 -11 0 -11 -1 -12 -1 -12 -1 -12 -1 -13 -1 -12 -1 -12 -1 -13 -1 -13 -1 -14 -1 -14 -1 -14 -2 -14 -2 -14 -2 -14 -2 -14 -2 -14 -2 -14 -1 -14 -1 -15 -1 -15 0 0 0 0 0 0 0 0 0 0
1784740938.865405,56601,-45,11,1,6,1,-95,1,660381993,128,0 0 0 0 0 0 0 0 0 0 0 0 -6 4 -6 4 -7 3 -7 3 -7 3 -8 3 -8 3 -8 3 -8 2 -9 3 -9 3 -9 3 -9 2 -9 2 -10 2 -10 1 -10 1 -10 1 -10 1 -10 1 -10 1 -10 1 -10 1 -10 1 -10 1 -10 1 0 0 -11 2 -11 2 -11 2 -11 2 -10 3 -11 2 -11 3 -11 3 -11 3 -11 4 -12 4 -11 4 -12 4 -12 5 -12 4 -12 5 -12 5 -12 5 -13 5 -13 5 -13 6 -13 5 -13 5 -13 5 -13 6 -14 5 0 0 0 0 0 0 0 0 0 0
1784740938.887625,56602,-45,11,1,6,1,-95,1,660391788,128,0 0 0 0 0 0 0 0 0 0 0 0 0 6 0 7 -1 7 -1 7 -1 7 -1 7 -1 8 -2 8 -2 8 -3 8 -3 8 -3 9 -3 8 -4 8 -4 8 -4 9 -4 9 -4 9 -4 9 -4 9 -4 9 -4 9 -5 9 -5 8 -5 9 -5 9 0 0 -4 9 -4 9 -4 9 -4 10 -4 10 -3 10 -3 10 -3 11 -3 11 -3 12 -3 11 -3 11 -3 11 -3 12 -2 13 -2 12 -3 13 -3 13 -2 13 -2 14 -3 13 -2 14 -3 14 -3 14 -3 14 -3 14 0 0 0 0 0 0 0 0 0 0
1784740938.897378,56603,-44,11,1,6,1,-95,1,660402142,128,0 0 0 0 0 0 0 0 0 0 0 0 -7 -2 -7 -2 -7 -3 -7 -3 -7 -4 -8 -4 -8 -4 -8 -4 -8 -5 -8 -5 -8 -5 -8 -5 -8 -6 -8 -6 -8 -6 -8 -7 -8 -7 -8 -7 -8 -7 -8 -7 -8 -7 -8 -7 -8 -7 -8 -7 -8 -7 -8 -7 0 0 -9 -7 -9 -7 -9 -7 -9 -7 -9 -7 -9 -7 -10 -7 -10 -7 -10 -7 -11 -6 -11 -7 -11 -6 -11 -6 -11 -7 -12 -7 -12 -7 -12 -7 -12 -7 -13 -7 -13 -7 -13 -7 -13 -7 -13 -7 -13 -7 -13 -7 -14 -7 0 0 0 0 0 0 0 0 0 0
1784740938.897378,56604,-44,11,1,7,1,-95,1,660410517,128,0 0 0 0 0 0 0 0 0 0 0 0 -4 5 -5 5 -5 5 -5 5 -6 5 -6 6 -6 5 -6 6 -6 6 -7 5 -7 5 -8 5 -8 5 -9 5 -9 5 -9 5 -10 5 -9 4 -10 5 -9 5 -10 5 -10 4 -9 5 -9 4 -10 4 -9 4 0 0 -10 5 -9 5 -9 5 -10 5 -9 5 -9 6 -9 6 -9 6 -10 7 -10 7 -10 7 -10 7 -10 7 -10 8 -10 8 -11 8 -10 8 -11 8 -10 9 -10 9 -10 9 -11 9 -11 9 -11 8 -11 9 -11 9 0 0 0 0 0 0 0 0 0 0
1784740938.913589,56605,-44,11,1,7,1,-95,1,660421674,128,0 0 0 0 0 0 0 0 0 0 0 0 5 4 5 4 5 5 4 5 4 6 4 6 4 6 4 7 5 7 4 8 4 8 4 8 3 8 3 8 3 8 4 9 3 9 3 9 3 9 3 9 3 9 3 9 3 9 3 9 2 9 3 9 0 0 3 9 4 9 3 9 4 9 4 9 4 9 5 9 5 10 5 9 5 10 5 10 5 10 6 9 5 9 7 10 7 10 7 11 7 10 7 10 7 11 7 11 7 10 7 11 7 11 7 11 7 11 0 0 0 0 0 0 0 0 0 0
1784740938.913589,56606,-44,11,1,7,1,-95,1,660430478,128,0 0 0 0 0 0 0 0 0 0 0 0 6 -5 6 -4 7 -4 7 -4 7 -4 7 -3 8 -3 8 -3 8 -3 9 -2 9 -2 10 -2 10 -1 10 -1 10 -1 10 -1 10 -1 11 -1 10 -1 10 0 10 -1 10 -1 10 0 10 0 10 0 10 -1 0 0 10 -1 10 -1 10 -1 11 -2 10 -2 10 -2 10 -2 11 -2 11 -3 12 -3 11 -3 11 -3 11 -3 11 -3 12 -4 12 -4 13 -4 13 -4 12 -4 13 -4 13 -4 13 -5 13 -4 14 -4 13 -4 13 -4 0 0 0 0 0 0 0 0 0 0
1784740938.931440,56607,-44,11,1,7,1,-95,1,660440570,128,0 0 0 0 0 0 0 0 0 0 0 0 -6 -6 -6 -6 -5 -7 -5 -7 -5 -7 -5 -8 -5 -8 -5 -8 -5 -9 -5 -9 -5 -9 -5 -9 -4 -10 -4 -10 -4 -10 -4 -10 -4 -11 -4 -10 -4 -10 -4 -11 -4 -10 -4 -11 -4 -10 -3 -10 -4 -10 -4 -11 0 0 -4 -10 -4 -10 -4 -10 -4 -10 -5 -10 -5 -10 -5 -10 -6 -10 -6 -11 -6 -10 -6 -10 -7 -11 -7 -11 -7 -11 -7 -11 -8 -11 -7 -11 -8 -11 -8 -11 -8 -11 -8 -11 -8 -12 -9 -12 -8 -12 -9 -12 -9 -12 0 0 0 0 0 0 0 0 0 0
1784740938.945329,56608,-44,11,1,7,1,-95,1,660450543,128,0 0 0 0 0 0 0 0 0 0 0 0 7 0 8 0 7 1 8 1 7 2 8 2 8 2 9 2 8 3 8 3 8 3 8 3 9 4 9 4 9 5 8 5 9 5 8 5 8 5 9 5 9 5 8 6 8 5 8 5 8 5 9 5 0 0 9 5 9 5 9 5 9 4 9 4 10 4 10 4 10 3 10 4 11 3 11 3 11 3 11 3 12 3 11 3 12 3 12 3 13 3 13 3 13 3 13 3 13 3 13 2 13 3 13 3 14 3 0 0 0 0 0 0 0 0 0 0
1784740938.945329,56609,-44,11,1,7,1,-95,1,660460458,128,0 0 0 0 0 0 0 0 0 0 0 0 2 7 2 7 1 7 1 7 0 8 0 8 0 8 0 8 0 9 -1 9 -1 9 -2 9 -2 9 -2 9 -2 10 -2 10 -2 10 -2 10 -3 10 -2 10 -3 10 -2 10 -3 10 -3 10 -3 9 -3 9 0 0 -2 10 -2 10 -2 10 -1 10 -1 10 -1 10 -1 10 -1 11 0 11 0 12 0 12 0 11 0 11 0 11 1 12 1 12 0 13 1 13 1 13 1 13 1 13 1 13 1 14 0 13 1 13 1 13 0 0 0 0 0 0 0 0 0 0
1784740938.961193,56610,-44,11,1,7,1,-95,1,660470526,128,0 0 0 0 0 0 0 0 0 0 0 0 5 -6 5 -6 5 -6 6 -5 6 -5 6 -5 6 -5 7 -5 7 -5 7 -5 8 -5 8 -5 8 -5 9 -5 9 -5 9 -4 9 -4 9 -4 9 -4 9 -4 9 -4 10 -4 9 -4 9 -4 9 -4 9 -4 0 0 9 -5 9 -5 9 -5 9 -5 9 -5 9 -6 9 -6 9 -6 10 -6 10 -7 10 -7 10 -7 10 -7 10 -8 10 -8 10 -8 10 -8 11 -8 10 -8 11 -9 10 -9 11 -9 11 -9 11 -9 11 -9 11 -9 0 0 0 0 0 0 0 0 0 0
1784740938.977234,56611,-44,11,1,7,1,-95,1,660480572,128,0 0 0 0 0 0 0 0 0 0 0 0 -3 6 -3 6 -4 6 -4 6 -4 6 -4 6 -4 7 -5 7 -5 7 -5 7 -6 7 -6 7 -6 7 -7 7 -7 7 -7 7 -7 7 -7 7 -7 7 -7 7 -7 7 -7 7 -7 7 -8 7 -7 7 -7 7 0 0 -7 8 -7 8 -7 7 -7 8 -6 8 -6 8 -6 9 -6 9 -6 9 -6 10 -7 10 -6 10 -6 10 -6 10 -6 11 -6 11 -6 12 -6 11 -6 12 -6 12 -6 12 -6 12 -6 12 -7 12 -6 12 -7 12 0 0 0 0 0 0 0 0 0 0
1784740938.981782,56612,-45,11,1,7,1,-95,1,660490558,128,0 0 0 0 0 0 0 0 0 0 0 0 -5 -6 -5 -6 -5 -7 -4 -7 -5 -7 -5 -7 -4 -8 -4 -8 -4 -8 -4 -9 -4 -9 -4 -9 -4 -10 -3 -10 -4 -10 -4 -10 -3 -10 -3 -10 -3 -11 -3 -11 -3 -11 -3 -11 -3 -11 -3 -11 -3 -11 -3 -11 0 0 -3 -11 -4 -11 -4 -11 -4 -11 -4 -11 -5 -11 -5 -11 -5 -11 -5 -11 -6 -12 -6 -12 -6 -12 -6 -12 -6 -12 -7 -12 -7 -12 -7 -13 -7 -13 -7 -13 -7 -13 -7 -13 -8 -13 -7 -13 -7 -14 -7 -14 -7 -14 0 0 0 0 0 0 0 0 0 0
1784740938.993457,56613,-44,11,1,7,1,-95,1,660500735,128,0 0 0 0 0 0 0 0 0 0 0 0 -6 3 -7 3 -7 2 -8 2 -8 2 -8 1 -8 1 -9 1 -9 1 -9 1 -9 2 -9 1 -10 1 -10 1 -11 0 -10 0 -11 0 -10 0 -11 -1 -11 -1 -11 -1 -11 -1 -11 0 -11 0 -11 0 -11 0 0 0 -11 -1 -11 -1 -12 -1 -11 0 -11 0 -12 0 -12 0 -12 0 -12 0 -12 1 -12 1 -12 2 -13 2 -14 2 -13 1 -14 1 -13 1 -14 1 -14 1 -14 1 -14 1 -15 1 -14 2 -14 2 -15 2 -15 2 0 0 0 0 0 0 0 0 0 0
1784740938.993457,56614,-45,11,1,7,1,-95,1,660511082,128,0 0 0 0 0 0 0 0 0 0 0 0 -3 6 -3 6 -4 6 -4 6 -5 6 -5 6 -5 6 -6 7 -5 7 -6 6 -6 6 -7 6 -7 6 -7 6 -7 6 -8 6 -8 6 -8 6 -8 6 -8 6 -8 6 -8 6 -9 6 -9 6 -9 6 -9 6 0 0 -9 6 -8 7 -8 6 -9 7 -8 7 -8 7 -8 7 -9 8 -8 8 -9 8 -9 8 -8 8 -8 8 -8 8 -8 9 -8 9 -9 9 -9 10 -9 10 -9 10 -9 10 -9 10 -9 10 -10 10 -9 10 -9 10 0 0 0 0 0 0 0 0 0 0
1784740939.009446,56615,-44,11,1,7,1,-95,1,660520535,128,0 0 0 0 0 0 0 0 0 0 0 0 0 6 0 7 0 7 -1 7 -1 7 -1 8 -2 8 -1 8 -2 8 -2 8 -3 8 -3 9 -3 9 -3 9 -3 9 -4 9 -4 10 -4 9 -4 9 -4 9 -4 9 -4 9 -4 9 -5 9 -5 9 -4 9 0 0 -4 10 -4 10 -4 10 -4 10 -4 10 -4 10 -3 10 -3 11 -3 11 -3 11 -3 11 -3 12 -3 11 -3 12 -3 12 -3 12 -3 12 -2 13 -2 13 -2 13 -2 13 -2 13 -2 13 -3 13 -3 14 -2 14 0 0 0 0 0 0 0 0 0 0
1784740939.025388,56616,-44,11,1,7,1,-95,1,660530497,128,0 0 0 0 0 0 0 0 0 0 0 0 -6 -5 -6 -5 -6 -6 -6 -6 -6 -6 -6 -7 -6 -7 -6 -7 -6 -7 -6 -7 -6 -8 -6 -8 -6 -9 -6 -9 -6 -9 -5 -9 -5 -9 -5 -10 -5 -10 -5 -10 -5 -10 -5 -10 -5 -10 -5 -10 -5 -10 -5 -10 0 0 -5 -10 -5 -10 -5 -10 -6 -10 -6 -10 -6 -10 -6 -10 -7 -10 -7 -10 -7 -10 -7 -10 -8 -10 -8 -10 -8 -11 -8 -10 -8 -11 -8 -11 -9 -11 -9 -11 -9 -11 -9 -11 -9 -11 -9 -11 -9 -11 -10 -11 -9 -11 0 0 0 0 0 0 0 0 0 0
1784740939.025388,56617,-44,11,1,7,1,-95,1,660540435,128,0 0 0 0 0 0 0 0 0 0 0 0 5 -5 6 -5 6 -5 6 -4 7 -4 7 -4 7 -5 7 -4 8 -4 8 -3 8 -3 9 -3 9 -3 9 -3 9 -3 10 -3 9 -3 10 -3 10 -2 10 -3 10 -3 10 -3 10 -3 10 -2 9 -2 10 -2 0 0 10 -2 10 -3 10 -3 10 -3 10 -3 10 -4 10 -4 10 -4 10 -4 11 -5 11 -4 11 -5 10 -4 10 -5 11 -6 11 -6 12 -6 12 -6 11 -6 12 -7 12 -7 12 -7 13 -6 12 -6 12 -6 12 -6 0 0 0 0 0 0 0 0 0 0
1784740939.041572,56618,-44,11,1,7,1,-95,1,660550545,128,0 0 0 0 0 0 0 0 0 0 0 0 1 7 1 7 0 8 0 8 0 8 0 8 0 8 -1 8 -1 9 -1 9 -1 9 -2 9 -2 9 -2 9 -2 10 -2 10 -2 10 -3 10 -3 10 -3 10 -3 10 -3 10 -3 10 -3 10 -3 10 -3 10 0 0 -3 10 -2 10 -2 10 -2 11 -2 10 -2 11 -2 11 -1 11 -1 11 -1 12 -1 12 -1 12 -1 12 -1 12 0 12 -1 13 -1 13 0 13 0 13 0 13 0 14 0 14 0 14 0 14 0 14 0 14 0 0 0 0 0 0 0 0 0 0
1784740939.057551,56619,-44,11,1,7,1,-95,1,660560535,128,0 0 0 0 0 0 0 0 0 0 0 0 -4 6 -5 6 -5 6 -6 6 -6 6 -6 6 -7 6 -7 6 -7 6 -7 6 -7 6 -8 6 -8 6 -8 6 -9 6 -9 5 -9 6 -9 5 -10 5 -10 5 -10 5 -10 5 -10 5 -9 5 -10 6 -10 6 0 0 -10 5 -10 6 -10 6 -10 6 -10 6 -10 6 -10 6 -10 7 -10 7 -10 8 -10 8 -10 8 -10 8 -10 8 -11 8 -11 9 -11 8 -11 9 -11 9 -11 9 -11 9 -12 9 -11 9 -11 9 -11 10 -11 10 0 0 0 0 0 0 0 0 0 0
1784740939.057551,56620,-44,11,1,7,1,-95,1,660570472,128,0 0 0 0 0 0 0 0 0 0 0 0 -1 -8 -1 -8 0 -9 0 -8 0 -9 1 -8 0 -9 1 -9 1 -9 2 -9 2 -10 2 -10 2 -10 3 -10 2 -10 3 -10 3 -10 3 -11 3 -10 3 -10 3 -10 3 -10 4 -11 4 -10 4 -10 3 -10 0 0 3 -11 3 -11 3 -10 3 -12 2 -11 3 -12 3 -12 2 -12 2 -12 2 -13 3 -12 3 -12 2 -12 2 -12 2 -14 2 -13 2 -14 2 -14 2 -14 2 -14 2 -14 1 -14 2 -15 3 -15 2 -14 2 -15 0 0 0 0 0 0 0 0 0 0
1784740939.073282,56621,-44,11,1,7,1,-95,1,660580592,128,0 0 0 0 0 0 0 0 0 0 0 0 2 6 2 6 1 6 1 7 1 7 1 7 1 7 1 8 1 8 1 8 1 8 0 8 0 9 0 9 0 9 0 9 -1 10 -1 9 -1 10 -1 10 -1 10 -1 9 -1 10 -1 9 -1 10 -1 10 0 0 -1 10 -1 10 -1 10 0 10 0 10 0 10 0 10 0 11 0 11 1 11 1 11 1 11 1 11 1 12 1 12 1 13 1 12 1 13 1 13 1 13 1 13 1 13 2 13 2 13 2 13 1 14 0 0 0 0 0 0 0 0 0 0
1784740939.082249,56622,-44,11,1,7,1,-95,1,660590468,128,0 0 0 0 0 0 0 0 0 0 0 0 -6 -5 -6 -5 -6 -5 -6 -6 -6 -6 -6 -6 -6 -6 -6 -7 -6 -7 -6 -7 -6 -7 -6 -8 -6 -8 -6 -8 -6 -8 -6 -9 -6 -9 -6 -9 -6 -9 -5 -9 -5 -9 -5 -10 -6 -10 -6 -10 -6 -9 -6 -10 0 0 -6 -10 -6 -10 -6 -10 -6 -10 -7 -10 -7 -10 -7 -10 -7 -10 -7 -10 -8 -10 -8 -10 -8 -10 -8 -10 -8 -10 -9 -11 -9 -11 -8 -11 -9 -11 -9 -11 -9 -11 -9 -12 -9 -11 -9 -11 -9 -12 -10 -11 -10 -12 0 0 0 0 0 0 0 0 0 0
1784740939.093399,56623,-44,11,1,7,1,-95,1,660603539,128,0 0 0 0 0 0 0 0 0 0 0 0 -6 4 -6 4 -6 4 -6 3 -7 3 -7 3 -7 4 -7 3 -7 3 -8 3 -8 3 -9 3 -9 3 -9 3 -9 3 -10 3 -9 3 -10 3 -10 3 -10 3 -10 3 -10 3 -10 3 -10 3 -10 3 -10 3 0 0 -10 3 -11 4 -10 3 -11 4 -11 4 -11 4 -10 4 -11 4 -11 5 -12 5 -11 5 -11 5 -11 5 -11 5 -12 6 -11 6 -12 6 -12 6 -12 6 -12 7 -12 7 -12 7 -13 7 -13 6 -12 7 -12 7 0 0 0 0 0 0 0 0 0 0
1784740939.109422,56624,-44,11,1,7,1,-95,1,660612976,128,0 0 0 0 0 0 0 0 0 0 0 0 -6 -5 -6 -5 -6 -6 -6 -6 -5 -6 -6 -6 -5 -6 -6 -7 -6 -7 -5 -7 -6 -8 -6 -8 -6 -8 -5 -8 -6 -9 -5 -9 -6 -9 -5 -9 -5 -10 -5 -10 -5 -10 -5 -10 -5 -10 -5 -10 -5 -10 -6 -10 0 0 -6 -10 -5 -10 -6 -11 -6 -10 -6 -11 -6 -10 -6 -11 -7 -11 -7 -11 -7 -11 -7 -11 -8 -11 -8 -11 -8 -11 -8 -11 -9 -12 -8 -11 -9 -12 -9 -12 -9 -12 -9 -12 -9 -12 -9 -12 -9 -12 -9 -12 -9 -12 0 0 0 0 0 0 0 0 0 0
1784740939.109422,56625,-44,11,1,7,1,-95,1,660620647,128,0 0 0 0 0 0 0 0 0 0 0 0 6 -3 6 -3 6 -2 6 -2 7 -2 7 -2 7 -2 7 -2 7 -2 8 -2 8 -1 8 -1 9 -1 9 -1 9 -1 9 -1 9 -1 10 -1 9 0 10 0 10 0 10 0 10 0 10 0 10 0 10 0 0 0 10 0 10 -1 10 0 11 -1 10 -1 11 -1 11 -1 11 -2 11 -1 12 -2 12 -2 12 -2 12 -2 12 -2 12 -2 12 -2 13 -2 13 -2 13 -3 13 -3 13 -3 13 -3 13 -3 13 -2 13 -2 13 -2 0 0 0 0 0 0 0 0 0 0
1784740939.121064,56626,-45,11,1,7,1,-95,1,660630516,128,0 0 0 0 0 0 0 0 0 0 0 0 4 -5 5 -5 5 -5 5 -5 6 -5 6 -5 6 -5 6 -5 6 -5 7 -5 7 -4 7 -4 8 -4 8 -4 8 -5 9 -4 9 -4 9 -5 9 -4 9 -4 9 -4 9 -4 10 -4 9 -4 9 -4 9 -4 0 0 9 -4 10 -4 9 -4 10 -5 9 -5 10 -5 9 -5 10 -6 10 -5 10 -6 10 -6 10 -6 10 -6 10 -6 11 -7 10 -7 11 -7 11 -7 11 -7 11 -8 11 -8 11 -8 11 -7 12 -7 11 -7 11 -8 0 0 0 0 0 0 0 0 0 0
1784740939.136978,56627,-44,11,1,7,1,-95,1,660640459,128,0 0 0 0 0 0 0 0 0 0 0 0 4 -6 4 -6 5 -5 5 -5 5 -5 6 -5 6 -5 6 -5 6 -5 7 -5 7 -5 7 -5 7 -5 8 -5 8 -5 8 -5 8 -5 9 -5 9 -5 9 -5 9 -5 9 -5 9 -5 9 -5 9 -5 10 -5 0 0 10 -5 10 -5 9 -5 9 -6 9 -6 10 -6 10 -6 10 -6 10 -6 10 -7 10 -7 10 -8 10 -8 10 -8 10 -8 11 -8 10 -8 10 -8 11 -8 11 -9 11 -9 11 -8 11 -9 11 -9 11 -9 11 -9 0 0 0 0 0 0 0 0 0 0
1784740939.136978,56628,-44,11,1,7,1,-95,1,660650513,128,0 0 0 0 0 0 0 0 0 0 0 0 4 -5 5 -5 5 -5 5 -5 6 -5 5 -5 6 -5 6 -5 6 -5 7 -5 7 -4 7 -4 8 -4 8 -4 8 -4 8 -4 8 -4 9 -4 9 -4 9 -4 9 -4 9 -4 9 -4 9 -4 9 -4 9 -4 0 0 9 -4 9 -5 9 -4 10 -5 9 -5 9 -5 9 -6 10 -6 10 -6 10 -6 10 -6 10 -6 10 -6 10 -6 10 -7 10 -7 11 -7 11 -7 11 -7 11 -8 11 -8 11 -8 11 -8 12 -7 11 -7 11 -8 0 0 0 0 0 0 0 0 0 0
1784740939.152770,56629,-44,11,1,7,1,-95,1,660660477,128,0 0 0 0 0 0 0 0 0 0 0 0 5 4 5 5 4 5 4 5 4 5 5 6 4 6 4 6 4 6 4 7 4 7 4 7 4 7 4 8 4 8 4 8 4 8 4 8 4 8 4 9 4 9 4 8 4 9 4 9 4 9 4 9 0 0 4 9 5 9 5 9 5 9 6 9 6 9 6 9 6 9 6 9 7 9 7 9 7 9 7 9 7 9 8 9 8 10 8 9 8 10 8 10 9 10 8 10 9 10 8 10 8 10 8 10 9 10 0 0 0 0 0 0 0 0 0 0
1784740939.152770,56630,-45,11,1,7,1,-95,1,660670462,128,0 0 0 0 0 0 0 0 0 0 0 0 -3 -8 -2 -8 -2 -8 -2 -8 -2 -8 -1 -8 -1 -9 -1 -9 0 -9 -1 -10 0 -10 0 -10 0 -10 0 -10 0 -10 1 -11 1 -11 1 -11 1 -11 1 -11 1 -11 1 -11 1 -11 1 -11 1 -11 1 -11 0 0 1 -11 1 -12 1 -11 0 -12 0 -12 0 -12 0 -12 0 -12 0 -12 0 -13 0 -13 -1 -13 -1 -13 0 -13 -1 -14 -1 -14 -1 -14 -1 -14 -1 -14 -1 -15 -1 -15 -1 -15 -1 -15 -1 -15 -1 -15 -1 -15 0 0 0 0 0 0 0 0 0 0
1784740939.170800,56631,-45,11,1,7,1,-95,1,660684085,128,0 0 0 0 0 0 0 0 0 0 0 0 -7 -2 -7 -3 -8 -3 -8 -4 -8 -4 -8 -4 -8 -4 -8 -5 -8 -5 -8 -5 -8 -5 -8 -6 -8 -6 -8 -6 -8 -6 -8 -7 -8 -7 -8 -7 -8 -7 -8 -7 -8 -8 -8 -8 -8 -8 -8 -8 -8 -7 -8 -8 0 0 -8 -8 -9 -8 -9 -7 -9 -8 -9 -7 -9 -8 -10 -7 -10 -7 -10 -7 -11 -8 -11 -7 -11 -7 -11 -7 -11 -8 -12 -8 -12 -8 -12 -8 -12 -8 -12 -8 -12 -8 -12 -8 -12 -8 -13 -8 -12 -8 -12 -8 -13 -8 0 0 0 0 0 0 0 0 0 0
1784740939.184831,56632,-45,11,1,7,1,-95,1,660690722,128,0 0 0 0 0 0 0 0 0 0 0 0 4 4 4 5 4 5 4 6 4 6 4 6 4 6 4 6 4 7 4 7 4 7 4 7 4 8 4 8 4 8 3 8 3 9 3 9 3 9 3 9 3 9 3 9 3 9 3 9 3 9 3 9 0 0 4 9 4 9 4 9 4 9 4 9 5 9 5 9 5 9 5 9 6 9 6 9 6 10 6 10 6 10 7 10 7 10 7 10 7 10 7 10 7 10 8 10 7 11 8 10 7 10 8 10 8 11 0 0 0 0 0 0 0 0 0 0
1784740939.184831,56633,-45,11,1,7,1,-95,1,660700603,128,0 0 0 0 0 0 0 0 0 0 0 0 2 6 2 6 1 7 1 7 1 7 1 7 1 8 1 8 0 8 0 8 0 8 0 9 0 9 0 9 -1 9 -1 9 -1 10 -2 9 -1 10 -2 10 -2 10 -2 10 -2 10 -2 10 -1 10 -1 10 0 0 -2 10 -1 10 -2 10 -1 10 -1 10 -1 10 -1 11 0 11 -1 11 0 11 0 11 1 11 1 12 1 12 0 12 0 13 0 12 0 13 0 13 1 13 1 13 0 14 1 13 1 13 1 13 1 14 0 0 0 0 0 0 0 0 0 0
1784740939.200884,56634,-45,11,1,7,1,-95,1,660710541,128,0 0 0 0 0 0 0 0 0 0 0 0 -3 -7 -3 -7 -3 -8 -3 -8 -3 -8 -2 -8 -2 -9 -2 -9 -2 -9 -1 -9 -1 -9 -1 -10 -1 -10 -1 -10 -1 -10 0 -10 0 -10 0 -11 0 -10 0 -11 0 -10 0 -11 0 -11 1 -10 1 -11 0 -11 0 0 0 -11 0 -11 -1 -11 -1 -11 -1 -11 -1 -11 -2 -11 -2 -11 -2 -12 -2 -12 -2 -12 -2 -12 -2 -12 -2 -12 -3 -13 -3 -13 -3 -13 -3 -13 -3 -13 -3 -14 -3 -14 -4 -14 -3 -14 -3 -14 -3 -14 -3 -14 0 0 0 0 0 0 0 0 0 0
1784740939.216962,56635,-45,11,1,7,1,-95,1,660720586,128,0 0 0 0 0 0 0 0 0 0 0 0 -3 6 -4 6 -4 6 -5 6 -5 6 -5 6 -5 6 -6 6 -6 7 -6 7 -6 7 -7 7 -7 7 -7 7 -8 7 -8 6 -8 7 -8 6 -8 6 -8 6 -8 6 -8 6 -8 6 -8 6 -8 6 -8 7 0 0 -8 7 -8 7 -8 7 -8 7 -8 8 -8 8 -7 8 -7 8 -7 8 -7 9 -7 9 -7 9 -7 10 -7 10 -7 10 -8 11 -8 10 -8 11 -7 11 -8 11 -7 11 -8 12 -7 11 -8 11 -8 12 -8 12 0 0 0 0 0 0 0 0 0 0
1784740939.216962,56636,-45,11,1,7,1,-95,1,660730454,128,0 0 0 0 0 0 0 0 0 0 0 0 -7 1 -8 0 -8 0 -8 -1 -8 -1 -9 -1 -9 -1 -9 -1 -9 -2 -9 -1 -10 -2 -10 -2 -10 -2 -10 -3 -10 -3 -10 -3 -11 -4 -10 -4 -10 -4 -10 -4 -10 -4 -10 -4 -10 -4 -10 -4 -10 -4 -10 -4 0 0 -10 -3 -10 -3 -11 -3 -10 -3 -11 -3 -11 -3 -11 -3 -11 -2 -11 -2 -12 -2 -12 -2 -12 -1 -12 -2 -13 -1 -13 -1 -14 -2 -13 -2 -14 -1 -14 -1 -14 -1 -14 -1 -14 -1 -14 -1 -14 -1 -14 -1 -15 -1 0 0 0 0 0 0 0 0 0 0
1784740939.232907,56637,-45,11,1,7,1,-95,1,660740768,128,0 0 0 0 0 0 0 0 0 0 0 0 -3 6 -3 6 -4 6 -4 6 -4 7 -4 6 -5 7 -5 7 -5 7 -6 7 -6 7 -7 7 -7 7 -7 7 -7 7 -8 7 -8 7 -8 7 -8 7 -8 7 -8 7 -8 7 -8 7 -8 6 -8 6 -8 6 0 0 -8 7 -8 7 -7 7 -8 8 -7 8 -8 8 -7 8 -7 9 -7 9 -8 10 -7 9 -7 9 -7 9 -7 9 -7 11 -7 10 -8 11 -7 11 -7 11 -7 12 -7 11 -7 11 -8 12 -8 11 -8 11 -7 12 0 0 0 0 0 0 0 0 0 0
1784740939.232907,56638,-45,11,1,7,1,-95,1,660750508,128,0 0 0 0 0 0 0 0 0 0 0 0 4 -6 4 -6 5 -5 5 -6 5 -5 5 -6 5 -6 6 -6 6 -6 7 -6 7 -5 7 -6 7 -5 8 -5 8 -5 8 -5 8 -5 9 -5 9 -5 9 -5 9 -5 9 -5 9 -5 9 -5 9 -5 9 -5 0 0 9 -5 9 -5 9 -6 9 -6 9 -6 9 -6 9 -6 8 -7 9 -7 9 -8 9 -7 9 -8 9 -8 9 -8 9 -9 9 -9 9 -9 10 -9 9 -9 9 -9 10 -10 10 -10 10 -10 10 -9 10 -10 10 -10 0 0 0 0 0 0 0 0 0 0
1784740939.252888,56639,-45,11,1,7,1,-95,1,660762160,128,0 0 0 0 0 0 0 0 0 0 0 0 -8 -1 -8 -2 -8 -2 -8 -3 -8 -3 -8 -3 -8 -3 -8 -3 -9 -3 -9 -4 -9 -4 -9 -5 -9 -5 -9 -5 -9 -5 -9 -6 -9 -6 -9 -6 -9 -6 -9 -6 -9 -6 -9 -6 -9 -6 -9 -6 -9 -7 -9 -6 0 0 -9 -6 -10 -6 -9 -6 -10 -6 -9 -6 -10 -6 -10 -5 -11 -5 -10 -5 -11 -6 -11 -5 -11 -5 -11 -5 -11 -5 -12 -5 -12 -5 -12 -6 -13 -6 -13 -5 -13 -5 -13 -5 -13 -5 -13 -6 -13 -6 -13 -6 -14 -6 0 0 0 0 0 0 0 0 0 0
1784740939.265270,56640,-45,11,1,7,1,-95,1,660770585,128,0 0 0 0 0 0 0 0 0 0 0 0 -7 3 -8 3 -8 2 -8 2 -8 2 -8 2 -9 2 -9 2 -9 2 -10 1 -10 1 -10 1 -10 0 -11 0 -11 0 -11 0 -11 0 -11 0 -11 0 -11 0 -11 0 -11 0 -11 -1 -11 -1 -11 -1 -11 -1 0 0 -11 0 -11 0 -11 0 -11 1 -11 1 -11 1 -11 1 -12 2 -11 2 -12 2 -12 2 -12 2 -12 2 -12 2 -13 3 -12 3 -13 3 -13 3 -13 3 -13 4 -13 4 -13 4 -14 3 -14 3 -14 3 -14 4 0 0 0 0 0 0 0 0 0 0
1784740939.265270,56641,-44,11,1,7,1,-95,1,660781897,128,0 0 0 0 0 0 0 0 0 0 0 0 1 -8 2 -8 2 -8 3 -8 3 -8 3 -8 3 -8 3 -9 4 -9 4 -9 4 -9 5 -9 5 -9 5 -9 6 -9 6 -8 6 -9 6 -8 6 -9 7 -8 6 -8 7 -8 6 -8 7 -8 7 -8 7 -9 0 0 6 -9 6 -9 6 -9 6 -9 6 -9 6 -9 6 -9 6 -10 6 -10 6 -10 5 -11 6 -11 6 -11 6 -11 6 -11 6 -12 6 -11 6 -12 6 -12 5 -12 6 -12 5 -12 6 -12 6 -12 6 -12 6 -13 0 0 0 0 0 0 0 0 0 0
1784740939.287134,56642,-44,11,1,7,1,-95,1,660790562,128,0 0 0 0 0 0 0 0 0 0 0 0 7 1 7 1 7 2 7 2 7 3 7 3 7 3 8 3 7 4 7 4 8 4 8 5 8 5 8 5 8 5 7 6 7 6 7 6 7 6 7 6 8 6 7 6 8 6 7 6 7 6 8 6 0 0 8 6 8 6 8 6 8 6 8 6 9 6 9 6 9 5 9 6 9 6 10 6 10 5 10 6 10 5 10 6 10 6 10 6 11 6 11 6 11 6 11 6 11 6 11 6 11 6 11 6 12 6 0 0 0 0 0 0 0 0 0 0
1784740939.297619,56643,-44,11,1,6,1,-95,1,660803558,128,0 0 0 0 0 0 0 0 0 0 0 0 5 5 5 5 4 5 4 6 4 6 4 6 4 7 4 7 4 7 3 7 3 8 3 8 3 8 3 8 3 9 2 9 2 9 2 9 2 9 2 9 2 9 2 9 2 9 2 9 2 9 2 9 0 0 2 10 3 9 3 9 3 10 3 9 3 10 4 9 4 10 4 10 4 10 4 10 5 10 4 10 5 11 5 10 5 11 5 11 5 11 5 11 6 11 6 11 6 11 6 11 5 11 6 12 6 12 0 0 0 0 0 0 0 0 0 0
1784740939.297619,56644,-45,11,1,7,1,-95,1,660810591,128,0 0 0 0 0 0 0 0 0 0 0 0 -8 0 -8 0 -9 -1 -9 -1 -9 -1 -9 -2 -9 -2 -9 -2 -10 -2 -10 -2 -10 -3 -10 -3 -10 -3 -10 -4 -11 -4 -10 -4 -11 -5 -10 -5 -10 -5 -10 -5 -10 -5 -10 -5 -10 -5 -10 -5 -10 -5 -10 -5 0 0 -10 -4 -10 -4 -11 -4 -11 -4 -11 -3 -11 -3 -11 -3 -11 -3 -11 -3 -12 -2 -12 -3 -12 -2 -12 -3 -13 -2 -13 -2 -13 -2 -13 -2 -13 -2 -13 -2 -14 -2 -14 -2 -14 -2 -14 -2 -14 -2 -14 -1 -14 -2 0 0 0 0 0 0 0 0 0 0
1784740939.313841,56645,-45,11,1,7,1,-95,1,660820525,128,0 0 0 0 0 0 0 0 0 0 0 0 -4 6 -5 6 -5 6 -6 6 -6 6 -6 6 -6 6 -6 6 -7 6 -7 6 -7 6 -8 6 -8 6 -9 6 -9 6 -9 5 -9 5 -9 6 -9 6 -9 5 -9 5 -10 5 -9 5 -9 5 -9 5 -9 5 0 0 -9 6 -9 6 -9 6 -9 6 -8 6 -9 6 -8 7 -8 7 -9 7 -8 8 -8 8 -8 8 -8 8 -8 9 -8 9 -9 9 -8 9 -8 9 -8 9 -8 10 -8 10 -9 10 -8 10 -8 10 -8 10 -8 10 0 0 0 0 0 0 0 0 0 0
1784740939.313841,56646,-44,11,1,7,1,-95,1,660831280,128,0 0 0 0 0 0 0 0 0 0 0 0 1 7 1 8 0 8 0 8 0 8 0 8 0 8 -1 9 -1 9 -1 9 -2 9 -2 9 -2 9 -2 10 -2 10 -3 10 -3 10 -3 10 -3 10 -3 10 -4 10 -4 10 -3 10 -4 9 -4 9 -4 9 0 0 -3 10 -3 10 -3 10 -3 10 -2 10 -2 10 -2 10 -2 10 -2 10 -1 11 -2 11 -1 11 -1 11 -1 11 -1 11 -1 12 -1 11 0 12 0 12 0 12 0 12 0 12 0 12 0 12 0 12 0 13 0 0 0 0 0 0 0 0 0 0
1784740939.426152,56647,-44,11,1,7,1,-95,1,660917009,128,0 0 0 0 0 0 0 0 0 0 0 0 -7 -5 -7 -5 -6 -6 -7 -6 -6 -6 -7 -6 -7 -7 -7 -7 -7 -7 -6 -7 -6 -8 -6 -8 -6 -9 -6 -9 -6 -9 -6 -9 -6 -10 -6 -10 -6 -10 -6 -9 -6 -10 -6 -10 -6 -10 -5 -10 -5 -10 -6 -10 0 0 -6 -10 -6 -10 -6 -10 -6 -10 -6 -9 -7 -9 -7 -9 -7 -9 -7 -9 -8 -9 -7 -10 -8 -9 -8 -10 -8 -9 -8 -9 -9 -10 -8 -9 -9 -9 -9 -9 -10 -9 -10 -9 -10 -9 -10 -9 -10 -10 -10 -10 -10 -9 0 0 0 0 0 0 0 0 0 0
1784740939.426152,56648,-44,11,1,7,1,-95,1,660917288,128,0 0 0 0 0 0 0 0 0 0 0 0 3 -7 3 -7 4 -7 4 -7 4 -7 5 -7 5 -7 5 -7 5 -7 6 -7 6 -7 7 -7 7 -7 7 -7 7 -7 8 -7 8 -7 8 -7 8 -7 8 -6 8 -6 9 -6 8 -6 9 -6 9 -6 9 -6 0 0 9 -6 8 -6 9 -6 8 -7 8 -7 8 -7 8 -7 8 -7 8 -7 8 -8 8 -8 8 -8 8 -8 8 -8 8 -9 8 -9 8 -9 9 -9 8 -9 8 -10 9 -9 8 -10 9 -10 9 -10 9 -10 9 -10 0 0 0 0 0 0 0 0 0 0
1784740939.426152,56649,-44,11,1,7,1,-95,1,660928204,128,0 0 0 0 0 0 0 0 0 0 0 0 -8 -4 -7 -4 -8 -5 -7 -5 -8 -6 -7 -6 -8 -6 -8 -6 -8 -7 -8 -7 -7 -8 -7 -8 -7 -8 -7 -9 -7 -8 -7 -9 -7 -9 -8 -9 -7 -9 -7 -9 -7 -9 -7 -9 -7 -10 -6 -10 -7 -10 -6 -10 0 0 -7 -9 -8 -9 -7 -9 -8 -9 -8 -9 -8 -9 -8 -9 -9 -9 -9 -8 -9 -9 -9 -9 -9 -9 -9 -9 -9 -9 -11 -8 -10 -8 -11 -9 -11 -8 -11 -8 -11 -8 -11 -8 -11 -8 -11 -9 -11 -9 -11 -9 -11 -8 0 0 0 0 0 0 0 0 0 0
1784740939.426152,56650,-44,11,1,7,1,-95,1,660942899,128,0 0 0 0 0 0 0 0 0 0 0 0 2 7 2 7 2 7 1 7 1 8 1 8 1 8 0 8 0 9 0 9 0 9 -1 9 -1 9 -1 9 -1 9 -1 10 -2 10 -2 10 -2 10 -2 10 -2 10 -2 10 -2 10 -2 10 -3 10 -2 10 0 0 -2 10 -2 10 -2 10 -2 10 -1 10 -1 10 -1 10 -1 10 -1 10 -1 11 -1 11 0 11 0 11 0 11 1 12 1 11 0 12 0 12 1 12 1 12 1 12 1 12 1 12 1 12 1 12 1 12 0 0 0 0 0 0 0 0 0 0
1784740939.442014,56651,-44,11,1,7,1,-95,1,660945771,128,0 0 0 0 0 0 0 0 0 0 0 0 7 -2 7 -1 7 -1 7 0 8 0 8 0 8 0 8 1 8 0 9 1 9 2 9 2 9 2 9 3 9 2 9 3 9 3 10 3 10 3 10 3 10 3 10 3 10 4 9 4 9 4 9 4 0 0 9 3 10 3 9 3 10 3 10 3 10 3 10 2 10 2 10 2 11 2 11 2 10 2 11 2 10 2 11 1 11 1 12 2 12 1 12 1 12 1 12 1 12 0 12 1 12 1 12 1 12 1 0 0 0 0 0 0 0 0 0 0
1784740939.442014,56652,-44,11,1,7,1,-95,1,660950550,128,0 0 0 0 0 0 0 0 0 0 0 0 1 7 0 7 -1 7 -1 8 -1 8 -1 8 -1 8 -2 8 -2 9 -2 9 -3 9 -3 9 -3 9 -4 9 -4 10 -4 9 -5 10 -5 10 -5 10 -5 9 -5 9 -5 9 -5 9 -5 10 -5 9 -5 10 0 0 -5 9 -5 9 -5 10 -5 10 -4 10 -4 10 -4 10 -4 10 -4 10 -4 11 -4 11 -4 11 -3 11 -3 11 -3 11 -3 12 -3 11 -3 12 -3 12 -3 12 -2 12 -3 12 -2 12 -3 12 -2 12 -2 12 0 0 0 0 0 0 0 0 0 0
1784740939.457969,56653,-44,11,1,7,1,-95,1,660960483,128,0 0 0 0 0 0 0 0 0 0 0 0 5 4 5 5 4 5 4 6 4 6 4 6 4 6 4 7 4 7 4 7 4 8 4 8 4 8 4 9 3 9 3 9 3 10 3 9 3 10 3 10 3 10 2 10 3 10 3 10 3 10 3 10 0 0 3 10 3 10 3 10 3 10 3 10 3 10 3 10 4 10 4 10 5 10 4 10 5 10 5 10 5 10 5 10 5 11 5 10 5 10 6 10 5 10 6 10 6 11 6 10 6 10 7 10 7 10 0 0 0 0 0 0 0 0 0 0
1784740939.457969,56654,-45,11,1,7,1,-95,1,660970509,128,0 0 0 0 0 0 0 0 0 0 0 0 -8 -2 -8 -2 -8 -2 -8 -3 -8 -3 -8 -3 -9 -4 -9 -4 -9 -4 -9 -5 -9 -5 -9 -5 -9 -6 -9 -6 -9 -6 -9 -6 -9 -6 -9 -7 -9 -7 -9 -7 -9 -7 -9 -7 -9 -7 -9 -7 -9 -7 -9 -7 0 0 -9 -7 -9 -7 -9 -7 -10 -7 -10 -7 -10 -6 -10 -6 -10 -6 -10 -6 -11 -7 -11 -7 -11 -6 -11 -6 -11 -6 -12 -6 -12 -6 -12 -6 -12 -6 -12 -6 -12 -6 -12 -6 -12 -5 -12 -6 -12 -6 -12 -6 -12 -6 0 0 0 0 0 0 0 0 0 0
1784740939.474049,56655,-44,11,1,7,1,-95,1,660980532,128,0 0 0 0 0 0 0 0 0 0 0 0 3 6 3 6 2 7 2 7 2 7 2 7 2 7 2 8 2 8 2 8 1 8 1 9 1 9 1 9 1 10 0 10 0 10 0 10 0 10 0 10 0 10 -1 10 0 10 0 10 0 10 0 10 0 0 0 10 0 10 0 10 0 10 1 10 1 11 1 10 1 11 1 11 2 11 1 11 2 11 2 11 2 12 2 12 2 12 2 11 2 12 3 12 3 12 3 12 3 12 3 12 2 12 3 12 3 12 0 0 0 0 0 0 0 0 0 0
1784740939.482996,56656,-44,11,1,7,1,-95,1,660990471,128,0 0 0 0 0 0 0 0 0 0 0 0 -7 -4 -7 -5 -7 -5 -7 -6 -7 -6 -7 -6 -7 -6 -7 -7 -7 -7 -7 -7 -7 -8 -7 -8 -7 -8 -7 -9 -7 -9 -7 -9 -6 -9 -7 -9 -6 -9 -6 -9 -7 -9 -7 -9 -7 -10 -6 -10 -6 -9 -6 -9 0 0 -7 -10 -7 -10 -7 -9 -7 -10 -7 -9 -8 -9 -8 -9 -8 -9 -8 -9 -9 -10 -9 -10 -9 -9 -9 -9 -9 -9 -10 -10 -10 -10 -10 -10 -10 -10 -10 -10 -10 -10 -11 -10 -11 -9 -11 -10 -11 -10 -11 -10 -11 -10 0 0 0 0 0 0 0 0 0 0
1784740939.489877,56657,-44,11,1,7,1,-95,1,661000430,128,0 0 0 0 0 0 0 0 0 0 0 0 -6 4 -7 4 -7 3 -7 4 -8 3 -8 3 -8 3 -8 3 -9 3 -9 3 -9 3 -10 2 -10 2 -10 2 -10 2 -10 2 -11 2 -10 1 -11 2 -11 1 -11 1 -11 1 -11 2 -11 1 -11 1 -11 1 0 0 -11 1 -11 2 -11 2 -11 2 -11 2 -11 2 -11 2 -11 3 -11 3 -11 3 -12 3 -12 4 -12 4 -12 3 -12 4 -12 4 -12 4 -12 5 -12 4 -13 5 -13 5 -13 5 -12 5 -13 5 -13 5 -13 5 0 0 0 0 0 0 0 0 0 0
1784740939.505871,56658,-45,11,1,7,1,-95,1,661013367,128,0 0 0 0 0 0 0 0 0 0 0 0 -7 3 -7 3 -7 2 -8 2 -8 2 -8 1 -8 1 -8 1 -9 1 -9 1 -9 1 -9 1 -10 1 -10 0 -10 0 -10 0 -10 0 -10 0 -11 0 -10 -1 -11 -1 -10 -1 -10 0 -10 -1 -10 -1 -11 -1 0 0 -11 0 -11 0 -11 0 -10 0 -11 0 -11 0 -11 0 -11 1 -11 1 -11 1 -12 1 -12 1 -12 1 -12 2 -12 1 -12 2 -12 2 -12 2 -12 2 -12 2 -12 2 -13 2 -12 2 -13 2 -13 3 -13 3 0 0 0 0 0 0 0 0 0 0
1784740939.505871,56659,-45,11,1,7,1,-95,1,661020546,128,0 0 0 0 0 0 0 0 0 0 0 0 6 -4 6 -4 7 -4 7 -3 7 -3 7 -3 8 -3 8 -3 8 -3 8 -2 9 -2 9 -2 9 -2 9 -2 9 -1 10 -1 10 -1 10 -1 10 -1 10 -1 10 -1 10 -1 10 0 10 0 10 0 10 -1 0 0 10 -1 10 -1 10 -1 10 -1 10 -1 10 -1 10 -2 10 -2 11 -2 11 -2 11 -2 11 -2 11 -2 11 -3 12 -3 11 -3 12 -3 12 -3 12 -3 12 -4 12 -4 11 -4 12 -3 12 -4 12 -4 12 -4 0 0 0 0 0 0 0 0 0 0
1784740939.522087,56660,-44,11,1,7,1,-95,1,661030460,128,0 0 0 0 0 0 0 0 0 0 0 0 -8 1 -8 0 -9 0 -8 0 -9 -1 -9 -1 -9 -1 -9 -1 -10 -1 -10 -2 -10 -2 -10 -2 -10 -3 -10 -3 -10 -3 -10 -3 -10 -3 -11 -4 -11 -4 -11 -3 -11 -4 -11 -4 -11 -4 -11 -4 -10 -4 -11 -4 0 0 -11 -4 -11 -4 -11 -4 -11 -3 -11 -3 -11 -3 -11 -3 -12 -3 -12 -2 -12 -2 -12 -3 -12 -2 -12 -2 -12 -2 -12 -2 -13 -2 -13 -2 -13 -2 -13 -1 -13 -1 -13 -1 -13 -1 -13 -1 -13 -1 -13 -1 -13 -1 0 0 0 0 0 0 0 0 0 0
1784740939.522087,56661,-45,11,1,7,1,-95,1,661040482,128,0 0 0 0 0 0 0 0 0 0 0 0 2 7 2 7 1 7 1 8 1 8 0 8 0 8 0 9 0 8 0 9 0 9 0 9 -1 9 -1 9 -1 10 -2 10 -2 10 -2 10 -2 10 -2 10 -3 10 -3 10 -2 10 -2 10 -3 10 -3 10 0 0 -3 10 -2 10 -2 10 -2 10 -2 10 -2 11 -2 11 -2 11 -2 11 -1 11 -1 11 -1 12 -1 12 -1 12 -1 12 -1 12 -1 12 -1 12 -1 12 -1 13 -1 13 -1 12 0 12 -1 13 0 13 0 13 0 0 0 0 0 0 0 0 0 0
1784740939.539283,56662,-45,11,1,7,1,-95,1,661050463,128,0 0 0 0 0 0 0 0 0 0 0 0 0 7 0 7 -1 8 -2 7 -2 8 -2 7 -2 8 -2 8 -2 8 -3 8 -3 8 -3 8 -4 8 -4 8 -4 9 -4 9 -4 9 -4 9 -5 9 -5 9 -5 9 -5 9 -5 9 -5 9 -5 9 -5 9 0 0 -5 9 -4 10 -4 9 -4 10 -4 9 -4 10 -4 10 -4 10 -4 10 -4 11 -3 11 -3 11 -3 11 -3 11 -3 12 -3 11 -3 12 -3 12 -2 12 -2 12 -3 12 -2 12 -2 12 -3 12 -3 12 -2 13 0 0 0 0 0 0 0 0 0 0
1784740939.554093,56663,-44,11,1,7,1,-95,1,661060461,128,0 0 0 0 0 0 0 0 0 0 0 0 6 -4 7 -4 7 -3 7 -3 8 -3 8 -3 8 -2 8 -3 9 -2 9 -2 9 -2 9 -2 10 -1 10 -1 10 -1 10 -1 10 0 10 0 10 0 10 0 10 0 10 0 10 -1 10 0 10 0 10 0 0 0 10 -1 10 -1 10 -1 11 -1 10 -1 11 -1 10 -2 11 -2 11 -2 11 -3 11 -3 11 -3 11 -3 12 -3 12 -3 12 -3 11 -3 12 -4 12 -4 12 -4 12 -4 12 -4 12 -4 12 -4 12 -4 12 -5 0 0 0 0 0 0 0 0 0 0
1784740939.554093,56664,-44,11,1,7,1,-95,1,661070922,128,0 0 0 0 0 0 0 0 0 0 0 0 6 -4 7 -3 7 -3 7 -3 8 -3 7 -3 8 -3 8 -3 9 -3 9 -2 9 -2 10 -1 9 -1 10 -1 10 -1 10 -1 10 -1 11 -1 10 -1 11 -1 10 -1 10 -1 11 -1 10 0 10 0 10 0 0 0 11 -1 11 -1 10 -1 11 -2 10 -2 11 -2 11 -3 11 -3 11 -3 12 -3 12 -3 11 -3 11 -3 11 -3 12 -4 12 -4 13 -4 12 -4 12 -5 12 -5 13 -5 12 -6 13 -5 13 -4 13 -4 13 -5 0 0 0 0 0 0 0 0 0 0
1784740939.569772,56665,-44,11,1,7,1,-95,1,661080525,128,0 0 0 0 0 0 0 0 0 0 0 0 -2 -7 -2 -7 -2 -8 -1 -8 -1 -8 -1 -8 -1 -8 -1 -9 -1 -9 0 -9 0 -9 0 -10 0 -10 0 -10 1 -10 1 -10 1 -11 1 -11 1 -11 1 -11 2 -11 2 -11 2 -11 2 -11 2 -11 2 -11 0 0 2 -11 1 -11 1 -11 1 -11 1 -11 1 -11 1 -12 1 -12 0 -12 0 -13 0 -12 0 -12 0 -13 0 -13 0 -13 0 -14 0 -13 0 -14 0 -14 -1 -14 -1 -14 -1 -14 0 -14 0 -14 0 -14 0 -14 0 0 0 0 0 0 0 0 0 0
1784740939.585708,56666,-44,11,1,7,1,-95,1,661090489,128,0 0 0 0 0 0 0 0 0 0 0 0 3 6 3 6 2 6 2 6 2 7 2 7 2 7 2 8 2 8 2 8 2 8 2 8 1 9 1 9 1 9 1 10 1 10 1 9 0 10 0 10 0 10 0 10 1 10 0 10 0 10 0 10 0 0 0 11 0 11 0 11 1 10 1 10 1 11 1 11 1 11 1 11 1 11 2 11 2 12 2 12 2 12 2 12 2 13 2 12 3 12 3 13 3 13 3 13 3 13 3 13 3 13 3 13 3 14 0 0 0 0 0 0 0 0 0 0
1784740939.684154,56667,-43,11,1,5,1,-95,1,661193096,128,0 0 0 0 0 0 0 0 0 0 0 0 5 -3 4 -3 5 -3 5 -3 5 -3 5 -2 5 -3 6 -3 6 -3 6 -2 6 -2 7 -2 7 -2 7 -2 7 -2 8 -2 7 -2 8 -3 8 -2 8 -3 8 -3 8 -3 9 -2 9 -2 9 -2 9 -2 0 0 9 -3 10 -3 10 -3 10 -3 10 -3 10 -3 10 -4 11 -4 11 -4 12 -4 11 -4 11 -3 11 -3 11 -4 12 -5 12 -5 12 -5 12 -5 12 -5 12 -5 13 -5 12 -6 13 -5 13 -5 13 -5 13 -5 0 0 0 0 0 0 0 0 0 0
1784740939.684154,56668,-45,11,1,6,1,-95,1,661194919,128,0 0 0 0 0 0 0 0 0 0 0 0 1 5 1 5 0 5 0 5 0 5 0 6 0 6 0 6 0 6 0 6 0 7 -1 7 -1 7 -1 7 -1 7 -1 7 -1 8 -1 8 -1 8 -1 8 -1 8 -1 9 -1 9 -1 9 -2 9 -2 9 0 0 -1 10 -2 10 -2 10 -1 10 -1 10 -2 11 -1 11 -1 11 -2 11 -1 11 -1 12 -1 12 -2 12 -1 12 -2 12 -2 12 -1 12 -1 13 -1 13 -1 13 -1 13 -1 13 -1 13 -1 13 -1 13 -1 14 0 0 0 0 0 0 0 0 0 0
1784740939.698037,56669,-45,11,1,6,1,-95,1,661196284,128,0 0 0 0 0 0 0 0 0 0 0 0 5 -3 4 -3 5 -2 5 -2 5 -2 5 -2 6 -3 6 -2 6 -3 6 -2 6 -2 7 -2 7 -2 7 -2 7 -2 7 -2 7 -2 8 -2 8 -2 8 -2 8 -2 8 -2 9 -2 9 -2 9 -2 9 -2 0 0 9 -2 10 -3 9 -3 11 -3 10 -3 10 -3 10 -3 11 -3 10 -3 12 -3 11 -3 11 -3 11 -3 11 -3 12 -4 11 -4 12 -4 12 -4 12 -4 13 -5 13 -4 12 -5 13 -4 13 -3 13 -3 13 -4 0 0 0 0 0 0 0 0 0 0
1784740939.698037,56670,-44,11,1,5,1,-95,1,661198925,128,0 0 0 0 0 0 0 0 0 0 0 0 -5 -3 -5 -3 -5 -4 -5 -4 -5 -4 -5 -4 -5 -4 -5 -4 -5 -4 -6 -5 -6 -5 -5 -5 -5 -5 -6 -5 -6 -5 -6 -6 -6 -5 -6 -6 -6 -6 -7 -6 -6 -6 -7 -6 -7 -7 -7 -7 -7 -7 -7 -7 0 0 -8 -7 -8 -7 -8 -7 -9 -8 -8 -7 -8 -8 -9 -7 -9 -8 -9 -8 -10 -8 -9 -8 -9 -8 -9 -8 -9 -8 -11 -8 -10 -8 -10 -9 -10 -9 -10 -9 -11 -9 -11 -9 -11 -8 -11 -9 -11 -9 -11 -9 -11 -9 0 0 0 0 0 0 0 0 0 0
1784740939.698037,56671,-46,11,1,6,1,-95,1,661202057,128,0 0 0 0 0 0 0 0 0 0 0 0 2 4 2 4 2 5 2 5 2 5 2 5 2 5 2 5 2 6 2 6 1 6 1 6 2 6 1 6 1 7 2 7 2 7 2 8 1 8 2 8 2 8 2 8 2 9 2 8 2 9 2 9 0 0 2 9 3 10 2 9 3 10 3 10 3 10 3 10 3 11 3 11 3 11 3 11 3 11 3 11 3 11 4 12 4 12 4 12 4 12 4 12 5 12 4 13 4 13 4 13 4 13 4 13 4 13 0 0 0 0 0 0 0 0 0 0
1784740939.698037,56672,-46,11,1,6,1,-95,1,661211721,128,0 0 0 0 0 0 0 0 0 0 0 0 3 4 3 4 3 4 3 4 3 5 3 5 3 5 3 5 3 5 3 5 2 5 3 6 3 6 3 6 3 6 3 6 3 7 3 6 3 7 3 7 3 7 3 7 3 7 3 7 3 8 4 8 0 0 4 8 4 8 4 9 4 9 4 9 5 9 5 9 5 9 5 10 5 10 5 10 5 10 5 10 5 11 5 11 6 11 5 11 6 12 6 11 6 11 6 11 6 12 6 12 5 12 5 12 6 12 0 0 0 0 0 0 0 0 0 0
1784740939.714024,56673,-46,11,1,6,1,-95,1,661222109,128,0 0 0 0 0 0 0 0 0 0 0 0 4 4 4 4 4 5 3 5 3 5 3 5 3 5 4 5 3 5 3 5 3 6 3 6 3 6 3 6 3 6 3 7 3 7 3 7 3 7 4 7 4 7 4 7 4 7 4 7 4 7 4 7 0 0 5 7 5 8 5 8 5 8 6 7 6 8 6 8 6 8 6 9 7 9 7 9 7 9 7 9 7 9 7 10 7 10 8 10 8 10 8 10 8 10 9 10 8 10 9 10 8 11 9 11 8 11 0 0 0 0 0 0 0 0 0 0
1784740939.714024,56674,-45,11,1,7,1,-95,1,661230533,128,0 0 0 0 0 0 0 0 0 0 0 0 4 5 3 5 3 5 3 5 3 6 2 6 2 6 3 6 2 6 2 6 2 7 2 7 2 7 2 7 2 7 2 8 2 8 2 8 2 8 2 8 2 8 2 8 2 8 2 8 2 8 2 9 0 0 3 9 3 9 3 9 3 9 3 9 4 9 3 9 4 9 4 10 4 10 4 10 5 10 5 10 5 11 5 11 5 11 5 11 5 11 5 12 5 12 5 12 5 12 6 12 6 12 6 12 6 13 0 0 0 0 0 0 0 0 0 0
1784740939.734144,56675,-45,11,1,6,1,-95,1,661242055,128,0 0 0 0 0 0 0 0 0 0 0 0 -5 -4 -5 -5 -5 -5 -5 -5 -5 -6 -5 -6 -5 -6 -5 -6 -5 -6 -5 -6 -5 -6 -5 -7 -5 -7 -5 -7 -5 -7 -5 -8 -5 -8 -5 -8 -5 -8 -5 -8 -5 -8 -5 -8 -6 -8 -5 -8 -5 -9 -6 -9 0 0 -6 -9 -6 -9 -6 -9 -6 -9 -6 -9 -6 -10 -6 -10 -7 -10 -7 -10 -7 -10 -7 -10 -8 -10 -8 -11 -8 -11 -8 -11 -8 -11 -8 -11 -8 -11 -8 -11 -8 -12 -9 -12 -9 -12 -8 -12 -8 -12 -8 -12 -9 -12 0 0 0 0 0 0 0 0 0 0
1784740939.745757,56676,-45,11,1,6,1,-95,1,661251873,128,0 0 0 0 0 0 0 0 0 0 0 0 4 2 4 3 4 3 4 3 4 3 4 4 4 4 4 4 4 4 5 4 5 4 5 4 5 5 5 5 5 5 5 5 5 5 5 5 5 5 5 6 6 6 6 6 6 5 6 6 6 6 6 6 0 0 7 7 7 6 7 6 7 7 7 6 8 7 7 7 8 7 8 7 9 7 9 7 9 7 9 7 9 8 9 8 10 8 9 8 10 8 10 8 10 8 10 8 10 8 10 9 10 9 11 8 11 9 0 0 0 0 0 0 0 0 0 0
1784740939.745757,56677,-46,11,1,6,1,-95,1,661261856,128,0 0 0 0 0 0 0 0 0 0 0 0 6 -1 6 -1 6 0 6 0 7 0 6 0 7 0 7 0 7 1 7 1 7 1 7 1 7 1 7 1 8 1 8 1 8 2 8 2 8 2 8 2 8 2 8 2 8 2 8 2 8 1 9 2 0 0 9 1 9 1 9 1 10 1 9 1 10 1 10 1 10 1 10 1 11 1 11 1 11 1 11 1 12 1 12 1 12 1 13 1 13 1 13 1 13 1 13 1 14 1 14 1 14 1 14 1 14 1 0 0 0 0 0 0 0 0 0 0
1784740939.762006,56678,-45,11,1,6,1,-95,1,661274345,128,0 0 0 0 0 0 0 0 0 0 0 0 -5 -5 -5 -6 -5 -6 -4 -6 -4 -6 -4 -7 -4 -7 -4 -7 -4 -7 -4 -8 -4 -8 -4 -8 -4 -8 -4 -9 -4 -9 -4 -9 -4 -9 -3 -9 -4 -9 -4 -10 -3 -10 -3 -10 -4 -10 -3 -10 -3 -10 -3 -10 0 0 -4 -10 -4 -10 -4 -10 -4 -10 -4 -10 -4 -11 -4 -11 -4 -11 -5 -11 -5 -11 -5 -11 -5 -11 -5 -11 -6 -12 -6 -12 -6 -12 -5 -12 -6 -13 -6 -13 -6 -13 -6 -13 -7 -13 -6 -13 -6 -14 -6 -14 -6 -14 0 0 0 0 0 0 0 0 0 0
1784740939.778248,56679,-45,11,1,6,1,-95,1,661282049,128,0 0 0 0 0 0 0 0 0 0 0 0 -6 2 -6 2 -6 2 -6 2 -7 2 -6 2 -7 2 -7 2 -7 2 -7 2 -8 2 -8 2 -8 2 -8 2 -8 2 -9 2 -8 2 -9 2 -9 1 -9 2 -9 2 -9 2 -10 2 -10 1 -10 1 -10 2 0 0 -10 2 -11 2 -10 2 -11 2 -11 3 -11 2 -11 3 -11 3 -11 3 -12 4 -12 4 -12 4 -11 3 -12 3 -13 5 -12 4 -13 4 -13 4 -13 5 -14 5 -13 5 -13 5 -14 5 -14 4 -14 5 -14 4 0 0 0 0 0 0 0 0 0 0
1784740939.784721,56680,-45,11,1,7,1,-95,1,661290519,128,0 0 0 0 0 0 0 0 0 0 0 0 1 -7 1 -7 2 -6 2 -6 2 -6 2 -7 2 -6 2 -7 3 -7 2 -7 3 -7 3 -7 3 -7 3 -7 3 -8 3 -8 3 -8 3 -8 4 -8 4 -8 4 -8 4 -9 4 -9 4 -9 4 -9 4 -10 0 0 4 -10 4 -10 4 -10 4 -11 4 -10 4 -11 4 -11 4 -11 4 -12 3 -12 4 -12 4 -12 4 -13 4 -13 4 -13 4 -14 4 -14 4 -14 4 -14 4 -14 4 -15 5 -15 4 -15 4 -15 5 -15 5 -15 0 0 0 0 0 0 0 0 0 0
1784740939.794209,56681,-45,11,1,6,1,-95,1,661301861,128,0 0 0 0 0 0 0 0 0 0 0 0 5 -4 5 -4 6 -3 6 -3 6 -3 6 -3 6 -3 7 -3 7 -2 7 -3 7 -3 7 -3 8 -2 8 -2 8 -2 8 -2 8 -2 8 -2 8 -2 9 -2 9 -2 9 -2 9 -2 9 -2 9 -2 10 -2 0 0 10 -3 10 -3 10 -2 10 -3 10 -3 10 -3 11 -3 11 -3 11 -3 11 -4 11 -4 12 -4 12 -4 12 -4 12 -4 13 -4 12 -4 13 -4 13 -4 13 -4 13 -5 14 -4 13 -5 14 -5 14 -5 14 -5 0 0 0 0 0 0 0 0 0 0
1784740939.794209,56682,-45,11,1,6,1,-95,1,661312097,128,0 0 0 0 0 0 0 0 0 0 0 0 2 6 2 6 2 6 2 6 1 7 1 7 1 7 1 7 1 7 0 8 0 8 0 8 0 8 0 8 0 8 0 9 -1 9 -1 9 -1 9 -1 9 0 9 -1 9 -1 9 -1 9 -1 9 -1 10 0 0 0 10 0 10 0 10 0 11 0 11 0 11 0 11 0 11 0 11 1 12 1 12 1 12 1 12 1 12 1 13 1 13 1 13 1 13 1 13 2 13 2 14 2 14 2 14 2 14 1 14 2 14 0 0 0 0 0 0 0 0 0 0
1784740939.814131,56683,-44,11,1,7,1,-95,1,661320514,128,0 0 0 0 0 0 0 0 0 0 0 0 4 -5 4 -5 5 -5 5 -5 5 -5 6 -5 6 -5 6 -5 6 -5 7 -5 7 -5 7 -4 8 -4 8 -4 8 -4 8 -4 8 -4 8 -4 9 -4 9 -4 9 -4 9 -4 9 -4 9 -4 9 -4 9 -4 0 0 9 -5 9 -5 9 -5 9 -5 9 -6 10 -6 10 -6 10 -6 10 -6 10 -7 10 -7 10 -7 10 -7 10 -7 11 -7 11 -8 11 -7 11 -8 11 -8 11 -9 11 -9 11 -9 12 -9 12 -8 12 -8 12 -9 0 0 0 0 0 0 0 0 0 0
1784740939.826065,56684,-44,11,1,7,1,-95,1,661330472,128,0 0 0 0 0 0 0 0 0 0 0 0 5 -4 6 -3 6 -3 6 -3 7 -3 7 -3 7 -3 7 -2 7 -3 8 -2 8 -2 8 -2 8 -1 9 -1 9 -1 9 -1 9 -1 9 -1 10 -1 10 -1 10 -1 10 -1 10 -1 10 -1 10 -1 10 -1 0 0 10 -1 10 -1 10 -2 11 -2 11 -2 11 -2 11 -2 11 -2 11 -3 12 -3 12 -3 11 -3 12 -3 12 -3 12 -4 12 -4 12 -4 13 -4 13 -4 13 -5 13 -5 13 -5 13 -4 14 -4 14 -4 14 -4 0 0 0 0 0 0 0 0 0 0
1784740939.826065,56685,-43,11,1,7,1,-95,1,661343210,128,0 0 0 0 0 0 0 0 0 0 0 0 2 6 1 7 1 7 1 7 0 7 0 8 0 8 0 8 0 8 0 9 -1 8 -1 9 -1 9 -1 9 -1 10 -2 9 -2 10 -2 10 -2 10 -2 10 -2 10 -2 11 -2 11 -2 10 -2 11 -2 11 0 0 -2 11 -2 11 -2 11 -2 11 -2 11 -1 11 -2 11 -1 12 -1 12 -1 12 -1 12 0 12 0 12 0 13 0 13 0 13 0 13 1 13 1 13 1 14 1 14 1 14 1 14 1 14 1 15 1 15 0 0 0 0 0 0 0 0 0 0
1784740939.842247,56686,-44,11,1,7,1,-95,1,661350449,128,0 0 0 0 0 0 0 0 0 0 0 0 6 -3 7 -3 7 -2 7 -2 7 -2 8 -2 8 -2 8 -2 8 -2 8 -1 9 -1 9 -1 9 -1 10 0 10 0 10 0 10 0 10 0 10 0 10 0 10 0 10 0 10 0 10 1 11 1 11 1 0 0 11 0 11 0 11 0 11 0 11 0 11 -1 11 -1 12 -1 12 -1 12 -1 12 -1 12 -2 12 -2 12 -2 12 -2 13 -2 13 -2 13 -2 13 -3 14 -3 14 -3 14 -3 14 -3 15 -3 14 -3 15 -3 0 0 0 0 0 0 0 0 0 0
1784740939.842247,56687,-44,11,1,7,1,-95,1,661360525,128,0 0 0 0 0 0 0 0 0 0 0 0 -4 6 -4 6 -5 5 -5 5 -5 5 -6 6 -6 6 -6 6 -6 6 -7 5 -7 6 -7 6 -8 6 -8 5 -8 5 -8 5 -9 5 -9 5 -9 5 -9 5 -9 5 -9 6 -9 6 -10 5 -9 5 -10 6 0 0 -10 6 -10 6 -10 6 -10 6 -10 6 -10 6 -10 7 -10 7 -10 7 -10 7 -10 7 -10 8 -10 7 -10 8 -10 8 -11 9 -11 8 -11 9 -11 9 -11 9 -11 9 -11 10 -11 10 -11 10 -11 10 -12 10 0 0 0 0 0 0 0 0 0 0
1784740939.857942,56688,-44,11,1,7,1,-95,1,661370518,128,0 0 0 0 0 0 0 0 0 0 0 0 -8 0 -7 -1 -8 -2 -8 -2 -8 -2 -8 -2 -8 -3 -8 -3 -8 -3 -8 -3 -9 -4 -9 -4 -9 -4 -9 -4 -9 -5 -9 -5 -9 -5 -9 -5 -9 -6 -9 -6 -9 -6 -9 -6 -9 -6 -9 -6 -9 -6 -9 -6 0 0 -9 -6 -10 -6 -9 -6 -10 -6 -10 -6 -10 -6 -10 -6 -10 -6 -11 -6 -11 -6 -11 -6 -11 -6 -11 -6 -11 -5 -11 -6 -12 -6 -12 -6 -12 -6 -12 -6 -13 -6 -13 -6 -13 -6 -13 -5 -13 -6 -13 -6 -13 -6 0 0 0 0 0 0 0 0 0 0
1784740939.873687,56689,-44,11,1,7,1,-95,1,661380491,128,0 0 0 0 0 0 0 0 0 0 0 0 -2 6 -2 6 -3 7 -3 6 -4 7 -4 7 -4 7 -4 7 -4 7 -5 7 -6 7 -6 7 -6 7 -6 7 -6 7 -7 8 -7 7 -7 8 -7 7 -7 8 -7 8 -7 8 -7 8 -8 7 -8 7 -8 7 0 0 -7 8 -7 8 -7 8 -7 8 -7 8 -7 8 -7 9 -7 9 -7 9 -7 10 -7 9 -7 10 -7 9 -7 10 -7 11 -7 11 -7 11 -7 11 -6 11 -6 12 -6 12 -6 12 -7 12 -8 12 -8 12 -7 12 0 0 0 0 0 0 0 0 0 0
1784740939.884928,56690,-44,11,1,7,1,-95,1,661390422,128,0 0 0 0 0 0 0 0 0 0 0 0 -7 0 -8 -1 -8 -1 -8 -2 -8 -2 -8 -2 -8 -2 -8 -2 -9 -3 -9 -3 -9 -3 -9 -4 -9 -4 -9 -4 -9 -4 -9 -4 -9 -5 -9 -5 -9 -5 -9 -5 -9 -5 -9 -5 -10 -5 -9 -5 -9 -5 -9 -5 0 0 -10 -5 -10 -5 -10 -5 -10 -5 -10 -5 -10 -5 -11 -5 -11 -5 -11 -5 -12 -4 -11 -4 -12 -4 -12 -4 -12 -4 -13 -4 -13 -4 -13 -4 -13 -4 -13 -4 -14 -4 -14 -4 -14 -4 -14 -4 -14 -5 -14 -5 -15 -5 0 0 0 0 0 0 0 0 0 0
1784740939.889893,56691,-44,11,1,7,1,-95,1,661400524,128,0 0 0 0 0 0 0 0 0 0 0 0 -3 -7 -2 -7 -2 -8 -2 -8 -1 -8 -1 -8 -1 -8 -1 -8 -1 -9 -1 -9 -1 -9 -1 -9 0 -9 0 -10 0 -10 1 -10 1 -10 1 -10 1 -10 1 -10 1 -10 1 -10 1 -10 1 -10 1 -10 1 -11 0 0 1 -11 1 -11 1 -11 1 -11 1 -11 1 -11 1 -11 0 -12 1 -12 0 -12 0 -13 0 -13 0 -13 0 -13 0 -13 0 -14 0 -13 0 -14 0 -14 0 -14 -1 -14 0 -15 -1 -14 0 -15 0 -15 0 -16 0 0 0 0 0 0 0 0 0 0
1784740939.905767,56692,-44,11,1,7,1,-95,1,661410465,128,0 0 0 0 0 0 0 0 0 0 0 0 3 6 3 6 3 6 2 6 2 7 2 7 2 7 2 7 2 7 1 8 1 8 1 8 1 8 1 8 1 8 1 9 1 9 1 9 1 9 1 9 1 9 1 9 1 10 0 9 0 9 0 9 0 0 1 9 1 10 1 9 2 10 2 9 2 10 3 10 3 10 3 10 3 11 3 11 3 11 3 11 3 11 5 12 4 11 4 12 4 12 5 12 5 12 5 12 6 12 5 13 5 13 5 13 5 13 0 0 0 0 0 0 0 0 0 0
1784740939.905767,56693,-43,11,1,6,1,-95,1,661422203,128,0 0 0 0 0 0 0 0 0 0 0 0 7 1 8 1 8 2 8 3 7 3 7 3 8 3 8 4 8 4 8 5 8 5 8 5 8 6 8 6 8 6 8 6 8 7 8 7 8 7 8 7 8 7 8 7 8 7 7 8 7 8 7 7 0 0 8 7 8 7 7 7 8 7 8 6 8 6 8 6 9 6 9 6 9 6 9 6 9 6 9 6 10 6 10 5 11 5 11 6 11 5 11 5 12 5 12 5 12 5 12 5 12 6 12 6 12 6 0 0 0 0 0 0 0 0 0 0
1784740939.921595,56694,-43,11,1,6,1,-95,1,661430446,128,0 0 0 0 0 0 0 0 0 0 0 0 4 -7 5 -7 6 -6 6 -6 6 -6 7 -6 7 -6 7 -6 8 -6 8 -6 8 -6 8 -6 9 -6 9 -5 10 -6 10 -5 10 -5 10 -5 10 -5 10 -4 10 -5 10 -4 10 -5 10 -4 10 -4 10 -4 0 0 10 -4 10 -4 10 -4 10 -5 10 -5 10 -5 10 -5 10 -6 10 -5 9 -6 9 -7 9 -7 9 -7 10 -8 10 -7 10 -8 9 -7 10 -8 10 -8 10 -9 10 -9 10 -9 10 -9 10 -9 10 -10 11 -10 0 0 0 0 0 0 0 0 0 0
1784740939.937402,56695,-43,11,1,6,1,-95,1,661440453,128,0 0 0 0 0 0 0 0 0 0 0 0 7 -5 7 -4 8 -4 8 -3 9 -3 9 -3 9 -3 10 -3 10 -3 10 -2 11 -1 11 -1 11 0 11 -1 11 -1 11 -1 11 -1 12 -1 11 0 11 0 11 0 11 0 11 0 11 1 11 0 11 0 0 0 11 -1 11 -1 10 -1 11 -2 11 -2 11 -2 11 -2 11 -2 11 -3 12 -3 11 -3 11 -3 11 -3 11 -3 12 -5 11 -5 12 -5 12 -5 12 -6 12 -6 12 -6 12 -7 13 -6 13 -6 12 -6 12 -6 0 0 0 0 0 0 0 0 0 0
1784740939.937402,56696,-43,11,1,6,1,-95,1,661450442,128,0 0 0 0 0 0 0 0 0 0 0 0 -7 4 -7 4 -8 4 -9 3 -9 3 -9 3 -9 3 -10 3 -10 2 -10 2 -10 2 -11 2 -11 1 -12 1 -12 1 -12 0 -12 0 -12 0 -12 0 -12 0 -12 0 -12 0 -12 0 -12 0 -12 0 -12 0 0 0 -12 0 -12 0 -12 0 -12 1 -12 1 -12 1 -12 2 -12 2 -12 2 -12 3 -12 2 -13 3 -12 3 -13 3 -13 3 -13 3 -13 4 -13 4 -13 4 -13 4 -13 5 -14 5 -14 5 -14 4 -14 5 -14 5 0 0 0 0 0 0 0 0 0 0
1784740939.953440,56697,-45,11,1,6,1,-95,1,661460506,128,0 0 0 0 0 0 0 0 0 0 0 0 -3 -7 -3 -7 -2 -8 -2 -8 -1 -8 -1 -8 -1 -9 -1 -9 -1 -9 -1 -10 0 -10 0 -10 1 -10 1 -10 1 -11 1 -10 2 -11 2 -11 2 -11 2 -11 1 -11 2 -11 2 -11 2 -10 2 -11 2 -11 0 0 2 -11 1 -11 2 -11 1 -11 1 -11 1 -12 0 -12 0 -12 0 -12 0 -13 0 -12 -1 -12 0 -13 -1 -13 -1 -13 -1 -14 -1 -14 -1 -14 -1 -14 -2 -15 -2 -14 -2 -15 -1 -15 -1 -15 -1 -15 -1 -15 0 0 0 0 0 0 0 0 0 0
1784740939.953440,56698,-46,11,1,6,1,-95,1,661470419,128,0 0 0 0 0 0 0 0 0 0 0 0 -7 3 -7 2 -7 2 -8 2 -8 1 -8 1 -8 1 -9 1 -9 1 -9 0 -9 0 -9 0 -10 0 -10 -1 -10 -1 -10 -1 -10 -1 -10 -1 -10 -1 -10 -1 -10 -1 -10 -2 -10 -2 -10 -2 -10 -2 -10 -2 0 0 -10 -1 -10 -1 -10 -1 -11 -1 -11 -1 -11 -1 -11 0 -11 0 -11 0 -12 0 -12 0 -12 0 -12 1 -12 1 -13 1 -13 1 -13 1 -13 1 -13 1 -13 2 -13 2 -14 2 -14 1 -14 1 -14 1 -14 1 0 0 0 0 0 0 0 0 0 0
1784740939.969318,56699,-44,11,1,6,1,-95,1,661480750,128,0 0 0 0 0 0 0 0 0 0 0 0 6 3 6 4 5 4 5 5 5 5 5 5 5 6 5 6 5 6 5 7 5 7 5 7 5 7 5 8 5 8 5 8 5 9 4 9 4 9 4 9 4 9 4 9 4 9 4 8 4 9 4 9 0 0 4 9 4 9 4 9 5 9 5 8 5 9 5 9 5 9 5 9 6 9 6 8 7 8 7 9 7 9 7 9 7 9 7 9 8 9 8 9 8 10 8 9 8 10 8 9 8 9 9 9 9 10 0 0 0 0 0 0 0 0 0 0
1784740939.985509,56700,-44,11,1,6,1,-95,1,661490432,128,0 0 0 0 0 0 0 0 0 0 0 0 -6 -5 -6 -5 -6 -6 -5 -6 -5 -7 -5 -7 -6 -7 -6 -8 -6 -8 -5 -8 -5 -9 -5 -9 -5 -9 -4 -9 -5 -9 -4 -10 -4 -10 -4 -11 -4 -10 -4 -10 -4 -10 -4 -10 -4 -10 -4 -10 -4 -10 -4 -10 0 0 -5 -10 -5 -10 -4 -10 -5 -10 -5 -10 -5 -10 -6 -10 -6 -10 -6 -10 -7 -11 -7 -10 -7 -10 -7 -11 -7 -10 -8 -11 -8 -11 -8 -11 -8 -11 -9 -11 -9 -11 -9 -11 -9 -11 -9 -12 -9 -12 -9 -12 -9 -12 0 0 0 0 0 0 0 0 0 0
1784740939.987515,56701,-45,11,1,6,1,-95,1,661500609,128,0 0 0 0 0 0 0 0 0 0 0 0 1 -7 2 -7 2 -7 3 -7 3 -7 3 -8 3 -8 4 -8 4 -8 4 -8 5 -8 5 -8 5 -8 6 -8 6 -8 6 -8 6 -8 6 -8 6 -8 6 -8 7 -8 6 -8 7 -8 7 -8 7 -8 7 -8 0 0 6 -9 6 -9 6 -9 6 -9 6 -10 6 -10 5 -10 5 -10 5 -10 5 -11 5 -11 5 -11 5 -11 5 -11 4 -12 5 -13 5 -13 5 -13 5 -13 5 -14 5 -14 5 -14 5 -14 6 -14 6 -14 6 -14 0 0 0 0 0 0 0 0 0 0
1784740940.001218,56702,-45,11,1,6,1,-95,1,661510477,128,0 0 0 0 0 0 0 0 0 0 0 0 5 3 5 4 5 4 5 5 4 5 5 5 5 6 5 6 4 6 5 6 5 6 4 7 4 7 4 7 4 7 4 8 4 8 4 8 4 8 4 8 4 8 4 8 4 8 4 8 4 8 4 8 0 0 4 8 4 8 4 9 5 8 5 8 5 9 5 9 6 9 6 9 6 9 6 9 7 9 7 9 7 9 7 9 7 10 7 9 8 10 8 10 8 10 9 10 8 11 8 10 8 11 8 11 9 11 0 0 0 0 0 0 0 0 0 0
1784740940.017365,56703,-45,11,1,6,1,-95,1,661520535,128,0 0 0 0 0 0 0 0 0 0 0 0 6 -4 6 -4 7 -4 7 -3 8 -3 7 -3 8 -3 7 -3 8 -3 8 -2 8 -2 9 -1 9 -1 9 -1 9 -1 9 -1 9 -1 9 -1 9 -1 9 -1 9 -1 9 -2 9 -1 9 -1 9 -1 9 -1 0 0 9 -1 10 -2 9 -2 11 -2 10 -2 10 -2 10 -3 11 -3 11 -3 12 -3 12 -3 11 -3 12 -3 11 -3 12 -4 12 -4 13 -4 12 -4 13 -4 13 -5 13 -5 13 -5 14 -4 14 -4 14 -4 14 -4 0 0 0 0 0 0 0 0 0 0
1784740940.019371,56704,-45,11,1,6,1,-95,1,661530539,128,0 0 0 0 0 0 0 0 0 0 0 0 0 7 0 7 -1 7 -1 7 -2 7 -2 7 -2 7 -2 8 -2 8 -3 8 -3 8 -3 8 -3 8 -3 8 -3 8 -4 8 -4 8 -4 8 -4 8 -4 8 -4 9 -4 8 -4 9 -4 8 -4 9 -4 9 0 0 -4 9 -3 9 -4 9 -3 9 -3 10 -3 10 -3 10 -3 10 -3 10 -2 11 -3 11 -2 11 -3 11 -3 12 -2 12 -2 12 -3 12 -2 13 -2 13 -2 13 -2 13 -2 14 -2 13 -3 13 -3 14 -3 14 0 0 0 0 0 0 0 0 0 0
1784740940.033477,56705,-45,11,1,6,1,-95,1,661540550,128,0 0 0 0 0 0 0 0 0 0 0 0 6 0 7 1 7 2 7 2 7 2 7 2 7 3 7 3 7 3 7 3 7 3 7 3 7 4 7 4 7 4 7 4 7 5 7 4 7 5 7 4 8 4 7 5 8 4 7 4 8 4 8 4 0 0 8 4 8 4 9 4 9 4 9 4 9 4 9 4 10 3 10 4 10 3 10 3 11 3 11 3 12 3 11 3 12 3 12 3 12 3 13 3 13 3 13 3 13 3 13 3 13 3 14 3 14 3 0 0 0 0 0 0 0 0 0 0
1784740940.049261,56706,-46,11,1,6,1,-95,1,661550534,128,0 0 0 0 0 0 0 0 0 0 0 0 6 -3 6 -2 7 -2 7 -1 7 -1 7 -1 8 -1 7 -1 8 -1 8 0 8 0 8 1 8 1 9 1 8 1 9 1 8 0 9 1 8 1 9 1 8 1 8 1 9 1 8 1 8 1 8 1 0 0 9 0 9 0 8 -1 9 -1 9 -1 9 -1 9 -2 10 -2 10 -2 11 -2 10 -2 11 -2 11 -2 10 -3 11 -3 11 -4 12 -3 12 -4 12 -4 12 -4 13 -4 13 -5 13 -4 13 -3 13 -3 13 -4 0 0 0 0 0 0 0 0 0 0
1784740940.049261,56707,-46,11,1,6,1,-95,1,661560474,128,0 0 0 0 0 0 0 0 0 0 0 0 -8 2 -8 1 -8 0 -8 0 -8 0 -9 0 -9 0 -9 -1 -9 -1 -9 -1 -9 -2 -10 -2 -9 -2 -10 -2 -10 -2 -10 -3 -10 -3 -10 -3 -10 -3 -10 -3 -10 -3 -10 -3 -10 -3 -10 -3 -10 -3 -10 -3 0 0 -10 -3 -10 -3 -10 -3 -10 -3 -10 -2 -10 -2 -10 -2 -11 -2 -11 -2 -11 -1 -11 -1 -11 -1 -11 -1 -12 -1 -11 -1 -12 -1 -12 -1 -12 0 -12 0 -13 0 -12 0 -13 0 -13 0 -13 0 -13 0 -14 0 0 0 0 0 0 0 0 0 0 0
1784740940.065037,56708,-45,11,1,6,1,-95,1,661570446,128,0 0 0 0 0 0 0 0 0 0 0 0 -8 2 -8 2 -9 1 -9 1 -9 0 -9 0 -9 0 -10 0 -10 0 -10 0 -10 -1 -10 -1 -10 -1 -10 -1 -10 -1 -10 -2 -11 -2 -10 -2 -10 -2 -10 -2 -11 -2 -11 -2 -11 -1 -10 -2 -10 -1 -11 -1 0 0 -11 -1 -11 -1 -11 -1 -11 -1 -11 0 -11 0 -11 0 -12 0 -12 0 -12 1 -12 0 -12 1 -12 1 -13 1 -13 1 -13 1 -13 1 -13 1 -13 2 -13 2 -13 2 -14 2 -14 2 -13 2 -14 2 -14 2 0 0 0 0 0 0 0 0 0 0
1784740940.065037,56709,-46,11,1,6,1,-95,1,661581339,128,0 0 0 0 0 0 0 0 0 0 0 0 1 7 1 7 0 7 0 7 0 7 -1 7 -1 7 -1 8 -1 8 -1 8 -1 8 -1 8 -2 8 -2 8 -2 8 -2 8 -2 8 -2 8 -2 9 -2 8 -2 9 -2 8 -1 9 -2 8 -2 8 -1 9 0 0 -1 9 -1 9 -1 9 -1 10 -1 10 0 10 0 10 0 10 0 11 0 11 0 11 1 11 1 11 1 12 1 12 1 13 1 12 1 12 1 13 1 13 1 13 2 14 1 13 1 14 1 14 1 14 0 0 0 0 0 0 0 0 0 0
1784740940.085505,56710,-45,11,1,6,1,-95,1,661590500,128,0 0 0 0 0 0 0 0 0 0 0 0 -2 7 -2 8 -3 7 -3 7 -3 7 -3 8 -4 7 -3 7 -4 7 -4 7 -4 7 -4 7 -5 7 -5 8 -5 8 -5 7 -5 8 -5 8 -5 8 -5 8 -5 8 -5 8 -5 8 -5 8 -5 8 -5 8 0 0 -4 9 -5 9 -5 9 -4 9 -4 9 -4 10 -4 10 -4 10 -4 10 -4 11 -4 11 -4 11 -4 11 -4 12 -4 12 -5 13 -4 12 -4 13 -4 13 -4 13 -4 13 -4 13 -5 13 -5 13 -5 13 -5 14 0 0 0 0 0 0 0 0 0 0
1784740940.097816,56711,-45,11,1,6,1,-95,1,661600602,128,0 0 0 0 0 0 0 0 0 0 0 0 -4 -7 -3 -8 -3 -8 -2 -8 -2 -8 -2 -8 -2 -8 -2 -9 -2 -9 -1 -9 -1 -9 -1 -9 -1 -9 -1 -9 -1 -9 -1 -9 -1 -10 -1 -10 -1 -10 -1 -10 -1 -10 -1 -10 -1 -10 -1 -10 -1 -10 -1 -10 0 0 -1 -10 -1 -10 -1 -10 -2 -11 -2 -11 -2 -11 -2 -11 -3 -11 -2 -11 -3 -12 -3 -12 -3 -12 -3 -12 -3 -13 -3 -13 -4 -13 -3 -13 -3 -13 -4 -13 -4 -14 -4 -14 -4 -14 -3 -14 -3 -14 -3 -14 -3 -15 0 0 0 0 0 0 0 0 0 0
1784740940.097816,56712,-45,11,1,6,1,-95,1,661610450,128,0 0 0 0 0 0 0 0 0 0 0 0 -6 -5 -6 -5 -6 -6 -6 -6 -5 -6 -6 -6 -5 -6 -5 -7 -5 -7 -5 -7 -5 -8 -5 -8 -5 -8 -5 -8 -5 -8 -5 -8 -5 -8 -5 -9 -5 -8 -5 -8 -5 -9 -5 -8 -5 -9 -5 -9 -5 -9 -5 -9 0 0 -5 -9 -6 -9 -6 -9 -7 -9 -7 -9 -7 -9 -7 -8 -8 -9 -8 -8 -8 -9 -8 -10 -8 -9 -8 -9 -8 -9 -9 -9 -10 -9 -10 -10 -10 -10 -10 -10 -11 -10 -10 -10 -11 -10 -10 -11 -10 -11 -10 -11 -10 -11 0 0 0 0 0 0 0 0 0 0
1784740940.113517,56713,-47,11,1,6,1,-95,1,661627060,128,0 0 0 0 0 0 0 0 0 0 0 0 -4 5 -4 5 -5 5 -5 5 -5 4 -5 5 -5 4 -6 4 -6 4 -6 4 -6 4 -6 4 -6 4 -6 4 -6 4 -7 4 -7 4 -7 4 -6 4 -6 4 -6 4 -7 4 -6 5 -6 5 -6 5 -6 5 0 0 -6 5 -6 5 -6 6 -6 6 -6 6 -6 7 -6 7 -6 7 -7 7 -6 8 -6 8 -6 8 -7 9 -7 9 -7 9 -7 9 -7 9 -7 9 -7 10 -7 10 -8 11 -8 10 -7 11 -8 11 -8 11 -9 11 0 0 0 0 0 0 0 0 0 0
1784740940.113517,56714,-47,11,1,6,1,-95,1,661632055,128,0 0 0 0 0 0 0 0 0 0 0 0 5 3 6 3 5 4 5 4 5 4 5 4 5 5 5 5 5 5 4 5 4 5 4 6 4 5 5 6 4 6 4 6 4 6 4 6 4 6 4 6 4 6 4 6 4 5 4 5 5 5 5 5 0 0 5 5 5 5 6 5 6 5 7 5 7 5 7 5 7 5 7 5 8 5 8 5 9 5 9 5 9 5 10 5 10 5 10 5 11 5 11 6 11 6 11 6 11 6 11 6 11 6 12 6 12 6 0 0 0 0 0 0 0 0 0 0
1784740940.129238,56715,-47,11,1,7,1,-95,1,661640574,128,0 0 0 0 0 0 0 0 0 0 0 0 -7 1 -7 1 -7 1 -7 0 -7 0 -8 -1 -8 -1 -8 -1 -8 -1 -8 -1 -8 -1 -8 -1 -8 -2 -8 -2 -8 -2 -8 -2 -8 -2 -8 -2 -8 -2 -8 -2 -8 -2 -8 -2 -8 -2 -8 -2 -8 -1 -8 -1 0 0 -8 -1 -8 0 -9 0 -9 0 -9 0 -9 0 -9 1 -10 1 -10 1 -10 2 -10 2 -11 2 -11 2 -11 2 -12 2 -12 3 -12 2 -12 3 -13 3 -13 3 -13 3 -13 3 -14 3 -14 2 -14 3 -14 3 0 0 0 0 0 0 0 0 0 0
1784740940.145027,56716,-47,11,1,6,1,-95,1,661651730,128,0 0 0 0 0 0 0 0 0 0 0 0 7 -2 7 -2 8 -1 7 -1 8 -1 7 0 8 0 8 0 8 0 8 1 8 1 8 1 8 2 8 2 7 1 8 2 8 1 8 1 7 2 8 1 8 1 7 1 8 1 7 1 7 1 7 1 0 0 8 0 8 0 8 -1 9 -1 8 -1 9 -1 8 -2 9 -2 9 -2 10 -3 10 -2 10 -2 10 -2 10 -3 11 -3 11 -3 12 -3 12 -3 12 -4 12 -4 12 -3 12 -4 13 -3 13 -3 13 -3 13 -3 0 0 0 0 0 0 0 0 0 0
1784740940.160994,56717,-46,11,1,7,1,-95,1,661660524,128,0 0 0 0 0 0 0 0 0 0 0 0 8 -1 8 0 8 0 8 1 8 1 8 1 8 2 8 2 8 2 8 3 8 3 8 4 8 4 8 4 8 3 8 4 8 4 8 4 7 4 8 4 8 3 8 3 8 4 7 4 8 4 8 3 0 0 8 3 9 3 8 2 9 2 8 2 9 2 9 1 10 1 10 1 11 1 10 1 10 1 10 1 10 1 12 0 11 0 12 1 12 0 12 0 13 0 13 0 13 0 13 0 13 1 13 1 13 1 0 0 0 0 0 0 0 0 0 0
1784740940.160994,56718,-46,11,1,7,1,-95,1,661670518,128,0 0 0 0 0 0 0 0 0 0 0 0 6 3 7 4 6 4 6 5 6 5 6 5 6 5 6 6 6 6 5 6 5 7 5 7 5 8 5 8 6 8 5 8 5 8 5 8 5 9 5 8 5 8 5 8 5 8 4 8 4 8 5 8 0 0 5 8 5 8 5 8 5 8 5 7 5 8 6 7 6 7 6 8 7 7 7 7 7 7 7 7 8 7 7 7 8 8 8 7 8 7 9 7 9 7 9 7 9 7 9 6 9 7 10 7 10 7 0 0 0 0 0 0 0 0 0 0
1784740940.176721,56719,-46,11,1,6,1,-95,1,661683871,128,0 0 0 0 0 0 0 0 0 0 0 0 -8 1 -8 0 -8 0 -8 -1 -8 -1 -9 -1 -8 -1 -9 -2 -9 -2 -9 -2 -9 -2 -9 -2 -9 -3 -9 -3 -10 -3 -10 -3 -10 -3 -10 -3 -10 -3 -10 -3 -10 -3 -10 -4 -10 -3 -10 -3 -10 -3 -10 -3 0 0 -10 -3 -10 -3 -10 -3 -10 -3 -10 -2 -11 -2 -11 -2 -11 -2 -11 -2 -12 -2 -12 -1 -12 -1 -12 -1 -12 -1 -12 -1 -13 -1 -12 -1 -13 -1 -13 0 -13 0 -14 0 -13 0 -13 0 -14 -1 -14 0 -14 0 0 0 0 0 0 0 0 0 0 0
1784740940.192444,56720,-46,11,1,6,1,-95,1,661691780,128,0 0 0 0 0 0 0 0 0 0 0 0 -6 -4 -7 -5 -6 -5 -6 -6 -6 -6 -6 -6 -6 -6 -6 -6 -6 -7 -6 -7 -6 -7 -5 -7 -5 -8 -5 -8 -6 -8 -5 -8 -5 -8 -5 -8 -6 -9 -5 -8 -6 -8 -5 -8 -5 -8 -5 -8 -5 -8 -6 -9 0 0 -6 -9 -6 -9 -6 -9 -6 -8 -6 -9 -7 -9 -7 -9 -7 -9 -7 -9 -8 -9 -8 -9 -8 -9 -8 -9 -9 -10 -8 -9 -9 -10 -9 -9 -10 -10 -10 -9 -10 -10 -10 -10 -10 -10 -10 -10 -9 -10 -10 -11 -11 -11 0 0 0 0 0 0 0 0 0 0
1784740940.192444,56721,-45,11,1,6,1,-95,1,661701651,128,0 0 0 0 0 0 0 0 0 0 0 0 1 -8 1 -8 2 -8 2 -8 3 -8 3 -8 3 -8 3 -8 4 -8 4 -8 4 -8 4 -8 5 -8 5 -8 5 -8 6 -8 6 -8 5 -8 6 -8 6 -8 6 -8 6 -8 6 -8 6 -7 6 -8 6 -8 0 0 6 -8 6 -8 6 -8 6 -8 5 -8 5 -9 5 -9 5 -9 5 -9 5 -10 5 -10 5 -10 5 -10 5 -11 5 -10 6 -11 5 -11 5 -11 5 -12 5 -12 5 -12 6 -12 5 -12 5 -12 6 -12 6 -13 0 0 0 0 0 0 0 0 0 0
1784740940.208303,56722,-45,11,1,6,1,-95,1,661711676,128,0 0 0 0 0 0 0 0 0 0 0 0 -8 2 -8 2 -8 2 -8 1 -9 1 -9 1 -9 1 -9 1 -9 1 -10 0 -10 0 -10 0 -10 -1 -10 -1 -10 0 -11 -1 -10 -1 -11 -1 -11 -1 -11 -1 -11 -1 -11 -1 -11 -1 -11 -1 -10 -1 -11 -1 0 0 -10 0 -11 0 -11 0 -11 0 -11 0 -11 1 -11 1 -11 1 -11 2 -12 2 -12 2 -12 2 -12 2 -12 2 -12 3 -12 3 -13 3 -13 3 -13 4 -13 4 -13 4 -13 4 -14 4 -13 3 -13 4 -14 4 0 0 0 0 0 0 0 0 0 0
1784740940.208303,56723,-44,11,1,6,1,-95,1,661722063,128,0 0 0 0 0 0 0 0 0 0 0 0 -8 -2 -8 -3 -8 -4 -8 -4 -8 -4 -8 -5 -8 -5 -8 -5 -8 -6 -8 -6 -9 -6 -9 -6 -9 -6 -9 -6 -9 -7 -8 -7 -8 -7 -8 -8 -8 -8 -8 -8 -8 -8 -8 -8 -8 -8 -8 -8 -8 -8 -8 -8 0 0 -8 -7 -8 -8 -9 -8 -9 -7 -9 -7 -9 -7 -9 -7 -10 -7 -9 -7 -10 -6 -10 -6 -11 -6 -11 -6 -11 -6 -11 -6 -12 -6 -11 -6 -12 -6 -12 -6 -12 -6 -12 -6 -13 -6 -13 -6 -13 -6 -13 -5 -13 -6 0 0 0 0 0 0 0 0 0 0
1784740940.224396,56724,-44,11,1,6,1,-95,1,661732056,128,0 0 0 0 0 0 0 0 0 0 0 0 1 -7 2 -8 3 -8 3 -8 3 -8 3 -8 4 -8 4 -8 4 -8 5 -8 5 -8 5 -8 5 -8 6 -8 5 -8 6 -8 6 -8 6 -9 6 -8 6 -8 6 -8 6 -8 7 -8 7 -8 7 -8 7 -8 0 0 6 -8 6 -8 6 -8 6 -9 6 -8 6 -9 5 -9 5 -9 5 -9 5 -10 5 -10 5 -10 5 -10 5 -10 4 -11 4 -11 5 -11 4 -11 4 -11 4 -12 4 -11 4 -12 4 -12 4 -12 5 -12 4 -12 0 0 0 0 0 0 0 0 0 0
1784740940.224396,56725,-45,11,1,6,1,-95,1,661741743,128,0 0 0 0 0 0 0 0 0 0 0 0 7 -1 7 0 8 1 8 1 8 1 8 2 8 2 8 2 8 2 8 3 8 3 8 4 9 4 8 4 8 4 8 4 9 4 9 4 9 5 9 5 9 5 9 5 8 5 8 5 8 5 8 5 0 0 8 5 8 5 9 5 9 4 9 4 9 4 9 4 9 4 9 4 9 4 10 4 10 3 9 3 10 3 10 3 10 3 10 3 11 3 10 2 11 2 11 2 11 2 11 2 11 2 11 2 11 2 0 0 0 0 0 0 0 0 0 0
1784740940.240521,56726,-45,11,1,6,1,-95,1,661754169,128,0 0 0 0 0 0 0 0 0 0 0 0 7 -3 7 -3 7 -2 8 -2 8 -2 8 -2 9 -1 9 -1 9 -1 9 -1 9 -1 9 -1 9 0 10 0 10 1 10 1 10 1 10 1 10 1 10 1 10 1 10 2 10 1 10 1 10 1 10 1 0 0 10 1 10 2 10 2 10 1 10 1 10 1 10 1 10 0 10 1 10 0 11 0 11 -1 11 0 11 0 11 -1 12 0 11 -1 12 -1 12 -1 12 -1 12 -1 12 -1 11 -2 12 -2 12 -2 12 -2 0 0 0 0 0 0 0 0 0 0
1784740940.256318,56727,-45,11,1,6,1,-95,1,661761959,128,0 0 0 0 0 0 0 0 0 0 0 0 0 -7 0 -8 1 -8 1 -8 1 -8 1 -8 2 -8 2 -9 2 -9 2 -9 3 -8 3 -9 4 -9 4 -9 4 -9 4 -9 4 -9 4 -10 5 -9 5 -10 5 -9 5 -10 5 -10 5 -9 5 -9 5 -9 0 0 5 -9 4 -10 4 -9 4 -10 4 -10 4 -10 4 -10 4 -11 3 -11 3 -11 3 -11 3 -11 3 -11 3 -11 3 -12 3 -12 3 -12 3 -12 2 -12 2 -13 3 -13 2 -13 3 -13 3 -13 3 -13 3 -13 0 0 0 0 0 0 0 0 0 0
1784740940.259850,56728,-46,11,1,7,1,-95,1,661770514,128,0 0 0 0 0 0 0 0 0 0 0 0 -2 5 -2 5 -3 5 -3 5 -3 5 -3 5 -4 5 -4 6 -4 5 -4 6 -5 6 -5 6 -5 6 -5 6 -5 6 -6 6 -6 6 -6 7 -6 6 -6 7 -6 7 -6 7 -6 7 -7 6 -7 7 -7 7 0 0 -7 7 -7 8 -6 7 -7 8 -6 8 -7 8 -6 8 -6 8 -6 8 -7 9 -7 9 -7 9 -6 9 -7 9 -7 10 -6 10 -7 10 -7 10 -6 10 -7 10 -6 10 -6 10 -7 10 -7 10 -7 10 -7 11 0 0 0 0 0 0 0 0 0 0
1784740940.272456,56729,-47,11,1,6,1,-95,1,661781879,128,0 0 0 0 0 0 0 0 0 0 0 0 -1 -6 -1 -7 0 -7 0 -7 0 -7 0 -7 0 -7 0 -7 1 -7 0 -7 1 -7 0 -8 1 -8 1 -8 1 -8 1 -8 1 -8 1 -8 1 -8 1 -8 1 -9 1 -9 1 -9 1 -9 1 -9 1 -10 0 0 1 -10 1 -10 1 -10 1 -10 1 -10 1 -11 1 -11 1 -11 1 -12 0 -12 0 -12 0 -12 0 -12 0 -13 1 -12 1 -13 1 -13 0 -13 0 -13 1 -13 0 -13 1 -14 0 -13 0 -14 0 -14 0 -14 0 0 0 0 0 0 0 0 0 0
1784740940.288209,56730,-47,11,1,6,1,-95,1,661791776,128,0 0 0 0 0 0 0 0 0 0 0 0 2 -7 2 -7 2 -6 3 -6 3 -6 3 -6 3 -6 3 -6 4 -7 4 -6 4 -6 5 -6 4 -6 5 -6 4 -6 5 -6 4 -6 5 -6 4 -6 5 -7 4 -6 4 -7 5 -7 5 -7 5 -7 5 -7 0 0 5 -7 4 -8 4 -7 4 -8 4 -8 4 -9 4 -9 4 -9 4 -9 5 -10 5 -9 5 -10 5 -10 5 -10 5 -11 5 -11 5 -11 5 -11 5 -11 5 -11 5 -11 5 -12 6 -12 6 -11 6 -11 6 -12 0 0 0 0 0 0 0 0 0 0
1784740940.288209,56731,-48,11,1,6,1,-95,1,661802107,128,0 0 0 0 0 0 0 0 0 0 0 0 -6 -3 -6 -3 -6 -3 -6 -4 -6 -4 -6 -4 -6 -4 -6 -4 -6 -5 -6 -4 -6 -5 -5 -5 -6 -5 -6 -5 -6 -5 -5 -5 -6 -6 -5 -5 -5 -6 -5 -5 -6 -5 -6 -5 -6 -5 -5 -5 -6 -5 -6 -5 0 0 -7 -5 -6 -5 -7 -5 -7 -5 -7 -4 -7 -5 -8 -4 -8 -4 -8 -4 -9 -4 -8 -4 -9 -4 -9 -4 -10 -4 -9 -5 -10 -4 -10 -5 -10 -4 -10 -5 -11 -5 -11 -5 -11 -5 -11 -5 -11 -5 -12 -5 -12 -5 0 0 0 0 0 0 0 0 0 0
1784740940.303993,56732,-44,11,1,7,0,-95,1,661811237,128,0 0 0 0 0 0 0 0 0 0 0 0 3 8 3 8 3 9 2 9 2 9 2 9 1 9 1 9 1 9 1 9 0 10 0 10 0 10 0 10 0 10 0 10 0 10 0 10 0 10 -1 10 -1 10 0 10 0 10 0 10 0 10 0 10 0 0 0 11 1 11 1 11 1 11 2 11 1 11 2 12 2 12 2 12 2 12 2 13 3 12 3 13 3 13 3 13 3 14 3 14 3 14 3 14 3 14 4 14 4 15 3 15 3 15 3 15 3 16 0 0 0 0 0 0 0 0 0 0
1784740940.316690,56733,-47,11,1,6,1,-95,1,661821790,128,0 0 0 0 0 0 0 0 0 0 0 0 1 -9 1 -8 2 -9 2 -8 3 -9 3 -8 3 -8 3 -8 3 -8 4 -8 4 -8 4 -8 5 -8 5 -8 4 -8 5 -8 4 -8 5 -8 5 -8 5 -8 5 -8 4 -8 4 -8 4 -8 4 -8 4 -8 0 0 4 -8 4 -9 3 -8 3 -9 3 -9 3 -9 3 -9 3 -10 3 -10 3 -11 3 -11 3 -11 3 -10 3 -10 3 -11 2 -12 3 -12 3 -12 2 -12 2 -12 2 -12 2 -12 3 -13 3 -13 3 -13 3 -13 0 0 0 0 0 0 0 0 0 0
1784740940.319780,56734,-45,11,1,6,1,-95,1,661833256,128,0 0 0 0 0 0 0 0 0 0 0 0 8 -2 8 -1 9 0 8 0 9 0 9 1 9 1 9 1 9 1 9 2 9 2 9 3 9 3 9 3 9 3 9 3 8 3 9 3 8 4 8 3 8 3 8 3 8 4 8 3 8 3 8 3 0 0 8 3 9 3 8 2 9 2 9 2 9 1 9 1 9 1 10 1 10 1 10 1 10 1 10 1 10 1 11 0 11 0 11 0 11 0 11 0 12 -1 12 0 12 -1 13 0 12 0 12 0 13 0 0 0 0 0 0 0 0 0 0 0
1784740940.335717,56735,-44,11,1,6,1,-95,1,661841971,128,0 0 0 0 0 0 0 0 0 0 0 0 -8 -1 -8 -1 -8 -1 -9 -2 -8 -2 -9 -2 -9 -2 -9 -2 -9 -2 -9 -3 -9 -4 -9 -4 -9 -4 -9 -4 -9 -4 -10 -5 -9 -5 -10 -5 -9 -5 -10 -5 -9 -5 -9 -5 -9 -5 -9 -6 -9 -6 -9 -5 0 0 -9 -5 -10 -5 -9 -5 -10 -5 -10 -4 -10 -4 -10 -4 -10 -4 -10 -4 -11 -4 -11 -4 -11 -4 -11 -4 -11 -4 -11 -3 -12 -3 -12 -3 -12 -3 -12 -3 -12 -3 -12 -3 -13 -2 -12 -3 -12 -3 -13 -3 -13 -3 0 0 0 0 0 0 0 0 0 0
1784740940.335717,56736,-45,11,1,6,1,-95,1,661851835,128,0 0 0 0 0 0 0 0 0 0 0 0 1 6 1 6 0 6 0 6 0 7 0 7 0 7 0 7 0 7 -1 7 -1 8 -2 8 -1 8 -2 8 -1 9 -2 9 -2 9 -2 9 -2 9 -2 9 -2 9 -2 9 -3 10 -3 9 -3 9 -3 9 0 0 -3 10 -3 10 -2 10 -3 10 -2 10 -2 10 -2 10 -2 11 -2 10 -2 11 -2 11 -2 11 -2 11 -2 10 -1 11 -1 11 -1 11 -1 11 -1 11 -1 12 -1 12 0 11 -1 12 -1 12 -1 12 -1 12 0 0 0 0 0 0 0 0 0 0
1784740940.351523,56737,-47,11,1,6,1,-95,1,661861907,128,0 0 0 0 0 0 0 0 0 0 0 0 4 3 5 3 4 3 4 4 4 4 5 4 4 4 5 4 5 5 5 4 5 5 5 5 5 5 5 6 6 6 5 6 5 6 5 6 5 7 5 7 6 7 5 7 6 7 6 7 6 7 6 7 0 0 6 7 6 8 6 8 6 7 6 7 7 7 6 8 7 8 7 8 7 7 7 7 8 7 8 8 8 8 8 8 8 8 8 8 8 8 8 8 9 8 9 8 9 9 8 8 9 8 9 8 9 8 0 0 0 0 0 0 0 0 0 0
1784740940.367546,56738,-47,11,1,6,1,-95,1,661871822,128,0 0 0 0 0 0 0 0 0 0 0 0 1 -6 2 -6 2 -6 2 -6 2 -6 2 -6 2 -6 2 -7 2 -7 3 -7 3 -7 3 -7 3 -7 3 -7 3 -7 4 -7 4 -8 3 -8 4 -8 4 -8 4 -8 4 -8 4 -9 4 -8 4 -8 5 -8 0 0 4 -9 4 -9 4 -9 4 -9 4 -9 4 -10 4 -10 4 -10 4 -10 5 -11 5 -11 4 -10 5 -11 5 -11 5 -12 5 -12 5 -12 5 -12 5 -12 5 -13 5 -12 5 -13 6 -13 6 -12 6 -13 6 -13 0 0 0 0 0 0 0 0 0 0
1784740940.367546,56739,-46,11,1,7,1,-95,1,661880590,128,0 0 0 0 0 0 0 0 0 0 0 0 5 -4 5 -4 5 -3 5 -3 5 -3 5 -3 5 -3 5 -3 6 -3 6 -3 6 -3 6 -3 6 -3 6 -3 6 -3 7 -3 7 -3 7 -3 7 -3 8 -3 7 -4 8 -3 8 -4 8 -3 8 -3 8 -4 0 0 9 -4 9 -4 9 -4 9 -4 8 -4 9 -4 9 -4 9 -4 9 -5 10 -5 9 -5 10 -5 10 -5 10 -5 10 -5 10 -5 11 -5 10 -6 11 -5 11 -6 11 -6 11 -6 11 -6 11 -6 12 -6 12 -6 0 0 0 0 0 0 0 0 0 0
1784740940.389001,56740,-45,11,1,6,1,-95,1,661891957,128,0 0 0 0 0 0 0 0 0 0 0 0 1 6 1 6 0 6 0 6 0 6 0 6 0 6 0 7 0 7 0 7 -1 7 -1 7 -1 8 -1 8 0 8 -1 8 -1 8 -1 8 -2 8 -2 8 -2 9 -2 9 -1 9 -2 9 -2 9 -2 9 0 0 -2 10 -2 10 -2 10 -1 10 -1 10 -1 10 -1 10 -1 11 -1 11 -1 11 -1 11 -1 11 -1 11 -1 12 -1 12 -1 12 -1 12 0 12 0 12 -1 12 0 12 0 13 0 12 0 13 0 13 0 13 0 0 0 0 0 0 0 0 0 0
1784740940.389001,56741,-46,11,1,6,1,-95,1,661901761,128,0 0 0 0 0 0 0 0 0 0 0 0 4 -3 5 -3 5 -2 5 -2 5 -2 5 -2 5 -2 5 -2 6 -3 6 -2 6 -2 6 -2 7 -2 7 -2 7 -2 7 -2 8 -2 8 -2 8 -2 8 -2 8 -2 8 -2 9 -2 9 -1 9 -1 9 -2 0 0 10 -2 9 -2 10 -2 10 -2 10 -2 10 -2 10 -3 10 -3 11 -2 11 -3 11 -2 11 -2 11 -2 11 -3 12 -3 12 -3 12 -3 12 -3 12 -3 12 -4 12 -4 12 -4 12 -3 12 -3 12 -3 12 -4 0 0 0 0 0 0 0 0 0 0
1784740940.399317,56742,-46,11,1,7,1,-95,1,661910519,128,0 0 0 0 0 0 0 0 0 0 0 0 2 -5 2 -5 2 -5 2 -5 3 -5 2 -5 3 -5 3 -5 3 -5 3 -5 3 -5 3 -5 3 -6 3 -6 3 -6 4 -6 4 -6 4 -7 4 -6 4 -7 4 -7 4 -7 4 -8 5 -7 5 -7 5 -8 0 0 6 -8 6 -8 5 -8 6 -9 6 -9 6 -9 6 -9 6 -9 6 -9 7 -10 6 -9 6 -9 7 -9 6 -9 7 -10 7 -10 7 -10 7 -10 7 -10 7 -10 7 -11 7 -11 8 -11 8 -10 8 -10 8 -11 0 0 0 0 0 0 0 0 0 0
1784740940.415089,56743,-47,11,1,6,1,-95,1,661921838,128,0 0 0 0 0 0 0 0 0 0 0 0 5 0 5 0 5 0 5 0 5 0 5 0 5 0 5 0 5 0 5 0 5 0 5 0 5 0 6 0 6 0 6 0 6 0 6 0 7 0 7 0 7 0 7 0 7 0 7 0 7 0 8 0 0 0 8 0 9 0 9 0 9 0 9 0 9 0 9 0 10 0 10 0 10 0 10 0 11 0 11 0 11 0 11 1 12 1 11 1 12 1 12 1 12 1 12 0 13 1 12 0 13 1 13 1 13 1 0 0 0 0 0 0 0 0 0 0
1784740940.430933,56744,-47,11,1,6,1,-95,1,661935458,128,0 0 0 0 0 0 0 0 0 0 0 0 -7 -3 -6 -4 -6 -4 -6 -4 -6 -4 -6 -5 -6 -4 -6 -5 -6 -5 -6 -5 -6 -5 -6 -5 -6 -5 -6 -5 -6 -5 -6 -5 -6 -6 -6 -6 -6 -6 -6 -6 -6 -6 -6 -6 -6 -6 -6 -6 -6 -6 -6 -6 0 0 -6 -6 -7 -6 -7 -6 -7 -6 -7 -6 -7 -6 -8 -6 -8 -6 -8 -6 -9 -6 -9 -6 -9 -6 -9 -6 -9 -7 -9 -6 -10 -7 -9 -7 -10 -7 -10 -7 -10 -7 -11 -7 -11 -7 -11 -8 -11 -8 -11 -8 -12 -8 0 0 0 0 0 0 0 0 0 0
1784740940.430933,56745,-46,11,1,6,1,-95,1,661940523,128,0 0 0 0 0 0 0 0 0 0 0 0 -4 -7 -4 -7 -3 -7 -3 -7 -3 -8 -3 -7 -3 -8 -3 -7 -3 -8 -2 -8 -2 -8 -2 -8 -2 -8 -2 -8 -2 -8 -2 -9 -2 -9 -2 -9 -2 -9 -2 -9 -3 -9 -2 -9 -2 -9 -2 -9 -2 -9 -2 -9 0 0 -2 -9 -3 -10 -3 -9 -3 -10 -3 -9 -3 -10 -4 -10 -4 -10 -4 -10 -4 -11 -4 -11 -4 -11 -4 -10 -4 -11 -5 -11 -5 -11 -5 -11 -5 -11 -6 -11 -6 -12 -6 -12 -6 -12 -6 -12 -5 -13 -6 -13 -6 -13 0 0 0 0 0 0 0 0 0 0
1784740940.446632,56746,-44,11,1,6,1,-95,1,661950853,128,0 0 0 0 0 0 0 0 0 0 0 0 -8 -1 -8 -2 -8 -2 -8 -3 -8 -3 -8 -3 -8 -3 -8 -3 -8 -3 -8 -3 -8 -3 -8 -4 -8 -4 -9 -4 -9 -4 -9 -4 -9 -4 -9 -5 -9 -5 -9 -5 -10 -5 -10 -5 -9 -5 -9 -5 -9 -5 -10 -6 0 0 -10 -5 -10 -5 -10 -6 -10 -5 -10 -5 -10 -5 -10 -5 -11 -5 -11 -5 -11 -5 -11 -5 -11 -5 -12 -5 -12 -6 -12 -5 -12 -6 -12 -5 -12 -6 -12 -5 -13 -5 -13 -5 -13 -6 -13 -5 -13 -6 -13 -6 -14 -6 0 0 0 0 0 0 0 0 0 0
1784740940.446632,56747,-43,11,1,6,1,-95,1,661960414,128,0 0 0 0 0 0 0 0 0 0 0 0 5 3 5 4 5 4 5 5 5 4 5 5 5 5 5 5 5 5 5 5 5 5 5 6 5 6 6 6 6 6 5 6 6 7 5 7 6 7 6 7 6 7 6 8 6 7 6 7 6 8 6 8 0 0 6 8 6 9 7 9 6 8 7 8 7 8 7 8 7 9 7 9 8 9 8 9 8 9 8 9 8 9 8 9 8 10 8 9 9 9 9 9 9 9 10 9 9 10 9 9 9 10 10 10 10 10 0 0 0 0 0 0 0 0 0 0
1784740940.462643,56748,-42,11,1,6,1,-95,1,661970499,128,0 0 0 0 0 0 0 0 0 0 0 0 2 -5 2 -5 3 -5 3 -5 3 -5 3 -5 3 -5 3 -5 3 -6 4 -6 4 -6 4 -6 4 -6 5 -6 4 -6 5 -7 5 -7 5 -7 6 -7 6 -7 6 -7 6 -7 7 -7 7 -7 7 -7 7 -7 0 0 7 -8 8 -8 7 -7 8 -8 8 -8 8 -8 8 -8 8 -8 8 -8 9 -9 9 -9 8 -9 9 -8 9 -8 9 -10 8 -9 9 -10 9 -10 9 -10 9 -11 9 -10 9 -11 10 -11 10 -11 10 -10 10 -11 0 0 0 0 0 0 0 0 0 0
1784740940.462643,56749,-42,11,1,6,1,-95,1,661980444,128,0 0 0 0 0 0 0 0 0 0 0 0 3 1 3 1 3 2 3 2 3 2 4 2 4 2 4 2 4 2 4 2 5 2 5 3 5 3 6 3 6 3 6 3 6 4 6 4 7 4 7 4 7 5 7 5 7 5 7 5 7 6 8 6 0 0 8 6 8 6 8 6 8 6 8 6 8 6 8 6 9 6 9 7 9 7 9 7 9 7 9 7 10 7 10 6 10 7 10 7 11 6 11 7 11 7 11 7 12 7 11 7 11 7 12 7 12 7 0 0 0 0 0 0 0 0 0 0
1784740940.486748,56750,-43,11,1,6,1,-95,1,661991937,128,0 0 0 0 0 0 0 0 0 0 0 0 2 4 2 4 2 4 1 4 2 4 2 4 2 5 2 5 2 5 2 5 2 5 2 6 2 6 2 7 2 7 3 7 3 7 3 8 2 8 3 8 3 9 2 9 2 9 2 9 2 10 2 10 0 0 2 10 2 10 2 10 2 11 2 10 2 11 2 11 3 11 3 11 3 11 3 12 3 11 3 11 3 11 3 12 3 11 4 12 4 12 4 12 4 12 4 12 5 12 4 13 4 13 4 13 4 13 0 0 0 0 0 0 0 0 0 0
1784740940.494417,56751,-43,11,1,6,1,-95,1,662000448,128,0 0 0 0 0 0 0 0 0 0 0 0 -1 5 -1 4 -1 5 -1 4 -1 5 -1 5 -1 5 -1 5 -1 6 -1 6 -2 6 -2 6 -2 7 -2 7 -2 7 -2 8 -2 8 -2 8 -2 8 -3 9 -3 9 -3 9 -3 9 -4 9 -4 9 -4 9 0 0 -4 10 -4 10 -4 10 -4 11 -4 10 -4 11 -3 11 -4 11 -4 11 -4 12 -4 11 -4 11 -4 11 -4 11 -4 13 -3 12 -4 13 -4 13 -3 13 -3 13 -3 13 -3 13 -4 14 -4 13 -4 13 -4 14 0 0 0 0 0 0 0 0 0 0
1784740940.494417,56752,-44,11,1,6,1,-95,1,662010814,128,0 0 0 0 0 0 0 0 0 0 0 0 1 2 1 2 1 3 2 3 1 3 2 4 2 4 2 4 2 5 2 5 2 5 2 5 2 6 2 6 2 7 2 7 2 8 2 8 2 8 2 8 2 9 1 9 2 9 2 9 1 9 2 10 0 0 1 10 1 10 1 11 1 11 1 11 1 11 1 11 1 12 1 12 2 12 2 12 2 12 2 12 2 12 2 12 2 13 2 12 2 13 2 13 3 13 3 13 3 13 3 13 3 13 3 13 3 14 0 0 0 0 0 0 0 0 0 0
1784740940.510245,56753,-46,11,1,6,1,-95,1,662020506,128,0 0 0 0 0 0 0 0 0 0 0 0 1 0 1 0 1 0 2 0 2 0 2 0 3 0 3 0 3 0 4 1 4 1 5 1 5 1 5 2 6 2 6 2 7 2 7 3 7 3 7 3 8 3 8 4 8 4 8 4 8 5 9 5 0 0 9 5 9 6 9 6 10 6 9 6 10 6 10 6 10 6 10 6 11 6 11 7 11 6 11 7 11 7 12 6 12 7 12 7 12 6 12 6 13 6 13 6 13 7 13 6 13 6 13 6 14 7 0 0 0 0 0 0 0 0 0 0
1784740940.526142,56754,-46,11,1,6,1,-95,1,662030503,128,0 0 0 0 0 0 0 0 0 0 0 0 3 1 3 1 3 1 3 1 4 1 4 1 4 1 4 1 5 1 5 1 5 2 5 2 6 2 6 2 6 2 7 2 7 2 7 2 7 2 8 2 8 3 8 3 9 3 9 3 9 4 9 4 0 0 9 4 10 4 10 4 11 4 10 4 11 4 11 4 11 4 11 4 12 5 11 5 11 5 11 5 11 5 12 5 12 4 12 5 12 5 13 4 13 4 13 4 13 4 13 5 13 5 13 5 13 5 0 0 0 0 0 0 0 0 0 0
1784740940.541985,56755,-45,11,1,6,1,-95,1,662041984,128,0 0 0 0 0 0 0 0 0 0 0 0 4 1 4 1 4 2 4 2 4 2 5 2 5 2 5 3 6 3 6 3 6 4 6 4 6 4 6 5 7 5 7 5 7 6 7 6 7 6 7 6 7 7 7 7 7 7 7 7 7 8 7 8 0 0 7 8 8 8 8 8 8 8 8 8 8 8 8 8 8 8 8 8 9 9 8 9 9 8 8 8 9 8 9 8 10 9 9 8 10 9 10 8 10 8 10 8 10 8 10 8 10 9 10 9 11 9 0 0 0 0 0 0 0 0 0 0
1784740940.541985,56756,-45,11,1,5,1,-95,1,662056247,128,0 0 0 0 0 0 0 0 0 0 0 0 2 4 2 4 1 4 2 5 2 5 2 5 2 5 2 5 2 5 2 6 2 6 2 6 2 6 2 7 2 7 2 7 2 8 2 8 2 8 2 9 2 9 2 9 2 9 2 10 2 10 2 10 0 0 2 11 2 11 2 11 2 11 2 11 2 11 2 12 2 12 2 12 3 12 2 12 3 12 2 12 2 12 3 13 2 13 2 13 3 13 3 13 3 13 3 13 3 14 4 13 3 14 4 14 4 14 0 0 0 0 0 0 0 0 0 0
1784740940.541985,56757,-46,11,1,6,1,-95,1,662060590,128,0 0 0 0 0 0 0 0 0 0 0 0 4 3 4 3 4 3 4 4 4 4 4 4 4 4 4 4 4 4 4 4 4 5 4 5 5 5 5 5 5 6 5 6 6 6 6 6 6 7 6 7 6 7 6 7 6 7 6 8 6 8 7 8 0 0 7 9 7 8 7 9 7 9 7 9 7 9 7 9 8 9 7 9 8 9 8 10 8 10 8 10 8 10 8 9 9 10 8 10 9 10 9 10 9 10 9 10 9 10 9 10 9 10 9 10 10 10 0 0 0 0 0 0 0 0 0 0
1784740940.557915,56758,-45,11,1,6,1,-95,1,662070416,128,0 0 0 0 0 0 0 0 0 0 0 0 5 1 6 1 6 2 6 2 6 2 6 2 6 3 7 3 7 3 7 3 7 3 7 4 7 4 7 4 8 4 7 5 8 5 8 5 8 5 8 6 9 6 9 6 9 6 9 6 9 6 9 7 0 0 9 7 9 7 9 7 10 7 9 7 10 7 10 7 10 7 10 8 11 7 11 7 10 7 10 7 11 7 10 7 11 8 11 7 11 7 11 7 11 7 11 7 11 7 11 7 12 7 12 7 12 7 0 0 0 0 0 0 0 0 0 0
1784740940.573820,56759,-44,11,1,6,1,-95,1,662080411,128,0 0 0 0 0 0 0 0 0 0 0 0 0 5 -1 6 -1 6 -2 6 -2 6 -2 6 -2 7 -2 7 -2 7 -3 8 -3 7 -4 8 -4 8 -4 8 -4 8 -5 9 -5 8 -5 9 -5 9 -5 9 -5 9 -6 9 -6 10 -7 9 -7 9 -7 9 0 0 -7 10 -7 10 -6 10 -7 11 -6 10 -7 10 -6 10 -6 11 -6 11 -7 11 -7 11 -6 11 -6 11 -6 11 -6 12 -6 11 -6 12 -6 12 -5 12 -5 13 -5 12 -5 13 -5 13 -6 12 -5 12 -5 12 0 0 0 0 0 0 0 0 0 0
1784740940.587006,56760,-46,11,1,6,1,-95,1,662090440,128,0 0 0 0 0 0 0 0 0 0 0 0 -5 -1 -5 -1 -6 -1 -6 -2 -6 -2 -6 -2 -6 -2 -7 -2 -7 -2 -7 -3 -7 -3 -7 -4 -7 -4 -8 -4 -8 -4 -8 -5 -8 -5 -9 -5 -9 -5 -9 -6 -9 -6 -9 -6 -9 -7 -9 -7 -9 -7 -9 -7 0 0 -9 -8 -9 -8 -9 -8 -10 -8 -9 -8 -10 -8 -10 -8 -10 -8 -10 -8 -11 -8 -10 -8 -10 -8 -10 -8 -10 -8 -11 -7 -11 -7 -11 -8 -12 -7 -12 -7 -12 -7 -12 -7 -12 -7 -12 -7 -12 -8 -13 -8 -13 -8 0 0 0 0 0 0 0 0 0 0
1784740940.589602,56761,-48,11,1,6,1,-95,1,662100511,128,0 0 0 0 0 0 0 0 0 0 0 0 -4 -2 -4 -2 -5 -3 -5 -3 -5 -3 -5 -3 -5 -3 -6 -4 -6 -4 -6 -4 -6 -4 -6 -5 -6 -5 -7 -6 -7 -6 -7 -7 -7 -7 -7 -7 -7 -8 -7 -8 -7 -8 -7 -9 -7 -8 -7 -9 -7 -9 -7 -10 0 0 -7 -10 -6 -10 -6 -10 -7 -10 -6 -10 -6 -10 -6 -10 -7 -10 -6 -11 -7 -10 -7 -10 -7 -10 -7 -10 -7 -10 -7 -10 -7 -10 -7 -10 -8 -10 -8 -10 -8 -10 -8 -10 -8 -10 -9 -10 -9 -10 -9 -10 -9 -10 0 0 0 0 0 0 0 0 0 0
1784740940.605328,56762,-48,11,1,6,1,-95,1,662110549,128,0 0 0 0 0 0 0 0 0 0 0 0 -3 4 -3 4 -3 5 -3 4 -4 5 -4 5 -4 5 -4 5 -4 6 -5 6 -6 6 -6 6 -6 6 -6 6 -7 6 -7 6 -7 6 -8 7 -7 7 -8 7 -8 7 -9 7 -9 7 -9 6 -10 6 -10 6 0 0 -10 7 -10 7 -10 7 -11 7 -10 7 -10 7 -10 7 -10 7 -10 7 -11 8 -11 7 -10 7 -10 7 -10 7 -10 8 -10 8 -11 8 -10 8 -10 8 -10 9 -10 9 -9 9 -10 9 -10 8 -10 8 -9 9 0 0 0 0 0 0 0 0 0 0
1784740940.605328,56763,-49,11,1,6,1,-95,1,662120531,128,0 0 0 0 0 0 0 0 0 0 0 0 -5 -1 -5 -1 -5 -1 -6 -1 -5 -2 -6 -2 -6 -2 -6 -2 -7 -2 -7 -2 -7 -2 -7 -2 -8 -3 -8 -3 -8 -3 -8 -4 -9 -4 -9 -4 -10 -4 -10 -5 -10 -5 -10 -5 -10 -5 -10 -6 -10 -6 -11 -7 0 0 -11 -7 -11 -7 -11 -8 -11 -7 -11 -7 -11 -7 -11 -7 -11 -7 -11 -7 -12 -7 -12 -7 -12 -7 -11 -7 -12 -7 -12 -7 -13 -7 -12 -7 -13 -7 -13 -6 -13 -6 -13 -6 -13 -6 -13 -6 -13 -6 -14 -6 -14 -6 0 0 0 0 0 0 0 0 0 0
1784740940.653165,56764,-49,11,1,5,1,-95,1,662155467,128,0 0 0 0 0 0 0 0 0 0 0 0 -4 0 -5 0 -5 -1 -5 -1 -5 -1 -5 -1 -5 -2 -6 -2 -6 -2 -6 -3 -6 -3 -6 -3 -6 -3 -6 -3 -6 -4 -7 -4 -7 -4 -7 -4 -7 -4 -7 -5 -7 -5 -7 -5 -8 -5 -8 -6 -7 -6 -8 -6 0 0 -8 -6 -8 -6 -8 -6 -9 -7 -9 -6 -9 -7 -9 -7 -9 -7 -9 -7 -10 -7 -9 -7 -9 -7 -9 -7 -9 -7 -10 -7 -10 -7 -10 -7 -10 -7 -10 -7 -11 -7 -11 -7 -11 -7 -11 -8 -11 -7 -11 -7 -11 -7 0 0 0 0 0 0 0 0 0 0
1784740940.653165,56765,-50,11,1,6,1,-95,1,662155801,128,0 0 0 0 0 0 0 0 0 0 0 0 -1 3 -1 3 -2 4 -2 4 -2 4 -2 4 -2 4 -3 4 -3 4 -3 4 -4 4 -4 5 -4 5 -4 5 -5 5 -5 5 -5 5 -5 5 -5 5 -5 5 -6 6 -6 6 -6 6 -7 5 -7 5 -7 6 0 0 -7 6 -7 6 -7 6 -8 6 -7 6 -8 6 -8 6 -8 7 -8 7 -8 7 -8 7 -8 7 -8 7 -8 7 -8 8 -8 7 -8 8 -8 8 -8 8 -8 8 -8 9 -8 9 -8 9 -9 9 -8 9 -8 9 0 0 0 0 0 0 0 0 0 0
1784740940.653165,56766,-49,11,1,6,1,-95,1,662163997,128,0 0 0 0 0 0 0 0 0 0 0 0 2 2 2 2 2 3 2 3 2 4 2 4 1 4 1 4 1 5 1 5 1 5 1 6 0 6 0 6 0 6 0 7 0 7 0 8 0 7 -1 8 -1 8 -1 8 -1 9 -1 9 -1 9 -1 9 0 0 -2 9 -2 10 -2 9 -2 10 -2 10 -2 10 -2 10 -2 11 -2 11 -2 11 -2 11 -2 11 -2 11 -2 11 -1 12 -1 11 -1 12 -1 12 -1 12 0 12 -1 12 0 12 0 13 -1 13 0 13 0 13 0 0 0 0 0 0 0 0 0 0
1784740940.653165,56767,-51,11,1,6,1,-95,1,662171949,128,0 0 0 0 0 0 0 0 0 0 0 0 1 -3 2 -3 2 -3 2 -3 3 -2 3 -3 3 -3 4 -2 4 -2 4 -3 4 -3 5 -3 5 -2 6 -2 6 -2 6 -2 7 -2 7 -1 7 -1 7 -1 8 -1 8 -1 8 -1 8 -1 8 -1 9 -1 0 0 9 0 10 0 10 0 10 -1 10 0 10 0 11 0 10 -1 11 0 11 -1 11 -1 11 -1 12 -1 12 -1 12 -1 12 -1 12 -1 12 -1 12 -2 13 -2 12 -2 13 -2 12 -3 13 -3 13 -3 14 -3 0 0 0 0 0 0 0 0 0 0
1784740940.671227,56768,-53,11,1,6,1,-95,1,662181845,128,0 0 0 0 0 0 0 0 0 0 0 0 2 0 2 1 2 1 2 1 2 2 2 2 2 2 2 2 2 3 2 3 2 4 2 4 2 4 2 4 2 5 2 5 2 5 2 6 2 5 2 6 2 6 2 6 2 7 2 7 2 7 2 7 0 0 2 8 3 8 2 8 2 9 3 8 2 9 3 9 3 9 3 9 3 10 3 10 3 10 3 10 3 10 4 10 4 10 3 11 4 11 4 11 5 11 4 11 5 11 5 12 5 12 5 12 5 12 0 0 0 0 0 0 0 0 0 0
1784740940.687325,56769,-52,11,1,7,1,-95,1,662190568,128,0 0 0 0 0 0 0 0 0 0 0 0 3 1 3 1 4 2 3 1 3 2 3 2 4 2 4 3 4 3 4 3 4 4 4 4 4 4 4 5 4 5 4 5 4 5 4 6 4 6 4 6 4 5 4 6 4 6 4 6 4 6 4 7 0 0 5 6 5 7 5 7 5 7 5 7 6 7 6 7 6 7 6 7 7 8 7 8 7 7 7 8 7 8 8 8 8 7 9 8 9 8 9 8 10 8 10 8 10 8 10 9 10 9 10 9 10 9 0 0 0 0 0 0 0 0 0 0
1784740940.687325,56770,-49,11,1,7,1,-95,1,662200377,128,0 0 0 0 0 0 0 0 0 0 0 0 -5 2 -6 1 -6 1 -6 1 -6 1 -7 0 -7 0 -7 0 -7 -1 -7 -1 -7 -1 -8 -1 -8 -1 -8 -1 -9 -2 -8 -2 -9 -2 -8 -2 -9 -3 -9 -3 -9 -3 -9 -3 -9 -3 -9 -3 -9 -3 -9 -3 0 0 -9 -3 -9 -3 -10 -3 -10 -2 -10 -3 -10 -3 -10 -3 -10 -2 -10 -3 -11 -2 -11 -2 -11 -2 -11 -2 -12 -2 -11 -1 -13 -2 -12 -1 -13 -1 -13 -1 -14 -2 -14 -2 -14 -2 -14 -2 -14 -1 -15 -1 -15 -2 0 0 0 0 0 0 0 0 0 0
1784740940.700573,56771,-48,11,1,7,1,-95,1,662210406,128,0 0 0 0 0 0 0 0 0 0 0 0 5 -3 5 -3 6 -2 6 -2 6 -2 6 -1 6 -1 7 -1 7 -1 7 -1 7 0 8 0 8 0 8 1 8 0 8 1 8 1 8 1 8 1 8 1 8 1 9 1 9 1 8 2 8 2 9 1 0 0 9 1 9 1 9 1 9 1 9 0 9 0 10 0 10 0 10 0 11 -1 11 -1 11 -1 11 -1 11 -1 12 -2 12 -2 12 -2 12 -2 13 -2 13 -2 13 -2 14 -2 14 -2 14 -2 14 -2 14 -2 0 0 0 0 0 0 0 0 0 0
1784740940.716614,56772,-45,11,1,7,0,-95,1,662220488,128,0 0 0 0 0 0 0 0 0 0 0 0 5 -1 5 -1 6 0 6 0 6 0 6 0 6 1 7 1 7 1 7 2 7 2 7 2 8 3 8 3 8 3 8 3 8 3 8 3 8 4 8 4 8 4 8 4 8 4 9 4 9 4 9 4 0 0 9 4 10 4 10 4 10 4 10 4 11 4 11 4 11 4 11 4 12 3 12 4 13 3 13 3 13 3 14 3 14 3 14 3 15 3 15 4 15 4 16 4 16 4 16 4 16 4 17 5 17 5 0 0 0 0 0 0 0 0 0 0
1784740940.716614,56773,-49,11,1,6,1,-95,1,662231954,128,0 0 0 0 0 0 0 0 0 0 0 0 -2 3 -3 3 -3 3 -3 3 -3 4 -3 4 -4 4 -4 4 -4 4 -4 4 -4 4 -5 4 -5 4 -5 4 -5 4 -6 4 -5 4 -6 5 -6 4 -6 5 -6 5 -6 5 -6 5 -6 5 -6 5 -6 6 0 0 -7 6 -7 6 -7 6 -7 7 -7 7 -7 7 -7 8 -7 8 -8 8 -8 9 -8 9 -7 10 -8 9 -8 10 -9 10 -9 10 -9 10 -9 11 -9 11 -10 11 -10 11 -10 12 -10 12 -10 12 -11 12 -11 12 0 0 0 0 0 0 0 0 0 0
1784740940.764669,56774,-48,11,1,5,1,-95,1,662272201,128,0 0 0 0 0 0 0 0 0 0 0 0 3 0 3 0 3 0 4 0 4 0 4 0 4 0 4 -1 5 -1 5 0 5 0 5 -1 5 0 6 0 6 -1 6 -1 7 -1 7 -1 7 -1 7 -1 8 -1 8 -1 8 -1 8 -1 9 -1 9 -1 0 0 10 -1 10 -1 11 -1 11 -1 11 -1 11 -1 11 -1 12 -1 12 -1 13 -1 13 -1 13 -1 13 -1 14 -1 13 -1 14 -1 14 -1 14 -1 14 -2 14 -2 15 -2 15 -2 15 -1 15 -1 15 -1 15 -1 0 0 0 0 0 0 0 0 0 0
1784740940.764669,56775,-49,11,1,6,1,-95,1,662278459,128,0 0 0 0 0 0 0 0 0 0 0 0 -2 -4 -2 -4 -2 -5 -2 -5 -2 -5 -3 -5 -3 -5 -3 -5 -3 -6 -3 -6 -3 -6 -3 -7 -3 -7 -3 -7 -3 -8 -3 -8 -4 -8 -3 -8 -4 -9 -4 -9 -4 -9 -4 -9 -4 -10 -4 -10 -4 -10 -4 -10 0 0 -4 -11 -5 -11 -4 -11 -5 -12 -5 -11 -5 -12 -5 -12 -5 -13 -5 -13 -5 -13 -5 -13 -6 -13 -5 -13 -6 -14 -6 -13 -6 -14 -6 -14 -7 -14 -6 -14 -7 -14 -7 -15 -7 -15 -6 -15 -6 -15 -6 -15 -6 -15 0 0 0 0 0 0 0 0 0 0
1784740940.764669,56776,-48,11,1,7,1,-95,1,662280553,128,0 0 0 0 0 0 0 0 0 0 0 0 3 -2 4 -2 4 -2 4 -2 4 -3 5 -3 5 -3 5 -3 6 -3 6 -3 6 -3 7 -3 7 -2 7 -3 7 -3 8 -3 8 -3 8 -3 9 -3 9 -3 9 -3 9 -3 10 -3 10 -3 10 -3 10 -3 0 0 11 -3 11 -4 11 -4 12 -4 11 -4 12 -4 12 -4 12 -4 13 -5 14 -4 13 -4 13 -4 13 -4 13 -5 14 -6 13 -5 14 -5 14 -5 14 -6 15 -5 14 -5 14 -6 15 -5 15 -5 15 -5 15 -5 0 0 0 0 0 0 0 0 0 0
1784740940.787416,56777,-48,11,1,7,1,-95,1,662290456,128,0 0 0 0 0 0 0 0 0 0 0 0 -5 1 -6 1 -6 1 -6 1 -7 1 -7 1 -7 1 -8 1 -8 0 -8 0 -8 0 -9 0 -9 -1 -9 -1 -10 0 -10 -1 -10 -1 -10 -1 -10 -1 -10 -1 -11 -1 -11 -1 -11 -1 -11 -2 -11 -2 -11 -2 0 0 -12 -1 -12 -2 -12 -2 -12 -1 -12 -1 -13 -1 -13 -1 -13 -1 -13 -1 -13 -1 -13 -1 -14 -1 -14 -1 -14 0 -14 -1 -14 -1 -14 0 -14 0 -14 0 -14 0 -15 1 -15 0 -15 0 -15 0 -15 0 -15 0 0 0 0 0 0 0 0 0 0 0
1784740940.796492,56778,-47,11,1,7,1,-95,1,662300519,128,0 0 0 0 0 0 0 0 0 0 0 0 6 -3 6 -2 7 -2 7 -2 7 -1 7 -1 8 -1 8 -1 8 0 9 0 9 0 9 0 9 1 10 1 10 1 10 2 10 2 10 2 10 2 10 2 10 2 10 3 10 2 10 2 10 2 11 2 0 0 10 2 11 2 11 3 11 2 11 2 11 2 11 2 12 2 12 2 12 2 12 2 12 1 12 2 12 2 13 2 12 2 12 2 13 1 13 1 13 1 13 1 13 1 13 1 13 1 13 1 13 1 0 0 0 0 0 0 0 0 0 0
1784740940.796492,56779,-47,11,1,7,1,-95,1,662310417,128,0 0 0 0 0 0 0 0 0 0 0 0 5 1 6 1 6 2 6 2 6 3 6 3 6 3 6 4 7 4 7 4 7 5 7 5 7 5 7 5 7 6 7 6 7 6 7 6 6 6 7 6 7 6 7 7 7 6 7 7 7 7 7 7 0 0 7 6 8 6 8 6 8 6 8 6 8 6 8 6 9 6 9 6 10 7 10 6 9 6 9 6 9 6 10 6 10 6 11 6 11 6 11 6 11 6 11 6 11 6 11 6 11 6 11 6 12 6 0 0 0 0 0 0 0 0 0 0
1784740940.812752,56780,-47,11,1,6,1,-95,1,662321709,128,0 0 0 0 0 0 0 0 0 0 0 0 -5 3 -5 3 -5 3 -5 3 -6 3 -6 2 -6 3 -6 3 -7 3 -7 2 -7 2 -8 2 -8 2 -8 2 -8 2 -9 2 -8 2 -9 2 -9 2 -9 2 -9 2 -9 2 -9 2 -9 2 -9 2 -10 2 0 0 -10 3 -10 3 -10 3 -11 3 -10 3 -11 3 -11 3 -11 3 -11 3 -12 4 -12 3 -12 3 -12 3 -11 4 -12 4 -12 4 -12 4 -12 4 -12 5 -12 5 -12 5 -12 5 -12 5 -13 4 -13 5 -13 5 0 0 0 0 0 0 0 0 0 0
1784740940.828393,56781,-46,11,1,6,1,-95,1,662331753,128,0 0 0 0 0 0 0 0 0 0 0 0 -6 -3 -5 -3 -5 -3 -5 -3 -6 -4 -6 -4 -6 -4 -6 -4 -6 -4 -6 -5 -6 -5 -6 -5 -6 -5 -7 -6 -7 -6 -7 -6 -7 -6 -7 -6 -7 -6 -7 -7 -7 -6 -7 -7 -7 -7 -7 -7 -7 -7 -7 -8 0 0 -8 -8 -8 -7 -8 -8 -8 -8 -8 -7 -8 -8 -9 -8 -9 -8 -9 -8 -9 -8 -9 -8 -9 -8 -9 -8 -9 -8 -9 -8 -9 -8 -9 -8 -9 -8 -10 -8 -10 -8 -10 -8 -10 -8 -10 -8 -10 -8 -10 -8 -10 -8 0 0 0 0 0 0 0 0 0 0
1784740940.828393,56782,-45,11,1,6,1,-95,1,662345001,128,0 0 0 0 0 0 0 0 0 0 0 0 -5 -5 -6 -5 -5 -5 -5 -6 -5 -6 -5 -6 -5 -6 -5 -6 -5 -6 -5 -6 -5 -7 -5 -7 -6 -7 -5 -8 -6 -8 -5 -8 -5 -8 -5 -8 -6 -8 -5 -9 -6 -9 -5 -9 -6 -9 -5 -9 -6 -9 -6 -10 0 0 -6 -10 -6 -10 -6 -10 -6 -10 -6 -10 -6 -10 -6 -10 -7 -10 -6 -11 -7 -10 -6 -10 -7 -11 -7 -11 -7 -11 -7 -11 -7 -11 -6 -10 -7 -11 -7 -11 -7 -11 -7 -11 -7 -11 -7 -10 -7 -10 -8 -11 -8 -11 0 0 0 0 0 0 0 0 0 0
1784740940.844319,56783,-45,11,1,6,1,-95,1,662351834,128,0 0 0 0 0 0 0 0 0 0 0 0 -7 -2 -7 -2 -7 -3 -7 -3 -7 -3 -7 -3 -8 -3 -8 -3 -8 -3 -8 -4 -8 -4 -8 -4 -8 -4 -8 -4 -8 -4 -9 -4 -9 -4 -9 -5 -9 -5 -9 -5 -9 -4 -9 -5 -10 -5 -9 -5 -9 -5 -10 -5 0 0 -10 -5 -11 -5 -10 -5 -11 -5 -11 -5 -11 -5 -11 -4 -11 -5 -11 -4 -12 -5 -12 -5 -11 -5 -11 -5 -11 -5 -13 -4 -12 -4 -13 -5 -13 -4 -13 -4 -13 -4 -13 -4 -13 -3 -14 -4 -13 -4 -13 -4 -13 -4 0 0 0 0 0 0 0 0 0 0
1784740940.860045,56784,-46,11,1,6,1,-95,1,662362006,128,0 0 0 0 0 0 0 0 0 0 0 0 -2 6 -3 6 -3 6 -3 6 -3 6 -3 6 -3 6 -3 6 -4 6 -4 6 -4 6 -4 6 -5 6 -5 7 -5 7 -5 7 -5 7 -5 7 -6 7 -6 7 -6 7 -6 7 -6 7 -6 7 -6 7 -6 7 0 0 -6 7 -6 8 -6 8 -6 8 -6 8 -6 8 -6 8 -6 8 -6 8 -6 9 -6 9 -5 9 -6 9 -6 9 -5 10 -6 10 -6 10 -6 10 -5 10 -5 10 -5 11 -6 11 -6 10 -6 10 -6 11 -6 11 0 0 0 0 0 0 0 0 0 0
1784740940.860045,56785,-46,11,1,7,1,-95,1,662370448,128,0 0 0 0 0 0 0 0 0 0 0 0 5 5 5 5 4 6 4 6 4 6 4 7 4 7 4 7 4 7 4 7 4 8 4 8 4 8 4 8 3 9 3 9 3 9 3 9 3 10 3 9 2 10 2 9 2 9 2 9 2 9 2 10 0 0 2 9 3 9 3 9 3 9 3 9 3 9 3 9 3 9 4 9 4 9 4 9 4 9 4 9 4 9 5 9 5 9 5 9 5 10 5 10 6 10 6 10 6 10 6 10 6 10 6 10 6 10 0 0 0 0 0 0 0 0 0 0
1784740940.877391,56786,-45,11,1,7,1,-95,1,662380424,128,0 0 0 0 0 0 0 0 0 0 0 0 8 -2 8 -1 8 -1 8 0 8 0 9 0 9 0 9 0 9 0 9 0 10 1 10 1 10 1 10 2 11 2 10 2 11 3 11 3 11 3 11 3 11 3 10 4 10 3 10 3 10 3 10 3 0 0 10 3 10 3 10 3 10 2 10 2 10 2 10 2 10 2 10 2 10 1 10 1 10 1 11 1 11 0 11 0 11 0 11 0 11 0 12 0 12 -1 12 -1 12 -1 12 -1 12 -1 12 -1 12 -1 0 0 0 0 0 0 0 0 0 0
1784740940.887809,56787,-44,11,1,7,1,-95,1,662390496,128,0 0 0 0 0 0 0 0 0 0 0 0 7 -6 7 -6 8 -5 8 -5 8 -5 8 -5 8 -5 9 -5 9 -5 10 -4 10 -4 10 -4 10 -3 11 -3 11 -3 11 -3 11 -3 12 -3 11 -3 11 -3 11 -3 11 -3 12 -2 11 -2 11 -2 11 -2 0 0 10 -3 11 -3 10 -3 11 -4 10 -4 10 -4 10 -4 10 -4 10 -5 10 -5 10 -5 10 -5 9 -6 9 -5 10 -7 9 -7 10 -7 10 -7 10 -7 10 -8 10 -8 10 -9 11 -8 10 -8 10 -8 10 -9 0 0 0 0 0 0 0 0 0 0
1784740940.892035,56788,-43,11,1,7,1,-95,1,662400532,128,0 0 0 0 0 0 0 0 0 0 0 0 -3 -9 -2 -9 -2 -9 -1 -10 -1 -10 -1 -10 -1 -10 0 -10 0 -11 0 -11 1 -11 1 -11 1 -11 2 -11 1 -12 2 -12 2 -12 2 -12 3 -12 2 -11 3 -11 3 -11 3 -11 3 -11 3 -11 3 -11 0 0 3 -11 3 -11 3 -11 2 -11 2 -11 2 -11 2 -11 1 -11 1 -12 1 -12 1 -12 1 -12 1 -12 0 -12 0 -12 0 -12 0 -12 -1 -12 -1 -13 -1 -13 -1 -13 -1 -13 -1 -13 -1 -13 -1 -13 -1 -14 0 0 0 0 0 0 0 0 0 0
1784740940.908221,56789,-44,11,1,6,1,-95,1,662411935,128,0 0 0 0 0 0 0 0 0 0 0 0 6 3 6 3 6 4 6 4 6 5 6 5 6 5 6 5 6 5 6 6 5 6 6 7 5 7 5 7 5 7 6 7 5 7 5 7 6 7 6 7 5 7 5 7 5 8 5 8 5 7 5 7 0 0 5 7 6 7 6 7 6 7 6 7 7 7 7 6 7 7 7 7 8 7 8 7 8 7 8 7 8 7 9 7 9 7 10 7 10 7 10 7 10 7 10 7 11 7 11 8 11 8 11 8 11 8 0 0 0 0 0 0 0 0 0 0
1784740940.908221,56790,-44,11,1,5,1,-95,1,662422947,128,0 0 0 0 0 0 0 0 0 0 0 0 -6 5 -6 4 -7 4 -7 4 -7 4 -7 3 -7 3 -7 3 -7 3 -8 3 -8 3 -8 2 -8 2 -8 2 -8 2 -8 3 -8 2 -8 3 -8 3 -8 3 -8 3 -8 3 -8 3 -8 2 -8 2 -8 3 0 0 -8 3 -8 4 -7 4 -8 4 -8 5 -7 5 -8 5 -8 6 -8 6 -9 6 -9 6 -9 7 -9 6 -8 7 -9 8 -9 8 -10 8 -9 8 -9 9 -10 10 -10 9 -10 10 -11 9 -12 9 -12 9 -12 9 0 0 0 0 0 0 0 0 0 0
1784740940.924381,56791,-46,11,1,6,1,-95,1,662431824,128,0 0 0 0 0 0 0 0 0 0 0 0 1 -9 1 -9 2 -9 2 -8 2 -8 2 -8 3 -8 3 -9 3 -9 3 -8 4 -8 4 -8 4 -8 4 -8 4 -8 5 -8 5 -8 5 -8 5 -8 5 -8 5 -8 5 -8 5 -8 5 -7 5 -7 5 -8 0 0 4 -8 4 -8 4 -8 3 -8 3 -8 3 -9 2 -8 2 -9 2 -9 2 -10 2 -10 1 -10 2 -10 1 -11 1 -11 1 -11 1 -12 1 -12 1 -12 1 -13 1 -13 1 -13 1 -13 1 -14 1 -14 1 -14 0 0 0 0 0 0 0 0 0 0
1784740940.940324,56792,-46,11,1,7,1,-95,1,662440529,128,0 0 0 0 0 0 0 0 0 0 0 0 7 3 7 4 7 5 6 5 6 5 6 5 7 6 7 6 6 6 7 7 6 7 6 7 6 7 6 8 6 8 6 8 6 8 6 8 5 9 5 8 6 8 5 8 5 9 5 8 5 8 5 8 0 0 5 7 5 8 5 7 5 7 5 7 6 7 6 7 6 6 6 6 7 7 7 7 7 6 8 6 8 6 8 6 8 6 9 6 9 6 9 6 10 6 10 6 10 7 10 6 10 7 10 7 10 7 0 0 0 0 0 0 0 0 0 0
1784740940.940324,56793,-45,11,1,7,1,-95,1,662450529,128,0 0 0 0 0 0 0 0 0 0 0 0 7 -5 7 -4 8 -4 8 -4 8 -3 9 -3 9 -3 9 -3 9 -3 10 -2 10 -2 10 -2 11 -2 11 -1 11 -1 11 -1 11 -1 11 -1 11 -1 11 0 11 0 11 0 11 0 11 0 11 0 11 0 0 0 10 0 11 -1 10 -1 10 -1 10 -2 10 -2 10 -2 10 -3 10 -3 11 -3 11 -3 10 -4 11 -4 11 -4 11 -5 11 -5 11 -5 12 -5 12 -6 12 -6 12 -5 12 -6 12 -6 13 -6 12 -6 13 -6 0 0 0 0 0 0 0 0 0 0
1784740940.956124,56794,-45,11,1,7,1,-95,1,662460478,128,0 0 0 0 0 0 0 0 0 0 0 0 6 -6 7 -6 7 -5 8 -5 8 -5 8 -5 8 -4 9 -5 9 -4 9 -4 10 -4 10 -4 10 -3 11 -3 11 -3 11 -2 12 -2 11 -2 11 -2 11 -2 11 -2 11 -1 11 -2 11 -1 11 -1 11 -1 0 0 10 -2 10 -2 10 -2 10 -2 9 -3 10 -3 10 -3 10 -4 10 -4 10 -4 10 -5 10 -5 10 -5 10 -5 10 -5 11 -6 10 -6 11 -6 11 -6 11 -7 11 -7 11 -7 11 -7 11 -7 11 -7 11 -7 0 0 0 0 0 0 0 0 0 0
1784740940.956124,56795,-44,11,1,7,1,-95,1,662470492,128,0 0 0 0 0 0 0 0 0 0 0 0 -8 -5 -8 -5 -8 -6 -8 -6 -8 -7 -8 -7 -8 -7 -8 -7 -9 -8 -8 -8 -8 -9 -8 -9 -8 -9 -8 -10 -8 -10 -8 -11 -8 -10 -8 -11 -7 -11 -8 -11 -8 -11 -7 -11 -7 -11 -7 -11 -6 -11 -6 -11 0 0 -7 -10 -7 -10 -6 -10 -7 -10 -7 -9 -8 -9 -8 -9 -8 -9 -8 -8 -9 -9 -8 -8 -9 -8 -9 -8 -9 -8 -10 -8 -10 -7 -10 -8 -10 -7 -10 -7 -11 -7 -11 -7 -11 -7 -11 -7 -11 -7 -11 -7 -11 -7 0 0 0 0 0 0 0 0 0 0
1784740940.972206,56796,-44,11,1,6,1,-95,1,662483712,128,0 0 0 0 0 0 0 0 0 0 0 0 8 -5 8 -5 9 -5 10 -4 9 -4 10 -4 10 -3 10 -3 11 -3 11 -3 11 -3 12 -2 12 -2 12 -2 12 -2 12 -1 13 -1 13 -1 13 -1 13 -1 12 0 12 0 12 0 12 0 12 0 12 0 0 0 12 0 11 0 11 0 11 -1 11 -1 11 -1 10 -1 11 -2 11 -2 11 -2 11 -3 11 -3 10 -3 11 -3 11 -4 11 -4 10 -4 11 -4 11 -5 11 -5 10 -5 10 -5 10 -5 10 -5 10 -5 10 -5 0 0 0 0 0 0 0 0 0 0
1784740940.972206,56797,-44,11,1,7,1,-95,1,662490526,128,0 0 0 0 0 0 0 0 0 0 0 0 -10 3 -11 2 -11 1 -11 1 -11 1 -11 1 -11 0 -12 0 -12 0 -12 0 -12 0 -12 -1 -13 -1 -13 -1 -13 -2 -13 -2 -13 -2 -13 -2 -13 -3 -13 -3 -13 -3 -13 -3 -13 -3 -12 -3 -12 -3 -13 -3 0 0 -12 -3 -12 -3 -12 -3 -12 -2 -12 -2 -12 -1 -12 -1 -12 -1 -12 -1 -12 0 -12 0 -12 0 -12 0 -13 1 -12 1 -13 1 -12 1 -12 1 -12 1 -12 2 -12 2 -13 2 -12 2 -12 2 -12 2 -12 3 0 0 0 0 0 0 0 0 0 0
1784740940.987829,56798,-44,11,1,7,1,-95,1,662502939,128,0 0 0 0 0 0 0 0 0 0 0 0 -10 -2 -10 -3 -10 -4 -10 -4 -10 -5 -10 -5 -10 -5 -10 -6 -10 -6 -10 -6 -10 -7 -10 -7 -10 -7 -10 -7 -10 -7 -10 -8 -10 -8 -9 -8 -9 -8 -9 -8 -9 -8 -9 -9 -9 -8 -8 -8 -8 -8 -8 -8 0 0 -9 -7 -9 -7 -9 -7 -9 -6 -9 -6 -9 -6 -9 -5 -10 -5 -10 -5 -11 -5 -11 -5 -11 -4 -11 -4 -11 -4 -12 -4 -12 -4 -12 -4 -12 -4 -12 -3 -13 -3 -13 -3 -13 -3 -13 -3 -13 -3 -13 -3 -14 -3 0 0 0 0 0 0 0 0 0 0
1784740941.003874,56799,-45,11,1,7,1,-95,1,662510446,128,0 0 0 0 0 0 0 0 0 0 0 0 -9 -3 -9 -4 -9 -5 -9 -5 -8 -5 -9 -6 -9 -6 -9 -6 -9 -6 -8 -7 -8 -7 -8 -7 -8 -8 -8 -8 -8 -8 -8 -8 -8 -8 -8 -8 -8 -8 -8 -8 -8 -8 -8 -8 -8 -8 -7 -8 -7 -8 -8 -8 0 0 -8 -7 -8 -7 -8 -7 -8 -6 -9 -6 -9 -6 -9 -6 -10 -5 -10 -5 -11 -5 -11 -5 -11 -5 -11 -5 -12 -5 -12 -5 -13 -5 -12 -5 -13 -5 -13 -5 -13 -5 -13 -5 -14 -5 -14 -5 -14 -6 -14 -5 -14 -5 0 0 0 0 0 0 0 0 0 0
1784740941.003874,56800,-46,11,1,7,1,-95,1,662522476,128,0 0 0 0 0 0 0 0 0 0 0 0 4 -6 5 -6 5 -5 6 -5 5 -5 6 -5 6 -5 6 -5 6 -5 6 -5 6 -5 6 -4 7 -4 7 -5 7 -5 7 -4 7 -4 7 -4 7 -4 7 -4 7 -5 7 -5 7 -5 7 -5 7 -5 7 -5 0 0 7 -6 7 -6 7 -6 7 -6 7 -7 7 -7 7 -7 7 -8 8 -8 8 -8 8 -9 8 -9 8 -9 9 -10 9 -10 9 -10 10 -10 10 -10 10 -10 10 -11 11 -11 11 -11 11 -11 11 -10 12 -11 12 -11 0 0 0 0 0 0 0 0 0 0
1784740941.019530,56801,-46,11,1,7,1,-95,1,662530477,128,0 0 0 0 0 0 0 0 0 0 0 0 -6 -6 -5 -6 -6 -7 -5 -7 -5 -7 -5 -7 -5 -7 -5 -7 -5 -7 -4 -8 -4 -8 -4 -8 -4 -8 -4 -8 -4 -8 -5 -9 -4 -8 -5 -9 -4 -8 -5 -9 -5 -9 -5 -8 -4 -9 -4 -9 -4 -9 -5 -8 0 0 -5 -8 -6 -8 -6 -7 -7 -8 -7 -7 -7 -8 -8 -8 -8 -8 -8 -7 -9 -9 -9 -8 -9 -8 -9 -8 -10 -8 -11 -8 -11 -8 -11 -9 -11 -9 -11 -9 -12 -9 -12 -9 -12 -9 -12 -10 -12 -10 -11 -10 -12 -11 0 0 0 0 0 0 0 0 0 0
1784740941.035349,56802,-45,11,1,7,1,-95,1,662540378,128,0 0 0 0 0 0 0 0 0 0 0 0 -7 1 -8 1 -7 1 -8 0 -8 0 -8 0 -8 0 -8 0 -8 0 -8 0 -9 0 -9 0 -9 -1 -9 -1 -10 -1 -9 -1 -10 -1 -9 -1 -10 -1 -10 -1 -10 -1 -10 -2 -9 -1 -9 -1 -10 -1 -10 -1 0 0 -10 0 -10 0 -10 0 -10 0 -10 1 -10 1 -11 1 -11 2 -11 1 -11 2 -12 2 -12 2 -12 2 -13 3 -13 2 -14 2 -13 2 -14 3 -14 3 -14 3 -14 3 -15 2 -14 3 -15 2 -15 2 -16 2 0 0 0 0 0 0 0 0 0 0
1784740941.035349,56803,-45,11,1,7,1,-95,1,662550419,128,0 0 0 0 0 0 0 0 0 0 0 0 6 -1 7 -1 7 0 7 0 7 0 7 0 7 0 8 0 8 1 8 1 8 1 8 1 8 1 9 1 9 1 9 2 9 2 9 2 9 2 9 2 9 2 9 3 9 2 9 2 9 2 9 2 0 0 9 1 9 1 9 1 10 1 10 0 10 0 10 0 11 0 11 0 11 -1 12 -1 12 -1 12 -1 13 -1 13 -1 13 -1 13 -1 14 -1 14 -1 14 -1 14 -1 15 -1 14 -1 14 -1 15 -1 15 -1 0 0 0 0 0 0 0 0 0 0
1784740941.051491,56804,-44,11,1,7,1,-95,1,662560502,128,0 0 0 0 0 0 0 0 0 0 0 0 7 0 7 0 8 1 8 1 8 1 8 2 8 2 8 2 8 2 8 3 8 3 9 4 8 4 9 4 9 4 9 5 8 5 9 5 8 5 9 6 9 6 8 6 9 6 8 6 8 6 8 6 0 0 8 5 9 5 8 5 9 5 9 4 9 4 9 4 9 4 9 3 11 4 10 4 10 4 10 3 10 3 11 3 11 3 12 4 12 3 12 3 12 3 12 3 13 3 13 4 12 4 13 3 12 3 0 0 0 0 0 0 0 0 0 0
1784740941.067736,56805,-44,11,1,7,1,-95,1,662571990,128,0 0 0 0 0 0 0 0 0 0 0 0 -7 -5 -7 -6 -7 -7 -7 -7 -7 -7 -7 -7 -7 -7 -7 -8 -7 -8 -6 -9 -6 -9 -6 -9 -6 -10 -6 -10 -6 -10 -6 -10 -6 -10 -6 -11 -5 -11 -5 -11 -5 -11 -5 -11 -5 -11 -4 -11 -4 -10 -5 -10 0 0 -5 -10 -5 -10 -5 -10 -6 -10 -6 -9 -6 -9 -7 -9 -7 -9 -7 -9 -8 -10 -7 -9 -8 -9 -8 -9 -8 -9 -9 -9 -9 -9 -9 -10 -9 -10 -10 -9 -10 -10 -10 -10 -10 -10 -10 -10 -10 -10 -10 -10 -11 -10 0 0 0 0 0 0 0 0 0 0
1784740941.083549,56806,-45,11,1,6,1,-95,1,662580493,128,0 0 0 0 0 0 0 0 0 0 0 0 -8 1 -9 1 -9 0 -9 0 -9 -1 -9 -1 -9 -1 -10 -1 -10 -2 -10 -2 -10 -2 -10 -2 -11 -3 -11 -3 -11 -3 -11 -4 -11 -4 -11 -4 -11 -4 -11 -4 -11 -4 -10 -4 -10 -4 -10 -4 -10 -4 -10 -4 0 0 -10 -4 -10 -4 -10 -4 -10 -3 -10 -3 -10 -3 -10 -3 -11 -2 -10 -2 -11 -2 -11 -2 -11 -1 -12 -1 -12 -1 -12 -1 -12 -1 -12 -1 -13 -1 -13 -1 -13 0 -13 0 -14 0 -13 0 -14 0 -14 0 -14 0 0 0 0 0 0 0 0 0 0 0
1784740941.083549,56807,-46,11,1,6,1,-95,1,662590498,128,0 0 0 0 0 0 0 0 0 0 0 0 5 -6 5 -6 6 -6 6 -5 6 -5 6 -5 6 -5 7 -5 7 -5 7 -5 7 -5 7 -4 8 -4 8 -4 8 -4 8 -4 8 -4 8 -4 8 -4 8 -4 8 -4 8 -4 8 -4 8 -4 8 -4 8 -4 0 0 8 -4 8 -5 8 -5 8 -5 8 -5 8 -6 7 -6 8 -6 8 -6 8 -7 8 -7 8 -7 8 -8 8 -8 8 -9 8 -9 8 -9 9 -9 9 -10 9 -10 9 -10 9 -10 9 -10 10 -10 10 -10 10 -10 0 0 0 0 0 0 0 0 0 0
1784740941.088404,56808,-45,11,1,6,1,-95,1,662600419,128,0 0 0 0 0 0 0 0 0 0 0 0 4 5 3 5 3 5 3 5 2 6 3 6 2 6 2 6 2 6 2 7 2 7 2 7 2 7 2 8 2 8 2 8 2 8 1 8 1 8 1 8 2 9 1 9 2 8 1 8 1 8 2 9 0 0 2 9 2 9 2 9 2 9 3 8 3 9 3 9 3 9 3 9 4 9 4 10 4 10 4 10 5 10 5 10 5 11 5 11 5 11 6 11 6 12 6 11 6 12 6 12 5 12 6 12 6 13 0 0 0 0 0 0 0 0 0 0
1784740941.099755,56809,-44,11,1,6,1,-95,1,662613862,128,0 0 0 0 0 0 0 0 0 0 0 0 -7 2 -7 2 -7 1 -7 1 -8 1 -8 1 -8 1 -8 1 -8 1 -9 0 -9 0 -9 0 -9 0 -10 0 -10 0 -10 -1 -10 -1 -11 -1 -11 -1 -10 -1 -11 -1 -11 -1 -11 -1 -11 -2 -11 -2 -11 -2 0 0 -11 -2 -11 -1 -11 -1 -11 -1 -11 -1 -11 -1 -11 0 -12 0 -12 0 -12 0 -12 0 -12 1 -12 1 -13 0 -13 2 -13 1 -13 1 -14 1 -14 1 -14 2 -14 1 -14 2 -15 1 -15 1 -15 1 -15 1 0 0 0 0 0 0 0 0 0 0
1784740941.115595,56810,-44,11,1,6,1,-95,1,662620610,128,0 0 0 0 0 0 0 0 0 0 0 0 -4 6 -4 6 -4 6 -5 6 -5 6 -5 6 -5 6 -6 6 -6 6 -6 6 -7 6 -7 6 -7 6 -7 6 -7 6 -8 6 -8 6 -8 6 -8 6 -9 6 -8 6 -9 6 -9 6 -9 6 -9 5 -9 6 0 0 -9 6 -9 6 -9 6 -9 6 -8 7 -8 7 -8 7 -8 7 -8 8 -9 8 -9 8 -8 8 -8 8 -9 9 -8 9 -9 10 -9 9 -9 10 -9 10 -9 10 -9 10 -9 10 -10 10 -10 10 -10 10 -10 11 0 0 0 0 0 0 0 0 0 0
1784740941.115595,56811,-45,11,1,6,1,-95,1,662630690,128,0 0 0 0 0 0 0 0 0 0 0 0 -5 -7 -4 -7 -4 -7 -4 -7 -3 -8 -3 -8 -3 -8 -3 -8 -3 -8 -3 -8 -3 -9 -3 -8 -2 -9 -3 -9 -3 -9 -2 -10 -2 -9 -2 -10 -2 -10 -1 -10 -2 -10 -2 -10 -2 -9 -1 -10 -2 -10 -2 -10 0 0 -2 -10 -2 -10 -2 -10 -2 -10 -3 -9 -3 -10 -3 -10 -3 -10 -4 -10 -4 -11 -4 -10 -5 -10 -4 -11 -5 -11 -5 -12 -5 -11 -5 -11 -5 -12 -5 -12 -6 -12 -5 -12 -6 -13 -6 -13 -6 -13 -6 -13 -6 -13 0 0 0 0 0 0 0 0 0 0
1784740941.131602,56812,-46,11,1,6,1,-95,1,662640474,128,0 0 0 0 0 0 0 0 0 0 0 0 3 5 3 5 2 6 2 6 2 6 2 6 2 6 2 6 2 6 2 7 1 7 1 7 1 7 1 7 2 7 1 7 1 7 1 8 1 8 1 8 1 8 2 8 2 8 1 8 1 8 2 8 0 0 2 8 2 8 2 8 3 8 3 8 3 8 4 8 4 8 4 8 5 9 5 9 5 9 5 9 5 9 6 10 6 10 6 10 6 10 7 10 7 11 7 11 7 11 7 11 7 12 6 12 6 12 0 0 0 0 0 0 0 0 0 0
1784740941.147783,56813,-44,11,1,6,1,-95,1,662651000,128,0 0 0 0 0 0 0 0 0 0 0 0 6 3 6 4 5 4 5 4 5 4 5 5 5 5 5 5 5 6 5 5 5 6 5 6 5 6 5 7 5 7 4 7 5 8 5 7 5 8 5 8 5 8 5 8 5 8 4 8 4 8 5 8 0 0 5 8 5 8 5 8 5 7 6 8 6 8 6 8 6 8 6 8 7 8 7 8 8 8 8 8 8 9 8 8 9 9 8 9 9 9 9 9 9 9 10 9 10 10 9 9 9 10 10 10 10 11 0 0 0 0 0 0 0 0 0 0
1784740941.156815,56814,-44,11,1,6,1,-95,1,662660436,128,0 0 0 0 0 0 0 0 0 0 0 0 7 0 7 1 7 1 8 2 7 2 8 2 8 2 8 3 8 3 8 3 8 3 8 3 8 4 9 4 9 4 8 5 9 5 8 5 9 5 8 5 8 5 8 6 8 5 8 5 8 5 8 5 0 0 8 5 8 5 9 5 8 4 8 4 9 4 9 4 9 4 9 4 10 3 10 3 10 3 11 3 11 3 11 3 12 3 11 2 12 2 12 3 12 3 13 2 13 3 13 2 13 2 14 2 14 3 0 0 0 0 0 0 0 0 0 0
1784740941.163644,56815,-45,11,1,6,1,-95,1,662670368,128,0 0 0 0 0 0 0 0 0 0 0 0 -8 -1 -8 -2 -8 -2 -8 -3 -8 -3 -8 -3 -8 -3 -9 -3 -8 -3 -8 -4 -8 -4 -8 -5 -8 -5 -8 -5 -9 -5 -9 -5 -9 -5 -9 -5 -9 -6 -9 -5 -9 -5 -9 -5 -9 -5 -8 -6 -8 -5 -8 -5 0 0 -9 -5 -9 -4 -8 -4 -9 -4 -9 -3 -9 -3 -10 -3 -10 -3 -10 -2 -11 -2 -11 -3 -10 -2 -11 -2 -11 -2 -12 -1 -12 -1 -12 -1 -13 -1 -13 0 -13 0 -13 0 -14 0 -14 -1 -14 -1 -14 -1 -15 -1 0 0 0 0 0 0 0 0 0 0
1784740941.163644,56816,-45,11,1,6,1,-95,1,662680468,128,0 0 0 0 0 0 0 0 0 0 0 0 2 5 2 6 2 5 2 6 1 6 1 6 1 6 1 6 1 6 1 6 1 7 1 7 1 7 0 7 1 8 0 8 0 8 0 8 0 8 0 8 0 8 0 8 0 8 0 8 0 8 0 8 0 0 0 8 0 8 0 9 1 8 1 9 2 8 2 9 2 9 2 9 2 9 3 10 3 10 3 10 3 11 3 10 3 12 3 11 3 12 3 12 4 12 4 12 4 13 4 13 3 13 3 14 3 14 0 0 0 0 0 0 0 0 0 0
1784740941.179326,56817,-44,11,1,6,1,-95,1,662690478,128,0 0 0 0 0 0 0 0 0 0 0 0 -3 5 -4 5 -4 5 -5 5 -5 5 -5 5 -5 5 -5 5 -6 5 -6 5 -6 5 -6 5 -6 5 -7 5 -7 5 -7 5 -8 5 -8 5 -8 5 -8 5 -8 5 -8 5 -8 5 -8 5 -8 5 -8 5 0 0 -8 5 -8 5 -8 6 -8 6 -8 6 -8 6 -8 7 -8 7 -8 7 -8 8 -8 8 -8 8 -8 8 -8 9 -8 9 -9 9 -8 9 -9 10 -9 10 -9 10 -9 10 -10 10 -9 10 -9 11 -9 11 -10 11 0 0 0 0 0 0 0 0 0 0
1784740941.195351,56818,-44,11,1,6,1,-95,1,662700499,128,0 0 0 0 0 0 0 0 0 0 0 0 -6 -6 -6 -6 -5 -7 -5 -7 -5 -7 -5 -8 -5 -8 -5 -8 -5 -8 -4 -9 -4 -9 -4 -9 -4 -10 -4 -10 -4 -9 -4 -10 -4 -10 -4 -10 -3 -10 -3 -11 -3 -10 -3 -10 -3 -10 -2 -10 -3 -10 -3 -10 0 0 -3 -10 -4 -10 -4 -9 -4 -10 -5 -9 -5 -10 -5 -10 -6 -10 -6 -10 -6 -10 -6 -10 -6 -10 -6 -10 -7 -10 -8 -10 -8 -10 -8 -11 -8 -11 -9 -11 -9 -11 -9 -11 -9 -11 -9 -11 -8 -12 -9 -12 -9 -12 0 0 0 0 0 0 0 0 0 0
1784740941.195351,56819,-45,11,1,6,1,-95,1,662710368,128,0 0 0 0 0 0 0 0 0 0 0 0 3 6 3 7 2 7 2 7 2 7 2 8 1 7 2 8 1 8 1 8 1 8 1 8 1 9 0 9 0 9 0 9 0 9 -1 9 -1 9 -1 9 -1 9 -1 9 0 8 0 9 -1 8 0 9 0 0 0 8 0 8 0 8 1 8 1 8 1 8 1 8 2 9 2 9 3 9 2 9 3 9 3 10 4 10 3 10 4 10 4 10 4 10 4 11 4 11 5 10 4 11 5 11 5 11 5 11 5 12 0 0 0 0 0 0 0 0 0 0
1784740941.211594,56820,-45,11,1,6,1,-95,1,662720460,128,0 0 0 0 0 0 0 0 0 0 0 0 -6 -5 -6 -5 -5 -6 -5 -6 -5 -7 -5 -7 -5 -7 -5 -7 -5 -7 -4 -8 -4 -8 -4 -8 -4 -8 -4 -9 -4 -8 -4 -9 -3 -9 -3 -9 -3 -9 -3 -9 -3 -9 -3 -9 -3 -9 -3 -9 -3 -9 -3 -9 0 0 -4 -9 -4 -9 -4 -8 -4 -8 -4 -8 -5 -8 -5 -8 -5 -9 -5 -9 -6 -9 -6 -9 -6 -9 -6 -10 -7 -9 -7 -10 -7 -10 -7 -10 -7 -10 -8 -10 -8 -11 -8 -11 -8 -11 -8 -11 -8 -12 -8 -11 -8 -12 0 0 0 0 0 0 0 0 0 0
1784740941.227270,56821,-44,11,1,6,1,-95,1,662730429,128,0 0 0 0 0 0 0 0 0 0 0 0 5 2 5 3 5 3 5 4 5 4 5 4 5 4 5 5 5 5 5 5 5 5 5 6 5 6 5 6 5 6 5 6 5 7 4 7 4 7 4 7 4 7 4 7 4 7 4 7 4 7 4 7 0 0 5 7 5 7 5 7 5 6 5 7 6 7 6 7 6 7 6 7 7 7 7 7 7 7 7 7 8 7 8 7 8 7 8 8 9 8 9 8 9 8 9 8 10 8 9 8 10 9 10 9 10 9 0 0 0 0 0 0 0 0 0 0
1784740941.231710,56822,-44,11,1,6,1,-95,1,662740477,128,0 0 0 0 0 0 0 0 0 0 0 0 6 0 6 1 6 1 6 2 6 2 6 2 6 2 6 2 6 3 6 3 6 3 6 3 6 4 7 4 7 4 7 4 7 4 7 5 6 5 7 5 7 5 6 5 7 5 7 5 6 5 7 5 0 0 7 5 7 5 7 5 7 4 7 4 8 4 8 4 8 4 8 4 9 4 9 4 9 4 9 4 10 4 10 4 11 4 11 4 11 4 11 4 11 4 12 4 12 4 12 4 12 5 13 5 13 5 0 0 0 0 0 0 0 0 0 0
1784740941.246400,56823,-45,11,1,6,1,-95,1,662753368,128,0 0 0 0 0 0 0 0 0 0 0 0 -6 4 -7 3 -7 3 -7 3 -7 3 -7 3 -8 3 -8 3 -8 2 -8 2 -8 2 -8 2 -9 2 -9 2 -9 2 -9 1 -9 1 -9 1 -10 1 -10 1 -10 1 -10 1 -9 1 -10 0 -9 0 -9 1 0 0 -9 1 -9 1 -9 1 -9 1 -9 2 -9 2 -9 2 -9 3 -10 3 -10 3 -10 3 -10 4 -10 4 -10 4 -11 4 -11 4 -11 4 -11 5 -12 5 -12 5 -12 5 -13 5 -13 5 -13 5 -13 5 -14 6 0 0 0 0 0 0 0 0 0 0
1784740941.258949,56824,-46,11,1,6,1,-95,1,662760401,128,0 0 0 0 0 0 0 0 0 0 0 0 2 6 1 7 1 7 0 7 0 7 0 7 0 7 0 8 0 8 -1 8 -1 8 -1 8 -1 8 -1 8 -2 8 -2 8 -2 8 -2 8 -2 9 -2 9 -2 8 -2 8 -2 8 -3 8 -3 8 -3 8 0 0 -2 8 -2 8 -1 8 -1 8 -1 8 -1 8 0 8 0 9 0 9 0 9 0 10 1 10 1 10 1 10 2 11 2 11 1 11 2 12 2 11 2 12 2 12 2 12 2 13 1 13 1 13 2 13 0 0 0 0 0 0 0 0 0 0
1784740941.258949,56825,-46,11,1,6,1,-95,1,662770497,128,0 0 0 0 0 0 0 0 0 0 0 0 -1 7 -1 7 -2 7 -2 7 -3 7 -2 7 -3 7 -3 7 -3 7 -3 7 -3 7 -4 7 -4 7 -4 8 -4 7 -5 7 -5 7 -5 7 -5 7 -5 7 -5 7 -5 7 -4 7 -5 7 -4 7 -4 7 0 0 -4 7 -3 7 -4 7 -3 7 -3 7 -3 8 -2 8 -2 8 -2 8 -2 9 -1 9 -1 9 -1 10 -1 11 -1 11 -1 11 -1 11 -1 12 -1 12 -1 12 -1 13 -1 13 -1 13 -1 13 -1 14 -2 14 0 0 0 0 0 0 0 0 0 0
1784740941.277380,56826,-47,11,1,6,1,-95,1,662780519,128,0 0 0 0 0 0 0 0 0 0 0 0 -8 0 -8 0 -9 0 -8 -1 -8 -1 -8 -1 -9 -1 -8 -2 -9 -2 -9 -2 -9 -3 -9 -3 -8 -3 -9 -3 -9 -3 -9 -3 -9 -3 -9 -3 -9 -3 -9 -3 -9 -3 -9 -3 -9 -3 -8 -3 -9 -3 -9 -2 0 0 -9 -2 -9 -2 -9 -1 -10 -1 -9 0 -10 -1 -10 0 -10 0 -10 1 -11 1 -11 1 -11 1 -11 1 -11 1 -13 2 -12 2 -13 2 -13 2 -13 3 -14 3 -14 2 -15 3 -15 2 -15 2 -15 2 -15 2 0 0 0 0 0 0 0 0 0 0
1784740941.277380,56827,-43,11,1,7,0,-95,1,662790392,128,0 0 0 0 0 0 0 0 0 0 0 0 1 -8 1 -8 2 -8 2 -8 2 -8 2 -8 3 -8 3 -8 3 -8 3 -8 3 -8 3 -8 3 -8 4 -8 4 -8 4 -8 4 -8 4 -8 4 -8 4 -8 4 -8 4 -9 4 -9 4 -9 4 -9 3 -9 0 0 3 -9 3 -10 3 -10 3 -10 2 -10 3 -11 3 -11 2 -11 2 -12 2 -12 2 -12 2 -13 2 -13 2 -13 2 -14 2 -14 3 -14 2 -15 2 -15 3 -15 3 -16 3 -16 3 -16 3 -16 3 -16 3 -16 0 0 0 0 0 0 0 0 0 0
1784740941.291024,56828,-47,11,1,6,1,-95,1,662801793,128,0 0 0 0 0 0 0 0 0 0 0 0 -7 -1 -7 -1 -7 -1 -7 -2 -7 -2 -7 -2 -7 -2 -7 -2 -7 -2 -8 -2 -7 -3 -7 -3 -8 -3 -8 -3 -8 -3 -8 -3 -8 -3 -9 -3 -8 -3 -8 -3 -9 -3 -9 -3 -9 -3 -9 -3 -9 -4 -9 -3 0 0 -9 -3 -10 -2 -10 -3 -10 -2 -10 -2 -10 -2 -10 -2 -11 -2 -11 -2 -12 -2 -12 -2 -12 -1 -12 -2 -12 -2 -13 -1 -13 -1 -14 -2 -13 -2 -13 -1 -14 -1 -14 -2 -14 -1 -15 -2 -14 -2 -14 -2 -14 -2 0 0 0 0 0 0 0 0 0 0
1784740941.306935,56829,-46,11,1,6,1,-95,1,662812079,128,0 0 0 0 0 0 0 0 0 0 0 0 3 5 3 5 3 6 2 6 2 6 2 6 2 6 2 6 2 6 1 6 1 7 1 7 1 7 1 7 1 7 1 7 1 8 1 8 1 8 1 8 1 8 1 8 1 8 1 8 1 8 1 9 0 0 1 9 1 8 1 9 2 8 2 9 2 9 2 9 3 9 3 10 3 10 3 10 3 10 3 10 4 10 4 10 4 11 4 11 4 11 4 11 4 11 4 11 4 12 4 11 4 11 4 12 4 12 0 0 0 0 0 0 0 0 0 0
1784740941.306935,56830,-45,11,1,6,1,-95,1,662821840,128,0 0 0 0 0 0 0 0 0 0 0 0 -4 -5 -4 -5 -4 -6 -4 -6 -4 -6 -4 -6 -3 -6 -4 -7 -3 -7 -3 -7 -3 -7 -3 -7 -3 -7 -3 -8 -3 -8 -3 -8 -3 -8 -3 -8 -3 -8 -3 -8 -3 -8 -3 -8 -3 -8 -3 -9 -3 -8 -4 -9 0 0 -4 -9 -4 -9 -3 -9 -4 -9 -4 -9 -4 -9 -5 -9 -5 -10 -5 -10 -5 -10 -5 -10 -6 -10 -6 -10 -6 -11 -6 -11 -6 -11 -6 -12 -6 -12 -6 -12 -7 -12 -7 -12 -7 -12 -7 -13 -7 -13 -7 -13 -7 -13 0 0 0 0 0 0 0 0 0 0
1784740941.327079,56831,-45,11,1,6,1,-95,1,662831700,128,0 0 0 0 0 0 0 0 0 0 0 0 6 1 6 1 6 2 6 1 6 2 6 2 6 2 6 3 6 3 6 3 6 3 6 3 6 4 6 4 6 3 6 4 6 4 6 4 6 4 6 4 7 4 6 4 7 4 7 4 6 4 7 4 0 0 7 4 8 4 7 3 8 4 8 4 8 3 8 3 9 3 9 4 10 3 10 4 10 4 10 4 10 4 11 4 11 3 11 4 11 4 12 4 12 4 12 4 12 4 13 5 12 5 12 5 13 5 0 0 0 0 0 0 0 0 0 0
1784740941.327079,56832,-44,11,1,7,1,-95,1,662840568,128,0 0 0 0 0 0 0 0 0 0 0 0 -3 6 -3 6 -4 6 -4 6 -4 6 -5 6 -5 6 -5 6 -5 6 -5 6 -6 6 -6 6 -6 6 -6 6 -6 6 -6 6 -6 6 -6 6 -6 6 -6 6 -6 6 -6 6 -6 6 -7 6 -7 6 -7 6 0 0 -6 7 -6 7 -6 7 -6 8 -6 8 -6 8 -6 8 -6 9 -6 9 -6 10 -6 9 -6 9 -6 10 -6 9 -6 11 -6 11 -6 11 -6 11 -6 11 -6 12 -6 12 -6 12 -7 13 -7 12 -7 12 -7 13 0 0 0 0 0 0 0 0 0 0
1784740941.338848,56833,-45,11,1,6,1,-95,1,662851872,128,0 0 0 0 0 0 0 0 0 0 0 0 6 2 6 2 6 3 6 3 6 3 6 3 6 3 6 4 6 4 6 4 6 4 6 4 6 5 6 5 6 5 6 5 6 5 6 5 6 5 6 5 6 5 6 5 6 5 6 6 6 6 6 6 0 0 6 6 7 5 7 5 7 5 7 5 7 5 7 5 8 5 8 5 9 6 8 5 9 5 9 5 9 5 10 5 10 5 10 6 10 6 10 5 11 5 11 6 11 5 11 6 11 6 11 6 11 6 0 0 0 0 0 0 0 0 0 0
1784740941.357076,56834,-45,11,1,7,1,-95,1,662860551,128,0 0 0 0 0 0 0 0 0 0 0 0 -5 -6 -5 -6 -5 -6 -5 -7 -4 -7 -4 -7 -4 -7 -4 -7 -4 -8 -4 -8 -4 -8 -4 -8 -4 -8 -3 -8 -4 -9 -3 -9 -4 -9 -4 -9 -3 -9 -3 -9 -4 -9 -3 -9 -3 -9 -3 -9 -3 -9 -3 -9 0 0 -4 -9 -4 -10 -4 -9 -4 -10 -4 -9 -4 -9 -5 -9 -5 -10 -5 -10 -6 -10 -6 -10 -6 -10 -6 -10 -6 -10 -6 -11 -7 -11 -7 -11 -7 -11 -7 -11 -7 -11 -7 -11 -7 -12 -8 -12 -7 -12 -7 -12 -8 -12 0 0 0 0 0 0 0 0 0 0
1784740941.370916,56835,-45,11,1,7,1,-95,1,662870428,128,0 0 0 0 0 0 0 0 0 0 0 0 -3 -7 -2 -7 -2 -8 -1 -8 -1 -8 -1 -8 -1 -8 -1 -8 -1 -8 0 -9 0 -9 1 -9 1 -9 1 -9 1 -9 1 -9 1 -9 1 -9 1 -9 1 -9 1 -9 1 -9 1 -9 2 -9 2 -9 1 -9 0 0 1 -9 1 -9 1 -9 1 -10 0 -10 0 -10 0 -10 0 -10 0 -10 0 -11 -1 -11 -1 -11 -1 -11 -1 -11 -2 -12 -2 -12 -1 -12 -2 -12 -2 -12 -2 -13 -2 -12 -2 -13 -2 -13 -2 -13 -2 -13 -2 -13 0 0 0 0 0 0 0 0 0 0
1784740941.370916,56836,-45,11,1,6,1,-95,1,662881749,128,0 0 0 0 0 0 0 0 0 0 0 0 6 2 6 2 6 3 5 3 6 4 5 4 6 4 5 4 6 4 5 5 5 5 5 6 5 6 5 6 5 6 5 6 5 6 5 6 5 6 5 6 5 6 5 6 5 7 4 7 4 7 4 6 0 0 5 6 5 6 5 6 6 6 6 6 6 6 6 5 6 6 6 6 7 6 7 6 7 6 7 6 7 6 8 6 8 6 8 6 9 6 9 6 9 6 9 6 10 6 10 6 9 7 10 7 10 7 0 0 0 0 0 0 0 0 0 0
1784740941.389716,56837,-44,11,1,6,1,-95,1,662892429,128,0 0 0 0 0 0 0 0 0 0 0 0 -7 -5 -7 -5 -7 -6 -7 -6 -6 -6 -6 -7 -6 -7 -6 -7 -6 -8 -6 -7 -6 -8 -6 -8 -5 -9 -5 -9 -5 -9 -5 -9 -5 -10 -5 -9 -5 -10 -5 -10 -5 -9 -5 -10 -5 -9 -5 -9 -5 -9 -5 -9 0 0 -5 -9 -5 -9 -5 -9 -5 -9 -6 -9 -6 -9 -6 -9 -6 -9 -6 -9 -7 -9 -7 -9 -8 -9 -8 -9 -8 -9 -8 -9 -9 -9 -8 -9 -9 -10 -9 -9 -9 -9 -10 -9 -10 -10 -10 -9 -10 -10 -10 -10 -11 -10 0 0 0 0 0 0 0 0 0 0
1784740941.390294,56838,-44,11,1,6,1,-95,1,662901743,128,0 0 0 0 0 0 0 0 0 0 0 0 -8 -1 -9 -1 -9 -2 -9 -3 -8 -3 -9 -3 -9 -3 -9 -4 -9 -4 -9 -4 -9 -4 -9 -5 -9 -5 -9 -6 -9 -6 -9 -6 -9 -6 -9 -6 -9 -7 -9 -7 -9 -7 -8 -7 -9 -7 -9 -7 -9 -7 -9 -7 0 0 -9 -7 -9 -7 -9 -7 -9 -7 -9 -6 -9 -6 -9 -6 -10 -7 -10 -6 -10 -6 -10 -6 -11 -5 -11 -6 -11 -6 -11 -6 -12 -6 -11 -5 -12 -6 -12 -6 -12 -6 -12 -6 -13 -6 -12 -5 -13 -6 -13 -6 -13 -6 0 0 0 0 0 0 0 0 0 0
1784740941.402687,56839,-44,11,1,7,1,-95,1,662912516,128,0 0 0 0 0 0 0 0 0 0 0 0 -6 -6 -6 -6 -6 -7 -6 -7 -5 -7 -5 -7 -5 -8 -5 -8 -5 -8 -5 -9 -5 -9 -5 -9 -4 -9 -5 -9 -4 -10 -4 -10 -4 -10 -4 -10 -4 -10 -4 -10 -4 -10 -4 -10 -4 -10 -4 -10 -4 -10 -4 -11 0 0 -4 -10 -4 -10 -4 -10 -5 -10 -5 -10 -5 -10 -5 -10 -5 -10 -6 -10 -6 -10 -6 -10 -6 -10 -6 -10 -7 -10 -8 -10 -8 -10 -7 -11 -8 -10 -8 -10 -9 -11 -8 -10 -8 -10 -8 -11 -8 -11 -9 -11 -9 -11 0 0 0 0 0 0 0 0 0 0
1784740941.418623,56840,-45,11,1,6,1,-95,1,662921640,128,0 0 0 0 0 0 0 0 0 0 0 0 7 -2 7 -2 7 -2 7 -1 8 -1 8 -1 8 -1 8 -1 8 0 8 0 8 0 9 0 9 1 9 1 9 1 9 2 9 2 9 2 9 2 9 2 9 2 9 2 9 2 9 2 9 2 9 2 0 0 9 2 9 2 9 2 9 1 9 1 9 1 10 1 10 0 10 0 10 0 10 0 10 0 10 0 11 -1 11 -1 11 -1 11 -1 12 -1 12 -1 12 -2 12 -2 12 -2 12 -1 12 -1 12 -1 13 -2 0 0 0 0 0 0 0 0 0 0
1784740941.418623,56841,-44,11,1,5,1,-95,1,662934390,128,0 0 0 0 0 0 0 0 0 0 0 0 4 -6 4 -6 5 -6 5 -5 5 -5 6 -6 6 -5 6 -5 6 -5 6 -5 7 -5 7 -5 7 -5 8 -5 8 -5 8 -4 8 -5 8 -5 8 -4 8 -4 8 -4 8 -4 8 -5 8 -5 8 -4 8 -5 0 0 8 -5 8 -5 8 -5 8 -5 8 -5 8 -6 8 -6 8 -6 8 -6 8 -7 8 -7 8 -8 8 -8 9 -8 8 -8 9 -9 9 -8 9 -9 9 -9 9 -9 9 -10 10 -9 10 -10 10 -10 10 -10 10 -10 0 0 0 0 0 0 0 0 0 0
1784740941.434393,56842,-44,11,1,6,1,-95,1,662941958,128,0 0 0 0 0 0 0 0 0 0 0 0 5 5 4 5 5 6 4 6 4 7 4 6 4 7 4 7 4 7 3 8 3 8 3 8 3 8 3 8 2 8 3 9 3 8 2 9 2 9 3 9 2 9 2 9 2 9 2 9 2 9 2 9 0 0 2 9 3 9 3 9 4 9 3 9 4 9 4 9 4 9 4 9 5 10 5 10 5 10 5 9 5 9 6 10 6 10 6 11 6 11 6 11 7 11 7 11 7 11 7 12 6 12 7 12 7 12 0 0 0 0 0 0 0 0 0 0
1784740941.450361,56843,-44,11,1,6,1,-95,1,662951839,128,0 0 0 0 0 0 0 0 0 0 0 0 2 -7 2 -8 3 -7 3 -8 3 -8 3 -8 4 -7 4 -8 4 -8 4 -8 5 -8 5 -8 5 -8 6 -8 6 -8 6 -7 6 -8 6 -8 6 -8 6 -8 6 -8 6 -8 6 -8 6 -8 7 -8 6 -8 0 0 6 -9 6 -9 7 -9 6 -9 6 -9 6 -10 6 -10 6 -10 6 -10 6 -11 6 -10 6 -11 6 -11 6 -11 5 -11 6 -12 6 -12 6 -13 5 -12 5 -13 5 -13 5 -13 6 -13 6 -13 6 -13 6 -14 0 0 0 0 0 0 0 0 0 0
1784740941.450361,56844,-44,11,1,6,1,-95,1,662961720,128,0 0 0 0 0 0 0 0 0 0 0 0 -7 -2 -7 -3 -7 -3 -7 -3 -7 -4 -7 -4 -7 -4 -7 -4 -7 -5 -7 -5 -7 -5 -7 -5 -8 -6 -8 -6 -8 -6 -8 -6 -8 -6 -8 -6 -8 -7 -8 -7 -7 -7 -8 -7 -8 -7 -8 -7 -8 -7 -8 -7 0 0 -8 -7 -8 -7 -8 -7 -8 -7 -8 -6 -9 -7 -9 -7 -9 -7 -9 -7 -10 -7 -10 -6 -10 -6 -10 -6 -11 -6 -11 -6 -11 -6 -11 -6 -11 -6 -12 -6 -12 -6 -12 -7 -12 -7 -12 -6 -12 -7 -13 -6 -13 -6 0 0 0 0 0 0 0 0 0 0
1784740941.466259,56845,-46,11,1,6,1,-95,1,662971839,128,0 0 0 0 0 0 0 0 0 0 0 0 5 -4 6 -3 6 -3 6 -3 6 -3 7 -3 7 -3 7 -2 7 -2 7 -2 8 -2 8 -2 8 -1 8 -2 8 -2 8 -1 9 -1 9 -1 9 -1 9 -1 9 -1 9 -1 9 -1 9 -1 9 0 9 0 0 0 9 -1 9 -1 9 -1 9 -1 9 -2 9 -2 9 -2 9 -3 9 -2 9 -3 10 -3 10 -3 9 -3 10 -3 10 -4 10 -4 10 -4 11 -5 11 -5 11 -5 11 -5 11 -5 11 -5 12 -5 11 -5 12 -5 0 0 0 0 0 0 0 0 0 0
1784740941.466259,56846,-45,11,1,6,1,-95,1,662982828,128,0 0 0 0 0 0 0 0 0 0 0 0 -4 6 -5 6 -5 6 -6 6 -6 6 -6 5 -6 5 -6 6 -6 6 -7 5 -7 5 -8 5 -8 5 -8 5 -8 5 -8 5 -8 5 -9 5 -9 5 -9 5 -8 5 -9 5 -9 5 -9 5 -9 4 -9 5 0 0 -8 5 -9 5 -8 5 -9 6 -8 5 -8 6 -8 6 -8 6 -8 6 -8 7 -8 7 -8 7 -8 7 -8 8 -8 8 -8 8 -8 9 -8 9 -9 9 -9 9 -9 10 -9 10 -9 10 -9 9 -10 10 -10 10 0 0 0 0 0 0 0 0 0 0
1784740941.482514,56847,-44,11,1,7,1,-95,1,662990515,128,0 0 0 0 0 0 0 0 0 0 0 0 5 -6 5 -5 5 -5 6 -5 6 -4 6 -4 7 -4 7 -4 7 -4 7 -4 7 -4 7 -4 8 -4 8 -4 8 -4 8 -3 8 -3 8 -3 8 -3 8 -3 8 -3 9 -3 8 -3 9 -3 8 -3 9 -3 0 0 9 -3 9 -3 9 -3 9 -4 9 -4 9 -4 9 -4 9 -5 9 -4 9 -5 9 -5 9 -5 10 -5 10 -6 10 -6 10 -6 10 -6 10 -6 11 -6 11 -7 11 -7 11 -7 11 -7 11 -7 11 -7 12 -7 0 0 0 0 0 0 0 0 0 0
1784740941.490051,56848,-43,11,1,7,1,-95,1,663000412,128,0 0 0 0 0 0 0 0 0 0 0 0 -7 3 -7 2 -8 2 -8 2 -8 2 -8 1 -8 1 -9 1 -9 1 -9 1 -9 1 -9 1 -10 0 -10 0 -10 0 -10 -1 -10 -1 -10 -1 -10 0 -10 0 -11 -1 -10 -1 -10 -1 -10 -1 -10 -1 -11 -1 0 0 -11 -1 -11 -1 -11 -1 -11 0 -11 0 -11 0 -11 0 -11 0 -11 0 -12 1 -12 1 -11 1 -12 1 -12 2 -12 1 -13 2 -12 2 -13 2 -13 2 -13 2 -13 2 -14 2 -13 3 -14 2 -14 3 -14 2 0 0 0 0 0 0 0 0 0 0
1784740941.498328,56849,-43,11,1,7,1,-95,1,663010416,128,0 0 0 0 0 0 0 0 0 0 0 0 5 5 5 5 5 6 4 6 4 6 4 6 4 7 4 7 4 7 4 8 3 8 3 8 3 9 3 9 3 9 3 9 3 9 3 10 3 10 3 10 3 10 3 10 2 10 2 10 2 10 2 10 0 0 2 10 2 10 2 10 3 10 3 10 3 10 4 9 4 10 4 9 4 10 4 10 4 10 4 10 4 10 5 10 5 10 5 11 5 11 6 10 6 11 6 11 6 10 6 11 5 12 6 12 6 11 0 0 0 0 0 0 0 0 0 0
1784740941.514576,56850,-43,11,1,7,1,-95,1,663020422,128,0 0 0 0 0 0 0 0 0 0 0 0 -1 -9 -1 -9 0 -9 0 -9 1 -9 1 -9 1 -9 1 -10 1 -10 2 -10 2 -10 3 -10 3 -10 3 -10 3 -11 3 -10 4 -11 4 -10 4 -11 4 -11 4 -10 4 -10 4 -10 5 -10 4 -10 4 -10 0 0 3 -10 4 -10 3 -10 3 -10 3 -10 3 -11 2 -11 2 -11 2 -11 2 -11 2 -11 1 -11 2 -11 1 -12 1 -12 1 -12 1 -12 0 -12 0 -13 0 -13 0 -13 -1 -13 0 -13 0 -13 0 -13 -1 -14 0 0 0 0 0 0 0 0 0 0
1784740941.514576,56851,-44,11,1,7,1,-95,1,663030449,128,0 0 0 0 0 0 0 0 0 0 0 0 -5 -8 -5 -8 -4 -9 -3 -9 -3 -9 -3 -9 -3 -9 -3 -10 -2 -10 -2 -10 -2 -10 -2 -11 -1 -11 -1 -11 -1 -11 -1 -11 -1 -11 -1 -11 0 -11 0 -11 0 -11 0 -11 0 -11 0 -11 0 -11 0 -11 0 0 -1 -11 -1 -11 -1 -11 -1 -11 -1 -10 -1 -11 -2 -11 -2 -11 -2 -11 -3 -11 -3 -11 -3 -11 -3 -11 -3 -11 -4 -11 -4 -11 -4 -12 -4 -11 -5 -12 -5 -12 -5 -12 -6 -12 -6 -12 -6 -12 -6 -12 -6 -12 0 0 0 0 0 0 0 0 0 0
1784740941.533537,56852,-44,11,1,7,1,-95,1,663040480,128,0 0 0 0 0 0 0 0 0 0 0 0 6 4 6 5 6 6 6 6 6 7 6 7 6 7 5 7 5 7 5 8 5 8 4 9 4 9 4 9 5 9 4 9 4 9 4 9 4 10 4 10 4 10 4 9 4 10 3 10 3 9 3 10 0 0 4 9 4 9 4 9 5 9 5 9 5 9 5 8 5 9 6 8 6 9 6 9 6 8 6 8 6 8 8 8 8 8 8 8 8 9 8 9 9 8 9 8 9 8 9 9 9 9 10 9 10 9 0 0 0 0 0 0 0 0 0 0
1784740941.546922,56853,-43,11,1,7,1,-95,1,663050472,128,0 0 0 0 0 0 0 0 0 0 0 0 5 -7 5 -7 6 -7 7 -7 6 -6 7 -6 7 -6 8 -6 8 -6 8 -6 8 -6 8 -6 9 -5 9 -5 9 -5 10 -4 10 -5 10 -4 10 -4 10 -4 10 -4 10 -4 10 -4 9 -4 9 -4 9 -4 0 0 9 -5 9 -5 9 -5 9 -5 9 -5 9 -5 9 -6 9 -6 9 -6 9 -7 8 -7 8 -7 9 -8 9 -8 9 -8 9 -9 9 -8 9 -9 9 -9 9 -9 9 -10 10 -10 9 -10 9 -10 9 -10 10 -10 0 0 0 0 0 0 0 0 0 0
1784740941.546922,56854,-43,11,1,7,1,-95,1,663060558,128,0 0 0 0 0 0 0 0 0 0 0 0 8 -3 8 -3 9 -2 8 -1 9 -1 8 -1 9 -1 9 -1 9 -1 10 0 9 1 10 1 10 1 10 1 10 1 10 2 9 1 10 2 10 2 10 2 10 2 10 2 10 2 9 2 10 2 9 2 0 0 10 1 10 1 9 0 10 0 9 0 10 0 10 -1 10 -1 10 -1 11 -1 11 -1 10 -2 11 -2 11 -2 12 -3 11 -3 12 -3 12 -3 12 -3 12 -3 12 -3 13 -4 13 -3 13 -3 13 -3 13 -3 0 0 0 0 0 0 0 0 0 0
1784740941.562459,56855,-44,11,1,6,1,-95,1,663071706,128,0 0 0 0 0 0 0 0 0 0 0 0 -8 3 -9 3 -9 2 -9 2 -9 1 -10 1 -10 1 -10 1 -10 0 -10 1 -10 0 -10 0 -11 0 -11 0 -11 -1 -11 -1 -11 -1 -11 -1 -11 -2 -11 -2 -11 -2 -11 -2 -11 -1 -11 -1 -11 -1 -11 -1 0 0 -11 -1 -11 -1 -11 -1 -10 -1 -11 -1 -11 0 -11 0 -11 0 -11 0 -11 1 -12 1 -11 1 -12 1 -12 2 -12 1 -13 2 -12 2 -13 2 -13 2 -13 2 -13 3 -13 3 -13 3 -13 3 -13 3 -14 3 0 0 0 0 0 0 0 0 0 0
1784740941.562459,56856,-44,11,1,7,1,-95,1,663080570,128,0 0 0 0 0 0 0 0 0 0 0 0 6 4 6 5 5 5 5 6 5 6 5 7 5 7 5 7 5 7 5 7 5 8 5 8 5 8 5 9 4 9 4 9 4 10 3 10 3 10 3 10 3 10 3 10 3 10 3 10 3 10 3 10 0 0 3 10 3 10 3 10 3 9 3 9 4 9 4 9 4 9 4 9 5 9 5 9 5 9 5 9 6 9 6 9 6 10 6 9 6 9 6 10 7 9 7 9 7 10 7 9 7 9 8 9 8 10 0 0 0 0 0 0 0 0 0 0
1784740941.584512,56857,-45,11,1,7,1,-95,1,663090390,128,0 0 0 0 0 0 0 0 0 0 0 0 7 -2 8 -2 8 -1 8 -1 9 -1 9 -1 9 -1 9 0 9 0 9 1 9 1 10 2 10 2 10 2 10 2 10 2 11 2 10 2 10 3 10 3 10 3 10 3 10 3 10 4 9 4 10 3 0 0 9 3 9 2 9 2 10 2 9 2 9 2 9 1 10 1 10 1 10 1 10 1 10 0 10 0 10 0 10 -1 11 -1 11 -1 11 -2 11 -2 11 -2 11 -2 11 -3 12 -2 12 -2 12 -2 12 -3 0 0 0 0 0 0 0 0 0 0
1784740941.594388,56858,-45,11,1,6,1,-95,1,663100478,128,0 0 0 0 0 0 0 0 0 0 0 0 2 -9 3 -9 3 -8 4 -9 4 -8 4 -9 5 -8 5 -9 6 -8 6 -8 6 -8 7 -8 7 -8 7 -8 7 -8 8 -8 8 -8 8 -8 9 -8 8 -8 9 -7 9 -7 8 -7 8 -7 8 -7 8 -7 0 0 8 -7 8 -7 8 -7 7 -7 7 -7 7 -8 7 -8 7 -8 7 -8 6 -9 6 -9 6 -9 6 -9 6 -10 6 -10 6 -10 6 -10 6 -11 6 -11 6 -11 6 -11 6 -11 6 -11 6 -12 6 -12 6 -12 0 0 0 0 0 0 0 0 0 0
1784740941.594388,56859,-46,11,1,6,1,-95,1,663110481,128,0 0 0 0 0 0 0 0 0 0 0 0 -4 -8 -3 -9 -2 -9 -2 -10 -2 -10 -2 -10 -2 -10 -1 -10 -1 -10 -1 -11 -1 -11 -1 -11 0 -11 0 -11 0 -12 1 -12 1 -12 1 -12 1 -12 1 -12 1 -12 2 -12 1 -12 1 -11 1 -11 1 -12 0 0 1 -12 1 -12 1 -11 1 -11 0 -11 1 -12 0 -12 0 -12 0 -12 -1 -12 -1 -12 -1 -12 -1 -12 -2 -13 -1 -13 -1 -13 -2 -13 -2 -13 -2 -13 -2 -13 -2 -14 -2 -14 -3 -13 -3 -14 -3 -14 -3 -14 0 0 0 0 0 0 0 0 0 0
1784740941.610442,56860,-46,11,1,6,1,-95,1,663120398,128,0 0 0 0 0 0 0 0 0 0 0 0 -7 -4 -7 -4 -7 -5 -7 -5 -7 -6 -7 -6 -7 -6 -7 -6 -7 -6 -7 -7 -7 -7 -7 -8 -7 -8 -7 -8 -7 -8 -7 -9 -6 -9 -7 -9 -6 -9 -6 -10 -6 -10 -6 -10 -6 -10 -6 -10 -5 -10 -5 -10 0 0 -6 -10 -6 -10 -6 -9 -6 -10 -6 -9 -6 -9 -6 -9 -7 -9 -7 -9 -7 -10 -7 -9 -7 -9 -7 -9 -7 -9 -8 -9 -8 -9 -8 -9 -8 -9 -9 -9 -9 -9 -9 -9 -10 -9 -9 -10 -9 -10 -9 -9 -10 -9 0 0 0 0 0 0 0 0 0 0
1784740941.626334,56861,-46,11,1,6,1,-95,1,663130480,128,0 0 0 0 0 0 0 0 0 0 0 0 6 -5 6 -5 7 -4 7 -4 7 -4 7 -4 8 -4 8 -4 9 -3 9 -4 9 -3 9 -3 10 -3 10 -3 10 -3 11 -2 11 -2 11 -2 11 -1 11 -1 11 -1 11 -1 11 -1 11 -1 11 -1 11 0 0 0 11 -1 11 -1 11 0 11 -1 10 -1 10 -1 10 -1 10 -2 11 -2 11 -2 11 -3 11 -3 11 -3 11 -3 11 -4 12 -4 11 -4 12 -4 12 -4 12 -5 12 -5 13 -5 13 -5 13 -5 13 -5 13 -5 0 0 0 0 0 0 0 0 0 0
1784740941.626334,56862,-47,11,1,6,1,-95,1,663140406,128,0 0 0 0 0 0 0 0 0 0 0 0 6 2 6 2 7 3 6 3 6 4 6 4 7 4 6 5 7 5 7 5 7 6 6 6 6 6 7 6 6 6 6 7 6 7 6 7 6 7 6 8 6 8 6 7 6 8 5 7 5 7 6 7 0 0 6 7 6 7 6 7 6 7 6 6 7 7 7 6 7 6 7 6 8 6 8 6 8 6 8 6 8 6 10 6 10 6 10 6 10 6 11 6 11 6 11 6 11 6 11 7 11 7 11 7 12 7 0 0 0 0 0 0 0 0 0 0
1784740941.642275,56863,-48,11,1,6,1,-95,1,663150417,128,0 0 0 0 0 0 0 0 0 0 0 0 0 6 -1 6 -1 7 -2 6 -2 7 -2 7 -2 7 -2 7 -2 7 -3 7 -3 7 -4 7 -4 7 -4 7 -4 7 -4 8 -4 8 -5 8 -5 8 -5 8 -5 8 -5 8 -5 8 -5 8 -5 7 -5 7 0 0 -5 8 -5 8 -5 8 -5 9 -4 8 -4 9 -4 9 -4 9 -4 9 -4 10 -4 9 -4 9 -4 10 -4 9 -3 11 -3 11 -4 11 -4 11 -3 12 -3 12 -3 12 -3 12 -4 13 -4 13 -4 13 -4 13 0 0 0 0 0 0 0 0 0 0
1784740941.659990,56864,-47,11,1,6,1,-95,1,663162932,128,0 0 0 0 0 0 0 0 0 0 0 0 -3 5 -4 5 -4 5 -5 5 -5 5 -5 5 -6 5 -6 6 -6 5 -7 5 -7 5 -7 5 -8 5 -8 5 -8 5 -9 5 -9 5 -9 4 -9 4 -9 4 -9 4 -9 4 -9 4 -9 4 -9 3 -10 3 0 0 -9 4 -9 4 -9 4 -9 4 -9 4 -9 4 -8 4 -8 5 -8 4 -8 5 -8 5 -8 5 -8 5 -8 6 -8 6 -8 7 -8 6 -8 7 -8 7 -8 8 -8 8 -8 8 -9 8 -9 8 -9 9 -9 9 0 0 0 0 0 0 0 0 0 0
1784740941.659990,56865,-47,11,1,6,1,-95,1,663170405,128,0 0 0 0 0 0 0 0 0 0 0 0 -7 2 -7 2 -8 2 -8 1 -9 1 -9 1 -9 1 -9 1 -10 0 -10 0 -10 -1 -10 -1 -10 -1 -10 -1 -11 -1 -11 -2 -10 -2 -11 -2 -10 -2 -11 -2 -10 -3 -10 -3 -10 -3 -10 -3 -10 -3 -10 -3 0 0 -10 -3 -10 -3 -9 -3 -10 -2 -10 -2 -10 -2 -10 -1 -10 -1 -10 -1 -10 -1 -10 -1 -10 0 -10 0 -11 0 -11 1 -11 1 -11 1 -11 1 -11 2 -12 2 -12 2 -12 2 -12 2 -13 2 -13 2 -13 2 0 0 0 0 0 0 0 0 0 0
1784740941.674126,56866,-46,11,1,6,1,-95,1,663180385,128,0 0 0 0 0 0 0 0 0 0 0 0 -1 7 -1 7 -2 7 -2 8 -3 8 -2 8 -3 8 -3 8 -3 8 -4 8 -5 8 -5 8 -5 8 -5 8 -5 8 -5 8 -5 8 -6 8 -6 8 -6 8 -6 8 -6 8 -6 8 -6 8 -6 7 -6 8 0 0 -6 8 -5 8 -5 8 -5 8 -5 8 -5 9 -4 8 -4 9 -4 9 -4 9 -4 9 -4 9 -4 9 -4 9 -3 10 -2 10 -3 10 -3 11 -3 11 -2 11 -2 11 -2 11 -3 11 -3 12 -3 12 -3 12 0 0 0 0 0 0 0 0 0 0
1784740941.674126,56867,-45,11,1,6,1,-95,1,663190520,128,0 0 0 0 0 0 0 0 0 0 0 0 -2 7 -3 7 -3 7 -3 7 -4 7 -4 7 -4 7 -5 7 -5 7 -5 7 -5 7 -5 7 -6 7 -6 8 -6 7 -6 7 -7 7 -7 7 -7 7 -7 7 -7 7 -8 7 -7 7 -7 7 -7 7 -7 7 0 0 -7 8 -7 7 -7 7 -6 7 -6 7 -7 8 -7 8 -6 8 -7 8 -6 8 -5 9 -5 9 -5 9 -6 10 -5 9 -6 10 -5 9 -5 10 -5 10 -5 10 -5 10 -5 10 -5 10 -5 11 -4 11 -5 11 0 0 0 0 0 0 0 0 0 0
1784740941.690550,56868,-45,11,1,6,1,-95,1,663200482,128,0 0 0 0 0 0 0 0 0 0 0 0 -7 -4 -7 -4 -7 -5 -7 -5 -7 -5 -7 -6 -7 -6 -7 -6 -7 -6 -7 -7 -7 -8 -7 -8 -7 -8 -7 -8 -7 -8 -7 -9 -7 -9 -7 -9 -7 -9 -7 -9 -7 -9 -7 -9 -7 -9 -6 -9 -6 -9 -7 -9 0 0 -7 -9 -7 -9 -7 -9 -7 -9 -7 -9 -7 -9 -8 -8 -8 -8 -8 -8 -8 -8 -8 -9 -9 -8 -9 -8 -9 -8 -10 -8 -10 -8 -10 -8 -10 -8 -11 -7 -11 -7 -11 -7 -11 -7 -11 -8 -11 -8 -11 -8 -12 -7 0 0 0 0 0 0 0 0 0 0
1784740941.706053,56869,-44,11,1,6,1,-95,1,663210469,128,0 0 0 0 0 0 0 0 0 0 0 0 -1 -8 0 -8 0 -8 1 -9 1 -9 1 -9 2 -9 2 -9 2 -9 3 -9 3 -9 3 -9 4 -9 4 -9 4 -10 5 -9 5 -9 5 -9 5 -9 5 -9 5 -9 5 -9 5 -9 5 -9 5 -9 5 -9 0 0 5 -9 5 -9 5 -9 5 -10 4 -9 4 -10 4 -10 4 -10 4 -10 4 -11 4 -11 3 -11 4 -11 4 -11 3 -12 3 -12 3 -12 3 -12 3 -13 3 -13 3 -13 3 -13 3 -14 3 -14 3 -14 3 -14 0 0 0 0 0 0 0 0 0 0
1784740941.706053,56870,-45,11,1,6,1,-95,1,663220408,128,0 0 0 0 0 0 0 0 0 0 0 0 2 -8 2 -8 3 -8 3 -8 4 -7 4 -8 4 -7 5 -8 5 -7 5 -8 5 -8 6 -8 6 -7 6 -8 7 -7 7 -7 7 -7 8 -7 8 -7 8 -6 8 -7 8 -6 7 -7 7 -7 7 -7 7 -7 0 0 8 -7 7 -7 7 -7 7 -7 7 -7 7 -7 7 -8 7 -8 7 -8 7 -9 6 -9 6 -10 7 -10 7 -10 7 -10 7 -11 7 -10 7 -11 7 -11 7 -11 8 -11 8 -11 7 -12 7 -12 7 -12 8 -12 0 0 0 0 0 0 0 0 0 0
1784740941.728243,56871,-45,11,1,6,1,-95,1,663230450,128,0 0 0 0 0 0 0 0 0 0 0 0 -5 -6 -5 -6 -5 -7 -5 -7 -5 -7 -5 -7 -5 -8 -5 -8 -5 -8 -4 -9 -4 -9 -4 -9 -4 -9 -4 -9 -4 -9 -4 -10 -4 -10 -4 -10 -3 -10 -4 -10 -4 -10 -4 -10 -3 -11 -3 -10 -3 -10 -3 -10 0 0 -4 -10 -4 -10 -4 -9 -5 -10 -5 -10 -5 -10 -5 -10 -6 -10 -6 -10 -6 -11 -6 -10 -6 -10 -6 -10 -6 -10 -8 -11 -8 -10 -8 -11 -8 -11 -8 -11 -9 -11 -8 -11 -9 -11 -9 -12 -8 -12 -8 -12 -8 -11 0 0 0 0 0 0 0 0 0 0
1784740941.738281,56872,-45,11,1,6,1,-95,1,663240527,128,0 0 0 0 0 0 0 0 0 0 0 0 -8 0 -8 0 -8 -1 -9 -1 -8 -1 -9 -2 -9 -1 -9 -2 -9 -2 -9 -2 -9 -3 -10 -3 -10 -3 -10 -4 -10 -4 -10 -4 -11 -4 -10 -4 -10 -4 -10 -4 -10 -4 -10 -4 -10 -4 -10 -5 -10 -5 -10 -5 0 0 -11 -4 -10 -4 -11 -4 -10 -4 -11 -4 -11 -3 -11 -3 -11 -3 -12 -3 -11 -3 -12 -3 -12 -3 -12 -3 -13 -3 -12 -2 -13 -2 -12 -3 -13 -2 -13 -2 -13 -2 -13 -2 -13 -2 -13 -2 -13 -3 -13 -3 -14 -2 0 0 0 0 0 0 0 0 0 0
1784740941.738281,56873,-46,11,1,6,1,-95,1,663250470,128,0 0 0 0 0 0 0 0 0 0 0 0 1 8 1 8 0 8 0 8 0 9 -1 9 -1 9 -1 9 -2 9 -2 10 -2 10 -2 10 -2 10 -3 10 -3 10 -4 10 -4 11 -4 11 -4 11 -4 11 -4 11 -4 10 -4 11 -4 10 -4 10 -4 10 0 0 -4 10 -4 11 -4 10 -3 11 -3 11 -3 11 -3 11 -2 11 -3 11 -2 12 -2 11 -1 12 -2 12 -2 12 -1 12 -2 12 -1 12 -1 12 -1 13 -1 13 -1 13 -1 13 -1 13 -1 13 -1 13 -1 13 0 0 0 0 0 0 0 0 0 0
1784740941.754443,56874,-45,11,1,6,1,-95,1,663260401,128,0 0 0 0 0 0 0 0 0 0 0 0 8 1 8 2 8 2 8 3 8 3 8 3 8 4 8 4 9 4 9 5 9 5 8 6 8 6 8 6 8 6 9 6 9 6 9 7 9 7 9 7 9 7 9 7 9 7 8 7 8 7 8 7 0 0 9 6 9 6 9 6 10 6 9 6 10 6 10 5 10 5 10 5 11 5 11 5 11 5 11 5 11 4 12 4 12 4 12 4 13 4 12 4 13 4 13 4 13 4 13 4 13 4 13 4 13 4 0 0 0 0 0 0 0 0 0 0
1784740941.754443,56875,-45,11,1,6,1,-95,1,663270485,128,0 0 0 0 0 0 0 0 0 0 0 0 -4 6 -5 6 -5 6 -6 6 -6 6 -7 6 -6 6 -7 6 -7 6 -8 6 -8 6 -8 6 -9 6 -9 6 -9 6 -10 6 -10 6 -10 5 -10 6 -10 5 -10 6 -10 5 -10 6 -10 5 -10 5 -10 5 0 0 -10 6 -10 6 -10 6 -10 6 -9 6 -10 6 -9 6 -9 7 -9 7 -9 7 -9 8 -9 8 -9 8 -10 8 -9 9 -10 9 -9 9 -10 10 -9 10 -10 10 -10 10 -10 10 -10 10 -10 10 -10 10 -10 11 0 0 0 0 0 0 0 0 0 0
1784740941.774011,56876,-44,11,1,6,1,-95,1,663280441,128,0 0 0 0 0 0 0 0 0 0 0 0 7 1 7 2 7 3 7 3 7 3 7 4 7 4 7 4 7 4 8 4 7 5 8 5 8 5 8 6 8 6 8 7 8 7 8 7 8 7 8 7 8 7 7 7 8 7 7 7 7 7 8 7 0 0 8 7 8 7 8 7 8 6 8 6 9 6 9 6 9 6 9 6 10 6 10 6 10 5 10 6 11 6 10 5 11 6 11 5 12 6 12 6 12 5 12 5 12 6 12 5 12 5 12 5 13 6 0 0 0 0 0 0 0 0 0 0
1784740941.786152,56877,-44,11,1,6,1,-95,1,663290465,128,0 0 0 0 0 0 0 0 0 0 0 0 -2 7 -2 7 -3 7 -3 7 -3 7 -4 7 -4 8 -4 8 -4 8 -5 8 -5 8 -6 8 -6 8 -6 8 -6 8 -7 9 -7 8 -7 9 -7 8 -7 8 -7 8 -7 8 -8 9 -8 8 -8 8 -8 8 0 0 -7 8 -7 9 -7 9 -7 10 -7 9 -7 10 -6 10 -7 10 -6 10 -6 11 -6 11 -6 11 -6 11 -6 10 -6 12 -6 12 -6 12 -6 12 -6 12 -6 13 -6 13 -6 13 -6 13 -6 13 -6 13 -6 13 0 0 0 0 0 0 0 0 0 0
1784740941.790727,56878,-45,11,1,6,1,-95,1,663301339,128,0 0 0 0 0 0 0 0 0 0 0 0 0 7 -1 7 -1 7 -2 7 -2 8 -2 7 -2 8 -2 8 -3 8 -3 8 -3 8 -4 8 -4 8 -4 9 -4 9 -5 9 -5 9 -5 9 -5 9 -5 9 -5 9 -6 9 -5 9 -6 9 -5 9 -5 9 0 0 -6 9 -6 9 -5 9 -5 10 -5 10 -5 10 -5 10 -5 10 -5 10 -5 11 -5 11 -4 11 -5 11 -5 11 -5 12 -5 12 -5 12 -5 12 -5 12 -5 13 -5 13 -5 13 -5 13 -5 13 -5 13 -5 13 0 0 0 0 0 0 0 0 0 0
1784740941.802147,56879,-45,11,1,7,1,-95,1,663310429,128,0 0 0 0 0 0 0 0 0 0 0 0 -8 -2 -8 -3 -8 -4 -8 -3 -8 -4 -8 -4 -8 -4 -8 -5 -8 -5 -8 -5 -8 -6 -8 -6 -8 -6 -9 -7 -9 -7 -9 -7 -9 -7 -9 -7 -9 -8 -9 -7 -9 -7 -9 -8 -9 -8 -9 -8 -9 -8 -9 -8 0 0 -9 -8 -9 -8 -9 -8 -9 -8 -9 -7 -10 -8 -10 -8 -10 -7 -10 -7 -11 -8 -10 -8 -11 -7 -11 -7 -11 -7 -12 -8 -11 -8 -12 -8 -12 -8 -12 -8 -12 -7 -12 -7 -12 -7 -12 -8 -12 -8 -12 -8 -12 -8 0 0 0 0 0 0 0 0 0 0
1784740941.818202,56880,-41,11,1,7,0,-95,1,663321657,128,0 0 0 0 0 0 0 0 0 0 0 0 -4 -7 -3 -8 -3 -8 -3 -8 -3 -8 -3 -9 -2 -9 -2 -9 -2 -10 -2 -10 -2 -10 -2 -11 -2 -11 -1 -11 -1 -11 0 -11 -1 -12 0 -11 0 -12 0 -12 0 -12 0 -12 0 -12 0 -12 0 -12 0 -12 0 0 0 -12 0 -12 0 -13 0 -12 0 -13 0 -13 -1 -13 -1 -13 -1 -13 -2 -13 -2 -13 -2 -13 -2 -14 -2 -14 -2 -14 -2 -14 -2 -14 -2 -14 -2 -14 -3 -14 -3 -15 -3 -15 -3 -14 -3 -15 -3 -15 -3 -15 0 0 0 0 0 0 0 0 0 0
1784740941.818202,56881,-44,11,1,7,1,-95,1,663330408,128,0 0 0 0 0 0 0 0 0 0 0 0 -5 -5 -5 -6 -5 -6 -5 -7 -4 -7 -5 -7 -4 -7 -5 -8 -5 -8 -5 -8 -4 -9 -4 -9 -4 -9 -4 -10 -4 -10 -4 -10 -4 -10 -4 -10 -4 -11 -3 -11 -3 -11 -3 -11 -3 -11 -3 -11 -3 -11 -3 -11 0 0 -4 -11 -4 -11 -4 -11 -4 -11 -4 -11 -5 -11 -5 -11 -5 -11 -5 -12 -6 -11 -6 -12 -6 -11 -6 -12 -6 -13 -7 -12 -7 -13 -7 -12 -7 -13 -7 -13 -8 -13 -7 -13 -8 -13 -7 -13 -7 -13 -8 -13 -8 -13 0 0 0 0 0 0 0 0 0 0
1784740941.833999,56882,-45,11,1,7,1,-95,1,663341869,128,0 0 0 0 0 0 0 0 0 0 0 0 -2 -6 -1 -7 -1 -7 -1 -7 -1 -7 0 -8 0 -8 0 -8 0 -8 0 -8 1 -9 1 -9 1 -9 2 -9 2 -9 2 -9 2 -10 2 -9 2 -10 3 -10 3 -10 3 -10 3 -10 3 -10 3 -10 3 -10 0 0 3 -11 3 -11 3 -11 2 -11 2 -11 2 -12 2 -12 2 -12 2 -12 2 -13 2 -13 2 -13 2 -13 2 -14 2 -13 2 -14 2 -14 2 -15 2 -15 2 -15 2 -15 2 -15 2 -15 3 -15 3 -15 3 -16 0 0 0 0 0 0 0 0 0 0
1784740941.833999,56883,-45,11,1,7,1,-95,1,663350435,128,0 0 0 0 0 0 0 0 0 0 0 0 0 -7 1 -7 1 -7 2 -7 2 -7 2 -7 2 -7 3 -8 3 -8 3 -8 3 -8 4 -8 4 -8 4 -8 4 -8 5 -8 5 -8 5 -8 5 -8 5 -8 5 -8 5 -8 5 -8 5 -8 5 -8 5 -9 0 0 6 -9 5 -9 6 -9 5 -9 5 -10 5 -10 5 -10 5 -10 5 -10 5 -11 5 -11 5 -11 5 -11 5 -12 5 -12 5 -13 5 -12 6 -13 5 -13 5 -13 5 -13 6 -14 6 -13 6 -13 6 -13 6 -14 0 0 0 0 0 0 0 0 0 0
1784740941.856086,56884,-46,11,1,7,1,-95,1,663360447,128,0 0 0 0 0 0 0 0 0 0 0 0 7 0 7 0 7 1 7 1 7 1 7 2 7 2 8 2 8 3 8 2 8 3 8 3 8 3 8 4 8 4 8 4 8 4 8 4 8 4 8 5 8 5 8 5 8 4 8 4 8 4 9 4 0 0 9 4 9 4 9 5 9 4 9 4 9 4 9 4 10 3 10 4 10 3 10 3 11 3 11 3 12 3 11 3 12 3 12 3 12 3 12 3 13 3 13 3 13 4 13 3 13 3 14 3 14 4 0 0 0 0 0 0 0 0 0 0
1784740941.865917,56885,-45,11,1,7,1,-95,1,663370699,128,0 0 0 0 0 0 0 0 0 0 0 0 -4 -7 -4 -8 -3 -8 -3 -8 -3 -9 -3 -9 -2 -9 -2 -9 -2 -9 -2 -9 -2 -10 -1 -10 -1 -10 -1 -10 -1 -10 -1 -10 -1 -10 -1 -11 -1 -11 -1 -10 -1 -11 -1 -11 -1 -11 -1 -11 -1 -11 -1 -11 0 0 -1 -11 -2 -11 -2 -11 -2 -11 -2 -11 -2 -11 -2 -11 -3 -12 -3 -11 -3 -12 -3 -12 -3 -12 -4 -12 -4 -12 -5 -13 -5 -13 -4 -14 -5 -14 -5 -13 -5 -14 -5 -14 -5 -14 -5 -15 -4 -15 -4 -15 -5 -15 0 0 0 0 0 0 0 0 0 0
1784740941.865917,56886,-45,11,1,7,1,-95,1,663380374,128,0 0 0 0 0 0 0 0 0 0 0 0 -6 5 -6 5 -7 5 -7 5 -7 5 -7 4 -7 4 -8 4 -8 4 -8 4 -9 4 -9 4 -9 4 -9 4 -9 4 -9 4 -10 4 -10 4 -10 4 -10 4 -10 4 -10 4 -10 4 -10 4 -10 4 -10 4 0 0 -10 4 -10 5 -10 5 -10 5 -10 5 -10 5 -10 6 -10 6 -10 6 -10 7 -10 7 -10 7 -10 7 -10 7 -10 8 -11 8 -11 8 -11 8 -11 9 -11 9 -11 9 -12 9 -12 9 -12 9 -12 9 -12 9 0 0 0 0 0 0 0 0 0 0
1784740941.881876,56887,-41,11,1,7,0,-95,1,663391091,128,0 0 0 0 0 0 0 0 0 0 0 0 4 6 3 6 3 7 3 7 3 7 3 8 3 8 2 8 2 8 2 8 2 9 2 9 2 9 2 10 2 10 2 10 2 10 2 11 2 11 2 11 1 11 1 11 2 11 1 11 1 11 1 11 0 0 2 12 2 12 2 12 2 12 3 12 3 12 3 12 3 12 3 12 4 13 3 13 4 13 4 13 4 13 4 14 4 14 4 14 4 14 5 14 5 15 5 15 5 15 5 15 5 15 4 16 4 16 0 0 0 0 0 0 0 0 0 0
1784740941.897856,56888,-44,11,1,7,1,-95,1,663400440,128,0 0 0 0 0 0 0 0 0 0 0 0 -6 3 -7 3 -7 3 -7 2 -8 3 -8 2 -8 2 -8 2 -8 3 -9 2 -9 2 -9 1 -9 2 -10 1 -10 2 -10 2 -10 2 -10 2 -11 2 -11 2 -11 2 -11 1 -11 1 -11 1 -11 1 -11 1 0 0 -11 1 -12 2 -11 2 -12 3 -11 2 -11 3 -11 3 -12 3 -12 3 -13 3 -13 3 -12 4 -12 4 -12 4 -13 5 -12 5 -13 5 -13 5 -13 5 -13 6 -14 5 -14 6 -15 5 -14 5 -14 5 -15 5 0 0 0 0 0 0 0 0 0 0
1784740941.899861,56889,-45,11,1,7,1,-95,1,663410424,128,0 0 0 0 0 0 0 0 0 0 0 0 6 -3 6 -3 6 -2 6 -2 6 -2 6 -2 7 -2 7 -2 7 -2 7 -1 7 -1 8 -1 8 -1 8 -1 9 -1 8 -1 9 -1 9 -1 9 0 9 -1 10 -1 10 -1 10 -1 9 0 10 0 10 0 0 0 11 0 10 0 10 0 10 -1 11 -1 11 -1 11 -1 11 -2 11 -2 11 -2 11 -2 12 -2 12 -2 12 -2 12 -2 13 -2 12 -2 13 -3 12 -3 13 -3 13 -3 14 -3 13 -3 13 -2 13 -2 14 -2 0 0 0 0 0 0 0 0 0 0
1784740941.913941,56890,-46,11,1,7,1,-95,1,663420468,128,0 0 0 0 0 0 0 0 0 0 0 0 -5 -6 -4 -6 -4 -7 -4 -7 -4 -7 -4 -7 -4 -7 -4 -7 -3 -8 -4 -8 -4 -8 -4 -8 -4 -9 -4 -9 -4 -9 -3 -9 -4 -10 -4 -10 -4 -10 -4 -10 -4 -10 -4 -11 -4 -10 -4 -11 -4 -11 -4 -11 0 0 -4 -11 -4 -11 -4 -12 -4 -11 -4 -11 -5 -11 -5 -11 -5 -11 -5 -11 -6 -12 -6 -11 -6 -11 -6 -12 -7 -12 -6 -12 -6 -13 -6 -12 -7 -13 -7 -13 -7 -13 -7 -13 -7 -13 -7 -13 -7 -13 -7 -13 -7 -14 0 0 0 0 0 0 0 0 0 0
1784740941.913941,56891,-45,11,1,7,1,-95,1,663430833,128,0 0 0 0 0 0 0 0 0 0 0 0 5 4 5 4 5 4 5 5 5 4 5 5 5 5 5 5 5 5 5 5 5 6 5 6 5 6 5 6 6 7 6 7 6 7 6 7 6 8 6 8 6 8 6 8 6 8 6 8 6 8 6 8 0 0 6 8 7 8 7 8 7 8 7 8 8 8 7 8 8 8 8 8 9 9 9 9 9 8 9 8 9 9 10 9 10 9 9 9 10 9 10 9 10 9 10 9 11 10 10 9 10 10 10 10 10 10 0 0 0 0 0 0 0 0 0 0
1784740941.930070,56892,-44,11,1,7,1,-95,1,663440423,128,0 0 0 0 0 0 0 0 0 0 0 0 -3 -8 -2 -8 -2 -8 -1 -8 -1 -8 -1 -9 -1 -9 -1 -9 0 -9 -1 -9 0 -10 0 -10 0 -10 0 -10 0 -11 1 -11 1 -11 1 -11 2 -11 2 -11 1 -11 2 -11 2 -11 2 -12 2 -11 2 -12 0 0 2 -12 2 -12 2 -12 2 -12 2 -12 1 -12 2 -12 1 -13 2 -13 1 -13 1 -13 1 -13 1 -14 1 -14 1 -14 1 -14 1 -14 1 -14 1 -15 1 -15 1 -15 1 -15 1 -15 1 -15 1 -15 1 -15 0 0 0 0 0 0 0 0 0 0
1784740941.945838,56893,-43,11,1,7,1,-95,1,663450492,128,0 0 0 0 0 0 0 0 0 0 0 0 -6 6 -6 5 -7 5 -7 5 -8 5 -8 4 -8 5 -8 5 -9 5 -9 4 -9 4 -10 4 -10 4 -10 4 -10 4 -11 4 -10 4 -11 4 -11 4 -11 4 -11 4 -11 4 -12 4 -11 3 -11 3 -11 4 0 0 -11 4 -12 4 -11 4 -11 4 -10 4 -11 5 -11 5 -11 5 -11 5 -11 6 -11 6 -11 6 -11 6 -11 6 -11 7 -11 7 -11 8 -11 7 -11 8 -11 8 -11 8 -11 8 -11 9 -11 8 -12 8 -11 8 0 0 0 0 0 0 0 0 0 0
1784740941.945838,56894,-44,11,1,7,1,-95,1,663460430,128,0 0 0 0 0 0 0 0 0 0 0 0 -8 -3 -8 -4 -8 -4 -8 -5 -8 -5 -8 -5 -8 -5 -8 -6 -8 -5 -8 -6 -8 -7 -8 -7 -8 -7 -8 -7 -8 -7 -8 -8 -8 -8 -8 -8 -8 -9 -8 -8 -8 -9 -8 -8 -8 -9 -8 -9 -8 -9 -8 -9 0 0 -8 -9 -8 -9 -8 -9 -9 -9 -9 -8 -9 -9 -9 -8 -9 -8 -9 -8 -10 -8 -9 -8 -10 -8 -10 -8 -10 -8 -11 -7 -11 -7 -11 -8 -11 -8 -11 -7 -12 -7 -12 -7 -12 -7 -12 -8 -12 -8 -12 -8 -12 -8 0 0 0 0 0 0 0 0 0 0
1784740941.961849,56895,-45,11,1,6,1,-95,1,663475329,128,0 0 0 0 0 0 0 0 0 0 0 0 -5 -6 -5 -6 -4 -7 -4 -7 -4 -7 -4 -7 -4 -8 -4 -8 -4 -8 -3 -8 -3 -8 -3 -9 -3 -8 -3 -9 -3 -9 -3 -9 -3 -9 -3 -9 -3 -9 -3 -10 -3 -9 -3 -10 -3 -10 -3 -10 -3 -10 -3 -10 0 0 -3 -11 -4 -10 -4 -11 -4 -11 -4 -11 -4 -11 -4 -11 -5 -11 -5 -11 -5 -12 -5 -12 -5 -11 -5 -12 -5 -12 -6 -12 -6 -12 -6 -12 -6 -13 -6 -13 -6 -13 -7 -13 -7 -13 -6 -13 -6 -13 -6 -13 -6 -13 0 0 0 0 0 0 0 0 0 0
1784740941.977968,56896,-45,11,1,6,1,-95,1,663481703,128,0 0 0 0 0 0 0 0 0 0 0 0 -1 6 -2 6 -2 6 -2 6 -2 6 -2 6 -3 6 -3 6 -3 6 -3 6 -3 6 -3 6 -3 7 -3 7 -3 7 -3 7 -4 8 -4 8 -4 8 -4 8 -4 8 -4 8 -4 8 -4 9 -4 9 -4 9 0 0 -4 9 -4 9 -5 10 -4 10 -4 10 -4 10 -5 10 -5 11 -5 11 -4 11 -4 11 -4 11 -4 12 -5 12 -4 12 -5 13 -5 12 -5 13 -5 13 -5 13 -5 13 -5 13 -5 13 -5 13 -5 13 -5 14 0 0 0 0 0 0 0 0 0 0
1784740941.977968,56897,-44,11,1,7,1,-95,1,663490419,128,0 0 0 0 0 0 0 0 0 0 0 0 3 5 2 5 2 6 2 6 2 6 2 6 2 6 2 6 2 6 1 7 1 7 1 7 1 7 1 8 1 8 2 8 2 8 2 9 2 9 2 9 2 9 2 9 2 10 2 10 1 10 1 10 0 0 2 10 2 10 2 11 2 11 2 11 2 11 3 11 2 12 3 11 3 13 3 12 3 12 3 12 3 12 4 13 4 13 3 13 4 13 4 13 4 14 4 14 4 14 3 14 3 14 3 14 3 14 0 0 0 0 0 0 0 0 0 0
1784740941.994132,56898,-44,11,1,7,1,-95,1,663500423,128,0 0 0 0 0 0 0 0 0 0 0 0 4 5 4 5 3 6 3 6 3 6 3 6 3 6 3 6 3 7 3 6 3 7 3 7 3 8 3 8 3 8 2 8 3 9 3 9 3 9 3 9 3 9 3 9 3 9 3 9 3 9 3 10 0 0 3 10 3 10 3 10 4 10 4 10 4 10 4 10 5 10 4 10 5 10 5 10 6 10 6 11 6 11 6 11 6 12 6 11 7 12 7 12 7 12 7 12 7 12 7 12 7 12 7 13 6 13 0 0 0 0 0 0 0 0 0 0
1784740941.994132,56899,-45,11,1,6,1,-95,1,663511658,128,0 0 0 0 0 0 0 0 0 0 0 0 -3 -7 -2 -8 -1 -8 -1 -8 -1 -8 -1 -9 -1 -8 -1 -9 0 -9 0 -9 0 -9 0 -9 0 -9 1 -9 0 -10 1 -9 1 -10 1 -10 1 -10 1 -10 1 -10 1 -10 1 -10 1 -10 1 -10 1 -11 0 0 1 -11 1 -10 1 -11 0 -11 0 -11 0 -11 0 -12 -1 -12 -1 -12 -1 -12 -1 -12 -2 -13 -1 -13 -2 -14 -2 -13 -2 -15 -2 -14 -2 -15 -2 -15 -2 -15 -2 -15 -2 -16 -2 -15 -1 -15 -1 -16 -2 -16 0 0 0 0 0 0 0 0 0 0
1784740942.010252,56900,-44,11,1,7,1,-95,1,663520501,128,0 0 0 0 0 0 0 0 0 0 0 0 -2 7 -2 7 -3 6 -3 7 -3 7 -4 7 -4 7 -4 7 -4 7 -4 6 -5 7 -5 7 -5 7 -6 7 -6 7 -5 7 -6 8 -6 7 -6 7 -6 7 -6 8 -6 8 -6 7 -6 7 -6 8 -6 8 0 0 -6 9 -6 8 -6 9 -5 9 -5 9 -5 9 -5 10 -5 10 -5 10 -5 10 -5 11 -5 11 -5 11 -5 12 -5 12 -5 13 -5 12 -5 13 -5 13 -5 13 -5 13 -6 14 -6 13 -6 13 -6 14 -6 14 0 0 0 0 0 0 0 0 0 0
1784740942.026168,56901,-43,11,1,7,1,-95,1,663530484,128,0 0 0 0 0 0 0 0 0 0 0 0 7 -2 7 -1 8 0 8 0 8 0 8 0 8 1 8 1 8 1 8 1 9 1 9 1 9 1 9 2 10 2 9 2 10 3 10 3 10 3 10 3 10 3 10 3 10 3 10 3 10 3 11 3 0 0 10 3 10 3 10 3 11 3 11 3 11 3 11 2 11 2 11 3 12 2 12 2 12 1 12 2 13 2 12 1 13 2 13 2 13 1 13 2 14 1 14 1 14 1 14 1 14 2 14 1 14 1 0 0 0 0 0 0 0 0 0 0
1784740942.026168,56902,-43,11,1,7,1,-95,1,663540437,128,0 0 0 0 0 0 0 0 0 0 0 0 7 0 7 0 8 1 8 1 8 1 8 1 8 2 8 2 9 2 9 3 9 3 9 4 8 4 9 4 9 4 9 4 9 4 10 5 9 5 10 5 9 5 9 5 10 5 9 6 9 6 9 6 0 0 9 5 10 5 9 5 10 5 10 5 10 5 10 5 10 5 10 5 11 5 11 5 11 4 11 4 11 4 12 4 12 4 12 4 12 4 12 4 13 3 12 3 13 3 13 4 13 4 13 4 13 4 0 0 0 0 0 0 0 0 0 0
1784740942.042372,56903,-44,11,1,7,1,-95,1,663550505,128,0 0 0 0 0 0 0 0 0 0 0 0 -3 -7 -2 -7 -2 -8 -1 -8 -1 -8 -1 -8 -1 -9 -1 -9 0 -9 0 -9 0 -9 1 -9 1 -9 1 -10 1 -10 1 -10 2 -10 1 -10 2 -11 2 -10 2 -11 2 -11 2 -11 2 -11 2 -11 2 -11 0 0 2 -11 1 -11 2 -11 1 -11 1 -11 1 -12 1 -12 1 -12 1 -12 0 -13 0 -13 0 -13 0 -13 0 -13 0 -13 0 -14 0 -14 0 -14 -1 -14 -1 -14 -1 -14 -1 -15 0 -14 0 -15 0 -15 0 -15 0 0 0 0 0 0 0 0 0 0
1784740942.042372,56904,-44,11,1,7,1,-95,1,663560358,128,0 0 0 0 0 0 0 0 0 0 0 0 6 -2 6 -2 7 -1 7 -1 7 -1 7 -1 7 0 8 0 8 0 8 0 8 0 8 0 8 1 8 1 9 1 9 1 9 1 9 2 9 1 9 1 10 1 10 2 10 1 10 2 10 1 11 1 0 0 10 2 11 2 11 2 11 2 11 1 11 2 11 1 11 1 12 1 12 1 12 1 12 1 13 1 13 1 13 1 14 1 13 1 14 1 14 1 14 1 14 1 14 1 14 1 14 2 14 1 14 2 0 0 0 0 0 0 0 0 0 0
1784740942.074282,56905,-45,11,1,6,1,-95,1,663575528,128,0 0 0 0 0 0 0 0 0 0 0 0 7 0 7 0 7 1 7 1 7 2 7 2 7 2 7 2 7 2 7 2 7 3 8 3 8 3 8 3 8 3 8 4 8 4 9 4 8 4 9 4 9 4 9 4 9 4 9 5 9 5 9 4 0 0 9 4 10 5 9 5 10 4 10 4 10 4 10 4 10 4 10 4 11 4 11 4 11 4 11 4 11 4 12 4 12 4 12 4 12 4 13 4 12 4 12 4 12 4 13 4 12 4 12 4 13 5 0 0 0 0 0 0 0 0 0 0
1784740942.074282,56906,-45,11,1,6,1,-95,1,663581697,128,0 0 0 0 0 0 0 0 0 0 0 0 -8 1 -7 1 -8 1 -8 0 -8 0 -8 0 -8 0 -8 0 -9 0 -9 -1 -9 -1 -9 -1 -9 -1 -9 -1 -9 -1 -10 -1 -10 -1 -10 -1 -10 -1 -11 -1 -10 -1 -10 -1 -11 -1 -10 -2 -10 -2 -11 -2 0 0 -11 -1 -11 -1 -11 -1 -11 -1 -11 -1 -11 0 -11 0 -12 0 -12 0 -12 0 -12 0 -12 0 -12 0 -12 1 -13 1 -13 1 -13 1 -13 1 -13 2 -14 2 -14 2 -14 2 -14 1 -14 1 -14 1 -14 1 0 0 0 0 0 0 0 0 0 0
1784740942.090073,56907,-44,11,1,7,1,-95,1,663590476,128,0 0 0 0 0 0 0 0 0 0 0 0 1 7 1 7 0 7 0 7 0 8 -1 7 -1 8 -1 8 -1 8 -2 8 -2 8 -2 8 -2 8 -3 8 -3 8 -3 8 -3 8 -3 9 -3 9 -3 9 -3 9 -3 9 -3 9 -3 9 -3 9 -3 9 0 0 -3 9 -3 9 -3 9 -3 10 -2 9 -2 10 -2 10 -2 10 -2 10 -2 11 -2 11 -2 11 -2 11 -1 11 -1 12 -1 12 -2 12 -1 12 -1 12 -1 13 -1 13 -1 13 -1 13 -2 13 -2 13 -2 13 0 0 0 0 0 0 0 0 0 0
1784740942.091125,56908,-45,11,1,7,1,-95,1,663600445,128,0 0 0 0 0 0 0 0 0 0 0 0 7 0 7 1 7 1 7 2 7 2 7 3 7 3 7 3 8 3 7 4 7 4 7 4 7 4 7 5 7 4 8 5 8 4 8 5 8 5 8 5 8 5 8 5 8 5 8 5 8 5 8 5 0 0 8 5 9 5 9 4 9 5 9 4 9 4 10 4 10 4 10 4 11 4 10 4 10 4 11 4 11 4 12 4 12 4 12 4 12 4 12 4 13 4 13 4 13 4 13 5 13 5 13 5 13 5 0 0 0 0 0 0 0 0 0 0
1784740942.106971,56909,-45,11,1,7,1,-95,1,663610425,128,0 0 0 0 0 0 0 0 0 0 0 0 6 -1 7 -1 7 -1 7 -1 7 0 7 0 7 0 7 0 7 1 7 1 8 1 8 1 8 1 8 1 9 1 9 1 9 2 9 2 9 2 9 2 10 2 10 2 10 2 9 2 10 2 10 2 0 0 10 2 10 2 11 2 10 1 11 2 11 1 11 1 11 1 11 1 12 1 12 1 12 1 12 0 13 0 12 0 13 0 12 0 13 0 13 0 13 0 13 0 13 0 13 0 13 0 13 0 13 0 0 0 0 0 0 0 0 0 0 0
1784740942.106971,56910,-46,11,1,7,1,-95,1,663620405,128,0 0 0 0 0 0 0 0 0 0 0 0 7 -1 7 -1 7 0 7 0 7 0 7 0 7 0 7 0 8 0 8 1 8 1 8 1 8 1 8 1 8 1 9 2 9 2 9 2 9 2 9 2 10 2 10 2 10 2 10 3 10 3 10 2 0 0 10 2 10 2 10 3 10 2 10 2 10 2 10 2 11 2 11 2 11 1 11 1 11 1 11 1 11 1 12 1 12 1 12 1 12 1 12 1 12 0 12 0 13 1 13 1 13 1 13 1 13 1 0 0 0 0 0 0 0 0 0 0
1784740942.122307,56911,-45,11,1,7,1,-95,1,663630413,128,0 0 0 0 0 0 0 0 0 0 0 0 -7 -6 -7 -7 -6 -7 -6 -7 -6 -7 -6 -8 -6 -8 -6 -8 -6 -8 -5 -9 -5 -9 -5 -9 -5 -9 -5 -10 -6 -10 -6 -10 -5 -10 -6 -10 -5 -10 -6 -11 -6 -10 -6 -10 -5 -11 -5 -11 -5 -11 -5 -11 0 0 -6 -11 -6 -11 -6 -11 -6 -11 -6 -10 -7 -10 -7 -10 -7 -10 -7 -10 -7 -11 -7 -10 -7 -10 -7 -10 -8 -10 -9 -10 -9 -10 -8 -11 -9 -11 -9 -10 -10 -10 -9 -10 -10 -10 -9 -11 -9 -11 -9 -11 -9 -11 0 0 0 0 0 0 0 0 0 0
1784740942.122307,56912,-44,11,1,7,1,-95,1,663640390,128,0 0 0 0 0 0 0 0 0 0 0 0 2 -9 2 -9 3 -9 3 -9 3 -9 4 -9 4 -9 4 -9 5 -9 5 -9 5 -9 5 -9 5 -9 5 -9 6 -9 6 -9 6 -9 6 -9 7 -9 7 -9 7 -9 7 -9 6 -9 6 -9 6 -9 6 -9 0 0 6 -9 6 -9 7 -9 6 -9 6 -10 6 -10 6 -10 6 -10 6 -10 5 -10 5 -11 5 -11 5 -12 5 -12 5 -11 6 -12 5 -11 5 -13 5 -13 5 -13 5 -13 6 -13 5 -12 5 -13 5 -13 5 -14 0 0 0 0 0 0 0 0 0 0
1784740942.138170,56913,-44,11,1,7,1,-95,1,663650495,128,0 0 0 0 0 0 0 0 0 0 0 0 -7 -7 -6 -7 -6 -8 -6 -8 -6 -9 -6 -9 -6 -9 -6 -9 -6 -9 -5 -10 -5 -10 -4 -10 -4 -10 -4 -10 -4 -10 -4 -11 -4 -11 -5 -11 -4 -11 -4 -11 -5 -11 -5 -11 -4 -11 -4 -11 -4 -11 -4 -11 0 0 -4 -11 -5 -11 -5 -11 -5 -11 -5 -11 -6 -11 -6 -11 -6 -11 -6 -11 -7 -11 -6 -11 -6 -11 -7 -11 -7 -11 -8 -11 -8 -11 -8 -12 -8 -11 -8 -11 -9 -11 -9 -11 -9 -11 -9 -12 -8 -12 -8 -12 -8 -12 0 0 0 0 0 0 0 0 0 0
1784740942.154275,56914,-45,11,1,7,1,-95,1,663660404,128,0 0 0 0 0 0 0 0 0 0 0 0 1 8 1 8 0 8 0 8 0 8 0 9 0 9 -1 9 -1 9 -1 9 -1 9 -2 9 -2 10 -2 10 -2 10 -2 10 -2 10 -2 10 -2 11 -2 10 -3 11 -3 11 -2 11 -3 11 -3 11 -3 11 0 0 -3 11 -3 11 -3 11 -2 11 -2 11 -2 11 -2 11 -2 12 -2 12 -1 12 -2 12 -1 12 -1 12 -1 13 -1 12 -1 13 -1 12 0 13 0 13 0 13 0 13 0 14 0 14 0 14 0 14 -1 14 0 0 0 0 0 0 0 0 0 0
1784740942.162757,56915,-45,11,1,7,1,-95,1,663670401,128,0 0 0 0 0 0 0 0 0 0 0 0 2 -9 2 -9 3 -9 3 -9 3 -9 4 -9 4 -9 4 -9 5 -9 5 -9 5 -9 5 -9 6 -9 6 -9 6 -9 7 -9 7 -9 7 -9 7 -9 7 -9 7 -9 8 -9 7 -9 7 -8 7 -8 7 -9 0 0 7 -9 7 -9 7 -8 7 -9 6 -8 6 -9 6 -9 6 -9 6 -9 6 -10 6 -10 5 -10 5 -10 5 -11 5 -11 5 -11 5 -11 5 -11 5 -12 5 -12 5 -12 5 -12 5 -12 5 -12 5 -13 5 -13 0 0 0 0 0 0 0 0 0 0
1784740942.170464,56916,-45,11,1,7,1,-95,1,663680342,128,0 0 0 0 0 0 0 0 0 0 0 0 9 1 9 2 9 3 9 3 9 3 9 3 9 4 9 4 9 4 9 5 9 5 9 6 9 6 9 6 9 6 9 6 9 6 9 7 9 7 9 7 8 7 9 7 9 7 8 7 8 7 8 7 0 0 8 6 9 6 8 6 9 6 9 5 9 6 9 5 9 5 9 5 10 5 10 4 10 4 10 4 10 4 11 3 11 3 12 3 12 3 12 3 12 3 12 3 13 3 13 3 13 3 13 3 13 3 0 0 0 0 0 0 0 0 0 0
1784740942.186640,56917,-44,11,1,7,1,-95,1,663690415,128,0 0 0 0 0 0 0 0 0 0 0 0 -2 8 -3 8 -3 8 -4 8 -4 8 -5 8 -5 8 -5 8 -5 8 -5 8 -6 8 -6 8 -7 8 -7 8 -7 8 -7 8 -8 8 -7 8 -8 8 -7 8 -8 8 -8 8 -7 7 -7 7 -7 7 -8 8 0 0 -8 8 -7 8 -7 8 -7 8 -7 8 -7 8 -6 8 -6 9 -6 8 -6 9 -6 9 -5 9 -6 9 -6 10 -5 10 -5 10 -5 10 -5 11 -5 11 -5 11 -5 11 -5 12 -5 11 -5 11 -5 12 -5 12 0 0 0 0 0 0 0 0 0 0
1784740942.191158,56918,-44,11,1,7,1,-95,1,663700407,128,0 0 0 0 0 0 0 0 0 0 0 0 -5 7 -5 7 -6 7 -6 7 -6 7 -7 7 -7 7 -7 7 -8 6 -8 6 -8 6 -8 6 -9 6 -9 6 -9 6 -10 5 -9 6 -9 6 -10 5 -10 5 -10 5 -10 5 -9 6 -9 5 -9 5 -10 5 0 0 -9 6 -9 5 -9 5 -9 6 -8 6 -9 6 -8 6 -9 7 -9 6 -8 7 -8 7 -8 7 -8 8 -8 8 -8 8 -8 8 -8 8 -8 8 -7 9 -8 9 -7 9 -8 10 -7 10 -8 10 -8 10 -8 10 0 0 0 0 0 0 0 0 0 0
1784740942.202883,56919,-44,11,1,7,1,-95,1,663710397,128,0 0 0 0 0 0 0 0 0 0 0 0 -9 -4 -9 -4 -9 -5 -9 -5 -9 -6 -8 -6 -9 -6 -8 -7 -9 -7 -8 -8 -8 -8 -8 -8 -8 -8 -8 -9 -8 -9 -8 -9 -8 -9 -8 -9 -8 -9 -8 -9 -8 -9 -8 -9 -7 -9 -7 -9 -7 -9 -7 -9 0 0 -8 -9 -8 -9 -8 -8 -9 -9 -8 -8 -9 -8 -9 -8 -9 -8 -9 -7 -10 -8 -9 -8 -9 -7 -9 -7 -9 -7 -11 -7 -11 -6 -11 -7 -11 -6 -11 -6 -12 -6 -12 -6 -12 -6 -13 -7 -12 -7 -13 -7 -13 -6 0 0 0 0 0 0 0 0 0 0
1784740942.202883,56920,-45,11,1,7,1,-95,1,663720384,128,0 0 0 0 0 0 0 0 0 0 0 0 3 -8 3 -9 4 -8 5 -8 5 -8 5 -8 5 -8 5 -8 6 -8 6 -7 6 -7 7 -7 7 -7 7 -7 7 -8 7 -7 8 -7 7 -7 8 -7 8 -7 7 -7 8 -7 7 -7 8 -6 8 -7 8 -7 0 0 7 -7 7 -7 7 -7 7 -7 7 -7 7 -8 6 -8 6 -8 7 -8 6 -9 6 -9 6 -9 6 -9 7 -10 6 -10 6 -10 6 -10 6 -11 6 -11 6 -11 6 -11 6 -11 6 -11 7 -11 6 -12 7 -12 0 0 0 0 0 0 0 0 0 0
1784740942.218651,56921,-45,11,1,6,1,-95,1,663733053,128,0 0 0 0 0 0 0 0 0 0 0 0 4 -9 4 -9 5 -8 5 -8 6 -8 6 -8 6 -8 7 -8 7 -8 7 -8 7 -8 7 -8 8 -8 8 -8 8 -7 9 -7 8 -7 8 -7 8 -7 8 -7 8 -7 9 -7 8 -7 8 -7 8 -7 8 -7 0 0 8 -7 8 -8 8 -7 7 -8 7 -8 7 -8 7 -8 7 -9 7 -9 6 -9 6 -9 6 -10 6 -10 6 -10 6 -11 6 -11 6 -11 6 -11 6 -12 6 -12 6 -12 6 -12 6 -13 6 -12 6 -13 6 -13 0 0 0 0 0 0 0 0 0 0
1784740942.237220,56922,-44,11,1,7,1,-95,1,663740517,128,0 0 0 0 0 0 0 0 0 0 0 0 3 -8 4 -8 5 -8 5 -8 5 -8 5 -8 6 -8 6 -8 6 -8 7 -7 7 -7 7 -7 7 -7 8 -7 8 -7 8 -7 8 -7 8 -7 8 -7 8 -7 8 -7 8 -7 8 -7 8 -6 8 -6 8 -7 0 0 7 -7 7 -7 7 -7 7 -8 7 -8 7 -8 7 -8 7 -8 6 -9 6 -9 6 -9 6 -10 6 -10 6 -10 6 -10 6 -11 6 -11 6 -11 6 -11 6 -12 6 -12 6 -12 6 -12 6 -12 6 -12 6 -12 0 0 0 0 0 0 0 0 0 0
1784740942.237220,56923,-45,11,1,7,1,-95,1,663751073,128,0 0 0 0 0 0 0 0 0 0 0 0 2 -9 2 -9 3 -9 3 -9 4 -8 4 -9 5 -9 5 -9 5 -9 5 -9 6 -9 6 -9 6 -8 6 -8 7 -8 7 -8 7 -8 7 -8 8 -8 7 -7 7 -7 7 -7 7 -8 7 -7 7 -7 7 -8 0 0 7 -8 7 -8 7 -8 6 -8 6 -8 6 -8 6 -9 6 -9 6 -9 5 -10 5 -10 5 -10 5 -10 5 -11 5 -11 5 -11 5 -11 5 -12 5 -12 5 -12 5 -13 5 -12 5 -13 5 -13 5 -13 5 -13 0 0 0 0 0 0 0 0 0 0
1784740942.250845,56924,-45,11,1,7,1,-95,1,663760625,128,0 0 0 0 0 0 0 0 0 0 0 0 -6 -7 -6 -7 -5 -7 -5 -8 -5 -8 -4 -8 -5 -8 -4 -9 -4 -9 -4 -9 -3 -9 -3 -10 -3 -10 -3 -10 -3 -10 -3 -10 -3 -10 -3 -10 -3 -10 -3 -10 -3 -10 -3 -10 -3 -10 -2 -10 -2 -10 -3 -10 0 0 -3 -10 -4 -10 -4 -9 -4 -10 -4 -10 -4 -10 -5 -10 -5 -10 -5 -10 -6 -11 -6 -10 -6 -10 -6 -10 -6 -10 -7 -11 -7 -11 -7 -11 -7 -11 -8 -11 -8 -11 -8 -12 -8 -12 -8 -12 -7 -12 -8 -12 -8 -12 0 0 0 0 0 0 0 0 0 0
1784740942.266907,56925,-45,11,1,7,1,-95,1,663770356,128,0 0 0 0 0 0 0 0 0 0 0 0 7 -6 8 -6 8 -5 9 -5 8 -4 9 -5 9 -4 10 -4 10 -3 9 -3 10 -3 10 -3 10 -3 10 -3 11 -3 10 -2 11 -2 10 -2 11 -2 10 -2 10 -2 10 -1 10 -2 10 -2 10 -2 10 -2 0 0 10 -3 9 -3 10 -3 9 -3 9 -4 9 -4 9 -4 9 -4 10 -4 9 -5 9 -6 9 -6 10 -6 10 -6 10 -6 11 -7 10 -6 11 -7 11 -7 11 -7 11 -7 11 -7 10 -7 11 -8 11 -8 11 -8 0 0 0 0 0 0 0 0 0 0
1784740942.266907,56926,-45,11,1,7,1,-95,1,663780350,128,0 0 0 0 0 0 0 0 0 0 0 0 -4 -10 -3 -10 -3 -10 -2 -11 -2 -10 -2 -11 -1 -11 -1 -11 0 -11 -1 -11 -1 -11 0 -11 0 -12 1 -12 1 -12 1 -12 2 -12 1 -12 2 -12 2 -11 2 -11 2 -11 1 -11 1 -11 1 -11 1 -11 0 0 1 -11 1 -11 1 -11 0 -10 0 -10 0 -11 0 -10 -1 -11 -1 -11 -2 -11 -2 -11 -2 -11 -3 -11 -3 -12 -3 -12 -3 -12 -3 -12 -3 -12 -3 -12 -3 -13 -4 -13 -3 -13 -4 -13 -4 -13 -4 -13 -4 -13 0 0 0 0 0 0 0 0 0 0
1784740942.283111,56927,-45,11,1,7,1,-95,1,663790389,128,0 0 0 0 0 0 0 0 0 0 0 0 8 -3 8 -3 9 -2 9 -2 10 -1 9 -1 10 -1 10 -1 10 -1 10 0 10 0 10 1 10 1 11 1 10 1 11 1 10 2 11 2 10 2 10 2 10 2 10 2 10 2 10 2 10 2 9 2 0 0 9 1 10 1 9 0 10 0 10 0 10 0 10 -1 10 -1 10 -1 11 -2 11 -2 11 -2 11 -2 11 -3 11 -3 11 -3 12 -3 12 -3 12 -3 12 -4 12 -4 12 -4 13 -4 13 -4 13 -4 13 -4 0 0 0 0 0 0 0 0 0 0
1784740942.291479,56928,-45,11,1,7,1,-95,1,663800801,128,0 0 0 0 0 0 0 0 0 0 0 0 -1 -9 0 -9 0 -9 1 -9 1 -10 1 -10 2 -10 2 -10 2 -10 3 -10 3 -10 3 -10 4 -10 4 -10 4 -10 4 -10 4 -10 4 -10 4 -10 4 -10 4 -10 4 -10 4 -10 4 -9 4 -9 4 -9 0 0 4 -10 3 -10 3 -10 3 -10 2 -10 2 -10 2 -10 2 -11 2 -11 2 -12 2 -11 1 -12 1 -12 1 -12 1 -12 1 -13 1 -13 1 -13 0 -13 1 -13 1 -13 0 -14 0 -14 1 -14 0 -14 0 -14 0 0 0 0 0 0 0 0 0 0
1784740942.299173,56929,-44,11,1,7,1,-95,1,663810459,128,0 0 0 0 0 0 0 0 0 0 0 0 9 -3 9 -2 9 -1 9 -1 9 0 10 0 10 1 10 0 10 1 10 1 10 1 11 1 11 2 11 2 11 2 11 3 11 3 11 3 11 3 10 4 11 3 10 4 11 3 10 3 10 3 10 3 0 0 10 3 10 3 10 3 11 2 10 2 11 2 11 2 11 2 11 2 11 1 12 1 12 0 12 0 12 0 12 0 12 0 12 0 13 0 13 0 13 0 13 0 13 0 13 -1 14 -1 14 -1 14 -1 0 0 0 0 0 0 0 0 0 0
1784740942.315157,56930,-44,11,1,6,1,-95,1,663821827,128,0 0 0 0 0 0 0 0 0 0 0 0 8 -4 8 -4 9 -3 9 -3 9 -2 10 -2 9 -2 10 -2 10 -1 10 -2 10 -1 11 -1 11 -1 11 -1 11 0 11 0 12 1 11 1 11 1 11 1 11 1 11 2 11 1 11 1 11 1 11 1 0 0 11 0 10 1 11 1 10 0 10 0 10 0 10 0 10 -1 11 -1 10 -2 11 -2 11 -2 11 -2 11 -3 11 -2 12 -2 11 -3 12 -3 12 -3 12 -3 12 -4 12 -3 12 -4 12 -4 12 -4 12 -4 0 0 0 0 0 0 0 0 0 0
1784740942.315157,56931,-44,11,1,7,1,-95,1,663830415,128,0 0 0 0 0 0 0 0 0 0 0 0 -7 5 -8 5 -8 5 -9 5 -9 4 -10 4 -9 4 -10 4 -10 4 -10 4 -11 3 -11 3 -11 3 -11 3 -12 3 -11 2 -12 3 -11 2 -12 2 -11 2 -11 2 -12 2 -11 2 -11 2 -11 2 -11 2 0 0 -11 3 -10 3 -11 3 -10 3 -10 4 -10 4 -10 4 -10 5 -10 5 -10 5 -10 5 -10 6 -10 6 -11 6 -10 7 -11 7 -11 6 -11 8 -11 7 -11 8 -11 8 -11 8 -11 8 -11 8 -11 8 -12 9 0 0 0 0 0 0 0 0 0 0
1784740942.331108,56932,-45,11,1,7,1,-95,1,663840346,128,0 0 0 0 0 0 0 0 0 0 0 0 -5 7 -5 7 -6 7 -6 7 -7 7 -7 6 -7 6 -7 7 -8 6 -7 6 -8 6 -8 6 -8 6 -9 6 -9 6 -9 6 -9 6 -9 5 -9 6 -9 6 -9 6 -9 5 -9 6 -9 5 -9 6 -9 6 0 0 -9 6 -9 6 -9 6 -8 7 -8 7 -8 7 -8 7 -8 8 -8 8 -8 8 -8 8 -8 9 -8 9 -8 9 -9 9 -9 10 -8 9 -8 10 -9 10 -9 10 -8 10 -9 11 -9 10 -9 10 -9 11 -9 11 0 0 0 0 0 0 0 0 0 0
1784740942.347231,56933,-44,11,1,7,1,-95,1,663850524,128,0 0 0 0 0 0 0 0 0 0 0 0 -2 8 -2 7 -3 8 -3 8 -3 8 -4 8 -4 8 -4 8 -4 8 -5 8 -5 8 -5 8 -6 8 -6 8 -6 9 -6 9 -6 9 -6 9 -7 9 -7 9 -6 9 -6 9 -7 9 -7 9 -7 8 -7 9 0 0 -6 9 -7 9 -6 9 -6 10 -6 9 -6 10 -6 10 -6 10 -6 10 -6 11 -5 11 -5 11 -5 11 -5 11 -5 12 -5 11 -5 12 -5 12 -5 12 -5 12 -5 12 -5 12 -5 13 -5 12 -5 12 -5 12 0 0 0 0 0 0 0 0 0 0
1784740942.347231,56934,-45,11,1,7,1,-95,1,663860431,128,0 0 0 0 0 0 0 0 0 0 0 0 2 7 2 8 1 8 1 8 1 8 1 9 0 9 0 9 0 9 0 9 0 10 -1 10 -1 10 -1 10 -1 11 -2 11 -2 11 -2 11 -2 11 -2 11 -2 11 -2 11 -2 11 -2 11 -2 11 -2 11 0 0 -2 11 -2 11 -2 11 -2 11 -1 11 -1 11 -1 11 -1 11 -1 11 0 11 0 11 0 11 0 11 0 12 1 11 1 12 1 12 1 12 1 12 1 12 1 12 2 12 1 12 1 12 2 12 2 12 0 0 0 0 0 0 0 0 0 0
1784740942.363297,56935,-45,11,1,7,1,-95,1,663870373,128,0 0 0 0 0 0 0 0 0 0 0 0 2 8 1 9 0 9 0 9 0 9 0 10 -1 10 -1 10 -1 10 -1 10 -2 10 -2 11 -2 11 -3 11 -3 11 -3 11 -4 11 -4 11 -4 11 -4 11 -4 11 -5 11 -4 10 -4 10 -4 10 -4 10 0 0 -4 10 -4 10 -4 10 -3 10 -3 10 -3 10 -3 10 -2 11 -3 11 -2 11 -1 11 -1 11 -1 11 -1 11 -1 11 -1 12 -1 12 -1 12 -1 12 0 12 0 12 0 12 0 12 0 12 0 12 0 12 0 0 0 0 0 0 0 0 0 0
1784740942.363297,56936,-45,11,1,7,1,-95,1,663880464,128,0 0 0 0 0 0 0 0 0 0 0 0 0 8 -1 7 -1 8 -2 8 -2 8 -2 8 -2 8 -3 8 -2 8 -3 9 -4 8 -4 9 -4 8 -4 8 -4 8 -4 9 -4 8 -5 9 -4 8 -4 9 -4 9 -4 9 -5 9 -5 8 -5 9 -5 8 0 0 -4 9 -4 9 -4 9 -4 10 -3 9 -3 9 -3 9 -3 10 -2 10 -3 11 -2 10 -2 10 -2 10 -2 10 -1 12 -1 11 -2 12 -1 12 -1 11 -1 12 -1 12 0 12 -1 13 -1 13 -1 12 -1 13 0 0 0 0 0 0 0 0 0 0
1784740942.379141,56937,-45,11,1,7,1,-95,1,663890404,128,0 0 0 0 0 0 0 0 0 0 0 0 -8 0 -8 -1 -8 -1 -9 -2 -8 -2 -8 -2 -8 -2 -9 -2 -9 -3 -9 -3 -9 -3 -9 -4 -9 -4 -9 -4 -9 -4 -9 -4 -9 -5 -9 -5 -10 -5 -9 -5 -9 -5 -9 -5 -9 -5 -9 -5 -9 -5 -10 -5 0 0 -10 -4 -10 -4 -10 -5 -10 -4 -10 -4 -10 -4 -11 -4 -11 -3 -11 -3 -12 -3 -12 -3 -12 -3 -12 -3 -13 -3 -12 -3 -13 -3 -13 -3 -14 -3 -14 -3 -14 -3 -14 -3 -15 -3 -14 -3 -14 -3 -14 -4 -15 -3 0 0 0 0 0 0 0 0 0 0
1784740942.395298,56938,-45,11,1,7,1,-95,1,663903141,128,0 0 0 0 0 0 0 0 0 0 0 0 6 -4 7 -3 7 -3 7 -2 7 -2 8 -2 8 -2 8 -2 8 -1 8 -1 8 -1 8 -1 8 -1 9 -1 9 0 8 0 9 0 9 0 9 0 9 0 9 0 9 0 9 0 9 0 9 0 10 -1 0 0 10 -1 10 -1 10 0 9 -1 10 -1 10 -1 10 -1 10 -2 11 -1 10 -2 11 -2 11 -3 11 -3 12 -3 11 -2 13 -3 11 -3 12 -3 13 -3 13 -3 13 -4 13 -3 12 -3 13 -3 13 -3 14 -3 0 0 0 0 0 0 0 0 0 0
1784740942.395298,56939,-46,11,1,7,1,-95,1,663910375,128,0 0 0 0 0 0 0 0 0 0 0 0 -1 -8 -1 -8 -1 -8 0 -8 0 -9 0 -8 0 -9 0 -8 0 -9 1 -9 1 -9 1 -9 2 -9 2 -9 2 -9 2 -9 2 -9 2 -10 2 -10 2 -10 2 -10 2 -10 2 -10 2 -10 2 -9 2 -10 0 0 1 -10 1 -11 1 -10 0 -11 1 -11 1 -11 0 -11 0 -11 -1 -11 0 -12 0 -12 0 -12 0 -12 -1 -12 -2 -13 -2 -13 -1 -14 -1 -14 -2 -14 -2 -14 -1 -14 -2 -14 -1 -15 -1 -15 -1 -15 -1 -15 0 0 0 0 0 0 0 0 0 0
1784740942.411169,56940,-46,11,1,7,1,-95,1,663920337,128,0 0 0 0 0 0 0 0 0 0 0 0 0 6 -1 7 -1 6 -1 7 -2 6 -1 7 -2 7 -2 7 -2 7 -2 7 -2 7 -2 8 -3 8 -3 8 -3 8 -3 8 -3 9 -3 8 -3 9 -3 9 -3 9 -3 9 -3 9 -3 9 -3 9 -3 9 0 0 -3 10 -3 9 -3 10 -2 10 -2 10 -2 10 -2 10 -2 11 -2 11 -2 11 -2 11 -2 12 -2 12 -1 12 -1 12 -1 13 -2 12 -1 13 -1 13 -1 13 -1 13 -1 14 -1 13 -2 13 -2 14 -2 14 0 0 0 0 0 0 0 0 0 0
1784740942.427316,56941,-45,11,1,7,1,-95,1,663930444,128,0 0 0 0 0 0 0 0 0 0 0 0 5 -5 5 -4 6 -4 6 -4 6 -4 6 -4 6 -4 6 -4 7 -4 7 -4 7 -4 7 -4 8 -4 8 -3 8 -4 8 -3 8 -3 8 -3 9 -3 9 -3 9 -3 9 -3 9 -3 9 -3 9 -3 9 -3 0 0 9 -4 9 -4 9 -3 10 -4 9 -4 10 -4 10 -5 10 -5 10 -5 10 -5 10 -5 10 -6 11 -6 11 -6 11 -6 11 -6 11 -6 11 -6 11 -6 11 -7 12 -7 12 -6 12 -6 12 -6 12 -6 12 -6 0 0 0 0 0 0 0 0 0 0
1784740942.427316,56942,-45,11,1,7,1,-95,1,663940440,128,0 0 0 0 0 0 0 0 0 0 0 0 -4 -6 -4 -7 -3 -7 -3 -7 -3 -8 -3 -8 -3 -8 -2 -8 -3 -8 -2 -9 -2 -9 -2 -9 -1 -9 -1 -9 -1 -9 -1 -10 -1 -10 -1 -10 -1 -10 -1 -10 -1 -10 -1 -10 -1 -10 -1 -10 -1 -10 -1 -10 0 0 -1 -10 -2 -11 -1 -10 -2 -11 -2 -11 -2 -11 -2 -11 -2 -11 -2 -11 -3 -12 -3 -12 -3 -12 -3 -12 -3 -12 -4 -12 -4 -12 -3 -13 -4 -13 -3 -13 -4 -13 -4 -13 -4 -13 -3 -13 -3 -14 -3 -13 -4 -13 0 0 0 0 0 0 0 0 0 0
1784740942.445405,56943,-46,11,1,7,1,-95,1,663950447,128,0 0 0 0 0 0 0 0 0 0 0 0 -8 -2 -8 -3 -8 -4 -8 -4 -8 -4 -8 -5 -8 -5 -8 -5 -8 -5 -8 -5 -8 -5 -8 -6 -8 -6 -8 -6 -8 -6 -8 -7 -8 -7 -8 -7 -8 -7 -8 -7 -8 -7 -7 -7 -8 -7 -8 -7 -8 -7 -8 -7 0 0 -8 -7 -8 -7 -8 -7 -8 -6 -9 -7 -9 -7 -9 -7 -9 -6 -9 -7 -10 -6 -10 -6 -10 -6 -10 -6 -11 -7 -10 -6 -11 -7 -11 -6 -11 -6 -11 -6 -12 -7 -12 -6 -12 -7 -12 -6 -12 -7 -12 -6 -13 -7 0 0 0 0 0 0 0 0 0 0
1784740942.449893,56944,-47,11,1,7,1,-95,1,663960392,128,0 0 0 0 0 0 0 0 0 0 0 0 -6 4 -7 4 -7 3 -7 3 -7 3 -8 3 -8 3 -8 3 -8 3 -8 3 -8 2 -8 2 -9 2 -9 2 -9 2 -9 2 -9 2 -9 2 -9 2 -9 2 -9 2 -9 2 -9 2 -9 2 -9 2 -9 2 0 0 -9 3 -9 3 -9 3 -10 3 -9 4 -10 4 -9 4 -10 4 -10 4 -10 5 -10 5 -10 5 -10 5 -11 5 -11 5 -11 5 -11 5 -11 5 -11 6 -11 6 -12 6 -12 6 -11 6 -12 6 -12 6 -12 6 0 0 0 0 0 0 0 0 0 0
1784740942.459366,56945,-47,11,1,7,1,-95,1,663970350,128,0 0 0 0 0 0 0 0 0 0 0 0 0 5 -1 5 -1 5 -1 5 -1 5 -1 5 -1 5 -1 6 -1 6 -2 6 -2 6 -2 6 -2 6 -2 6 -2 7 -2 7 -2 7 -2 7 -1 8 -2 7 -2 8 -2 8 -2 8 -2 8 -2 8 -2 9 0 0 -2 9 -1 9 -1 9 -1 10 -1 10 -1 10 -1 10 -1 10 -1 10 -1 11 -1 11 -1 11 -1 11 -1 11 0 12 -1 12 -1 12 -1 12 0 12 0 13 0 12 0 13 -1 13 -1 13 -1 13 -1 13 0 0 0 0 0 0 0 0 0 0
1784740942.478770,56946,-46,11,1,7,1,-95,1,663982226,128,0 0 0 0 0 0 0 0 0 0 0 0 3 -5 3 -5 4 -5 4 -5 4 -5 4 -5 5 -5 5 -5 5 -5 5 -5 6 -5 6 -5 6 -5 6 -5 6 -5 7 -5 6 -5 7 -5 7 -5 7 -5 7 -5 7 -5 8 -5 8 -5 8 -5 8 -5 0 0 8 -5 8 -6 8 -6 9 -6 9 -6 9 -6 9 -6 9 -6 9 -6 10 -7 10 -7 10 -7 9 -6 10 -6 10 -7 10 -7 10 -7 11 -7 10 -7 11 -8 11 -7 10 -8 11 -8 11 -8 11 -8 11 -8 0 0 0 0 0 0 0 0 0 0
1784740942.478770,56947,-47,11,1,7,1,-95,1,663990369,128,0 0 0 0 0 0 0 0 0 0 0 0 -7 -3 -7 -4 -7 -4 -7 -5 -7 -5 -7 -5 -7 -5 -7 -5 -7 -5 -7 -6 -7 -6 -6 -6 -7 -6 -7 -6 -7 -6 -7 -6 -7 -6 -7 -6 -7 -6 -7 -6 -8 -6 -8 -6 -8 -7 -8 -7 -8 -7 -8 -7 0 0 -8 -7 -9 -7 -9 -7 -9 -7 -9 -7 -9 -7 -10 -7 -10 -7 -10 -7 -11 -8 -10 -8 -10 -7 -10 -8 -10 -7 -11 -7 -11 -7 -11 -8 -11 -8 -12 -8 -12 -8 -12 -8 -12 -7 -12 -8 -12 -9 -12 -8 -12 -8 0 0 0 0 0 0 0 0 0 0
1784740942.491941,56948,-47,11,1,7,1,-95,1,664000438,128,0 0 0 0 0 0 0 0 0 0 0 0 -7 4 -7 4 -7 3 -8 3 -8 2 -8 3 -8 2 -8 2 -8 2 -8 2 -8 1 -8 1 -8 2 -8 2 -9 2 -8 2 -8 2 -8 2 -8 2 -8 2 -8 3 -8 3 -9 3 -9 2 -9 3 -9 3 0 0 -10 4 -9 4 -10 4 -10 4 -10 4 -10 5 -10 5 -10 5 -10 5 -11 5 -11 6 -11 6 -11 6 -11 6 -11 7 -12 7 -12 6 -12 7 -12 7 -12 7 -12 7 -12 7 -13 7 -13 7 -13 7 -13 7 0 0 0 0 0 0 0 0 0 0
1784740942.491941,56949,-48,11,1,7,1,-95,1,664010332,128,0 0 0 0 0 0 0 0 0 0 0 0 -8 -2 -9 -3 -8 -4 -8 -4 -8 -4 -8 -4 -8 -4 -8 -4 -7 -5 -7 -4 -8 -4 -8 -4 -8 -5 -8 -5 -8 -5 -7 -5 -8 -5 -7 -5 -8 -5 -7 -5 -8 -5 -8 -5 -8 -4 -8 -4 -9 -4 -9 -4 0 0 -9 -4 -9 -4 -10 -4 -10 -4 -11 -4 -11 -4 -11 -4 -11 -4 -12 -4 -12 -3 -12 -3 -13 -3 -13 -3 -14 -4 -13 -4 -14 -4 -14 -4 -15 -4 -15 -4 -15 -5 -15 -5 -15 -6 -15 -5 -15 -5 -16 -5 -16 -6 0 0 0 0 0 0 0 0 0 0
1784740942.511077,56950,-48,11,1,7,1,-95,1,664020370,128,0 0 0 0 0 0 0 0 0 0 0 0 7 -5 7 -5 8 -4 8 -4 8 -3 8 -3 8 -3 8 -4 8 -3 8 -3 8 -2 9 -2 8 -2 8 -2 8 -2 9 -2 8 -2 8 -2 8 -2 8 -2 8 -3 8 -3 8 -3 8 -3 8 -3 8 -4 0 0 8 -4 8 -5 8 -5 8 -6 8 -6 8 -6 8 -6 8 -7 8 -7 9 -8 9 -7 9 -8 9 -8 9 -8 10 -9 10 -9 10 -9 11 -9 11 -10 10 -10 11 -10 11 -10 11 -10 12 -9 12 -9 12 -10 0 0 0 0 0 0 0 0 0 0
1784740942.527926,56951,-48,11,1,7,1,-95,1,664030349,128,0 0 0 0 0 0 0 0 0 0 0 0 6 5 6 5 6 6 6 6 6 7 5 6 5 7 5 7 5 7 5 7 5 7 4 8 4 8 4 8 4 8 4 8 4 8 4 8 4 8 4 8 4 8 4 7 4 7 4 7 4 7 5 7 0 0 5 7 6 7 6 7 6 7 6 7 7 7 7 7 7 7 7 7 8 7 8 7 9 7 8 7 9 8 9 7 9 7 9 8 10 8 10 8 10 8 11 8 11 8 11 8 10 9 11 9 11 9 0 0 0 0 0 0 0 0 0 0
1784740942.527926,56952,-48,11,1,7,1,-95,1,664040380,128,0 0 0 0 0 0 0 0 0 0 0 0 6 6 5 7 5 8 5 8 4 8 4 8 4 8 4 9 3 9 3 9 3 9 3 9 3 9 3 9 3 10 2 10 2 10 2 10 2 10 2 10 2 10 2 9 2 9 2 9 2 9 2 9 0 0 3 9 3 9 3 9 4 9 4 9 4 9 4 9 5 9 5 10 5 9 5 9 6 9 6 10 6 10 6 10 6 10 6 10 7 10 7 11 7 11 7 11 7 11 7 11 7 12 8 12 8 12 0 0 0 0 0 0 0 0 0 0
1784740942.539691,56953,-49,11,1,7,1,-95,1,664050855,128,0 0 0 0 0 0 0 0 0 0 0 0 4 -8 5 -8 5 -8 6 -8 6 -8 6 -8 6 -7 6 -7 6 -7 7 -7 7 -7 7 -7 7 -6 7 -7 7 -7 7 -6 7 -6 7 -6 8 -6 7 -6 7 -6 7 -6 7 -6 7 -6 7 -6 7 -6 0 0 6 -7 6 -7 6 -7 6 -7 6 -7 6 -8 6 -8 6 -9 6 -8 6 -9 5 -9 5 -10 6 -10 6 -10 5 -10 6 -11 6 -11 6 -11 6 -11 6 -12 6 -12 6 -12 6 -12 6 -13 7 -13 6 -13 0 0 0 0 0 0 0 0 0 0
1784740942.557153,56954,-48,11,1,7,1,-95,1,664060418,128,0 0 0 0 0 0 0 0 0 0 0 0 7 -5 8 -5 8 -4 9 -3 8 -3 8 -3 8 -3 8 -3 9 -2 8 -2 8 -2 9 -2 9 -2 9 -2 9 -2 9 -2 10 -2 9 -2 9 -2 9 -2 9 -2 10 -2 9 -2 9 -2 9 -2 10 -2 0 0 10 -2 10 -2 10 -3 9 -3 10 -3 10 -3 10 -3 10 -4 11 -4 11 -4 11 -4 11 -4 12 -4 13 -5 11 -5 13 -5 12 -5 13 -5 13 -5 13 -6 13 -6 14 -5 13 -5 14 -5 14 -5 15 -5 0 0 0 0 0 0 0 0 0 0
1784740942.557153,56955,-47,11,1,7,1,-95,1,664071755,128,0 0 0 0 0 0 0 0 0 0 0 0 -9 0 -10 -1 -9 -1 -9 -2 -9 -2 -10 -2 -9 -2 -10 -3 -10 -3 -9 -3 -10 -3 -10 -3 -10 -3 -11 -4 -11 -4 -10 -4 -11 -4 -10 -4 -11 -4 -11 -4 -11 -5 -11 -5 -11 -4 -10 -4 -11 -4 -11 -4 0 0 -11 -4 -11 -4 -11 -4 -11 -4 -12 -4 -12 -3 -12 -3 -12 -3 -12 -4 -13 -3 -13 -3 -13 -3 -14 -2 -14 -2 -14 -2 -15 -3 -14 -3 -15 -3 -15 -3 -15 -3 -15 -3 -15 -3 -15 -3 -16 -3 -16 -3 -16 -3 0 0 0 0 0 0 0 0 0 0
1784740942.571785,56956,-47,11,1,7,1,-95,1,664080486,128,0 0 0 0 0 0 0 0 0 0 0 0 -3 7 -3 7 -4 7 -4 7 -4 7 -4 6 -4 7 -5 7 -4 7 -5 7 -5 7 -6 7 -6 7 -6 7 -5 7 -6 8 -6 8 -6 8 -6 8 -6 8 -6 8 -6 8 -7 8 -7 8 -7 8 -6 8 0 0 -6 9 -6 9 -6 9 -6 10 -6 9 -6 9 -6 10 -6 10 -5 10 -6 11 -6 11 -6 11 -5 11 -6 11 -5 12 -5 12 -6 12 -6 13 -5 13 -5 13 -6 13 -5 13 -6 14 -7 13 -7 13 -7 13 0 0 0 0 0 0 0 0 0 0
1784740942.587862,56957,-47,11,1,7,1,-95,1,664090377,128,0 0 0 0 0 0 0 0 0 0 0 0 -4 -7 -4 -7 -4 -7 -4 -7 -3 -7 -4 -8 -4 -8 -4 -8 -4 -8 -4 -8 -4 -8 -4 -8 -3 -9 -4 -9 -4 -9 -4 -9 -4 -10 -4 -10 -4 -10 -4 -10 -4 -10 -4 -10 -4 -10 -4 -11 -4 -11 -4 -11 0 0 -4 -11 -4 -11 -4 -12 -4 -11 -5 -11 -5 -11 -5 -11 -6 -11 -6 -12 -6 -11 -6 -12 -6 -12 -6 -12 -7 -13 -7 -12 -7 -13 -7 -12 -7 -13 -7 -13 -8 -13 -8 -13 -8 -14 -8 -14 -7 -14 -8 -14 -8 -15 0 0 0 0 0 0 0 0 0 0
1784740942.592410,56958,-47,11,1,7,1,-95,1,664100453,128,0 0 0 0 0 0 0 0 0 0 0 0 7 -1 7 0 7 0 7 1 7 1 7 1 7 1 7 1 8 1 8 1 8 1 8 1 8 1 8 1 9 1 9 2 9 2 9 2 9 2 10 2 10 1 9 2 10 2 10 3 10 3 10 2 0 0 10 2 10 2 10 2 10 2 11 2 11 2 11 1 11 2 11 1 12 1 12 1 12 1 12 1 12 1 13 1 13 1 13 2 14 1 14 1 14 1 14 1 14 1 15 1 15 2 15 2 15 2 0 0 0 0 0 0 0 0 0 0
1784740942.607323,56959,-47,11,1,7,1,-95,1,664110383,128,0 0 0 0 0 0 0 0 0 0 0 0 5 6 4 6 4 6 4 6 4 7 4 7 4 7 4 7 4 7 4 7 3 7 4 8 4 8 4 8 4 8 4 9 4 8 4 9 4 9 4 9 4 9 4 9 4 10 4 10 4 9 4 10 0 0 4 10 5 10 5 10 5 10 5 10 5 10 5 10 6 10 6 10 6 10 6 10 7 10 7 10 7 10 8 11 8 11 8 11 8 11 8 11 9 11 8 11 9 12 9 12 8 12 8 12 9 13 0 0 0 0 0 0 0 0 0 0
1784740942.607323,56960,-47,11,1,7,1,-95,1,664120664,128,0 0 0 0 0 0 0 0 0 0 0 0 -1 -8 0 -8 0 -8 1 -8 1 -8 1 -8 1 -8 1 -8 2 -8 1 -9 1 -9 1 -9 2 -9 2 -9 2 -10 3 -9 3 -10 3 -10 3 -10 3 -10 3 -10 4 -10 3 -10 3 -10 3 -10 4 -11 0 0 3 -11 4 -11 4 -11 4 -11 3 -11 3 -11 3 -11 3 -11 4 -12 3 -12 2 -12 2 -12 2 -13 3 -13 3 -13 3 -14 3 -14 3 -14 3 -14 3 -14 3 -15 3 -15 3 -15 3 -15 3 -15 3 -16 0 0 0 0 0 0 0 0 0 0
1784740942.619699,56961,-46,11,1,7,1,-95,1,664130473,128,0 0 0 0 0 0 0 0 0 0 0 0 3 -6 3 -5 4 -6 4 -5 5 -5 4 -6 4 -6 5 -6 5 -6 5 -5 6 -5 6 -6 6 -5 6 -6 6 -6 7 -6 7 -6 7 -6 7 -6 8 -6 7 -6 8 -6 8 -6 8 -6 8 -5 8 -6 0 0 8 -6 8 -6 8 -6 8 -7 8 -7 8 -7 8 -8 8 -8 8 -8 9 -8 8 -8 8 -8 9 -8 9 -9 9 -10 9 -9 10 -10 9 -10 9 -10 9 -11 10 -11 10 -11 10 -11 11 -11 11 -11 11 -11 0 0 0 0 0 0 0 0 0 0
1784740942.635778,56962,-45,11,1,7,1,-95,1,664141323,128,0 0 0 0 0 0 0 0 0 0 0 0 5 2 5 2 5 3 5 3 5 3 5 4 5 4 5 4 6 4 5 4 5 4 6 5 6 5 6 5 6 5 6 5 6 6 6 6 6 6 6 6 6 6 6 6 6 6 6 6 6 6 7 6 0 0 7 6 7 7 7 7 7 6 8 6 8 6 8 6 8 6 9 7 9 7 9 7 10 6 10 7 10 7 10 7 11 7 10 7 11 7 11 7 12 8 12 7 12 8 12 8 12 8 12 8 12 9 0 0 0 0 0 0 0 0 0 0
1784740942.635778,56963,-45,11,1,7,1,-95,1,664150379,128,0 0 0 0 0 0 0 0 0 0 0 0 -7 1 -7 1 -7 0 -7 0 -7 0 -7 0 -7 -1 -8 -1 -8 -1 -8 -1 -8 -1 -8 -1 -8 -1 -9 -1 -9 -1 -9 -1 -10 -2 -9 -2 -10 -2 -10 -2 -10 -2 -10 -2 -10 -1 -10 -2 -10 -2 -11 -2 0 0 -11 -2 -11 -2 -11 -2 -11 -2 -11 -1 -12 -2 -12 -2 -12 -1 -13 -1 -13 -1 -13 -1 -13 0 -14 -1 -14 -1 -14 -1 -14 -1 -14 -1 -15 0 -15 -1 -15 -1 -15 -1 -16 -1 -15 -1 -16 -1 -16 -1 -17 -1 0 0 0 0 0 0 0 0 0 0
1784740942.651677,56964,-45,11,1,7,1,-95,1,664161219,128,0 0 0 0 0 0 0 0 0 0 0 0 -4 -6 -4 -6 -4 -6 -4 -7 -4 -7 -4 -7 -4 -7 -4 -7 -4 -8 -4 -7 -3 -8 -3 -8 -3 -9 -4 -8 -4 -9 -4 -9 -4 -9 -4 -9 -4 -10 -4 -10 -4 -10 -4 -10 -4 -10 -4 -11 -4 -11 -4 -11 0 0 -5 -11 -5 -11 -5 -11 -5 -11 -5 -11 -5 -12 -5 -11 -6 -12 -6 -12 -6 -12 -6 -12 -7 -12 -6 -12 -7 -12 -8 -13 -8 -13 -7 -13 -8 -13 -8 -13 -8 -13 -8 -14 -8 -14 -8 -14 -8 -14 -8 -14 -8 -15 0 0 0 0 0 0 0 0 0 0
1784740942.667322,56965,-45,11,1,7,1,-95,1,664170471,128,0 0 0 0 0 0 0 0 0 0 0 0 6 -2 6 -2 6 -2 6 -2 6 -1 7 -1 7 -1 7 -1 7 -1 7 -1 7 -1 8 -1 8 -1 8 -1 8 -1 9 -1 9 -1 9 -1 9 -1 9 -1 10 -1 10 0 10 0 10 0 10 0 11 0 0 0 11 0 11 0 11 0 11 -1 11 -1 11 -1 12 -1 12 -1 12 -1 12 -1 12 -1 13 -1 13 -1 13 -1 13 -1 14 -2 13 -1 14 -2 14 -2 14 -2 14 -2 15 -2 14 -1 15 -1 15 -1 15 -1 0 0 0 0 0 0 0 0 0 0
1784740942.683420,56966,-45,11,1,7,1,-95,1,664180395,128,0 0 0 0 0 0 0 0 0 0 0 0 -3 -7 -3 -7 -2 -7 -2 -7 -2 -7 -2 -8 -2 -8 -2 -8 -2 -8 -2 -8 -2 -8 -2 -9 -2 -9 -2 -9 -2 -9 -2 -9 -2 -10 -2 -10 -2 -10 -2 -11 -2 -11 -2 -11 -2 -11 -2 -11 -2 -11 -2 -12 0 0 -2 -12 -2 -12 -2 -12 -2 -12 -3 -12 -3 -13 -3 -13 -3 -13 -3 -13 -4 -13 -4 -14 -4 -14 -4 -14 -4 -14 -4 -14 -4 -15 -4 -15 -4 -15 -4 -15 -5 -15 -5 -15 -4 -15 -4 -15 -4 -16 -4 -16 -4 -16 0 0 0 0 0 0 0 0 0 0
1784740942.683420,56967,-45,11,1,7,1,-95,1,664190396,128,0 0 0 0 0 0 0 0 0 0 0 0 2 5 3 5 2 5 2 5 2 6 2 6 2 6 2 6 2 6 2 7 2 7 2 7 2 7 2 8 2 7 2 8 2 8 2 8 2 8 2 9 2 9 3 9 3 9 2 9 2 9 2 9 0 0 3 10 3 10 3 9 4 10 4 10 4 10 4 10 4 11 4 10 5 12 5 11 5 11 5 11 5 11 6 12 6 12 6 13 6 13 6 12 7 13 7 13 7 13 6 14 6 14 6 14 6 14 0 0 0 0 0 0 0 0 0 0
1784740942.692405,56968,-45,11,1,7,1,-95,1,664200428,128,0 0 0 0 0 0 0 0 0 0 0 0 5 -2 6 -2 6 -2 6 -2 6 -1 6 -2 7 -2 7 -1 7 -1 7 -1 7 -1 8 -1 8 -1 8 -1 8 -1 8 -1 9 0 9 0 9 0 9 0 9 0 9 0 9 0 9 0 9 0 10 0 0 0 10 -1 10 -1 10 -1 10 -1 10 -1 10 -1 11 -2 11 -2 11 -2 12 -2 12 -2 12 -3 12 -3 13 -3 13 -3 13 -3 13 -3 14 -3 14 -3 14 -4 14 -4 15 -4 14 -3 15 -3 15 -3 15 -3 0 0 0 0 0 0 0 0 0 0
1784740942.699213,56969,-45,11,1,7,1,-95,1,664210406,128,0 0 0 0 0 0 0 0 0 0 0 0 -3 5 -3 5 -4 5 -4 5 -4 5 -4 5 -4 5 -4 6 -5 6 -5 6 -5 6 -5 6 -6 6 -6 6 -6 6 -7 6 -7 6 -7 6 -7 6 -7 6 -7 6 -7 6 -7 6 -7 6 -7 6 -7 7 0 0 -7 7 -7 7 -7 7 -7 8 -7 8 -7 8 -7 8 -7 9 -7 9 -7 10 -7 10 -7 10 -7 10 -8 11 -8 11 -8 11 -8 11 -8 12 -8 12 -8 12 -8 12 -9 12 -8 12 -9 12 -9 13 -9 13 0 0 0 0 0 0 0 0 0 0
1784740942.719801,56970,-46,11,1,7,1,-95,1,664222757,128,0 0 0 0 0 0 0 0 0 0 0 0 -6 2 -6 1 -7 1 -7 1 -8 1 -7 1 -8 1 -8 0 -8 1 -9 0 -8 0 -9 0 -9 0 -9 0 -9 0 -10 0 -9 0 -10 0 -10 0 -10 0 -10 0 -10 0 -10 0 -10 0 -10 0 -10 0 0 0 -10 0 -11 1 -10 1 -12 2 -11 2 -12 2 -12 2 -12 2 -12 3 -13 3 -13 3 -13 3 -13 3 -13 3 -14 4 -14 4 -15 4 -15 4 -15 4 -15 4 -15 4 -15 5 -16 4 -16 4 -16 3 -16 4 0 0 0 0 0 0 0 0 0 0
1784740942.719801,56971,-46,11,1,7,1,-95,1,664230484,128,0 0 0 0 0 0 0 0 0 0 0 0 5 -1 5 -1 5 0 6 0 6 0 6 0 6 0 7 0 7 1 7 0 7 1 7 1 7 1 7 1 8 1 8 2 8 2 8 2 8 2 8 2 8 1 9 2 9 1 9 2 9 1 10 1 0 0 10 1 10 1 10 1 10 1 11 1 11 1 11 1 12 0 12 1 13 0 13 0 13 0 13 0 14 0 13 0 14 1 14 1 14 0 15 1 15 1 15 0 15 1 15 1 15 1 16 1 16 1 0 0 0 0 0 0 0 0 0 0
1784740942.730989,56972,-47,11,1,7,1,-95,1,664240393,128,0 0 0 0 0 0 0 0 0 0 0 0 4 0 5 0 5 1 5 1 5 1 5 1 5 1 5 1 5 2 6 1 6 2 6 1 6 2 6 2 7 2 7 2 7 2 7 2 7 2 7 2 8 2 8 2 8 2 8 2 9 2 9 2 0 0 10 2 10 2 10 2 11 2 11 2 11 2 12 2 12 2 12 2 13 2 13 2 13 2 13 2 14 3 14 2 14 3 14 3 14 3 14 3 15 3 15 3 15 3 15 3 15 3 15 3 15 3 0 0 0 0 0 0 0 0 0 0
1784740942.746870,56973,-47,11,1,7,1,-95,1,664250376,128,0 0 0 0 0 0 0 0 0 0 0 0 4 -2 4 -2 4 -2 5 -1 5 -2 5 -2 5 -2 5 -1 6 -1 6 -1 6 -1 6 -1 7 -1 7 -1 7 -1 7 -1 7 -1 8 -1 8 -1 8 -1 8 -1 8 -1 9 -1 9 -1 9 -1 10 -1 0 0 10 -2 10 -2 11 -2 11 -2 11 -2 11 -2 11 -2 12 -2 12 -2 13 -2 13 -2 13 -2 13 -2 13 -2 14 -3 14 -3 14 -2 14 -2 14 -2 15 -3 15 -2 14 -2 15 -2 15 -2 15 -1 15 -2 0 0 0 0 0 0 0 0 0 0
1784740942.746870,56974,-44,11,1,7,0,-95,1,664260451,128,0 0 0 0 0 0 0 0 0 0 0 0 -3 2 -4 2 -4 2 -4 2 -4 2 -4 2 -5 2 -5 3 -5 3 -5 3 -6 2 -6 3 -6 3 -6 3 -6 3 -7 3 -7 3 -7 3 -7 3 -7 3 -7 4 -7 4 -8 4 -8 4 -8 4 -8 4 0 0 -9 4 -9 5 -9 5 -9 5 -9 5 -9 5 -9 5 -10 6 -10 6 -10 6 -10 6 -10 6 -11 6 -11 6 -11 7 -10 7 -11 7 -11 7 -11 7 -11 7 -11 7 -11 7 -12 7 -11 7 -11 7 -11 7 0 0 0 0 0 0 0 0 0 0
1784740942.766992,56975,-48,11,1,7,1,-95,1,664271831,128,0 0 0 0 0 0 0 0 0 0 0 0 -4 1 -4 0 -4 0 -5 0 -5 0 -5 0 -5 0 -6 0 -6 0 -6 0 -6 0 -6 0 -7 0 -7 0 -7 0 -8 0 -8 0 -8 0 -9 0 -8 0 -9 0 -9 0 -9 0 -9 0 -10 0 -10 0 0 0 -11 0 -11 0 -12 0 -11 0 -12 0 -12 0 -12 0 -12 0 -13 0 -13 1 -13 1 -14 1 -14 1 -15 0 -14 0 -15 0 -14 0 -15 0 -15 0 -15 0 -15 0 -16 0 -15 0 -15 0 -16 1 -16 0 0 0 0 0 0 0 0 0 0 0
1784740942.766992,56976,-48,11,1,7,1,-95,1,664280429,128,0 0 0 0 0 0 0 0 0 0 0 0 1 3 1 3 0 3 1 4 1 4 1 4 1 4 1 4 1 5 1 5 1 5 1 5 1 6 1 6 1 7 1 7 1 7 1 7 1 8 2 8 1 8 2 8 2 8 1 9 1 9 1 9 0 0 2 10 2 10 2 11 2 11 2 11 3 11 3 12 3 12 3 12 3 12 3 13 3 13 3 13 3 14 3 13 3 14 3 14 3 14 3 14 3 14 3 14 3 15 3 14 3 15 3 15 3 15 0 0 0 0 0 0 0 0 0 0
1784740942.778831,56977,-49,11,1,7,1,-95,1,664290378,128,0 0 0 0 0 0 0 0 0 0 0 0 2 -3 2 -4 2 -3 3 -4 3 -4 3 -4 3 -4 3 -4 4 -4 3 -5 4 -5 4 -5 4 -5 4 -6 5 -6 5 -5 6 -6 5 -6 6 -6 6 -6 6 -7 6 -6 6 -7 6 -7 7 -7 7 -7 0 0 8 -8 7 -8 8 -8 8 -8 8 -8 8 -9 8 -8 8 -9 9 -9 9 -10 9 -10 9 -10 9 -10 9 -10 9 -10 10 -10 9 -10 10 -10 10 -10 10 -10 10 -11 10 -11 10 -11 10 -11 10 -11 10 -11 0 0 0 0 0 0 0 0 0 0
1784740942.794671,56978,-49,11,1,7,1,-95,1,664300353,128,0 0 0 0 0 0 0 0 0 0 0 0 -5 0 -5 -1 -5 -1 -5 -1 -5 -1 -6 -1 -6 -1 -6 -1 -6 -1 -7 -1 -7 -2 -7 -2 -7 -2 -8 -2 -8 -2 -8 -2 -8 -2 -9 -2 -8 -3 -9 -3 -9 -3 -9 -3 -10 -3 -10 -3 -10 -3 -10 -3 0 0 -10 -3 -11 -3 -11 -3 -12 -3 -11 -3 -11 -3 -11 -3 -12 -3 -12 -3 -13 -3 -13 -3 -13 -3 -13 -3 -13 -3 -14 -2 -13 -3 -14 -3 -14 -3 -14 -3 -14 -3 -14 -3 -14 -3 -14 -3 -14 -3 -14 -3 -14 -3 0 0 0 0 0 0 0 0 0 0
1784740942.794671,56979,-48,11,1,7,1,-95,1,664312748,128,0 0 0 0 0 0 0 0 0 0 0 0 4 0 4 0 5 0 5 0 5 1 5 1 6 1 6 1 6 1 7 1 6 2 7 2 7 2 7 2 7 2 8 2 7 2 8 3 8 3 8 3 8 3 9 3 9 3 9 3 9 3 9 3 0 0 9 3 10 3 9 3 10 3 10 3 11 3 11 2 11 3 11 3 12 3 12 3 12 3 12 3 12 3 13 2 13 2 13 3 13 3 13 3 13 2 13 3 13 2 14 3 13 3 13 3 13 3 0 0 0 0 0 0 0 0 0 0
1784740942.810433,56980,-48,11,1,7,1,-95,1,664320437,128,0 0 0 0 0 0 0 0 0 0 0 0 0 -5 0 -5 0 -6 1 -6 0 -6 0 -6 1 -6 1 -7 1 -7 1 -7 1 -7 1 -8 2 -8 2 -8 2 -8 2 -9 3 -9 3 -9 3 -9 3 -9 3 -9 3 -9 3 -10 3 -10 3 -10 3 -10 0 0 3 -11 3 -11 4 -11 3 -11 3 -11 4 -12 4 -12 3 -12 4 -12 3 -13 3 -13 3 -13 4 -13 4 -14 4 -14 4 -14 4 -13 4 -14 4 -14 4 -14 4 -14 4 -15 4 -14 4 -14 4 -14 4 -15 0 0 0 0 0 0 0 0 0 0
1784740942.826213,56981,-48,11,1,7,1,-95,1,664330437,128,0 0 0 0 0 0 0 0 0 0 0 0 -3 3 -3 3 -4 3 -4 3 -4 4 -4 3 -4 4 -4 4 -5 4 -5 4 -6 4 -6 4 -6 4 -6 4 -6 5 -7 5 -7 5 -8 5 -7 5 -8 6 -8 6 -8 6 -8 6 -9 6 -9 6 -9 6 0 0 -9 7 -9 7 -9 7 -10 8 -10 8 -9 8 -9 9 -10 9 -10 9 -11 9 -11 9 -11 9 -11 8 -11 9 -11 10 -11 10 -12 10 -12 10 -11 10 -11 11 -11 10 -11 10 -12 10 -12 10 -12 10 -12 10 0 0 0 0 0 0 0 0 0 0
1784740942.826213,56982,-48,11,1,7,1,-95,1,664340349,128,0 0 0 0 0 0 0 0 0 0 0 0 3 3 3 3 3 3 3 3 3 3 3 3 3 3 3 4 4 4 3 4 4 4 4 4 4 4 4 5 5 5 5 5 5 5 5 5 5 6 6 6 6 6 6 6 6 6 6 7 6 7 7 7 0 0 7 7 7 7 8 8 8 8 8 8 8 8 8 9 9 9 9 9 9 9 9 9 9 9 9 9 10 10 10 9 10 10 10 10 10 10 10 10 10 10 10 10 10 10 10 10 10 11 10 11 10 11 0 0 0 0 0 0 0 0 0 0
1784740942.842235,56983,-48,11,1,7,1,-95,1,664350343,128,0 0 0 0 0 0 0 0 0 0 0 0 3 3 3 3 3 4 2 4 3 4 3 4 3 4 3 4 3 4 3 4 3 5 3 5 4 5 4 5 4 5 4 6 4 6 4 6 4 6 5 6 5 7 5 7 5 7 5 7 5 7 5 8 0 0 6 8 6 9 6 9 6 9 6 9 6 9 6 9 7 9 7 10 7 10 7 10 7 10 7 10 7 11 7 11 8 11 8 11 8 11 8 11 8 11 8 11 8 11 7 11 8 11 7 11 8 12 0 0 0 0 0 0 0 0 0 0
1784740942.842235,56984,-46,11,1,7,1,-95,1,664360868,128,0 0 0 0 0 0 0 0 0 0 0 0 5 -1 6 -1 5 -1 6 0 6 0 6 0 6 0 6 0 6 0 7 0 7 0 7 0 7 0 8 0 8 0 8 1 9 0 9 1 9 1 9 1 9 1 9 1 10 1 10 1 10 1 10 1 0 0 11 1 11 1 11 2 11 1 11 1 11 2 11 1 12 1 12 1 12 1 12 1 12 1 12 1 13 1 12 1 13 1 13 1 13 1 13 1 13 1 13 1 13 1 13 1 13 1 13 1 13 1 0 0 0 0 0 0 0 0 0 0
1784740942.858214,56985,-45,11,1,7,1,-95,1,664370402,128,0 0 0 0 0 0 0 0 0 0 0 0 -7 1 -7 0 -7 0 -7 0 -7 -1 -8 -1 -8 -1 -8 -1 -8 -1 -8 -1 -9 -1 -9 -1 -9 -2 -9 -2 -10 -2 -10 -2 -10 -3 -10 -3 -11 -3 -11 -3 -11 -3 -11 -3 -11 -3 -11 -3 -11 -3 -12 -4 0 0 -12 -4 -12 -4 -12 -4 -12 -4 -12 -4 -12 -3 -12 -4 -12 -3 -13 -4 -13 -3 -13 -3 -13 -3 -13 -3 -13 -3 -13 -3 -14 -3 -13 -3 -14 -3 -14 -3 -14 -3 -14 -3 -14 -3 -13 -2 -14 -3 -14 -3 -14 -2 0 0 0 0 0 0 0 0 0 0
1784740942.876065,56986,-45,11,1,7,1,-95,1,664380317,128,0 0 0 0 0 0 0 0 0 0 0 0 4 -4 5 -4 5 -4 6 -4 6 -4 6 -4 6 -4 6 -3 7 -4 7 -4 7 -3 8 -3 8 -3 8 -3 9 -3 9 -3 9 -3 9 -3 9 -3 9 -2 10 -3 10 -2 10 -3 10 -2 10 -2 11 -2 0 0 11 -2 11 -2 11 -2 11 -3 11 -3 11 -3 11 -3 11 -3 11 -3 11 -3 11 -3 11 -4 11 -3 12 -3 12 -4 12 -4 12 -3 12 -4 12 -4 12 -5 12 -4 12 -4 12 -4 12 -4 12 -4 12 -5 0 0 0 0 0 0 0 0 0 0
1784740942.876065,56987,-44,11,1,7,1,-95,1,664391802,128,0 0 0 0 0 0 0 0 0 0 0 0 -6 -3 -6 -3 -6 -4 -6 -4 -6 -4 -6 -5 -6 -5 -7 -5 -7 -6 -7 -5 -7 -5 -7 -6 -7 -6 -7 -7 -7 -7 -7 -8 -7 -8 -7 -8 -7 -8 -7 -8 -7 -9 -7 -9 -7 -9 -7 -9 -7 -9 -7 -9 0 0 -8 -9 -7 -9 -7 -10 -8 -9 -8 -9 -8 -9 -8 -9 -8 -9 -8 -10 -9 -9 -9 -9 -9 -9 -9 -10 -9 -10 -9 -10 -9 -10 -9 -10 -10 -10 -10 -10 -10 -10 -10 -10 -10 -10 -10 -10 -10 -10 -11 -10 -11 -10 0 0 0 0 0 0 0 0 0 0
1784740942.892730,56988,-44,11,1,7,1,-95,1,664400350,128,0 0 0 0 0 0 0 0 0 0 0 0 -6 2 -6 2 -6 1 -7 1 -7 1 -7 1 -7 1 -7 1 -8 1 -8 1 -8 1 -9 1 -9 1 -9 1 -9 1 -9 0 -10 1 -10 1 -10 0 -10 0 -10 0 -11 0 -11 0 -11 0 -11 0 -11 0 0 0 -11 0 -11 0 -12 0 -11 0 -12 0 -12 1 -11 1 -12 1 -12 1 -12 1 -12 1 -12 1 -12 1 -12 2 -13 2 -13 2 -13 2 -13 2 -13 3 -13 3 -13 3 -13 3 -13 3 -13 3 -13 3 -14 3 0 0 0 0 0 0 0 0 0 0
1784740942.908330,56989,-44,11,1,7,1,-95,1,664410362,128,0 0 0 0 0 0 0 0 0 0 0 0 6 0 6 0 6 0 6 0 6 1 6 1 6 1 7 1 7 1 7 2 7 2 7 2 8 2 7 3 8 2 9 2 9 2 9 3 9 3 9 3 9 3 9 3 10 3 9 4 9 4 10 4 0 0 10 3 10 4 10 4 11 3 10 3 11 3 11 3 11 3 11 3 12 3 12 4 12 3 12 3 12 3 12 2 12 2 13 3 13 2 13 2 13 1 13 2 13 1 14 2 13 3 13 3 13 2 0 0 0 0 0 0 0 0 0 0
1784740942.910094,56990,-44,11,1,7,1,-95,1,664420369,128,0 0 0 0 0 0 0 0 0 0 0 0 5 0 6 0 6 1 6 1 6 1 6 1 6 1 7 2 7 2 7 2 7 2 7 3 7 3 7 3 8 3 8 3 8 3 8 4 8 4 9 4 9 4 9 4 9 5 9 5 9 5 9 5 0 0 9 5 9 5 10 5 10 5 10 5 10 5 10 5 10 5 10 5 11 6 11 6 11 6 11 6 11 6 11 5 12 6 11 6 12 6 12 6 12 6 12 6 12 5 12 6 12 7 12 6 12 6 0 0 0 0 0 0 0 0 0 0
1784740942.926693,56991,-44,11,1,7,1,-95,1,664430343,128,0 0 0 0 0 0 0 0 0 0 0 0 -1 -6 0 -7 0 -7 0 -7 0 -7 0 -7 1 -7 1 -8 1 -8 1 -8 1 -8 1 -8 1 -9 1 -9 2 -9 2 -9 3 -10 2 -10 3 -10 3 -10 3 -10 4 -10 3 -10 3 -11 3 -11 4 -11 0 0 4 -11 4 -11 4 -12 4 -11 4 -11 4 -12 4 -11 4 -12 4 -12 4 -12 3 -12 3 -13 3 -13 4 -13 4 -13 4 -14 3 -13 4 -14 4 -14 4 -13 4 -14 4 -14 3 -14 3 -14 3 -14 4 -14 0 0 0 0 0 0 0 0 0 0
1784740942.926693,56992,-44,11,1,7,1,-95,1,664440416,128,0 0 0 0 0 0 0 0 0 0 0 0 -4 4 -4 4 -5 4 -5 4 -6 4 -6 4 -6 4 -6 4 -6 4 -7 4 -7 4 -8 4 -8 4 -8 4 -8 4 -9 4 -9 4 -9 4 -10 4 -10 4 -10 4 -10 4 -10 4 -11 4 -10 4 -11 4 0 0 -11 4 -11 4 -11 4 -12 5 -11 4 -11 5 -11 5 -12 5 -11 5 -12 6 -12 5 -12 5 -12 5 -11 5 -12 6 -12 6 -13 6 -12 6 -12 6 -12 7 -12 7 -12 7 -13 7 -13 6 -13 6 -13 7 0 0 0 0 0 0 0 0 0 0
1784740942.943506,56993,-44,11,1,7,1,-95,1,664450304,128,0 0 0 0 0 0 0 0 0 0 0 0 5 3 5 3 5 4 5 4 5 4 5 5 5 4 5 5 5 5 5 5 5 6 5 6 6 6 6 6 6 7 5 7 6 8 5 7 6 8 6 8 6 8 5 8 6 8 6 9 6 9 6 9 0 0 6 9 6 9 6 10 6 9 6 10 6 9 6 10 7 10 7 10 7 9 7 10 8 10 7 10 8 10 7 10 8 11 7 10 8 10 8 10 8 10 9 10 9 11 9 10 9 11 9 10 9 11 0 0 0 0 0 0 0 0 0 0
1784740942.954190,56994,-43,11,1,7,1,-95,1,664460417,128,0 0 0 0 0 0 0 0 0 0 0 0 -7 -2 -7 -2 -7 -3 -7 -4 -7 -4 -7 -4 -7 -4 -7 -4 -7 -5 -7 -5 -8 -5 -8 -5 -8 -6 -8 -6 -8 -6 -8 -6 -8 -7 -8 -7 -8 -7 -9 -7 -9 -7 -9 -8 -9 -7 -8 -8 -9 -8 -9 -8 0 0 -9 -8 -9 -8 -9 -9 -9 -8 -9 -8 -9 -9 -9 -8 -10 -8 -9 -9 -10 -8 -10 -8 -10 -8 -11 -8 -11 -9 -11 -9 -11 -9 -11 -9 -11 -9 -12 -9 -12 -9 -12 -9 -12 -9 -12 -9 -12 -9 -12 -9 -12 -9 0 0 0 0 0 0 0 0 0 0
1784740942.954190,56995,-43,11,1,7,1,-95,1,664470390,128,0 0 0 0 0 0 0 0 0 0 0 0 -3 6 -3 6 -4 6 -4 6 -4 6 -4 6 -4 6 -5 6 -5 6 -5 7 -6 6 -6 7 -6 6 -6 7 -6 7 -6 7 -6 7 -7 8 -7 8 -7 8 -7 8 -7 8 -8 8 -8 7 -8 7 -8 8 0 0 -8 8 -8 9 -7 8 -8 9 -7 8 -7 9 -7 9 -8 9 -7 9 -8 10 -8 10 -7 10 -7 10 -7 10 -7 11 -7 11 -7 11 -7 11 -7 11 -7 12 -7 12 -6 12 -7 12 -8 12 -7 12 -7 12 0 0 0 0 0 0 0 0 0 0
1784740942.970435,56996,-42,11,1,7,1,-95,1,664480320,128,0 0 0 0 0 0 0 0 0 0 0 0 -7 -3 -7 -4 -6 -4 -7 -5 -6 -5 -7 -5 -6 -5 -7 -6 -7 -6 -7 -6 -7 -6 -7 -7 -7 -7 -7 -7 -7 -7 -7 -8 -7 -8 -7 -8 -8 -9 -7 -8 -7 -8 -7 -9 -7 -8 -7 -9 -7 -9 -7 -9 0 0 -8 -10 -7 -9 -8 -10 -7 -9 -8 -9 -8 -9 -8 -9 -8 -9 -8 -10 -9 -9 -9 -9 -9 -9 -9 -9 -9 -10 -9 -9 -10 -10 -9 -10 -10 -10 -10 -10 -10 -10 -10 -10 -11 -10 -10 -10 -10 -10 -11 -10 -11 -10 0 0 0 0 0 0 0 0 0 0
1784740942.989333,56997,-42,11,1,7,1,-95,1,664490423,128,0 0 0 0 0 0 0 0 0 0 0 0 3 -6 4 -6 5 -6 5 -6 5 -6 5 -6 5 -6 5 -6 6 -6 6 -6 6 -6 6 -7 7 -6 7 -6 7 -7 8 -6 8 -6 8 -6 8 -6 8 -6 8 -6 9 -6 8 -7 9 -6 9 -6 9 -7 0 0 9 -7 9 -7 9 -6 9 -7 9 -7 9 -7 9 -7 9 -8 9 -8 9 -8 9 -8 9 -9 9 -8 9 -9 10 -9 10 -9 10 -9 10 -9 10 -9 10 -10 10 -10 10 -10 10 -10 10 -10 10 -10 10 -10 0 0 0 0 0 0 0 0 0 0
1784740942.992912,56998,-43,11,1,7,1,-95,1,664500421,128,0 0 0 0 0 0 0 0 0 0 0 0 -7 -4 -6 -4 -6 -5 -6 -5 -6 -5 -6 -5 -6 -6 -6 -6 -7 -6 -6 -6 -6 -7 -6 -7 -6 -7 -6 -7 -6 -7 -7 -8 -7 -8 -7 -8 -7 -8 -7 -8 -7 -9 -7 -9 -7 -9 -7 -9 -7 -9 -7 -10 0 0 -7 -10 -8 -10 -7 -9 -8 -10 -8 -9 -8 -9 -8 -9 -9 -10 -9 -9 -9 -10 -9 -10 -9 -9 -9 -10 -9 -9 -11 -10 -10 -9 -10 -11 -10 -10 -11 -10 -11 -10 -11 -10 -11 -10 -11 -11 -11 -11 -11 -11 -11 -11 0 0 0 0 0 0 0 0 0 0
1784740943.006727,56999,-43,11,1,7,1,-95,1,664510350,128,0 0 0 0 0 0 0 0 0 0 0 0 6 0 6 0 6 0 6 1 6 1 6 1 6 1 7 1 7 1 7 1 7 1 8 2 8 2 8 2 9 2 8 2 9 2 8 2 9 3 9 3 9 3 9 4 9 3 9 3 9 3 10 3 0 0 10 4 10 4 10 4 10 4 10 3 11 4 11 4 11 4 11 4 12 3 12 3 12 3 12 3 13 3 12 3 13 3 12 3 13 3 13 3 13 3 14 3 14 3 13 3 14 3 14 3 14 3 0 0 0 0 0 0 0 0 0 0
1784740943.008741,57000,-44,11,1,7,1,-95,1,664520434,128,0 0 0 0 0 0 0 0 0 0 0 0 2 -6 2 -6 2 -6 2 -6 3 -6 3 -6 3 -6 3 -6 3 -6 3 -7 3 -7 3 -7 4 -7 4 -8 4 -8 5 -8 5 -8 5 -8 5 -8 5 -8 5 -9 5 -8 6 -9 6 -9 6 -9 6 -9 0 0 6 -9 7 -10 6 -9 7 -10 7 -9 7 -9 7 -10 7 -10 7 -10 7 -11 7 -11 7 -11 7 -11 7 -11 7 -12 7 -11 7 -12 7 -12 7 -12 7 -13 7 -13 8 -13 7 -13 8 -12 8 -13 8 -13 0 0 0 0 0 0 0 0 0 0
1784740943.018451,57001,-44,11,1,7,1,-95,1,664530416,128,0 0 0 0 0 0 0 0 0 0 0 0 2 -6 2 -6 2 -6 3 -6 3 -6 3 -6 3 -6 3 -6 3 -7 4 -6 4 -7 4 -7 4 -7 4 -7 5 -8 5 -8 5 -8 5 -8 6 -8 6 -9 6 -9 6 -9 6 -9 7 -9 7 -9 7 -9 0 0 7 -9 7 -10 8 -9 7 -10 7 -10 7 -10 8 -10 8 -10 7 -11 8 -11 8 -11 8 -11 7 -11 8 -11 7 -12 8 -12 8 -12 8 -13 8 -13 8 -13 8 -13 8 -13 8 -13 9 -13 9 -13 9 -13 0 0 0 0 0 0 0 0 0 0
1784740943.034242,57002,-44,11,1,7,1,-95,1,664540866,128,0 0 0 0 0 0 0 0 0 0 0 0 2 -5 3 -5 3 -5 3 -5 3 -5 3 -6 3 -6 4 -6 4 -6 4 -6 4 -6 4 -7 5 -7 5 -7 5 -7 6 -7 6 -8 6 -7 7 -8 7 -8 7 -8 8 -8 7 -8 8 -8 8 -8 9 -8 0 0 9 -8 9 -8 9 -8 9 -8 9 -9 9 -9 9 -9 9 -9 9 -9 9 -10 9 -10 9 -10 9 -10 9 -10 10 -10 10 -11 9 -10 10 -11 10 -11 10 -11 10 -11 10 -11 9 -12 10 -11 10 -12 10 -12 0 0 0 0 0 0 0 0 0 0
1784740943.034242,57003,-44,11,1,7,1,-95,1,664550595,128,0 0 0 0 0 0 0 0 0 0 0 0 -5 -3 -5 -3 -5 -4 -5 -4 -6 -4 -5 -4 -6 -4 -6 -5 -6 -5 -6 -5 -6 -6 -6 -6 -6 -6 -7 -7 -7 -7 -7 -7 -7 -7 -8 -8 -7 -8 -8 -8 -8 -8 -8 -8 -8 -9 -8 -9 -7 -9 -7 -10 0 0 -8 -9 -8 -10 -8 -9 -9 -10 -8 -10 -8 -10 -9 -10 -9 -10 -9 -10 -10 -11 -9 -10 -9 -10 -9 -10 -9 -10 -11 -10 -10 -10 -11 -11 -11 -10 -11 -10 -11 -10 -11 -10 -12 -10 -11 -11 -11 -11 -11 -11 -11 -11 0 0 0 0 0 0 0 0 0 0
1784740943.050115,57004,-44,11,1,7,1,-95,1,664560357,128,0 0 0 0 0 0 0 0 0 0 0 0 -6 -2 -6 -3 -6 -3 -6 -3 -6 -4 -6 -4 -7 -4 -7 -4 -7 -4 -7 -4 -7 -5 -7 -5 -8 -5 -8 -5 -8 -6 -8 -6 -9 -6 -9 -6 -9 -6 -9 -7 -9 -7 -9 -7 -9 -7 -9 -8 -9 -8 -10 -8 0 0 -10 -8 -10 -8 -10 -8 -10 -8 -10 -8 -11 -8 -10 -8 -11 -8 -11 -8 -11 -8 -11 -8 -11 -8 -11 -8 -12 -8 -12 -8 -12 -8 -12 -8 -13 -8 -13 -8 -13 -8 -13 -8 -13 -8 -13 -8 -13 -9 -13 -8 -14 -9 0 0 0 0 0 0 0 0 0 0
1784740943.066141,57005,-44,11,1,7,1,-95,1,664572445,128,0 0 0 0 0 0 0 0 0 0 0 0 3 4 3 5 3 5 3 5 3 5 3 6 3 6 3 6 3 6 3 7 3 7 3 7 3 8 3 8 3 8 3 8 3 9 3 9 3 9 3 9 3 10 3 10 3 10 3 10 3 11 3 11 0 0 3 11 3 11 3 11 3 11 3 11 3 11 3 11 4 11 4 12 4 12 4 12 4 12 4 12 4 12 5 12 5 13 5 13 5 13 5 12 5 13 5 13 6 13 5 13 5 13 5 13 5 14 0 0 0 0 0 0 0 0 0 0
1784740943.066141,57006,-44,11,1,7,1,-95,1,664580400,128,0 0 0 0 0 0 0 0 0 0 0 0 -4 5 -4 4 -5 5 -5 4 -5 5 -5 5 -5 5 -5 5 -5 5 -6 5 -6 5 -6 5 -7 5 -7 5 -7 5 -7 6 -7 6 -8 6 -8 6 -8 6 -8 6 -8 6 -9 6 -9 6 -9 6 -9 6 0 0 -9 6 -9 7 -9 6 -10 7 -9 7 -9 7 -9 7 -9 8 -10 7 -10 8 -10 8 -10 8 -10 8 -9 8 -10 9 -9 9 -10 9 -10 9 -10 9 -10 10 -10 9 -10 10 -11 10 -11 9 -11 9 -11 10 0 0 0 0 0 0 0 0 0 0
1784740943.082388,57007,-44,11,1,7,1,-95,1,664590429,128,0 0 0 0 0 0 0 0 0 0 0 0 -7 0 -7 0 -7 -1 -7 -1 -7 -1 -8 -1 -7 -1 -8 -1 -8 -1 -8 -2 -8 -2 -9 -2 -9 -2 -9 -2 -10 -2 -10 -3 -10 -3 -10 -3 -10 -3 -11 -3 -11 -3 -11 -4 -11 -3 -11 -4 -11 -4 -11 -4 0 0 -12 -4 -11 -4 -12 -4 -12 -4 -12 -4 -12 -4 -12 -4 -13 -4 -13 -4 -13 -4 -13 -4 -13 -4 -13 -4 -14 -4 -14 -4 -14 -4 -14 -4 -14 -4 -15 -4 -15 -4 -15 -4 -15 -4 -15 -4 -15 -4 -15 -4 -16 -4 0 0 0 0 0 0 0 0 0 0
1784740943.093439,57008,-44,11,1,7,1,-95,1,664600378,128,0 0 0 0 0 0 0 0 0 0 0 0 -2 5 -3 6 -3 6 -3 5 -3 6 -4 6 -4 6 -4 6 -4 6 -4 6 -4 6 -4 6 -5 7 -5 7 -5 7 -6 7 -6 7 -6 7 -6 7 -6 8 -6 8 -7 8 -6 8 -7 8 -7 8 -7 8 0 0 -7 8 -8 9 -8 8 -7 9 -7 9 -8 9 -7 9 -8 10 -8 9 -8 10 -7 10 -7 10 -7 11 -8 11 -8 11 -8 11 -8 11 -8 11 -8 11 -8 12 -8 12 -8 12 -8 12 -8 12 -8 12 -9 12 0 0 0 0 0 0 0 0 0 0
1784740943.098397,57009,-45,11,1,7,1,-95,1,664614882,128,0 0 0 0 0 0 0 0 0 0 0 0 4 4 4 4 3 4 3 5 3 4 3 5 3 5 4 5 4 5 4 5 4 5 4 5 4 6 4 6 4 7 4 6 4 7 4 7 4 7 4 8 5 8 4 8 5 8 5 8 5 8 5 9 0 0 5 9 5 9 5 9 5 9 5 9 5 9 5 9 6 9 6 10 6 9 7 10 7 10 7 10 7 10 7 10 7 11 7 10 7 11 7 11 7 11 8 11 8 11 7 11 8 11 8 11 8 12 0 0 0 0 0 0 0 0 0 0
1784740943.117704,57010,-45,11,1,7,1,-95,1,664620574,128,0 0 0 0 0 0 0 0 0 0 0 0 -5 -4 -5 -4 -5 -4 -6 -5 -5 -5 -6 -5 -5 -5 -6 -5 -5 -5 -5 -5 -6 -5 -6 -6 -6 -6 -6 -6 -6 -7 -6 -7 -7 -7 -6 -7 -7 -7 -6 -8 -7 -8 -7 -8 -7 -8 -7 -8 -7 -8 -7 -9 0 0 -8 -9 -7 -9 -8 -9 -8 -9 -8 -9 -8 -9 -8 -9 -8 -9 -8 -10 -9 -9 -9 -10 -9 -9 -10 -10 -10 -10 -9 -10 -10 -10 -9 -10 -10 -11 -10 -11 -10 -11 -10 -11 -10 -11 -10 -11 -10 -11 -10 -11 -11 -12 0 0 0 0 0 0 0 0 0 0
1784740943.117704,57011,-45,11,1,7,1,-95,1,664630345,128,0 0 0 0 0 0 0 0 0 0 0 0 5 -2 6 -2 6 -2 5 -1 6 -1 6 -1 6 -1 6 -1 6 -1 6 -1 6 -1 7 -1 7 -1 7 -1 7 -1 7 -1 8 -1 8 -1 8 -1 9 -1 9 -1 9 -1 9 -1 9 -1 9 -1 10 -1 0 0 10 -1 10 -1 10 -1 11 -1 10 -1 11 -1 11 -1 11 -1 11 -1 12 -2 11 -2 12 -2 12 -2 12 -2 12 -2 12 -2 13 -2 13 -2 13 -2 13 -2 13 -2 13 -2 14 -2 13 -2 13 -2 14 -2 0 0 0 0 0 0 0 0 0 0
1784740943.130352,57012,-45,11,1,7,1,-95,1,664640374,128,0 0 0 0 0 0 0 0 0 0 0 0 -1 6 -1 5 -2 6 -2 5 -2 6 -2 5 -2 6 -2 6 -2 6 -2 6 -2 7 -3 7 -3 7 -3 7 -3 7 -3 8 -3 8 -3 8 -3 8 -3 8 -3 9 -3 9 -4 9 -4 9 -4 9 -4 9 0 0 -4 9 -4 10 -4 10 -4 11 -4 10 -4 10 -4 10 -4 11 -4 11 -4 12 -4 12 -4 12 -4 11 -4 11 -4 13 -4 12 -4 13 -4 12 -4 13 -4 13 -4 13 -4 13 -5 13 -5 13 -5 14 -5 14 0 0 0 0 0 0 0 0 0 0
1784740943.146255,57013,-45,11,1,7,1,-95,1,664650360,128,0 0 0 0 0 0 0 0 0 0 0 0 5 -2 5 -2 5 -2 5 -1 5 -1 5 -1 5 -1 6 -1 6 -1 6 -1 6 -1 6 -1 7 -1 7 -1 7 -1 7 -1 8 -1 8 -1 8 -1 8 -1 8 -1 9 -1 9 -1 9 -1 9 -1 9 -1 0 0 10 -1 10 -1 10 0 10 -1 10 -1 10 -1 10 -1 11 -1 11 -1 11 -1 11 -1 11 -1 11 -1 12 -1 12 -1 12 -1 12 -1 12 -1 12 -2 13 -2 13 -2 13 -1 13 -2 13 -1 13 -1 13 -1 0 0 0 0 0 0 0 0 0 0
1784740943.146255,57014,-45,11,1,7,1,-95,1,664660319,128,0 0 0 0 0 0 0 0 0 0 0 0 5 0 5 0 6 0 6 1 6 1 6 1 6 1 6 1 6 1 6 1 6 1 7 1 7 1 7 2 7 2 7 2 8 2 8 2 8 2 8 2 8 2 9 3 9 3 9 3 9 3 9 3 0 0 9 3 10 3 10 3 10 3 10 3 10 3 10 3 11 3 11 3 11 3 11 3 11 3 12 3 12 3 12 3 12 3 12 3 13 3 13 3 13 3 13 3 13 3 13 3 13 3 13 3 14 3 0 0 0 0 0 0 0 0 0 0
1784740943.166286,57015,-45,11,1,7,1,-95,1,664670385,128,0 0 0 0 0 0 0 0 0 0 0 0 -3 5 -3 5 -3 5 -4 5 -4 5 -4 5 -4 5 -4 5 -4 5 -5 5 -5 5 -5 5 -5 5 -5 5 -5 6 -5 6 -6 6 -6 7 -6 7 -6 7 -6 7 -6 7 -7 7 -7 7 -7 7 -7 7 0 0 -7 8 -7 8 -7 8 -7 8 -7 8 -7 8 -7 8 -8 9 -7 9 -8 10 -8 9 -7 10 -7 9 -8 10 -7 11 -7 11 -8 11 -8 11 -8 11 -8 11 -8 11 -7 12 -8 11 -8 11 -8 11 -8 12 0 0 0 0 0 0 0 0 0 0
1784740943.176330,57016,-45,11,1,7,1,-95,1,664680352,128,0 0 0 0 0 0 0 0 0 0 0 0 -6 -2 -6 -3 -6 -3 -6 -3 -6 -3 -6 -4 -6 -4 -6 -4 -6 -4 -6 -4 -6 -4 -7 -4 -7 -5 -7 -5 -7 -5 -7 -5 -7 -5 -7 -5 -8 -6 -8 -6 -8 -6 -8 -6 -9 -6 -8 -6 -9 -7 -9 -7 0 0 -9 -7 -9 -7 -9 -7 -9 -7 -10 -7 -10 -7 -10 -7 -10 -7 -10 -8 -11 -7 -11 -7 -11 -7 -11 -8 -11 -8 -11 -8 -12 -8 -12 -7 -12 -8 -12 -8 -12 -8 -13 -8 -13 -8 -12 -8 -13 -9 -13 -8 -13 -9 0 0 0 0 0 0 0 0 0 0
1784740943.180080,57017,-45,11,1,7,1,-95,1,664690331,128,0 0 0 0 0 0 0 0 0 0 0 0 5 -1 5 -1 6 0 5 0 6 0 5 0 5 0 5 0 6 -1 6 0 6 0 6 0 6 0 6 0 7 0 7 0 7 0 8 -1 8 0 8 0 8 -1 9 0 9 0 9 0 9 0 10 0 0 0 10 0 10 0 10 0 11 0 11 0 11 -1 11 -1 11 -1 12 -1 12 -1 12 -1 12 -1 12 -1 12 -1 13 -1 13 -1 13 -1 13 -1 13 -2 14 -2 14 -2 14 -2 14 -2 14 -1 14 -1 14 -1 0 0 0 0 0 0 0 0 0 0
1784740943.193810,57018,-46,11,1,6,1,-95,1,664702762,128,0 0 0 0 0 0 0 0 0 0 0 0 -5 -4 -5 -4 -5 -5 -5 -5 -4 -5 -4 -5 -4 -5 -4 -5 -5 -5 -5 -5 -5 -5 -5 -5 -5 -5 -5 -6 -5 -6 -6 -6 -6 -6 -6 -6 -6 -6 -7 -6 -7 -6 -7 -6 -7 -7 -7 -7 -7 -7 -8 -7 0 0 -8 -8 -8 -7 -8 -8 -8 -8 -9 -8 -9 -8 -9 -8 -9 -8 -9 -8 -10 -8 -10 -9 -10 -8 -10 -9 -10 -9 -11 -9 -11 -9 -10 -9 -12 -9 -11 -9 -12 -9 -12 -9 -12 -9 -12 -10 -12 -10 -12 -10 -12 -11 0 0 0 0 0 0 0 0 0 0
1784740943.193810,57019,-46,11,1,7,1,-95,1,664710467,128,0 0 0 0 0 0 0 0 0 0 0 0 3 4 3 4 3 4 3 5 2 5 2 5 2 5 2 5 2 5 3 5 3 5 3 5 3 5 3 6 3 6 3 6 3 6 3 6 3 7 4 7 4 7 4 7 4 7 4 7 4 8 5 8 0 0 5 8 5 9 5 9 5 9 5 9 5 9 5 9 5 9 5 10 6 10 6 10 6 10 7 11 6 11 6 11 6 12 6 11 7 11 6 11 7 12 7 12 7 13 7 12 7 12 7 13 7 13 0 0 0 0 0 0 0 0 0 0
1784740943.209772,57020,-46,11,1,7,1,-95,1,664722958,128,0 0 0 0 0 0 0 0 0 0 0 0 5 -1 5 -1 5 -1 5 -1 6 -1 6 -1 6 -1 6 -1 6 -1 6 0 6 0 7 0 7 0 7 0 7 -1 8 0 8 -1 8 -1 8 0 8 -1 9 -1 9 -1 9 -1 9 0 9 0 9 0 0 0 10 0 11 -1 10 0 11 0 11 -1 11 -1 11 -1 11 -1 11 -1 12 -1 12 -1 12 -1 12 0 12 -1 13 -2 13 -2 14 -1 13 -1 13 -2 14 -2 14 -2 14 -2 15 -1 15 0 15 -1 15 -1 0 0 0 0 0 0 0 0 0 0
1784740943.226973,57021,-46,11,1,7,1,-95,1,664730430,128,0 0 0 0 0 0 0 0 0 0 0 0 -6 -2 -6 -2 -6 -2 -6 -3 -6 -3 -6 -3 -6 -3 -6 -3 -7 -3 -7 -4 -7 -4 -7 -4 -7 -4 -8 -4 -8 -4 -8 -4 -8 -4 -8 -4 -8 -5 -8 -5 -9 -5 -9 -5 -9 -5 -9 -5 -9 -5 -10 -5 0 0 -10 -6 -10 -6 -10 -6 -10 -6 -10 -6 -10 -6 -10 -6 -11 -6 -11 -6 -12 -6 -11 -6 -12 -6 -12 -6 -12 -6 -12 -6 -13 -6 -12 -7 -13 -6 -13 -6 -13 -6 -13 -6 -14 -7 -13 -7 -13 -7 -14 -7 -14 -7 0 0 0 0 0 0 0 0 0 0
1784740943.226973,57022,-46,11,1,7,1,-95,1,664741628,128,0 0 0 0 0 0 0 0 0 0 0 0 -5 -3 -5 -3 -5 -3 -5 -4 -5 -4 -5 -4 -5 -4 -6 -4 -6 -4 -6 -5 -6 -5 -6 -5 -6 -5 -6 -5 -7 -6 -7 -6 -7 -6 -7 -6 -7 -6 -7 -7 -7 -7 -8 -8 -8 -7 -8 -8 -8 -8 -8 -8 0 0 -8 -9 -8 -8 -8 -9 -8 -9 -8 -9 -8 -9 -9 -9 -9 -9 -9 -9 -9 -9 -9 -9 -9 -9 -9 -9 -9 -10 -10 -9 -10 -10 -10 -10 -10 -10 -10 -10 -11 -10 -10 -10 -11 -10 -11 -11 -11 -11 -11 -10 -11 -11 0 0 0 0 0 0 0 0 0 0
1784740943.246084,57023,-45,11,1,7,1,-95,1,664750497,128,0 0 0 0 0 0 0 0 0 0 0 0 -5 3 -5 2 -5 2 -5 2 -6 2 -6 2 -6 2 -6 2 -6 2 -7 2 -7 3 -7 2 -7 3 -8 3 -7 3 -8 3 -8 3 -9 3 -9 3 -9 3 -9 3 -10 3 -10 3 -10 3 -10 2 -10 3 0 0 -11 3 -11 3 -11 3 -12 4 -11 3 -12 3 -11 4 -12 4 -12 4 -13 4 -12 4 -12 4 -12 4 -12 4 -13 5 -13 5 -13 5 -14 5 -13 5 -13 6 -14 5 -13 6 -14 5 -14 5 -14 5 -14 5 0 0 0 0 0 0 0 0 0 0
1784740943.246084,57024,-46,11,1,7,1,-95,1,664760409,128,0 0 0 0 0 0 0 0 0 0 0 0 1 4 0 5 0 5 0 5 0 5 0 5 0 5 0 5 0 6 0 6 0 6 0 6 0 7 0 7 0 7 0 7 0 8 0 8 -1 9 -1 9 0 9 -1 9 -1 9 -1 9 -1 10 -1 10 0 0 -1 11 -1 10 -2 11 -1 11 -1 11 -1 11 -1 11 -1 12 -2 12 -1 12 -1 12 -1 12 -1 13 -1 13 -1 13 -1 14 -1 13 -1 14 -1 14 -1 14 -1 14 -1 14 -1 14 -1 15 -1 15 -1 15 0 0 0 0 0 0 0 0 0 0
1784740943.257935,57025,-46,11,1,7,1,-95,1,664770467,128,0 0 0 0 0 0 0 0 0 0 0 0 2 4 2 4 2 5 1 5 1 5 1 5 1 5 1 5 1 5 2 5 1 5 2 6 2 6 2 6 2 6 2 7 2 7 2 7 2 7 2 7 3 8 3 8 3 8 2 8 3 9 3 9 0 0 3 10 3 10 3 10 3 10 3 10 3 10 4 10 4 11 4 10 4 12 4 11 5 11 4 12 5 12 5 12 5 12 5 12 5 13 5 13 6 13 6 13 6 14 5 14 5 14 5 14 6 15 0 0 0 0 0 0 0 0 0 0
1784740943.275049,57026,-47,11,1,7,1,-95,1,664780422,128,0 0 0 0 0 0 0 0 0 0 0 0 -6 -1 -6 -1 -7 -2 -6 -2 -6 -2 -6 -2 -7 -2 -7 -2 -6 -2 -7 -2 -7 -3 -7 -2 -7 -3 -7 -3 -7 -2 -7 -2 -7 -2 -8 -3 -8 -2 -8 -2 -9 -2 -9 -2 -9 -2 -9 -3 -9 -2 -9 -2 0 0 -10 -2 -11 -2 -10 -2 -11 -2 -11 -2 -11 -2 -11 -2 -12 -2 -12 -2 -13 -2 -13 -2 -13 -2 -13 -2 -13 -2 -14 -2 -14 -1 -15 -3 -15 -2 -15 -2 -15 -2 -15 -2 -16 -2 -16 -3 -16 -3 -16 -3 -17 -3 0 0 0 0 0 0 0 0 0 0
1784740943.275049,57027,-47,11,1,7,1,-95,1,664790405,128,0 0 0 0 0 0 0 0 0 0 0 0 -6 -5 -6 -5 -5 -5 -6 -6 -5 -6 -5 -6 -5 -6 -5 -6 -5 -6 -5 -6 -5 -6 -5 -6 -5 -6 -5 -6 -5 -6 -5 -6 -6 -6 -6 -6 -6 -6 -6 -6 -6 -7 -6 -7 -7 -6 -7 -7 -7 -7 -8 -7 0 0 -8 -7 -8 -7 -8 -8 -8 -7 -9 -8 -9 -8 -9 -8 -10 -8 -10 -8 -11 -8 -11 -8 -11 -8 -11 -9 -12 -9 -11 -9 -12 -10 -11 -9 -12 -10 -12 -10 -13 -10 -13 -11 -13 -11 -13 -11 -13 -11 -13 -12 -13 -12 0 0 0 0 0 0 0 0 0 0
1784740943.294034,57028,-48,11,1,7,1,-95,1,664801377,128,0 0 0 0 0 0 0 0 0 0 0 0 6 0 6 0 6 1 6 1 6 1 6 1 6 1 6 2 6 1 6 2 6 1 6 2 6 2 6 2 6 2 7 1 7 1 7 1 7 2 7 1 7 1 7 1 8 1 8 1 8 1 8 1 0 0 9 1 9 0 9 1 10 1 10 0 10 1 10 0 11 0 11 0 12 0 12 0 12 0 12 0 12 1 13 0 13 0 14 1 14 1 14 1 14 1 14 1 15 1 15 2 15 2 15 2 15 2 0 0 0 0 0 0 0 0 0 0
1784740943.306003,57029,-48,11,1,7,1,-95,1,664810404,128,0 0 0 0 0 0 0 0 0 0 0 0 6 -2 6 -1 6 -1 6 -1 6 -1 6 -1 6 0 6 0 6 0 6 0 6 0 6 0 6 -1 6 0 7 -1 7 -1 7 -1 7 -1 7 -1 7 -1 7 -1 7 -1 8 -1 8 -1 8 -1 8 -2 0 0 9 -1 9 -2 9 -2 10 -2 10 -3 11 -2 10 -2 11 -2 11 -3 12 -3 12 -3 12 -3 12 -3 12 -3 13 -3 13 -3 13 -3 14 -3 14 -3 14 -3 15 -3 14 -3 15 -3 15 -3 15 -3 15 -2 0 0 0 0 0 0 0 0 0 0
1784740943.306003,57030,-47,11,1,7,1,-95,1,664820406,128,0 0 0 0 0 0 0 0 0 0 0 0 -6 0 -7 0 -6 0 -7 -1 -7 -1 -7 -1 -6 -1 -7 -1 -7 -1 -7 -1 -7 -1 -7 -1 -7 -1 -7 -1 -8 -1 -7 -1 -8 -1 -8 -1 -8 -1 -8 -1 -8 -1 -8 -1 -9 0 -9 0 -9 0 -10 0 0 0 -10 0 -10 0 -10 0 -10 0 -11 0 -11 0 -11 0 -12 0 -12 0 -12 1 -13 1 -13 1 -13 1 -13 1 -14 1 -14 1 -14 0 -14 1 -15 1 -15 0 -15 0 -15 0 -15 0 -15 0 -16 0 -16 0 0 0 0 0 0 0 0 0 0 0
1784740943.326068,57031,-46,11,1,7,1,-95,1,664830454,128,0 0 0 0 0 0 0 0 0 0 0 0 -1 6 -1 6 -2 6 -2 6 -2 6 -2 6 -2 6 -3 6 -2 6 -3 6 -3 6 -3 6 -3 6 -3 6 -3 7 -3 7 -3 7 -3 7 -3 7 -3 7 -3 8 -2 7 -3 8 -3 8 -3 8 -3 8 0 0 -2 8 -2 9 -2 9 -2 9 -2 10 -2 10 -2 10 -1 11 -2 11 -2 12 -2 12 -2 12 -2 11 -1 12 -1 13 -1 13 -2 13 -2 14 -1 14 -1 14 -1 14 -1 14 -2 14 -2 15 -3 15 -3 15 0 0 0 0 0 0 0 0 0 0
1784740943.326068,57032,-46,11,1,7,1,-95,1,664840432,128,0 0 0 0 0 0 0 0 0 0 0 0 -1 -8 -1 -8 0 -8 0 -8 0 -8 0 -8 0 -8 0 -8 0 -8 1 -8 1 -8 1 -8 1 -8 1 -9 1 -9 1 -9 1 -9 1 -9 1 -9 1 -9 1 -9 1 -10 1 -10 1 -10 1 -10 1 -10 0 0 1 -10 0 -11 1 -11 0 -11 0 -11 0 -12 0 -12 0 -12 0 -12 0 -13 0 -13 0 -13 0 -13 0 -14 0 -14 0 -14 0 -14 0 -15 0 -15 0 -15 0 -16 0 -16 1 -16 1 -16 1 -16 1 -17 0 0 0 0 0 0 0 0 0 0
1784740943.370549,57033,-45,11,1,7,0,-95,1,664883047,128,0 0 0 0 0 0 0 0 0 0 0 0 -8 -1 -8 -2 -8 -2 -8 -2 -8 -3 -8 -3 -8 -3 -8 -3 -8 -4 -7 -3 -8 -4 -8 -4 -8 -4 -8 -4 -8 -4 -8 -4 -8 -4 -8 -4 -8 -4 -8 -5 -8 -4 -8 -4 -7 -4 -8 -4 -8 -4 -8 -4 0 0 -8 -4 -8 -3 -8 -4 -9 -3 -9 -3 -9 -3 -9 -3 -10 -2 -9 -3 -10 -2 -10 -2 -10 -2 -11 -2 -11 -2 -11 -2 -12 -2 -11 -2 -12 -2 -12 -2 -13 -2 -12 -2 -13 -2 -13 -3 -13 -3 -14 -3 -14 -3 0 0 0 0 0 0 0 0 0 0
1784740943.434783,57034,-48,11,1,7,1,-95,1,664891517,128,0 0 0 0 0 0 0 0 0 0 0 0 1 -9 2 -9 3 -9 3 -9 3 -9 4 -9 4 -9 4 -9 4 -9 4 -9 5 -8 5 -9 6 -8 5 -9 5 -9 6 -9 6 -9 5 -9 6 -9 6 -9 5 -9 6 -9 5 -8 5 -8 5 -8 5 -9 0 0 5 -9 5 -9 5 -10 4 -9 4 -10 4 -10 4 -10 4 -11 4 -11 3 -12 3 -12 3 -12 3 -12 4 -13 3 -13 3 -14 4 -13 4 -15 3 -15 3 -15 4 -15 4 -16 4 -15 5 -16 5 -16 5 -16 0 0 0 0 0 0 0 0 0 0
1784740943.434783,57035,-48,11,1,7,1,-95,1,664910509,128,0 0 0 0 0 0 0 0 0 0 0 0 -6 7 -6 7 -7 6 -7 6 -7 6 -7 6 -8 5 -8 6 -8 5 -8 5 -8 5 -8 5 -8 5 -8 5 -9 5 -9 4 -9 4 -9 4 -9 4 -9 4 -9 5 -9 4 -8 5 -8 5 -8 5 -8 5 0 0 -8 6 -8 6 -8 6 -7 6 -7 6 -7 7 -7 7 -7 8 -8 8 -7 9 -7 9 -7 9 -7 9 -8 10 -8 10 -8 10 -8 10 -8 11 -9 11 -9 12 -9 12 -9 12 -9 12 -9 12 -9 12 -10 13 0 0 0 0 0 0 0 0 0 0
1784740943.434783,57036,-48,11,1,7,1,-95,1,664913061,128,0 0 0 0 0 0 0 0 0 0 0 0 -8 5 -8 5 -9 4 -9 4 -9 3 -9 3 -9 3 -9 3 -10 2 -10 3 -10 2 -10 2 -10 2 -10 2 -10 2 -11 1 -10 1 -10 1 -10 1 -10 1 -10 2 -10 2 -10 2 -10 1 -10 2 -10 2 0 0 -9 3 -10 3 -10 3 -10 3 -10 4 -10 4 -10 5 -10 5 -10 5 -10 6 -11 6 -11 6 -11 6 -11 7 -11 7 -12 7 -12 7 -12 8 -12 8 -13 8 -13 8 -13 8 -13 8 -14 8 -14 8 -15 8 0 0 0 0 0 0 0 0 0 0
1784740943.434783,57037,-48,11,1,7,1,-95,1,664925968,128,0 0 0 0 0 0 0 0 0 0 0 0 -10 4 -10 3 -10 3 -10 2 -11 2 -11 2 -11 1 -11 1 -11 1 -11 0 -11 0 -11 0 -11 -1 -11 -1 -11 -1 -11 -1 -11 -1 -11 -1 -11 -1 -11 0 -11 0 -11 0 -11 -1 -11 -1 -10 -1 -11 -1 0 0 -10 1 -11 1 -10 1 -11 1 -11 2 -11 2 -11 2 -11 3 -11 3 -12 3 -12 3 -12 4 -12 4 -12 4 -12 5 -12 5 -13 5 -13 5 -13 5 -14 6 -13 6 -13 6 -14 5 -15 5 -14 5 -14 5 0 0 0 0 0 0 0 0 0 0
1784740943.450808,57038,-48,11,1,7,1,-95,1,664952082,128,0 0 0 0 0 0 0 0 0 0 0 0 8 -3 8 -3 8 -2 8 -2 9 -1 9 -1 9 -1 9 -1 9 0 9 0 9 0 9 0 9 0 10 1 10 1 10 1 10 1 10 1 10 1 10 1 10 1 10 1 10 1 10 1 10 1 10 1 0 0 10 1 10 0 11 0 10 0 10 0 11 0 11 -1 11 -1 11 -1 12 -2 12 -2 12 -2 12 -2 13 -2 13 -2 13 -2 13 -2 14 -2 14 -2 14 -2 14 -2 15 -2 15 -2 15 -2 15 -2 16 -2 0 0 0 0 0 0 0 0 0 0
1784740943.450808,57039,-48,11,1,7,1,-95,1,664953210,128,0 0 0 0 0 0 0 0 0 0 0 0 6 5 5 5 5 6 5 7 5 7 4 7 5 7 4 7 5 7 4 8 4 8 4 8 4 8 3 9 4 8 4 9 3 9 3 9 3 9 4 9 4 9 4 9 4 9 3 9 3 9 4 9 0 0 4 8 4 9 5 8 5 9 5 8 5 9 6 9 6 9 6 9 7 10 7 9 7 9 7 9 7 9 9 10 8 10 9 11 9 10 9 10 10 11 10 11 10 11 10 12 9 12 9 12 9 12 0 0 0 0 0 0 0 0 0 0
1784740943.456820,57040,-49,11,1,6,1,-95,1,664963994,128,0 0 0 0 0 0 0 0 0 0 0 0 7 0 7 0 8 1 7 1 8 1 7 1 7 2 8 2 8 2 8 3 8 3 8 3 8 3 7 3 8 3 8 3 8 3 8 3 8 3 8 3 8 3 8 3 8 3 8 3 8 3 8 3 0 0 9 2 9 2 8 1 9 1 9 1 10 1 10 0 10 0 10 0 12 0 12 0 11 0 12 0 11 0 13 -1 13 -1 14 -1 14 -1 14 -1 14 -1 15 -1 15 -2 16 0 16 0 16 0 16 0 0 0 0 0 0 0 0 0 0 0
1784740943.466834,57041,-49,11,1,7,1,-95,1,664971065,128,0 0 0 0 0 0 0 0 0 0 0 0 4 4 4 5 4 5 3 5 3 6 3 6 3 6 3 6 3 6 3 7 2 7 3 7 2 7 3 7 3 7 3 7 3 7 3 8 3 7 3 7 3 7 3 7 3 7 3 7 3 7 3 7 0 0 4 7 5 7 5 7 5 7 5 7 5 7 6 7 6 7 7 7 7 8 7 8 7 8 7 8 7 8 9 8 9 8 9 9 9 9 10 9 10 10 10 10 10 10 10 11 10 11 10 12 10 12 0 0 0 0 0 0 0 0 0 0
1784740943.482732,57042,-49,11,1,7,1,-95,1,664985873,128,0 0 0 0 0 0 0 0 0 0 0 0 -2 7 -2 6 -3 7 -3 7 -3 7 -4 7 -3 7 -4 7 -4 7 -5 7 -5 7 -5 7 -5 7 -5 7 -5 7 -5 7 -5 7 -6 7 -6 7 -5 7 -5 7 -5 7 -6 7 -6 7 -6 7 -6 7 0 0 -5 8 -5 8 -5 8 -5 9 -4 9 -4 9 -4 9 -4 9 -4 10 -4 11 -4 10 -4 10 -4 11 -4 11 -4 12 -4 12 -4 13 -4 13 -4 13 -4 13 -4 13 -4 14 -5 14 -5 14 -6 14 -5 14 0 0 0 0 0 0 0 0 0 0
1784740943.486451,57043,-48,11,1,7,1,-95,1,664990438,128,0 0 0 0 0 0 0 0 0 0 0 0 -8 0 -8 0 -8 -1 -9 -1 -8 -2 -9 -2 -9 -2 -9 -2 -9 -3 -9 -2 -9 -3 -9 -3 -9 -3 -10 -3 -10 -3 -9 -4 -10 -4 -9 -4 -10 -4 -10 -4 -10 -4 -10 -4 -10 -4 -10 -4 -10 -4 -10 -4 0 0 -10 -4 -10 -3 -11 -4 -10 -3 -10 -3 -11 -3 -11 -3 -11 -3 -12 -3 -12 -2 -12 -2 -12 -2 -13 -1 -13 -2 -13 -2 -14 -2 -13 -2 -14 -2 -14 -2 -15 -2 -15 -2 -15 -2 -15 -2 -15 -2 -16 -2 -16 -2 0 0 0 0 0 0 0 0 0 0
1784740943.498638,57044,-47,11,1,7,1,-95,1,665000480,128,0 0 0 0 0 0 0 0 0 0 0 0 -4 -8 -3 -8 -3 -8 -3 -8 -3 -9 -3 -8 -3 -9 -2 -9 -2 -9 -2 -10 -2 -10 -2 -10 -1 -10 -1 -10 -2 -11 -1 -11 -1 -11 -1 -12 -1 -11 -1 -11 -1 -12 -1 -11 -1 -12 0 -12 0 -12 0 -12 0 0 -1 -12 -1 -12 -1 -11 -1 -12 -1 -12 -1 -12 -2 -12 -2 -12 -2 -12 -2 -13 -2 -13 -3 -13 -3 -13 -3 -13 -4 -14 -4 -13 -3 -14 -4 -14 -4 -14 -4 -14 -4 -14 -4 -15 -4 -15 -4 -16 -4 -15 -4 -15 0 0 0 0 0 0 0 0 0 0
1784740943.498638,57045,-46,11,1,7,1,-95,1,665010453,128,0 0 0 0 0 0 0 0 0 0 0 0 -7 -3 -7 -4 -7 -4 -7 -5 -7 -5 -7 -5 -7 -5 -7 -5 -7 -6 -7 -6 -7 -6 -7 -7 -7 -7 -7 -7 -7 -7 -7 -8 -8 -8 -8 -8 -8 -8 -8 -8 -8 -8 -8 -8 -8 -9 -7 -9 -7 -9 -8 -9 0 0 -8 -9 -8 -9 -8 -9 -8 -9 -8 -8 -8 -8 -9 -8 -9 -8 -9 -8 -10 -8 -9 -8 -10 -8 -10 -8 -10 -8 -10 -8 -11 -8 -10 -8 -11 -8 -11 -8 -11 -8 -12 -9 -12 -9 -12 -9 -12 -9 -12 -9 -12 -9 0 0 0 0 0 0 0 0 0 0
1784740943.514562,57046,-46,11,1,7,1,-95,1,665020321,128,0 0 0 0 0 0 0 0 0 0 0 0 6 3 6 3 6 4 6 4 6 4 6 5 6 5 6 5 6 5 6 5 6 5 6 6 6 6 6 6 6 6 6 7 6 7 6 7 6 7 6 7 6 7 6 8 6 7 7 7 7 7 7 8 0 0 7 8 7 8 7 8 7 8 7 7 7 8 7 8 8 7 8 8 8 7 9 8 9 7 9 8 9 8 9 8 9 9 9 8 10 8 10 8 10 8 10 8 10 9 10 8 10 9 10 9 11 9 0 0 0 0 0 0 0 0 0 0
1784740943.514562,57047,-46,11,1,7,1,-95,1,665030334,128,0 0 0 0 0 0 0 0 0 0 0 0 -2 -8 -2 -8 -2 -9 -1 -8 -1 -9 -1 -8 -1 -9 -1 -9 -1 -9 0 -9 0 -9 0 -9 0 -9 0 -9 -1 -9 -1 -10 -1 -10 -1 -10 0 -10 -1 -10 -1 -10 -1 -10 -1 -11 0 -11 0 -11 -1 -11 0 0 -1 -11 -1 -12 -1 -11 -2 -12 -2 -11 -2 -12 -2 -12 -2 -12 -3 -12 -3 -14 -3 -13 -2 -13 -2 -13 -2 -13 -4 -14 -3 -14 -3 -15 -3 -15 -3 -15 -4 -15 -3 -15 -4 -15 -3 -16 -2 -16 -2 -16 -2 -16 0 0 0 0 0 0 0 0 0 0
1784740943.530546,57048,-47,11,1,7,1,-95,1,665042582,128,0 0 0 0 0 0 0 0 0 0 0 0 -6 5 -6 5 -6 5 -7 4 -7 4 -7 4 -7 4 -7 4 -7 4 -7 4 -7 4 -8 4 -8 4 -8 4 -8 4 -8 4 -8 4 -8 4 -8 4 -8 4 -8 5 -8 5 -8 5 -8 5 -8 5 -8 5 0 0 -8 6 -8 6 -8 6 -8 7 -8 7 -8 7 -8 7 -8 8 -9 8 -9 9 -9 9 -9 9 -9 9 -10 9 -9 10 -10 10 -10 10 -10 10 -10 11 -11 11 -11 11 -11 11 -11 11 -12 10 -12 11 -12 11 0 0 0 0 0 0 0 0 0 0
1784740943.547159,57049,-47,11,1,7,1,-95,1,665050479,128,0 0 0 0 0 0 0 0 0 0 0 0 -5 6 -6 6 -6 6 -6 5 -6 5 -7 5 -6 5 -7 5 -7 5 -7 5 -7 5 -7 5 -8 5 -8 5 -8 5 -8 5 -8 5 -8 5 -8 5 -8 5 -8 6 -8 5 -8 6 -8 6 -8 6 -8 6 0 0 -8 7 -8 7 -8 7 -7 7 -8 8 -8 8 -7 8 -8 9 -8 9 -8 10 -9 10 -8 10 -9 10 -9 11 -9 11 -9 12 -9 11 -10 12 -9 12 -10 12 -10 12 -10 12 -10 12 -11 12 -11 12 -11 12 0 0 0 0 0 0 0 0 0 0
1784740943.547159,57050,-44,11,1,7,0,-95,1,665062779,128,0 0 0 0 0 0 0 0 0 0 0 0 -4 -8 -3 -9 -3 -8 -2 -9 -2 -9 -2 -9 -2 -9 -2 -9 -2 -9 -2 -9 -1 -9 -1 -10 -1 -9 -1 -10 -1 -10 -1 -10 -1 -10 -1 -10 -1 -10 -1 -10 -2 -10 -2 -10 -2 -10 -2 -11 -2 -11 -2 -11 0 0 -3 -11 -3 -12 -3 -12 -3 -12 -4 -13 -4 -13 -4 -13 -5 -13 -4 -13 -5 -14 -4 -14 -5 -15 -5 -15 -5 -15 -5 -16 -5 -16 -5 -16 -5 -17 -6 -17 -6 -17 -5 -17 -5 -18 -5 -18 -4 -18 -4 -18 -4 -19 0 0 0 0 0 0 0 0 0 0
1784740943.562391,57051,-48,11,1,7,1,-95,1,665070390,128,0 0 0 0 0 0 0 0 0 0 0 0 7 -3 7 -2 7 -2 7 -1 7 -1 7 -1 7 -1 7 -1 7 -1 7 -1 7 -1 7 0 7 -1 7 0 8 0 7 0 7 0 7 0 7 0 7 0 7 -1 7 -1 7 -1 7 -1 7 -1 8 -1 0 0 8 -2 8 -2 9 -2 8 -3 9 -3 9 -3 9 -3 10 -3 10 -3 10 -4 10 -4 11 -4 11 -4 12 -4 12 -4 12 -4 12 -4 12 -4 13 -4 13 -5 13 -5 14 -4 13 -4 14 -4 14 -4 15 -4 0 0 0 0 0 0 0 0 0 0
1784740943.582848,57052,-45,11,1,7,0,-95,1,665080942,128,0 0 0 0 0 0 0 0 0 0 0 0 2 -12 3 -11 4 -11 4 -11 4 -11 5 -10 5 -11 5 -10 6 -10 6 -10 6 -10 6 -9 6 -9 7 -9 6 -9 7 -9 6 -9 6 -9 6 -9 6 -9 6 -9 5 -9 5 -9 5 -9 5 -9 5 -10 0 0 4 -10 4 -11 4 -11 4 -12 4 -12 4 -12 4 -12 4 -13 3 -13 3 -14 3 -14 3 -14 3 -14 3 -14 3 -16 3 -15 4 -16 4 -16 3 -16 4 -17 3 -17 3 -17 4 -18 4 -18 4 -18 4 -17 0 0 0 0 0 0 0 0 0 0
1784740943.595251,57053,-49,11,1,7,1,-95,1,665099291,128,0 0 0 0 0 0 0 0 0 0 0 0 -10 1 -10 0 -10 0 -10 -1 -11 -1 -10 -1 -11 -2 -10 -2 -11 -2 -10 -2 -11 -3 -10 -3 -10 -3 -10 -4 -10 -3 -11 -3 -10 -3 -11 -3 -10 -3 -10 -3 -10 -3 -10 -3 -10 -3 -10 -3 -10 -3 -10 -3 0 0 -10 -2 -11 -1 -11 -1 -11 -1 -11 0 -11 0 -11 0 -12 0 -12 0 -13 1 -13 1 -13 1 -12 1 -13 1 -14 2 -14 3 -14 2 -14 2 -14 2 -15 3 -15 3 -15 3 -16 2 -16 2 -16 2 -16 2 0 0 0 0 0 0 0 0 0 0
1784740943.595251,57054,-49,11,1,7,1,-95,1,665100311,128,0 0 0 0 0 0 0 0 0 0 0 0 -8 5 -9 4 -9 4 -10 3 -9 3 -10 3 -10 2 -10 3 -10 2 -10 2 -10 2 -10 2 -11 1 -10 1 -11 1 -10 1 -11 1 -10 1 -10 1 -10 1 -10 1 -10 1 -10 2 -10 2 -10 2 -10 2 0 0 -10 3 -10 3 -10 3 -10 4 -10 4 -10 4 -10 4 -10 5 -10 5 -10 6 -10 6 -11 6 -11 6 -11 7 -11 6 -12 7 -11 7 -12 8 -12 8 -12 8 -12 8 -13 8 -12 8 -12 8 -13 8 -13 8 0 0 0 0 0 0 0 0 0 0
1784740943.631039,57055,-48,11,1,7,1,-95,1,665131518,128,0 0 0 0 0 0 0 0 0 0 0 0 7 3 6 3 7 4 6 4 7 4 6 4 6 4 6 5 6 4 6 5 6 5 6 6 6 6 6 6 6 5 6 6 6 5 7 6 6 6 7 6 7 5 7 5 7 5 7 5 7 5 7 5 0 0 8 4 9 5 8 4 10 4 9 4 9 5 10 4 10 4 10 4 12 5 11 5 11 4 11 4 11 4 13 4 13 4 14 5 13 5 14 4 15 4 14 5 15 4 15 6 15 6 14 6 15 6 0 0 0 0 0 0 0 0 0 0
1784740943.695291,57056,-48,11,1,7,1,-95,1,665143347,128,0 0 0 0 0 0 0 0 0 0 0 0 7 -4 6 -4 7 -4 7 -3 8 -3 7 -3 8 -3 8 -3 8 -3 8 -3 8 -2 9 -2 9 -2 9 -2 8 -2 9 -3 8 -2 9 -2 9 -2 9 -3 9 -3 9 -3 9 -3 9 -2 9 -3 9 -3 0 0 9 -3 9 -4 9 -4 10 -5 9 -5 10 -5 10 -5 10 -6 10 -6 11 -6 11 -6 10 -6 11 -6 11 -6 11 -8 11 -8 12 -7 12 -8 11 -8 12 -9 12 -8 12 -9 13 -8 13 -8 13 -8 13 -8 0 0 0 0 0 0 0 0 0 0
1784740943.722331,57057,-42,11,1,7,0,-95,1,665212730,128,0 0 0 0 0 0 0 0 0 0 0 0 9 -2 9 -1 10 -1 10 0 10 0 10 0 10 1 11 1 11 1 11 2 11 2 11 2 11 2 12 3 12 2 12 3 12 3 12 3 11 3 12 3 12 3 12 3 12 3 12 3 12 3 12 3 0 0 12 2 12 3 12 2 12 2 12 2 12 2 13 1 13 1 13 1 13 1 13 1 13 0 14 0 14 0 14 0 14 0 14 0 14 -1 15 -1 14 -1 15 -1 15 -1 15 -1 14 -1 15 -1 15 0 0 0 0 0 0 0 0 0 0 0
1784740943.722331,57058,-42,11,1,7,0,-95,1,665217944,128,0 0 0 0 0 0 0 0 0 0 0 0 -9 5 -10 4 -10 3 -10 3 -11 3 -11 3 -11 2 -11 2 -12 2 -12 2 -12 2 -12 2 -12 2 -13 1 -13 1 -13 1 -13 0 -13 0 -13 0 -13 0 -13 0 -13 0 -13 1 -13 1 -13 1 -13 1 0 0 -13 1 -13 1 -13 1 -13 1 -13 2 -14 2 -14 2 -14 2 -14 3 -14 3 -14 3 -14 4 -14 4 -14 4 -14 4 -14 4 -14 4 -15 4 -15 5 -15 4 -15 5 -15 5 -15 6 -15 5 -16 6 -15 4 0 0 0 0 0 0 0 0 0 0
1784740943.722331,57059,-43,11,1,7,0,-95,1,665220046,128,0 0 0 0 0 0 0 0 0 0 0 0 -2 9 -2 9 -3 10 -4 10 -4 10 -4 10 -5 10 -5 10 -5 10 -5 10 -6 10 -6 10 -7 10 -7 10 -7 10 -7 10 -7 10 -7 10 -7 10 -7 10 -7 10 -7 10 -7 10 -7 10 -7 10 -7 10 0 0 -7 11 -6 11 -6 11 -6 11 -6 12 -6 12 -5 12 -5 12 -5 12 -5 13 -5 13 -4 13 -5 13 -4 13 -5 14 -4 14 -4 14 -4 14 -4 14 -4 15 -4 14 -4 15 -4 15 -5 16 -5 15 -4 15 0 0 0 0 0 0 0 0 0 0
1784740943.738524,57060,-45,11,1,7,1,-95,1,665241450,128,0 0 0 0 0 0 0 0 0 0 0 0 -3 7 -4 7 -4 7 -5 7 -5 7 -5 7 -5 7 -6 7 -6 7 -7 7 -7 7 -7 7 -8 7 -8 7 -8 7 -8 7 -8 7 -8 7 -8 7 -8 7 -8 7 -8 7 -8 7 -9 7 -8 7 -8 7 0 0 -8 7 -8 8 -7 8 -8 8 -7 8 -7 8 -7 9 -7 9 -6 9 -7 9 -7 9 -7 9 -7 9 -6 10 -6 11 -6 11 -6 11 -6 11 -6 11 -6 11 -6 11 -6 12 -6 11 -7 11 -7 11 -7 11 0 0 0 0 0 0 0 0 0 0
1784740943.738524,57061,-42,11,1,7,0,-95,1,665250368,128,0 0 0 0 0 0 0 0 0 0 0 0 5 7 4 7 4 8 3 8 3 9 3 9 3 9 3 9 2 10 2 10 2 10 2 10 2 10 2 11 1 11 1 11 1 11 1 11 1 11 1 11 1 11 1 11 1 11 1 11 1 11 1 11 0 0 1 11 1 11 1 11 2 11 2 11 2 11 3 11 3 11 3 11 3 11 4 12 4 11 4 12 4 12 5 12 5 12 5 12 5 12 5 12 5 12 5 12 6 13 6 12 6 13 6 12 5 13 0 0 0 0 0 0 0 0 0 0
1784740943.754411,57062,-45,11,1,7,1,-95,1,665260359,128,0 0 0 0 0 0 0 0 0 0 0 0 -7 -7 -7 -8 -6 -8 -6 -9 -5 -9 -6 -10 -5 -10 -6 -10 -5 -10 -4 -10 -4 -11 -4 -11 -4 -11 -4 -12 -4 -12 -4 -12 -4 -12 -3 -12 -3 -12 -4 -12 -4 -12 -3 -12 -3 -12 -3 -12 -3 -12 -3 -12 0 0 -4 -12 -4 -11 -4 -12 -4 -11 -5 -11 -5 -11 -5 -11 -6 -11 -6 -11 -6 -11 -6 -12 -7 -11 -7 -11 -7 -11 -7 -12 -8 -12 -8 -12 -8 -13 -9 -12 -9 -12 -9 -12 -9 -12 -9 -12 -9 -13 -9 -13 -9 -13 0 0 0 0 0 0 0 0 0 0
1784740943.773381,57063,-44,11,1,7,1,-95,1,665277842,128,0 0 0 0 0 0 0 0 0 0 0 0 7 -7 7 -7 8 -6 9 -6 9 -5 9 -5 10 -5 10 -5 10 -5 11 -4 11 -4 11 -4 11 -3 11 -3 11 -3 11 -3 11 -3 12 -3 12 -3 12 -3 11 -3 11 -2 12 -3 11 -2 11 -2 11 -2 0 0 11 -2 11 -3 10 -3 11 -3 10 -4 10 -4 10 -4 10 -4 10 -4 11 -5 10 -5 10 -5 10 -5 10 -5 10 -6 10 -6 10 -6 10 -7 10 -7 10 -7 10 -8 10 -8 10 -8 11 -8 10 -7 10 -8 0 0 0 0 0 0 0 0 0 0
1784740943.773381,57064,-44,11,1,7,1,-95,1,665281727,128,0 0 0 0 0 0 0 0 0 0 0 0 -9 3 -10 3 -10 2 -11 2 -11 2 -11 2 -11 1 -12 1 -12 0 -12 0 -12 0 -12 -1 -12 -1 -13 -1 -13 -1 -12 -2 -13 -2 -12 -2 -13 -2 -12 -2 -12 -2 -12 -2 -12 -2 -12 -2 -12 -2 -12 -2 0 0 -12 -2 -12 -2 -12 -2 -12 -1 -12 -1 -12 -1 -12 -1 -12 0 -12 0 -12 1 -12 1 -12 1 -13 1 -13 1 -12 2 -13 2 -12 2 -13 2 -13 2 -13 3 -13 3 -13 3 -13 3 -13 3 -13 3 -13 3 0 0 0 0 0 0 0 0 0 0
1784740943.786346,57065,-44,11,1,7,1,-95,1,665291803,128,0 0 0 0 0 0 0 0 0 0 0 0 -5 -8 -5 -8 -4 -9 -4 -9 -3 -10 -3 -10 -3 -10 -3 -10 -2 -10 -2 -11 -2 -11 -2 -11 -2 -11 -1 -11 -1 -11 -1 -12 -1 -11 -1 -12 -1 -11 -1 -11 -1 -12 0 -12 -1 -12 -1 -11 -1 -11 -1 -11 0 0 -1 -11 -1 -12 -1 -11 -2 -12 -2 -11 -2 -11 -2 -11 -3 -11 -2 -12 -3 -12 -4 -12 -4 -12 -4 -12 -4 -12 -4 -12 -4 -12 -4 -12 -5 -12 -5 -13 -5 -13 -5 -13 -5 -13 -5 -13 -5 -13 -5 -13 -6 -13 0 0 0 0 0 0 0 0 0 0
1784740943.795842,57066,-45,11,1,7,1,-95,1,665300436,128,0 0 0 0 0 0 0 0 0 0 0 0 -4 7 -5 7 -6 7 -6 7 -6 6 -7 7 -7 7 -7 7 -7 7 -7 7 -8 6 -8 7 -8 7 -8 7 -9 7 -9 6 -10 6 -9 6 -10 6 -10 6 -10 6 -10 6 -9 6 -9 6 -9 6 -10 6 0 0 -10 6 -9 6 -10 7 -9 7 -9 7 -9 7 -9 7 -9 8 -9 8 -8 8 -8 9 -8 9 -8 9 -8 10 -8 9 -9 10 -8 10 -8 10 -9 11 -9 11 -9 11 -9 11 -8 11 -9 11 -9 11 -9 12 0 0 0 0 0 0 0 0 0 0
1784740943.802526,57067,-44,11,1,7,1,-95,1,665313269,128,0 0 0 0 0 0 0 0 0 0 0 0 2 7 2 7 1 8 1 8 1 8 1 8 1 8 1 8 1 9 0 9 0 9 -1 10 -1 10 -1 10 -1 10 -1 10 -1 10 -1 11 -2 10 -1 11 -1 11 -1 11 -2 11 -2 11 -2 10 -2 10 0 0 -1 10 -1 11 -1 10 -1 11 -1 11 0 11 0 11 0 11 0 11 0 12 0 12 1 12 1 11 1 11 2 12 2 12 2 13 2 13 2 13 3 13 2 13 3 13 2 14 2 14 2 14 2 14 0 0 0 0 0 0 0 0 0 0
1784740943.802526,57068,-44,11,1,7,1,-95,1,665320390,128,0 0 0 0 0 0 0 0 0 0 0 0 1 7 1 8 0 8 0 8 0 8 0 8 -1 8 -1 9 -1 9 -1 9 -2 9 -2 9 -3 10 -3 10 -3 10 -3 10 -3 10 -3 10 -3 10 -4 10 -3 10 -4 10 -3 10 -4 10 -4 10 -4 10 0 0 -4 10 -3 11 -3 10 -3 11 -3 10 -3 10 -3 11 -2 11 -3 11 -2 11 -2 11 -2 11 -2 11 -2 12 -1 12 -1 13 -1 12 -1 12 -1 13 -1 13 -1 13 -1 14 -1 13 -1 13 -1 14 -1 14 0 0 0 0 0 0 0 0 0 0
1784740943.818611,57069,-44,11,1,7,1,-95,1,665330401,128,0 0 0 0 0 0 0 0 0 0 0 0 7 -4 7 -4 7 -3 8 -3 8 -3 8 -3 8 -2 8 -2 9 -2 9 -2 9 -2 9 -2 9 -1 9 -1 10 -1 10 -1 10 -1 10 0 10 -1 10 -1 10 -1 10 0 10 -1 11 -1 10 -1 11 -1 0 0 11 -1 11 -1 11 -1 10 -1 11 -1 11 -1 11 -1 11 -2 11 -2 11 -3 12 -3 12 -3 12 -3 12 -3 12 -3 12 -4 12 -3 13 -4 13 -4 13 -4 13 -5 13 -4 13 -4 13 -4 13 -5 14 -5 0 0 0 0 0 0 0 0 0 0
1784740943.834858,57070,-44,11,1,7,1,-95,1,665340307,128,0 0 0 0 0 0 0 0 0 0 0 0 -1 7 -2 7 -2 7 -2 7 -3 7 -3 7 -3 7 -3 7 -3 8 -4 8 -4 8 -4 8 -4 8 -4 8 -4 8 -4 9 -5 9 -5 9 -5 9 -5 9 -5 9 -5 9 -6 9 -6 9 -6 9 -6 9 0 0 -6 9 -5 10 -5 10 -5 10 -5 10 -5 10 -5 10 -5 11 -5 10 -5 11 -5 11 -4 11 -4 11 -4 11 -4 12 -3 12 -4 12 -4 13 -3 13 -4 13 -4 13 -3 13 -4 14 -4 14 -4 14 -4 14 0 0 0 0 0 0 0 0 0 0
1784740943.834858,57071,-45,11,1,7,1,-95,1,665350277,128,0 0 0 0 0 0 0 0 0 0 0 0 -5 6 -5 6 -6 6 -6 5 -7 5 -7 5 -7 5 -7 5 -8 5 -8 5 -8 5 -8 5 -8 5 -9 5 -9 5 -9 5 -9 5 -10 5 -9 5 -10 5 -10 5 -10 5 -10 5 -10 5 -10 5 -10 5 0 0 -10 5 -10 5 -10 5 -10 6 -9 6 -10 6 -10 6 -10 6 -10 7 -10 7 -10 7 -9 8 -10 7 -9 8 -10 8 -10 8 -10 8 -10 9 -10 9 -10 9 -10 10 -10 10 -10 10 -10 10 -10 10 -11 10 0 0 0 0 0 0 0 0 0 0
1784740943.854552,57072,-46,11,1,7,1,-95,1,665360277,128,0 0 0 0 0 0 0 0 0 0 0 0 8 -3 8 -3 9 -2 9 -2 9 -2 9 -1 10 -1 9 -1 10 -1 10 0 10 0 10 0 10 1 10 1 10 1 11 1 10 1 11 1 11 1 11 1 11 1 11 1 11 2 10 2 10 2 10 2 0 0 10 2 11 1 10 1 11 1 10 1 11 1 11 0 11 0 11 0 12 0 11 0 11 -1 11 -1 11 -1 12 -2 12 -2 12 -1 12 -2 12 -2 13 -3 13 -3 13 -3 13 -2 13 -2 13 -2 13 -2 0 0 0 0 0 0 0 0 0 0
1784740943.866910,57073,-46,11,1,7,1,-95,1,665370350,128,0 0 0 0 0 0 0 0 0 0 0 0 -5 -8 -5 -9 -4 -9 -4 -10 -4 -10 -4 -10 -3 -10 -3 -10 -3 -11 -2 -11 -2 -11 -2 -11 -1 -11 -2 -11 -2 -12 -1 -12 -1 -12 -1 -12 -1 -12 -1 -12 -1 -12 -1 -12 -1 -12 0 -12 0 -12 0 -12 0 0 -1 -12 -1 -12 -1 -11 -2 -12 -2 -11 -2 -11 -2 -11 -2 -12 -3 -11 -3 -12 -3 -11 -3 -11 -3 -11 -3 -11 -4 -12 -4 -12 -4 -12 -5 -12 -5 -12 -6 -12 -5 -12 -6 -12 -5 -13 -5 -13 -6 -13 -6 -13 0 0 0 0 0 0 0 0 0 0
1784740943.870649,57074,-46,11,1,7,1,-95,1,665380340,128,0 0 0 0 0 0 0 0 0 0 0 0 5 5 4 5 4 6 4 6 4 6 4 7 3 7 4 7 3 8 4 7 3 8 3 8 3 8 3 8 4 9 3 9 3 9 3 9 3 10 2 10 3 10 2 10 3 10 2 10 2 10 2 10 0 0 3 10 2 10 3 11 3 10 3 10 3 10 3 10 3 10 3 10 4 10 4 10 4 10 4 10 4 11 4 11 5 11 5 10 5 11 5 11 5 11 5 11 5 11 5 11 5 11 6 11 6 12 0 0 0 0 0 0 0 0 0 0
1784740943.883245,57075,-45,11,1,7,1,-95,1,665390346,128,0 0 0 0 0 0 0 0 0 0 0 0 -2 6 -2 6 -3 6 -3 6 -3 6 -3 6 -3 7 -4 7 -3 7 -4 7 -4 7 -4 7 -4 7 -5 8 -5 8 -5 8 -5 8 -6 9 -6 9 -5 9 -6 9 -6 9 -6 9 -7 9 -7 9 -6 9 0 0 -7 10 -7 10 -7 9 -7 10 -7 10 -7 10 -6 10 -7 11 -7 11 -7 11 -7 11 -6 11 -7 11 -7 11 -7 12 -6 12 -7 12 -6 12 -6 12 -6 13 -6 13 -7 13 -7 13 -7 13 -7 13 -7 13 0 0 0 0 0 0 0 0 0 0
1784740943.896030,57076,-46,11,1,7,1,-95,1,665400285,128,0 0 0 0 0 0 0 0 0 0 0 0 2 -7 3 -7 3 -7 4 -7 4 -7 4 -7 4 -7 4 -7 4 -7 4 -7 4 -7 5 -7 5 -7 5 -7 5 -8 5 -7 6 -8 6 -7 6 -8 6 -8 6 -8 6 -8 6 -8 6 -8 6 -8 7 -9 0 0 7 -9 7 -9 8 -9 7 -9 7 -9 7 -9 7 -9 7 -10 8 -10 7 -10 7 -11 7 -11 7 -11 8 -11 8 -11 8 -12 8 -11 8 -12 9 -12 9 -12 9 -12 9 -12 9 -12 9 -13 10 -13 10 -13 0 0 0 0 0 0 0 0 0 0
1784740943.899183,57077,-46,11,1,7,1,-95,1,665410313,128,0 0 0 0 0 0 0 0 0 0 0 0 1 6 0 7 0 7 -1 7 -1 7 -1 7 -1 7 -1 7 -2 7 -1 7 -1 7 -1 7 -2 7 -2 8 -2 8 -2 8 -2 8 -2 9 -2 9 -2 9 -2 9 -3 9 -2 9 -2 9 -2 9 -2 10 0 0 -2 10 -3 10 -3 10 -2 10 -2 10 -2 10 -3 10 -2 10 -2 11 -2 11 -1 11 -1 11 -1 12 -2 12 -1 12 -1 12 -1 12 -1 13 -1 13 -1 13 -1 13 -1 14 -1 13 -1 14 -1 14 -1 14 0 0 0 0 0 0 0 0 0 0
1784740943.917220,57078,-45,11,1,7,1,-95,1,665420364,128,0 0 0 0 0 0 0 0 0 0 0 0 -4 -7 -3 -7 -3 -8 -3 -8 -3 -8 -3 -8 -3 -8 -3 -8 -3 -9 -2 -9 -2 -9 -1 -9 -1 -9 -1 -9 -2 -9 -2 -10 -2 -10 -2 -10 -2 -10 -2 -10 -2 -10 -2 -11 -1 -11 -1 -11 -1 -11 -1 -11 0 0 -1 -11 -1 -11 -1 -11 -2 -12 -2 -11 -2 -12 -2 -11 -2 -12 -2 -11 -2 -12 -2 -12 -2 -12 -2 -12 -3 -12 -3 -13 -3 -12 -3 -13 -3 -13 -4 -13 -4 -14 -4 -13 -4 -14 -4 -14 -3 -14 -3 -15 -4 -15 0 0 0 0 0 0 0 0 0 0
1784740943.919122,57079,-45,11,1,7,1,-95,1,665430386,128,0 0 0 0 0 0 0 0 0 0 0 0 -8 -2 -8 -2 -8 -3 -8 -3 -8 -3 -8 -4 -8 -4 -8 -4 -8 -4 -8 -4 -8 -5 -9 -5 -8 -5 -9 -6 -9 -6 -9 -6 -9 -7 -9 -6 -9 -7 -9 -7 -9 -7 -9 -7 -9 -7 -9 -7 -9 -7 -9 -7 0 0 -9 -7 -9 -7 -9 -7 -9 -7 -9 -7 -10 -7 -9 -7 -10 -7 -10 -7 -10 -6 -10 -6 -11 -6 -11 -6 -11 -7 -11 -6 -12 -6 -11 -6 -12 -6 -12 -6 -13 -6 -13 -6 -13 -6 -13 -6 -13 -6 -13 -7 -14 -6 0 0 0 0 0 0 0 0 0 0
1784740943.931040,57080,-45,11,1,7,1,-95,1,665441737,128,0 0 0 0 0 0 0 0 0 0 0 0 0 7 0 7 -1 7 -1 8 -1 8 -1 8 -1 8 -2 8 -2 8 -2 8 -3 8 -3 9 -3 9 -3 9 -3 9 -3 9 -3 10 -3 9 -4 10 -3 9 -3 9 -4 9 -3 9 -4 9 -4 10 -4 10 0 0 -4 10 -3 10 -4 10 -3 10 -3 11 -3 10 -3 11 -2 11 -2 11 -2 11 -3 11 -2 12 -2 12 -2 12 -2 12 -2 13 -2 12 -1 13 -1 13 -1 13 -1 14 -1 14 -1 14 -2 14 -2 14 -2 15 0 0 0 0 0 0 0 0 0 0
1784740943.947225,57081,-45,11,1,7,1,-95,1,665450364,128,0 0 0 0 0 0 0 0 0 0 0 0 -5 -6 -4 -6 -4 -7 -4 -7 -4 -7 -4 -7 -4 -8 -4 -8 -4 -8 -3 -8 -3 -8 -3 -9 -3 -9 -3 -9 -3 -9 -3 -9 -3 -9 -3 -9 -3 -9 -3 -9 -4 -9 -4 -10 -3 -10 -3 -10 -3 -10 -3 -10 0 0 -4 -10 -4 -11 -4 -10 -4 -11 -4 -10 -4 -11 -5 -11 -5 -11 -5 -11 -5 -12 -5 -12 -5 -11 -5 -12 -5 -12 -6 -12 -6 -12 -6 -13 -6 -13 -7 -13 -7 -13 -7 -13 -7 -13 -7 -14 -6 -14 -6 -14 -7 -14 0 0 0 0 0 0 0 0 0 0
1784740943.947225,57082,-45,11,1,7,1,-95,1,665460389,128,0 0 0 0 0 0 0 0 0 0 0 0 -2 6 -2 7 -3 6 -3 7 -3 6 -4 6 -3 6 -4 6 -4 6 -4 6 -4 6 -4 7 -5 6 -5 7 -5 7 -5 7 -5 7 -5 7 -5 7 -5 7 -5 8 -5 8 -5 8 -5 8 -5 8 -5 8 0 0 -5 9 -5 9 -6 9 -5 9 -5 9 -5 9 -5 10 -5 10 -5 10 -4 11 -5 10 -5 11 -5 11 -5 12 -5 11 -5 12 -5 11 -5 12 -4 13 -4 13 -4 13 -4 13 -5 13 -5 13 -5 14 -5 14 0 0 0 0 0 0 0 0 0 0
1784740943.963411,57083,-44,11,1,7,1,-95,1,665470521,128,0 0 0 0 0 0 0 0 0 0 0 0 0 7 -1 7 -1 7 -2 7 -2 7 -2 7 -2 8 -3 7 -3 8 -3 8 -3 8 -3 8 -4 8 -4 8 -4 8 -4 8 -4 8 -4 9 -4 9 -4 9 -4 9 -4 9 -4 9 -5 9 -5 9 -5 9 0 0 -4 10 -5 10 -5 10 -4 10 -4 10 -4 10 -4 10 -4 11 -4 11 -4 11 -4 11 -3 11 -4 11 -3 12 -3 12 -3 12 -3 12 -3 12 -3 13 -3 13 -3 13 -3 13 -3 14 -3 14 -3 13 -3 14 0 0 0 0 0 0 0 0 0 0
1784740943.963411,57084,-44,11,1,7,1,-95,1,665480321,128,0 0 0 0 0 0 0 0 0 0 0 0 4 6 3 6 3 7 2 7 2 7 2 7 2 8 2 8 2 8 1 8 1 8 1 8 1 8 1 8 1 9 1 9 1 9 1 9 1 9 1 9 1 9 1 9 1 10 1 9 1 9 1 10 0 0 1 10 1 10 1 10 2 10 2 10 2 10 2 10 2 11 2 10 3 11 2 11 3 11 3 11 3 11 4 12 4 12 3 12 3 12 4 12 4 12 4 12 4 13 4 13 4 13 4 13 4 13 0 0 0 0 0 0 0 0 0 0
1784740943.979385,57085,-44,11,1,7,1,-95,1,665492191,128,0 0 0 0 0 0 0 0 0 0 0 0 -8 -3 -8 -3 -8 -4 -7 -4 -8 -5 -7 -5 -8 -5 -7 -5 -7 -5 -7 -6 -7 -6 -7 -6 -7 -6 -7 -6 -7 -6 -7 -6 -7 -6 -7 -6 -7 -7 -7 -6 -8 -6 -8 -6 -8 -6 -8 -6 -8 -7 -8 -7 0 0 -8 -6 -9 -6 -9 -6 -9 -7 -9 -6 -9 -6 -10 -6 -10 -7 -10 -6 -11 -7 -11 -7 -10 -7 -11 -7 -11 -7 -12 -7 -12 -7 -12 -7 -12 -7 -12 -7 -13 -7 -12 -7 -13 -7 -13 -8 -13 -8 -12 -8 -13 -7 0 0 0 0 0 0 0 0 0 0
1784740943.998767,57086,-44,11,1,7,1,-95,1,665502158,128,0 0 0 0 0 0 0 0 0 0 0 0 5 -7 6 -6 6 -6 7 -6 7 -5 7 -5 7 -5 8 -5 8 -5 8 -5 8 -5 8 -5 8 -4 9 -4 9 -5 8 -4 9 -4 8 -4 9 -5 9 -5 8 -5 8 -5 9 -5 9 -5 9 -5 9 -5 0 0 9 -6 9 -6 9 -6 9 -6 9 -7 9 -7 9 -7 9 -8 9 -8 9 -8 10 -8 9 -9 9 -9 10 -9 10 -9 10 -10 10 -9 10 -10 10 -10 10 -10 10 -10 10 -10 10 -10 11 -10 11 -10 11 -10 0 0 0 0 0 0 0 0 0 0
1784740943.998767,57087,-44,11,1,7,1,-95,1,665510765,128,0 0 0 0 0 0 0 0 0 0 0 0 7 -5 7 -5 8 -4 8 -3 8 -3 8 -3 8 -3 8 -3 9 -3 9 -3 9 -2 9 -2 9 -2 9 -2 9 -2 9 -2 10 -2 9 -1 10 -2 10 -2 10 -2 10 -2 10 -2 10 -2 10 -2 10 -2 0 0 10 -2 10 -3 11 -3 10 -3 10 -3 10 -4 10 -4 11 -4 11 -4 11 -5 11 -5 11 -5 11 -5 12 -5 11 -6 12 -6 12 -6 12 -6 12 -6 12 -6 12 -7 12 -6 12 -6 12 -6 12 -6 13 -6 0 0 0 0 0 0 0 0 0 0
1784740944.011659,57088,-43,11,1,7,1,-95,1,665520416,128,0 0 0 0 0 0 0 0 0 0 0 0 8 0 8 1 8 2 8 2 8 2 8 2 8 3 8 3 9 3 8 3 8 4 8 4 8 4 8 4 8 4 8 5 8 5 8 5 8 5 8 5 9 5 8 5 9 5 8 5 8 5 9 5 0 0 9 4 9 5 9 5 9 4 9 4 10 4 10 4 10 4 11 4 11 3 11 4 12 3 11 3 12 3 12 3 12 3 13 3 13 3 13 3 13 3 13 3 14 3 14 3 13 3 14 3 14 3 0 0 0 0 0 0 0 0 0 0
1784740944.011659,57089,-40,11,1,7,0,-95,1,665530302,128,0 0 0 0 0 0 0 0 0 0 0 0 8 0 9 0 9 1 9 1 9 2 9 2 9 2 9 2 9 3 9 3 9 3 9 3 9 4 9 4 9 4 10 4 9 4 10 4 10 4 10 4 10 4 10 4 10 4 10 4 10 4 10 3 0 0 11 3 11 3 11 3 11 3 12 2 12 2 12 2 12 2 13 2 13 2 13 2 14 2 14 2 14 2 15 1 15 1 15 1 15 2 16 1 16 1 16 1 16 1 16 2 17 2 17 2 17 2 0 0 0 0 0 0 0 0 0 0
1784740944.027670,57090,-43,11,1,7,1,-95,1,665541482,128,0 0 0 0 0 0 0 0 0 0 0 0 -8 0 -9 -1 -9 -2 -9 -2 -9 -2 -9 -3 -9 -3 -9 -3 -9 -4 -9 -3 -9 -4 -9 -4 -10 -4 -9 -4 -10 -4 -9 -5 -9 -5 -9 -5 -9 -5 -9 -5 -9 -5 -9 -6 -10 -5 -9 -5 -10 -4 -10 -4 0 0 -10 -5 -10 -5 -11 -5 -11 -4 -11 -4 -11 -4 -11 -4 -12 -4 -12 -4 -13 -3 -13 -3 -13 -3 -13 -3 -14 -3 -14 -4 -14 -4 -14 -4 -15 -4 -15 -4 -15 -4 -15 -4 -15 -5 -15 -4 -16 -4 -16 -4 -16 -4 0 0 0 0 0 0 0 0 0 0
1784740944.047338,57091,-43,11,1,7,1,-95,1,665550319,128,0 0 0 0 0 0 0 0 0 0 0 0 5 -5 6 -5 6 -4 7 -4 7 -4 7 -4 7 -4 8 -3 8 -3 8 -3 8 -3 8 -3 8 -3 9 -3 9 -3 9 -2 9 -2 9 -2 9 -2 9 -2 9 -2 9 -2 9 -3 9 -2 9 -2 9 -3 0 0 9 -3 9 -3 10 -3 9 -4 10 -4 10 -4 10 -4 10 -5 10 -5 10 -5 11 -5 11 -6 11 -6 12 -6 11 -6 12 -6 12 -6 13 -7 13 -7 13 -6 13 -7 13 -7 13 -6 13 -6 14 -6 14 -6 0 0 0 0 0 0 0 0 0 0
1784740944.047338,57092,-43,11,1,7,1,-95,1,665560354,128,0 0 0 0 0 0 0 0 0 0 0 0 0 -8 1 -8 1 -8 1 -8 2 -8 2 -8 2 -8 2 -8 3 -8 3 -8 3 -8 3 -8 4 -8 4 -8 4 -8 4 -8 4 -8 4 -9 4 -8 4 -9 4 -9 4 -9 4 -9 4 -9 4 -9 4 -9 0 0 4 -9 4 -10 4 -9 3 -10 3 -10 3 -10 3 -10 3 -11 3 -11 3 -12 3 -12 3 -12 3 -12 3 -12 3 -13 3 -13 3 -14 3 -14 3 -14 3 -14 3 -14 3 -14 3 -15 4 -14 4 -15 4 -15 0 0 0 0 0 0 0 0 0 0
1784740944.065526,57093,-42,11,1,7,1,-95,1,665570384,128,0 0 0 0 0 0 0 0 0 0 0 0 7 -3 7 -3 7 -2 8 -2 8 -1 8 -2 8 -1 8 -1 8 -1 9 -1 8 0 9 0 9 0 9 0 9 0 9 0 9 0 9 0 10 1 9 0 9 1 9 1 9 1 9 1 9 1 9 1 0 0 10 0 10 0 10 0 10 0 10 -1 10 -1 10 -1 11 -1 11 -1 11 -2 11 -2 11 -2 11 -2 12 -2 12 -2 13 -3 12 -2 13 -3 13 -3 13 -3 14 -3 14 -3 14 -2 14 -2 14 -2 14 -2 0 0 0 0 0 0 0 0 0 0
1784740944.075416,57094,-43,11,1,7,1,-95,1,665580311,128,0 0 0 0 0 0 0 0 0 0 0 0 -7 -5 -7 -5 -7 -6 -7 -6 -6 -7 -6 -7 -6 -7 -6 -7 -6 -8 -6 -8 -6 -8 -6 -8 -6 -8 -6 -9 -6 -9 -5 -9 -5 -9 -5 -9 -5 -9 -5 -9 -5 -9 -5 -10 -5 -9 -5 -9 -5 -9 -5 -9 0 0 -6 -9 -6 -9 -6 -9 -6 -9 -6 -9 -7 -9 -7 -9 -7 -9 -7 -9 -8 -9 -9 -9 -9 -9 -9 -9 -9 -10 -9 -10 -9 -10 -9 -10 -10 -11 -10 -11 -10 -11 -10 -11 -10 -12 -10 -11 -11 -12 -11 -12 -11 -12 0 0 0 0 0 0 0 0 0 0
1784740944.075416,57095,-44,11,1,7,1,-95,1,665590288,128,0 0 0 0 0 0 0 0 0 0 0 0 1 6 1 6 1 7 0 7 0 7 0 7 0 7 0 7 0 7 -1 7 -1 7 -2 8 -2 7 -2 8 -1 8 -1 8 -1 8 -2 8 -1 8 -1 8 -1 8 -1 8 -1 8 -1 8 -1 8 -1 8 0 0 0 8 0 8 0 8 1 9 1 9 1 9 2 9 2 10 2 10 2 11 2 11 2 11 2 11 3 11 4 12 3 12 3 13 3 13 4 13 4 13 4 14 4 13 3 14 3 14 3 15 3 15 0 0 0 0 0 0 0 0 0 0
1784740944.096575,57096,-45,11,1,7,1,-95,1,665600325,128,0 0 0 0 0 0 0 0 0 0 0 0 -1 -6 -1 -7 -1 -7 0 -7 0 -7 0 -7 0 -7 0 -7 0 -8 1 -8 1 -7 1 -8 1 -8 1 -8 1 -8 1 -8 1 -8 1 -8 1 -8 1 -8 1 -8 1 -9 1 -9 1 -8 1 -9 1 -9 0 0 0 -9 0 -9 0 -10 0 -10 -1 -10 -1 -10 -1 -11 -1 -11 -1 -11 -1 -12 -1 -12 -2 -12 -2 -13 -2 -13 -2 -13 -2 -14 -1 -14 -2 -15 -2 -15 -2 -15 -2 -15 -2 -16 -2 -16 -1 -16 -1 -16 -1 -16 0 0 0 0 0 0 0 0 0 0
1784740944.107138,57097,-45,11,1,7,1,-95,1,665610304,128,0 0 0 0 0 0 0 0 0 0 0 0 3 5 3 6 3 6 3 6 2 6 2 7 2 6 2 7 2 7 2 7 2 7 2 7 2 7 2 7 2 8 1 8 1 8 2 8 2 8 2 8 2 8 2 8 2 8 2 8 2 8 2 8 0 0 2 9 2 9 3 9 3 8 3 8 3 9 3 9 4 9 4 10 5 10 5 10 5 10 5 10 6 10 5 11 6 11 5 11 6 11 6 12 6 12 7 12 6 13 7 12 7 12 7 12 7 13 0 0 0 0 0 0 0 0 0 0
1784740944.107138,57098,-44,11,1,7,1,-95,1,665620521,128,0 0 0 0 0 0 0 0 0 0 0 0 -1 7 -1 7 -2 7 -2 7 -3 8 -3 7 -3 8 -3 7 -3 8 -4 7 -4 7 -4 8 -5 7 -4 8 -4 8 -4 8 -5 8 -5 8 -4 8 -4 8 -4 8 -4 8 -4 8 -5 8 -5 8 -4 8 0 0 -4 8 -4 9 -3 8 -3 9 -3 9 -3 9 -3 9 -2 10 -2 10 -2 11 -2 11 -2 11 -2 11 -2 11 -2 12 -1 12 -2 13 -2 13 -2 13 -2 14 -2 14 -2 14 -2 14 -3 14 -3 14 -3 14 0 0 0 0 0 0 0 0 0 0
1784740944.122964,57099,-44,11,1,7,1,-95,1,665630360,128,0 0 0 0 0 0 0 0 0 0 0 0 6 -2 7 -2 7 -1 7 -1 7 -1 7 0 7 0 7 0 8 0 7 0 8 0 8 1 8 1 8 1 8 1 8 2 9 1 8 1 8 2 8 2 9 1 9 1 8 1 8 2 9 2 9 1 0 0 9 1 9 1 9 1 9 0 9 0 10 0 10 0 10 0 11 0 11 -1 11 -1 11 -1 12 -1 12 -1 12 -1 13 -1 12 -1 13 -1 13 -2 13 -2 14 -2 14 -1 14 -1 14 -1 15 -1 15 -1 0 0 0 0 0 0 0 0 0 0
1784740944.122964,57100,-44,11,1,7,1,-95,1,665640376,128,0 0 0 0 0 0 0 0 0 0 0 0 -6 2 -7 1 -7 1 -7 1 -7 0 -8 0 -8 0 -8 0 -8 0 -8 0 -8 0 -8 0 -8 0 -8 0 -9 -1 -9 -1 -9 -1 -9 -1 -9 -1 -9 -1 -9 0 -10 -1 -10 0 -10 -1 -10 -1 -10 0 0 0 -10 0 -10 0 -11 0 -11 0 -11 1 -11 1 -11 1 -11 1 -11 1 -12 1 -12 2 -12 2 -12 2 -13 2 -13 2 -13 2 -13 2 -14 2 -14 3 -14 3 -14 3 -14 3 -15 2 -15 2 -15 2 -15 2 0 0 0 0 0 0 0 0 0 0
1784740944.139213,57101,-45,11,1,7,1,-95,1,665650382,128,0 0 0 0 0 0 0 0 0 0 0 0 -2 -7 -2 -7 -2 -7 -1 -8 -1 -8 -1 -8 -1 -8 -1 -8 -1 -8 0 -8 0 -8 0 -8 0 -8 0 -8 0 -8 0 -8 0 -8 -1 -9 0 -9 -1 -9 -1 -8 -1 -9 -1 -9 -1 -9 -1 -9 -1 -9 0 0 -2 -9 -2 -10 -2 -10 -2 -10 -2 -10 -3 -10 -3 -10 -4 -11 -4 -11 -4 -12 -4 -12 -4 -12 -4 -12 -4 -12 -5 -13 -5 -13 -5 -13 -5 -14 -5 -14 -6 -14 -5 -15 -5 -15 -5 -16 -4 -16 -4 -16 -4 -16 0 0 0 0 0 0 0 0 0 0
1784740944.155404,57102,-46,11,1,7,1,-95,1,665660268,128,0 0 0 0 0 0 0 0 0 0 0 0 -5 -6 -5 -6 -4 -6 -4 -7 -4 -7 -4 -7 -3 -7 -4 -7 -3 -7 -3 -7 -3 -8 -3 -8 -3 -8 -3 -8 -3 -8 -3 -8 -3 -8 -3 -8 -2 -8 -2 -8 -3 -8 -3 -8 -3 -8 -3 -8 -4 -8 -4 -8 0 0 -4 -8 -4 -8 -5 -8 -5 -8 -6 -8 -6 -8 -6 -8 -6 -8 -7 -9 -7 -9 -7 -9 -8 -9 -8 -9 -9 -9 -8 -10 -9 -10 -9 -10 -9 -11 -9 -11 -9 -11 -10 -12 -10 -12 -10 -12 -10 -12 -10 -13 -10 -13 0 0 0 0 0 0 0 0 0 0
1784740944.155404,57103,-47,11,1,7,1,-95,1,665670382,128,0 0 0 0 0 0 0 0 0 0 0 0 4 2 4 3 4 3 4 3 4 3 4 3 4 3 4 3 4 4 4 4 4 4 4 4 4 4 4 4 4 4 4 4 4 4 5 5 4 5 5 5 5 5 5 5 5 5 5 5 5 5 5 5 0 0 6 5 6 5 6 5 7 5 7 5 7 5 7 5 8 5 8 6 8 6 8 6 8 6 9 6 9 6 9 7 10 7 10 7 10 7 10 7 11 7 10 7 11 7 10 8 10 8 10 9 11 9 0 0 0 0 0 0 0 0 0 0
1784740944.171303,57104,-45,11,1,7,1,-95,1,665680350,128,0 0 0 0 0 0 0 0 0 0 0 0 -6 1 -6 1 -6 1 -7 0 -7 0 -7 0 -7 0 -7 0 -7 0 -7 0 -7 -1 -7 -1 -7 -1 -8 -1 -8 -1 -8 -1 -8 -1 -8 -1 -8 -1 -8 -1 -8 -1 -9 -1 -8 -1 -9 -1 -9 -1 -9 -1 0 0 -9 -1 -9 -1 -10 -1 -10 0 -10 0 -10 0 -10 0 -11 0 -11 0 -11 0 -12 0 -12 0 -11 0 -12 1 -12 1 -13 1 -13 1 -13 1 -13 1 -14 1 -13 1 -14 1 -14 1 -14 1 -14 1 -14 0 0 0 0 0 0 0 0 0 0 0
1784740944.171303,57105,-44,11,1,7,1,-95,1,665690346,128,0 0 0 0 0 0 0 0 0 0 0 0 -9 -1 -9 -2 -9 -2 -9 -3 -9 -3 -9 -3 -9 -4 -9 -4 -9 -4 -9 -4 -9 -4 -9 -5 -9 -5 -9 -5 -9 -5 -9 -6 -9 -6 -9 -5 -9 -6 -8 -6 -9 -5 -8 -6 -8 -5 -9 -5 -9 -5 -9 -5 0 0 -9 -5 -9 -5 -9 -5 -9 -4 -9 -4 -10 -4 -10 -4 -11 -4 -11 -4 -11 -3 -11 -3 -12 -3 -12 -3 -12 -3 -12 -3 -13 -3 -12 -3 -13 -3 -13 -3 -14 -3 -14 -3 -14 -3 -14 -3 -14 -3 -15 -3 -15 -3 0 0 0 0 0 0 0 0 0 0
1784740944.196787,57106,-45,11,1,7,1,-95,1,665700394,128,0 0 0 0 0 0 0 0 0 0 0 0 -9 5 -9 5 -10 4 -10 4 -11 4 -10 3 -11 3 -11 3 -11 3 -12 2 -12 2 -12 1 -12 1 -12 1 -12 1 -12 1 -12 0 -13 0 -12 0 -12 0 -12 0 -12 0 -12 0 -12 0 -11 0 -11 0 0 0 -11 0 -11 1 -10 1 -11 1 -10 2 -11 2 -10 2 -11 3 -11 3 -11 4 -11 4 -11 4 -11 4 -11 4 -11 5 -11 5 -12 5 -11 6 -11 6 -12 6 -12 6 -12 7 -13 6 -13 6 -12 6 -12 7 0 0 0 0 0 0 0 0 0 0
1784740944.203374,57107,-47,11,1,7,1,-95,1,665710418,128,0 0 0 0 0 0 0 0 0 0 0 0 6 7 6 7 6 8 5 8 5 9 5 9 5 9 4 9 4 9 4 10 4 10 4 10 3 10 3 10 3 11 3 10 3 11 3 11 3 11 2 11 2 11 2 11 2 10 2 10 2 10 3 10 0 0 3 10 3 9 3 10 4 9 4 9 4 9 5 9 5 9 5 9 6 9 6 9 6 9 6 9 7 10 7 9 7 10 7 10 8 10 8 10 8 10 8 10 8 10 8 10 8 11 8 11 9 11 0 0 0 0 0 0 0 0 0 0
1784740944.219319,57108,-49,11,1,7,1,-95,1,665722904,128,0 0 0 0 0 0 0 0 0 0 0 0 -6 4 -7 4 -7 3 -7 3 -7 2 -7 2 -7 2 -8 2 -8 2 -8 1 -8 2 -8 2 -8 1 -8 1 -8 1 -8 1 -8 1 -7 1 -8 1 -7 1 -7 1 -7 1 -7 2 -7 2 -6 2 -7 3 0 0 -6 3 -6 4 -7 4 -6 4 -7 5 -7 5 -7 5 -7 6 -7 6 -7 7 -7 7 -7 7 -8 8 -8 8 -8 8 -9 8 -9 8 -9 9 -9 9 -9 9 -9 9 -10 9 -10 9 -10 10 -10 9 -10 10 0 0 0 0 0 0 0 0 0 0
1784740944.219319,57109,-48,11,1,7,1,-95,1,665730382,128,0 0 0 0 0 0 0 0 0 0 0 0 -7 -4 -7 -4 -7 -5 -6 -5 -6 -5 -6 -5 -6 -5 -6 -5 -6 -5 -5 -6 -5 -6 -5 -6 -5 -6 -5 -6 -5 -6 -5 -6 -5 -6 -5 -6 -5 -6 -4 -6 -4 -5 -5 -5 -5 -5 -4 -5 -5 -5 -5 -4 0 0 -6 -4 -6 -4 -6 -3 -7 -3 -7 -3 -7 -3 -8 -3 -8 -3 -9 -3 -10 -3 -9 -3 -10 -3 -10 -3 -10 -3 -11 -3 -11 -3 -12 -3 -12 -3 -12 -3 -12 -3 -12 -3 -13 -3 -13 -4 -13 -4 -13 -4 -13 -4 0 0 0 0 0 0 0 0 0 0
1784740944.235502,57110,-46,11,1,7,1,-95,1,665740276,128,0 0 0 0 0 0 0 0 0 0 0 0 8 -3 9 -3 9 -2 9 -1 9 -1 9 -1 9 -1 10 0 10 0 9 1 10 1 10 1 10 2 10 2 10 2 9 2 10 2 9 2 9 2 9 3 9 2 9 2 9 2 8 2 8 2 9 2 0 0 9 1 8 1 9 1 9 0 9 0 9 0 9 -1 9 -1 9 -1 10 -2 10 -1 10 -2 10 -2 11 -2 10 -3 11 -3 11 -3 11 -3 11 -3 11 -4 12 -3 12 -3 12 -3 12 -3 12 -3 12 -4 0 0 0 0 0 0 0 0 0 0
1784740944.235502,57111,-45,11,1,7,1,-95,1,665750350,128,0 0 0 0 0 0 0 0 0 0 0 0 -3 -10 -2 -10 -1 -11 -1 -11 0 -10 0 -11 0 -11 0 -11 1 -11 1 -11 1 -11 1 -11 2 -12 2 -12 2 -12 3 -11 3 -12 3 -11 3 -11 3 -11 3 -11 3 -11 2 -10 2 -11 2 -11 2 -11 0 0 1 -11 1 -11 1 -11 1 -10 0 -11 0 -11 0 -11 -1 -11 0 -11 -1 -11 -2 -12 -2 -12 -2 -12 -2 -13 -2 -12 -3 -13 -3 -13 -3 -14 -3 -14 -3 -14 -3 -14 -3 -14 -4 -14 -4 -14 -4 -14 -4 -15 0 0 0 0 0 0 0 0 0 0
1784740944.251699,57112,-47,11,1,7,1,-95,1,665760312,128,0 0 0 0 0 0 0 0 0 0 0 0 -8 -7 -7 -7 -7 -8 -6 -8 -6 -9 -6 -9 -6 -9 -6 -9 -6 -10 -5 -10 -5 -10 -5 -10 -5 -10 -4 -11 -4 -10 -4 -11 -4 -10 -4 -11 -3 -10 -3 -10 -3 -10 -3 -10 -3 -10 -3 -9 -4 -9 -4 -9 0 0 -4 -8 -5 -8 -5 -8 -6 -8 -6 -7 -6 -8 -7 -7 -7 -8 -7 -7 -8 -8 -8 -7 -9 -7 -9 -7 -9 -7 -10 -7 -10 -7 -10 -8 -11 -8 -11 -8 -11 -8 -11 -8 -12 -8 -12 -8 -12 -8 -12 -8 -12 -9 0 0 0 0 0 0 0 0 0 0
1784740944.269303,57113,-48,11,1,7,1,-95,1,665771757,128,0 0 0 0 0 0 0 0 0 0 0 0 -6 -7 -6 -7 -5 -8 -5 -8 -5 -8 -4 -8 -4 -9 -4 -9 -4 -9 -4 -9 -3 -10 -3 -10 -3 -10 -3 -10 -3 -10 -2 -10 -2 -9 -2 -10 -2 -9 -2 -9 -2 -9 -2 -9 -2 -9 -2 -9 -2 -8 -3 -8 0 0 -3 -8 -4 -8 -4 -8 -5 -8 -5 -8 -5 -8 -6 -8 -6 -8 -6 -8 -7 -9 -7 -9 -7 -9 -8 -9 -8 -9 -9 -9 -9 -9 -9 -10 -9 -10 -9 -10 -10 -10 -10 -11 -10 -10 -10 -11 -10 -11 -10 -11 -10 -11 0 0 0 0 0 0 0 0 0 0
1784740944.269303,57114,-47,11,1,7,1,-95,1,665780335,128,0 0 0 0 0 0 0 0 0 0 0 0 1 7 1 8 0 8 -1 7 -1 8 -1 8 -1 8 -2 8 -2 8 -2 8 -2 8 -2 8 -3 8 -3 8 -3 8 -3 8 -3 8 -3 8 -4 8 -3 8 -3 8 -3 7 -3 7 -3 7 -3 7 -3 8 0 0 -2 8 -2 8 -2 8 -1 8 -1 8 -1 9 -1 9 0 9 0 9 0 10 0 10 1 10 1 10 1 10 1 11 1 11 1 11 1 11 1 12 2 12 2 12 2 12 2 12 2 13 1 13 2 13 0 0 0 0 0 0 0 0 0 0
1784740944.283712,57115,-46,11,1,7,1,-95,1,665790349,128,0 0 0 0 0 0 0 0 0 0 0 0 7 -4 7 -4 8 -3 8 -3 9 -2 8 -2 9 -2 8 -2 9 -2 9 -1 9 0 9 0 9 0 9 0 9 0 9 0 9 0 10 0 9 1 9 0 9 0 9 0 9 0 9 1 8 0 9 0 0 0 9 -1 9 -1 9 -1 9 -2 9 -2 9 -2 9 -2 10 -3 9 -3 10 -3 10 -3 10 -3 10 -3 10 -4 11 -5 10 -5 11 -5 11 -5 11 -5 11 -6 12 -6 12 -6 12 -6 12 -5 12 -6 12 -6 0 0 0 0 0 0 0 0 0 0
1784740944.297028,57116,-46,11,1,7,1,-95,1,665800460,128,0 0 0 0 0 0 0 0 0 0 0 0 -4 -9 -4 -9 -3 -9 -3 -10 -2 -10 -2 -10 -1 -10 -1 -10 -1 -10 -1 -11 0 -11 0 -11 0 -11 0 -11 1 -11 1 -10 1 -10 1 -11 1 -10 1 -10 1 -10 1 -10 1 -10 1 -10 1 -9 0 -10 0 0 0 -10 0 -9 -1 -9 -1 -10 -2 -9 -2 -10 -2 -10 -2 -10 -2 -10 -3 -10 -4 -10 -4 -10 -4 -10 -4 -11 -4 -11 -5 -11 -5 -11 -5 -12 -5 -12 -6 -12 -6 -12 -6 -12 -6 -12 -6 -13 -6 -12 -6 -13 0 0 0 0 0 0 0 0 0 0
1784740944.303841,57117,-45,11,1,7,1,-95,1,665810397,128,0 0 0 0 0 0 0 0 0 0 0 0 -9 -6 -9 -6 -9 -7 -9 -7 -9 -8 -8 -8 -9 -8 -9 -9 -9 -9 -8 -10 -7 -10 -7 -11 -7 -11 -7 -11 -7 -11 -7 -12 -7 -11 -7 -12 -6 -12 -7 -11 -7 -11 -6 -11 -6 -11 -5 -11 -5 -11 -6 -11 0 0 -6 -10 -6 -10 -6 -9 -7 -9 -7 -9 -7 -9 -8 -8 -8 -8 -8 -8 -9 -8 -9 -8 -9 -8 -9 -8 -10 -7 -10 -7 -10 -7 -11 -7 -11 -7 -11 -7 -12 -7 -12 -6 -12 -6 -12 -7 -12 -7 -12 -7 -12 -7 0 0 0 0 0 0 0 0 0 0
1784740944.315758,57118,-44,11,1,7,1,-95,1,665820332,128,0 0 0 0 0 0 0 0 0 0 0 0 -7 -8 -6 -8 -6 -9 -5 -9 -5 -9 -5 -10 -5 -10 -5 -11 -5 -11 -4 -11 -4 -12 -4 -12 -3 -12 -3 -12 -3 -13 -2 -13 -2 -13 -2 -13 -2 -13 -2 -13 -2 -13 -2 -13 -1 -12 -1 -12 -1 -12 -2 -12 0 0 -2 -12 -2 -12 -2 -11 -3 -12 -3 -11 -3 -11 -3 -11 -4 -11 -4 -11 -5 -11 -5 -11 -5 -11 -5 -11 -5 -11 -6 -11 -6 -11 -6 -11 -7 -11 -7 -11 -7 -11 -7 -11 -8 -12 -8 -12 -7 -12 -7 -12 -8 -12 0 0 0 0 0 0 0 0 0 0
1784740944.315758,57119,-45,11,1,7,1,-95,1,665830273,128,0 0 0 0 0 0 0 0 0 0 0 0 2 7 1 8 1 8 1 9 0 9 0 9 0 9 -1 10 -1 10 -1 10 -2 10 -2 10 -2 10 -3 11 -3 11 -4 10 -4 11 -4 10 -4 10 -4 10 -4 10 -5 10 -4 10 -4 10 -4 10 -4 10 0 0 -4 10 -4 10 -4 10 -3 9 -3 10 -3 10 -3 10 -2 10 -2 10 -2 10 -1 10 -1 11 -1 11 -1 11 -1 11 0 11 0 11 0 12 0 12 0 12 1 12 1 13 1 12 1 12 1 13 1 13 0 0 0 0 0 0 0 0 0 0
1784740944.331622,57120,-46,11,1,7,1,-95,1,665840282,128,0 0 0 0 0 0 0 0 0 0 0 0 0 7 0 7 -1 8 -1 8 -2 8 -2 8 -2 8 -2 8 -3 8 -3 9 -4 8 -4 8 -4 9 -5 8 -5 9 -6 9 -6 9 -6 8 -6 8 -6 8 -6 8 -6 8 -6 8 -6 7 -6 7 -6 7 0 0 -5 7 -5 8 -5 7 -5 8 -4 8 -4 8 -4 8 -4 8 -4 8 -4 9 -3 9 -3 9 -3 9 -3 9 -2 10 -2 10 -2 10 -2 10 -2 10 -1 11 -1 11 -1 11 -1 11 -2 11 -1 11 -1 12 0 0 0 0 0 0 0 0 0 0
1784740944.347462,57121,-45,11,1,7,1,-95,1,665850334,128,0 0 0 0 0 0 0 0 0 0 0 0 3 -7 4 -7 4 -7 4 -7 5 -7 5 -7 5 -7 6 -7 6 -7 6 -7 7 -7 7 -7 7 -7 8 -7 8 -7 8 -7 8 -7 8 -7 9 -7 9 -6 9 -6 9 -6 9 -6 9 -6 9 -6 9 -7 0 0 8 -7 8 -7 8 -7 8 -7 8 -7 8 -7 8 -7 8 -8 8 -8 8 -9 8 -8 7 -8 7 -9 7 -9 7 -9 7 -10 7 -9 7 -10 7 -10 7 -10 7 -10 7 -11 7 -10 7 -11 6 -11 6 -11 0 0 0 0 0 0 0 0 0 0
1784740944.347462,57122,-44,11,1,7,1,-95,1,665862244,128,0 0 0 0 0 0 0 0 0 0 0 0 6 6 6 6 5 7 5 8 5 8 5 8 4 8 5 9 4 9 4 9 4 9 3 10 3 10 3 10 3 10 2 10 2 11 2 10 2 10 2 10 2 10 2 10 2 10 2 10 2 9 3 10 0 0 3 10 3 9 3 10 3 9 3 9 4 9 4 9 5 9 5 9 5 9 5 9 6 9 6 9 7 9 6 9 7 9 7 8 7 9 8 9 8 9 8 9 8 9 8 8 8 9 8 9 9 9 0 0 0 0 0 0 0 0 0 0
1784740944.363312,57123,-45,11,1,7,1,-95,1,665870330,128,0 0 0 0 0 0 0 0 0 0 0 0 4 -9 4 -9 5 -9 6 -8 6 -9 6 -9 7 -9 7 -9 7 -9 8 -8 9 -8 9 -7 9 -7 9 -7 9 -7 9 -7 9 -7 9 -7 9 -6 9 -7 9 -6 9 -6 9 -6 9 -6 9 -6 8 -6 0 0 8 -6 8 -7 8 -7 8 -7 7 -7 7 -8 6 -8 7 -8 6 -8 6 -9 7 -9 6 -9 6 -9 6 -9 6 -10 5 -10 6 -10 5 -11 5 -11 5 -11 5 -12 4 -11 5 -12 5 -12 5 -12 5 -12 0 0 0 0 0 0 0 0 0 0
1784740944.379156,57124,-45,11,1,7,1,-95,1,665882018,128,0 0 0 0 0 0 0 0 0 0 0 0 2 8 2 8 1 8 1 8 0 9 0 8 0 9 0 9 -1 9 -2 10 -2 9 -2 10 -2 10 -3 10 -2 10 -3 10 -3 10 -3 10 -3 10 -3 10 -3 10 -3 10 -3 10 -3 10 -3 9 -3 9 0 0 -3 9 -2 10 -2 9 -2 10 -2 10 -2 10 -2 10 -1 10 -1 10 -1 11 -1 11 0 11 -1 10 0 10 0 11 0 11 0 11 0 11 1 11 1 12 1 11 1 12 1 12 1 12 1 12 1 11 0 0 0 0 0 0 0 0 0 0
1784740944.383350,57125,-44,11,1,7,1,-95,1,665890355,128,0 0 0 0 0 0 0 0 0 0 0 0 -7 4 -8 4 -8 3 -9 3 -9 2 -9 2 -9 2 -9 2 -10 1 -10 1 -10 1 -10 1 -10 0 -10 0 -10 0 -10 0 -10 0 -10 0 -10 0 -10 -1 -10 0 -10 -1 -10 0 -10 0 -10 0 -10 0 0 0 -10 0 -10 0 -11 0 -10 1 -10 1 -11 1 -10 1 -11 2 -11 1 -11 2 -11 2 -11 2 -11 3 -12 3 -11 2 -12 3 -12 3 -12 3 -12 3 -12 4 -12 3 -12 3 -12 4 -12 4 -12 4 -12 4 0 0 0 0 0 0 0 0 0 0
1784740944.398389,57126,-44,11,1,7,1,-95,1,665901457,128,0 0 0 0 0 0 0 0 0 0 0 0 -10 -1 -10 -2 -10 -3 -10 -3 -9 -4 -10 -4 -10 -4 -10 -5 -10 -5 -10 -5 -10 -6 -10 -6 -9 -6 -10 -7 -10 -7 -9 -7 -9 -7 -9 -7 -9 -7 -9 -7 -9 -7 -9 -7 -8 -6 -8 -7 -8 -6 -9 -7 0 0 -9 -6 -8 -6 -9 -6 -9 -5 -9 -5 -9 -5 -9 -4 -10 -4 -10 -4 -10 -4 -10 -4 -10 -3 -10 -3 -11 -3 -10 -3 -11 -3 -11 -2 -11 -2 -11 -2 -11 -2 -11 -1 -12 -1 -11 -1 -12 -1 -12 -1 -12 -1 0 0 0 0 0 0 0 0 0 0
1784740944.411149,57127,-44,11,1,7,1,-95,1,665910376,128,0 0 0 0 0 0 0 0 0 0 0 0 -4 9 -5 9 -6 8 -7 8 -7 8 -7 8 -8 8 -8 8 -8 7 -8 7 -9 7 -9 7 -9 7 -10 7 -10 7 -10 6 -10 6 -10 6 -10 6 -10 6 -10 6 -10 5 -9 6 -9 5 -9 6 -9 6 0 0 -9 6 -9 6 -9 6 -8 6 -8 7 -8 7 -7 7 -7 8 -8 7 -7 8 -7 8 -7 8 -7 8 -7 9 -7 8 -7 9 -7 9 -6 9 -6 9 -6 10 -6 10 -6 10 -6 9 -6 9 -6 10 -5 10 0 0 0 0 0 0 0 0 0 0
1784740944.411149,57128,-45,11,1,7,1,-95,1,665920520,128,0 0 0 0 0 0 0 0 0 0 0 0 -9 2 -10 1 -10 0 -10 0 -10 -1 -10 -1 -10 -1 -10 -1 -11 -2 -10 -2 -11 -2 -10 -3 -10 -3 -11 -3 -10 -3 -10 -3 -10 -3 -10 -3 -10 -3 -10 -3 -10 -3 -10 -3 -10 -3 -10 -3 -10 -3 -10 -2 0 0 -10 -2 -10 -1 -10 -1 -10 -1 -10 0 -10 -1 -10 0 -11 1 -11 0 -11 1 -11 1 -11 1 -11 1 -11 1 -11 1 -12 2 -11 2 -11 2 -12 2 -11 3 -11 3 -11 3 -11 3 -11 3 -11 3 -12 3 0 0 0 0 0 0 0 0 0 0
1784740944.427147,57129,-47,11,1,7,1,-95,1,665930412,128,0 0 0 0 0 0 0 0 0 0 0 0 9 -1 9 0 9 1 9 1 8 1 8 2 9 2 9 3 8 3 8 3 8 4 8 4 8 4 8 4 8 4 8 4 7 4 8 4 7 4 7 4 7 4 7 4 7 4 7 4 7 3 7 3 0 0 7 2 8 2 7 2 8 1 8 1 8 1 8 1 9 1 9 0 9 1 10 0 9 0 10 0 10 0 11 -1 10 0 11 -1 11 -1 11 -1 11 -1 11 -1 11 -2 12 -1 12 -1 11 -1 11 -1 0 0 0 0 0 0 0 0 0 0
1784740944.431184,57130,-48,11,1,7,1,-95,1,665940267,128,0 0 0 0 0 0 0 0 0 0 0 0 -4 -11 -4 -11 -3 -11 -2 -12 -1 -11 -1 -12 -1 -11 0 -12 0 -11 0 -11 0 -11 1 -11 1 -11 1 -11 1 -11 2 -10 2 -10 2 -10 2 -10 2 -9 1 -9 1 -9 1 -9 0 -9 0 -8 0 -8 0 0 -1 -8 -1 -8 -2 -9 -2 -8 -3 -8 -3 -9 -3 -9 -4 -9 -4 -9 -5 -9 -5 -9 -5 -10 -6 -10 -6 -10 -5 -10 -6 -11 -6 -10 -6 -10 -7 -11 -7 -11 -7 -11 -7 -11 -7 -11 -7 -11 -7 -11 -7 -11 0 0 0 0 0 0 0 0 0 0
1784740944.450830,57131,-49,11,1,7,1,-95,1,665951105,128,0 0 0 0 0 0 0 0 0 0 0 0 -9 5 -10 4 -10 4 -11 3 -11 3 -10 2 -11 2 -11 2 -11 2 -11 1 -11 1 -11 0 -11 0 -10 0 -10 0 -10 0 -9 0 -9 0 -9 0 -9 0 -8 0 -8 1 -8 1 -7 1 -7 2 -7 2 0 0 -7 3 -7 4 -6 4 -6 5 -7 6 -6 6 -6 6 -7 7 -7 7 -7 8 -7 9 -7 9 -8 9 -8 9 -8 10 -8 10 -8 10 -9 10 -9 10 -9 11 -9 11 -9 11 -9 11 -10 10 -10 10 -9 10 0 0 0 0 0 0 0 0 0 0
1784740944.450830,57132,-49,11,1,7,1,-95,1,665960284,128,0 0 0 0 0 0 0 0 0 0 0 0 9 1 9 2 9 2 9 3 10 3 9 3 9 4 9 4 8 4 9 5 8 5 8 5 8 5 8 5 7 5 8 5 7 5 7 5 7 4 7 4 6 4 7 3 7 3 7 3 7 2 7 2 0 0 7 1 8 0 7 0 9 0 8 0 9 -1 9 -1 10 -1 10 -1 11 -2 11 -2 12 -2 11 -2 12 -2 13 -3 13 -2 14 -2 13 -2 13 -2 13 -2 14 -2 13 -2 14 -2 14 -2 13 -2 13 -2 0 0 0 0 0 0 0 0 0 0
1784740944.462945,57133,-49,11,1,7,1,-95,1,665970339,128,0 0 0 0 0 0 0 0 0 0 0 0 -9 3 -9 2 -10 2 -10 1 -10 1 -10 1 -10 0 -10 0 -10 0 -10 0 -10 0 -10 -1 -10 -1 -10 -1 -10 -1 -10 -1 -10 -1 -10 -1 -10 -1 -10 -1 -10 -1 -9 -1 -9 -1 -9 0 -9 0 -9 1 0 0 -9 1 -9 1 -9 2 -9 2 -9 3 -9 3 -9 3 -10 4 -10 4 -10 5 -10 5 -10 5 -11 6 -11 6 -11 6 -12 6 -12 6 -12 6 -12 6 -12 6 -13 6 -13 6 -13 6 -12 6 -12 6 -12 6 0 0 0 0 0 0 0 0 0 0
1784740944.475138,57134,-48,11,1,7,1,-95,1,665980399,128,0 0 0 0 0 0 0 0 0 0 0 0 -11 -2 -11 -2 -12 -3 -11 -3 -12 -4 -11 -4 -12 -5 -12 -5 -12 -5 -12 -6 -11 -6 -11 -7 -11 -7 -11 -7 -11 -7 -11 -8 -10 -7 -10 -8 -10 -7 -10 -7 -9 -7 -9 -7 -9 -7 -8 -6 -8 -6 -8 -6 0 0 -8 -5 -8 -4 -8 -4 -9 -3 -8 -3 -9 -2 -9 -1 -9 -1 -9 0 -10 0 -10 0 -10 1 -10 1 -11 1 -12 2 -12 2 -12 2 -13 2 -12 2 -13 3 -13 3 -13 3 -14 3 -14 2 -14 2 -14 3 0 0 0 0 0 0 0 0 0 0
1784740944.475138,57135,-47,11,1,7,1,-95,1,665990333,128,0 0 0 0 0 0 0 0 0 0 0 0 -6 -11 -5 -11 -5 -12 -4 -12 -4 -12 -4 -12 -3 -12 -3 -13 -2 -13 -2 -13 -1 -13 -1 -13 -1 -13 -1 -13 -1 -13 0 -13 0 -13 0 -13 0 -13 0 -12 0 -12 1 -12 0 -11 1 -11 0 -11 0 -11 0 0 -1 -10 -1 -9 -1 -9 -2 -9 -2 -9 -3 -9 -3 -8 -4 -9 -4 -9 -5 -8 -5 -9 -6 -8 -6 -9 -6 -9 -7 -8 -7 -9 -7 -9 -8 -9 -8 -9 -9 -9 -9 -9 -9 -9 -9 -9 -9 -10 -9 -9 -10 -9 0 0 0 0 0 0 0 0 0 0
1784740944.491100,57136,-47,11,1,7,1,-95,1,666000357,128,0 0 0 0 0 0 0 0 0 0 0 0 -9 -6 -9 -6 -8 -7 -8 -8 -8 -8 -8 -8 -7 -8 -7 -9 -7 -9 -7 -9 -7 -9 -7 -9 -6 -9 -6 -10 -6 -10 -5 -10 -5 -10 -5 -10 -5 -10 -5 -9 -5 -9 -5 -9 -5 -9 -4 -8 -4 -8 -5 -8 0 0 -5 -8 -5 -7 -5 -7 -6 -6 -6 -6 -6 -6 -7 -6 -7 -5 -7 -5 -8 -5 -8 -5 -8 -4 -9 -5 -9 -5 -9 -4 -10 -5 -10 -4 -10 -5 -10 -5 -11 -5 -11 -5 -11 -4 -11 -5 -11 -5 -11 -5 -12 -4 0 0 0 0 0 0 0 0 0 0
1784740944.507013,57137,-46,11,1,7,1,-95,1,666010485,128,0 0 0 0 0 0 0 0 0 0 0 0 9 1 9 1 10 2 9 2 10 3 9 3 10 3 9 3 10 4 10 5 9 5 9 6 9 6 9 6 8 5 9 6 8 6 9 6 8 6 8 6 8 6 8 6 8 6 7 6 7 5 7 5 0 0 7 4 7 4 7 3 8 3 7 2 7 2 7 1 8 1 8 1 9 1 9 1 9 0 9 0 9 0 10 -1 10 -1 11 -1 11 -1 11 -2 11 -3 11 -2 12 -3 12 -2 12 -2 12 -2 12 -2 0 0 0 0 0 0 0 0 0 0
1784740944.507013,57138,-45,11,1,7,1,-95,1,666020368,128,0 0 0 0 0 0 0 0 0 0 0 0 -3 9 -3 9 -4 9 -5 9 -5 8 -5 8 -6 8 -6 9 -6 9 -7 8 -7 8 -7 8 -8 8 -8 8 -8 8 -8 8 -9 8 -9 8 -9 7 -9 7 -9 7 -9 7 -9 7 -9 7 -9 7 -9 7 0 0 -9 7 -8 7 -8 7 -7 7 -7 7 -7 7 -7 7 -6 8 -6 8 -6 8 -6 8 -5 9 -5 9 -5 9 -5 9 -5 10 -5 10 -5 10 -5 10 -5 11 -5 11 -4 12 -5 11 -5 12 -5 12 -5 13 0 0 0 0 0 0 0 0 0 0
1784740944.523185,57139,-46,11,1,7,1,-95,1,666030400,128,0 0 0 0 0 0 0 0 0 0 0 0 -8 -2 -8 -3 -8 -3 -8 -4 -8 -4 -8 -4 -8 -5 -8 -5 -8 -5 -8 -5 -7 -5 -7 -5 -7 -5 -7 -6 -7 -6 -7 -6 -7 -6 -7 -6 -7 -6 -7 -6 -7 -6 -7 -6 -7 -5 -7 -6 -7 -5 -7 -5 0 0 -8 -5 -8 -5 -8 -5 -8 -5 -8 -4 -9 -5 -9 -4 -9 -4 -9 -4 -10 -4 -10 -4 -10 -3 -10 -4 -11 -4 -11 -4 -11 -4 -11 -4 -12 -4 -12 -4 -12 -4 -12 -4 -13 -4 -13 -4 -13 -4 -13 -4 -14 -5 0 0 0 0 0 0 0 0 0 0
1784740944.523185,57140,-48,11,1,7,1,-95,1,666040313,128,0 0 0 0 0 0 0 0 0 0 0 0 -8 -2 -8 -2 -8 -3 -8 -3 -8 -4 -8 -3 -8 -4 -7 -4 -8 -4 -7 -5 -7 -5 -7 -6 -6 -6 -7 -6 -6 -5 -6 -5 -6 -5 -6 -6 -6 -6 -6 -5 -6 -5 -6 -5 -6 -5 -5 -5 -5 -5 -6 -4 0 0 -6 -4 -6 -3 -6 -3 -7 -3 -7 -3 -7 -2 -7 -2 -7 -2 -8 -2 -8 -2 -9 -2 -9 -1 -9 -1 -9 -1 -10 -1 -10 -1 -11 -1 -11 -1 -11 -1 -11 -1 -12 -1 -12 0 -12 -1 -12 -1 -13 -1 -13 -1 0 0 0 0 0 0 0 0 0 0
1784740944.547590,57141,-46,11,1,7,1,-95,1,666050283,128,0 0 0 0 0 0 0 0 0 0 0 0 2 -8 3 -9 3 -8 4 -8 4 -8 4 -8 5 -8 5 -8 5 -9 6 -8 6 -8 6 -8 6 -8 7 -8 7 -8 7 -8 7 -8 8 -7 8 -7 8 -7 8 -7 8 -7 8 -7 8 -6 8 -6 7 -6 0 0 7 -7 6 -7 7 -7 6 -7 6 -7 6 -7 6 -7 6 -7 6 -8 5 -8 5 -8 5 -9 5 -8 5 -9 5 -9 5 -10 5 -10 5 -10 4 -10 4 -11 5 -11 4 -11 5 -11 5 -11 5 -11 5 -12 0 0 0 0 0 0 0 0 0 0
1784740944.557281,57142,-45,11,1,7,1,-95,1,666060325,128,0 0 0 0 0 0 0 0 0 0 0 0 -1 7 -1 8 -2 8 -2 7 -3 8 -3 8 -3 8 -3 8 -3 8 -4 8 -4 8 -4 8 -5 8 -5 8 -5 8 -5 8 -5 8 -6 8 -6 8 -6 8 -6 8 -6 8 -6 8 -6 8 -6 8 -6 8 0 0 -6 8 -6 8 -5 8 -5 8 -5 8 -5 8 -4 8 -4 9 -5 9 -4 10 -4 10 -4 10 -4 11 -4 10 -4 11 -4 11 -4 11 -4 11 -4 11 -4 12 -4 12 -4 12 -4 12 -5 12 -5 12 -4 13 0 0 0 0 0 0 0 0 0 0
1784740944.571328,57143,-45,11,1,7,1,-95,1,666070257,128,0 0 0 0 0 0 0 0 0 0 0 0 -3 -7 -2 -7 -2 -8 -2 -7 -1 -8 -1 -8 -1 -8 -1 -8 -1 -8 0 -8 0 -8 0 -8 0 -9 0 -9 0 -8 1 -8 1 -8 1 -8 1 -8 1 -8 1 -8 0 -8 0 -8 0 -8 0 -8 0 -8 0 0 0 -8 0 -8 -1 -8 -1 -8 -1 -8 -2 -9 -2 -9 -3 -9 -3 -9 -3 -10 -3 -10 -3 -10 -4 -10 -4 -11 -4 -11 -4 -11 -4 -11 -4 -11 -4 -12 -4 -12 -5 -12 -5 -12 -5 -13 -5 -13 -5 -13 -5 -13 0 0 0 0 0 0 0 0 0 0
1784740944.571328,57144,-45,11,1,7,1,-95,1,666080415,128,0 0 0 0 0 0 0 0 0 0 0 0 -5 -5 -5 -6 -4 -6 -4 -7 -4 -7 -4 -7 -4 -7 -4 -7 -3 -8 -3 -8 -3 -8 -3 -8 -3 -8 -3 -9 -3 -9 -2 -9 -2 -9 -2 -9 -2 -9 -2 -9 -2 -9 -1 -9 -2 -9 -2 -9 -2 -9 -2 -9 0 0 -2 -8 -2 -8 -2 -9 -3 -8 -3 -8 -3 -8 -3 -8 -3 -8 -3 -9 -4 -9 -4 -9 -5 -9 -5 -9 -5 -9 -5 -9 -5 -10 -5 -9 -6 -10 -6 -10 -6 -10 -6 -10 -6 -10 -6 -10 -6 -10 -6 -11 -7 -11 0 0 0 0 0 0 0 0 0 0
1784740944.587344,57145,-45,11,1,7,1,-95,1,666090277,128,0 0 0 0 0 0 0 0 0 0 0 0 4 -7 5 -7 5 -7 5 -6 6 -6 6 -6 6 -6 6 -6 6 -6 7 -6 7 -6 7 -5 7 -5 8 -5 8 -5 8 -5 8 -5 8 -5 8 -5 8 -5 8 -4 8 -4 8 -4 8 -4 8 -4 8 -4 0 0 7 -4 7 -5 7 -5 7 -5 7 -5 7 -5 7 -6 7 -6 7 -6 7 -7 7 -7 7 -7 7 -7 7 -7 7 -8 7 -8 7 -8 7 -8 7 -9 7 -9 7 -9 7 -9 8 -9 7 -9 7 -10 7 -10 0 0 0 0 0 0 0 0 0 0
1784740944.587344,57146,-45,11,1,7,1,-95,1,666100284,128,0 0 0 0 0 0 0 0 0 0 0 0 1 8 0 8 0 8 -1 8 -1 8 -1 8 -2 8 -2 8 -2 8 -3 8 -3 8 -3 8 -3 8 -3 8 -4 8 -4 8 -4 8 -4 8 -4 8 -4 8 -4 8 -4 8 -4 8 -4 7 -4 7 -3 7 0 0 -3 7 -2 7 -2 7 -2 8 -1 8 -1 8 -1 8 -1 9 0 8 0 9 0 9 0 9 0 9 0 10 1 10 1 10 1 10 1 11 1 11 1 11 2 11 2 11 2 11 2 12 2 11 2 12 0 0 0 0 0 0 0 0 0 0
1784740944.615504,57147,-45,11,1,7,1,-95,1,666110355,128,0 0 0 0 0 0 0 0 0 0 0 0 -1 8 -2 9 -3 9 -3 9 -4 9 -4 9 -4 9 -4 9 -5 9 -5 9 -5 9 -6 9 -6 9 -6 9 -6 9 -7 9 -7 9 -7 8 -7 8 -7 8 -7 8 -7 8 -7 8 -7 8 -6 7 -6 8 0 0 -6 8 -5 7 -5 8 -5 7 -4 7 -4 8 -4 8 -4 8 -3 9 -3 9 -3 9 -2 10 -2 10 -2 10 -2 10 -2 11 -1 10 -2 11 -1 11 -1 11 -1 12 -1 12 -1 11 -1 12 -1 12 -1 12 0 0 0 0 0 0 0 0 0 0
1784740944.619252,57148,-46,11,1,7,1,-95,1,666120348,128,0 0 0 0 0 0 0 0 0 0 0 0 -4 -8 -4 -8 -3 -9 -3 -9 -3 -10 -3 -9 -2 -10 -2 -10 -2 -10 -1 -10 -1 -10 0 -10 0 -10 0 -10 0 -10 0 -10 0 -10 0 -11 1 -10 1 -10 1 -10 1 -10 1 -10 1 -10 1 -9 0 -10 0 0 0 -9 0 -10 0 -9 -1 -10 -1 -9 -2 -9 -2 -9 -2 -9 -2 -9 -3 -10 -3 -10 -3 -10 -3 -11 -3 -10 -4 -11 -4 -11 -4 -11 -4 -11 -4 -11 -5 -12 -5 -12 -5 -12 -5 -12 -4 -13 -4 -12 -5 -12 0 0 0 0 0 0 0 0 0 0
1784740944.621254,57149,-46,11,1,7,1,-95,1,666132472,128,0 0 0 0 0 0 0 0 0 0 0 0 -7 -9 -6 -9 -5 -10 -5 -10 -5 -10 -4 -10 -4 -11 -4 -11 -4 -11 -3 -11 -2 -11 -2 -11 -2 -11 -2 -11 -2 -11 -2 -12 -2 -11 -1 -12 -1 -11 -1 -11 -1 -11 -1 -11 -1 -11 -1 -10 -1 -10 -1 -10 0 0 -2 -9 -2 -9 -2 -9 -3 -9 -3 -9 -4 -9 -4 -9 -4 -9 -5 -9 -5 -9 -5 -9 -6 -9 -6 -9 -6 -9 -7 -9 -7 -9 -7 -10 -8 -10 -8 -10 -9 -10 -8 -10 -9 -10 -9 -10 -8 -11 -9 -10 -9 -10 0 0 0 0 0 0 0 0 0 0
1784740944.635381,57150,-45,11,1,7,1,-95,1,666140348,128,0 0 0 0 0 0 0 0 0 0 0 0 -10 -1 -11 -2 -10 -3 -10 -4 -10 -4 -11 -4 -11 -4 -10 -5 -10 -5 -10 -5 -10 -5 -10 -6 -10 -6 -10 -6 -10 -6 -9 -7 -10 -7 -9 -7 -10 -7 -9 -7 -9 -7 -8 -7 -9 -6 -9 -6 -8 -6 -9 -6 0 0 -8 -6 -8 -5 -8 -5 -8 -4 -9 -4 -9 -4 -9 -4 -9 -3 -9 -3 -9 -2 -10 -2 -10 -2 -10 -1 -11 -1 -11 -1 -11 -1 -11 -1 -11 0 -12 -1 -11 0 -12 0 -12 0 -12 0 -12 1 -12 1 -13 1 0 0 0 0 0 0 0 0 0 0
1784740944.635381,57151,-44,11,1,7,1,-95,1,666150265,128,0 0 0 0 0 0 0 0 0 0 0 0 2 8 2 8 1 8 1 8 1 9 1 8 1 9 0 9 0 9 0 10 -1 10 -1 10 -1 10 -2 10 -2 10 -2 11 -2 10 -2 11 -2 10 -2 10 -2 10 -2 10 -3 10 -3 10 -3 9 -2 9 0 0 -2 9 -1 9 -1 9 -1 9 -1 9 0 9 0 9 0 9 1 9 1 10 1 9 1 10 1 10 1 9 3 10 3 9 2 11 3 10 3 10 3 10 3 10 4 10 4 11 4 11 4 10 4 10 0 0 0 0 0 0 0 0 0 0
1784740944.655491,57152,-44,11,1,7,1,-95,1,666160289,128,0 0 0 0 0 0 0 0 0 0 0 0 7 1 8 1 7 2 8 2 7 3 8 3 8 3 8 3 8 3 8 4 8 4 8 5 8 5 8 5 8 5 8 5 8 6 8 6 8 6 8 6 8 6 8 6 8 6 8 6 7 6 8 6 0 0 8 6 8 5 8 6 8 5 8 5 8 5 9 5 9 4 9 5 9 4 9 4 10 4 10 5 10 4 10 4 11 4 10 4 11 4 11 4 11 4 11 4 11 3 11 4 11 4 11 4 12 4 0 0 0 0 0 0 0 0 0 0
1784740944.667484,57153,-45,11,1,7,1,-95,1,666170391,128,0 0 0 0 0 0 0 0 0 0 0 0 0 -11 0 -11 1 -11 2 -11 2 -11 2 -11 2 -11 3 -11 4 -11 3 -11 4 -11 4 -11 4 -11 5 -11 5 -11 5 -10 5 -10 5 -10 5 -10 5 -10 5 -10 5 -10 4 -9 4 -9 5 -9 4 -9 0 0 3 -9 3 -9 3 -9 2 -9 2 -9 1 -10 1 -10 1 -10 1 -10 0 -11 0 -11 0 -11 -1 -11 -1 -11 -1 -12 -1 -12 -1 -12 -1 -12 -1 -12 -2 -12 -2 -13 -2 -13 -2 -13 -2 -13 -2 -13 -2 -13 0 0 0 0 0 0 0 0 0 0
1784740944.667484,57154,-45,11,1,7,1,-95,1,666180327,128,0 0 0 0 0 0 0 0 0 0 0 0 11 -2 11 -1 12 0 11 0 12 0 12 1 12 1 12 2 12 2 12 3 12 3 12 3 12 4 12 4 12 4 12 4 12 4 12 4 12 5 12 5 11 4 11 4 11 4 10 5 10 4 10 4 0 0 9 3 9 2 9 2 9 2 9 1 9 1 9 0 9 0 9 -1 10 -1 9 -1 9 -2 9 -2 9 -2 9 -3 9 -3 10 -3 10 -4 9 -4 9 -4 9 -4 9 -5 9 -5 9 -5 9 -5 9 -5 0 0 0 0 0 0 0 0 0 0
1784740944.683632,57155,-45,11,1,7,1,-95,1,666190350,128,0 0 0 0 0 0 0 0 0 0 0 0 7 -8 8 -8 8 -7 9 -7 9 -7 10 -7 10 -7 10 -7 11 -6 11 -6 11 -6 12 -6 12 -5 12 -5 13 -5 12 -4 13 -4 12 -4 13 -4 13 -4 12 -4 12 -3 11 -3 11 -3 11 -3 12 -3 0 0 11 -4 10 -4 11 -4 10 -4 10 -5 10 -5 9 -5 9 -6 9 -6 9 -6 9 -6 9 -7 9 -7 9 -8 8 -8 9 -8 8 -8 9 -9 8 -9 8 -9 8 -9 8 -9 8 -9 8 -10 8 -10 8 -10 0 0 0 0 0 0 0 0 0 0
1784740944.683632,57156,-45,11,1,7,1,-95,1,666200393,128,0 0 0 0 0 0 0 0 0 0 0 0 -5 8 -5 8 -6 8 -6 8 -7 7 -7 8 -7 7 -8 8 -8 7 -9 7 -9 7 -9 7 -9 7 -10 7 -10 7 -10 7 -11 7 -11 6 -11 6 -11 6 -11 6 -10 6 -10 6 -10 6 -10 5 -10 6 0 0 -10 6 -10 6 -9 6 -9 6 -9 6 -9 7 -9 7 -9 7 -9 7 -8 8 -8 8 -8 8 -8 9 -8 9 -8 9 -8 9 -8 9 -8 9 -8 10 -8 10 -8 10 -8 10 -8 10 -8 10 -8 10 -8 11 0 0 0 0 0 0 0 0 0 0
1784740944.703513,57157,-45,11,1,7,1,-95,1,666210380,128,0 0 0 0 0 0 0 0 0 0 0 0 -5 7 -5 7 -6 7 -6 7 -7 7 -7 7 -7 7 -7 7 -7 7 -8 7 -8 7 -9 7 -9 6 -9 6 -9 7 -10 7 -10 6 -11 6 -11 6 -11 6 -11 6 -10 6 -11 6 -11 5 -10 5 -10 5 0 0 -10 6 -10 6 -9 6 -10 7 -9 7 -9 7 -9 7 -9 7 -9 8 -9 8 -9 8 -9 8 -9 8 -9 8 -8 10 -8 10 -9 9 -9 10 -9 10 -8 10 -8 10 -8 11 -9 11 -9 11 -9 11 -9 11 0 0 0 0 0 0 0 0 0 0
1784740944.717648,57158,-45,11,1,7,1,-95,1,666220390,128,0 0 0 0 0 0 0 0 0 0 0 0 -3 7 -3 8 -4 7 -4 7 -4 7 -5 8 -5 8 -5 8 -5 8 -6 8 -6 8 -6 8 -7 8 -7 8 -8 9 -8 8 -8 8 -8 8 -9 8 -9 8 -9 8 -9 8 -9 8 -9 8 -9 7 -9 8 0 0 -9 8 -9 8 -9 8 -8 8 -8 8 -8 8 -8 8 -8 9 -8 9 -8 9 -8 9 -8 10 -8 10 -7 10 -7 10 -8 10 -7 10 -7 11 -7 11 -8 11 -7 11 -8 11 -7 11 -8 11 -8 11 -8 12 0 0 0 0 0 0 0 0 0 0
1784740944.717648,57159,-45,11,1,7,1,-95,1,666230355,128,0 0 0 0 0 0 0 0 0 0 0 0 6 4 6 4 6 5 5 5 5 6 5 6 5 6 5 7 5 7 5 7 5 8 5 8 5 8 5 9 5 9 5 9 5 9 5 10 5 9 5 10 5 10 4 10 4 10 4 10 4 9 4 10 0 0 4 10 5 10 4 9 5 9 5 9 5 9 5 9 6 9 6 9 7 9 7 9 7 9 7 9 7 9 8 9 8 9 8 10 8 9 8 9 9 10 9 9 9 9 9 10 9 10 9 10 9 10 0 0 0 0 0 0 0 0 0 0
1784740944.731568,57160,-46,11,1,7,1,-95,1,666240338,128,0 0 0 0 0 0 0 0 0 0 0 0 -6 4 -7 3 -7 3 -8 3 -8 3 -8 3 -8 3 -9 2 -8 2 -9 2 -9 2 -9 2 -10 1 -10 1 -10 1 -10 1 -10 1 -10 1 -11 1 -10 1 -10 1 -10 1 -10 1 -10 1 -10 1 -10 1 0 0 -10 1 -10 2 -10 2 -10 2 -10 3 -10 3 -10 3 -11 3 -11 4 -11 4 -11 4 -11 4 -11 4 -12 5 -12 5 -12 6 -12 5 -13 6 -13 6 -13 6 -13 6 -13 6 -13 6 -14 6 -14 6 -14 6 0 0 0 0 0 0 0 0 0 0
1784740944.747356,57161,-47,11,1,7,1,-95,1,666251526,128,0 0 0 0 0 0 0 0 0 0 0 0 -7 -5 -7 -5 -7 -6 -7 -6 -6 -6 -7 -7 -7 -7 -6 -7 -7 -7 -6 -8 -6 -8 -6 -8 -6 -9 -6 -9 -6 -9 -6 -9 -6 -9 -6 -9 -6 -9 -6 -9 -6 -9 -6 -9 -5 -9 -5 -9 -5 -9 -6 -9 0 0 -6 -9 -7 -8 -6 -8 -7 -9 -7 -8 -8 -9 -8 -8 -8 -9 -9 -8 -9 -9 -9 -9 -9 -9 -10 -9 -10 -9 -11 -9 -11 -9 -11 -10 -11 -10 -11 -10 -12 -10 -12 -10 -12 -10 -12 -11 -12 -11 -12 -11 -12 -11 0 0 0 0 0 0 0 0 0 0
1784740944.747356,57162,-47,11,1,7,1,-95,1,666260389,128,0 0 0 0 0 0 0 0 0 0 0 0 5 4 5 5 4 5 4 5 4 6 4 6 4 6 4 6 4 6 4 7 4 7 4 7 4 7 3 7 4 7 4 8 4 8 4 8 4 8 4 8 4 8 4 8 4 8 4 8 4 8 4 8 0 0 4 8 5 8 5 8 5 8 5 8 6 8 6 8 7 8 7 8 7 9 7 9 7 8 7 9 7 9 9 9 8 9 9 9 9 9 9 9 10 9 10 10 10 10 10 10 9 11 9 11 10 11 0 0 0 0 0 0 0 0 0 0
1784740944.763464,57163,-48,11,1,7,1,-95,1,666271068,128,0 0 0 0 0 0 0 0 0 0 0 0 0 -8 1 -8 1 -8 2 -8 2 -8 2 -8 2 -8 2 -8 3 -8 3 -8 3 -8 3 -8 4 -8 4 -8 4 -9 4 -8 4 -9 4 -8 5 -9 4 -8 4 -8 5 -8 4 -8 4 -8 4 -8 4 -8 0 0 4 -9 4 -9 4 -9 3 -9 3 -9 3 -9 3 -10 2 -10 3 -10 2 -11 2 -11 2 -11 2 -12 2 -13 2 -12 2 -13 2 -12 2 -14 2 -14 2 -14 2 -14 3 -14 2 -14 3 -15 3 -14 3 -15 0 0 0 0 0 0 0 0 0 0
1784740944.763464,57164,-49,11,1,7,1,-95,1,666280289,128,0 0 0 0 0 0 0 0 0 0 0 0 6 4 5 4 5 5 5 5 5 5 4 5 4 6 4 5 4 6 4 5 4 6 4 6 4 6 4 6 4 6 3 6 3 6 3 6 4 6 3 6 3 6 4 6 4 6 4 6 4 5 4 6 0 0 5 5 5 5 5 5 5 4 6 5 6 4 7 5 7 5 7 5 8 4 8 4 9 4 9 5 10 5 10 5 10 6 10 5 11 6 11 6 11 6 11 6 11 7 11 6 12 6 12 6 12 7 0 0 0 0 0 0 0 0 0 0
1784740944.779343,57165,-48,11,1,7,1,-95,1,666291613,128,0 0 0 0 0 0 0 0 0 0 0 0 -1 7 -2 7 -2 7 -2 7 -3 6 -3 7 -3 6 -3 6 -3 6 -3 6 -4 6 -4 6 -4 6 -4 6 -4 6 -4 6 -4 6 -4 6 -4 6 -4 6 -4 6 -4 6 -3 6 -3 6 -3 6 -3 7 0 0 -2 7 -2 7 -2 7 -1 7 -1 8 -1 8 -1 9 0 9 0 10 0 10 0 10 0 11 0 11 0 12 0 12 0 13 0 12 0 13 0 13 0 14 0 14 -1 14 -1 14 -1 14 -1 15 -1 15 0 0 0 0 0 0 0 0 0 0
1784740944.795521,57166,-47,11,1,7,1,-95,1,666300339,128,0 0 0 0 0 0 0 0 0 0 0 0 7 -4 7 -4 7 -3 8 -3 8 -3 8 -3 8 -2 8 -2 8 -2 8 -2 8 -2 9 -2 9 -1 9 -1 9 -1 9 -1 10 0 9 0 9 0 9 0 9 0 9 0 9 0 9 0 9 0 9 -1 0 0 9 -1 9 -1 9 -1 8 -2 9 -2 9 -2 9 -3 9 -3 10 -3 10 -4 10 -4 10 -4 10 -4 11 -4 11 -5 11 -5 11 -5 12 -5 12 -5 12 -5 12 -5 12 -5 12 -5 12 -5 13 -5 13 -5 0 0 0 0 0 0 0 0 0 0
1784740944.803613,57167,-46,11,1,7,1,-95,1,666311567,128,0 0 0 0 0 0 0 0 0 0 0 0 5 -5 5 -5 6 -5 6 -5 6 -5 6 -5 6 -5 7 -5 7 -5 7 -4 8 -4 8 -4 8 -4 8 -4 8 -4 9 -4 8 -4 9 -4 9 -3 9 -4 9 -4 9 -4 9 -4 9 -3 9 -3 9 -3 0 0 8 -4 9 -4 8 -4 8 -5 8 -5 8 -5 8 -6 8 -6 8 -6 9 -7 9 -7 9 -7 9 -7 8 -7 9 -9 9 -9 10 -9 10 -9 9 -9 10 -9 10 -9 10 -9 10 -10 10 -10 10 -9 10 -9 0 0 0 0 0 0 0 0 0 0
1784740944.811643,57168,-46,11,1,7,1,-95,1,666320327,128,0 0 0 0 0 0 0 0 0 0 0 0 -3 -6 -3 -6 -3 -6 -3 -6 -3 -7 -2 -7 -3 -7 -2 -7 -2 -7 -2 -7 -2 -7 -2 -8 -2 -7 -2 -7 -2 -7 -2 -8 -2 -8 -2 -9 -2 -8 -2 -8 -2 -8 -2 -8 -2 -8 -2 -8 -2 -8 -2 -9 0 0 -3 -9 -4 -9 -3 -8 -4 -9 -4 -9 -5 -9 -5 -9 -5 -9 -5 -9 -6 -10 -6 -10 -6 -10 -6 -10 -6 -10 -7 -11 -7 -11 -7 -12 -7 -12 -8 -12 -8 -13 -8 -13 -8 -13 -8 -14 -7 -14 -7 -14 -7 -14 0 0 0 0 0 0 0 0 0 0
1784740944.827326,57169,-46,11,1,7,1,-95,1,666330327,128,0 0 0 0 0 0 0 0 0 0 0 0 -6 -6 -6 -6 -5 -7 -5 -7 -5 -7 -5 -8 -4 -8 -4 -8 -4 -9 -4 -8 -4 -8 -4 -9 -4 -9 -3 -9 -3 -9 -3 -9 -3 -9 -3 -9 -3 -9 -3 -9 -3 -9 -3 -9 -3 -8 -3 -8 -3 -8 -4 -9 0 0 -4 -8 -4 -8 -5 -8 -5 -8 -5 -8 -6 -8 -6 -8 -6 -8 -7 -8 -7 -8 -8 -9 -8 -9 -8 -9 -9 -9 -8 -9 -9 -10 -9 -9 -9 -10 -10 -10 -10 -10 -10 -10 -10 -11 -10 -10 -10 -11 -10 -11 -10 -11 0 0 0 0 0 0 0 0 0 0
1784740944.828635,57170,-44,11,1,7,1,-95,1,666340366,128,0 0 0 0 0 0 0 0 0 0 0 0 -6 6 -6 5 -7 5 -7 5 -8 5 -8 5 -8 5 -8 5 -9 5 -9 5 -10 4 -10 4 -10 4 -11 4 -11 4 -11 4 -11 3 -12 3 -11 3 -12 3 -11 3 -12 3 -12 3 -11 3 -11 2 -11 3 0 0 -11 3 -11 3 -11 3 -11 4 -10 4 -10 4 -10 5 -10 5 -10 5 -10 6 -10 6 -10 6 -10 6 -10 6 -10 7 -10 7 -11 7 -11 7 -10 8 -11 8 -11 8 -11 8 -11 8 -11 8 -11 8 -11 8 0 0 0 0 0 0 0 0 0 0
1784740944.843153,57171,-44,11,1,7,1,-95,1,666350327,128,0 0 0 0 0 0 0 0 0 0 0 0 -7 0 -7 0 -8 0 -8 -1 -8 -1 -8 -1 -9 -1 -9 -1 -9 -1 -9 -2 -10 -2 -10 -3 -10 -3 -10 -3 -10 -3 -11 -3 -10 -3 -11 -3 -11 -4 -11 -4 -11 -4 -11 -4 -11 -4 -11 -4 -11 -4 -10 -4 0 0 -11 -4 -11 -3 -11 -3 -12 -3 -11 -3 -12 -3 -11 -2 -12 -2 -12 -2 -13 -2 -12 -2 -12 -2 -12 -2 -12 -2 -13 -1 -13 -1 -14 -2 -14 -1 -14 -1 -14 0 -14 -1 -14 0 -15 -1 -15 -1 -15 -1 -14 -1 0 0 0 0 0 0 0 0 0 0
1784740944.843153,57172,-46,11,1,7,1,-95,1,666360634,128,0 0 0 0 0 0 0 0 0 0 0 0 -5 4 -6 3 -6 3 -6 3 -6 3 -6 3 -7 3 -7 3 -7 3 -7 3 -7 3 -8 3 -7 3 -8 3 -8 3 -8 3 -8 3 -9 3 -9 3 -9 3 -9 3 -9 3 -8 3 -9 3 -9 4 -9 4 0 0 -9 4 -9 4 -10 4 -9 4 -9 5 -10 5 -10 5 -10 5 -11 5 -10 6 -10 6 -11 6 -11 6 -11 7 -11 6 -12 6 -11 6 -12 7 -12 6 -12 7 -12 7 -12 7 -12 7 -12 7 -12 7 -13 7 0 0 0 0 0 0 0 0 0 0
1784740944.859296,57173,-44,11,1,7,1,-95,1,666370315,128,0 0 0 0 0 0 0 0 0 0 0 0 -1 7 -1 7 -2 7 -2 7 -2 7 -2 7 -2 8 -2 8 -3 8 -3 8 -3 8 -4 8 -4 8 -4 9 -4 9 -5 9 -5 9 -5 9 -5 9 -5 9 -5 9 -5 9 -5 9 -5 9 -5 9 -5 9 0 0 -5 9 -5 10 -5 9 -5 10 -5 10 -4 10 -4 10 -4 11 -4 11 -4 11 -4 11 -4 11 -5 11 -4 11 -4 12 -4 12 -4 12 -4 12 -4 12 -4 13 -4 13 -4 12 -4 13 -5 12 -4 12 -4 12 0 0 0 0 0 0 0 0 0 0
1784740944.875518,57174,-44,11,1,7,1,-95,1,666380310,128,0 0 0 0 0 0 0 0 0 0 0 0 -6 -8 -5 -8 -5 -9 -5 -9 -5 -9 -4 -9 -4 -9 -4 -10 -4 -10 -4 -10 -4 -11 -4 -11 -3 -11 -3 -11 -3 -11 -3 -11 -3 -12 -3 -11 -2 -12 -3 -12 -3 -12 -2 -12 -2 -12 -2 -12 -2 -12 -2 -12 0 0 -2 -12 -3 -12 -3 -12 -3 -12 -4 -11 -3 -12 -4 -11 -4 -12 -4 -12 -4 -12 -4 -12 -5 -11 -5 -12 -5 -12 -5 -12 -5 -12 -5 -12 -6 -12 -6 -12 -6 -12 -6 -12 -6 -12 -6 -12 -6 -12 -6 -12 -6 -11 0 0 0 0 0 0 0 0 0 0
1784740944.875518,57175,-45,11,1,7,1,-95,1,666390257,128,0 0 0 0 0 0 0 0 0 0 0 0 6 -5 7 -5 7 -5 7 -4 7 -4 8 -4 8 -4 8 -4 9 -4 8 -4 9 -3 9 -3 9 -3 10 -3 10 -3 10 -3 11 -3 10 -3 10 -3 10 -3 10 -3 11 -2 10 -2 10 -2 10 -2 11 -2 0 0 11 -3 10 -3 11 -3 10 -3 10 -3 10 -3 10 -4 10 -4 11 -4 10 -5 11 -4 11 -5 11 -5 11 -5 10 -5 11 -5 10 -5 11 -5 11 -6 11 -6 10 -6 11 -6 10 -6 10 -5 10 -6 10 -6 0 0 0 0 0 0 0 0 0 0
1784740944.893436,57176,-45,11,1,7,1,-95,1,666400246,128,0 0 0 0 0 0 0 0 0 0 0 0 -4 -6 -4 -6 -4 -7 -4 -7 -4 -7 -4 -7 -4 -7 -3 -8 -4 -8 -3 -8 -3 -8 -3 -9 -3 -9 -3 -9 -3 -9 -3 -9 -3 -9 -3 -10 -3 -9 -3 -10 -3 -10 -3 -10 -3 -10 -3 -10 -3 -10 -3 -10 0 0 -4 -10 -4 -11 -4 -10 -5 -11 -4 -10 -4 -11 -5 -11 -5 -11 -5 -11 -5 -12 -5 -11 -5 -12 -5 -11 -5 -11 -6 -12 -6 -11 -6 -12 -6 -12 -7 -12 -7 -12 -7 -13 -7 -12 -7 -13 -6 -13 -6 -13 -7 -13 0 0 0 0 0 0 0 0 0 0
1784740944.911482,57177,-45,11,1,7,1,-95,1,666410401,128,0 0 0 0 0 0 0 0 0 0 0 0 7 -1 7 0 7 0 7 0 8 1 8 1 7 1 8 1 8 1 8 2 8 2 8 2 8 2 8 2 9 2 9 2 9 2 9 3 9 3 9 3 9 3 9 2 9 3 9 3 9 3 9 3 0 0 9 2 10 2 10 2 10 2 10 2 10 1 10 1 11 1 11 1 11 1 11 1 11 1 11 1 11 1 12 0 12 0 12 0 12 0 12 0 13 0 13 0 13 0 13 0 13 0 13 0 13 0 0 0 0 0 0 0 0 0 0 0
1784740944.911482,57178,-44,11,1,7,1,-95,1,666420277,128,0 0 0 0 0 0 0 0 0 0 0 0 8 0 8 1 8 2 9 2 8 2 9 3 8 3 9 3 8 4 9 3 9 4 9 4 9 4 9 5 9 5 8 6 9 6 9 6 9 6 8 6 9 6 9 6 9 5 9 5 9 5 9 5 0 0 9 5 9 5 9 5 9 5 9 5 9 5 9 5 10 4 10 5 10 4 10 4 11 4 11 4 11 4 11 4 12 4 11 4 11 4 11 4 12 3 11 3 12 4 11 3 12 3 12 3 12 3 0 0 0 0 0 0 0 0 0 0
1784740944.923470,57179,-45,11,1,7,1,-95,1,666430249,128,0 0 0 0 0 0 0 0 0 0 0 0 4 7 4 7 3 8 3 8 3 8 2 8 2 9 2 9 2 9 1 10 1 10 1 10 1 10 0 10 0 10 0 11 0 10 0 11 0 11 0 11 0 11 -1 10 0 11 -1 10 -1 10 -1 11 0 0 0 10 0 11 0 10 0 11 0 10 1 10 1 10 1 11 1 10 2 11 2 11 2 11 2 10 2 10 3 11 3 11 3 11 3 11 3 11 3 11 3 11 4 11 3 11 3 11 4 11 4 11 0 0 0 0 0 0 0 0 0 0
1784740944.923470,57180,-46,11,1,7,1,-95,1,666440327,128,0 0 0 0 0 0 0 0 0 0 0 0 -1 -8 -1 -9 0 -9 0 -9 1 -9 1 -10 1 -10 1 -10 2 -10 2 -10 3 -10 3 -11 4 -10 4 -11 4 -11 4 -11 5 -11 4 -11 4 -11 4 -11 4 -11 4 -11 4 -11 5 -11 5 -11 5 -11 0 0 4 -12 4 -12 4 -12 4 -12 4 -12 3 -12 3 -12 3 -12 3 -13 3 -13 3 -13 3 -13 3 -13 3 -13 2 -13 3 -14 2 -13 2 -14 2 -13 2 -14 1 -14 1 -14 2 -13 2 -13 2 -13 1 -13 0 0 0 0 0 0 0 0 0 0
1784740944.939626,57181,-46,11,1,7,1,-95,1,666450297,128,0 0 0 0 0 0 0 0 0 0 0 0 1 6 0 7 0 7 -1 7 -1 7 -1 8 -1 8 -2 8 -2 9 -2 9 -2 9 -2 9 -3 9 -3 10 -3 10 -4 10 -4 10 -4 9 -4 10 -4 10 -4 10 -4 10 -3 10 -3 10 -3 10 -3 11 0 0 -3 11 -3 11 -4 11 -3 11 -3 11 -3 12 -3 12 -3 12 -3 13 -2 13 -2 13 -2 13 -2 13 -2 14 -3 13 -3 14 -3 13 -2 14 -2 14 -2 14 -2 14 -3 14 -2 13 -2 13 -2 13 -2 14 0 0 0 0 0 0 0 0 0 0
1784740944.955477,57182,-47,11,1,7,1,-95,1,666463046,128,0 0 0 0 0 0 0 0 0 0 0 0 -4 4 -3 4 -4 4 -4 4 -4 4 -4 4 -5 5 -5 5 -5 5 -6 5 -6 5 -6 6 -6 5 -7 6 -7 6 -7 6 -7 6 -8 7 -8 6 -8 7 -8 7 -8 7 -9 8 -9 7 -9 7 -9 8 0 0 -9 8 -9 9 -9 8 -10 9 -9 9 -10 9 -9 9 -10 10 -10 10 -11 11 -11 10 -11 10 -11 10 -11 9 -11 11 -11 11 -12 11 -11 11 -11 11 -11 11 -11 11 -11 11 -12 11 -12 10 -12 10 -12 10 0 0 0 0 0 0 0 0 0 0
1784740944.955477,57183,-48,11,1,7,1,-95,1,666470348,128,0 0 0 0 0 0 0 0 0 0 0 0 4 -2 4 -2 4 -1 4 -2 4 -2 4 -2 4 -2 5 -2 5 -2 5 -2 5 -2 6 -3 6 -3 6 -3 7 -3 7 -3 7 -3 7 -3 8 -3 8 -4 8 -4 8 -4 8 -4 9 -4 9 -4 10 -4 0 0 11 -5 11 -5 11 -5 11 -5 11 -5 11 -5 12 -5 12 -5 13 -5 12 -6 13 -6 13 -6 13 -5 14 -6 13 -6 14 -6 13 -5 14 -6 14 -6 14 -6 14 -6 14 -6 14 -6 14 -6 15 -6 15 -6 0 0 0 0 0 0 0 0 0 0
1784740944.971695,57184,-50,11,1,7,1,-95,1,666480370,128,0 0 0 0 0 0 0 0 0 0 0 0 2 4 2 4 2 4 2 5 2 5 2 5 2 4 2 4 3 4 2 4 3 4 3 4 3 5 4 5 4 5 4 5 4 5 4 5 5 5 5 5 6 5 6 5 6 5 6 6 7 6 8 6 0 0 8 7 9 7 9 8 9 7 9 7 9 8 9 8 10 8 10 9 10 8 10 9 10 9 10 9 11 10 10 10 10 10 10 10 11 10 11 10 11 10 11 10 11 10 10 10 10 10 10 10 11 10 0 0 0 0 0 0 0 0 0 0
1784740944.987687,57185,-52,11,1,6,1,-95,1,666492871,128,0 0 0 0 0 0 0 0 0 0 0 0 -7 1 -7 0 -8 0 -8 -1 -8 -1 -8 0 -8 -1 -8 -1 -8 -1 -8 -1 -9 -1 -9 -1 -9 -1 -9 -2 -9 -1 -9 -1 -9 -1 -9 -1 -9 -1 -9 -1 -9 -1 -9 -1 -9 -1 -9 0 -9 0 -9 0 0 0 -10 1 -10 1 -10 1 -11 1 -10 2 -11 2 -11 2 -11 2 -11 2 -12 2 -12 3 -12 3 -12 3 -12 2 -13 3 -13 3 -13 2 -13 3 -13 2 -13 3 -13 2 -12 3 -13 2 -12 2 -12 2 -12 2 0 0 0 0 0 0 0 0 0 0
1784740944.987687,57186,-52,11,1,7,1,-95,1,666500401,128,0 0 0 0 0 0 0 0 0 0 0 0 -6 0 -6 0 -6 -1 -6 -1 -6 -1 -6 -1 -6 -1 -7 -1 -7 -1 -7 -1 -7 -1 -7 -1 -7 -1 -7 -1 -8 -1 -7 -1 -8 -1 -8 -1 -8 -1 -8 -1 -8 -1 -8 -1 -9 0 -8 0 -9 0 -9 0 0 0 -9 1 -10 1 -10 0 -10 1 -10 1 -11 1 -11 1 -11 1 -12 2 -12 2 -12 1 -12 1 -12 1 -13 1 -13 1 -13 1 -12 1 -13 1 -13 1 -13 1 -13 1 -13 1 -13 1 -13 0 -13 0 -13 0 0 0 0 0 0 0 0 0 0 0
1784740945.004339,57187,-53,11,1,7,1,-95,1,666510266,128,0 0 0 0 0 0 0 0 0 0 0 0 -5 -1 -5 -1 -5 -1 -5 -1 -5 -1 -5 -1 -5 -1 -5 -1 -5 -1 -5 -1 -6 0 -6 0 -6 0 -6 0 -7 0 -7 0 -7 0 -7 0 -8 0 -8 1 -8 1 -9 1 -9 1 -9 1 -10 1 -10 1 0 0 -11 1 -11 1 -11 0 -11 1 -11 1 -12 1 -12 1 -12 1 -12 1 -13 1 -13 0 -13 0 -13 0 -13 0 -13 0 -13 0 -13 0 -13 0 -13 0 -13 0 -13 0 -13 0 -13 0 -13 -1 -13 -1 -13 -1 0 0 0 0 0 0 0 0 0 0
1784740945.004339,57188,-55,11,1,7,1,-95,1,666520414,128,0 0 0 0 0 0 0 0 0 0 0 0 -3 7 -3 6 -4 6 -4 6 -4 6 -4 6 -4 6 -4 6 -4 6 -4 6 -4 6 -4 6 -4 6 -5 6 -4 6 -4 6 -4 6 -5 7 -4 7 -4 7 -4 7 -4 7 -4 8 -4 8 -5 8 -5 8 0 0 -5 8 -5 9 -5 9 -5 9 -5 9 -5 9 -5 9 -5 9 -5 9 -5 10 -5 9 -5 10 -5 9 -5 9 -5 10 -5 10 -5 10 -5 10 -5 10 -5 10 -5 10 -5 10 -5 10 -6 10 -6 10 -6 10 0 0 0 0 0 0 0 0 0 0
1784740945.019570,57189,-55,11,1,7,1,-95,1,666530311,128,0 0 0 0 0 0 0 0 0 0 0 0 -4 -6 -5 -6 -4 -6 -4 -6 -4 -6 -4 -7 -4 -7 -4 -7 -4 -7 -4 -7 -4 -7 -4 -8 -4 -8 -4 -8 -5 -9 -4 -9 -4 -9 -4 -9 -4 -9 -4 -9 -5 -9 -4 -10 -5 -9 -4 -10 -4 -10 -4 -10 0 0 -5 -10 -4 -10 -4 -11 -4 -10 -4 -10 -5 -10 -5 -10 -5 -10 -5 -10 -5 -10 -5 -10 -5 -10 -5 -10 -6 -10 -5 -9 -6 -10 -5 -9 -6 -10 -6 -10 -6 -9 -6 -10 -6 -10 -6 -10 -6 -10 -6 -10 -6 -10 0 0 0 0 0 0 0 0 0 0
1784740945.035580,57190,-53,11,1,7,1,-95,1,666542099,128,0 0 0 0 0 0 0 0 0 0 0 0 6 5 6 5 6 6 6 6 6 7 6 7 6 7 6 8 6 8 6 8 6 8 6 9 6 9 6 9 6 10 6 10 6 10 6 10 6 10 5 11 6 11 5 11 6 11 6 10 6 10 6 11 0 0 5 10 5 10 5 10 5 9 5 9 5 9 5 9 5 8 5 8 5 8 5 7 5 7 5 7 5 6 5 6 5 6 5 5 6 5 6 5 6 4 6 4 5 4 5 3 5 3 6 3 5 3 0 0 0 0 0 0 0 0 0 0
1784740945.035580,57191,-53,11,1,7,1,-95,1,666550306,128,0 0 0 0 0 0 0 0 0 0 0 0 9 -2 10 -1 9 -1 10 -1 10 -1 10 0 11 0 11 0 11 0 11 0 12 1 12 1 12 1 12 2 13 1 13 1 13 2 12 2 12 2 12 2 13 1 13 2 12 1 12 2 12 2 12 2 0 0 12 1 11 1 10 2 11 1 10 1 10 1 9 1 9 0 9 0 8 0 8 0 8 -1 7 -1 7 -1 6 -2 6 -2 6 -2 5 -2 5 -2 5 -3 4 -3 4 -3 3 -3 4 -3 3 -4 3 -3 0 0 0 0 0 0 0 0 0 0
1784740945.051453,57192,-52,11,1,7,1,-95,1,666561799,128,0 0 0 0 0 0 0 0 0 0 0 0 -4 7 -5 7 -5 7 -6 7 -6 8 -6 8 -6 8 -6 8 -7 8 -7 8 -8 9 -8 9 -8 9 -8 9 -9 9 -9 9 -9 9 -9 9 -10 9 -10 9 -10 9 -10 9 -10 9 -10 8 -10 8 -10 8 0 0 -10 8 -10 8 -10 8 -9 7 -9 7 -8 7 -8 7 -8 7 -8 7 -7 7 -7 6 -6 6 -6 6 -6 6 -5 6 -5 6 -4 6 -4 6 -4 5 -3 6 -3 5 -3 5 -2 5 -2 5 -2 5 -2 5 0 0 0 0 0 0 0 0 0 0
1784740945.069272,57193,-52,11,1,7,1,-95,1,666571579,128,0 0 0 0 0 0 0 0 0 0 0 0 -2 8 -2 8 -2 8 -2 8 -2 9 -2 8 -2 9 -3 9 -3 10 -3 10 -3 10 -3 11 -4 11 -4 11 -4 11 -4 11 -4 11 -4 12 -4 12 -4 12 -4 12 -4 12 -5 13 -5 12 -5 11 -5 12 0 0 -4 11 -4 12 -5 10 -4 11 -4 10 -3 10 -4 9 -4 9 -4 9 -3 9 -3 8 -3 8 -3 7 -2 7 -2 7 -2 7 -2 6 -2 6 -1 5 -1 5 -1 5 -1 4 -1 4 -1 4 -1 4 -1 3 0 0 0 0 0 0 0 0 0 0
1784740945.069272,57194,-50,11,1,7,1,-95,1,666580389,128,0 0 0 0 0 0 0 0 0 0 0 0 4 9 4 10 3 10 3 11 3 10 3 11 3 11 3 11 3 12 3 11 3 12 3 12 3 12 3 13 3 13 3 12 3 13 3 12 3 13 3 13 3 13 3 13 3 12 3 12 3 12 3 13 0 0 3 12 3 11 3 12 3 11 3 11 3 10 3 10 3 10 3 10 3 9 3 9 3 8 3 8 3 8 3 7 3 7 2 7 3 7 2 6 2 6 2 6 2 5 2 5 2 5 2 5 1 5 0 0 0 0 0 0 0 0 0 0
1784740945.083510,57195,-48,11,1,7,1,-95,1,666590264,128,0 0 0 0 0 0 0 0 0 0 0 0 -1 11 -2 11 -3 11 -3 12 -3 12 -3 12 -4 12 -4 12 -4 12 -4 12 -5 13 -5 13 -5 13 -5 13 -5 13 -6 13 -6 13 -6 13 -6 13 -6 13 -6 13 -6 13 -6 13 -6 13 -6 12 -6 13 0 0 -6 12 -6 12 -6 12 -5 12 -5 11 -5 11 -5 11 -4 11 -5 11 -4 11 -4 11 -4 10 -3 10 -3 10 -3 10 -3 10 -2 9 -2 9 -2 9 -2 9 -2 9 -2 9 -2 8 -1 8 -1 8 -1 8 0 0 0 0 0 0 0 0 0 0
1784740945.083510,57196,-48,11,1,7,1,-95,1,666600266,128,0 0 0 0 0 0 0 0 0 0 0 0 8 2 8 3 8 3 8 3 9 3 8 4 9 4 9 4 9 4 9 5 10 5 10 6 9 6 9 6 10 6 11 6 10 6 11 7 10 7 11 7 11 7 10 7 11 8 10 8 10 8 10 8 0 0 10 8 10 7 9 7 10 8 9 7 9 7 9 6 9 6 9 6 10 6 9 6 9 6 8 6 8 5 10 5 9 4 9 5 9 4 9 4 9 4 9 4 9 3 9 4 9 4 9 4 9 4 0 0 0 0 0 0 0 0 0 0
1784740945.104664,57197,-50,11,1,7,1,-95,1,666610286,128,0 0 0 0 0 0 0 0 0 0 0 0 -6 4 -6 4 -6 4 -7 4 -7 4 -7 5 -7 5 -8 5 -8 5 -8 5 -9 5 -9 5 -9 5 -10 5 -10 6 -10 5 -11 6 -10 5 -11 6 -11 6 -11 6 -11 6 -11 5 -11 5 -12 5 -12 5 0 0 -12 5 -11 5 -12 5 -11 5 -11 5 -11 5 -11 5 -11 5 -11 5 -10 5 -10 5 -10 5 -10 5 -10 6 -9 5 -9 5 -9 5 -9 6 -8 6 -8 6 -8 6 -8 6 -8 6 -8 6 -8 6 -8 6 0 0 0 0 0 0 0 0 0 0
1784740945.115777,57198,-54,11,1,7,1,-95,1,666620534,128,0 0 0 0 0 0 0 0 0 0 0 0 -1 5 -1 5 -2 6 -2 6 -2 6 -2 6 -2 7 -2 7 -3 7 -3 7 -3 7 -3 8 -4 8 -4 8 -4 8 -4 8 -4 8 -4 8 -4 8 -4 8 -4 8 -4 8 -4 9 -4 9 -4 8 -4 9 0 0 -4 9 -4 9 -4 8 -4 9 -4 9 -4 9 -4 8 -4 9 -4 8 -4 9 -4 8 -4 8 -4 8 -4 8 -4 8 -4 8 -3 8 -3 8 -3 8 -3 8 -3 8 -3 8 -3 8 -3 8 -3 8 -3 8 0 0 0 0 0 0 0 0 0 0
1784740945.115777,57199,-54,11,1,7,1,-95,1,666630397,128,0 0 0 0 0 0 0 0 0 0 0 0 -6 4 -6 3 -7 3 -7 3 -7 3 -8 3 -8 3 -8 3 -8 3 -9 3 -9 3 -9 3 -9 3 -10 3 -10 3 -10 3 -10 3 -10 3 -10 3 -10 3 -11 3 -10 3 -11 3 -11 2 -11 2 -11 3 0 0 -11 3 -11 3 -11 3 -11 3 -10 3 -11 3 -10 3 -11 3 -10 3 -11 3 -11 3 -10 3 -10 3 -10 3 -10 3 -10 3 -10 3 -10 3 -10 3 -10 3 -9 3 -9 3 -9 3 -9 3 -9 3 -9 4 0 0 0 0 0 0 0 0 0 0
1784740945.132062,57200,-49,11,1,7,1,-95,1,666640771,128,0 0 0 0 0 0 0 0 0 0 0 0 0 -7 0 -7 1 -8 1 -8 1 -8 1 -9 2 -9 2 -9 3 -9 2 -9 2 -10 2 -10 3 -10 3 -11 3 -11 4 -11 5 -11 4 -11 5 -12 5 -11 5 -12 6 -11 6 -12 6 -12 6 -12 6 -12 0 0 6 -12 6 -11 7 -11 6 -11 6 -11 6 -11 6 -11 6 -11 6 -11 5 -12 5 -11 5 -11 5 -11 5 -12 5 -11 5 -11 5 -11 5 -11 5 -11 4 -11 4 -11 4 -11 3 -11 3 -11 3 -11 3 -11 0 0 0 0 0 0 0 0 0 0
1784740945.132062,57201,-47,11,1,7,1,-95,1,666650308,128,0 0 0 0 0 0 0 0 0 0 0 0 -6 -2 -7 -2 -7 -2 -7 -2 -8 -3 -8 -3 -8 -3 -8 -3 -9 -3 -9 -4 -9 -4 -10 -5 -10 -5 -10 -6 -10 -6 -10 -6 -10 -7 -11 -7 -11 -7 -11 -7 -11 -7 -11 -8 -11 -8 -11 -9 -11 -9 -11 -9 0 0 -11 -9 -11 -9 -10 -9 -11 -9 -10 -9 -11 -9 -11 -8 -11 -8 -11 -8 -11 -9 -11 -8 -11 -8 -11 -8 -11 -8 -11 -8 -11 -8 -11 -8 -11 -7 -11 -7 -11 -6 -11 -6 -11 -6 -11 -6 -11 -6 -11 -6 -11 -5 0 0 0 0 0 0 0 0 0 0
1784740945.149917,57202,-49,11,1,7,1,-95,1,666660307,128,0 0 0 0 0 0 0 0 0 0 0 0 -5 0 -5 0 -6 0 -6 0 -6 0 -7 -1 -7 -1 -8 -1 -8 -1 -9 -2 -9 -2 -9 -3 -10 -3 -10 -3 -11 -3 -11 -4 -11 -4 -12 -5 -12 -5 -12 -5 -12 -6 -12 -6 -13 -7 -12 -7 -12 -7 -12 -7 0 0 -12 -8 -13 -8 -12 -8 -13 -8 -12 -7 -12 -8 -12 -7 -13 -8 -12 -7 -13 -7 -12 -7 -12 -7 -12 -7 -12 -7 -13 -6 -12 -6 -12 -6 -12 -6 -12 -5 -12 -5 -13 -5 -12 -4 -13 -5 -13 -4 -13 -4 -12 -4 0 0 0 0 0 0 0 0 0 0
1784740945.163924,57203,-50,11,1,7,1,-95,1,666670367,128,0 0 0 0 0 0 0 0 0 0 0 0 -3 0 -3 0 -3 0 -4 0 -4 0 -5 0 -5 0 -6 0 -7 -1 -7 -1 -8 -1 -8 -2 -9 -2 -9 -3 -10 -3 -10 -4 -10 -4 -10 -4 -11 -5 -11 -6 -11 -6 -11 -7 -11 -6 -11 -7 -11 -7 -12 -8 0 0 -12 -8 -11 -8 -12 -9 -11 -8 -11 -8 -11 -8 -11 -8 -12 -8 -12 -8 -12 -8 -12 -8 -12 -7 -12 -7 -12 -8 -12 -7 -12 -8 -12 -6 -12 -6 -12 -6 -13 -6 -13 -6 -13 -6 -13 -5 -13 -5 -13 -4 -14 -4 0 0 0 0 0 0 0 0 0 0
1784740945.163924,57204,-48,11,1,7,1,-95,1,666680257,128,0 0 0 0 0 0 0 0 0 0 0 0 -4 -1 -4 0 -4 0 -5 0 -5 0 -5 0 -6 0 -6 0 -7 0 -7 0 -8 0 -8 0 -9 -1 -9 -1 -10 -1 -10 -1 -11 -2 -11 -2 -12 -2 -12 -2 -12 -2 -12 -2 -12 -3 -12 -4 -12 -4 -13 -4 0 0 -13 -4 -13 -4 -13 -5 -14 -5 -14 -4 -14 -4 -14 -4 -14 -4 -14 -4 -14 -4 -14 -5 -14 -4 -13 -5 -13 -5 -14 -4 -14 -4 -14 -4 -15 -4 -14 -3 -14 -3 -14 -3 -14 -2 -14 -3 -14 -3 -14 -3 -15 -3 0 0 0 0 0 0 0 0 0 0
1784740945.179761,57205,-46,11,1,7,1,-95,1,666690249,128,0 0 0 0 0 0 0 0 0 0 0 0 3 3 3 3 3 4 3 4 3 4 3 4 3 4 4 5 4 5 4 5 4 6 4 6 4 7 4 7 5 7 5 8 5 8 5 9 5 9 5 10 5 10 5 10 5 11 4 11 4 11 4 11 0 0 4 11 4 12 4 12 4 12 4 11 4 12 4 12 4 12 4 12 4 12 4 12 4 12 4 12 4 12 5 12 5 12 5 12 5 12 5 12 6 12 5 12 6 11 6 12 5 12 6 11 6 11 0 0 0 0 0 0 0 0 0 0
1784740945.195742,57206,-41,11,1,7,0,-95,1,666701140,128,0 0 0 0 0 0 0 0 0 0 0 0 -7 -3 -7 -3 -7 -4 -7 -4 -7 -4 -7 -4 -8 -5 -8 -5 -8 -5 -8 -6 -8 -6 -9 -6 -9 -6 -9 -7 -9 -7 -9 -7 -10 -8 -10 -8 -10 -8 -10 -9 -10 -9 -10 -9 -10 -9 -10 -10 -10 -10 -10 -10 0 0 -10 -10 -10 -10 -10 -10 -11 -10 -11 -10 -11 -11 -11 -10 -11 -10 -11 -10 -12 -10 -12 -10 -12 -10 -12 -10 -12 -10 -12 -10 -12 -10 -12 -10 -12 -10 -13 -10 -13 -10 -13 -10 -14 -9 -13 -10 -14 -10 -14 -10 -14 -10 0 0 0 0 0 0 0 0 0 0
1784740945.205091,57207,-44,11,1,7,1,-95,1,666710252,128,0 0 0 0 0 0 0 0 0 0 0 0 4 -5 4 -5 5 -5 5 -4 5 -5 5 -5 6 -5 5 -5 6 -5 7 -5 7 -5 7 -5 7 -5 7 -5 7 -5 8 -5 8 -5 8 -5 8 -5 9 -5 9 -5 9 -5 9 -5 9 -5 9 -4 9 -4 0 0 9 -5 10 -5 9 -5 10 -5 9 -5 9 -5 9 -6 10 -6 10 -6 10 -6 10 -6 10 -6 10 -6 10 -6 11 -8 10 -7 11 -8 11 -8 11 -8 11 -8 11 -8 11 -8 12 -8 12 -8 12 -8 12 -8 0 0 0 0 0 0 0 0 0 0
1784740945.211543,57208,-44,11,1,7,1,-95,1,666720992,128,0 0 0 0 0 0 0 0 0 0 0 0 -5 -5 -4 -6 -4 -6 -4 -6 -4 -6 -4 -7 -4 -6 -4 -7 -4 -7 -4 -7 -4 -7 -4 -7 -4 -8 -4 -8 -4 -8 -4 -8 -4 -9 -4 -9 -4 -9 -4 -9 -4 -9 -4 -9 -4 -9 -4 -9 -4 -9 -4 -10 0 0 -4 -10 -4 -10 -5 -10 -5 -10 -5 -10 -5 -10 -5 -10 -5 -10 -5 -10 -6 -10 -7 -10 -7 -10 -7 -11 -7 -11 -7 -11 -7 -12 -7 -11 -7 -12 -8 -12 -8 -12 -8 -12 -8 -13 -8 -12 -8 -12 -8 -12 -8 -13 0 0 0 0 0 0 0 0 0 0
1784740945.227339,57209,-44,11,1,7,1,-95,1,666730272,128,0 0 0 0 0 0 0 0 0 0 0 0 4 5 3 5 3 6 3 6 3 6 3 6 3 6 3 7 2 7 2 7 2 7 2 7 2 8 2 8 2 8 2 9 2 9 2 9 1 9 1 9 2 9 1 9 2 9 1 9 1 9 1 9 0 0 2 9 2 9 2 9 2 10 2 9 2 9 3 9 3 9 3 9 3 10 3 10 4 10 3 10 4 10 4 10 4 10 4 11 5 10 5 11 5 11 5 11 5 11 5 11 5 12 5 11 5 11 0 0 0 0 0 0 0 0 0 0
1784740945.227339,57210,-43,11,1,7,1,-95,1,666740314,128,0 0 0 0 0 0 0 0 0 0 0 0 0 -8 0 -8 1 -8 1 -8 1 -8 2 -8 2 -8 2 -8 2 -9 3 -8 3 -9 3 -9 3 -9 3 -9 4 -9 4 -9 4 -9 4 -10 4 -9 5 -9 5 -10 5 -9 5 -10 5 -9 5 -9 5 -9 0 0 5 -9 5 -10 5 -9 5 -10 5 -9 5 -10 4 -10 4 -10 4 -10 4 -11 4 -10 4 -10 4 -10 4 -10 3 -11 3 -11 4 -11 4 -11 3 -12 3 -12 3 -12 2 -12 3 -12 3 -12 3 -12 3 -12 0 0 0 0 0 0 0 0 0 0
1784740945.243106,57211,-42,11,1,7,1,-95,1,666750276,128,0 0 0 0 0 0 0 0 0 0 0 0 2 -7 3 -7 3 -7 4 -7 4 -7 4 -7 4 -7 5 -7 5 -7 5 -7 5 -7 6 -8 6 -7 6 -7 7 -8 7 -7 7 -7 7 -7 8 -7 8 -7 8 -7 8 -7 8 -7 8 -7 8 -7 8 -7 0 0 9 -7 8 -7 9 -7 8 -7 8 -7 8 -7 8 -7 8 -8 9 -8 8 -8 8 -8 8 -8 8 -8 8 -9 8 -8 9 -9 8 -8 8 -9 8 -9 8 -10 8 -10 9 -10 8 -10 8 -10 8 -10 9 -11 0 0 0 0 0 0 0 0 0 0
1784740945.258962,57212,-41,11,1,7,1,-95,1,666760289,128,0 0 0 0 0 0 0 0 0 0 0 0 -1 -8 0 -8 0 -8 1 -8 1 -8 1 -9 1 -9 1 -9 2 -9 2 -9 2 -9 2 -10 3 -10 3 -10 3 -10 4 -10 4 -10 4 -10 4 -10 4 -10 4 -10 4 -10 4 -10 5 -10 5 -10 5 -10 0 0 4 -10 5 -10 5 -10 5 -10 4 -10 4 -11 4 -11 4 -11 4 -11 4 -11 4 -11 3 -12 4 -11 4 -12 4 -12 4 -12 4 -12 4 -12 3 -12 3 -13 3 -13 3 -13 3 -13 4 -13 3 -13 3 -13 0 0 0 0 0 0 0 0 0 0
1784740945.258962,57213,-42,11,1,7,1,-95,1,666770236,128,0 0 0 0 0 0 0 0 0 0 0 0 5 4 5 4 4 5 5 5 4 5 5 6 4 6 5 6 4 6 4 6 4 7 4 7 4 8 4 8 4 8 4 8 4 9 4 8 4 9 4 9 4 9 4 9 4 9 3 9 4 9 4 10 0 0 4 9 4 9 4 10 4 9 4 9 5 9 5 9 5 9 5 9 6 9 6 10 6 10 6 9 6 10 6 9 7 10 6 9 7 10 7 10 7 10 7 10 8 10 7 9 8 10 8 10 8 10 0 0 0 0 0 0 0 0 0 0
1784740945.278306,57214,-42,11,1,7,1,-95,1,666780331,128,0 0 0 0 0 0 0 0 0 0 0 0 -5 3 -6 4 -6 3 -7 3 -6 3 -7 3 -7 3 -7 3 -7 3 -7 3 -8 3 -8 3 -9 3 -9 3 -10 3 -9 2 -10 3 -10 2 -10 2 -10 2 -10 3 -11 2 -10 2 -10 2 -11 2 -11 2 0 0 -11 2 -11 2 -11 2 -11 2 -11 2 -11 3 -11 3 -11 3 -11 3 -11 3 -11 3 -11 4 -12 3 -12 4 -11 4 -12 4 -11 4 -12 5 -12 5 -12 5 -12 5 -12 5 -12 5 -12 5 -12 5 -13 6 0 0 0 0 0 0 0 0 0 0
1784740945.279913,57215,-43,11,1,7,1,-95,1,666790271,128,0 0 0 0 0 0 0 0 0 0 0 0 -1 6 -1 6 -1 6 -2 6 -2 6 -2 7 -2 7 -2 8 -3 7 -3 8 -3 8 -3 8 -4 8 -4 8 -4 9 -5 8 -5 9 -5 9 -6 9 -6 9 -5 9 -6 9 -6 9 -6 9 -6 8 -7 9 0 0 -6 9 -6 9 -7 9 -6 9 -6 9 -6 9 -6 9 -6 9 -6 9 -6 10 -6 10 -5 10 -5 10 -5 10 -5 11 -6 11 -5 11 -5 11 -5 11 -5 11 -5 12 -5 12 -5 12 -5 12 -5 12 -5 12 0 0 0 0 0 0 0 0 0 0
1784740945.291110,57216,-44,11,1,7,1,-95,1,666800277,128,0 0 0 0 0 0 0 0 0 0 0 0 3 -7 3 -7 4 -7 4 -7 4 -7 4 -7 5 -7 5 -7 5 -7 5 -7 6 -7 6 -7 6 -7 6 -7 7 -7 7 -7 7 -7 8 -7 8 -7 8 -7 8 -7 8 -7 8 -7 8 -6 8 -6 8 -6 0 0 8 -6 8 -7 8 -6 8 -7 8 -7 8 -7 7 -7 8 -8 7 -7 8 -8 8 -8 7 -8 7 -8 7 -8 7 -9 7 -9 7 -9 7 -10 7 -10 7 -10 7 -10 7 -11 7 -11 7 -11 7 -11 7 -11 0 0 0 0 0 0 0 0 0 0
1784740945.307323,57217,-45,11,1,7,1,-95,1,666810307,128,0 0 0 0 0 0 0 0 0 0 0 0 -5 3 -6 3 -6 3 -7 3 -7 3 -7 3 -7 3 -7 3 -8 3 -7 3 -8 3 -8 3 -8 2 -9 2 -9 2 -9 2 -10 2 -9 2 -10 2 -10 2 -10 2 -10 1 -10 2 -10 1 -10 1 -10 2 0 0 -10 2 -10 2 -10 2 -10 2 -10 2 -10 2 -10 2 -10 3 -11 3 -11 3 -11 3 -11 4 -11 4 -11 4 -11 4 -12 4 -11 4 -12 4 -12 5 -12 5 -12 5 -12 5 -12 5 -13 5 -13 5 -13 5 0 0 0 0 0 0 0 0 0 0
1784740945.307323,57218,-46,11,1,7,1,-95,1,666820414,128,0 0 0 0 0 0 0 0 0 0 0 0 -4 -4 -4 -4 -4 -4 -4 -5 -5 -5 -4 -5 -5 -5 -5 -5 -5 -6 -5 -6 -4 -7 -4 -7 -4 -8 -4 -8 -4 -8 -5 -8 -4 -8 -4 -8 -4 -8 -5 -9 -4 -9 -5 -9 -4 -9 -4 -9 -4 -9 -4 -9 0 0 -4 -10 -5 -10 -4 -10 -5 -10 -5 -10 -5 -10 -6 -10 -6 -11 -5 -10 -6 -11 -5 -11 -6 -10 -6 -11 -6 -11 -7 -11 -7 -11 -7 -12 -7 -12 -7 -12 -8 -12 -7 -12 -8 -12 -7 -13 -7 -13 -7 -13 -8 -13 0 0 0 0 0 0 0 0 0 0
1784740945.323572,57219,-46,11,1,7,1,-95,1,666830377,128,0 0 0 0 0 0 0 0 0 0 0 0 -5 -4 -5 -4 -5 -5 -5 -5 -4 -5 -5 -6 -5 -6 -5 -6 -5 -7 -5 -7 -5 -7 -5 -8 -4 -8 -4 -8 -4 -8 -4 -9 -4 -9 -4 -9 -4 -9 -4 -9 -4 -9 -4 -9 -4 -9 -4 -9 -4 -10 -4 -10 0 0 -4 -10 -4 -10 -4 -10 -4 -10 -5 -10 -5 -10 -5 -10 -5 -10 -5 -10 -6 -10 -6 -11 -6 -11 -6 -10 -6 -11 -6 -11 -7 -11 -6 -11 -7 -12 -7 -11 -7 -11 -8 -11 -8 -12 -8 -11 -8 -12 -8 -12 -8 -12 0 0 0 0 0 0 0 0 0 0
1784740945.323572,57220,-46,11,1,7,1,-95,1,666840319,128,0 0 0 0 0 0 0 0 0 0 0 0 -2 5 -3 5 -3 5 -4 5 -4 5 -5 6 -5 5 -5 6 -5 5 -5 6 -5 6 -6 6 -6 6 -7 6 -7 6 -7 5 -7 5 -7 5 -8 5 -7 5 -8 5 -8 5 -7 5 -8 5 -8 6 -8 6 0 0 -8 6 -8 6 -9 6 -8 6 -8 6 -8 7 -8 7 -8 7 -9 7 -8 8 -8 7 -8 8 -8 8 -8 8 -8 8 -9 8 -8 8 -9 9 -9 9 -9 9 -9 9 -9 9 -8 9 -9 10 -9 10 -9 10 0 0 0 0 0 0 0 0 0 0
1784740945.347253,57221,-46,11,1,7,1,-95,1,666850320,128,0 0 0 0 0 0 0 0 0 0 0 0 2 5 2 5 2 6 1 6 1 7 1 7 1 7 1 7 1 7 1 8 0 8 0 8 0 9 0 9 0 8 -1 9 0 9 -1 9 -1 9 -1 9 -1 9 -1 9 -1 10 -1 9 -1 9 -1 10 0 0 -1 10 -1 10 -1 10 -1 11 -1 10 -1 10 0 11 0 11 0 11 0 12 0 11 0 11 1 11 1 11 1 12 1 11 1 12 2 12 2 12 2 12 2 12 3 12 2 13 2 13 2 13 2 13 0 0 0 0 0 0 0 0 0 0
1784740945.355312,57222,-44,11,1,7,1,-95,1,666860314,128,0 0 0 0 0 0 0 0 0 0 0 0 -4 -6 -4 -7 -3 -7 -3 -8 -3 -8 -3 -9 -2 -8 -2 -9 -2 -9 -2 -9 -1 -10 -1 -10 -1 -10 -1 -10 -1 -11 0 -10 0 -11 0 -10 0 -11 0 -11 0 -11 0 -11 0 -11 0 -11 0 -11 0 -11 0 0 0 -11 0 -11 0 -12 0 -11 0 -11 0 -11 0 -11 -1 -12 -1 -12 -1 -12 -1 -12 -2 -12 -1 -12 -2 -12 -2 -12 -2 -13 -2 -12 -2 -13 -3 -13 -3 -13 -3 -13 -3 -13 -3 -13 -3 -13 -3 -13 -3 -14 0 0 0 0 0 0 0 0 0 0
1784740945.355312,57223,-42,11,1,7,1,-95,1,666872691,128,0 0 0 0 0 0 0 0 0 0 0 0 0 6 0 6 -1 7 -1 7 -2 7 -2 7 -2 7 -2 8 -3 8 -3 8 -3 8 -3 8 -4 8 -4 8 -4 9 -5 8 -5 9 -5 8 -5 9 -5 8 -6 9 -6 8 -5 9 -5 9 -6 9 -6 9 0 0 -6 9 -6 9 -6 9 -6 9 -6 9 -6 9 -6 9 -6 9 -6 9 -5 10 -5 10 -5 10 -5 10 -5 11 -6 10 -5 11 -5 10 -5 11 -5 11 -5 11 -4 11 -5 12 -4 11 -5 11 -5 12 -4 12 0 0 0 0 0 0 0 0 0 0
1784740945.371339,57224,-42,11,1,7,1,-95,1,666880355,128,0 0 0 0 0 0 0 0 0 0 0 0 -7 2 -7 2 -7 2 -7 1 -8 2 -8 1 -8 1 -9 1 -9 1 -10 0 -9 0 -10 0 -10 0 -10 -1 -10 -1 -11 -1 -11 -1 -11 -1 -11 -1 -11 -1 -11 -1 -11 -1 -12 -2 -11 -2 -11 -2 -11 -2 0 0 -11 -2 -12 -1 -11 -1 -12 -1 -11 -1 -12 -1 -11 -1 -12 -1 -11 0 -13 0 -12 -1 -12 0 -12 0 -11 0 -13 1 -12 1 -13 1 -13 1 -13 1 -13 2 -13 2 -13 2 -13 2 -13 1 -13 2 -13 2 0 0 0 0 0 0 0 0 0 0
1784740945.388066,57225,-42,11,1,7,1,-95,1,666890245,128,0 0 0 0 0 0 0 0 0 0 0 0 -6 3 -6 3 -6 3 -7 3 -7 2 -7 3 -8 2 -8 2 -8 2 -8 2 -9 2 -9 1 -9 1 -10 1 -10 1 -10 0 -10 0 -10 0 -10 0 -10 0 -10 0 -11 -1 -11 0 -10 -1 -11 -1 -11 -1 0 0 -11 0 -11 -1 -11 -1 -11 0 -11 0 -11 0 -11 0 -11 0 -11 0 -11 1 -11 1 -11 1 -11 1 -12 1 -11 1 -12 1 -11 1 -12 2 -12 2 -12 2 -12 2 -12 2 -12 2 -12 2 -13 3 -13 3 0 0 0 0 0 0 0 0 0 0
1784740945.403187,57226,-43,11,1,7,1,-95,1,666900277,128,0 0 0 0 0 0 0 0 0 0 0 0 5 -4 5 -4 6 -4 6 -3 6 -3 6 -3 7 -3 7 -3 7 -3 7 -3 8 -3 8 -2 8 -2 8 -2 9 -2 9 -1 9 -2 9 -1 9 -1 9 -1 9 -1 9 -1 9 -1 9 -1 9 -1 10 -1 0 0 10 -1 10 -1 10 -1 10 -1 10 -2 10 -2 10 -2 10 -2 10 -2 11 -3 11 -3 11 -3 11 -3 11 -3 11 -3 12 -4 11 -3 12 -3 12 -4 12 -4 12 -4 12 -4 12 -4 13 -4 13 -4 13 -4 0 0 0 0 0 0 0 0 0 0
1784740945.406003,57227,-46,11,1,7,1,-95,1,666910267,128,0 0 0 0 0 0 0 0 0 0 0 0 -1 -6 0 -6 0 -6 0 -6 0 -7 0 -7 0 -7 0 -7 0 -7 1 -7 1 -8 1 -8 1 -8 1 -8 1 -8 1 -8 1 -8 2 -9 1 -9 2 -9 2 -9 2 -9 2 -9 2 -9 2 -9 2 -9 0 0 2 -10 2 -10 2 -10 2 -11 1 -11 2 -11 1 -11 2 -11 2 -11 2 -12 2 -12 2 -12 2 -12 2 -12 1 -13 1 -13 2 -14 1 -14 1 -14 1 -14 2 -14 1 -14 2 -15 2 -15 2 -15 2 -15 0 0 0 0 0 0 0 0 0 0
1784740945.417735,57228,-49,11,1,7,1,-95,1,666920287,128,0 0 0 0 0 0 0 0 0 0 0 0 2 2 3 2 3 2 3 3 3 3 3 3 3 3 4 4 4 4 4 5 4 5 4 6 4 6 4 6 4 7 4 7 4 8 4 7 4 8 4 8 5 9 5 9 5 9 5 9 5 9 5 10 0 0 5 10 5 10 5 11 5 11 5 11 5 11 5 11 6 12 5 12 6 12 6 12 6 12 6 12 7 12 6 12 7 13 6 12 7 12 7 12 7 13 8 12 7 13 7 12 7 13 7 13 7 13 0 0 0 0 0 0 0 0 0 0
1784740945.419353,57229,-46,11,1,7,1,-95,1,666930306,128,0 0 0 0 0 0 0 0 0 0 0 0 -7 0 -6 0 -7 -1 -7 -1 -7 -2 -8 -2 -8 -2 -8 -2 -8 -2 -8 -3 -8 -3 -9 -4 -9 -4 -9 -4 -9 -4 -9 -5 -9 -5 -9 -5 -9 -5 -9 -5 -9 -6 -9 -6 -10 -6 -9 -6 -9 -6 -10 -6 0 0 -9 -7 -9 -7 -9 -7 -10 -7 -10 -7 -10 -7 -10 -6 -10 -6 -10 -7 -11 -7 -10 -7 -10 -6 -10 -6 -10 -6 -11 -6 -10 -6 -11 -6 -11 -6 -11 -5 -11 -5 -11 -5 -11 -5 -11 -5 -11 -5 -11 -5 -11 -4 0 0 0 0 0 0 0 0 0 0
1784740945.437708,57230,-42,11,1,7,1,-95,1,666940252,128,0 0 0 0 0 0 0 0 0 0 0 0 4 -5 4 -5 5 -5 5 -5 5 -5 6 -5 6 -5 6 -5 7 -5 7 -5 8 -4 8 -4 8 -4 8 -4 9 -4 9 -4 9 -4 9 -4 10 -4 10 -4 10 -3 10 -4 10 -3 10 -3 10 -3 11 -3 0 0 11 -3 11 -3 11 -3 11 -3 11 -3 11 -3 11 -3 11 -4 11 -4 11 -4 11 -4 11 -4 11 -4 11 -4 11 -5 11 -5 11 -5 11 -5 11 -5 11 -6 11 -6 10 -6 11 -6 11 -6 11 -6 11 -6 0 0 0 0 0 0 0 0 0 0
1784740945.443101,57231,-41,11,1,7,1,-95,1,666951633,128,0 0 0 0 0 0 0 0 0 0 0 0 -6 -4 -6 -4 -6 -5 -6 -5 -6 -6 -6 -6 -6 -6 -6 -7 -6 -7 -6 -7 -6 -8 -6 -8 -5 -9 -5 -9 -6 -9 -6 -10 -5 -9 -6 -10 -5 -10 -6 -10 -6 -10 -5 -10 -5 -11 -5 -11 -4 -11 -5 -11 0 0 -5 -11 -5 -11 -5 -10 -6 -11 -5 -11 -5 -11 -6 -11 -6 -11 -6 -11 -6 -11 -6 -11 -6 -10 -6 -11 -6 -10 -7 -11 -7 -10 -7 -11 -7 -11 -8 -10 -8 -11 -8 -10 -9 -10 -8 -11 -8 -11 -8 -10 -9 -10 0 0 0 0 0 0 0 0 0 0
1784740945.454621,57232,-42,11,1,7,1,-95,1,666960376,128,0 0 0 0 0 0 0 0 0 0 0 0 6 0 7 0 7 1 7 2 7 2 7 2 8 2 8 2 8 2 8 3 8 4 8 4 8 4 8 4 8 4 9 5 8 5 9 5 8 5 9 5 9 5 9 5 9 6 9 6 9 6 9 6 0 0 9 6 9 6 9 6 9 6 9 6 9 6 9 5 10 5 10 5 10 5 10 6 10 5 10 5 10 5 11 5 11 5 11 5 11 5 11 4 12 4 12 4 12 4 12 4 12 5 12 4 12 4 0 0 0 0 0 0 0 0 0 0
1784740945.466591,57233,-44,11,1,7,1,-95,1,666970304,128,0 0 0 0 0 0 0 0 0 0 0 0 5 -5 5 -5 5 -4 6 -4 6 -4 7 -4 7 -4 7 -4 7 -4 8 -4 8 -4 8 -4 8 -4 9 -4 9 -4 9 -3 10 -3 10 -3 10 -3 10 -3 10 -3 10 -3 10 -3 10 -3 11 -3 11 -3 0 0 11 -3 11 -3 11 -3 11 -4 11 -4 11 -4 11 -4 11 -4 11 -4 12 -5 12 -5 12 -5 12 -5 12 -5 12 -5 12 -6 12 -5 13 -6 13 -6 13 -6 13 -6 13 -6 12 -6 13 -6 13 -6 13 -6 0 0 0 0 0 0 0 0 0 0
1784740945.482518,57234,-47,11,1,7,1,-95,1,666980291,128,0 0 0 0 0 0 0 0 0 0 0 0 4 1 5 2 5 2 5 3 5 3 6 3 5 3 6 3 6 4 6 4 6 4 7 4 7 5 7 5 7 5 7 6 7 6 7 6 7 6 7 6 7 6 7 7 7 6 7 7 7 6 8 7 0 0 8 7 8 7 8 7 8 7 9 7 9 7 9 7 9 7 9 7 10 6 10 7 10 7 10 7 11 7 10 7 11 8 10 7 11 8 11 7 11 7 11 7 11 7 10 7 11 7 10 7 11 7 0 0 0 0 0 0 0 0 0 0
1784740945.482518,57235,-46,11,1,7,1,-95,1,666990287,128,0 0 0 0 0 0 0 0 0 0 0 0 -4 4 -4 3 -5 3 -5 3 -6 3 -6 3 -6 3 -6 3 -7 3 -7 3 -7 3 -8 3 -8 3 -8 2 -8 3 -9 3 -9 3 -9 3 -9 3 -10 3 -10 3 -10 3 -11 3 -11 2 -11 2 -11 2 0 0 -11 3 -11 3 -11 2 -12 3 -11 3 -12 3 -12 3 -12 3 -12 3 -12 3 -12 3 -12 3 -12 3 -12 3 -12 4 -12 3 -13 3 -12 4 -12 4 -12 4 -12 4 -12 5 -12 4 -12 4 -12 4 -12 5 0 0 0 0 0 0 0 0 0 0
1784740945.482518,57236,-43,11,1,7,1,-95,1,667000218,128,0 0 0 0 0 0 0 0 0 0 0 0 6 0 7 1 6 1 7 1 6 2 7 2 7 2 7 2 7 3 7 3 8 3 8 3 8 4 8 4 9 5 8 5 9 5 8 5 9 6 8 6 8 6 8 6 9 6 9 6 9 6 9 7 0 0 9 7 9 7 9 7 8 7 9 6 9 7 9 7 9 6 9 7 9 6 9 6 10 6 10 6 10 6 9 6 10 7 9 6 11 6 10 6 10 6 11 5 11 6 10 5 11 5 11 5 11 5 0 0 0 0 0 0 0 0 0 0
1784740945.506237,57237,-43,11,1,7,1,-95,1,667010352,128,0 0 0 0 0 0 0 0 0 0 0 0 -1 7 -2 7 -2 7 -3 7 -3 7 -3 8 -3 7 -3 8 -4 8 -4 8 -4 8 -4 9 -5 9 -5 9 -5 9 -6 9 -7 9 -6 9 -7 9 -7 9 -7 9 -7 9 -7 9 -7 9 -7 9 -7 9 0 0 -7 10 -7 9 -7 9 -7 9 -7 9 -7 9 -7 9 -7 10 -7 10 -6 10 -6 10 -6 10 -6 11 -6 11 -6 11 -6 11 -6 10 -6 11 -6 12 -6 12 -5 12 -6 12 -5 12 -5 12 -5 12 -5 12 0 0 0 0 0 0 0 0 0 0
1784740945.514562,57238,-45,11,1,7,1,-95,1,667020354,128,0 0 0 0 0 0 0 0 0 0 0 0 1 5 2 6 1 6 1 6 1 7 1 7 1 7 1 7 0 8 0 8 0 8 -1 9 -1 9 -1 9 -1 9 -1 10 -1 10 -1 10 -2 10 -2 10 -1 10 -2 10 -2 10 -3 10 -2 10 -2 10 0 0 -2 10 -1 10 -1 10 -1 11 -1 11 -1 11 0 11 -1 11 0 10 0 12 -1 12 0 11 0 11 0 11 1 12 1 12 0 13 0 13 1 12 1 12 1 12 1 12 1 13 0 13 0 13 1 12 0 0 0 0 0 0 0 0 0 0
1784740945.514562,57239,-45,11,1,7,1,-95,1,667030354,128,0 0 0 0 0 0 0 0 0 0 0 0 2 4 2 4 2 5 2 5 2 5 2 5 2 5 2 6 2 6 2 6 2 7 2 7 1 7 2 7 2 8 1 8 1 8 1 8 1 9 1 8 2 9 1 9 1 9 1 9 1 9 1 10 0 0 1 10 1 10 1 11 1 10 2 10 2 11 1 11 2 11 2 11 2 12 2 12 2 12 2 12 2 12 2 12 2 13 2 12 3 13 3 12 3 13 3 13 3 13 3 12 3 12 3 13 3 13 0 0 0 0 0 0 0 0 0 0
1784740945.537670,57240,-44,11,1,7,1,-95,1,667040226,128,0 0 0 0 0 0 0 0 0 0 0 0 -3 -6 -3 -6 -3 -7 -3 -7 -3 -7 -3 -7 -3 -8 -2 -8 -3 -8 -2 -9 -2 -9 -2 -9 -2 -9 -2 -9 -2 -9 -2 -10 -1 -10 -1 -11 -1 -10 -1 -11 -1 -11 -1 -11 -1 -11 -1 -11 -1 -11 -1 -11 0 0 0 -12 -1 -12 -1 -12 -1 -12 -1 -12 -1 -12 -1 -12 -1 -12 -1 -12 -1 -13 -1 -13 -2 -13 -1 -13 -1 -13 -2 -14 -2 -13 -2 -14 -2 -13 -2 -14 -2 -14 -2 -14 -2 -14 -2 -14 -2 -14 -2 -14 -2 -14 0 0 0 0 0 0 0 0 0 0
1784740945.546654,57241,-44,11,1,7,1,-95,1,667050299,128,0 0 0 0 0 0 0 0 0 0 0 0 4 -6 4 -6 4 -6 5 -6 5 -6 5 -6 5 -6 5 -6 6 -6 6 -6 7 -6 7 -6 7 -6 8 -6 8 -6 8 -6 8 -6 9 -6 9 -6 9 -6 9 -6 9 -6 9 -6 9 -6 9 -6 9 -6 0 0 9 -6 9 -6 9 -6 10 -6 9 -7 10 -7 9 -7 10 -7 9 -7 10 -8 10 -7 9 -7 9 -8 9 -8 10 -9 9 -9 10 -9 9 -9 10 -9 9 -9 10 -9 9 -9 10 -9 10 -9 10 -9 9 -10 0 0 0 0 0 0 0 0 0 0
1784740945.546654,57242,-44,11,1,7,1,-95,1,667060347,128,0 0 0 0 0 0 0 0 0 0 0 0 6 -3 6 -3 7 -3 7 -2 7 -2 7 -2 7 -2 8 -2 8 -2 8 -2 8 -2 9 -1 9 -1 9 -1 10 -1 10 0 10 0 10 0 10 0 10 0 10 0 11 0 10 0 10 0 10 0 10 0 0 0 11 0 11 0 11 0 11 0 11 0 11 0 11 0 11 -1 11 -1 12 -1 12 -1 12 -1 12 -1 12 -1 12 -1 12 -1 12 -2 12 -2 12 -2 12 -2 12 -2 13 -2 12 -2 12 -2 13 -2 13 -3 0 0 0 0 0 0 0 0 0 0
1784740945.562533,57243,-44,11,1,7,1,-95,1,667070226,128,0 0 0 0 0 0 0 0 0 0 0 0 5 -4 5 -4 6 -3 6 -3 6 -3 7 -3 7 -3 7 -3 7 -3 7 -3 8 -2 8 -2 8 -2 9 -2 9 -2 9 -2 9 -2 9 -1 9 -2 9 -2 10 -2 10 -1 10 -2 10 -1 10 -1 10 -1 0 0 11 -1 10 -1 11 -1 11 -1 10 -1 11 -2 11 -2 11 -2 11 -2 11 -2 11 -2 11 -2 11 -2 12 -2 12 -2 12 -2 11 -2 12 -3 12 -3 12 -4 12 -3 12 -3 12 -3 12 -3 12 -3 13 -3 0 0 0 0 0 0 0 0 0 0
1784740945.562533,57244,-44,11,1,7,1,-95,1,667080361,128,0 0 0 0 0 0 0 0 0 0 0 0 6 2 6 2 6 3 6 3 7 3 7 3 7 4 7 4 7 4 7 4 7 5 7 5 7 5 7 5 7 6 7 6 7 6 8 6 7 7 7 7 7 7 8 7 7 7 8 7 8 7 8 7 0 0 8 7 8 7 8 7 8 7 8 7 9 7 8 7 9 7 9 7 9 7 10 7 9 7 9 7 10 7 10 7 11 7 10 7 11 7 11 7 11 7 11 7 11 7 11 7 11 7 11 6 11 7 0 0 0 0 0 0 0 0 0 0
1784740945.578460,57245,-45,11,1,7,1,-95,1,667091607,128,0 0 0 0 0 0 0 0 0 0 0 0 -3 -7 -3 -7 -2 -8 -2 -8 -2 -8 -2 -8 -2 -9 -2 -9 -2 -9 -1 -9 -1 -9 -1 -10 -1 -10 -1 -10 -1 -10 0 -10 -1 -11 -1 -11 0 -11 0 -11 0 -11 0 -11 0 -11 0 -11 0 -11 0 -11 0 0 0 -12 0 -11 0 -12 -1 -12 -1 -12 -1 -12 -1 -12 -1 -12 -1 -12 -1 -13 -2 -13 -2 -12 -2 -13 -1 -13 -2 -13 -2 -13 -2 -13 -2 -14 -2 -13 -3 -14 -3 -14 -3 -14 -3 -14 -2 -14 -3 -14 -3 -14 0 0 0 0 0 0 0 0 0 0
1784740945.594563,57246,-44,11,1,7,1,-95,1,667100412,128,0 0 0 0 0 0 0 0 0 0 0 0 6 1 6 1 7 2 7 2 7 2 7 2 7 2 7 3 7 3 7 3 7 4 8 4 8 4 7 5 8 5 8 5 8 5 8 5 8 5 8 5 8 5 8 5 9 6 8 6 8 6 8 6 0 0 9 6 9 6 9 6 10 6 9 6 10 6 10 6 10 6 10 6 11 6 10 6 10 6 10 6 10 6 11 6 11 6 11 6 12 6 11 6 12 6 12 6 12 6 12 6 12 6 12 6 12 6 0 0 0 0 0 0 0 0 0 0
1784740945.606638,57247,-44,11,1,7,1,-95,1,667112020,128,0 0 0 0 0 0 0 0 0 0 0 0 1 6 0 6 0 7 -1 7 -1 7 -1 7 -1 7 -1 7 -1 8 -2 8 -2 8 -3 8 -3 8 -3 8 -3 9 -3 9 -3 9 -4 10 -4 9 -4 9 -4 9 -4 9 -4 10 -5 9 -5 9 -5 9 0 0 -4 10 -4 10 -4 10 -4 10 -4 10 -4 10 -4 10 -4 11 -4 11 -4 11 -4 11 -4 11 -4 11 -4 11 -3 12 -3 12 -3 12 -3 12 -3 12 -3 12 -3 12 -3 12 -3 12 -3 12 -3 12 -3 12 0 0 0 0 0 0 0 0 0 0
1784740945.610589,57248,-44,11,1,7,1,-95,1,667120389,128,0 0 0 0 0 0 0 0 0 0 0 0 6 3 6 3 6 4 6 4 5 4 6 5 6 5 6 6 5 6 6 6 6 6 6 6 6 7 6 7 6 7 5 8 6 8 5 8 6 8 5 8 5 9 5 9 6 8 6 8 5 9 6 9 0 0 6 9 6 9 6 9 6 9 6 9 6 9 6 9 6 9 6 9 7 9 7 9 7 9 8 9 8 9 8 9 8 9 8 9 8 9 8 9 8 9 9 9 9 9 9 8 9 9 9 9 10 9 0 0 0 0 0 0 0 0 0 0
1784740945.626548,57249,-45,11,1,6,1,-95,1,667133958,128,0 0 0 0 0 0 0 0 0 0 0 0 -2 -7 -2 -8 -2 -7 -1 -8 -1 -8 -1 -8 -1 -8 -1 -9 -1 -9 -1 -9 -1 -9 0 -10 0 -10 0 -11 0 -11 1 -10 1 -11 1 -11 1 -11 1 -11 1 -11 2 -11 2 -11 2 -11 2 -11 2 -12 0 0 2 -12 2 -11 2 -12 2 -12 1 -12 1 -12 1 -12 1 -12 1 -12 1 -13 1 -13 1 -13 1 -13 1 -14 0 -13 0 -14 0 -13 0 -14 0 -14 0 -14 0 -15 0 -15 0 -14 0 -14 0 -15 0 -15 0 0 0 0 0 0 0 0 0 0
1784740945.626548,57250,-45,11,1,7,1,-95,1,667140478,128,0 0 0 0 0 0 0 0 0 0 0 0 6 1 6 2 6 2 6 3 6 3 7 3 7 3 7 3 7 4 7 4 7 4 8 4 8 5 8 5 8 5 8 6 8 6 8 6 8 7 8 7 8 7 8 7 8 7 8 7 8 7 8 7 0 0 8 7 9 7 9 7 9 7 9 7 9 7 9 7 9 7 10 7 10 7 10 7 10 7 10 7 11 7 10 7 11 8 11 7 11 7 11 7 11 7 11 7 11 8 11 7 11 8 11 8 11 8 0 0 0 0 0 0 0 0 0 0
1784740945.646684,57251,-44,11,1,7,1,-95,1,667150300,128,0 0 0 0 0 0 0 0 0 0 0 0 -7 -2 -7 -3 -7 -3 -7 -4 -7 -4 -8 -4 -8 -5 -8 -5 -8 -5 -8 -6 -8 -6 -8 -6 -8 -7 -8 -7 -9 -7 -8 -8 -9 -8 -8 -8 -9 -9 -8 -8 -9 -9 -8 -9 -8 -9 -8 -9 -8 -9 -9 -9 0 0 -8 -9 -9 -9 -8 -9 -9 -9 -9 -9 -9 -9 -9 -9 -10 -9 -9 -9 -10 -9 -10 -9 -10 -9 -10 -9 -10 -9 -11 -9 -11 -9 -10 -9 -11 -9 -11 -9 -11 -9 -11 -9 -11 -9 -11 -8 -11 -9 -11 -9 -12 -8 0 0 0 0 0 0 0 0 0 0
1784740945.646684,57252,-43,11,1,7,1,-95,1,667160240,128,0 0 0 0 0 0 0 0 0 0 0 0 -6 -4 -6 -5 -6 -6 -6 -6 -6 -6 -6 -7 -6 -7 -6 -7 -6 -7 -6 -8 -6 -8 -6 -9 -6 -9 -6 -9 -6 -9 -6 -10 -6 -10 -6 -11 -6 -10 -6 -11 -6 -11 -5 -11 -6 -11 -5 -11 -5 -11 -5 -11 0 0 -5 -11 -6 -11 -5 -11 -6 -11 -6 -10 -6 -11 -6 -10 -7 -11 -6 -11 -7 -11 -7 -11 -7 -11 -7 -11 -7 -10 -8 -10 -8 -10 -8 -11 -8 -11 -8 -10 -9 -11 -9 -10 -9 -10 -9 -11 -9 -11 -9 -11 -9 -10 0 0 0 0 0 0 0 0 0 0
1784740945.658521,57253,-44,11,1,7,1,-95,1,667170302,128,0 0 0 0 0 0 0 0 0 0 0 0 -3 -8 -3 -8 -2 -9 -2 -9 -2 -9 -2 -10 -2 -10 -2 -10 -1 -10 -1 -10 -1 -11 -1 -11 0 -11 0 -11 0 -12 1 -12 1 -12 1 -12 1 -12 1 -12 1 -13 1 -12 2 -12 2 -12 2 -12 2 -12 0 0 2 -12 1 -12 2 -12 1 -12 1 -12 1 -12 1 -12 0 -13 0 -12 0 -13 0 -13 0 -13 -1 -13 -1 -13 -1 -13 -1 -14 -1 -13 -1 -14 -2 -14 -2 -14 -2 -14 -2 -14 -2 -14 -1 -14 -2 -14 -2 -15 0 0 0 0 0 0 0 0 0 0
1784740945.674555,57254,-46,11,1,7,1,-95,1,667180216,128,0 0 0 0 0 0 0 0 0 0 0 0 0 -8 1 -8 1 -8 2 -8 2 -8 2 -9 2 -8 2 -9 3 -9 3 -9 3 -9 3 -9 3 -9 4 -9 4 -10 5 -9 5 -10 5 -10 5 -10 5 -10 5 -10 5 -10 5 -10 5 -10 5 -10 5 -10 0 0 5 -10 5 -10 5 -10 5 -10 5 -10 5 -11 5 -11 4 -11 5 -11 4 -12 4 -12 4 -12 4 -12 4 -12 4 -12 4 -13 4 -12 4 -13 4 -13 4 -13 3 -13 4 -13 3 -13 4 -13 3 -13 3 -13 0 0 0 0 0 0 0 0 0 0
1784740945.674555,57255,-45,11,1,7,1,-95,1,667190211,128,0 0 0 0 0 0 0 0 0 0 0 0 -1 6 -1 6 -2 7 -2 6 -2 7 -2 7 -2 7 -2 7 -2 7 -3 8 -3 8 -4 8 -4 8 -4 8 -4 8 -4 9 -4 9 -5 9 -5 8 -5 9 -5 9 -5 9 -5 9 -5 9 -5 9 -5 9 0 0 -5 9 -5 10 -5 9 -5 10 -5 10 -5 10 -5 10 -5 11 -5 10 -5 11 -5 11 -4 11 -5 11 -4 11 -4 12 -4 11 -5 12 -4 12 -4 12 -4 12 -4 12 -4 12 -4 12 -4 12 -4 12 -4 12 0 0 0 0 0 0 0 0 0 0
1784740945.691669,57256,-44,11,1,7,1,-95,1,667200340,128,0 0 0 0 0 0 0 0 0 0 0 0 5 -5 5 -5 6 -5 6 -5 6 -5 6 -5 7 -5 7 -5 7 -4 7 -4 7 -5 8 -4 8 -4 8 -4 8 -4 8 -4 9 -4 9 -4 9 -4 9 -4 9 -4 9 -4 9 -4 9 -4 10 -4 10 -4 0 0 10 -4 10 -4 10 -4 10 -4 10 -5 10 -5 10 -5 10 -5 10 -5 10 -6 10 -6 10 -6 10 -6 11 -6 11 -6 11 -7 10 -6 11 -7 11 -7 11 -7 11 -8 11 -7 11 -7 11 -8 11 -8 12 -8 0 0 0 0 0 0 0 0 0 0
1784740945.706883,57257,-44,11,1,7,1,-95,1,667210318,128,0 0 0 0 0 0 0 0 0 0 0 0 1 -8 1 -8 2 -8 2 -8 2 -8 2 -8 2 -8 3 -8 3 -8 3 -8 3 -8 4 -9 4 -8 4 -9 4 -9 4 -9 4 -9 5 -9 5 -9 5 -9 5 -9 5 -10 5 -9 5 -9 5 -9 5 -10 0 0 5 -10 5 -10 5 -10 5 -11 5 -10 5 -11 5 -11 5 -11 5 -11 5 -12 5 -12 5 -12 5 -12 5 -12 5 -13 5 -13 5 -13 5 -13 5 -13 5 -14 5 -14 5 -14 5 -14 6 -14 6 -14 6 -14 0 0 0 0 0 0 0 0 0 0
1784740945.706883,57258,-45,11,1,7,1,-95,1,667220256,128,0 0 0 0 0 0 0 0 0 0 0 0 6 -3 6 -2 7 -2 7 -2 7 -2 7 -2 7 -2 7 -1 8 -2 8 -1 8 -1 8 -1 9 -1 9 0 9 0 9 -1 9 0 10 0 10 0 10 0 10 0 10 0 10 0 10 0 10 0 10 0 0 0 10 0 11 0 11 0 11 0 11 0 11 0 11 0 11 0 11 0 12 0 12 0 12 -1 12 0 12 0 13 -1 13 -1 13 -1 13 -1 13 -1 14 -1 14 -1 14 -1 14 -1 14 -1 14 -1 14 -1 0 0 0 0 0 0 0 0 0 0
1784740945.726422,57259,-45,11,1,7,1,-95,1,667230348,128,0 0 0 0 0 0 0 0 0 0 0 0 -6 -4 -6 -5 -6 -5 -6 -5 -6 -6 -6 -6 -6 -6 -7 -6 -6 -7 -6 -6 -7 -7 -7 -7 -7 -7 -7 -8 -7 -8 -6 -8 -7 -9 -7 -9 -7 -9 -7 -9 -7 -9 -7 -10 -7 -9 -7 -10 -7 -10 -7 -10 0 0 -7 -10 -7 -10 -7 -11 -7 -10 -7 -10 -8 -10 -8 -10 -8 -10 -8 -10 -9 -10 -9 -10 -9 -10 -9 -10 -9 -10 -9 -10 -9 -11 -9 -10 -10 -10 -10 -10 -10 -10 -11 -10 -10 -11 -10 -10 -10 -11 -11 -10 -11 -11 0 0 0 0 0 0 0 0 0 0
1784740945.726422,57260,-45,11,1,7,1,-95,1,667240262,128,0 0 0 0 0 0 0 0 0 0 0 0 -7 -5 -6 -5 -7 -6 -6 -6 -6 -6 -6 -6 -6 -6 -6 -7 -6 -7 -6 -8 -6 -8 -6 -8 -6 -8 -6 -8 -6 -8 -6 -9 -6 -9 -6 -10 -6 -9 -6 -10 -6 -10 -6 -10 -6 -10 -5 -10 -5 -10 -6 -10 0 0 -6 -10 -6 -11 -5 -10 -6 -11 -6 -10 -6 -10 -6 -10 -7 -10 -7 -10 -7 -11 -7 -10 -7 -10 -7 -10 -7 -10 -8 -10 -8 -10 -8 -11 -8 -10 -8 -10 -9 -10 -9 -10 -9 -10 -9 -11 -9 -11 -9 -10 -9 -10 0 0 0 0 0 0 0 0 0 0
1784740945.754604,57261,-44,11,1,6,1,-95,1,667253618,128,0 0 0 0 0 0 0 0 0 0 0 0 -7 -4 -6 -4 -6 -5 -7 -5 -6 -5 -6 -5 -6 -6 -7 -6 -6 -6 -7 -6 -7 -6 -7 -7 -7 -7 -7 -7 -7 -8 -6 -8 -7 -8 -7 -8 -6 -9 -7 -8 -7 -9 -6 -9 -7 -9 -7 -9 -7 -9 -7 -9 0 0 -7 -9 -7 -9 -7 -9 -7 -9 -7 -9 -7 -9 -7 -9 -8 -9 -8 -9 -8 -9 -9 -9 -9 -9 -9 -9 -9 -9 -9 -9 -10 -9 -9 -9 -10 -9 -10 -10 -10 -9 -10 -9 -11 -10 -11 -9 -11 -9 -11 -9 -11 -10 0 0 0 0 0 0 0 0 0 0
1784740945.754604,57262,-44,11,1,7,1,-95,1,667260455,128,0 0 0 0 0 0 0 0 0 0 0 0 5 4 5 4 5 5 5 5 5 6 4 6 4 6 5 6 4 7 5 7 5 7 5 7 4 8 5 8 4 8 4 9 4 9 4 9 4 9 4 9 4 9 3 9 4 9 4 9 4 9 4 10 0 0 4 10 3 10 3 10 4 10 4 10 4 10 4 10 4 10 4 10 5 10 5 10 6 10 6 10 6 10 6 10 6 11 6 10 6 11 6 11 7 11 7 12 6 12 7 11 7 12 7 12 7 12 0 0 0 0 0 0 0 0 0 0
1784740945.772357,57263,-45,11,1,7,1,-95,1,667270294,128,0 0 0 0 0 0 0 0 0 0 0 0 -6 6 -6 5 -6 5 -7 5 -7 5 -7 5 -7 5 -7 5 -8 5 -8 5 -8 4 -9 4 -9 4 -9 4 -9 4 -10 4 -9 4 -10 4 -10 4 -10 4 -10 4 -10 4 -10 4 -10 4 -10 4 -10 4 0 0 -10 4 -10 5 -10 4 -10 5 -9 5 -10 5 -9 6 -10 6 -10 6 -10 7 -11 7 -10 7 -10 6 -10 7 -11 8 -10 7 -11 8 -11 8 -11 8 -11 9 -11 8 -11 9 -12 9 -12 8 -12 9 -12 9 0 0 0 0 0 0 0 0 0 0
1784740945.772357,57264,-47,11,1,7,1,-95,1,667282515,128,0 0 0 0 0 0 0 0 0 0 0 0 -4 -7 -3 -7 -3 -8 -2 -7 -2 -8 -2 -8 -2 -8 -2 -8 -2 -8 -2 -9 -2 -9 -1 -9 -1 -9 -1 -9 -1 -9 -2 -10 -1 -10 -1 -10 -1 -10 -2 -10 -1 -10 -1 -10 -1 -11 -1 -10 -1 -10 -1 -11 0 0 -1 -11 -2 -11 -2 -11 -2 -12 -2 -11 -2 -12 -2 -11 -2 -12 -2 -11 -2 -12 -2 -12 -2 -12 -2 -12 -2 -12 -3 -13 -3 -12 -3 -13 -3 -13 -3 -13 -3 -13 -3 -13 -3 -13 -3 -14 -2 -14 -2 -14 -3 -14 0 0 0 0 0 0 0 0 0 0
1784740945.786484,57265,-47,11,1,7,1,-95,1,667290293,128,0 0 0 0 0 0 0 0 0 0 0 0 -4 -5 -4 -6 -4 -6 -3 -6 -3 -6 -3 -6 -3 -6 -3 -7 -3 -7 -3 -7 -4 -7 -3 -7 -3 -8 -4 -8 -3 -8 -3 -9 -3 -9 -3 -9 -3 -9 -3 -9 -3 -9 -3 -10 -3 -10 -3 -10 -3 -10 -3 -10 0 0 -3 -10 -3 -11 -3 -11 -4 -10 -3 -10 -3 -11 -4 -11 -4 -11 -4 -11 -5 -11 -5 -11 -5 -11 -5 -12 -5 -12 -5 -12 -5 -12 -5 -12 -5 -12 -5 -12 -5 -12 -6 -12 -5 -12 -6 -12 -5 -12 -5 -12 -6 -12 0 0 0 0 0 0 0 0 0 0
1784740945.802515,57266,-45,11,1,7,1,-95,1,667300310,128,0 0 0 0 0 0 0 0 0 0 0 0 -5 4 -5 4 -5 4 -5 4 -5 4 -6 4 -6 4 -6 4 -6 4 -7 4 -7 4 -7 3 -8 3 -7 4 -8 4 -8 4 -8 4 -8 4 -9 4 -9 4 -9 4 -9 4 -9 4 -10 3 -10 3 -10 4 0 0 -10 4 -10 4 -10 4 -11 4 -10 4 -10 4 -10 5 -11 5 -10 5 -11 5 -11 5 -11 5 -10 5 -10 5 -11 6 -11 6 -11 6 -12 6 -11 6 -11 7 -12 6 -11 7 -12 6 -12 6 -12 6 -12 6 0 0 0 0 0 0 0 0 0 0
1784740945.807275,57267,-44,11,1,7,1,-95,1,667310224,128,0 0 0 0 0 0 0 0 0 0 0 0 -7 -2 -7 -3 -7 -3 -8 -3 -7 -4 -8 -4 -7 -4 -8 -4 -8 -5 -8 -4 -8 -5 -8 -5 -8 -5 -9 -5 -9 -6 -8 -6 -9 -7 -8 -7 -9 -7 -9 -7 -9 -7 -9 -7 -9 -7 -9 -7 -9 -7 -9 -7 0 0 -9 -8 -9 -8 -9 -8 -9 -7 -9 -7 -9 -7 -10 -7 -10 -7 -10 -8 -10 -7 -10 -7 -11 -6 -11 -7 -12 -7 -11 -7 -12 -7 -11 -6 -12 -7 -12 -7 -12 -7 -13 -6 -13 -7 -12 -6 -13 -7 -13 -6 -13 -7 0 0 0 0 0 0 0 0 0 0
1784740945.818641,57268,-44,11,1,7,1,-95,1,667320237,128,0 0 0 0 0 0 0 0 0 0 0 0 -4 -7 -4 -8 -3 -8 -3 -8 -3 -8 -3 -9 -3 -9 -3 -9 -2 -9 -3 -9 -2 -10 -2 -10 -2 -10 -2 -11 -1 -11 -1 -11 -1 -11 -1 -11 -1 -12 0 -11 0 -12 0 -12 -1 -11 0 -11 0 -11 0 -12 0 0 0 -12 0 -12 0 -12 -1 -12 -1 -12 -1 -12 -1 -12 -1 -12 -1 -12 -2 -12 -2 -13 -2 -12 -2 -13 -2 -13 -2 -13 -2 -13 -2 -13 -3 -14 -3 -14 -3 -14 -3 -14 -3 -14 -3 -14 -3 -14 -3 -14 -3 -15 0 0 0 0 0 0 0 0 0 0
1784740945.834358,57269,-46,11,1,7,1,-95,1,667330263,128,0 0 0 0 0 0 0 0 0 0 0 0 -4 -7 -4 -7 -4 -8 -4 -8 -4 -8 -4 -8 -4 -9 -3 -9 -3 -9 -3 -9 -3 -10 -3 -10 -2 -10 -3 -10 -2 -10 -3 -10 -2 -11 -2 -11 -2 -11 -2 -11 -2 -11 -2 -11 -2 -11 -2 -11 -2 -11 -2 -11 0 0 -2 -11 -3 -11 -3 -11 -3 -11 -4 -11 -4 -11 -4 -11 -4 -11 -4 -11 -5 -12 -5 -12 -5 -12 -5 -11 -5 -12 -6 -12 -6 -12 -6 -12 -6 -13 -6 -12 -7 -13 -6 -13 -7 -12 -6 -13 -7 -13 -6 -13 -7 -13 0 0 0 0 0 0 0 0 0 0
1784740945.845583,57270,-46,11,1,7,1,-95,1,667340350,128,0 0 0 0 0 0 0 0 0 0 0 0 -4 -6 -5 -6 -4 -6 -4 -7 -4 -7 -4 -7 -4 -7 -4 -7 -4 -7 -4 -8 -3 -8 -3 -8 -3 -8 -3 -9 -3 -9 -3 -9 -3 -9 -3 -9 -3 -9 -3 -9 -3 -9 -3 -9 -3 -9 -3 -10 -3 -9 -3 -10 0 0 -3 -10 -3 -10 -3 -10 -4 -10 -4 -10 -4 -11 -4 -10 -5 -10 -5 -11 -5 -11 -5 -11 -5 -11 -5 -11 -5 -12 -6 -11 -6 -12 -6 -12 -6 -12 -6 -12 -6 -12 -6 -13 -7 -12 -6 -13 -6 -13 -6 -13 -7 -13 0 0 0 0 0 0 0 0 0 0
1784740945.865538,57271,-45,11,1,7,1,-95,1,667350267,128,0 0 0 0 0 0 0 0 0 0 0 0 -7 0 -7 -1 -7 -1 -7 -1 -7 -1 -8 -1 -8 -1 -8 -2 -8 -2 -8 -2 -8 -2 -9 -2 -9 -2 -9 -3 -9 -2 -10 -3 -9 -3 -10 -3 -10 -3 -10 -3 -10 -3 -10 -3 -10 -3 -10 -4 -10 -4 -11 -3 0 0 -11 -3 -11 -4 -11 -4 -11 -3 -11 -3 -12 -3 -12 -3 -12 -2 -12 -3 -13 -3 -13 -3 -13 -3 -13 -3 -13 -2 -14 -2 -14 -2 -14 -2 -14 -2 -14 -2 -15 -1 -15 -1 -15 -2 -15 -2 -15 -3 -15 -3 -16 -2 0 0 0 0 0 0 0 0 0 0
1784740945.865538,57272,-44,11,1,7,1,-95,1,667361322,128,0 0 0 0 0 0 0 0 0 0 0 0 1 -8 1 -8 2 -8 2 -8 2 -8 3 -8 3 -8 3 -8 3 -8 3 -8 4 -8 4 -8 4 -9 4 -9 4 -10 5 -9 5 -10 5 -9 5 -9 5 -9 5 -10 6 -9 5 -10 6 -9 6 -10 6 -10 0 0 6 -10 6 -10 6 -10 5 -10 5 -11 5 -11 5 -11 5 -11 5 -11 5 -11 5 -12 5 -12 5 -12 5 -13 4 -12 5 -13 4 -13 5 -13 5 -14 4 -14 4 -14 5 -14 4 -14 5 -14 5 -14 5 -14 0 0 0 0 0 0 0 0 0 0
1784740945.881490,57273,-44,11,1,7,1,-95,1,667370307,128,0 0 0 0 0 0 0 0 0 0 0 0 -8 -2 -8 -3 -8 -3 -8 -4 -8 -4 -8 -4 -8 -5 -8 -5 -8 -5 -8 -5 -9 -5 -9 -5 -9 -6 -9 -6 -9 -6 -8 -7 -9 -7 -9 -7 -9 -8 -9 -8 -9 -8 -8 -8 -9 -7 -9 -7 -9 -7 -9 -8 0 0 -9 -8 -9 -8 -9 -8 -9 -7 -9 -7 -9 -8 -10 -8 -10 -7 -10 -8 -11 -7 -11 -7 -11 -6 -11 -7 -12 -7 -11 -7 -12 -7 -12 -7 -12 -7 -12 -7 -12 -7 -12 -7 -12 -7 -12 -6 -13 -6 -13 -6 -13 -7 0 0 0 0 0 0 0 0 0 0
1784740945.881490,57274,-45,11,1,7,1,-95,1,667380215,128,0 0 0 0 0 0 0 0 0 0 0 0 4 6 4 6 4 7 3 7 3 7 3 7 3 7 3 7 3 8 3 8 2 8 2 9 2 9 2 9 2 9 2 9 2 9 2 10 2 9 2 10 2 10 1 10 2 10 1 10 1 10 1 10 0 0 2 10 2 10 2 10 2 10 2 10 2 10 2 10 3 10 3 10 3 11 3 11 3 11 4 11 4 11 4 11 4 11 4 11 4 11 4 11 5 12 5 11 5 12 5 12 5 12 5 12 5 12 0 0 0 0 0 0 0 0 0 0
1784740945.897509,57275,-45,11,1,7,1,-95,1,667390531,128,0 0 0 0 0 0 0 0 0 0 0 0 -6 -5 -6 -5 -6 -6 -6 -6 -6 -6 -6 -6 -6 -7 -6 -7 -6 -7 -6 -7 -5 -8 -5 -8 -5 -8 -5 -8 -6 -9 -5 -9 -6 -9 -6 -9 -6 -9 -6 -9 -6 -9 -6 -9 -6 -9 -6 -10 -6 -9 -6 -10 0 0 -6 -10 -6 -10 -7 -10 -7 -10 -7 -10 -7 -10 -7 -10 -8 -10 -8 -10 -8 -10 -8 -10 -8 -10 -8 -10 -9 -10 -9 -10 -10 -11 -9 -11 -10 -11 -10 -11 -10 -11 -10 -11 -11 -11 -10 -11 -10 -12 -10 -11 -11 -12 0 0 0 0 0 0 0 0 0 0
1784740945.913006,57276,-44,11,1,7,1,-95,1,667400338,128,0 0 0 0 0 0 0 0 0 0 0 0 -8 1 -8 0 -8 0 -9 -1 -8 -1 -9 -1 -9 -1 -9 -2 -9 -2 -9 -2 -9 -2 -10 -2 -9 -3 -10 -3 -10 -3 -10 -3 -10 -3 -10 -3 -10 -4 -10 -4 -11 -4 -10 -4 -10 -4 -11 -4 -11 -3 -11 -3 0 0 -11 -4 -11 -4 -12 -4 -11 -3 -12 -3 -12 -3 -12 -3 -12 -3 -12 -3 -13 -3 -13 -3 -13 -2 -13 -2 -14 -2 -14 -2 -14 -2 -13 -3 -14 -2 -14 -3 -14 -2 -15 -2 -15 -2 -14 -2 -15 -2 -15 -2 -15 -2 0 0 0 0 0 0 0 0 0 0
1784740945.913006,57277,-44,11,1,7,1,-95,1,667410230,128,0 0 0 0 0 0 0 0 0 0 0 0 -7 5 -7 4 -7 4 -7 4 -8 4 -8 3 -8 4 -8 3 -9 4 -9 3 -9 3 -9 2 -10 2 -10 2 -10 2 -10 3 -10 3 -10 3 -10 2 -10 3 -10 3 -10 3 -11 3 -10 2 -10 2 -10 2 0 0 -10 3 -11 4 -10 3 -11 4 -10 4 -11 4 -10 5 -11 5 -11 5 -11 5 -11 5 -11 5 -11 5 -11 5 -11 7 -11 6 -12 7 -11 7 -11 7 -11 7 -12 7 -11 7 -12 8 -12 7 -12 7 -12 7 0 0 0 0 0 0 0 0 0 0
1784740945.928930,57278,-45,11,1,7,1,-95,1,667420329,128,0 0 0 0 0 0 0 0 0 0 0 0 -8 2 -8 2 -8 1 -9 1 -8 0 -9 0 -9 0 -9 0 -9 -1 -9 -1 -9 -1 -9 -1 -9 -1 -9 -1 -9 -1 -9 -2 -10 -1 -9 -2 -10 -2 -9 -1 -10 -2 -10 -1 -10 -1 -10 -2 -10 -1 -10 -1 0 0 -10 -1 -10 -1 -11 -1 -11 0 -11 0 -11 0 -11 0 -12 1 -11 0 -12 1 -12 0 -12 1 -12 1 -13 1 -13 1 -13 1 -13 1 -14 2 -14 1 -14 2 -14 2 -14 2 -14 1 -15 1 -15 1 -15 1 0 0 0 0 0 0 0 0 0 0
1784740945.928930,57279,-45,11,1,7,1,-95,1,667430329,128,0 0 0 0 0 0 0 0 0 0 0 0 -6 -5 -6 -6 -5 -6 -5 -7 -5 -7 -5 -7 -4 -7 -5 -7 -4 -8 -4 -7 -4 -8 -4 -8 -4 -8 -4 -8 -4 -9 -4 -8 -4 -9 -4 -9 -4 -9 -4 -9 -4 -9 -4 -9 -5 -9 -4 -9 -4 -9 -5 -10 0 0 -5 -10 -5 -10 -5 -10 -5 -10 -6 -10 -6 -10 -6 -10 -6 -11 -6 -11 -7 -11 -7 -11 -7 -11 -7 -11 -8 -12 -7 -12 -8 -12 -7 -12 -8 -13 -8 -13 -8 -13 -8 -13 -8 -13 -8 -13 -8 -13 -8 -13 -8 -14 0 0 0 0 0 0 0 0 0 0
1784740945.944903,57280,-45,11,1,7,1,-95,1,667440361,128,0 0 0 0 0 0 0 0 0 0 0 0 5 4 5 5 5 6 4 5 4 6 4 6 4 7 4 7 4 7 4 7 4 7 3 8 3 8 3 8 4 8 4 9 4 8 4 9 3 9 4 9 4 9 4 9 4 9 3 9 3 9 4 9 0 0 4 9 4 10 4 9 5 10 5 10 5 10 5 10 5 10 5 10 6 11 6 11 6 10 6 10 6 10 7 11 7 10 7 11 7 11 7 11 7 11 8 12 8 11 7 12 7 12 7 12 7 12 0 0 0 0 0 0 0 0 0 0
1784740945.960828,57281,-45,11,1,7,1,-95,1,667450319,128,0 0 0 0 0 0 0 0 0 0 0 0 -5 -6 -5 -7 -5 -7 -4 -8 -4 -8 -4 -8 -4 -8 -4 -8 -4 -9 -4 -8 -4 -9 -4 -9 -3 -9 -3 -9 -3 -10 -3 -10 -3 -10 -3 -10 -3 -10 -3 -10 -3 -10 -3 -10 -3 -10 -3 -10 -3 -10 -4 -10 0 0 -4 -10 -4 -10 -4 -10 -4 -10 -4 -10 -5 -10 -5 -10 -5 -10 -5 -11 -6 -10 -6 -11 -6 -11 -6 -11 -7 -11 -7 -11 -7 -12 -7 -11 -7 -12 -7 -12 -8 -12 -8 -12 -8 -13 -8 -12 -8 -13 -8 -13 -8 -13 0 0 0 0 0 0 0 0 0 0
1784740945.960828,57282,-45,11,1,7,1,-95,1,667463598,128,0 0 0 0 0 0 0 0 0 0 0 0 7 -1 7 0 7 0 7 1 7 1 7 1 7 1 7 2 8 1 8 2 7 2 8 3 8 3 8 3 8 3 8 3 8 3 8 3 8 3 8 3 8 3 8 3 8 3 8 3 8 3 9 3 0 0 9 2 9 2 9 2 10 2 10 2 10 2 10 1 11 2 11 1 12 1 11 2 11 1 11 2 12 1 12 1 13 1 13 1 13 1 13 1 14 1 14 1 14 1 14 2 14 2 14 2 14 2 0 0 0 0 0 0 0 0 0 0
1784740945.976774,57283,-45,11,1,7,1,-95,1,667470320,128,0 0 0 0 0 0 0 0 0 0 0 0 5 -6 5 -6 6 -5 6 -5 7 -5 7 -5 7 -5 7 -4 7 -4 8 -4 8 -4 8 -4 8 -4 8 -4 8 -4 8 -4 8 -4 8 -4 8 -4 8 -4 8 -4 8 -4 9 -4 8 -4 8 -4 9 -5 0 0 9 -5 9 -6 9 -5 9 -6 9 -6 9 -6 9 -6 10 -6 10 -7 10 -7 10 -7 10 -7 10 -8 10 -7 10 -9 10 -8 11 -8 11 -8 11 -9 11 -9 11 -9 11 -9 12 -9 12 -9 12 -9 12 -9 0 0 0 0 0 0 0 0 0 0
1784740945.992700,57284,-45,11,1,7,1,-95,1,667480276,128,0 0 0 0 0 0 0 0 0 0 0 0 -6 -5 -6 -6 -6 -6 -5 -7 -5 -7 -5 -7 -5 -7 -5 -8 -5 -8 -5 -8 -5 -8 -5 -8 -4 -9 -5 -9 -5 -9 -4 -9 -4 -9 -4 -9 -4 -9 -4 -9 -4 -9 -4 -9 -5 -9 -4 -9 -5 -9 -5 -9 0 0 -5 -10 -5 -9 -6 -10 -6 -9 -6 -9 -6 -9 -7 -10 -7 -10 -7 -10 -8 -10 -7 -10 -8 -10 -8 -10 -8 -10 -8 -10 -9 -11 -8 -10 -9 -11 -9 -11 -9 -11 -9 -11 -9 -11 -10 -11 -9 -11 -10 -11 -10 -11 0 0 0 0 0 0 0 0 0 0
1784740945.992700,57285,-44,11,1,7,1,-95,1,667490302,128,0 0 0 0 0 0 0 0 0 0 0 0 -2 -8 -2 -8 -2 -8 -1 -9 -1 -9 -1 -9 0 -9 0 -9 0 -9 0 -9 0 -9 1 -10 1 -10 1 -10 1 -10 2 -10 1 -10 2 -10 2 -10 2 -10 1 -10 2 -10 1 -10 1 -10 1 -10 1 -10 0 0 1 -11 1 -11 1 -11 1 -11 0 -11 0 -12 0 -12 0 -12 0 -12 0 -13 0 -13 -1 -13 -1 -13 -1 -13 -1 -14 0 -14 0 -14 -1 -14 -1 -14 -1 -15 -1 -15 -1 -15 -1 -15 -1 -15 -1 -15 0 -16 0 0 0 0 0 0 0 0 0 0
1784740946.008715,57286,-44,11,1,7,1,-95,1,667500199,128,0 0 0 0 0 0 0 0 0 0 0 0 2 7 1 8 1 8 1 8 0 8 0 8 -1 8 -1 9 -1 9 -1 9 -1 9 -1 9 -1 9 -1 9 -2 9 -2 9 -2 9 -2 9 -2 9 -2 9 -2 10 -2 10 -1 10 -2 9 -2 10 -1 10 0 0 -1 10 -1 10 -1 11 -1 10 0 11 -1 11 -1 11 0 11 0 11 0 12 0 12 1 12 1 12 1 12 1 13 1 13 1 13 1 13 2 13 1 14 1 14 1 14 2 14 1 14 2 14 1 14 0 0 0 0 0 0 0 0 0 0
1784740946.008715,57287,-44,11,1,7,1,-95,1,667510222,128,0 0 0 0 0 0 0 0 0 0 0 0 -9 -2 -8 -3 -9 -4 -8 -4 -8 -5 -8 -5 -8 -5 -8 -5 -8 -6 -8 -6 -8 -6 -8 -6 -8 -6 -8 -7 -8 -7 -8 -7 -8 -7 -8 -7 -8 -7 -8 -7 -8 -7 -8 -7 -8 -6 -8 -7 -8 -7 -9 -7 0 0 -9 -6 -9 -6 -9 -7 -9 -6 -9 -6 -10 -6 -10 -6 -10 -6 -10 -6 -11 -6 -11 -6 -11 -6 -12 -6 -12 -6 -12 -6 -12 -6 -12 -6 -13 -6 -13 -6 -13 -6 -13 -6 -13 -6 -13 -6 -13 -6 -13 -6 -14 -6 0 0 0 0 0 0 0 0 0 0
1784740946.024430,57288,-45,11,1,7,1,-95,1,667520409,128,0 0 0 0 0 0 0 0 0 0 0 0 -8 -3 -8 -3 -8 -4 -8 -4 -8 -5 -7 -5 -8 -5 -8 -5 -8 -5 -8 -6 -7 -6 -7 -6 -7 -6 -7 -7 -7 -6 -7 -7 -7 -6 -7 -7 -7 -6 -8 -6 -8 -6 -7 -6 -8 -6 -8 -6 -8 -6 -8 -6 0 0 -9 -6 -9 -6 -9 -5 -10 -5 -10 -5 -10 -5 -10 -5 -11 -5 -11 -6 -12 -5 -12 -5 -12 -5 -12 -5 -12 -6 -13 -6 -13 -5 -13 -6 -13 -6 -13 -6 -14 -6 -14 -6 -14 -6 -14 -6 -14 -6 -14 -7 -14 -6 0 0 0 0 0 0 0 0 0 0
1784740946.040406,57289,-45,11,1,7,1,-95,1,667530247,128,0 0 0 0 0 0 0 0 0 0 0 0 3 -7 3 -7 4 -6 4 -7 4 -6 5 -7 5 -6 5 -6 5 -7 5 -6 6 -6 6 -6 6 -6 6 -6 7 -6 6 -6 7 -6 7 -6 7 -6 7 -6 7 -6 7 -7 7 -7 7 -6 7 -7 7 -7 0 0 7 -7 7 -8 7 -8 7 -8 7 -9 7 -8 7 -9 8 -9 7 -9 8 -10 8 -10 8 -10 8 -10 8 -11 8 -11 9 -11 8 -10 9 -11 9 -11 9 -11 9 -12 9 -12 9 -11 10 -11 10 -11 10 -12 0 0 0 0 0 0 0 0 0 0
1784740946.040406,57290,-44,11,1,7,1,-95,1,667540296,128,0 0 0 0 0 0 0 0 0 0 0 0 7 1 7 2 7 2 7 3 7 3 7 3 7 3 7 4 7 4 7 4 7 4 7 5 7 5 7 5 7 5 7 6 7 6 7 6 7 6 7 6 7 6 7 6 7 6 7 6 7 6 8 6 0 0 8 6 8 6 8 6 8 6 9 6 9 6 9 6 9 6 9 6 10 6 10 6 10 5 11 6 11 6 11 6 11 6 11 6 11 6 11 6 12 7 12 7 12 7 12 6 12 6 12 6 12 7 0 0 0 0 0 0 0 0 0 0
1784740946.056384,57291,-45,11,1,7,1,-95,1,667550841,128,0 0 0 0 0 0 0 0 0 0 0 0 3 -7 4 -7 4 -7 5 -7 5 -7 6 -7 6 -7 6 -7 6 -7 7 -6 7 -6 7 -6 7 -6 8 -6 7 -6 8 -6 8 -6 8 -6 8 -6 8 -6 8 -6 8 -6 8 -6 8 -5 8 -6 8 -6 0 0 8 -6 8 -6 8 -7 8 -7 8 -7 8 -7 8 -7 8 -8 8 -8 8 -8 9 -8 8 -8 8 -8 8 -9 8 -9 9 -9 9 -9 9 -10 9 -10 9 -10 9 -10 9 -10 10 -10 10 -10 10 -10 10 -10 0 0 0 0 0 0 0 0 0 0
1784740946.072099,57292,-44,11,1,7,1,-95,1,667560350,128,0 0 0 0 0 0 0 0 0 0 0 0 6 -4 7 -3 7 -3 8 -2 8 -2 8 -2 8 -2 8 -2 8 -1 8 -1 9 -1 9 -1 9 0 9 0 9 0 9 0 10 0 9 0 10 0 9 0 10 0 10 0 10 0 10 0 10 0 10 0 0 0 10 0 10 0 11 0 10 -1 10 -1 11 -1 11 -1 11 -2 11 -1 11 -2 11 -2 12 -2 12 -2 12 -2 12 -2 13 -3 12 -2 13 -3 13 -3 13 -3 13 -3 13 -3 13 -3 13 -3 13 -3 13 -3 0 0 0 0 0 0 0 0 0 0
1784740946.072099,57293,-44,11,1,7,1,-95,1,667570250,128,0 0 0 0 0 0 0 0 0 0 0 0 -2 7 -3 7 -3 7 -4 7 -4 7 -4 7 -4 7 -5 7 -5 7 -5 7 -5 7 -6 7 -6 7 -6 7 -7 7 -7 7 -7 7 -7 8 -7 8 -7 8 -7 8 -8 7 -7 8 -7 8 -7 8 -8 8 0 0 -8 8 -8 9 -8 8 -7 9 -7 9 -7 9 -7 9 -7 9 -7 9 -7 10 -7 10 -7 10 -7 11 -7 11 -7 11 -8 11 -7 11 -7 11 -7 11 -7 12 -7 12 -8 12 -7 12 -7 12 -7 12 -7 12 0 0 0 0 0 0 0 0 0 0
1784740946.088074,57294,-44,11,1,7,1,-95,1,667580216,128,0 0 0 0 0 0 0 0 0 0 0 0 -5 6 -5 6 -6 6 -6 5 -7 6 -7 5 -7 6 -7 6 -7 6 -8 5 -8 5 -9 5 -9 5 -9 5 -9 5 -9 5 -9 5 -10 6 -9 5 -9 6 -9 6 -9 6 -10 6 -10 5 -10 5 -10 5 0 0 -9 6 -10 6 -9 6 -10 7 -9 7 -9 7 -9 7 -9 8 -9 8 -10 9 -10 8 -10 8 -10 8 -9 8 -9 10 -9 9 -10 10 -9 9 -9 10 -9 10 -9 10 -9 10 -10 10 -10 10 -10 10 -10 10 0 0 0 0 0 0 0 0 0 0
1784740946.088074,57295,-44,11,1,7,1,-95,1,667590294,128,0 0 0 0 0 0 0 0 0 0 0 0 6 4 6 5 6 5 5 6 5 6 5 6 5 6 6 7 5 7 5 7 5 7 5 8 5 8 5 8 5 8 5 8 5 8 5 9 5 8 5 8 6 9 5 9 5 9 5 9 5 9 5 9 0 0 6 9 6 9 5 9 6 9 6 8 7 9 7 8 7 8 7 9 8 8 7 9 8 9 8 9 8 9 8 9 9 9 9 9 9 9 9 9 9 8 10 9 10 9 9 8 9 9 9 9 10 9 0 0 0 0 0 0 0 0 0 0
1784740946.103569,57296,-44,11,1,7,1,-95,1,667600379,128,0 0 0 0 0 0 0 0 0 0 0 0 -8 3 -8 2 -9 2 -9 2 -9 1 -9 2 -9 1 -10 1 -10 1 -10 1 -10 0 -10 1 -10 0 -11 0 -11 0 -11 0 -11 0 -11 0 -11 0 -11 -1 -11 0 -11 0 -12 0 -11 -1 -11 0 -11 0 0 0 -12 0 -12 1 -11 0 -12 0 -12 1 -12 1 -12 2 -12 2 -12 2 -13 2 -13 2 -12 2 -13 2 -13 2 -13 3 -13 3 -13 2 -13 3 -13 3 -13 4 -14 4 -14 4 -13 4 -13 3 -14 3 -14 3 0 0 0 0 0 0 0 0 0 0
1784740946.119304,57297,-45,11,1,7,1,-95,1,667610307,128,0 0 0 0 0 0 0 0 0 0 0 0 -8 0 -8 0 -9 -1 -9 -1 -9 -2 -9 -2 -9 -2 -9 -3 -10 -3 -10 -3 -10 -3 -10 -4 -10 -4 -10 -4 -10 -4 -10 -4 -10 -4 -11 -4 -10 -4 -11 -5 -11 -5 -10 -5 -11 -5 -11 -5 -10 -5 -11 -5 0 0 -11 -5 -11 -4 -11 -4 -12 -4 -12 -4 -11 -4 -12 -4 -12 -4 -12 -4 -13 -4 -13 -3 -13 -3 -12 -3 -12 -3 -14 -3 -13 -3 -13 -3 -14 -3 -13 -3 -14 -3 -14 -3 -14 -2 -14 -3 -14 -3 -14 -3 -14 -3 0 0 0 0 0 0 0 0 0 0
1784740946.135252,57298,-45,11,1,7,1,-95,1,667622734,128,0 0 0 0 0 0 0 0 0 0 0 0 5 5 5 6 4 6 4 7 4 7 4 7 4 7 4 8 4 7 4 8 4 8 3 9 3 9 3 9 3 9 3 9 3 10 3 10 3 10 3 10 3 10 3 10 3 10 3 10 3 10 3 10 0 0 3 10 4 10 4 10 4 10 4 10 4 10 5 10 5 10 5 11 5 11 5 11 6 10 5 10 6 11 6 11 6 11 6 11 6 11 7 11 7 11 7 11 7 11 7 11 7 11 7 11 7 11 0 0 0 0 0 0 0 0 0 0
1784740946.135252,57299,-45,11,1,7,1,-95,1,667630327,128,0 0 0 0 0 0 0 0 0 0 0 0 0 7 0 7 -1 8 -1 8 -2 8 -2 8 -2 8 -2 8 -2 8 -3 9 -3 9 -3 9 -4 9 -4 9 -4 9 -5 9 -4 9 -5 9 -5 9 -5 9 -5 9 -5 9 -5 9 -5 9 -5 9 -5 9 0 0 -5 9 -5 10 -5 9 -4 10 -4 10 -4 10 -4 10 -4 11 -4 10 -4 11 -4 11 -4 11 -4 11 -4 11 -4 12 -4 12 -4 12 -4 12 -3 12 -3 12 -3 12 -3 12 -3 12 -4 13 -3 12 -3 13 0 0 0 0 0 0 0 0 0 0
1784740946.150967,57300,-45,11,1,7,1,-95,1,667640275,128,0 0 0 0 0 0 0 0 0 0 0 0 -4 -8 -4 -8 -3 -8 -3 -8 -3 -9 -2 -9 -3 -9 -2 -9 -2 -9 -1 -10 -1 -10 -1 -10 -1 -10 0 -10 -1 -10 -1 -11 -1 -11 -1 -11 0 -11 -1 -11 -1 -11 -1 -11 0 -11 0 -11 0 -11 0 -11 0 0 -1 -11 -1 -11 -1 -11 -1 -12 -1 -12 -1 -12 -2 -12 -2 -12 -2 -12 -2 -13 -2 -13 -2 -12 -2 -13 -2 -13 -3 -13 -3 -13 -3 -13 -3 -14 -3 -13 -4 -14 -3 -14 -4 -14 -3 -14 -3 -14 -3 -14 -3 -14 0 0 0 0 0 0 0 0 0 0
1784740946.166678,57301,-44,11,1,7,1,-95,1,667650246,128,0 0 0 0 0 0 0 0 0 0 0 0 5 5 4 5 4 6 4 6 4 7 4 7 3 7 3 7 3 8 3 8 3 8 3 8 3 8 3 8 3 9 3 9 3 9 3 9 3 9 2 9 3 9 2 9 3 9 3 9 3 9 3 10 0 0 3 10 3 10 3 10 3 10 4 10 4 10 4 10 4 10 4 10 5 10 5 10 5 10 6 11 6 11 6 11 6 11 6 10 6 11 6 11 6 11 7 11 7 12 7 11 7 11 7 12 7 12 0 0 0 0 0 0 0 0 0 0
1784740946.166678,57302,-44,11,1,7,1,-95,1,667660312,128,0 0 0 0 0 0 0 0 0 0 0 0 7 1 7 1 7 2 7 2 7 2 7 2 8 3 7 3 7 3 7 4 7 4 7 4 8 4 7 4 8 4 8 5 8 4 8 5 8 5 8 5 8 5 8 5 9 5 8 6 8 5 8 5 0 0 9 5 9 5 9 5 10 5 9 4 9 4 10 4 10 4 10 4 11 4 10 4 11 4 11 4 11 4 12 3 12 4 12 4 12 4 12 3 13 3 13 3 13 3 13 4 13 4 13 4 13 4 0 0 0 0 0 0 0 0 0 0
1784740946.182391,57303,-44,11,1,7,1,-95,1,667670195,128,0 0 0 0 0 0 0 0 0 0 0 0 -1 -8 -1 -8 0 -8 0 -9 0 -8 1 -9 1 -9 1 -9 1 -9 1 -9 1 -10 2 -10 2 -10 2 -10 2 -10 3 -10 3 -11 3 -10 3 -11 3 -10 3 -10 3 -11 3 -11 3 -11 3 -11 3 -11 0 0 3 -11 3 -11 3 -12 3 -11 3 -12 3 -12 3 -12 2 -12 2 -12 2 -12 2 -13 2 -13 2 -13 2 -13 2 -13 2 -14 2 -13 2 -14 2 -14 2 -14 2 -14 2 -14 2 -14 2 -14 2 -14 2 -14 0 0 0 0 0 0 0 0 0 0
1784740946.182391,57304,-45,11,1,7,1,-95,1,667681739,128,0 0 0 0 0 0 0 0 0 0 0 0 -1 7 -1 7 -2 7 -2 7 -3 7 -3 7 -3 7 -3 8 -3 8 -3 8 -4 8 -4 8 -4 8 -5 8 -5 9 -5 8 -5 9 -5 9 -5 9 -5 9 -5 9 -6 9 -5 9 -6 9 -6 9 -6 9 0 0 -6 9 -6 9 -6 10 -5 10 -5 10 -5 10 -5 10 -5 10 -5 10 -5 11 -5 11 -5 11 -5 11 -5 12 -5 11 -5 12 -5 11 -5 12 -4 12 -4 12 -4 12 -4 12 -4 12 -5 12 -4 12 -4 12 0 0 0 0 0 0 0 0 0 0
1784740946.197886,57305,-45,11,1,7,1,-95,1,667692032,128,0 0 0 0 0 0 0 0 0 0 0 0 -5 -6 -5 -6 -5 -7 -5 -7 -4 -8 -5 -8 -4 -8 -4 -8 -4 -9 -4 -9 -4 -9 -4 -9 -4 -10 -4 -10 -4 -10 -3 -10 -3 -11 -3 -10 -3 -11 -3 -11 -3 -11 -3 -11 -3 -11 -3 -11 -3 -11 -3 -11 0 0 -3 -11 -3 -11 -3 -11 -3 -11 -4 -11 -4 -11 -4 -11 -4 -11 -4 -12 -5 -12 -5 -12 -5 -12 -5 -12 -5 -12 -5 -12 -5 -13 -6 -12 -6 -12 -6 -12 -6 -12 -6 -12 -6 -13 -6 -12 -6 -12 -6 -13 -6 -13 0 0 0 0 0 0 0 0 0 0
1784740946.197886,57306,-45,11,1,7,1,-95,1,667700205,128,0 0 0 0 0 0 0 0 0 0 0 0 -8 -2 -8 -3 -8 -3 -8 -4 -8 -4 -8 -4 -8 -4 -8 -5 -8 -5 -8 -5 -8 -6 -8 -6 -8 -6 -8 -7 -8 -7 -8 -7 -8 -7 -8 -7 -8 -7 -8 -7 -8 -7 -8 -7 -8 -7 -8 -8 -8 -8 -9 -8 0 0 -9 -8 -9 -7 -9 -8 -9 -8 -9 -8 -9 -7 -10 -7 -10 -7 -10 -7 -10 -7 -10 -8 -11 -7 -10 -7 -11 -7 -11 -7 -12 -7 -11 -8 -12 -8 -12 -7 -12 -7 -12 -7 -12 -7 -12 -7 -12 -8 -12 -8 -12 -7 0 0 0 0 0 0 0 0 0 0
1784740946.208088,57307,-44,11,1,7,1,-95,1,667710292,128,0 0 0 0 0 0 0 0 0 0 0 0 -7 -5 -7 -5 -6 -6 -6 -6 -6 -6 -6 -7 -6 -7 -6 -7 -6 -7 -6 -8 -6 -8 -6 -8 -6 -8 -6 -9 -6 -9 -5 -9 -5 -9 -5 -9 -5 -10 -5 -9 -5 -9 -5 -9 -5 -9 -5 -9 -5 -9 -6 -10 0 0 -6 -10 -6 -10 -6 -10 -6 -10 -6 -10 -7 -10 -7 -10 -7 -10 -7 -10 -8 -10 -8 -10 -8 -10 -8 -10 -8 -10 -8 -10 -8 -11 -8 -10 -9 -11 -9 -11 -9 -11 -9 -11 -9 -11 -9 -11 -9 -11 -9 -11 -10 -12 0 0 0 0 0 0 0 0 0 0
1784740946.213890,57308,-44,11,1,7,1,-95,1,667720306,128,0 0 0 0 0 0 0 0 0 0 0 0 -1 -8 0 -8 0 -8 1 -8 1 -9 1 -8 2 -9 2 -9 2 -9 3 -9 3 -9 3 -9 3 -9 3 -9 3 -9 3 -9 3 -9 4 -10 4 -9 4 -10 4 -9 4 -10 4 -10 4 -9 4 -9 4 -10 0 0 3 -10 3 -10 3 -10 3 -11 3 -11 3 -11 2 -11 2 -11 2 -11 2 -12 2 -12 2 -12 2 -12 2 -12 2 -13 1 -13 2 -14 2 -14 2 -14 1 -14 1 -14 1 -14 1 -15 2 -15 2 -14 2 -14 0 0 0 0 0 0 0 0 0 0
1784740946.213890,57309,-44,11,1,7,1,-95,1,667730281,128,0 0 0 0 0 0 0 0 0 0 0 0 7 -2 8 -1 8 -1 8 0 8 0 8 0 8 1 8 1 8 1 8 1 8 2 8 2 9 2 9 2 9 2 9 2 9 2 9 2 9 2 9 2 9 2 9 2 9 2 9 2 9 2 10 2 0 0 10 2 10 2 10 2 10 2 10 1 11 1 10 1 11 1 11 1 12 1 12 1 12 1 12 1 12 1 12 0 13 0 13 0 13 0 13 0 13 0 13 0 13 0 13 0 13 1 14 0 14 0 0 0 0 0 0 0 0 0 0 0
1784740946.229783,57310,-44,11,1,7,1,-95,1,667740314,128,0 0 0 0 0 0 0 0 0 0 0 0 -8 2 -8 1 -8 1 -9 0 -8 0 -9 0 -9 0 -9 0 -9 -1 -9 -1 -9 -1 -10 -1 -10 -1 -10 -2 -10 -2 -10 -2 -10 -2 -10 -2 -10 -2 -10 -2 -10 -2 -10 -3 -10 -2 -10 -2 -10 -2 -11 -2 0 0 -11 -2 -11 -2 -11 -2 -11 -2 -11 -2 -11 -2 -12 -2 -12 -2 -12 -2 -13 -1 -13 -1 -13 -1 -13 -1 -13 -1 -13 -1 -14 -1 -13 -1 -14 -1 -14 -1 -14 -1 -14 -1 -14 -1 -14 -1 -14 -1 -14 -1 -15 -1 0 0 0 0 0 0 0 0 0 0
1784740946.245567,57311,-45,11,1,7,1,-95,1,667750236,128,0 0 0 0 0 0 0 0 0 0 0 0 7 2 6 2 7 3 6 3 7 3 6 4 7 4 7 4 7 4 7 5 7 5 7 5 6 5 6 5 7 6 7 6 7 6 7 6 7 6 7 6 7 6 7 6 7 6 7 6 7 6 7 6 0 0 8 6 8 6 8 6 9 6 8 6 9 5 9 5 9 6 9 5 10 6 10 6 10 6 10 6 10 5 11 5 11 5 11 6 11 6 12 5 12 5 12 6 12 5 12 6 12 6 12 6 12 6 0 0 0 0 0 0 0 0 0 0
1784740946.245567,57312,-44,11,1,7,1,-95,1,667760311,128,0 0 0 0 0 0 0 0 0 0 0 0 5 5 5 6 4 6 4 7 3 7 4 8 4 8 3 8 3 8 3 8 3 8 3 9 3 9 3 9 3 9 2 9 2 10 2 9 2 10 2 9 2 10 2 10 2 9 2 10 2 10 2 10 0 0 3 10 3 10 3 11 3 10 3 10 3 10 3 10 4 10 4 10 4 11 5 11 5 11 5 11 5 11 5 11 6 12 5 11 6 12 6 11 6 12 6 12 6 12 6 11 6 12 6 12 6 12 0 0 0 0 0 0 0 0 0 0
1784740946.261577,57313,-45,11,1,7,1,-95,1,667770989,128,0 0 0 0 0 0 0 0 0 0 0 0 2 6 2 7 2 7 1 7 1 8 1 7 1 8 1 8 1 8 0 8 0 8 0 9 0 9 0 9 0 9 0 9 0 9 0 9 0 9 0 9 0 9 0 9 0 10 -1 10 0 9 0 10 0 0 0 10 1 10 1 10 1 10 1 10 1 10 1 10 2 11 2 11 2 11 2 11 2 11 2 11 2 11 3 12 3 11 3 12 3 12 3 12 4 12 4 12 4 12 4 12 3 13 3 12 4 12 0 0 0 0 0 0 0 0 0 0
1784740946.261577,57314,-45,11,1,7,1,-95,1,667780249,128,0 0 0 0 0 0 0 0 0 0 0 0 -6 -5 -6 -5 -6 -6 -5 -6 -6 -6 -5 -6 -6 -7 -5 -7 -6 -7 -5 -8 -5 -8 -5 -8 -5 -8 -5 -8 -5 -9 -5 -9 -5 -9 -5 -9 -5 -9 -5 -9 -5 -9 -5 -9 -5 -9 -5 -9 -5 -9 -5 -10 0 0 -5 -10 -6 -10 -6 -9 -6 -10 -6 -9 -6 -10 -6 -10 -7 -10 -7 -10 -7 -10 -7 -10 -7 -10 -7 -10 -7 -10 -8 -10 -8 -10 -8 -11 -9 -11 -9 -10 -9 -11 -9 -11 -9 -11 -9 -11 -9 -11 -9 -11 -9 -11 0 0 0 0 0 0 0 0 0 0
1784740946.277343,57315,-44,11,1,7,1,-95,1,667790250,128,0 0 0 0 0 0 0 0 0 0 0 0 -1 -8 -1 -8 0 -8 0 -9 0 -8 1 -9 1 -9 1 -9 2 -9 2 -9 2 -9 2 -9 3 -9 3 -10 3 -10 3 -9 3 -10 3 -10 4 -10 4 -9 3 -10 4 -10 3 -10 4 -10 4 -10 4 -10 0 0 3 -11 3 -10 4 -11 3 -11 3 -11 3 -11 3 -11 2 -12 3 -12 2 -12 2 -12 2 -13 2 -13 2 -13 2 -13 2 -14 2 -13 2 -14 2 -14 2 -14 2 -14 2 -15 2 -14 2 -14 2 -15 2 -15 0 0 0 0 0 0 0 0 0 0
1784740946.293285,57316,-45,11,1,7,1,-95,1,667800261,128,0 0 0 0 0 0 0 0 0 0 0 0 7 3 7 3 7 4 6 4 6 5 6 5 6 5 6 6 6 6 6 6 6 7 6 7 6 7 5 7 5 7 5 7 6 8 5 8 6 8 5 8 5 8 6 8 6 8 5 8 5 8 6 8 0 0 6 8 6 8 6 8 7 8 7 7 7 8 7 7 8 8 8 8 8 8 8 8 8 8 9 8 8 8 9 8 9 8 9 8 10 8 10 8 10 8 10 8 10 8 10 8 10 9 10 8 11 8 0 0 0 0 0 0 0 0 0 0
1784740946.293285,57317,-45,11,1,7,1,-95,1,667810197,128,0 0 0 0 0 0 0 0 0 0 0 0 -8 -1 -8 -2 -8 -3 -8 -3 -9 -3 -9 -3 -9 -4 -9 -4 -9 -4 -9 -5 -9 -5 -9 -5 -9 -5 -9 -6 -9 -6 -9 -6 -9 -6 -9 -6 -9 -6 -9 -6 -9 -6 -9 -6 -9 -6 -9 -6 -9 -6 -9 -6 0 0 -9 -6 -10 -5 -10 -6 -10 -5 -10 -5 -10 -6 -10 -5 -11 -5 -11 -5 -12 -5 -12 -5 -12 -5 -12 -5 -12 -5 -12 -5 -13 -5 -13 -5 -13 -5 -13 -5 -13 -5 -13 -5 -14 -5 -13 -5 -14 -5 -14 -5 -14 -5 0 0 0 0 0 0 0 0 0 0
1784740946.308540,57318,-45,11,1,7,1,-95,1,667820331,128,0 0 0 0 0 0 0 0 0 0 0 0 3 -7 3 -7 4 -7 4 -7 4 -7 5 -7 5 -6 5 -6 6 -6 6 -6 6 -6 6 -6 6 -6 6 -6 7 -6 7 -6 7 -6 7 -6 7 -6 7 -6 7 -6 7 -6 7 -6 7 -6 7 -6 7 -7 0 0 8 -7 8 -7 8 -7 8 -7 7 -7 8 -7 8 -7 8 -8 8 -8 8 -8 8 -9 8 -9 8 -9 9 -9 9 -9 9 -10 9 -10 9 -10 9 -10 9 -10 9 -10 9 -10 9 -10 9 -10 9 -11 10 -11 0 0 0 0 0 0 0 0 0 0
1784740946.324460,57319,-45,11,1,7,1,-95,1,667830331,128,0 0 0 0 0 0 0 0 0 0 0 0 6 2 6 2 7 3 6 3 6 3 6 3 6 4 6 4 6 4 6 5 6 5 6 5 6 5 6 5 6 5 6 6 7 6 7 6 6 6 7 6 7 6 7 6 7 6 7 6 7 6 7 6 0 0 7 6 8 6 8 6 8 6 8 6 8 6 8 6 9 6 9 6 9 6 10 7 9 6 9 6 10 6 11 6 11 6 11 7 11 7 11 6 12 6 12 6 12 6 12 7 12 7 12 7 12 7 0 0 0 0 0 0 0 0 0 0
1784740946.324460,57320,-44,11,1,7,1,-95,1,667840217,128,0 0 0 0 0 0 0 0 0 0 0 0 -6 -5 -7 -5 -6 -5 -6 -6 -6 -6 -6 -7 -6 -6 -6 -7 -6 -7 -6 -7 -5 -8 -5 -8 -5 -8 -5 -8 -5 -8 -5 -8 -6 -8 -5 -9 -5 -9 -5 -8 -5 -9 -6 -9 -6 -8 -5 -9 -6 -9 -6 -9 0 0 -6 -9 -7 -9 -6 -9 -7 -9 -7 -9 -7 -9 -7 -9 -8 -9 -8 -9 -8 -10 -8 -10 -9 -10 -8 -10 -9 -10 -9 -9 -10 -10 -9 -10 -10 -10 -10 -10 -10 -10 -10 -10 -11 -10 -10 -10 -10 -11 -10 -11 -11 -11 0 0 0 0 0 0 0 0 0 0
1784740946.340501,57321,-44,11,1,7,1,-95,1,667850347,128,0 0 0 0 0 0 0 0 0 0 0 0 0 7 0 7 -1 7 -2 7 -2 7 -2 7 -2 7 -2 8 -3 8 -3 8 -3 8 -3 8 -3 8 -3 8 -4 8 -4 8 -4 8 -4 8 -5 8 -5 8 -4 9 -5 9 -4 9 -4 9 -4 9 -4 9 0 0 -5 9 -5 9 -5 10 -5 10 -4 10 -5 10 -5 10 -4 10 -5 10 -4 11 -4 11 -4 11 -4 12 -4 12 -4 12 -5 12 -4 12 -4 12 -4 12 -4 13 -4 13 -5 13 -4 13 -4 13 -4 13 -4 14 0 0 0 0 0 0 0 0 0 0
1784740946.356201,57322,-45,11,1,7,1,-95,1,667860216,128,0 0 0 0 0 0 0 0 0 0 0 0 6 3 6 3 6 4 6 4 6 4 6 5 6 5 6 5 6 5 6 6 6 6 6 6 6 7 5 7 5 7 6 7 6 7 6 7 6 7 6 7 6 7 6 7 6 8 6 8 6 8 6 8 0 0 7 8 7 8 7 7 8 8 7 7 8 7 8 7 8 8 8 7 9 8 9 8 9 7 9 7 9 7 11 7 10 7 10 8 10 8 11 8 11 7 11 8 11 7 12 8 11 9 11 8 11 8 0 0 0 0 0 0 0 0 0 0
1784740946.356201,57323,-45,11,1,7,1,-95,1,667874450,128,0 0 0 0 0 0 0 0 0 0 0 0 1 -8 1 -7 2 -8 2 -8 2 -8 2 -8 3 -8 3 -8 3 -8 4 -8 4 -8 4 -8 4 -8 5 -8 4 -8 5 -9 4 -8 5 -9 5 -8 5 -8 5 -9 5 -9 5 -9 5 -8 5 -8 5 -9 0 0 5 -9 5 -10 4 -9 5 -10 4 -10 4 -10 4 -11 4 -11 4 -11 4 -12 4 -11 4 -11 4 -11 4 -11 4 -13 3 -12 4 -13 4 -13 3 -13 3 -14 4 -13 3 -14 4 -14 4 -14 4 -14 4 -14 0 0 0 0 0 0 0 0 0 0
1784740946.371995,57324,-45,11,1,7,1,-95,1,667880384,128,0 0 0 0 0 0 0 0 0 0 0 0 5 -5 5 -5 6 -5 6 -5 6 -5 6 -5 7 -4 7 -4 7 -4 7 -4 8 -4 8 -4 8 -4 8 -4 8 -4 8 -3 8 -3 9 -3 8 -3 9 -3 9 -3 9 -3 9 -4 9 -3 9 -4 9 -4 0 0 9 -4 9 -4 9 -4 9 -5 9 -5 9 -5 9 -5 9 -5 9 -5 10 -6 10 -6 10 -6 10 -6 10 -6 10 -7 10 -7 10 -7 10 -7 11 -7 11 -8 11 -8 11 -8 11 -8 11 -8 11 -8 11 -8 0 0 0 0 0 0 0 0 0 0
1784740946.371995,57325,-45,11,1,7,1,-95,1,667890227,128,0 0 0 0 0 0 0 0 0 0 0 0 3 -7 3 -7 4 -7 4 -7 5 -7 5 -7 5 -7 5 -7 5 -7 6 -7 6 -7 6 -6 7 -6 7 -6 7 -6 7 -7 7 -7 7 -7 7 -7 7 -6 7 -6 7 -7 7 -7 7 -7 7 -6 8 -7 0 0 7 -7 7 -8 7 -8 7 -8 7 -8 7 -8 7 -8 8 -9 7 -9 8 -9 8 -9 8 -9 7 -10 8 -9 7 -11 7 -11 8 -11 8 -11 8 -11 8 -12 8 -11 7 -12 8 -11 9 -12 8 -12 9 -11 0 0 0 0 0 0 0 0 0 0
1784740946.394801,57326,-45,11,1,7,1,-95,1,667900277,128,0 0 0 0 0 0 0 0 0 0 0 0 7 0 7 1 7 2 7 2 7 2 7 2 7 3 7 3 7 3 7 3 7 4 7 4 8 4 7 4 8 4 7 5 8 5 8 5 8 5 8 5 8 4 8 5 8 5 8 5 8 5 8 5 0 0 8 5 9 5 9 5 9 5 9 5 9 5 10 5 10 4 10 4 10 4 10 4 11 4 11 4 11 4 11 4 12 5 12 4 12 4 12 4 12 4 13 4 13 4 13 4 13 4 13 4 13 5 0 0 0 0 0 0 0 0 0 0
1784740946.404059,57327,-45,11,1,7,1,-95,1,667910318,128,0 0 0 0 0 0 0 0 0 0 0 0 6 -3 6 -2 7 -2 7 -1 8 -2 7 -2 8 -1 8 -1 8 -1 8 -1 8 0 8 0 9 0 9 0 9 0 9 0 9 1 10 0 9 0 9 1 9 0 10 0 10 0 10 1 10 0 10 1 0 0 10 0 10 0 10 0 11 0 10 0 11 0 11 -1 11 -1 11 -1 12 -1 12 -1 11 -1 12 -1 12 -2 13 -2 12 -2 13 -1 13 -2 13 -2 13 -2 13 -2 13 -2 14 -2 13 -2 13 -2 14 -2 0 0 0 0 0 0 0 0 0 0
1784740946.419394,57328,-44,11,1,7,1,-95,1,667920319,128,0 0 0 0 0 0 0 0 0 0 0 0 7 1 7 2 7 2 7 3 7 3 7 3 7 4 7 4 7 4 7 4 7 5 7 5 7 5 7 5 7 6 7 6 7 6 7 6 7 6 7 6 7 6 7 6 7 6 7 6 7 7 7 7 0 0 8 7 8 6 8 6 8 6 9 6 9 6 9 6 9 6 9 6 10 7 10 6 10 6 10 6 10 6 11 6 11 6 11 7 11 7 11 6 12 6 12 6 12 6 12 7 12 7 12 7 12 7 0 0 0 0 0 0 0 0 0 0
1784740946.419394,57329,-44,11,1,7,1,-95,1,667930236,128,0 0 0 0 0 0 0 0 0 0 0 0 6 2 7 2 6 3 7 3 6 3 7 4 6 4 7 4 6 5 7 4 7 5 7 5 7 5 7 6 7 6 6 6 7 6 6 6 7 6 6 7 7 7 6 7 7 6 7 6 7 6 7 6 0 0 7 7 7 7 7 7 7 6 8 6 8 6 8 6 8 6 9 7 9 6 9 6 9 6 10 6 10 6 10 6 10 7 10 6 11 6 11 6 11 7 11 6 11 7 11 6 11 6 11 6 12 7 0 0 0 0 0 0 0 0 0 0
1784740946.435230,57330,-44,11,1,7,1,-95,1,667940320,128,0 0 0 0 0 0 0 0 0 0 0 0 -8 -1 -8 -2 -8 -3 -8 -3 -9 -3 -8 -3 -9 -3 -8 -4 -8 -4 -9 -5 -9 -5 -9 -5 -8 -5 -9 -5 -8 -5 -9 -6 -8 -5 -9 -6 -8 -6 -9 -6 -9 -6 -9 -6 -9 -6 -9 -6 -9 -6 -9 -6 0 0 -9 -6 -10 -6 -9 -5 -11 -6 -10 -5 -10 -5 -11 -5 -11 -5 -11 -5 -12 -5 -11 -5 -12 -5 -11 -5 -11 -5 -13 -5 -12 -5 -13 -5 -13 -5 -13 -5 -14 -4 -13 -5 -14 -5 -14 -5 -14 -6 -14 -6 -14 -5 0 0 0 0 0 0 0 0 0 0
1784740946.435230,57331,-45,11,1,7,1,-95,1,667950320,128,0 0 0 0 0 0 0 0 0 0 0 0 -3 -7 -3 -7 -2 -8 -2 -8 -2 -8 -2 -8 -2 -9 -2 -9 -1 -9 -1 -9 -1 -9 -1 -9 0 -9 0 -10 0 -10 0 -10 0 -10 0 -10 0 -10 0 -10 0 -10 0 -10 0 -10 0 -10 0 -10 0 -11 0 0 0 -11 0 -11 0 -11 -1 -11 -1 -11 -1 -12 -1 -12 -1 -12 -2 -12 -2 -13 -2 -13 -2 -13 -2 -12 -2 -13 -3 -13 -3 -13 -2 -13 -3 -14 -3 -14 -3 -14 -3 -14 -3 -14 -3 -15 -2 -15 -3 -15 -3 -15 0 0 0 0 0 0 0 0 0 0
1784740946.451142,57332,-44,11,1,7,1,-95,1,667960211,128,0 0 0 0 0 0 0 0 0 0 0 0 1 -7 1 -8 2 -7 2 -8 2 -7 2 -8 3 -8 3 -8 3 -8 3 -8 4 -8 4 -8 4 -8 4 -8 4 -9 5 -8 5 -9 5 -8 5 -9 5 -8 5 -8 5 -9 5 -9 5 -9 5 -9 5 -9 0 0 5 -10 5 -9 5 -10 4 -10 4 -10 4 -10 4 -10 4 -11 4 -11 4 -11 4 -12 4 -12 4 -12 4 -13 4 -12 4 -13 4 -12 4 -13 4 -13 4 -13 4 -14 4 -14 4 -14 4 -14 4 -14 4 -14 0 0 0 0 0 0 0 0 0 0
1784740946.467102,57333,-44,11,1,7,1,-95,1,667970289,128,0 0 0 0 0 0 0 0 0 0 0 0 -3 -7 -2 -8 -2 -8 -2 -8 -1 -8 -1 -8 -1 -9 -1 -9 -1 -9 0 -9 0 -9 0 -10 0 -10 1 -10 0 -10 1 -10 1 -10 1 -10 1 -10 1 -10 1 -10 1 -10 1 -11 1 -11 1 -11 1 -11 0 0 0 -11 0 -11 0 -11 0 -12 0 -12 0 -12 -1 -12 -1 -12 -1 -12 -1 -13 -1 -13 -1 -13 -1 -13 -1 -13 -2 -14 -2 -14 -2 -14 -2 -14 -2 -14 -2 -15 -2 -15 -2 -15 -2 -15 -2 -15 -2 -15 -2 -15 0 0 0 0 0 0 0 0 0 0
1784740946.467102,57334,-45,11,1,7,1,-95,1,667980248,128,0 0 0 0 0 0 0 0 0 0 0 0 2 6 2 6 2 6 2 7 1 7 1 7 1 7 1 8 1 8 0 8 0 8 0 8 -1 8 0 9 -1 9 -1 9 -1 9 -1 9 -1 10 -1 9 -1 9 -1 9 -1 9 -1 9 -1 10 -1 10 0 0 -1 10 0 10 0 10 0 10 0 10 0 11 0 11 0 11 0 11 1 11 1 12 1 12 1 12 1 12 1 12 1 13 1 12 1 13 1 13 1 13 1 13 1 13 1 13 1 14 1 14 1 14 0 0 0 0 0 0 0 0 0 0
1784740946.483080,57335,-44,11,1,7,1,-95,1,667990252,128,0 0 0 0 0 0 0 0 0 0 0 0 4 5 4 6 3 6 3 7 3 7 3 7 3 8 3 7 2 8 3 8 3 8 3 8 3 9 2 9 2 9 1 9 1 10 1 9 2 10 1 10 1 10 1 10 2 10 2 10 2 10 2 10 0 0 2 11 2 10 2 11 2 10 3 10 2 11 2 11 3 11 3 11 4 11 4 11 4 11 4 11 4 12 4 12 4 12 4 12 4 13 4 13 4 13 5 13 4 13 5 12 5 13 5 13 5 13 0 0 0 0 0 0 0 0 0 0
1784740946.483080,57336,-44,11,1,7,1,-95,1,668000284,128,0 0 0 0 0 0 0 0 0 0 0 0 5 -6 5 -5 5 -5 6 -5 6 -5 6 -5 7 -5 7 -5 7 -5 7 -4 8 -4 8 -4 8 -4 8 -4 8 -4 9 -4 9 -4 9 -4 9 -4 9 -4 9 -4 9 -4 9 -4 9 -4 9 -4 10 -4 0 0 9 -4 10 -5 9 -5 10 -5 9 -5 10 -5 9 -6 10 -6 9 -6 10 -6 10 -6 10 -6 10 -6 10 -6 10 -8 10 -8 11 -8 11 -8 10 -8 11 -9 11 -8 10 -9 11 -8 12 -8 11 -8 11 -8 0 0 0 0 0 0 0 0 0 0
1784740946.498954,57337,-45,11,1,7,1,-95,1,668010179,128,0 0 0 0 0 0 0 0 0 0 0 0 -7 -4 -7 -4 -7 -5 -6 -5 -6 -5 -6 -5 -6 -5 -7 -6 -7 -6 -7 -6 -6 -7 -6 -7 -7 -7 -6 -7 -7 -8 -6 -8 -6 -8 -6 -8 -6 -8 -6 -8 -6 -8 -6 -9 -7 -8 -6 -9 -6 -9 -7 -9 0 0 -7 -9 -7 -9 -7 -9 -7 -9 -7 -9 -8 -9 -8 -9 -8 -9 -8 -9 -9 -9 -9 -9 -9 -9 -9 -9 -9 -10 -9 -9 -9 -10 -9 -9 -10 -10 -10 -10 -10 -10 -11 -10 -10 -10 -10 -10 -10 -10 -11 -10 -11 -11 0 0 0 0 0 0 0 0 0 0
1784740946.526786,57338,-44,11,1,7,1,-95,1,668020254,128,0 0 0 0 0 0 0 0 0 0 0 0 2 -7 2 -7 3 -7 3 -7 3 -7 3 -7 3 -7 4 -7 4 -7 4 -7 5 -7 5 -7 5 -8 5 -7 6 -8 6 -7 6 -7 6 -7 6 -7 6 -7 6 -8 6 -7 6 -8 6 -8 6 -8 7 -8 0 0 7 -8 7 -8 7 -8 6 -8 6 -9 6 -9 6 -9 6 -10 6 -10 6 -10 6 -10 6 -11 6 -11 7 -11 6 -11 7 -11 7 -11 7 -12 7 -12 7 -12 7 -12 7 -12 7 -12 7 -12 7 -12 7 -13 0 0 0 0 0 0 0 0 0 0
1784740946.526786,57339,-45,11,1,7,1,-95,1,668032411,128,0 0 0 0 0 0 0 0 0 0 0 0 -7 -4 -6 -4 -7 -5 -6 -5 -7 -6 -6 -6 -6 -6 -6 -6 -6 -7 -6 -7 -6 -7 -6 -7 -7 -7 -6 -8 -6 -8 -6 -8 -6 -8 -6 -8 -6 -8 -6 -8 -7 -8 -6 -9 -7 -9 -6 -9 -6 -9 -7 -9 0 0 -7 -9 -7 -9 -7 -9 -8 -8 -7 -9 -8 -9 -8 -9 -9 -9 -8 -9 -9 -9 -9 -9 -9 -9 -10 -9 -10 -9 -10 -9 -10 -9 -10 -9 -11 -9 -11 -9 -11 -9 -11 -10 -11 -10 -11 -10 -11 -10 -12 -10 -11 -10 0 0 0 0 0 0 0 0 0 0
1784740946.530662,57340,-45,11,1,7,1,-95,1,668040295,128,0 0 0 0 0 0 0 0 0 0 0 0 6 -2 7 -2 7 -1 8 -1 7 -1 8 -1 8 0 8 0 8 0 8 0 8 0 9 0 9 1 9 1 9 1 9 2 10 2 9 2 9 2 9 2 9 2 10 3 9 2 9 2 10 2 10 2 0 0 10 2 10 2 11 2 10 2 11 1 11 1 11 1 11 1 11 1 12 0 12 0 12 0 12 0 13 0 12 1 13 1 13 0 14 0 14 1 14 0 14 0 14 1 14 0 14 0 14 0 15 1 0 0 0 0 0 0 0 0 0 0
1784740946.546473,57341,-45,11,1,7,1,-95,1,668051889,128,0 0 0 0 0 0 0 0 0 0 0 0 -7 -3 -7 -4 -7 -4 -7 -4 -7 -5 -7 -5 -7 -5 -7 -5 -8 -5 -7 -6 -7 -6 -7 -7 -7 -7 -7 -7 -8 -7 -7 -8 -7 -7 -7 -8 -8 -8 -8 -8 -8 -8 -8 -8 -8 -8 -8 -8 -8 -8 -8 -8 0 0 -8 -8 -9 -8 -8 -8 -9 -8 -9 -8 -9 -8 -9 -8 -10 -8 -10 -8 -10 -8 -10 -8 -10 -8 -10 -8 -11 -8 -11 -8 -11 -9 -11 -9 -12 -8 -12 -8 -12 -9 -13 -8 -13 -9 -12 -9 -12 -9 -12 -9 -12 -9 0 0 0 0 0 0 0 0 0 0
1784740946.546473,57342,-44,11,1,7,1,-95,1,668060270,128,0 0 0 0 0 0 0 0 0 0 0 0 -7 -3 -7 -4 -7 -4 -7 -5 -7 -5 -7 -5 -8 -5 -7 -6 -8 -6 -7 -7 -7 -7 -7 -7 -7 -7 -7 -7 -7 -7 -7 -8 -8 -8 -7 -8 -8 -8 -8 -8 -8 -8 -8 -8 -8 -8 -7 -8 -7 -8 -7 -8 0 0 -8 -8 -8 -8 -8 -8 -9 -8 -9 -8 -9 -8 -9 -8 -10 -8 -10 -8 -10 -9 -10 -8 -10 -8 -10 -8 -11 -8 -11 -8 -12 -8 -11 -8 -12 -9 -12 -8 -12 -8 -12 -9 -12 -8 -12 -9 -12 -10 -12 -9 -12 -9 0 0 0 0 0 0 0 0 0 0
1784740946.562458,57343,-44,11,1,7,1,-95,1,668070210,128,0 0 0 0 0 0 0 0 0 0 0 0 -6 -5 -6 -6 -6 -6 -5 -6 -5 -7 -5 -7 -5 -7 -5 -7 -5 -8 -5 -8 -5 -8 -5 -8 -5 -8 -5 -9 -5 -9 -4 -9 -4 -9 -5 -9 -4 -9 -4 -10 -4 -9 -4 -10 -5 -10 -5 -9 -5 -10 -5 -10 0 0 -5 -10 -5 -10 -5 -10 -6 -10 -6 -10 -6 -10 -6 -10 -6 -10 -6 -11 -7 -10 -7 -10 -8 -10 -7 -10 -8 -11 -8 -11 -8 -11 -8 -11 -8 -11 -8 -11 -8 -12 -8 -11 -9 -12 -9 -12 -9 -12 -9 -12 -9 -12 0 0 0 0 0 0 0 0 0 0
1784740946.582196,57344,-44,11,1,7,1,-95,1,668080324,128,0 0 0 0 0 0 0 0 0 0 0 0 -4 -7 -3 -7 -3 -8 -3 -8 -3 -8 -3 -8 -3 -8 -3 -9 -2 -9 -2 -9 -2 -9 -2 -9 -2 -10 -2 -10 -2 -10 -1 -10 -1 -10 -1 -10 -1 -10 -1 -10 -1 -10 -1 -11 -2 -11 -1 -11 -1 -11 -1 -11 0 0 -2 -11 -2 -11 -2 -11 -2 -12 -3 -11 -3 -11 -3 -11 -3 -12 -3 -12 -4 -12 -4 -12 -4 -12 -4 -12 -4 -12 -5 -13 -5 -13 -5 -13 -5 -13 -5 -13 -6 -13 -5 -14 -6 -14 -5 -14 -5 -14 -5 -14 -5 -14 0 0 0 0 0 0 0 0 0 0
1784740946.582196,57345,-45,11,1,7,1,-95,1,668090199,128,0 0 0 0 0 0 0 0 0 0 0 0 5 4 5 4 5 5 5 5 5 5 5 5 5 6 5 6 5 6 5 6 5 6 5 7 4 7 5 7 5 7 4 7 5 8 5 8 5 8 5 8 5 8 5 8 5 8 4 8 5 8 5 8 0 0 5 8 5 8 5 8 6 9 6 8 6 9 6 8 6 9 6 9 7 9 7 9 7 8 7 9 7 9 8 9 8 9 8 10 8 9 8 10 9 10 8 10 9 10 9 10 8 10 9 10 9 10 0 0 0 0 0 0 0 0 0 0
1784740946.642453,57346,-45,11,1,7,1,-95,1,668101441,128,0 0 0 0 0 0 0 0 0 0 0 0 0 7 0 7 -1 7 -1 7 -1 7 -2 7 -1 7 -2 8 -2 8 -3 8 -3 8 -3 8 -3 8 -3 8 -3 8 -3 8 -4 9 -4 9 -4 8 -3 9 -4 9 -4 9 -4 9 -4 9 -4 9 -4 9 0 0 -4 9 -4 10 -3 9 -3 10 -3 10 -3 10 -3 10 -3 10 -3 10 -3 11 -3 11 -3 11 -3 11 -2 11 -2 12 -2 12 -2 12 -2 12 -2 13 -2 13 -2 13 -2 13 -3 13 -3 13 -3 14 -2 13 0 0 0 0 0 0 0 0 0 0
1784740946.642453,57347,-45,11,1,7,1,-95,1,668110325,128,0 0 0 0 0 0 0 0 0 0 0 0 -4 6 -4 6 -5 6 -5 5 -5 6 -5 5 -5 6 -5 6 -6 6 -6 6 -7 5 -7 5 -7 5 -7 5 -7 5 -8 6 -7 5 -8 6 -7 5 -8 6 -7 6 -8 6 -8 6 -8 5 -8 5 -8 6 0 0 -8 6 -8 7 -8 6 -8 7 -8 7 -8 7 -8 8 -8 8 -8 8 -8 9 -9 8 -8 8 -8 8 -8 9 -8 10 -8 9 -9 10 -9 10 -8 10 -9 11 -9 10 -9 11 -10 10 -10 10 -10 10 -9 11 0 0 0 0 0 0 0 0 0 0
1784740946.642453,57348,-45,11,1,7,1,-95,1,668120292,128,0 0 0 0 0 0 0 0 0 0 0 0 -1 7 -1 7 -2 7 -2 7 -2 7 -3 7 -3 7 -3 7 -3 7 -3 7 -4 8 -4 8 -4 8 -4 8 -4 8 -4 8 -4 8 -5 8 -5 8 -5 8 -5 8 -5 8 -5 9 -5 8 -5 9 -5 9 0 0 -4 9 -5 9 -5 10 -5 10 -4 10 -4 10 -4 10 -4 11 -4 11 -4 11 -4 11 -4 11 -4 11 -4 12 -4 12 -4 13 -4 12 -4 13 -3 13 -4 13 -3 14 -3 14 -4 13 -5 13 -4 13 -4 14 0 0 0 0 0 0 0 0 0 0
1784740946.642453,57349,-45,11,1,7,1,-95,1,668130300,128,0 0 0 0 0 0 0 0 0 0 0 0 1 -8 2 -8 2 -8 3 -7 3 -7 3 -8 3 -8 4 -8 4 -8 3 -8 4 -8 4 -8 5 -8 5 -8 5 -8 5 -8 6 -8 6 -8 6 -8 6 -8 6 -8 6 -8 6 -8 6 -8 6 -8 6 -9 0 0 6 -9 6 -9 7 -9 6 -9 6 -10 6 -10 6 -10 6 -10 7 -10 6 -11 6 -11 6 -11 6 -12 6 -12 7 -11 7 -12 7 -11 7 -12 7 -12 7 -12 7 -13 8 -13 7 -13 7 -13 7 -13 7 -13 0 0 0 0 0 0 0 0 0 0
1784740946.642453,57350,-44,11,1,7,1,-95,1,668147894,128,0 0 0 0 0 0 0 0 0 0 0 0 4 5 4 5 3 6 3 6 3 6 3 6 3 6 3 7 3 7 3 7 3 7 3 7 3 8 3 8 3 8 2 8 3 9 2 8 2 9 2 9 2 9 2 9 3 9 3 9 3 9 3 9 0 0 3 9 3 10 3 10 3 10 4 10 3 10 4 10 4 10 4 11 5 10 5 10 5 10 5 11 5 11 5 11 5 12 5 11 5 12 5 12 5 12 6 12 5 13 6 12 6 12 6 12 6 13 0 0 0 0 0 0 0 0 0 0
1784740946.642453,57351,-45,11,1,7,1,-95,1,668150223,128,0 0 0 0 0 0 0 0 0 0 0 0 -6 -5 -5 -6 -5 -6 -5 -6 -5 -7 -5 -7 -5 -7 -5 -7 -5 -7 -4 -8 -5 -8 -5 -8 -4 -8 -4 -9 -4 -9 -4 -9 -4 -9 -4 -9 -4 -9 -4 -10 -4 -10 -4 -10 -4 -10 -4 -10 -4 -10 -4 -10 0 0 -5 -10 -5 -10 -5 -10 -5 -10 -6 -10 -6 -10 -6 -10 -6 -11 -6 -11 -7 -11 -7 -11 -7 -11 -7 -11 -7 -11 -7 -12 -8 -12 -7 -12 -8 -12 -8 -12 -8 -12 -8 -12 -8 -12 -8 -13 -8 -13 -8 -13 -8 -13 0 0 0 0 0 0 0 0 0 0
1784740946.642453,57352,-45,11,1,7,1,-95,1,668160250,128,0 0 0 0 0 0 0 0 0 0 0 0 -6 -4 -6 -5 -6 -5 -6 -6 -6 -6 -6 -6 -6 -6 -6 -6 -6 -7 -6 -7 -6 -7 -6 -7 -6 -8 -6 -8 -6 -8 -5 -8 -5 -8 -6 -8 -5 -9 -5 -9 -6 -9 -5 -9 -6 -9 -6 -9 -6 -9 -6 -9 0 0 -6 -9 -6 -10 -6 -10 -6 -9 -7 -9 -7 -9 -7 -9 -7 -9 -7 -10 -8 -10 -8 -10 -8 -10 -9 -10 -9 -11 -9 -11 -9 -11 -9 -11 -9 -11 -9 -11 -9 -11 -9 -11 -9 -12 -9 -12 -9 -12 -10 -12 -10 -12 0 0 0 0 0 0 0 0 0 0
1784740946.658311,57353,-45,11,1,7,1,-95,1,668170206,128,0 0 0 0 0 0 0 0 0 0 0 0 -7 2 -7 2 -8 1 -7 1 -8 1 -8 1 -8 1 -8 0 -8 0 -9 0 -9 0 -9 0 -9 0 -9 0 -9 0 -10 0 -9 0 -10 -1 -10 -1 -10 -1 -10 -1 -10 -1 -11 -1 -10 -1 -10 -1 -11 -1 0 0 -11 -1 -11 0 -11 -1 -12 0 -11 0 -12 0 -12 0 -12 0 -12 0 -13 0 -13 0 -13 1 -13 1 -13 0 -14 1 -14 1 -14 1 -14 1 -14 1 -15 1 -15 1 -15 1 -15 1 -15 0 -15 0 -15 0 0 0 0 0 0 0 0 0 0 0
1784740946.689813,57354,-44,11,1,7,1,-95,1,668180412,128,0 0 0 0 0 0 0 0 0 0 0 0 5 -4 6 -4 6 -3 6 -3 6 -3 6 -3 6 -3 7 -3 7 -3 7 -3 7 -3 8 -3 8 -2 8 -2 8 -2 8 -2 9 -2 8 -2 9 -2 9 -2 9 -2 9 -2 9 -2 9 -2 9 -2 10 -2 0 0 10 -2 10 -2 10 -2 10 -2 10 -3 10 -3 10 -3 11 -3 11 -3 11 -4 11 -4 11 -4 12 -4 12 -4 12 -4 13 -4 12 -4 12 -4 13 -4 13 -4 13 -4 13 -4 13 -4 13 -4 13 -5 14 -4 0 0 0 0 0 0 0 0 0 0
1784740946.689813,57355,-44,11,1,7,1,-95,1,668190206,128,0 0 0 0 0 0 0 0 0 0 0 0 5 -5 5 -5 5 -4 6 -4 6 -4 6 -4 6 -4 7 -4 7 -4 7 -4 7 -4 7 -4 8 -3 8 -3 8 -4 8 -3 9 -3 8 -3 9 -3 9 -3 9 -3 9 -3 9 -3 9 -3 9 -3 10 -3 0 0 10 -3 10 -3 10 -3 10 -4 10 -4 10 -4 10 -4 10 -4 11 -4 11 -5 11 -5 11 -5 11 -5 12 -5 12 -5 12 -5 12 -5 12 -5 12 -5 12 -5 12 -5 13 -5 12 -6 13 -5 13 -5 13 -6 0 0 0 0 0 0 0 0 0 0
1784740946.721606,57356,-44,11,1,7,1,-95,1,668200196,128,0 0 0 0 0 0 0 0 0 0 0 0 6 0 6 1 7 1 6 2 7 2 7 2 7 2 7 2 7 2 7 3 7 3 8 4 7 4 7 4 7 4 8 4 8 4 8 4 8 4 8 5 8 5 8 5 8 5 8 5 8 5 8 5 0 0 9 5 9 5 9 5 10 5 10 4 10 5 10 4 10 5 10 4 11 5 11 4 11 4 11 4 11 4 12 4 12 4 12 5 13 5 13 5 13 4 13 5 13 4 13 5 13 5 13 5 13 5 0 0 0 0 0 0 0 0 0 0
1784740946.721606,57357,-44,11,1,7,1,-95,1,668210275,128,0 0 0 0 0 0 0 0 0 0 0 0 3 -6 4 -6 4 -6 5 -6 5 -6 5 -6 5 -5 5 -6 6 -6 5 -6 6 -6 6 -6 6 -6 7 -6 7 -6 7 -5 8 -6 8 -5 8 -6 8 -5 8 -6 8 -5 8 -6 8 -6 8 -6 8 -6 0 0 9 -6 9 -6 9 -6 8 -6 8 -7 9 -7 9 -7 9 -7 9 -7 9 -8 9 -8 9 -8 9 -9 10 -9 9 -8 10 -9 9 -8 10 -9 10 -9 10 -9 10 -10 10 -9 10 -9 10 -10 10 -10 11 -10 0 0 0 0 0 0 0 0 0 0
1784740946.721606,57358,-45,11,1,7,1,-95,1,668220195,128,0 0 0 0 0 0 0 0 0 0 0 0 -7 -4 -7 -4 -7 -5 -6 -5 -7 -5 -6 -6 -7 -5 -7 -6 -7 -6 -6 -7 -6 -7 -7 -7 -6 -7 -6 -8 -7 -8 -7 -8 -7 -8 -7 -8 -7 -8 -7 -8 -7 -8 -7 -8 -7 -9 -6 -9 -7 -9 -7 -9 0 0 -7 -9 -8 -8 -8 -8 -8 -9 -8 -8 -8 -8 -9 -8 -9 -9 -9 -8 -10 -9 -9 -9 -9 -9 -9 -9 -10 -9 -10 -9 -11 -9 -11 -9 -11 -9 -11 -9 -12 -9 -12 -9 -12 -9 -12 -10 -11 -10 -11 -10 -11 -10 0 0 0 0 0 0 0 0 0 0
1784740946.721606,57359,-44,11,1,7,1,-95,1,668230241,128,0 0 0 0 0 0 0 0 0 0 0 0 5 3 5 3 5 4 5 4 5 4 5 4 5 5 5 5 5 5 5 5 5 6 5 6 5 6 5 6 5 7 5 7 5 7 5 7 5 7 5 7 5 7 5 8 5 8 5 8 5 8 5 8 0 0 6 8 6 8 6 8 6 8 7 8 6 8 7 8 7 8 7 8 7 8 7 8 8 8 8 8 8 9 8 8 8 9 8 9 9 9 9 9 9 9 9 9 9 9 9 9 9 10 9 10 9 10 0 0 0 0 0 0 0 0 0 0
1784740946.721606,57360,-45,11,1,7,1,-95,1,668240187,128,0 0 0 0 0 0 0 0 0 0 0 0 -1 -7 -1 -8 0 -8 0 -8 0 -8 0 -8 0 -8 1 -8 1 -8 1 -8 1 -9 1 -9 1 -9 2 -9 2 -10 2 -9 2 -10 3 -9 3 -10 3 -10 3 -10 3 -10 2 -10 3 -10 3 -10 3 -10 0 0 3 -11 3 -11 3 -11 3 -11 3 -11 3 -11 3 -11 2 -12 3 -12 2 -12 2 -12 2 -12 2 -13 2 -13 2 -13 3 -14 2 -13 2 -14 2 -14 2 -14 2 -14 3 -14 2 -14 3 -14 2 -15 2 -15 0 0 0 0 0 0 0 0 0 0
1784740946.737786,57361,-45,11,1,7,1,-95,1,668250181,128,0 0 0 0 0 0 0 0 0 0 0 0 -7 0 -7 -1 -8 -1 -7 -1 -8 -2 -8 -2 -8 -2 -8 -2 -8 -2 -8 -2 -8 -3 -9 -3 -9 -3 -9 -3 -9 -3 -9 -4 -9 -4 -9 -4 -9 -4 -10 -4 -10 -4 -10 -4 -10 -4 -9 -4 -10 -4 -10 -4 0 0 -10 -4 -10 -4 -10 -4 -11 -4 -11 -3 -11 -4 -11 -3 -11 -3 -11 -3 -12 -3 -12 -3 -12 -3 -12 -3 -13 -3 -13 -3 -13 -3 -13 -3 -14 -3 -14 -2 -14 -2 -14 -3 -14 -2 -14 -3 -15 -3 -14 -3 -15 -3 0 0 0 0 0 0 0 0 0 0
1784740946.785364,57362,-44,11,1,7,1,-95,1,668260389,128,0 0 0 0 0 0 0 0 0 0 0 0 2 -7 2 -7 3 -7 3 -7 3 -7 3 -7 3 -7 4 -7 4 -7 4 -7 4 -7 5 -8 5 -8 5 -8 5 -8 5 -7 6 -8 6 -7 6 -8 6 -8 6 -8 6 -8 6 -8 6 -8 6 -8 6 -8 0 0 6 -9 6 -9 7 -9 6 -9 6 -9 6 -9 6 -10 6 -10 7 -10 6 -11 6 -10 6 -11 7 -11 7 -11 7 -11 7 -12 7 -11 7 -12 7 -12 7 -13 7 -13 7 -13 7 -12 8 -12 8 -13 8 -13 0 0 0 0 0 0 0 0 0 0
1784740946.785364,57363,-44,11,1,7,1,-95,1,668270227,128,0 0 0 0 0 0 0 0 0 0 0 0 0 6 -1 6 -1 7 -1 7 -2 7 -2 7 -2 7 -2 7 -2 7 -2 8 -3 8 -3 8 -3 8 -3 8 -3 8 -4 8 -4 8 -4 8 -4 8 -4 9 -4 9 -4 9 -4 9 -4 9 -4 9 -4 9 0 0 -4 9 -4 9 -4 10 -4 10 -4 10 -4 10 -4 10 -3 11 -4 11 -3 11 -3 11 -3 11 -3 11 -3 12 -3 12 -3 12 -3 12 -3 13 -3 13 -3 13 -3 13 -3 13 -3 13 -3 14 -3 14 -4 14 0 0 0 0 0 0 0 0 0 0
1784740946.785364,57364,-44,11,1,7,1,-95,1,668282864,128,0 0 0 0 0 0 0 0 0 0 0 0 6 -4 6 -4 6 -3 6 -3 7 -3 7 -3 7 -3 7 -3 7 -3 8 -3 8 -2 8 -2 9 -2 9 -2 9 -2 9 -2 9 -2 10 -2 9 -2 9 -2 10 -2 10 -2 10 -2 10 -2 10 -2 10 -2 0 0 10 -2 10 -3 10 -3 11 -3 10 -3 10 -3 10 -4 11 -4 11 -4 11 -5 12 -4 11 -4 11 -4 11 -5 12 -6 12 -5 12 -5 12 -6 12 -6 13 -6 13 -6 13 -6 13 -6 13 -6 13 -6 13 -6 0 0 0 0 0 0 0 0 0 0
1784740946.785364,57365,-44,11,1,7,1,-95,1,668290256,128,0 0 0 0 0 0 0 0 0 0 0 0 -6 4 -6 4 -6 4 -7 4 -7 4 -7 3 -7 3 -7 4 -8 4 -8 3 -8 3 -8 3 -9 3 -9 3 -9 3 -10 3 -10 3 -10 3 -10 2 -10 2 -10 3 -10 2 -10 2 -10 3 -10 2 -10 3 0 0 -11 3 -10 3 -11 3 -10 3 -10 3 -10 4 -11 4 -11 4 -11 4 -11 5 -11 5 -11 5 -12 5 -12 5 -12 5 -12 6 -12 5 -12 6 -12 6 -13 6 -13 6 -13 6 -13 6 -13 6 -13 6 -13 6 0 0 0 0 0 0 0 0 0 0
1784740946.785364,57366,-44,11,1,7,1,-95,1,668300254,128,0 0 0 0 0 0 0 0 0 0 0 0 4 -6 4 -5 5 -5 5 -5 5 -5 5 -5 6 -5 6 -5 6 -5 6 -5 7 -5 7 -5 7 -5 8 -5 8 -5 8 -4 8 -4 8 -4 8 -4 9 -4 9 -4 9 -4 9 -4 9 -4 9 -4 9 -4 0 0 9 -5 10 -5 9 -5 9 -5 9 -5 9 -5 9 -5 9 -6 10 -6 10 -6 10 -7 10 -7 10 -7 10 -7 10 -7 11 -7 11 -7 11 -8 11 -8 11 -8 11 -8 11 -7 11 -8 11 -8 11 -8 12 -8 0 0 0 0 0 0 0 0 0 0
1784740946.817397,57367,-45,11,1,7,1,-95,1,668310187,128,0 0 0 0 0 0 0 0 0 0 0 0 -7 -2 -7 -3 -7 -3 -7 -3 -7 -4 -7 -4 -7 -4 -7 -4 -8 -4 -8 -5 -8 -5 -8 -6 -8 -6 -8 -6 -8 -6 -8 -6 -8 -6 -9 -7 -8 -7 -8 -7 -8 -6 -8 -7 -9 -7 -8 -7 -8 -7 -8 -7 0 0 -8 -7 -9 -7 -9 -7 -10 -7 -9 -6 -10 -7 -10 -6 -10 -6 -10 -6 -11 -7 -11 -6 -11 -6 -11 -6 -11 -6 -12 -6 -12 -6 -13 -7 -12 -6 -13 -6 -13 -6 -13 -6 -13 -6 -14 -7 -13 -7 -13 -7 -13 -7 0 0 0 0 0 0 0 0 0 0
1784740946.817397,57368,-45,11,1,7,1,-95,1,668320322,128,0 0 0 0 0 0 0 0 0 0 0 0 3 -6 4 -6 4 -6 4 -6 4 -6 5 -6 5 -6 5 -6 5 -6 5 -6 5 -6 6 -6 6 -6 6 -6 7 -6 7 -6 7 -6 7 -6 7 -6 7 -6 7 -6 8 -6 7 -6 7 -6 7 -6 8 -7 0 0 8 -7 8 -7 8 -7 7 -7 7 -7 8 -8 8 -7 8 -8 8 -8 7 -8 8 -9 8 -9 7 -9 8 -10 8 -9 8 -10 8 -10 8 -10 8 -10 8 -11 8 -11 9 -11 8 -11 9 -11 9 -11 9 -11 0 0 0 0 0 0 0 0 0 0
1784740946.817397,57369,-45,11,1,7,1,-95,1,668330313,128,0 0 0 0 0 0 0 0 0 0 0 0 4 -6 4 -6 5 -6 5 -5 5 -6 5 -5 5 -5 6 -6 6 -5 6 -6 6 -5 6 -5 7 -5 7 -5 7 -5 8 -5 8 -5 8 -5 8 -5 8 -5 8 -5 8 -5 8 -5 9 -5 9 -5 9 -5 0 0 9 -5 9 -6 9 -5 9 -6 9 -6 9 -6 9 -6 9 -7 9 -7 10 -7 10 -7 9 -8 10 -7 10 -7 10 -8 10 -8 11 -8 11 -8 11 -8 11 -9 11 -9 11 -9 11 -9 12 -9 11 -9 11 -9 0 0 0 0 0 0 0 0 0 0
1784740946.833537,57370,-45,11,1,7,1,-95,1,668340226,128,0 0 0 0 0 0 0 0 0 0 0 0 2 6 2 6 1 6 1 6 1 7 1 7 1 7 1 7 1 7 0 8 0 8 0 8 0 8 0 8 0 8 0 9 0 9 0 9 0 9 0 9 0 9 0 9 0 10 -1 10 -1 10 0 10 0 0 0 10 0 10 0 10 1 11 1 10 1 11 1 11 1 11 1 11 2 12 1 12 2 11 2 11 2 11 3 12 3 12 2 13 2 13 3 13 3 13 3 13 4 13 3 14 2 14 3 14 3 14 0 0 0 0 0 0 0 0 0 0
1784740946.833537,57371,-44,11,1,7,1,-95,1,668350287,128,0 0 0 0 0 0 0 0 0 0 0 0 -7 0 -7 0 -7 -1 -8 -1 -7 -1 -8 -1 -8 -1 -8 -2 -8 -2 -8 -2 -9 -2 -9 -2 -9 -3 -9 -3 -10 -3 -9 -3 -10 -4 -9 -4 -10 -4 -10 -4 -10 -4 -10 -4 -10 -4 -10 -4 -10 -4 -11 -4 0 0 -11 -4 -10 -4 -11 -4 -11 -4 -11 -4 -11 -3 -11 -4 -12 -3 -12 -3 -12 -3 -12 -3 -13 -3 -13 -3 -13 -3 -13 -3 -14 -3 -13 -3 -14 -3 -14 -3 -14 -3 -14 -3 -15 -3 -14 -3 -15 -3 -15 -3 -16 -3 0 0 0 0 0 0 0 0 0 0
1784740946.881939,57372,-44,11,1,7,1,-95,1,668360258,128,0 0 0 0 0 0 0 0 0 0 0 0 3 5 2 5 2 6 2 6 2 6 2 6 2 7 2 7 2 7 2 8 2 8 1 8 1 8 1 8 1 8 1 9 1 9 1 9 1 9 1 10 1 9 1 9 1 10 1 10 1 9 1 10 0 0 1 10 1 10 1 10 1 11 2 10 2 11 2 11 2 11 2 11 3 12 3 11 3 11 3 11 3 11 4 12 4 12 3 12 4 12 4 13 4 13 4 13 4 13 4 13 4 14 4 13 4 14 0 0 0 0 0 0 0 0 0 0
1784740946.881939,57373,-44,11,1,7,1,-95,1,668370219,128,0 0 0 0 0 0 0 0 0 0 0 0 -7 -1 -7 -1 -7 -1 -7 -2 -8 -2 -8 -2 -8 -2 -8 -2 -8 -3 -8 -3 -8 -3 -9 -3 -9 -4 -9 -4 -9 -4 -9 -4 -9 -4 -9 -4 -9 -5 -9 -5 -9 -5 -9 -5 -10 -5 -9 -5 -9 -5 -10 -5 0 0 -10 -5 -10 -5 -10 -5 -11 -5 -10 -4 -11 -5 -11 -4 -11 -4 -11 -4 -12 -4 -12 -4 -12 -4 -12 -4 -12 -4 -13 -4 -13 -4 -13 -4 -14 -4 -14 -4 -14 -4 -14 -4 -14 -4 -14 -4 -14 -4 -14 -4 -15 -4 0 0 0 0 0 0 0 0 0 0
1784740946.881939,57374,-44,11,1,7,1,-95,1,668380202,128,0 0 0 0 0 0 0 0 0 0 0 0 3 5 3 5 3 6 3 6 2 6 2 6 2 7 2 7 2 7 2 7 2 8 2 8 2 8 2 8 2 9 1 9 1 9 1 9 1 9 1 9 1 10 1 10 1 9 1 9 2 10 1 10 0 0 1 10 1 10 1 10 2 10 2 10 2 10 2 11 2 11 2 11 3 11 3 11 4 11 4 11 4 12 3 12 3 12 4 12 4 12 4 13 4 13 4 13 4 14 4 13 4 13 5 13 5 14 0 0 0 0 0 0 0 0 0 0
1784740946.881939,57375,-44,11,1,7,1,-95,1,668390265,128,0 0 0 0 0 0 0 0 0 0 0 0 -5 5 -5 4 -6 4 -6 4 -7 4 -6 4 -7 4 -7 4 -7 4 -8 4 -8 4 -8 3 -9 3 -9 3 -8 4 -9 4 -9 4 -9 4 -9 4 -9 4 -9 4 -9 4 -10 4 -10 3 -10 3 -10 3 0 0 -10 4 -10 4 -9 4 -10 5 -10 5 -10 5 -10 5 -10 6 -10 6 -11 6 -11 6 -10 6 -11 6 -10 6 -11 8 -10 7 -12 7 -11 7 -11 8 -11 8 -12 8 -11 9 -12 8 -13 8 -12 8 -12 8 0 0 0 0 0 0 0 0 0 0
1784740946.895129,57376,-44,11,1,7,1,-95,1,668400263,128,0 0 0 0 0 0 0 0 0 0 0 0 -1 -7 -1 -8 -1 -8 0 -8 0 -8 0 -8 0 -8 0 -9 1 -9 1 -9 1 -9 1 -9 2 -9 2 -9 2 -10 2 -10 2 -10 2 -10 3 -10 2 -10 2 -10 3 -10 2 -10 3 -10 3 -10 3 -11 0 0 2 -11 2 -10 2 -11 2 -11 2 -11 2 -11 1 -12 1 -12 1 -12 1 -12 1 -13 1 -13 1 -13 1 -13 1 -13 1 -14 1 -13 1 -14 0 -14 0 -15 0 -15 0 -15 1 -15 1 -15 1 -15 1 -16 0 0 0 0 0 0 0 0 0 0
1784740946.929758,57377,-44,11,1,7,1,-95,1,668410233,128,0 0 0 0 0 0 0 0 0 0 0 0 -7 0 -7 0 -8 0 -8 -1 -8 -1 -8 -1 -8 -1 -8 -1 -8 -2 -9 -2 -9 -2 -9 -2 -9 -2 -9 -2 -10 -3 -10 -3 -10 -3 -10 -3 -10 -3 -10 -3 -10 -4 -10 -4 -10 -3 -10 -3 -10 -3 -10 -3 0 0 -10 -3 -11 -3 -11 -4 -11 -3 -11 -3 -11 -3 -11 -3 -12 -3 -12 -3 -12 -2 -12 -2 -12 -2 -12 -2 -13 -2 -13 -3 -14 -2 -13 -2 -14 -2 -14 -3 -14 -3 -14 -3 -14 -3 -14 -2 -15 -2 -15 -2 -15 -2 0 0 0 0 0 0 0 0 0 0
1784740946.929758,57378,-44,11,1,7,1,-95,1,668420968,128,0 0 0 0 0 0 0 0 0 0 0 0 6 0 7 0 6 1 7 1 7 1 7 1 7 1 7 2 7 1 7 2 7 2 8 3 8 3 8 3 8 3 8 3 9 3 8 4 9 4 9 3 9 3 9 4 9 4 8 4 9 4 9 4 0 0 9 4 9 3 10 4 10 3 10 3 10 3 10 3 11 3 11 3 11 3 11 3 11 3 12 3 12 3 12 2 13 2 12 3 13 2 13 2 13 2 13 2 14 2 13 3 14 3 14 3 14 3 0 0 0 0 0 0 0 0 0 0
1784740946.929758,57379,-44,11,1,7,1,-95,1,668430221,128,0 0 0 0 0 0 0 0 0 0 0 0 6 0 6 1 6 1 6 1 6 2 6 2 6 2 7 2 7 2 7 2 7 3 7 3 7 3 8 3 8 3 8 4 8 4 8 4 8 4 8 4 8 4 8 4 8 4 8 4 8 4 9 4 0 0 9 4 9 4 9 4 9 4 9 4 10 4 10 3 10 3 10 3 11 3 11 3 11 3 11 3 12 3 11 3 12 3 12 3 12 3 12 3 13 3 13 3 13 3 13 3 13 3 13 3 14 4 0 0 0 0 0 0 0 0 0 0
1784740946.929758,57380,-45,11,1,7,1,-95,1,668441944,128,0 0 0 0 0 0 0 0 0 0 0 0 4 4 4 5 4 5 4 5 4 5 4 6 4 6 4 6 4 6 4 6 4 7 4 7 4 7 4 7 4 8 4 8 4 8 4 8 4 9 3 9 3 9 3 9 4 9 3 9 4 9 4 9 0 0 4 9 4 9 4 9 4 9 5 9 4 9 5 9 5 10 5 10 6 10 6 10 6 10 6 10 6 11 6 10 6 11 6 11 7 11 7 11 7 11 7 11 7 12 7 12 7 12 7 12 7 12 0 0 0 0 0 0 0 0 0 0
1784740946.977424,57381,-45,11,1,7,1,-95,1,668450256,128,0 0 0 0 0 0 0 0 0 0 0 0 2 -7 2 -7 3 -7 3 -7 3 -7 3 -7 4 -7 4 -7 4 -7 4 -7 5 -7 5 -7 5 -7 5 -7 5 -7 6 -8 6 -8 6 -8 6 -8 6 -8 6 -8 6 -8 7 -8 7 -8 7 -7 7 -8 0 0 6 -8 7 -9 6 -8 7 -9 6 -9 6 -9 6 -9 6 -10 6 -10 7 -11 7 -11 6 -10 6 -10 6 -11 6 -12 6 -12 7 -12 7 -12 7 -12 7 -12 7 -12 7 -13 7 -13 8 -13 7 -13 8 -13 0 0 0 0 0 0 0 0 0 0
1784740946.977424,57382,-45,11,1,7,1,-95,1,668462105,128,0 0 0 0 0 0 0 0 0 0 0 0 -6 -4 -6 -5 -6 -5 -6 -5 -6 -6 -6 -6 -6 -6 -6 -6 -6 -6 -6 -7 -6 -7 -6 -8 -5 -8 -5 -8 -6 -8 -6 -8 -6 -8 -6 -9 -6 -9 -6 -9 -6 -9 -6 -9 -6 -9 -6 -9 -5 -9 -6 -9 0 0 -6 -9 -7 -9 -6 -9 -7 -10 -7 -9 -7 -9 -8 -9 -8 -10 -8 -9 -8 -10 -8 -10 -8 -10 -8 -10 -8 -10 -10 -10 -9 -10 -10 -11 -10 -11 -10 -10 -10 -11 -10 -11 -11 -10 -10 -12 -10 -12 -10 -12 -10 -12 0 0 0 0 0 0 0 0 0 0
1784740946.977424,57383,-44,11,1,7,1,-95,1,668470352,128,0 0 0 0 0 0 0 0 0 0 0 0 -7 0 -7 0 -8 -1 -8 -1 -8 -1 -8 -1 -8 -1 -8 -1 -8 -2 -9 -2 -9 -2 -9 -2 -9 -3 -9 -3 -9 -3 -10 -3 -9 -3 -10 -4 -10 -4 -10 -4 -10 -4 -10 -4 -10 -4 -10 -4 -10 -4 -10 -4 0 0 -11 -4 -11 -4 -11 -4 -11 -4 -11 -4 -11 -4 -11 -3 -12 -3 -12 -3 -12 -3 -12 -3 -12 -3 -13 -3 -13 -3 -13 -3 -13 -3 -14 -4 -14 -3 -14 -3 -14 -3 -14 -3 -15 -3 -15 -3 -15 -4 -15 -4 -15 -4 0 0 0 0 0 0 0 0 0 0
1784740946.977424,57384,-44,11,1,7,1,-95,1,668480236,128,0 0 0 0 0 0 0 0 0 0 0 0 0 6 0 6 0 6 -1 6 -1 7 -1 7 -1 7 -1 7 -1 7 -2 7 -2 8 -2 8 -3 8 -3 8 -3 8 -3 8 -3 9 -3 9 -3 9 -3 9 -3 9 -3 9 -3 9 -4 9 -4 9 -4 9 0 0 -3 9 -3 9 -3 10 -3 10 -3 10 -3 10 -3 10 -3 11 -3 11 -2 11 -3 11 -2 11 -2 11 -3 12 -2 12 -2 12 -2 12 -2 13 -2 13 -2 13 -2 13 -2 13 -2 13 -3 14 -3 14 -3 14 0 0 0 0 0 0 0 0 0 0
1784740946.977424,57385,-44,11,1,7,1,-95,1,668490216,128,0 0 0 0 0 0 0 0 0 0 0 0 6 2 6 2 6 3 6 3 6 3 6 3 6 4 6 4 6 4 6 4 6 4 7 4 7 5 7 5 7 5 6 6 7 6 6 6 7 7 6 7 7 7 6 7 7 6 7 7 7 7 7 7 0 0 7 7 7 7 7 7 7 7 8 7 8 7 8 7 8 7 8 7 9 7 9 7 9 7 10 7 10 7 9 7 10 8 10 7 10 8 11 8 11 8 11 8 11 8 11 8 11 8 11 8 11 9 0 0 0 0 0 0 0 0 0 0
1784740946.993282,57386,-44,11,1,7,1,-95,1,668500186,128,0 0 0 0 0 0 0 0 0 0 0 0 4 -5 4 -5 5 -5 5 -5 5 -5 5 -5 6 -5 6 -5 6 -5 6 -5 7 -5 7 -5 7 -4 7 -5 8 -5 8 -4 8 -5 8 -4 8 -4 8 -4 9 -4 9 -4 9 -4 9 -4 9 -4 9 -4 0 0 9 -5 9 -5 9 -5 9 -5 9 -5 9 -5 9 -5 9 -6 10 -6 10 -6 10 -6 10 -7 10 -7 10 -7 10 -7 10 -7 11 -7 11 -8 11 -8 11 -8 11 -8 11 -8 11 -8 12 -8 11 -8 12 -8 0 0 0 0 0 0 0 0 0 0
1784740946.993282,57387,-45,11,1,7,1,-95,1,668511034,128,0 0 0 0 0 0 0 0 0 0 0 0 5 3 5 4 5 4 5 4 5 4 5 5 5 5 5 5 5 5 5 5 5 6 5 6 5 6 5 6 6 7 5 7 6 7 5 7 5 8 5 7 6 8 5 8 6 8 5 8 5 8 6 8 0 0 6 8 6 8 6 8 6 8 6 8 7 8 7 8 7 8 7 8 8 8 8 8 8 8 8 8 9 9 9 8 9 9 9 9 9 9 9 9 10 9 10 9 10 9 10 9 10 9 10 10 10 10 0 0 0 0 0 0 0 0 0 0
1784740947.041009,57388,-44,11,1,7,1,-95,1,668520295,128,0 0 0 0 0 0 0 0 0 0 0 0 -6 -3 -7 -4 -6 -4 -6 -5 -6 -5 -6 -5 -6 -5 -7 -5 -6 -6 -7 -6 -7 -6 -7 -6 -7 -6 -7 -7 -7 -7 -7 -7 -7 -8 -7 -7 -7 -8 -7 -8 -7 -8 -7 -8 -7 -8 -7 -8 -7 -8 -7 -8 0 0 -8 -8 -7 -8 -8 -9 -8 -8 -8 -8 -8 -8 -8 -8 -9 -8 -9 -8 -9 -8 -9 -8 -10 -8 -10 -8 -10 -9 -10 -9 -11 -9 -10 -8 -11 -9 -11 -9 -11 -9 -11 -9 -11 -10 -11 -9 -11 -9 -12 -9 -12 -10 0 0 0 0 0 0 0 0 0 0
1784740947.041009,57389,-44,11,1,7,1,-95,1,668530292,128,0 0 0 0 0 0 0 0 0 0 0 0 3 5 3 5 3 6 2 6 2 6 2 6 2 6 2 7 2 7 2 8 2 8 1 8 1 8 1 8 1 8 1 9 1 8 1 9 1 9 1 9 1 9 1 9 1 10 1 9 1 9 1 9 0 0 1 10 2 10 1 9 2 11 2 10 2 10 2 10 2 11 3 10 3 11 3 11 3 11 3 11 3 11 4 12 4 11 4 12 4 12 4 12 4 13 4 12 5 12 4 13 4 13 4 13 4 13 0 0 0 0 0 0 0 0 0 0
1784740947.041009,57390,-44,11,1,7,1,-95,1,668540282,128,0 0 0 0 0 0 0 0 0 0 0 0 -2 6 -3 6 -3 6 -4 6 -4 6 -4 6 -4 6 -4 6 -4 7 -5 6 -5 7 -5 7 -5 7 -6 7 -6 7 -6 7 -7 7 -7 7 -7 7 -7 7 -7 7 -7 7 -7 7 -7 7 -7 7 -7 8 0 0 -7 8 -7 8 -8 8 -7 8 -7 9 -7 9 -7 9 -7 9 -7 9 -7 10 -7 10 -7 10 -7 10 -7 10 -7 11 -7 11 -8 11 -8 12 -7 12 -7 12 -8 12 -8 12 -8 12 -8 12 -8 12 -8 12 0 0 0 0 0 0 0 0 0 0
1784740947.041009,57391,-45,11,1,7,1,-95,1,668551594,128,0 0 0 0 0 0 0 0 0 0 0 0 2 -6 3 -6 3 -6 3 -6 4 -6 4 -6 4 -6 4 -6 5 -7 5 -6 5 -6 5 -7 5 -7 6 -7 6 -7 6 -7 7 -7 6 -7 6 -7 7 -7 7 -7 7 -7 7 -7 7 -7 7 -7 7 -7 0 0 7 -8 7 -8 8 -8 7 -8 7 -8 7 -8 7 -8 7 -9 7 -9 7 -10 7 -9 7 -10 8 -10 8 -10 8 -10 8 -10 8 -10 8 -11 8 -11 8 -11 8 -11 8 -11 8 -11 8 -11 9 -12 9 -12 0 0 0 0 0 0 0 0 0 0
1784740947.056795,57392,-44,11,1,7,1,-95,1,668560306,128,0 0 0 0 0 0 0 0 0 0 0 0 6 -2 6 -1 6 -1 7 -1 7 -1 7 -1 7 -1 7 -1 7 0 7 0 8 1 8 1 8 1 8 1 8 1 9 1 9 1 9 1 9 1 9 1 9 1 9 1 9 2 9 2 9 2 10 2 0 0 10 1 10 1 10 1 10 1 10 1 11 1 11 1 11 0 11 0 12 0 12 0 12 0 12 0 12 0 13 0 13 0 13 0 13 0 13 -1 13 -1 14 -1 14 -1 14 0 14 0 14 0 14 0 0 0 0 0 0 0 0 0 0 0
1784740947.056795,57393,-45,11,1,7,1,-95,1,668570326,128,0 0 0 0 0 0 0 0 0 0 0 0 -5 -5 -5 -5 -5 -6 -4 -6 -4 -6 -4 -6 -5 -7 -5 -7 -5 -7 -4 -7 -4 -8 -4 -8 -4 -8 -4 -9 -4 -9 -4 -9 -4 -9 -4 -9 -4 -9 -4 -10 -5 -9 -4 -10 -4 -10 -4 -10 -4 -10 -4 -10 0 0 -5 -10 -4 -10 -4 -11 -5 -10 -5 -10 -5 -10 -5 -11 -6 -11 -6 -11 -6 -11 -6 -11 -6 -11 -6 -11 -6 -12 -7 -11 -7 -12 -7 -12 -7 -12 -7 -12 -8 -12 -8 -12 -8 -13 -7 -13 -7 -13 -7 -13 -8 -13 0 0 0 0 0 0 0 0 0 0
1784740947.088885,57394,-45,11,1,7,1,-95,1,668580195,128,0 0 0 0 0 0 0 0 0 0 0 0 -7 -1 -7 -2 -7 -2 -7 -2 -7 -3 -8 -3 -8 -3 -8 -3 -8 -3 -8 -3 -8 -3 -8 -4 -9 -4 -9 -4 -9 -5 -9 -5 -9 -5 -9 -5 -9 -5 -9 -6 -9 -6 -9 -6 -9 -5 -9 -6 -9 -6 -10 -6 0 0 -10 -6 -10 -6 -10 -6 -10 -6 -10 -6 -10 -6 -10 -6 -11 -6 -11 -6 -12 -6 -11 -6 -12 -5 -12 -6 -12 -6 -12 -6 -13 -6 -12 -6 -13 -6 -13 -6 -13 -7 -13 -7 -13 -7 -14 -6 -13 -7 -14 -7 -14 -7 0 0 0 0 0 0 0 0 0 0
1784740947.088885,57395,-45,11,1,7,1,-95,1,668590277,128,0 0 0 0 0 0 0 0 0 0 0 0 0 6 0 6 -1 7 -1 6 -1 7 -1 7 -1 7 -1 7 -1 8 -2 8 -2 8 -2 8 -3 8 -3 8 -2 8 -2 9 -2 8 -3 9 -3 9 -3 9 -3 9 -3 9 -3 9 -3 9 -3 9 -3 9 0 0 -3 10 -2 10 -2 10 -2 11 -2 10 -2 11 -1 11 -2 11 -1 11 -2 12 -2 12 -2 12 -2 12 -1 12 -1 13 0 13 -1 13 -1 13 0 13 0 14 0 13 0 14 -1 14 -1 14 -1 14 -1 14 0 0 0 0 0 0 0 0 0 0
1784740947.088885,57396,-45,11,1,7,1,-95,1,668600198,128,0 0 0 0 0 0 0 0 0 0 0 0 6 -2 6 -2 6 -1 7 -1 7 -1 7 -1 7 0 7 0 7 0 7 0 8 0 8 0 8 0 8 0 9 0 9 1 9 1 9 1 9 1 9 1 9 1 9 1 9 1 9 1 9 1 10 1 0 0 10 1 10 1 10 1 10 1 10 0 10 0 10 0 11 0 11 0 11 -1 12 -1 12 -1 12 -1 12 -1 12 -1 13 -1 12 -1 13 -1 13 -1 14 -1 14 -1 14 -1 14 -1 14 -1 14 -1 14 -1 0 0 0 0 0 0 0 0 0 0
1784740947.110752,57397,-45,11,1,7,1,-95,1,668614602,128,0 0 0 0 0 0 0 0 0 0 0 0 5 -5 5 -5 6 -5 6 -4 6 -4 6 -4 6 -4 7 -4 7 -4 7 -4 7 -4 8 -4 8 -4 8 -4 9 -4 8 -3 9 -4 9 -4 9 -4 9 -3 9 -4 9 -3 9 -4 9 -4 9 -4 10 -4 0 0 10 -4 10 -4 10 -4 10 -5 10 -5 10 -5 10 -5 10 -5 10 -5 10 -6 11 -6 11 -6 11 -6 11 -7 11 -7 12 -7 11 -7 12 -7 12 -7 12 -8 12 -8 13 -8 12 -7 12 -7 13 -8 13 -8 0 0 0 0 0 0 0 0 0 0
1784740947.110752,57398,-45,11,1,7,1,-95,1,668620368,128,0 0 0 0 0 0 0 0 0 0 0 0 -1 -7 -1 -8 0 -8 0 -8 0 -8 0 -8 0 -8 1 -8 1 -8 1 -8 2 -9 2 -9 2 -9 2 -9 2 -10 2 -9 3 -10 2 -9 3 -10 3 -10 3 -10 3 -10 3 -10 3 -10 3 -10 3 -10 0 0 3 -10 2 -10 3 -11 2 -11 2 -11 2 -11 2 -11 2 -12 2 -12 2 -12 2 -12 2 -12 2 -13 2 -13 1 -13 1 -14 2 -13 1 -14 1 -14 1 -15 1 -14 1 -15 2 -14 2 -15 2 -15 2 -15 0 0 0 0 0 0 0 0 0 0
1784740947.136739,57399,-45,11,1,7,1,-95,1,668630240,128,0 0 0 0 0 0 0 0 0 0 0 0 -7 2 -7 2 -8 2 -8 2 -8 1 -8 1 -8 1 -9 1 -9 1 -9 1 -9 1 -9 1 -10 0 -10 0 -10 0 -10 0 -11 -1 -10 -1 -11 -1 -11 -1 -11 0 -11 -1 -11 0 -11 0 -11 0 -11 0 0 0 -11 0 -11 0 -12 0 -11 0 -12 0 -12 1 -12 1 -12 1 -12 1 -13 2 -13 1 -13 2 -13 2 -13 2 -13 2 -14 2 -13 2 -14 2 -14 3 -14 3 -14 3 -15 3 -14 3 -15 3 -15 3 -16 3 0 0 0 0 0 0 0 0 0 0
1784740947.136739,57400,-44,11,1,7,1,-95,1,668640200,128,0 0 0 0 0 0 0 0 0 0 0 0 6 1 6 1 6 2 6 2 6 3 6 3 6 3 7 3 7 3 7 4 7 4 7 4 7 4 7 5 7 5 7 5 7 5 7 5 7 5 7 5 7 5 7 5 8 5 7 5 7 6 8 6 0 0 8 6 8 6 8 6 9 6 8 5 9 5 9 5 10 5 9 5 10 5 10 5 10 5 10 5 10 5 11 5 11 5 11 5 12 5 12 5 12 5 12 5 12 5 13 6 12 6 12 6 13 6 0 0 0 0 0 0 0 0 0 0
1784740947.136739,57401,-44,11,1,7,1,-95,1,668650326,128,0 0 0 0 0 0 0 0 0 0 0 0 4 5 4 5 4 5 4 5 4 6 4 6 4 6 4 7 3 7 4 7 3 7 3 8 3 8 3 8 3 8 3 8 3 8 3 9 3 9 3 9 3 9 3 9 3 9 3 9 3 9 3 9 0 0 3 9 4 10 4 9 4 10 4 10 4 10 4 10 5 10 5 10 5 11 5 11 5 10 5 10 5 11 6 11 6 11 6 11 6 11 7 11 7 12 7 12 7 12 7 12 6 12 7 12 7 13 0 0 0 0 0 0 0 0 0 0
1784740947.152786,57402,-44,11,1,7,1,-95,1,668660223,128,0 0 0 0 0 0 0 0 0 0 0 0 0 -7 1 -7 1 -7 1 -7 2 -8 2 -8 2 -8 2 -8 2 -8 2 -8 3 -8 3 -8 3 -8 3 -9 4 -9 4 -8 4 -9 4 -9 4 -9 4 -9 4 -9 4 -9 4 -9 4 -9 4 -9 4 -10 0 0 4 -10 5 -10 5 -10 4 -10 4 -10 4 -11 4 -11 4 -11 4 -11 4 -12 4 -12 4 -12 4 -12 4 -12 4 -12 4 -13 4 -12 4 -13 4 -13 4 -14 4 -14 4 -14 4 -14 4 -14 4 -14 5 -15 0 0 0 0 0 0 0 0 0 0
1784740947.281125,57403,-44,11,1,7,1,-95,1,668670272,128,0 0 0 0 0 0 0 0 0 0 0 0 4 4 4 5 4 5 4 5 4 6 4 6 4 6 4 6 4 6 4 7 3 7 3 7 3 8 3 8 3 8 3 8 3 8 3 8 3 8 3 8 3 9 3 9 3 9 3 9 3 9 3 9 0 0 4 9 4 10 4 9 4 10 4 9 4 9 5 10 5 10 5 10 6 10 5 10 6 10 6 10 6 10 7 11 7 11 6 11 7 11 7 11 8 11 7 11 8 12 7 12 7 12 7 12 7 12 0 0 0 0 0 0 0 0 0 0
1784740947.281125,57404,-45,11,1,7,1,-95,1,668680311,128,0 0 0 0 0 0 0 0 0 0 0 0 0 6 -1 7 -1 6 -1 7 -2 7 -2 7 -2 7 -2 7 -2 7 -3 7 -3 7 -3 8 -4 8 -4 8 -4 8 -4 8 -4 8 -4 8 -4 8 -4 8 -4 8 -4 8 -4 8 -4 8 -5 8 -5 9 0 0 -4 9 -4 9 -4 9 -4 9 -4 10 -4 10 -4 10 -4 10 -4 10 -3 11 -4 11 -3 11 -4 11 -4 12 -3 12 -3 12 -4 12 -4 13 -3 13 -3 13 -3 13 -3 13 -4 13 -4 13 -4 14 -4 14 0 0 0 0 0 0 0 0 0 0
1784740947.281125,57405,-45,11,1,7,1,-95,1,668692354,128,0 0 0 0 0 0 0 0 0 0 0 0 -1 6 -1 7 -2 7 -3 7 -3 7 -3 7 -3 7 -3 7 -4 7 -4 7 -4 7 -4 7 -5 7 -5 8 -5 8 -6 7 -6 8 -5 7 -6 8 -6 8 -6 8 -6 8 -6 8 -6 8 -6 8 -6 8 0 0 -6 8 -6 8 -6 8 -6 8 -5 9 -6 9 -5 9 -5 10 -6 10 -5 10 -5 10 -5 11 -5 11 -5 11 -5 11 -6 11 -5 11 -5 12 -5 12 -5 12 -5 13 -6 13 -5 12 -5 13 -6 13 -6 13 0 0 0 0 0 0 0 0 0 0
1784740947.281125,57406,-44,11,1,7,1,-95,1,668700184,128,0 0 0 0 0 0 0 0 0 0 0 0 1 6 1 6 1 7 0 7 0 7 0 7 0 8 0 8 0 8 -1 8 -2 8 -2 9 -2 9 -2 8 -2 8 -2 9 -2 9 -2 9 -2 9 -2 10 -2 9 -2 9 -3 10 -3 9 -3 9 -3 9 0 0 -2 10 -2 10 -2 9 -2 11 -2 10 -1 10 -1 10 -1 11 -1 11 -1 12 -1 12 -1 11 -1 11 -1 11 0 13 0 12 0 13 0 13 0 13 1 13 0 13 1 13 0 14 -1 14 -1 14 0 14 0 0 0 0 0 0 0 0 0 0
1784740947.281125,57407,-44,11,1,7,1,-95,1,668710284,128,0 0 0 0 0 0 0 0 0 0 0 0 -6 4 -6 4 -6 4 -7 4 -7 3 -7 4 -7 3 -8 3 -8 3 -8 3 -8 3 -9 3 -9 2 -9 2 -10 3 -9 2 -10 2 -10 2 -10 2 -10 2 -10 2 -10 2 -10 2 -10 2 -10 2 -10 2 0 0 -11 3 -10 3 -11 3 -10 3 -10 3 -11 3 -10 4 -11 4 -11 4 -11 4 -11 4 -11 5 -11 5 -12 5 -11 5 -12 5 -12 5 -12 6 -12 6 -12 6 -12 6 -12 6 -12 6 -13 6 -13 6 -13 6 0 0 0 0 0 0 0 0 0 0
1784740947.281125,57408,-44,11,1,7,1,-95,1,668720297,128,0 0 0 0 0 0 0 0 0 0 0 0 -5 -6 -5 -7 -4 -7 -4 -8 -4 -8 -4 -8 -4 -8 -4 -8 -4 -9 -4 -9 -3 -9 -4 -9 -3 -9 -3 -10 -3 -10 -3 -10 -3 -11 -3 -10 -3 -11 -2 -10 -3 -11 -2 -11 -3 -10 -3 -11 -3 -11 -3 -11 0 0 -3 -11 -3 -11 -3 -11 -3 -11 -4 -11 -4 -11 -4 -11 -4 -11 -4 -12 -5 -12 -5 -12 -5 -12 -5 -12 -5 -12 -5 -12 -6 -13 -5 -12 -6 -13 -6 -13 -6 -13 -7 -13 -6 -13 -7 -13 -6 -13 -7 -13 -7 -14 0 0 0 0 0 0 0 0 0 0
1784740947.281125,57409,-45,11,1,7,1,-95,1,668730202,128,0 0 0 0 0 0 0 0 0 0 0 0 -1 -7 0 -7 0 -8 1 -7 1 -8 1 -8 1 -8 1 -8 2 -9 2 -9 2 -9 3 -9 3 -9 3 -9 3 -9 3 -9 3 -9 3 -10 3 -9 3 -9 4 -9 4 -10 4 -10 4 -9 4 -9 4 -9 0 0 4 -10 4 -10 3 -10 3 -11 3 -10 3 -10 3 -11 3 -11 3 -11 3 -12 3 -12 3 -12 3 -12 3 -11 2 -13 2 -12 3 -13 3 -13 2 -13 2 -14 2 -13 2 -14 3 -14 3 -14 3 -14 3 -14 0 0 0 0 0 0 0 0 0 0
1784740947.281125,57410,-44,11,1,7,1,-95,1,668740182,128,0 0 0 0 0 0 0 0 0 0 0 0 -3 -7 -3 -8 -2 -8 -2 -8 -2 -8 -1 -9 -1 -8 -1 -9 -1 -9 -1 -9 -1 -9 0 -10 0 -10 0 -10 0 -10 0 -10 0 -11 0 -10 1 -11 0 -10 1 -11 1 -11 0 -10 1 -11 1 -11 1 -11 0 0 0 -12 0 -11 1 -12 0 -12 0 -12 0 -12 0 -12 -1 -12 0 -13 -1 -13 -1 -13 -1 -13 0 -14 -1 -14 -1 -13 -1 -15 -1 -14 -1 -15 -1 -15 -1 -15 -2 -15 -1 -15 -1 -15 -1 -15 -1 -16 -1 -16 0 0 0 0 0 0 0 0 0 0
1784740947.281125,57411,-44,11,1,7,1,-95,1,668750189,128,0 0 0 0 0 0 0 0 0 0 0 0 -7 2 -7 2 -7 1 -7 1 -8 1 -8 1 -8 1 -8 1 -8 1 -8 0 -9 0 -9 0 -9 0 -9 0 -9 0 -10 -1 -10 -1 -10 -1 -10 -1 -10 -1 -10 0 -10 -1 -10 0 -10 -1 -10 -1 -11 -1 0 0 -11 0 -11 0 -11 -1 -11 0 -11 0 -12 0 -12 1 -12 1 -12 1 -13 1 -13 1 -13 1 -13 1 -13 1 -14 2 -14 2 -14 1 -14 2 -14 2 -14 2 -15 2 -15 2 -15 2 -15 1 -15 2 -15 1 0 0 0 0 0 0 0 0 0 0
1784740947.281125,57412,-45,11,1,7,1,-95,1,668760304,128,0 0 0 0 0 0 0 0 0 0 0 0 -7 1 -7 1 -8 0 -8 0 -8 0 -8 0 -8 0 -8 0 -8 0 -9 -1 -9 -1 -9 -1 -9 -2 -9 -2 -9 -1 -9 -2 -10 -2 -10 -2 -10 -2 -10 -2 -10 -2 -10 -2 -10 -2 -10 -2 -10 -2 -10 -2 0 0 -11 -2 -11 -2 -11 -1 -11 -1 -11 -1 -12 -1 -11 -1 -12 -1 -12 -1 -13 -1 -13 -1 -13 -1 -13 -1 -13 -1 -14 0 -14 0 -14 0 -14 0 -14 0 -15 0 -15 0 -15 0 -15 -1 -15 -1 -15 -1 -15 -1 0 0 0 0 0 0 0 0 0 0
1784740947.281125,57413,-45,11,1,7,1,-95,1,668770258,128,0 0 0 0 0 0 0 0 0 0 0 0 -7 -4 -7 -5 -6 -5 -6 -6 -6 -6 -6 -6 -6 -6 -6 -7 -6 -7 -6 -7 -6 -7 -6 -7 -6 -8 -6 -8 -6 -8 -6 -9 -6 -9 -6 -9 -6 -9 -5 -8 -6 -9 -6 -9 -6 -9 -6 -8 -6 -9 -6 -9 0 0 -7 -9 -6 -9 -7 -9 -7 -9 -7 -9 -7 -9 -7 -9 -8 -9 -8 -9 -8 -9 -9 -9 -9 -9 -9 -9 -10 -10 -10 -10 -10 -10 -10 -10 -10 -10 -11 -10 -11 -10 -10 -11 -11 -11 -10 -10 -11 -11 -11 -11 -11 -11 0 0 0 0 0 0 0 0 0 0
1784740947.281125,57414,-45,11,1,7,1,-95,1,668780282,128,0 0 0 0 0 0 0 0 0 0 0 0 6 -4 6 -4 7 -4 6 -3 7 -3 7 -3 7 -3 7 -3 8 -3 8 -3 8 -2 8 -2 8 -2 9 -2 8 -2 9 -2 9 -2 9 -2 9 -2 9 -2 9 -2 9 -2 10 -2 9 -2 9 -2 9 -2 0 0 9 -2 10 -2 9 -3 10 -3 10 -3 10 -3 10 -4 10 -4 10 -4 11 -4 11 -4 11 -4 11 -4 11 -5 12 -5 11 -5 12 -5 12 -5 12 -6 12 -6 12 -6 12 -6 13 -6 13 -5 13 -5 13 -6 0 0 0 0 0 0 0 0 0 0
1784740947.281125,57415,-44,11,1,7,1,-95,1,668790232,128,0 0 0 0 0 0 0 0 0 0 0 0 -4 6 -5 6 -5 5 -6 5 -6 5 -6 5 -6 5 -7 5 -7 5 -8 5 -8 5 -8 5 -8 5 -8 5 -9 5 -9 5 -9 5 -9 4 -9 5 -9 5 -9 5 -9 5 -9 5 -9 4 -9 4 -9 5 0 0 -10 5 -9 5 -9 5 -10 6 -9 6 -10 6 -9 6 -10 6 -9 7 -10 7 -10 7 -10 7 -10 8 -10 8 -10 8 -10 9 -10 8 -10 9 -10 9 -10 9 -11 9 -11 9 -11 9 -11 9 -11 9 -12 10 0 0 0 0 0 0 0 0 0 0
1784740947.297263,57416,-44,11,1,7,1,-95,1,668800332,128,0 0 0 0 0 0 0 0 0 0 0 0 -7 -3 -7 -4 -7 -4 -7 -5 -6 -5 -7 -5 -6 -6 -7 -6 -6 -6 -7 -6 -7 -6 -7 -7 -7 -7 -7 -7 -7 -8 -6 -8 -7 -8 -6 -8 -7 -8 -6 -8 -6 -8 -6 -9 -7 -8 -7 -8 -7 -8 -7 -9 0 0 -7 -9 -7 -9 -7 -9 -7 -8 -8 -8 -8 -9 -8 -9 -8 -8 -8 -9 -9 -8 -9 -8 -10 -8 -10 -9 -10 -9 -9 -9 -10 -9 -10 -9 -11 -9 -11 -9 -11 -9 -11 -9 -11 -10 -11 -9 -11 -9 -12 -9 -12 -10 0 0 0 0 0 0 0 0 0 0
1784740947.297263,57417,-44,11,1,7,1,-95,1,668810193,128,0 0 0 0 0 0 0 0 0 0 0 0 1 6 1 7 0 7 0 7 0 7 0 7 0 7 0 8 0 8 -1 8 -1 8 -2 8 -2 8 -2 9 -2 9 -2 9 -2 9 -2 9 -2 9 -2 9 -2 9 -2 9 -2 10 -3 9 -3 9 -3 10 0 0 -2 10 -2 10 -2 10 -2 11 -2 10 -2 11 -1 11 -1 11 -1 11 -1 12 -1 12 -1 12 -1 12 -1 12 -1 13 0 12 -1 13 -1 13 0 13 0 14 0 13 0 13 0 14 -1 14 -1 14 -1 14 0 0 0 0 0 0 0 0 0 0
1784740947.425424,57418,-45,11,1,7,1,-95,1,668820319,128,0 0 0 0 0 0 0 0 0 0 0 0 -3 6 -4 6 -4 6 -5 6 -5 6 -5 6 -5 6 -5 6 -6 6 -6 6 -6 6 -7 6 -7 6 -7 6 -7 6 -7 6 -8 6 -8 6 -8 6 -8 6 -8 6 -8 6 -8 6 -8 6 -8 6 -8 6 0 0 -8 7 -8 7 -8 7 -8 7 -8 7 -8 7 -8 7 -8 8 -8 8 -8 9 -8 9 -8 9 -8 9 -9 9 -8 9 -9 10 -9 10 -9 10 -9 10 -9 10 -9 10 -9 11 -9 10 -9 10 -9 11 -10 11 0 0 0 0 0 0 0 0 0 0
1784740947.425424,57419,-44,11,1,7,1,-95,1,668831144,128,0 0 0 0 0 0 0 0 0 0 0 0 -5 -6 -5 -6 -5 -7 -5 -7 -5 -7 -5 -7 -5 -7 -5 -8 -5 -8 -4 -8 -4 -9 -4 -9 -4 -9 -4 -9 -4 -9 -4 -10 -4 -9 -4 -10 -4 -10 -4 -10 -4 -10 -4 -10 -4 -10 -4 -10 -4 -10 -4 -10 0 0 -4 -10 -5 -11 -4 -10 -5 -11 -5 -10 -5 -11 -6 -10 -6 -11 -6 -11 -7 -11 -6 -11 -7 -11 -6 -11 -7 -11 -8 -12 -7 -11 -7 -12 -8 -12 -8 -12 -8 -12 -8 -12 -8 -12 -8 -13 -8 -13 -8 -12 -8 -13 0 0 0 0 0 0 0 0 0 0
1784740947.425424,57420,-45,11,1,7,1,-95,1,668840210,128,0 0 0 0 0 0 0 0 0 0 0 0 6 -4 6 -3 7 -3 7 -3 7 -3 7 -3 8 -2 8 -2 8 -2 8 -2 9 -1 9 -1 9 -1 9 -1 9 -1 9 -1 9 -1 10 -1 10 -1 10 -1 10 -1 10 -1 10 -1 10 0 10 0 10 0 0 0 10 -1 11 -1 10 -1 11 -2 10 -1 11 -2 11 -2 11 -2 11 -2 12 -3 11 -2 11 -3 11 -3 11 -3 12 -4 12 -3 13 -3 12 -3 12 -4 13 -4 13 -4 13 -4 13 -4 13 -3 13 -3 13 -4 0 0 0 0 0 0 0 0 0 0
1784740947.425424,57421,-44,11,1,7,1,-95,1,668851561,128,0 0 0 0 0 0 0 0 0 0 0 0 -6 3 -6 3 -7 3 -7 3 -7 3 -7 2 -8 3 -8 3 -8 2 -8 2 -8 2 -9 2 -9 2 -9 2 -10 2 -10 1 -10 1 -10 2 -11 1 -10 1 -10 1 -10 1 -11 2 -11 1 -11 1 -11 2 0 0 -11 1 -11 2 -11 2 -11 2 -11 2 -11 2 -11 3 -11 3 -12 3 -12 4 -12 4 -12 4 -12 4 -13 4 -13 4 -13 4 -13 4 -13 4 -13 5 -13 5 -13 5 -14 5 -13 5 -14 5 -14 5 -14 5 0 0 0 0 0 0 0 0 0 0
1784740947.441523,57422,-44,11,1,7,1,-95,1,668864147,128,0 0 0 0 0 0 0 0 0 0 0 0 -6 3 -6 3 -7 3 -6 3 -7 3 -7 2 -7 3 -7 2 -7 3 -8 2 -8 2 -9 2 -9 1 -9 1 -9 2 -9 2 -9 2 -10 2 -9 2 -10 2 -10 2 -10 2 -10 2 -10 2 -10 2 -10 2 0 0 -10 3 -10 3 -10 3 -11 3 -10 3 -11 4 -10 4 -11 4 -11 4 -12 4 -12 4 -12 4 -12 4 -11 4 -12 6 -12 6 -13 5 -12 5 -12 6 -12 7 -12 6 -12 7 -13 6 -13 6 -13 6 -13 6 0 0 0 0 0 0 0 0 0 0
1784740947.441523,57423,-44,11,1,7,1,-95,1,668951503,128,0 0 0 0 0 0 0 0 0 0 0 0 2 -7 2 -7 3 -7 3 -7 3 -7 3 -7 4 -7 4 -7 4 -7 4 -7 4 -7 5 -7 5 -7 6 -7 6 -7 6 -7 6 -7 6 -7 6 -7 7 -7 7 -7 7 -7 7 -7 7 -7 7 -7 7 -7 0 0 7 -8 7 -8 8 -8 7 -8 7 -8 7 -8 7 -8 7 -9 8 -9 7 -9 8 -9 7 -9 8 -10 8 -10 8 -10 8 -10 8 -10 8 -11 8 -10 8 -10 8 -11 9 -11 8 -11 9 -11 9 -11 9 -11 0 0 0 0 0 0 0 0 0 0
1784740947.441523,57424,-45,11,1,7,1,-95,1,668952903,128,0 0 0 0 0 0 0 0 0 0 0 0 5 -4 5 -4 6 -4 6 -3 7 -3 6 -3 7 -3 7 -3 7 -3 8 -3 8 -2 8 -2 8 -2 8 -2 8 -2 9 -2 9 -2 9 -2 9 -2 9 -2 9 -2 9 -2 10 -2 10 -1 10 -1 10 -2 0 0 10 -2 10 -2 10 -2 11 -3 10 -3 10 -3 10 -3 11 -3 11 -3 12 -3 11 -3 11 -3 11 -3 11 -4 12 -5 11 -4 12 -5 12 -5 12 -5 12 -5 12 -5 13 -5 13 -5 13 -5 13 -5 13 -5 0 0 0 0 0 0 0 0 0 0
1784740947.441523,57425,-45,11,1,6,1,-95,1,668956227,128,0 0 0 0 0 0 0 0 0 0 0 0 -6 4 -6 4 -7 3 -7 3 -7 3 -7 3 -8 3 -8 3 -8 3 -8 2 -8 3 -9 3 -9 2 -9 2 -10 2 -10 2 -10 2 -10 2 -10 2 -11 2 -10 2 -11 2 -10 2 -11 2 -10 2 -11 2 0 0 -11 2 -11 2 -11 2 -11 2 -11 3 -12 2 -12 3 -12 3 -12 3 -12 3 -12 4 -12 4 -12 4 -13 4 -12 4 -13 4 -13 4 -13 5 -13 5 -14 5 -14 5 -14 5 -13 5 -14 5 -14 5 -14 5 0 0 0 0 0 0 0 0 0 0
1784740947.457382,57426,-45,11,1,7,1,-95,1,668960325,128,0 0 0 0 0 0 0 0 0 0 0 0 6 0 7 1 7 1 7 2 6 2 7 2 7 2 7 3 7 2 7 3 7 3 7 4 8 4 8 4 8 4 8 4 8 4 8 4 8 4 8 5 8 4 8 5 9 4 8 5 8 5 9 5 0 0 9 5 9 5 9 5 10 4 9 4 10 4 10 4 11 4 11 4 11 4 11 4 11 4 11 4 12 4 12 3 12 4 12 3 13 3 13 3 13 3 13 3 14 3 14 3 13 3 14 3 14 4 0 0 0 0 0 0 0 0 0 0
1784740947.457382,57427,-45,11,1,7,1,-95,1,668970266,128,0 0 0 0 0 0 0 0 0 0 0 0 1 6 1 6 1 6 0 7 0 7 0 7 0 7 0 7 0 7 0 7 0 8 0 8 0 8 -1 8 -1 9 -1 9 -1 9 -1 9 -1 9 -1 9 -1 9 -2 9 -1 10 -1 9 -1 10 -1 10 0 0 -1 10 -1 10 -1 10 -1 10 -1 10 -1 11 -1 11 0 11 -1 12 0 12 0 12 0 12 0 12 0 13 0 13 0 13 0 13 0 13 0 14 0 14 1 14 0 14 1 13 1 14 1 14 0 15 0 0 0 0 0 0 0 0 0 0
1784740947.473198,57428,-45,11,1,7,1,-95,1,668980233,128,0 0 0 0 0 0 0 0 0 0 0 0 -2 7 -2 7 -3 7 -3 7 -3 7 -3 7 -4 7 -4 7 -4 7 -5 7 -5 7 -5 7 -6 7 -6 7 -6 7 -6 8 -6 7 -6 8 -6 7 -6 8 -6 8 -6 8 -6 8 -6 8 -6 8 -6 8 0 0 -6 8 -6 9 -6 9 -6 10 -5 9 -6 10 -5 10 -6 10 -5 10 -6 11 -5 11 -5 11 -5 11 -5 11 -5 12 -5 12 -6 13 -6 12 -5 13 -5 13 -5 13 -5 13 -6 14 -6 13 -6 13 -6 13 0 0 0 0 0 0 0 0 0 0
1784740947.473198,57429,-45,11,1,7,1,-95,1,668990240,128,0 0 0 0 0 0 0 0 0 0 0 0 7 0 7 1 7 1 8 2 7 2 8 2 7 2 8 3 8 3 8 3 8 4 8 4 8 4 8 4 8 4 8 5 8 5 8 5 8 5 8 5 8 5 8 5 8 5 8 5 8 5 9 5 0 0 9 5 9 5 9 5 9 5 9 4 10 4 10 4 10 4 10 4 11 4 11 4 11 4 11 4 12 4 12 4 12 4 12 4 12 4 13 4 13 4 13 3 13 4 13 4 13 4 13 4 14 4 0 0 0 0 0 0 0 0 0 0
1784740947.489065,57430,-44,11,1,7,1,-95,1,669000712,128,0 0 0 0 0 0 0 0 0 0 0 0 7 1 7 1 7 2 7 2 7 2 7 3 7 3 7 3 7 3 8 4 8 4 8 4 8 5 8 5 8 5 8 5 8 5 8 5 8 6 8 6 8 6 8 6 8 6 8 6 8 6 8 6 0 0 8 6 9 6 8 5 9 5 9 5 9 5 9 5 10 5 9 5 10 5 10 5 10 5 11 5 11 4 11 5 11 5 12 5 12 5 12 5 12 5 12 5 12 5 13 5 13 5 13 5 13 5 0 0 0 0 0 0 0 0 0 0
1784740947.504755,57431,-44,11,1,7,1,-95,1,669010317,128,0 0 0 0 0 0 0 0 0 0 0 0 -7 -4 -7 -4 -7 -4 -7 -5 -7 -5 -7 -5 -7 -5 -7 -6 -7 -6 -7 -6 -7 -7 -7 -7 -7 -7 -7 -8 -7 -7 -7 -8 -7 -8 -8 -8 -7 -8 -7 -8 -7 -8 -7 -8 -7 -9 -7 -9 -7 -9 -7 -9 0 0 -8 -9 -8 -9 -8 -8 -9 -9 -8 -8 -9 -9 -9 -8 -9 -9 -9 -8 -10 -9 -10 -8 -10 -8 -10 -8 -10 -8 -11 -8 -11 -8 -11 -9 -12 -9 -11 -9 -12 -9 -12 -9 -12 -8 -12 -9 -12 -9 -12 -9 -12 -9 0 0 0 0 0 0 0 0 0 0
1784740947.617374,57432,-44,11,1,7,1,-95,1,669020238,128,0 0 0 0 0 0 0 0 0 0 0 0 -2 6 -3 6 -3 6 -4 6 -4 6 -4 6 -4 6 -4 6 -5 6 -5 6 -5 6 -5 7 -5 7 -6 7 -6 7 -6 7 -6 7 -6 7 -7 7 -6 7 -7 7 -7 7 -7 7 -7 7 -7 7 -7 8 0 0 -7 8 -7 8 -7 8 -7 8 -7 8 -7 9 -7 9 -7 9 -7 9 -7 10 -7 10 -7 10 -7 10 -7 11 -7 10 -8 11 -7 11 -7 11 -7 12 -7 12 -7 12 -8 12 -7 12 -8 12 -8 12 -8 12 0 0 0 0 0 0 0 0 0 0
1784740947.617374,57433,-45,11,1,7,1,-95,1,669030289,128,0 0 0 0 0 0 0 0 0 0 0 0 -6 -5 -5 -6 -5 -6 -5 -6 -5 -7 -5 -7 -5 -7 -5 -7 -5 -7 -4 -8 -4 -8 -4 -8 -4 -8 -4 -9 -4 -9 -4 -9 -4 -9 -4 -9 -4 -9 -4 -9 -5 -9 -5 -9 -4 -9 -4 -9 -4 -9 -5 -10 0 0 -5 -10 -5 -10 -5 -10 -6 -10 -6 -10 -6 -10 -6 -10 -6 -10 -6 -10 -7 -11 -7 -11 -7 -10 -7 -11 -7 -11 -8 -11 -8 -11 -8 -11 -9 -12 -8 -12 -9 -12 -9 -12 -9 -11 -9 -12 -9 -12 -9 -12 -9 -12 0 0 0 0 0 0 0 0 0 0
1784740947.617374,57434,-44,11,1,7,1,-95,1,669040291,128,0 0 0 0 0 0 0 0 0 0 0 0 5 -6 5 -6 6 -6 6 -6 6 -6 6 -5 7 -5 7 -5 7 -5 7 -5 8 -5 8 -5 8 -4 8 -4 8 -4 8 -4 9 -4 9 -4 9 -4 9 -4 9 -4 9 -4 9 -4 9 -4 9 -4 9 -4 0 0 9 -5 9 -5 9 -5 9 -6 9 -6 10 -6 9 -6 9 -6 9 -6 10 -7 10 -7 10 -7 10 -7 10 -7 10 -8 10 -8 11 -8 11 -8 11 -9 11 -9 11 -9 11 -9 11 -9 12 -9 12 -9 12 -9 0 0 0 0 0 0 0 0 0 0
1784740947.617374,57435,-44,11,1,7,1,-95,1,669056688,128,0 0 0 0 0 0 0 0 0 0 0 0 -4 -6 -4 -7 -3 -7 -3 -7 -3 -7 -3 -8 -3 -8 -3 -8 -2 -8 -2 -9 -2 -9 -2 -9 -2 -9 -2 -9 -2 -10 -1 -10 -1 -10 -1 -10 -1 -10 -1 -10 -1 -11 -1 -11 -1 -11 -1 -11 -1 -11 -1 -11 0 0 -1 -11 -2 -11 -1 -12 -2 -11 -2 -12 -2 -12 -2 -12 -2 -12 -2 -12 -3 -12 -3 -12 -3 -12 -3 -13 -3 -13 -3 -13 -3 -14 -3 -13 -4 -14 -3 -14 -3 -14 -4 -14 -4 -14 -4 -14 -4 -15 -4 -15 -4 -15 0 0 0 0 0 0 0 0 0 0
1784740947.617374,57436,-44,11,1,7,1,-95,1,669060182,128,0 0 0 0 0 0 0 0 0 0 0 0 -6 3 -6 3 -7 2 -7 2 -7 2 -7 2 -8 2 -8 2 -8 2 -8 2 -8 1 -9 1 -9 1 -9 1 -9 1 -10 1 -10 1 -10 1 -10 1 -10 1 -10 1 -10 1 -10 1 -10 1 -10 1 -10 1 0 0 -10 1 -11 2 -10 2 -11 2 -10 2 -11 3 -11 3 -11 3 -11 3 -12 4 -12 3 -12 4 -12 3 -12 4 -12 5 -12 5 -13 4 -12 5 -12 5 -13 6 -13 5 -13 6 -14 5 -14 5 -14 5 -13 5 0 0 0 0 0 0 0 0 0 0
1784740947.617374,57437,-45,11,1,7,1,-95,1,669070214,128,0 0 0 0 0 0 0 0 0 0 0 0 3 5 3 6 3 6 2 6 2 6 2 7 2 7 2 7 2 7 2 7 2 8 1 8 1 8 1 8 1 8 1 8 1 9 1 9 1 9 1 9 1 9 1 9 1 9 1 9 1 9 1 9 0 0 1 9 1 10 2 10 2 10 2 10 2 10 2 10 2 11 2 10 3 11 3 11 3 11 3 11 3 11 3 11 4 12 3 12 4 13 4 12 4 13 4 13 4 13 4 13 3 13 4 13 4 14 0 0 0 0 0 0 0 0 0 0
1784740947.617374,57438,-45,11,1,7,1,-95,1,669080210,128,0 0 0 0 0 0 0 0 0 0 0 0 1 -8 1 -8 2 -7 2 -8 2 -8 3 -8 3 -8 3 -8 3 -8 3 -8 4 -8 4 -8 4 -8 4 -9 4 -9 5 -8 5 -9 4 -8 5 -9 5 -8 5 -9 5 -9 4 -9 4 -9 5 -9 5 -9 0 0 5 -10 5 -10 5 -10 4 -10 4 -10 4 -10 4 -11 4 -11 4 -11 4 -11 4 -12 4 -12 4 -12 4 -13 4 -12 4 -13 4 -12 4 -13 4 -13 4 -14 4 -14 4 -14 4 -14 4 -14 4 -14 4 -14 0 0 0 0 0 0 0 0 0 0
1784740947.825255,57439,-44,11,1,7,1,-95,1,669090245,128,0 0 0 0 0 0 0 0 0 0 0 0 -4 6 -4 5 -5 6 -5 5 -6 5 -6 5 -6 5 -6 5 -6 6 -7 5 -7 5 -7 5 -7 5 -8 5 -8 5 -8 5 -8 5 -9 5 -8 5 -8 5 -8 6 -8 5 -9 5 -9 5 -9 5 -9 5 0 0 -9 6 -9 6 -8 6 -9 7 -8 7 -9 7 -8 7 -9 8 -8 8 -9 9 -9 8 -9 8 -9 8 -9 8 -9 10 -9 9 -10 9 -10 9 -9 10 -9 10 -10 10 -9 11 -10 10 -11 10 -10 10 -11 10 0 0 0 0 0 0 0 0 0 0
1784740947.825255,57440,-45,11,1,7,1,-95,1,669101989,128,0 0 0 0 0 0 0 0 0 0 0 0 4 -7 4 -6 4 -7 5 -6 5 -6 5 -6 5 -6 6 -6 6 -6 6 -6 7 -6 7 -6 7 -6 7 -6 7 -6 7 -6 7 -6 8 -6 7 -6 7 -6 7 -6 7 -6 7 -7 7 -6 7 -6 7 -6 0 0 7 -7 8 -8 7 -7 8 -8 7 -8 7 -9 7 -9 7 -9 7 -9 8 -10 8 -10 7 -10 8 -10 7 -10 8 -11 7 -11 8 -11 8 -11 8 -12 8 -12 8 -12 8 -13 9 -13 9 -12 9 -12 9 -12 0 0 0 0 0 0 0 0 0 0
1784740947.825255,57441,-45,11,1,7,1,-95,1,669110282,128,0 0 0 0 0 0 0 0 0 0 0 0 7 0 7 1 7 1 7 2 7 2 7 2 7 3 8 3 8 3 7 3 8 3 8 4 8 4 8 4 8 4 8 5 8 5 8 5 8 5 8 5 8 5 8 5 8 5 8 5 8 5 9 5 0 0 8 4 9 5 9 5 9 4 9 4 9 4 10 4 10 4 10 5 11 4 11 4 11 3 11 4 11 4 11 4 12 4 11 4 12 4 12 4 13 4 13 4 13 4 13 3 13 4 13 4 14 4 0 0 0 0 0 0 0 0 0 0
1784740947.825255,57442,-45,11,1,7,1,-95,1,669124777,128,0 0 0 0 0 0 0 0 0 0 0 0 -1 -7 -1 -8 0 -7 1 -8 1 -8 1 -8 1 -8 1 -8 2 -8 1 -8 2 -9 2 -9 2 -9 2 -9 2 -9 3 -9 3 -10 2 -9 3 -9 3 -9 3 -10 3 -10 3 -9 3 -10 3 -10 3 -10 0 0 3 -10 3 -10 3 -11 2 -10 3 -11 3 -11 3 -11 2 -11 3 -11 2 -11 2 -12 2 -12 2 -12 2 -13 2 -12 2 -13 2 -12 2 -13 2 -14 2 -13 2 -13 2 -13 1 -13 2 -14 2 -14 2 -14 0 0 0 0 0 0 0 0 0 0
1784740947.825255,57443,-45,11,1,7,1,-95,1,669132197,128,0 0 0 0 0 0 0 0 0 0 0 0 5 4 5 4 5 5 5 5 5 5 5 5 5 5 5 6 5 6 5 6 4 6 4 7 4 7 4 7 4 7 5 7 4 7 5 8 4 7 5 8 5 8 5 7 5 8 5 8 5 8 5 8 0 0 5 8 6 8 5 8 6 9 6 8 6 8 6 8 6 9 7 8 7 9 7 9 7 9 7 9 7 8 8 9 8 8 8 9 8 9 8 9 9 9 9 9 9 9 9 10 9 10 9 9 9 9 0 0 0 0 0 0 0 0 0 0
1784740947.825255,57444,-45,11,1,7,1,-95,1,669170839,128,0 0 0 0 0 0 0 0 0 0 0 0 2 6 2 6 2 7 1 7 1 7 1 7 1 8 1 8 1 8 0 8 0 8 0 8 0 8 0 8 0 8 0 9 0 9 0 10 0 9 0 9 0 9 0 9 0 10 0 9 0 9 0 9 0 0 0 10 1 10 1 9 1 11 1 10 1 10 2 10 2 11 2 10 2 12 2 12 2 11 2 11 2 11 4 12 3 11 3 13 3 12 4 12 4 13 4 13 4 12 4 14 3 13 3 13 3 13 0 0 0 0 0 0 0 0 0 0
1784740947.825255,57445,-45,11,1,7,1,-95,1,669234028,128,0 0 0 0 0 0 0 0 0 0 0 0 2 6 2 7 1 7 1 8 1 8 1 8 0 8 0 8 0 8 0 8 0 8 0 9 -1 9 -1 9 -1 10 -1 9 -1 10 -1 10 -1 10 -2 10 -2 10 -1 10 -1 10 -2 10 -1 10 -2 10 0 0 -1 11 -1 11 -1 11 -1 11 -1 11 -1 11 -1 11 -1 11 0 11 0 12 0 12 0 12 0 12 0 12 1 12 1 13 1 13 1 13 1 13 1 13 1 13 1 13 1 13 1 13 1 13 1 14 0 0 0 0 0 0 0 0 0 0
1784740947.825255,57446,-42,11,1,7,0,-95,1,669235509,128,0 0 0 0 0 0 0 0 0 0 0 0 0 -9 0 -9 0 -9 1 -9 1 -10 1 -9 2 -10 2 -10 2 -10 2 -10 3 -10 3 -10 3 -11 3 -11 4 -10 4 -11 4 -11 4 -11 4 -11 4 -11 4 -11 4 -12 4 -12 4 -12 4 -12 4 -11 0 0 4 -12 4 -13 4 -12 4 -13 4 -12 4 -13 3 -13 4 -13 3 -13 3 -14 3 -14 3 -14 3 -14 3 -14 3 -15 3 -14 3 -15 3 -15 3 -15 2 -15 2 -15 2 -15 3 -16 3 -15 3 -15 2 -15 0 0 0 0 0 0 0 0 0 0
1784740947.825255,57455,-45,11,1,7,1,-95,1,669320179,128,0 0 0 0 0 0 0 0 0 0 0 0 6 3 6 3 6 4 5 4 6 4 5 4 6 5 5 5 5 5 6 5 5 6 5 6 5 6 5 6 5 6 6 7 6 6 6 7 6 7 6 7 6 7 6 7 6 7 6 7 6 8 6 8 0 0 6 8 7 8 6 7 7 8 7 8 7 8 7 8 7 8 8 8 8 8 8 8 8 8 8 8 8 8 9 8 9 8 9 9 9 9 9 8 10 9 10 9 10 8 10 9 10 9 10 9 10 9 0 0 0 0 0 0 0 0 0 0
1784740947.841084,57451,-45,11,1,7,1,-95,1,669282639,128,0 0 0 0 0 0 0 0 0 0 0 0 4 -7 4 -7 5 -7 5 -7 6 -7 6 -7 6 -7 6 -7 7 -7 7 -7 7 -7 7 -7 7 -7 8 -7 8 -7 8 -7 9 -6 9 -7 9 -7 9 -6 9 -6 9 -6 9 -7 9 -6 9 -7 9 -7 0 0 9 -6 9 -7 9 -7 9 -7 9 -7 9 -7 9 -7 9 -8 9 -8 9 -8 9 -8 9 -9 9 -9 9 -9 9 -9 9 -9 9 -9 9 -9 9 -9 9 -9 9 -9 9 -9 9 -10 9 -10 8 -10 8 -10 0 0 0 0 0 0 0 0 0 0
1784740947.841084,57452,-44,11,1,7,1,-95,1,669290191,128,0 0 0 0 0 0 0 0 0 0 0 0 1 7 0 8 0 8 -1 8 -1 8 -1 8 -1 9 -1 9 -1 9 -2 9 -2 9 -3 9 -3 9 -3 10 -3 10 -3 10 -3 10 -3 10 -3 10 -3 10 -3 11 -3 11 -4 11 -4 10 -4 10 -4 11 0 0 -4 11 -3 11 -3 11 -3 11 -3 11 -3 11 -3 11 -3 12 -3 12 -3 12 -3 12 -3 12 -3 12 -3 12 -2 13 -2 13 -2 13 -2 13 -2 13 -1 13 -2 13 -1 13 -2 13 -2 13 -2 13 -2 13 0 0 0 0 0 0 0 0 0 0
1784740947.841084,57453,-44,11,1,7,1,-95,1,669300273,128,0 0 0 0 0 0 0 0 0 0 0 0 2 -8 2 -8 3 -7 3 -8 3 -8 4 -8 4 -8 4 -8 5 -8 4 -8 5 -8 5 -8 5 -8 5 -8 6 -8 6 -8 6 -8 6 -8 6 -8 6 -8 7 -8 7 -8 6 -8 6 -8 6 -9 7 -9 0 0 7 -9 6 -9 7 -9 6 -9 6 -10 6 -10 6 -10 6 -10 7 -10 6 -11 6 -11 6 -11 6 -11 7 -12 6 -11 7 -12 6 -11 6 -12 7 -12 6 -12 6 -13 7 -12 6 -12 7 -12 6 -13 6 -13 0 0 0 0 0 0 0 0 0 0
1784740947.841084,57454,-44,11,1,7,1,-95,1,669310277,128,0 0 0 0 0 0 0 0 0 0 0 0 2 -7 3 -7 3 -7 4 -7 4 -7 4 -7 4 -7 5 -7 5 -7 5 -7 5 -7 6 -7 6 -7 6 -7 7 -7 7 -7 7 -7 7 -7 7 -7 7 -7 7 -7 7 -7 7 -7 7 -7 7 -7 8 -7 0 0 8 -8 8 -8 8 -8 7 -8 7 -8 8 -9 7 -9 7 -9 8 -9 7 -10 8 -10 7 -10 8 -10 8 -10 8 -10 8 -11 8 -10 8 -11 8 -11 8 -11 8 -11 8 -11 8 -11 8 -11 8 -11 9 -12 0 0 0 0 0 0 0 0 0 0
1784740947.841084,57455,-45,11,1,7,1,-95,1,669320179,128,0 0 0 0 0 0 0 0 0 0 0 0 6 3 6 3 6 4 5 4 6 4 5 4 6 5 5 5 5 5 6 5 5 6 5 6 5 6 5 6 5 6 6 7 6 6 6 7 6 7 6 7 6 7 6 7 6 7 6 7 6 8 6 8 0 0 6 8 7 8 6 7 7 8 7 8 7 8 7 8 7 8 8 8 8 8 8 8 8 8 8 8 8 8 9 8 9 8 9 9 9 9 9 8 10 9 10 9 10 8 10 9 10 9 10 9 10 9 0 0 0 0 0 0 0 0 0 0
1784740947.841084,57456,-45,11,1,7,1,-95,1,669330188,128,0 0 0 0 0 0 0 0 0 0 0 0 -1 -8 -1 -8 0 -8 0 -9 0 -8 1 -9 1 -9 1 -9 1 -9 1 -9 2 -9 2 -9 2 -9 2 -10 2 -10 3 -9 3 -10 3 -9 3 -10 3 -10 3 -10 3 -10 2 -10 3 -10 3 -10 3 -11 0 0 2 -11 2 -10 3 -11 2 -11 2 -11 2 -11 2 -11 1 -11 2 -12 1 -12 1 -12 1 -12 1 -12 1 -13 1 -12 1 -13 1 -13 0 -13 0 -13 0 -14 0 -14 1 -14 0 -14 1 -14 0 -14 0 -15 0 0 0 0 0 0 0 0 0 0
1784740947.841084,57457,-45,11,1,7,1,-95,1,669340162,128,0 0 0 0 0 0 0 0 0 0 0 0 -3 8 -4 8 -4 8 -5 7 -5 7 -5 7 -5 7 -5 8 -6 7 -6 7 -6 7 -7 7 -7 7 -7 7 -7 8 -8 7 -8 7 -8 7 -8 7 -8 7 -8 8 -8 7 -8 8 -8 7 -8 8 -8 8 0 0 -8 8 -8 8 -8 8 -7 9 -7 9 -7 9 -7 9 -7 9 -7 9 -7 10 -7 10 -7 10 -7 10 -7 11 -7 11 -7 11 -7 11 -7 11 -7 12 -7 12 -6 12 -7 12 -7 12 -7 12 -7 12 -7 12 0 0 0 0 0 0 0 0 0 0
1784740947.841084,57458,-44,11,1,7,1,-95,1,669351011,128,0 0 0 0 0 0 0 0 0 0 0 0 -8 -2 -8 -2 -8 -3 -8 -3 -8 -3 -8 -4 -8 -4 -9 -4 -8 -4 -8 -4 -9 -5 -9 -5 -9 -5 -9 -5 -9 -5 -9 -6 -9 -6 -9 -6 -9 -6 -9 -6 -9 -6 -9 -6 -9 -6 -9 -6 -9 -6 -10 -6 0 0 -10 -6 -10 -6 -10 -6 -10 -5 -10 -5 -11 -5 -11 -5 -11 -5 -11 -6 -12 -5 -12 -5 -12 -5 -12 -5 -13 -5 -12 -5 -13 -5 -13 -5 -13 -5 -13 -5 -14 -5 -13 -5 -14 -5 -13 -5 -14 -5 -14 -5 -14 -5 0 0 0 0 0 0 0 0 0 0
1784740947.856905,57459,-45,11,1,7,1,-95,1,669360186,128,0 0 0 0 0 0 0 0 0 0 0 0 7 0 7 1 7 1 8 2 7 2 8 2 7 2 8 3 8 3 7 3 8 3 8 3 8 3 8 3 8 4 8 4 8 4 8 4 8 4 8 4 8 4 8 5 8 4 9 4 9 4 9 4 0 0 9 4 9 4 10 4 9 3 10 4 10 4 10 4 11 3 10 4 11 3 11 3 12 3 12 3 12 3 12 4 13 4 12 3 13 3 13 4 13 4 13 4 13 4 13 3 13 3 13 3 14 3 0 0 0 0 0 0 0 0 0 0
1784740947.856905,57460,-45,11,1,7,1,-95,1,669370272,128,0 0 0 0 0 0 0 0 0 0 0 0 -8 1 -9 1 -9 0 -9 0 -9 -1 -9 -1 -9 -1 -9 -1 -10 -1 -10 -2 -9 -2 -10 -2 -10 -2 -10 -3 -10 -2 -10 -2 -10 -2 -10 -3 -10 -2 -10 -2 -10 -2 -10 -2 -10 -2 -10 -3 -10 -2 -10 -2 0 0 -10 -2 -11 -1 -11 -1 -11 -1 -11 -1 -11 -1 -11 -1 -12 0 -12 -1 -13 0 -13 0 -13 0 -13 0 -13 0 -14 0 -13 0 -14 0 -14 0 -14 0 -14 1 -15 0 -14 1 -15 0 -15 0 -15 0 -15 0 0 0 0 0 0 0 0 0 0 0
1784740947.872898,57461,-45,11,1,7,1,-95,1,669380179,128,0 0 0 0 0 0 0 0 0 0 0 0 -4 7 -5 7 -5 6 -6 6 -6 6 -7 6 -7 6 -7 6 -7 6 -7 5 -8 6 -8 5 -8 5 -9 5 -9 5 -9 5 -9 5 -9 5 -9 5 -9 5 -9 5 -9 5 -9 5 -9 5 -9 5 -9 6 0 0 -9 6 -9 6 -9 6 -9 6 -9 7 -9 7 -9 7 -9 7 -9 7 -9 8 -9 8 -9 8 -9 8 -9 9 -9 9 -9 9 -9 9 -9 9 -10 10 -10 10 -9 10 -10 10 -10 10 -10 10 -10 10 -10 10 0 0 0 0 0 0 0 0 0 0
1784740947.872898,57462,-44,11,1,7,1,-95,1,669390338,128,0 0 0 0 0 0 0 0 0 0 0 0 -1 -8 -1 -8 0 -9 0 -9 1 -9 1 -9 1 -9 1 -9 2 -9 2 -9 2 -9 2 -9 3 -10 3 -10 3 -10 3 -10 3 -10 3 -10 3 -10 3 -10 3 -10 4 -10 3 -10 3 -10 3 -10 3 -11 0 0 3 -11 3 -11 3 -11 3 -11 3 -11 3 -12 3 -11 2 -12 3 -12 2 -12 2 -12 2 -12 2 -13 2 -13 2 -13 2 -13 2 -14 2 -14 2 -14 2 -14 2 -14 2 -14 2 -14 2 -14 2 -15 2 -15 0 0 0 0 0 0 0 0 0 0
1784740947.896067,57463,-45,11,1,7,1,-95,1,669400188,128,0 0 0 0 0 0 0 0 0 0 0 0 -6 4 -6 4 -7 3 -7 3 -8 3 -7 3 -8 3 -8 3 -8 3 -9 2 -9 2 -9 2 -9 2 -9 2 -9 2 -9 2 -9 2 -10 3 -10 2 -10 3 -10 3 -10 3 -10 3 -10 2 -10 2 -10 3 0 0 -10 3 -11 4 -10 4 -11 4 -10 4 -11 5 -10 5 -11 5 -11 5 -12 6 -12 5 -12 5 -12 5 -11 6 -12 7 -12 7 -13 7 -12 7 -12 7 -12 8 -13 7 -12 8 -13 7 -13 7 -13 6 -13 7 0 0 0 0 0 0 0 0 0 0
1784740947.907135,57464,-45,11,1,7,1,-95,1,669410176,128,0 0 0 0 0 0 0 0 0 0 0 0 -5 -6 -5 -7 -4 -7 -4 -8 -3 -8 -4 -8 -4 -8 -4 -8 -3 -8 -3 -8 -3 -8 -3 -9 -3 -9 -3 -9 -3 -9 -2 -9 -2 -9 -3 -9 -3 -9 -3 -9 -3 -9 -3 -9 -3 -9 -3 -9 -3 -9 -4 -10 0 0 -4 -10 -4 -10 -4 -10 -4 -10 -5 -10 -5 -10 -6 -10 -6 -11 -6 -11 -6 -11 -6 -11 -6 -11 -6 -11 -7 -12 -7 -12 -7 -12 -7 -12 -7 -12 -7 -12 -7 -13 -7 -13 -8 -13 -7 -12 -7 -13 -7 -13 -8 -14 0 0 0 0 0 0 0 0 0 0
1784740947.913679,57465,-45,11,1,7,1,-95,1,669420222,128,0 0 0 0 0 0 0 0 0 0 0 0 -2 7 -3 7 -3 7 -4 7 -4 7 -4 7 -5 7 -5 7 -5 7 -5 7 -5 7 -5 7 -5 7 -6 7 -6 7 -6 7 -6 7 -6 7 -6 7 -6 7 -6 7 -6 7 -6 7 -6 7 -6 7 -6 8 0 0 -6 8 -6 8 -6 8 -6 8 -5 9 -5 9 -5 9 -5 10 -6 10 -5 11 -5 10 -5 11 -5 11 -5 11 -5 11 -6 12 -6 11 -5 12 -6 12 -6 12 -6 12 -6 12 -5 12 -6 12 -6 12 -6 13 0 0 0 0 0 0 0 0 0 0
1784740948.032800,57466,-45,11,1,7,1,-95,1,669432624,128,0 0 0 0 0 0 0 0 0 0 0 0 -3 7 -3 7 -4 7 -4 7 -5 7 -5 7 -5 7 -5 7 -6 7 -6 7 -6 6 -6 6 -7 6 -7 6 -7 6 -7 7 -7 6 -7 7 -7 6 -7 7 -7 7 -7 7 -7 7 -7 7 -7 7 -7 7 0 0 -7 8 -7 8 -7 8 -7 9 -7 8 -7 9 -6 9 -6 9 -7 9 -7 10 -7 10 -7 10 -7 10 -7 10 -7 11 -7 11 -7 11 -7 11 -7 11 -7 12 -7 12 -7 12 -7 12 -8 12 -8 12 -7 12 0 0 0 0 0 0 0 0 0 0
1784740948.032800,57467,-45,11,1,7,1,-95,1,669440275,128,0 0 0 0 0 0 0 0 0 0 0 0 -3 -8 -3 -8 -2 -8 -2 -8 -2 -9 -2 -9 -1 -9 -1 -9 -1 -9 -1 -9 -1 -9 -1 -10 0 -9 0 -10 0 -10 0 -10 0 -10 0 -10 0 -10 0 -10 0 -10 0 -10 0 -10 0 -10 0 -11 0 -11 0 0 0 -11 -1 -11 0 -11 -1 -11 -1 -11 -1 -12 -1 -12 -1 -12 -1 -12 -2 -13 -2 -13 -2 -13 -2 -13 -2 -13 -2 -14 -2 -14 -2 -14 -2 -14 -2 -14 -2 -14 -2 -15 -2 -15 -2 -14 -2 -15 -2 -15 -2 -15 0 0 0 0 0 0 0 0 0 0
1784740948.032800,57468,-44,11,1,7,1,-95,1,669450213,128,0 0 0 0 0 0 0 0 0 0 0 0 5 5 4 5 4 6 4 6 3 6 4 7 3 7 3 7 3 7 3 7 3 8 3 8 3 8 3 8 3 8 2 8 2 9 2 9 2 9 2 9 3 9 2 9 3 9 3 9 3 9 3 9 0 0 3 9 3 9 3 10 3 9 4 10 4 10 4 10 4 10 4 10 5 10 5 11 5 10 5 11 5 11 5 11 5 12 5 11 6 12 6 12 6 12 6 12 6 12 6 12 6 12 6 12 6 13 0 0 0 0 0 0 0 0 0 0
1784740948.032800,57469,-44,11,1,7,1,-95,1,669460222,128,0 0 0 0 0 0 0 0 0 0 0 0 3 -7 3 -7 4 -7 4 -7 4 -7 4 -7 5 -7 5 -7 5 -7 6 -7 6 -7 6 -7 6 -6 7 -7 6 -7 7 -7 7 -7 7 -7 7 -7 7 -7 7 -7 7 -7 7 -7 7 -7 7 -7 7 -7 0 0 7 -8 7 -8 7 -8 7 -9 7 -9 7 -9 7 -9 7 -9 7 -9 7 -10 7 -10 7 -10 7 -10 7 -10 7 -11 7 -11 7 -11 7 -12 7 -12 7 -12 8 -12 7 -12 8 -12 8 -12 8 -12 8 -12 0 0 0 0 0 0 0 0 0 0
1784740948.032800,57470,-44,11,1,7,1,-95,1,669470141,128,0 0 0 0 0 0 0 0 0 0 0 0 -2 -8 -2 -8 -1 -8 0 -9 0 -9 0 -9 0 -9 0 -9 1 -9 1 -9 1 -10 1 -10 1 -10 1 -10 1 -10 2 -10 2 -10 2 -10 2 -10 2 -10 2 -10 2 -10 2 -11 2 -10 2 -11 2 -11 0 0 2 -11 2 -11 2 -11 1 -12 1 -11 1 -12 1 -12 1 -12 1 -13 1 -13 1 -13 1 -13 0 -13 0 -13 0 -14 1 -14 0 -14 0 -14 0 -15 0 -15 0 -15 0 -15 0 -15 1 -15 0 -15 0 -15 0 0 0 0 0 0 0 0 0 0
1784740948.032800,57471,-44,11,1,7,1,-95,1,669480283,128,0 0 0 0 0 0 0 0 0 0 0 0 -6 -5 -6 -5 -6 -6 -5 -6 -5 -6 -5 -6 -5 -7 -5 -7 -6 -7 -5 -8 -5 -8 -5 -8 -5 -8 -5 -8 -5 -8 -5 -9 -5 -9 -5 -9 -5 -9 -5 -9 -5 -9 -6 -9 -6 -9 -5 -9 -5 -9 -5 -10 0 0 -6 -9 -6 -10 -6 -9 -7 -10 -7 -9 -7 -10 -7 -9 -8 -10 -8 -10 -8 -10 -8 -10 -8 -10 -8 -10 -8 -10 -9 -10 -9 -10 -9 -11 -9 -10 -10 -10 -10 -10 -10 -10 -10 -10 -10 -11 -10 -11 -10 -11 -10 -11 0 0 0 0 0 0 0 0 0 0
1784740948.032800,57472,-44,11,1,7,1,-95,1,669490314,128,0 0 0 0 0 0 0 0 0 0 0 0 -6 4 -7 4 -7 3 -7 3 -7 3 -8 3 -8 3 -8 3 -8 3 -8 2 -9 2 -9 2 -9 2 -9 2 -10 2 -10 1 -10 2 -10 2 -10 1 -10 1 -10 1 -10 1 -10 2 -10 1 -10 1 -11 2 0 0 -11 2 -11 2 -11 2 -11 2 -11 2 -11 2 -12 3 -12 3 -12 3 -12 3 -12 3 -12 3 -12 3 -13 3 -13 4 -13 4 -13 3 -14 4 -13 4 -14 4 -14 4 -14 4 -14 4 -14 4 -14 4 -15 4 0 0 0 0 0 0 0 0 0 0
1784740948.032800,57473,-45,11,1,7,1,-95,1,669500252,128,0 0 0 0 0 0 0 0 0 0 0 0 -1 -7 -1 -8 -1 -8 0 -8 0 -8 0 -8 0 -8 0 -9 1 -9 0 -9 1 -9 1 -9 1 -9 1 -10 1 -10 2 -10 2 -10 2 -10 2 -10 2 -10 2 -10 2 -10 2 -10 2 -10 2 -10 2 -11 0 0 2 -11 2 -11 2 -11 2 -11 1 -11 1 -12 1 -12 1 -12 2 -12 1 -12 1 -13 1 -13 1 -13 1 -14 0 -13 1 -14 0 -13 0 -14 0 -14 0 -14 0 -14 0 -14 0 -14 0 -14 0 -15 0 -15 0 0 0 0 0 0 0 0 0 0
1784740948.032800,57474,-45,11,1,7,1,-95,1,669511528,128,0 0 0 0 0 0 0 0 0 0 0 0 -3 6 -3 6 -4 6 -4 6 -4 6 -4 6 -4 6 -5 6 -5 6 -5 6 -5 6 -5 6 -6 6 -6 6 -6 6 -6 6 -7 7 -6 7 -7 7 -6 7 -7 7 -7 7 -6 7 -7 7 -7 7 -7 8 0 0 -7 8 -7 8 -8 8 -7 8 -7 8 -7 9 -7 9 -7 9 -7 9 -7 10 -7 9 -7 10 -8 10 -8 10 -7 10 -8 11 -8 10 -8 11 -8 11 -8 11 -8 11 -8 11 -8 11 -8 11 -8 11 -8 11 0 0 0 0 0 0 0 0 0 0
1784740948.032800,57475,-45,11,1,7,1,-95,1,669520224,128,0 0 0 0 0 0 0 0 0 0 0 0 3 -7 3 -7 4 -7 4 -7 4 -6 5 -7 4 -6 5 -7 5 -7 5 -7 6 -6 6 -6 6 -6 6 -6 6 -7 6 -7 6 -7 7 -7 7 -7 7 -7 7 -7 7 -7 7 -7 7 -7 7 -7 7 -7 0 0 8 -8 8 -8 8 -8 8 -8 8 -8 8 -9 8 -9 8 -9 8 -9 8 -10 8 -10 8 -10 8 -10 8 -10 8 -10 9 -11 9 -10 9 -11 9 -11 9 -11 9 -11 9 -11 9 -11 9 -11 9 -11 9 -11 0 0 0 0 0 0 0 0 0 0
1784740948.048715,57476,-45,11,1,7,1,-95,1,669530180,128,0 0 0 0 0 0 0 0 0 0 0 0 -1 -7 -1 -7 0 -8 0 -8 0 -8 0 -8 1 -8 1 -8 1 -8 1 -9 1 -9 1 -9 1 -9 2 -9 2 -9 2 -9 2 -10 2 -10 3 -10 3 -10 3 -10 3 -10 3 -10 3 -10 3 -10 3 -11 0 0 3 -11 3 -11 3 -11 3 -11 3 -11 3 -11 3 -11 3 -12 3 -12 2 -12 2 -12 2 -12 2 -13 2 -13 2 -13 3 -13 2 -13 2 -13 3 -14 2 -13 2 -14 3 -14 2 -14 2 -14 2 -14 2 -14 0 0 0 0 0 0 0 0 0 0
1784740948.048715,57477,-44,11,1,7,1,-95,1,669540225,128,0 0 0 0 0 0 0 0 0 0 0 0 -7 -3 -7 -3 -7 -3 -7 -3 -7 -4 -7 -4 -7 -4 -7 -4 -8 -4 -8 -5 -7 -6 -8 -6 -8 -6 -7 -6 -8 -6 -8 -6 -8 -6 -9 -7 -8 -7 -9 -7 -9 -7 -9 -7 -9 -8 -8 -8 -8 -8 -8 -8 0 0 -9 -7 -10 -8 -9 -7 -10 -8 -9 -7 -10 -7 -10 -7 -11 -7 -10 -7 -11 -8 -11 -8 -11 -8 -11 -8 -11 -7 -12 -7 -12 -7 -12 -8 -12 -8 -12 -7 -13 -7 -13 -7 -13 -7 -13 -8 -12 -8 -12 -8 -12 -8 0 0 0 0 0 0 0 0 0 0
1784740948.048715,57478,-45,11,1,7,1,-95,1,669550340,128,0 0 0 0 0 0 0 0 0 0 0 0 -6 -3 -6 -3 -6 -4 -7 -4 -6 -4 -6 -4 -6 -5 -7 -5 -7 -5 -7 -5 -7 -5 -7 -6 -7 -6 -7 -6 -7 -7 -7 -6 -7 -7 -7 -7 -8 -8 -7 -8 -8 -7 -8 -8 -7 -8 -8 -8 -8 -8 -8 -8 0 0 -8 -9 -8 -8 -8 -9 -8 -8 -8 -9 -9 -9 -9 -9 -9 -9 -9 -9 -10 -9 -10 -9 -10 -9 -10 -9 -11 -9 -10 -9 -11 -10 -10 -9 -11 -10 -11 -9 -11 -10 -11 -9 -12 -10 -11 -10 -11 -10 -12 -10 -12 -10 0 0 0 0 0 0 0 0 0 0
1784740948.048715,57479,-45,11,1,7,1,-95,1,669560223,128,0 0 0 0 0 0 0 0 0 0 0 0 -6 3 -6 3 -6 3 -7 3 -7 2 -7 2 -7 2 -7 2 -8 2 -8 2 -8 2 -8 2 -8 2 -9 2 -8 2 -9 1 -9 2 -9 1 -9 1 -10 1 -10 1 -10 1 -10 2 -10 1 -10 1 -11 1 0 0 -11 1 -11 1 -11 1 -11 1 -11 1 -11 1 -11 1 -11 1 -12 2 -12 2 -12 2 -12 3 -12 2 -12 2 -13 2 -13 2 -13 2 -13 3 -13 3 -14 3 -14 3 -14 3 -14 3 -14 3 -14 3 -15 3 0 0 0 0 0 0 0 0 0 0
1784740948.064440,57480,-46,11,1,7,1,-95,1,669570179,128,0 0 0 0 0 0 0 0 0 0 0 0 -7 2 -8 2 -8 1 -8 1 -8 1 -8 1 -8 1 -8 1 -9 1 -9 0 -9 0 -9 -1 -9 -1 -9 -1 -10 0 -10 -1 -10 -1 -10 -1 -10 -1 -10 -1 -10 -1 -10 -1 -11 -1 -11 -1 -11 -1 -11 -1 0 0 -11 -1 -11 -1 -11 -1 -12 0 -11 0 -11 0 -11 0 -12 0 -11 1 -12 0 -12 0 -12 1 -12 0 -12 0 -13 1 -12 1 -13 1 -13 1 -13 1 -13 2 -13 1 -13 2 -14 1 -14 1 -14 1 -14 1 0 0 0 0 0 0 0 0 0 0
1784740948.064440,57481,-45,11,1,7,1,-95,1,669580203,128,0 0 0 0 0 0 0 0 0 0 0 0 6 -4 7 -3 7 -3 7 -3 7 -3 8 -3 8 -2 8 -2 8 -2 8 -2 8 -2 9 -2 9 -1 9 -1 10 -1 9 -1 10 -1 9 -1 10 -1 10 -1 10 -1 10 0 10 -1 10 -1 10 -1 10 -1 0 0 10 -1 10 -1 11 -1 10 -1 10 -2 10 -1 11 -1 11 -2 11 -2 11 -2 11 -2 11 -3 11 -3 12 -3 11 -3 12 -3 11 -3 12 -3 12 -3 12 -3 12 -3 12 -4 12 -4 12 -4 12 -4 12 -4 0 0 0 0 0 0 0 0 0 0
1784740948.080508,57482,-44,11,1,7,1,-95,1,669590209,128,0 0 0 0 0 0 0 0 0 0 0 0 1 -7 1 -7 2 -7 2 -7 3 -8 3 -7 3 -8 3 -8 4 -8 4 -8 4 -8 4 -8 4 -8 5 -8 5 -9 5 -9 5 -8 6 -9 6 -9 6 -9 6 -9 6 -9 6 -9 6 -9 7 -9 7 -9 0 0 7 -9 7 -9 7 -9 7 -10 6 -9 7 -10 7 -10 7 -10 7 -10 7 -11 7 -11 6 -11 6 -11 7 -11 7 -12 6 -11 7 -11 7 -12 6 -12 6 -12 6 -12 6 -13 6 -13 6 -12 6 -13 7 -13 0 0 0 0 0 0 0 0 0 0
1784740948.096590,57483,-45,11,1,7,1,-95,1,669600238,128,0 0 0 0 0 0 0 0 0 0 0 0 2 -6 2 -6 3 -6 3 -6 3 -6 3 -6 3 -6 3 -6 4 -6 4 -6 4 -6 4 -7 5 -6 5 -7 5 -7 5 -7 5 -7 5 -7 5 -7 5 -8 6 -8 6 -8 6 -8 6 -8 6 -8 7 -8 0 0 7 -8 7 -9 6 -9 7 -9 6 -9 7 -9 7 -9 7 -10 7 -9 7 -10 7 -10 7 -10 7 -10 7 -10 7 -11 7 -11 7 -12 7 -12 7 -11 7 -12 8 -12 7 -12 8 -12 8 -12 7 -12 7 -12 0 0 0 0 0 0 0 0 0 0
1784740948.096590,57484,-46,11,1,7,1,-95,1,669610221,128,0 0 0 0 0 0 0 0 0 0 0 0 -6 -5 -6 -6 -6 -6 -5 -6 -5 -6 -5 -7 -5 -6 -5 -7 -5 -7 -5 -7 -5 -7 -5 -8 -5 -8 -5 -8 -5 -8 -4 -8 -5 -9 -5 -9 -5 -9 -5 -9 -5 -9 -5 -9 -5 -9 -5 -9 -5 -9 -5 -9 0 0 -5 -9 -5 -9 -6 -10 -6 -9 -6 -9 -6 -10 -6 -10 -7 -10 -7 -10 -8 -10 -7 -10 -8 -10 -8 -11 -8 -11 -8 -11 -8 -11 -8 -10 -8 -11 -9 -11 -9 -11 -9 -11 -9 -11 -9 -11 -9 -12 -9 -12 -9 -12 0 0 0 0 0 0 0 0 0 0
1784740948.114241,57485,-45,11,1,7,1,-95,1,669620202,128,0 0 0 0 0 0 0 0 0 0 0 0 -8 -3 -8 -3 -8 -4 -8 -4 -8 -4 -8 -4 -8 -5 -8 -5 -8 -5 -8 -6 -8 -6 -8 -6 -8 -7 -8 -7 -8 -6 -8 -7 -8 -7 -8 -8 -8 -7 -8 -7 -8 -7 -8 -7 -8 -8 -8 -8 -8 -7 -8 -7 0 0 -8 -7 -9 -8 -8 -7 -9 -8 -9 -7 -9 -7 -9 -7 -10 -7 -9 -7 -11 -7 -10 -7 -10 -7 -10 -7 -10 -7 -11 -7 -11 -7 -12 -7 -11 -7 -11 -7 -12 -7 -12 -7 -12 -7 -13 -7 -12 -8 -12 -7 -12 -7 0 0 0 0 0 0 0 0 0 0
1784740948.128846,57486,-44,11,1,7,1,-95,1,669630231,128,0 0 0 0 0 0 0 0 0 0 0 0 -6 -6 -6 -6 -5 -7 -5 -7 -5 -7 -5 -8 -5 -8 -5 -8 -5 -8 -4 -8 -4 -9 -4 -9 -4 -9 -4 -9 -4 -10 -4 -10 -4 -10 -4 -10 -4 -10 -4 -10 -4 -10 -4 -10 -4 -10 -3 -10 -3 -10 -4 -11 0 0 -4 -11 -4 -10 -4 -11 -4 -11 -4 -11 -4 -11 -5 -11 -5 -11 -5 -11 -6 -11 -6 -11 -6 -11 -6 -11 -6 -11 -6 -11 -7 -11 -6 -11 -7 -12 -7 -11 -7 -12 -7 -12 -7 -12 -7 -12 -7 -12 -7 -12 -8 -12 0 0 0 0 0 0 0 0 0 0
1784740948.245295,57487,-44,11,1,7,1,-95,1,669640230,128,0 0 0 0 0 0 0 0 0 0 0 0 4 5 4 5 4 6 4 6 4 6 3 7 3 7 3 7 3 8 3 8 3 8 3 8 3 8 3 8 3 8 2 9 2 9 2 9 2 9 2 9 2 10 2 10 2 10 2 9 2 10 2 10 0 0 2 10 2 10 2 10 3 10 3 10 3 10 2 10 3 10 3 10 4 10 3 10 4 10 4 10 4 11 4 11 4 11 4 11 4 11 4 11 4 11 5 11 5 11 5 11 5 11 5 11 5 11 0 0 0 0 0 0 0 0 0 0
1784740948.245295,57488,-44,11,1,7,1,-95,1,669650291,128,0 0 0 0 0 0 0 0 0 0 0 0 -6 -5 -6 -5 -6 -6 -6 -6 -6 -6 -6 -6 -6 -7 -6 -7 -6 -7 -6 -8 -6 -8 -6 -8 -6 -8 -6 -9 -6 -8 -6 -9 -6 -9 -6 -9 -6 -9 -6 -9 -6 -9 -6 -9 -6 -10 -6 -10 -6 -10 -6 -10 0 0 -7 -10 -7 -10 -7 -10 -7 -10 -7 -10 -7 -10 -8 -10 -8 -10 -8 -10 -8 -10 -8 -10 -8 -10 -8 -10 -9 -10 -9 -10 -9 -10 -9 -10 -9 -11 -10 -10 -10 -10 -10 -10 -10 -10 -10 -11 -10 -11 -10 -10 -10 -10 0 0 0 0 0 0 0 0 0 0
1784740948.245295,57489,-45,11,1,7,1,-95,1,669660153,128,0 0 0 0 0 0 0 0 0 0 0 0 0 7 0 7 -1 7 -1 7 -1 7 -1 8 -1 8 -2 8 -2 8 -2 8 -3 8 -2 9 -3 9 -3 9 -3 9 -3 9 -4 10 -3 9 -4 10 -4 10 -4 10 -4 10 -4 10 -4 10 -4 10 -4 10 0 0 -4 10 -4 10 -4 11 -4 11 -4 11 -4 11 -4 11 -4 11 -4 12 -3 12 -4 12 -4 12 -4 12 -4 13 -3 12 -3 13 -4 13 -3 13 -3 13 -3 14 -3 14 -3 14 -3 14 -4 14 -4 14 -4 14 0 0 0 0 0 0 0 0 0 0
1784740948.245295,57490,-45,11,1,7,1,-95,1,669672249,128,0 0 0 0 0 0 0 0 0 0 0 0 5 4 5 4 5 4 5 5 5 5 5 5 5 5 5 5 5 6 5 6 5 6 5 7 5 7 5 7 5 7 5 8 5 8 5 8 5 8 5 8 5 8 5 8 5 8 5 8 5 8 5 8 0 0 6 8 6 9 6 9 6 8 6 8 6 8 7 8 7 8 7 9 7 9 7 9 8 9 8 9 8 9 8 9 8 9 8 9 9 9 9 9 9 9 9 9 10 10 10 9 9 10 10 10 10 10 0 0 0 0 0 0 0 0 0 0
1784740948.245295,57491,-44,11,1,7,1,-95,1,669680394,128,0 0 0 0 0 0 0 0 0 0 0 0 -8 -1 -8 -1 -9 -2 -8 -2 -9 -2 -9 -2 -9 -3 -9 -3 -9 -3 -10 -4 -10 -4 -9 -5 -10 -5 -10 -5 -10 -5 -10 -5 -10 -5 -10 -5 -10 -6 -10 -6 -10 -6 -10 -6 -10 -6 -10 -6 -9 -6 -10 -6 0 0 -10 -6 -11 -6 -10 -6 -11 -5 -10 -5 -11 -5 -11 -5 -11 -5 -11 -5 -12 -5 -12 -5 -12 -5 -12 -5 -12 -4 -13 -4 -13 -4 -13 -4 -13 -4 -13 -3 -14 -3 -14 -3 -14 -3 -14 -4 -14 -4 -14 -4 -14 -4 0 0 0 0 0 0 0 0 0 0
1784740948.245295,57492,-44,11,1,7,1,-95,1,669690864,128,0 0 0 0 0 0 0 0 0 0 0 0 -3 -7 -3 -7 -3 -8 -3 -8 -2 -8 -2 -9 -2 -8 -2 -9 -2 -9 -1 -9 -1 -10 -1 -10 -1 -10 -1 -10 -1 -11 0 -10 0 -11 0 -11 1 -11 0 -11 0 -11 1 -11 0 -11 1 -11 1 -11 1 -11 0 0 1 -12 1 -11 1 -12 0 -11 0 -11 0 -12 0 -12 0 -12 0 -12 -1 -12 -1 -12 -1 -12 -1 -13 -1 -13 -1 -12 -2 -13 -2 -13 -2 -13 -2 -13 -2 -13 -2 -13 -2 -14 -3 -13 -3 -14 -3 -14 -3 -14 0 0 0 0 0 0 0 0 0 0
1784740948.245295,57493,-45,11,1,7,1,-95,1,669700224,128,0 0 0 0 0 0 0 0 0 0 0 0 3 5 3 5 3 6 3 6 3 6 3 6 2 7 3 7 2 7 3 7 2 8 3 8 2 8 2 9 2 9 1 9 1 9 1 10 1 10 1 10 1 10 1 10 1 10 1 10 1 10 1 10 0 0 1 11 1 11 1 11 1 11 1 11 1 11 1 11 2 11 1 11 2 11 2 11 3 11 3 11 3 12 2 12 2 12 3 12 3 12 3 12 3 12 3 12 3 13 4 12 4 12 4 12 4 13 0 0 0 0 0 0 0 0 0 0
1784740948.245295,57494,-45,11,1,7,1,-95,1,669710225,128,0 0 0 0 0 0 0 0 0 0 0 0 -8 -1 -8 -1 -8 -1 -8 -2 -8 -2 -8 -2 -9 -2 -9 -2 -9 -2 -9 -3 -9 -3 -9 -3 -9 -3 -9 -4 -10 -4 -10 -4 -10 -4 -10 -4 -10 -4 -10 -4 -10 -4 -10 -4 -11 -4 -10 -5 -10 -5 -11 -5 0 0 -11 -4 -11 -4 -11 -4 -12 -4 -11 -4 -12 -4 -12 -4 -12 -4 -12 -3 -13 -4 -13 -4 -13 -4 -12 -4 -13 -3 -14 -3 -13 -3 -14 -3 -14 -3 -14 -3 -14 -3 -14 -3 -14 -3 -14 -3 -14 -3 -14 -3 -15 -3 0 0 0 0 0 0 0 0 0 0
1784740948.245295,57495,-44,11,1,7,1,-95,1,669720125,128,0 0 0 0 0 0 0 0 0 0 0 0 6 3 6 4 6 4 6 5 5 5 6 5 6 5 6 6 6 6 6 6 6 6 6 7 6 7 6 7 6 8 5 8 6 8 5 8 6 8 5 8 6 9 5 9 5 8 5 8 5 8 6 9 0 0 6 9 6 8 6 9 6 8 7 9 7 8 7 8 7 8 8 8 8 8 8 9 9 8 9 9 9 9 9 9 10 9 9 9 10 9 10 9 10 9 10 9 10 9 10 9 10 9 11 10 11 10 0 0 0 0 0 0 0 0 0 0
1784740948.245295,57496,-44,11,1,7,1,-95,1,669730172,128,0 0 0 0 0 0 0 0 0 0 0 0 -1 -7 -1 -8 0 -8 0 -8 0 -8 0 -8 1 -9 1 -9 1 -9 1 -9 1 -9 2 -10 2 -10 2 -10 3 -10 3 -10 3 -10 3 -10 4 -11 4 -10 4 -10 4 -10 4 -10 4 -10 4 -10 4 -10 0 0 4 -10 4 -11 4 -11 4 -11 4 -11 4 -11 3 -11 3 -11 3 -11 3 -12 3 -12 2 -12 3 -12 3 -13 3 -13 3 -13 3 -13 3 -14 3 -14 3 -14 2 -14 3 -14 3 -14 3 -15 3 -14 3 -15 0 0 0 0 0 0 0 0 0 0
1784740948.245295,57497,-45,11,1,7,1,-95,1,669740837,128,0 0 0 0 0 0 0 0 0 0 0 0 6 2 6 2 6 3 6 3 6 3 7 4 7 4 7 4 7 4 7 4 7 5 7 5 7 5 7 6 7 6 7 6 7 6 7 6 7 7 7 7 7 7 7 7 7 7 7 7 7 7 7 7 0 0 7 7 7 7 7 7 7 7 8 7 8 7 8 7 8 7 8 7 9 7 8 7 9 6 9 7 9 7 9 7 9 7 9 7 10 6 10 6 10 6 10 6 10 6 10 6 10 7 10 6 11 6 0 0 0 0 0 0 0 0 0 0
1784740948.257032,57498,-45,11,1,7,1,-95,1,669750127,128,0 0 0 0 0 0 0 0 0 0 0 0 -5 7 -6 6 -6 6 -7 6 -7 6 -7 6 -7 6 -8 6 -8 5 -8 6 -8 6 -9 6 -9 6 -9 6 -9 6 -10 5 -10 5 -10 5 -10 5 -10 5 -10 5 -10 5 -10 5 -10 5 -10 5 -10 5 0 0 -10 5 -10 5 -10 5 -10 5 -10 6 -10 6 -10 6 -10 6 -11 6 -10 7 -10 7 -10 7 -10 7 -10 8 -10 8 -11 8 -10 7 -10 8 -10 8 -10 8 -10 8 -10 8 -10 8 -10 8 -10 8 -10 9 0 0 0 0 0 0 0 0 0 0
1784740948.257032,57499,-44,11,1,7,1,-95,1,669760145,128,0 0 0 0 0 0 0 0 0 0 0 0 -8 3 -8 2 -9 2 -9 2 -9 1 -9 1 -10 1 -10 1 -10 1 -10 1 -11 0 -11 0 -11 0 -11 0 -11 0 -12 -1 -11 -1 -12 -1 -12 -1 -12 -1 -12 -1 -12 -1 -12 -1 -12 -1 -11 -1 -12 -1 0 0 -12 0 -12 0 -12 0 -12 0 -12 0 -12 1 -12 1 -12 1 -12 1 -13 2 -13 1 -13 2 -13 2 -13 2 -13 3 -13 2 -13 2 -13 3 -13 3 -13 3 -13 3 -13 3 -14 3 -14 3 -13 3 -14 3 0 0 0 0 0 0 0 0 0 0
1784740948.257032,57500,-44,11,1,7,1,-95,1,669770237,128,0 0 0 0 0 0 0 0 0 0 0 0 -4 6 -5 6 -5 6 -6 5 -6 6 -6 6 -7 6 -7 6 -7 6 -8 6 -8 6 -9 6 -9 5 -9 5 -9 6 -10 5 -10 6 -10 5 -10 5 -10 6 -10 5 -10 5 -11 5 -10 5 -10 5 -10 5 0 0 -10 5 -11 6 -10 6 -10 6 -10 6 -10 6 -10 6 -10 7 -10 7 -11 7 -10 7 -10 7 -10 7 -10 7 -11 8 -10 8 -11 8 -11 8 -10 9 -11 9 -10 9 -11 9 -11 9 -11 9 -11 9 -11 9 0 0 0 0 0 0 0 0 0 0
1784740948.272870,57501,-45,11,1,7,1,-95,1,669780223,128,0 0 0 0 0 0 0 0 0 0 0 0 6 -2 7 -2 6 -2 7 -2 7 -1 8 -1 7 -1 8 -1 8 -1 8 -1 9 -1 9 -1 9 0 9 0 10 0 9 1 10 1 10 1 10 1 10 1 10 1 10 2 10 1 10 1 10 1 11 1 0 0 11 1 10 1 11 2 11 1 11 1 11 1 11 1 11 0 11 1 11 0 11 0 12 0 12 0 12 0 12 0 12 0 12 0 13 -1 13 -1 13 -1 13 -1 13 -1 12 -1 13 -1 13 -1 13 -1 0 0 0 0 0 0 0 0 0 0
1784740948.272870,57502,-44,11,1,7,1,-95,1,669790227,128,0 0 0 0 0 0 0 0 0 0 0 0 3 6 3 6 3 7 3 7 3 7 3 7 3 8 3 8 3 8 2 9 2 9 2 9 1 9 1 10 2 10 2 10 1 10 2 11 1 11 1 11 1 11 1 11 1 11 0 11 0 11 0 11 0 0 1 11 1 12 1 11 1 12 1 11 2 12 2 11 2 12 2 12 2 12 2 12 2 12 2 12 2 12 3 13 3 12 3 12 3 12 3 12 4 12 3 12 4 12 3 12 3 13 3 13 3 13 0 0 0 0 0 0 0 0 0 0
1784740948.288955,57503,-44,11,1,7,1,-95,1,669800257,128,0 0 0 0 0 0 0 0 0 0 0 0 5 4 6 4 5 4 5 5 5 5 5 6 5 5 5 6 5 6 5 6 5 7 5 7 5 7 5 7 6 8 5 7 6 8 5 8 6 9 6 9 6 9 6 9 6 8 5 9 6 9 6 9 0 0 6 9 6 9 6 10 6 9 7 9 6 9 7 9 7 9 7 9 7 9 8 9 8 9 8 9 8 10 8 9 9 10 8 9 9 10 9 10 9 10 9 9 9 9 9 9 9 10 9 9 9 10 0 0 0 0 0 0 0 0 0 0
1784740948.305200,57504,-44,11,1,7,1,-95,1,669810200,128,0 0 0 0 0 0 0 0 0 0 0 0 2 7 1 8 1 7 0 8 0 8 0 8 0 8 0 8 -1 8 0 9 0 9 -1 9 -1 9 -1 9 -1 10 -2 9 -2 10 -2 10 -2 10 -2 10 -2 10 -2 10 -2 10 -2 10 -2 10 -2 11 0 0 -2 11 -2 11 -2 11 -2 11 -1 11 -1 11 -1 11 -1 11 -1 12 0 12 -1 12 0 12 0 12 0 13 0 12 0 13 0 12 0 13 0 13 0 13 0 13 0 13 1 13 0 13 1 13 1 14 0 0 0 0 0 0 0 0 0 0
1784740948.314707,57505,-44,11,1,7,1,-95,1,669820214,128,0 0 0 0 0 0 0 0 0 0 0 0 -6 -5 -6 -5 -7 -6 -6 -6 -6 -6 -6 -6 -6 -7 -6 -7 -6 -7 -6 -8 -6 -8 -6 -8 -6 -8 -6 -8 -6 -9 -6 -9 -6 -9 -6 -10 -6 -10 -6 -10 -6 -10 -6 -10 -6 -10 -6 -10 -6 -10 -6 -10 0 0 -6 -10 -7 -10 -7 -10 -7 -11 -7 -10 -7 -10 -7 -10 -8 -10 -7 -10 -8 -11 -8 -10 -8 -10 -8 -10 -8 -10 -9 -11 -9 -10 -9 -11 -9 -11 -9 -10 -10 -11 -9 -11 -10 -10 -10 -11 -10 -11 -10 -11 -10 -10 0 0 0 0 0 0 0 0 0 0
1784740948.320972,57506,-44,11,1,7,1,-95,1,669830250,128,0 0 0 0 0 0 0 0 0 0 0 0 6 1 6 2 6 2 6 3 6 3 7 3 7 3 7 3 7 3 7 3 7 4 7 4 7 5 7 5 8 5 7 5 8 5 7 5 8 6 8 6 8 6 8 6 8 6 8 6 8 7 8 6 0 0 8 6 8 6 8 7 8 6 9 6 9 6 9 6 9 6 9 6 10 6 9 7 10 6 10 7 10 7 10 6 10 7 10 7 11 7 11 6 11 6 11 6 11 6 10 6 11 7 11 7 11 7 0 0 0 0 0 0 0 0 0 0
1784740948.437021,57507,-44,11,1,7,1,-95,1,669842216,128,0 0 0 0 0 0 0 0 0 0 0 0 -5 -7 -4 -8 -4 -8 -4 -9 -3 -9 -3 -9 -3 -9 -3 -9 -3 -9 -3 -9 -3 -10 -3 -10 -3 -10 -3 -11 -3 -11 -2 -11 -2 -11 -2 -11 -2 -12 -2 -11 -2 -12 -2 -12 -2 -12 -2 -12 -2 -12 -2 -12 0 0 -2 -12 -2 -12 -2 -12 -2 -12 -3 -12 -3 -12 -3 -12 -3 -12 -3 -12 -4 -12 -4 -12 -4 -13 -4 -13 -4 -13 -4 -12 -5 -13 -5 -12 -5 -13 -5 -13 -5 -13 -6 -13 -6 -13 -6 -13 -6 -13 -6 -13 -6 -13 0 0 0 0 0 0 0 0 0 0
1784740948.437021,57508,-44,11,1,7,1,-95,1,669850255,128,0 0 0 0 0 0 0 0 0 0 0 0 -3 -8 -2 -8 -2 -9 -1 -9 -1 -9 -1 -9 -1 -9 -1 -9 -1 -10 0 -10 0 -10 1 -10 1 -10 1 -10 1 -10 1 -11 1 -11 1 -12 1 -11 1 -11 1 -12 1 -11 2 -12 2 -12 2 -11 2 -12 0 0 2 -12 2 -12 1 -12 1 -13 1 -12 1 -12 1 -12 1 -12 1 -12 1 -13 1 -13 1 -12 1 -12 0 -12 0 -13 0 -13 0 -13 0 -13 -1 -13 -1 -14 -1 -13 -1 -13 -1 -14 -1 -14 0 -14 -1 -14 0 0 0 0 0 0 0 0 0 0
1784740948.437021,57509,-44,11,1,7,1,-95,1,669860424,128,0 0 0 0 0 0 0 0 0 0 0 0 -5 5 -5 5 -6 5 -6 4 -7 5 -7 5 -7 4 -7 5 -8 4 -8 4 -8 4 -9 4 -9 4 -9 4 -9 4 -10 4 -10 4 -10 4 -10 4 -11 4 -10 4 -11 4 -11 4 -11 4 -11 4 -11 4 0 0 -11 4 -12 4 -11 4 -12 4 -11 4 -12 4 -11 4 -12 4 -12 4 -12 5 -12 5 -12 5 -12 5 -12 5 -12 6 -12 6 -12 6 -12 6 -12 6 -12 6 -12 6 -13 6 -12 6 -13 6 -13 7 -12 6 0 0 0 0 0 0 0 0 0 0
1784740948.437021,57510,-45,11,1,7,1,-95,1,669870185,128,0 0 0 0 0 0 0 0 0 0 0 0 -5 5 -5 5 -5 5 -6 5 -6 5 -6 5 -6 5 -6 5 -7 5 -7 5 -7 5 -8 5 -8 5 -8 5 -8 5 -9 5 -9 5 -9 5 -9 5 -9 5 -9 5 -10 5 -9 5 -10 5 -10 5 -10 5 0 0 -10 6 -10 6 -10 5 -10 6 -10 6 -10 6 -10 6 -10 7 -10 7 -11 7 -11 7 -10 7 -11 7 -11 8 -11 8 -11 8 -11 8 -11 8 -11 9 -11 9 -11 9 -11 9 -11 9 -11 9 -11 9 -12 9 0 0 0 0 0 0 0 0 0 0
1784740948.437021,57511,-44,11,1,7,1,-95,1,669880199,128,0 0 0 0 0 0 0 0 0 0 0 0 0 -8 0 -8 1 -8 1 -8 2 -8 2 -8 2 -8 2 -8 2 -9 3 -9 3 -9 3 -9 3 -9 4 -9 4 -9 4 -9 4 -9 4 -10 4 -10 4 -10 4 -10 4 -10 5 -10 5 -10 5 -9 5 -10 0 0 5 -10 4 -10 5 -10 4 -11 4 -10 5 -11 4 -10 4 -11 4 -11 4 -12 4 -11 4 -11 4 -11 4 -11 3 -12 3 -12 4 -12 3 -13 3 -12 3 -13 3 -12 2 -13 3 -13 3 -13 3 -13 3 -13 0 0 0 0 0 0 0 0 0 0
1784740948.437021,57512,-44,11,1,7,1,-95,1,669890199,128,0 0 0 0 0 0 0 0 0 0 0 0 3 6 3 7 2 7 2 7 1 7 2 8 2 8 2 8 1 8 1 8 1 9 1 9 1 9 0 9 0 10 0 10 0 10 0 10 0 10 0 10 0 10 -1 10 0 10 -1 10 -1 10 0 11 0 0 0 11 0 11 0 11 0 11 0 11 0 11 0 11 1 11 0 11 1 11 1 12 1 12 1 11 2 12 1 12 2 12 1 12 2 13 2 12 2 12 3 12 2 13 3 12 3 12 3 12 3 13 0 0 0 0 0 0 0 0 0 0
1784740948.437021,57513,-44,11,1,7,1,-95,1,669900272,128,0 0 0 0 0 0 0 0 0 0 0 0 -2 -8 -1 -8 -1 -9 0 -9 0 -9 0 -9 0 -9 0 -9 0 -10 1 -10 1 -10 2 -10 2 -10 2 -10 2 -10 2 -10 2 -11 2 -11 3 -11 2 -11 2 -10 3 -11 3 -11 3 -11 3 -10 3 -11 0 0 3 -11 3 -11 3 -11 2 -11 2 -11 2 -12 2 -12 2 -12 2 -12 2 -12 2 -12 1 -12 1 -12 1 -12 1 -13 1 -13 1 -13 1 -13 1 -13 0 -14 0 -14 0 -14 1 -14 1 -14 0 -14 0 -15 0 0 0 0 0 0 0 0 0 0
1784740948.449836,57514,-44,11,1,7,1,-95,1,669910143,128,0 0 0 0 0 0 0 0 0 0 0 0 -6 -7 -6 -7 -5 -7 -5 -8 -5 -8 -5 -8 -5 -9 -5 -9 -5 -9 -4 -10 -4 -10 -4 -10 -4 -10 -4 -11 -4 -10 -4 -11 -4 -11 -4 -11 -3 -11 -3 -11 -3 -11 -3 -11 -3 -12 -3 -12 -2 -11 -2 -11 0 0 -3 -12 -3 -11 -4 -11 -4 -11 -4 -11 -4 -11 -4 -11 -5 -11 -5 -11 -5 -12 -5 -12 -5 -11 -5 -11 -5 -11 -6 -11 -7 -11 -6 -11 -7 -12 -7 -12 -7 -11 -7 -11 -8 -11 -7 -12 -7 -12 -7 -12 -8 -12 0 0 0 0 0 0 0 0 0 0
1784740948.449836,57515,-45,11,1,7,1,-95,1,669921180,128,0 0 0 0 0 0 0 0 0 0 0 0 0 -7 1 -7 1 -7 2 -7 2 -8 2 -8 2 -8 2 -8 3 -9 3 -8 4 -9 4 -9 5 -9 5 -9 5 -9 5 -9 5 -9 6 -9 6 -9 6 -10 6 -10 6 -10 7 -10 7 -9 7 -9 7 -9 0 0 7 -10 7 -10 7 -10 7 -10 6 -10 6 -10 6 -10 6 -11 6 -11 6 -11 6 -11 6 -11 6 -11 6 -11 6 -12 5 -12 6 -12 6 -12 6 -12 5 -13 5 -13 5 -13 6 -13 5 -13 5 -13 5 -13 0 0 0 0 0 0 0 0 0 0
1784740948.449836,57516,-45,11,1,7,1,-95,1,669930282,128,0 0 0 0 0 0 0 0 0 0 0 0 -5 3 -5 3 -6 3 -6 3 -6 3 -6 3 -7 3 -7 3 -7 3 -8 3 -8 3 -8 3 -8 3 -9 3 -9 3 -9 3 -9 3 -10 3 -10 3 -10 3 -10 3 -10 3 -11 3 -10 2 -11 2 -11 2 0 0 -11 3 -11 3 -11 3 -12 3 -11 3 -11 3 -11 4 -12 4 -11 4 -12 4 -12 4 -12 4 -12 4 -12 4 -13 5 -12 5 -13 5 -13 5 -13 6 -13 6 -13 6 -13 6 -14 6 -14 5 -14 5 -14 6 0 0 0 0 0 0 0 0 0 0
1784740948.449836,57517,-44,11,1,7,1,-95,1,669940228,128,0 0 0 0 0 0 0 0 0 0 0 0 1 6 1 7 0 7 0 7 -1 8 -1 8 0 7 -1 8 -1 8 -1 8 -2 9 -2 9 -2 9 -2 9 -2 9 -3 9 -3 9 -3 9 -3 10 -3 9 -3 10 -3 10 -3 10 -3 10 -3 10 -4 10 0 0 -3 10 -3 10 -3 10 -3 11 -3 11 -3 11 -3 11 -3 11 -3 11 -2 11 -2 11 -2 11 -2 11 -2 12 -2 12 -1 12 -1 12 -1 13 -1 12 -1 13 -1 13 -1 13 -1 13 -1 13 -1 14 -1 14 0 0 0 0 0 0 0 0 0 0
1784740948.449836,57518,-43,11,1,7,1,-95,1,669950189,128,0 0 0 0 0 0 0 0 0 0 0 0 6 -3 6 -3 7 -2 7 -2 7 -2 8 -2 8 -1 8 -1 8 -1 8 -1 9 -1 9 -1 9 0 9 0 10 0 10 1 10 0 10 1 10 1 10 1 10 1 10 1 10 1 10 1 10 1 11 1 0 0 11 1 11 1 11 2 11 1 11 1 11 1 11 1 11 1 11 1 11 0 12 0 11 0 12 0 12 0 12 0 12 0 12 -1 12 -1 13 -1 13 -1 13 -1 13 -1 13 -2 13 -2 13 -2 14 -2 0 0 0 0 0 0 0 0 0 0
1784740948.449836,57519,-43,11,1,7,1,-95,1,669960544,128,0 0 0 0 0 0 0 0 0 0 0 0 -6 -5 -6 -5 -6 -5 -5 -6 -6 -6 -6 -6 -6 -7 -6 -7 -6 -7 -5 -8 -5 -8 -5 -8 -5 -8 -5 -9 -5 -9 -5 -9 -5 -9 -6 -10 -5 -10 -5 -10 -5 -10 -5 -10 -5 -10 -5 -10 -5 -11 -5 -11 0 0 -5 -11 -5 -11 -5 -10 -5 -11 -5 -10 -6 -11 -5 -10 -6 -10 -6 -10 -6 -11 -6 -10 -7 -11 -7 -10 -7 -11 -8 -11 -8 -10 -8 -11 -8 -11 -8 -11 -8 -11 -9 -11 -9 -11 -9 -11 -9 -11 -9 -11 -9 -11 0 0 0 0 0 0 0 0 0 0
1784740948.465741,57520,-44,11,1,7,1,-95,1,669970252,128,0 0 0 0 0 0 0 0 0 0 0 0 0 -7 0 -8 1 -7 1 -8 1 -8 2 -8 2 -8 2 -8 3 -8 3 -8 3 -8 4 -9 4 -9 4 -9 4 -9 4 -9 5 -9 5 -9 5 -9 5 -9 5 -9 6 -9 5 -9 6 -9 5 -9 6 -9 0 0 6 -9 6 -9 6 -9 5 -9 6 -9 5 -10 5 -10 5 -10 5 -10 5 -10 5 -10 5 -10 5 -10 5 -11 5 -11 5 -11 5 -11 5 -12 5 -12 4 -12 4 -12 4 -12 4 -12 4 -12 4 -13 4 -13 0 0 0 0 0 0 0 0 0 0
1784740948.465741,57521,-47,11,1,7,1,-95,1,669980235,128,0 0 0 0 0 0 0 0 0 0 0 0 -2 -6 -2 -7 -1 -7 -1 -8 -1 -7 -1 -8 0 -8 0 -8 1 -8 0 -9 1 -9 1 -9 2 -9 2 -9 2 -10 3 -9 3 -10 3 -9 3 -10 3 -9 3 -10 3 -10 3 -10 3 -10 3 -9 3 -10 0 0 3 -10 3 -10 3 -10 3 -10 3 -10 2 -10 3 -10 2 -11 2 -10 2 -11 2 -11 1 -11 1 -11 1 -11 1 -11 1 -12 1 -11 1 -12 1 -12 1 -12 0 -12 0 -12 0 -12 0 -12 0 -12 0 -13 0 0 0 0 0 0 0 0 0 0
1784740948.481874,57522,-47,11,1,7,1,-95,1,669990214,128,0 0 0 0 0 0 0 0 0 0 0 0 5 1 5 1 5 2 6 2 6 2 6 2 6 3 6 3 7 3 6 4 7 4 7 5 6 5 7 5 7 5 7 6 7 6 7 6 7 6 7 6 7 6 7 6 7 7 7 7 7 7 7 7 0 0 7 7 7 7 7 7 8 7 7 6 8 6 8 6 8 6 8 6 9 6 8 6 9 6 9 6 9 6 10 6 10 5 10 6 10 6 10 5 11 5 11 5 11 5 11 6 11 6 11 6 11 5 0 0 0 0 0 0 0 0 0 0
1784740948.481874,57523,-45,11,1,7,1,-95,1,670000235,128,0 0 0 0 0 0 0 0 0 0 0 0 1 -8 2 -8 2 -8 2 -8 3 -8 3 -8 3 -8 4 -9 4 -9 4 -9 4 -9 5 -9 5 -9 5 -9 6 -9 6 -9 6 -9 6 -9 6 -9 7 -9 7 -9 7 -9 7 -9 7 -9 7 -9 7 -9 0 0 7 -9 7 -9 7 -9 6 -9 6 -9 6 -9 6 -9 6 -9 6 -10 6 -10 6 -10 6 -10 6 -10 6 -11 6 -11 6 -11 6 -11 6 -11 5 -12 5 -12 5 -12 5 -12 5 -12 5 -12 5 -12 5 -13 0 0 0 0 0 0 0 0 0 0
1784740948.497537,57524,-43,11,1,7,1,-95,1,670010148,128,0 0 0 0 0 0 0 0 0 0 0 0 -6 5 -7 5 -8 5 -8 4 -8 4 -8 4 -9 4 -9 4 -9 4 -10 4 -10 3 -10 3 -10 3 -11 3 -11 3 -11 2 -11 2 -11 2 -11 2 -12 2 -12 2 -12 2 -12 2 -12 2 -12 2 -12 2 0 0 -12 2 -12 2 -12 2 -12 2 -12 2 -12 2 -12 2 -12 3 -12 2 -12 3 -12 3 -12 4 -12 3 -12 3 -12 4 -12 4 -12 4 -12 4 -12 4 -12 4 -12 5 -12 5 -12 5 -12 5 -12 5 -13 6 0 0 0 0 0 0 0 0 0 0
1784740948.515096,57525,-43,11,1,7,1,-95,1,670023623,128,0 0 0 0 0 0 0 0 0 0 0 0 1 7 1 7 0 8 0 8 0 8 -1 8 -1 9 -1 9 -2 9 -2 9 -2 9 -2 9 -3 9 -3 10 -3 10 -3 10 -4 10 -4 10 -4 10 -4 10 -4 10 -4 10 -4 10 -4 10 -4 10 -4 10 0 0 -4 10 -4 10 -4 10 -4 10 -4 10 -4 11 -4 10 -4 10 -4 11 -3 11 -3 11 -3 11 -3 11 -3 11 -2 11 -3 12 -3 12 -2 12 -2 12 -2 12 -2 12 -1 13 -2 12 -2 13 -1 13 -1 13 0 0 0 0 0 0 0 0 0 0
1784740948.515096,57526,-43,11,1,7,1,-95,1,670030222,128,0 0 0 0 0 0 0 0 0 0 0 0 -4 6 -5 6 -6 6 -6 6 -7 5 -7 6 -7 5 -8 5 -8 5 -8 5 -9 5 -9 5 -9 4 -9 4 -10 5 -10 4 -10 4 -10 4 -10 4 -10 3 -10 4 -11 3 -10 4 -10 4 -10 4 -11 4 0 0 -11 4 -11 4 -11 4 -11 4 -11 4 -11 4 -11 4 -11 5 -11 4 -11 5 -11 5 -11 5 -11 6 -11 6 -11 6 -11 6 -10 6 -11 6 -11 6 -10 7 -10 7 -11 7 -10 7 -10 7 -10 7 -10 8 0 0 0 0 0 0 0 0 0 0
1784740948.529360,57527,-45,11,1,7,1,-95,1,670040148,128,0 0 0 0 0 0 0 0 0 0 0 0 5 -3 5 -2 6 -2 6 -2 7 -2 7 -1 7 -1 7 -1 8 -1 8 0 8 0 8 0 9 1 9 1 9 1 9 1 9 2 10 2 9 2 10 2 10 2 10 2 10 2 10 2 10 2 10 2 0 0 10 2 11 2 10 2 11 2 10 2 11 2 11 2 11 1 11 2 11 1 11 1 11 1 11 1 11 1 12 1 11 1 12 1 11 0 12 0 12 0 12 0 12 -1 12 -1 12 -1 12 -1 12 -1 0 0 0 0 0 0 0 0 0 0
1784740948.645386,57528,-46,11,1,7,1,-95,1,670050194,128,0 0 0 0 0 0 0 0 0 0 0 0 1 -4 1 -5 1 -5 2 -5 2 -5 2 -5 3 -6 3 -6 3 -6 4 -6 4 -6 4 -6 4 -6 5 -7 5 -7 5 -7 6 -7 6 -7 6 -7 7 -8 7 -8 7 -8 8 -8 8 -8 8 -8 8 -8 0 0 9 -8 9 -8 9 -8 9 -8 9 -8 9 -8 9 -8 9 -9 9 -8 9 -9 9 -9 9 -9 9 -9 9 -9 9 -10 9 -10 10 -10 10 -10 10 -10 10 -11 10 -10 9 -10 10 -11 10 -11 10 -11 10 -11 0 0 0 0 0 0 0 0 0 0
1784740948.645386,57529,-45,11,1,7,1,-95,1,670060124,128,0 0 0 0 0 0 0 0 0 0 0 0 4 1 4 1 4 1 5 1 5 1 5 2 5 2 5 2 5 2 6 2 6 2 6 3 6 3 6 3 7 3 7 4 7 4 7 4 7 4 7 4 8 4 8 5 8 4 8 5 8 5 8 6 0 0 9 6 9 6 9 6 9 6 9 6 9 6 9 6 10 6 10 7 10 6 10 6 10 6 11 6 11 6 11 7 11 7 11 7 11 7 12 7 12 7 12 6 12 7 12 6 12 7 12 7 13 7 0 0 0 0 0 0 0 0 0 0
1784740948.645386,57530,-43,11,1,7,1,-95,1,670070216,128,0 0 0 0 0 0 0 0 0 0 0 0 3 4 3 4 3 4 3 4 3 5 3 5 3 5 3 6 3 6 3 6 3 6 2 6 2 7 2 7 3 7 3 7 3 7 3 8 2 8 3 8 3 8 3 8 3 9 2 9 2 9 2 9 0 0 3 10 3 10 3 9 3 10 3 10 3 10 4 10 3 10 4 10 4 11 4 11 4 11 4 11 4 11 5 11 5 11 4 12 5 11 5 12 5 12 5 12 6 12 5 12 5 13 5 13 6 13 0 0 0 0 0 0 0 0 0 0
1784740948.645386,57531,-43,11,1,7,1,-95,1,670081482,128,0 0 0 0 0 0 0 0 0 0 0 0 -1 -6 -1 -6 -1 -7 -1 -7 0 -7 0 -7 0 -8 0 -8 0 -8 1 -8 1 -9 1 -9 1 -9 2 -9 2 -9 2 -9 2 -9 2 -10 2 -10 2 -10 2 -10 3 -10 3 -11 3 -10 3 -10 3 -11 0 0 3 -11 3 -11 3 -11 3 -12 3 -11 3 -11 2 -11 2 -12 3 -12 2 -13 3 -13 2 -12 2 -12 2 -12 2 -13 2 -13 2 -14 2 -14 2 -14 1 -14 1 -14 1 -14 1 -15 2 -15 2 -15 2 -15 0 0 0 0 0 0 0 0 0 0
1784740948.645386,57532,-43,11,1,7,1,-95,1,670090340,128,0 0 0 0 0 0 0 0 0 0 0 0 5 3 5 3 5 4 5 4 5 4 5 4 5 5 5 5 5 5 5 6 5 6 5 6 5 6 5 7 5 7 5 7 5 8 5 8 5 8 5 8 5 8 5 8 5 8 5 8 5 8 5 9 0 0 6 9 5 9 5 9 5 9 6 9 6 9 6 9 6 9 6 9 7 9 7 9 7 9 8 9 8 9 8 9 8 10 8 9 8 9 8 10 9 10 9 10 9 10 9 9 9 10 9 10 10 10 0 0 0 0 0 0 0 0 0 0
1784740948.645386,57533,-42,11,1,7,1,-95,1,670100174,128,0 0 0 0 0 0 0 0 0 0 0 0 1 6 1 6 1 7 0 7 0 7 0 7 0 7 0 8 0 8 -1 8 -1 8 -2 9 -2 9 -2 9 -2 9 -2 9 -2 9 -2 10 -2 9 -2 10 -2 10 -2 10 -2 10 -3 10 -3 10 -3 10 0 0 -2 10 -2 11 -2 10 -2 11 -2 11 -2 11 -1 10 -1 11 -1 11 -1 12 -1 12 -1 11 -1 11 -1 11 0 12 0 12 0 13 0 13 0 13 1 13 0 13 1 13 0 14 0 14 0 13 0 13 0 0 0 0 0 0 0 0 0 0
1784740948.645386,57534,-43,11,1,7,1,-95,1,670110293,128,0 0 0 0 0 0 0 0 0 0 0 0 6 -1 7 0 7 0 7 0 7 1 7 1 7 1 8 1 8 2 8 2 8 2 8 2 8 3 8 3 9 3 8 4 9 4 8 4 9 4 9 4 9 5 9 5 9 5 8 5 9 5 9 5 0 0 9 6 9 5 9 6 9 5 9 5 9 5 9 5 9 5 9 5 10 5 10 5 10 4 10 5 10 5 10 4 11 5 10 5 11 4 11 5 12 4 12 4 12 5 12 4 12 4 12 5 12 5 0 0 0 0 0 0 0 0 0 0
1784740948.645386,57535,-44,11,1,7,1,-95,1,670120250,128,0 0 0 0 0 0 0 0 0 0 0 0 6 0 7 1 7 1 7 2 7 2 7 2 7 3 7 3 7 4 7 3 7 4 8 4 8 4 8 5 8 5 7 6 8 6 7 6 8 6 7 6 8 6 7 7 8 6 8 7 8 6 8 7 0 0 8 7 7 7 8 7 7 7 8 7 8 7 8 7 8 7 8 7 9 6 9 6 9 6 9 6 9 6 9 6 10 7 9 6 10 6 10 6 10 6 10 6 11 6 10 5 11 5 11 5 11 6 0 0 0 0 0 0 0 0 0 0
1784740948.658112,57536,-44,11,1,7,1,-95,1,670130236,128,0 0 0 0 0 0 0 0 0 0 0 0 2 -6 3 -6 3 -6 3 -6 4 -7 4 -7 4 -7 5 -7 5 -7 6 -7 6 -7 6 -6 6 -7 7 -6 6 -7 7 -7 7 -7 7 -7 8 -7 8 -7 8 -7 8 -7 8 -7 8 -7 8 -7 8 -7 0 0 8 -7 9 -8 8 -7 9 -8 8 -8 8 -8 8 -8 8 -9 8 -9 8 -9 8 -9 8 -9 8 -9 8 -9 8 -10 8 -10 8 -11 8 -11 8 -11 7 -11 7 -11 7 -11 8 -12 8 -11 8 -11 8 -11 0 0 0 0 0 0 0 0 0 0
1784740948.658112,57537,-45,11,1,7,1,-95,1,670140174,128,0 0 0 0 0 0 0 0 0 0 0 0 -5 3 -5 3 -5 3 -6 3 -6 3 -6 3 -6 3 -7 3 -7 3 -7 3 -8 3 -8 2 -8 2 -8 2 -9 2 -9 2 -9 2 -9 2 -10 2 -9 2 -10 2 -10 2 -10 2 -10 2 -10 2 -11 2 0 0 -11 2 -11 2 -11 2 -11 2 -11 3 -11 2 -12 3 -12 3 -12 3 -12 3 -12 3 -12 3 -13 3 -13 4 -13 4 -14 4 -13 3 -14 4 -14 4 -14 4 -14 4 -14 4 -14 4 -14 4 -14 4 -15 4 0 0 0 0 0 0 0 0 0 0
1784740948.658112,57538,-46,11,1,7,1,-95,1,670150143,128,0 0 0 0 0 0 0 0 0 0 0 0 -7 -2 -6 -2 -7 -2 -7 -2 -7 -3 -7 -3 -7 -3 -7 -3 -7 -3 -7 -4 -7 -4 -7 -4 -8 -4 -7 -4 -8 -4 -8 -4 -8 -4 -8 -5 -8 -4 -8 -5 -9 -5 -9 -5 -9 -4 -9 -4 -9 -4 -9 -5 0 0 -10 -4 -10 -5 -10 -5 -10 -5 -10 -5 -11 -5 -11 -5 -11 -4 -11 -5 -12 -5 -12 -5 -12 -4 -12 -5 -12 -4 -13 -5 -13 -5 -13 -5 -13 -5 -14 -5 -14 -5 -14 -5 -14 -5 -14 -5 -14 -5 -14 -5 -15 -6 0 0 0 0 0 0 0 0 0 0
1784740948.658112,57539,-45,11,1,7,1,-95,1,670160154,128,0 0 0 0 0 0 0 0 0 0 0 0 0 7 0 7 -1 7 -1 7 -1 7 -1 7 -2 7 -2 7 -2 8 -3 8 -3 8 -3 8 -3 8 -3 8 -3 8 -3 8 -3 8 -4 9 -3 8 -4 9 -4 9 -3 9 -4 9 -4 9 -4 9 -4 9 0 0 -4 9 -3 10 -3 9 -3 10 -3 10 -3 10 -3 11 -3 11 -3 11 -3 12 -3 12 -2 12 -3 11 -3 11 -2 12 -2 12 -3 13 -3 13 -3 13 -2 13 -3 13 -2 13 -3 14 -3 13 -3 14 -3 14 0 0 0 0 0 0 0 0 0 0
1784740948.658112,57540,-43,11,1,7,1,-95,1,670170175,128,0 0 0 0 0 0 0 0 0 0 0 0 4 5 4 6 3 6 3 7 3 6 3 7 3 7 3 7 3 7 2 7 2 8 2 8 2 8 2 8 2 9 2 9 2 9 2 9 2 9 2 9 2 9 2 9 2 9 2 9 2 10 2 10 0 0 2 10 3 10 2 10 3 10 3 10 3 10 3 10 3 11 3 11 4 11 4 11 4 11 4 11 4 11 5 11 5 11 4 11 5 12 5 12 5 12 5 12 5 12 5 12 5 12 5 12 5 12 0 0 0 0 0 0 0 0 0 0
1784740948.673949,57541,-43,11,1,7,1,-95,1,670180262,128,0 0 0 0 0 0 0 0 0 0 0 0 -7 -3 -7 -4 -7 -4 -7 -5 -7 -5 -7 -5 -7 -5 -8 -6 -7 -6 -7 -6 -7 -7 -7 -7 -7 -7 -7 -7 -7 -7 -7 -8 -7 -8 -7 -8 -7 -8 -7 -8 -7 -8 -7 -8 -7 -8 -7 -8 -7 -8 -7 -9 0 0 -7 -9 -7 -9 -7 -9 -8 -9 -8 -8 -8 -8 -8 -8 -8 -9 -8 -9 -9 -9 -9 -9 -9 -9 -9 -9 -9 -9 -10 -9 -10 -9 -10 -9 -10 -9 -10 -9 -11 -9 -10 -9 -10 -9 -10 -9 -10 -10 -11 -10 -11 -10 0 0 0 0 0 0 0 0 0 0
1784740948.673949,57542,-42,11,1,7,1,-95,1,670190238,128,0 0 0 0 0 0 0 0 0 0 0 0 3 6 3 7 2 7 2 7 2 7 2 8 1 8 1 8 1 8 1 8 1 8 1 9 0 9 0 9 0 9 0 10 0 10 0 10 0 10 0 10 -1 10 -1 10 0 10 -1 10 0 10 0 10 0 0 0 10 0 10 0 10 0 10 1 10 0 10 0 10 1 11 1 10 1 11 2 11 2 11 2 11 2 11 2 11 2 11 2 11 3 12 2 12 3 12 3 12 3 12 3 12 3 12 3 12 3 12 0 0 0 0 0 0 0 0 0 0
1784740948.689882,57543,-42,11,1,7,1,-95,1,670202006,128,0 0 0 0 0 0 0 0 0 0 0 0 7 -1 7 -1 8 0 8 0 8 0 8 0 8 0 8 1 8 1 8 1 8 2 8 2 9 2 8 2 9 2 9 2 9 2 9 3 9 3 10 3 9 3 9 2 9 3 9 3 9 3 9 3 0 0 10 3 10 3 10 3 10 2 10 2 10 2 10 2 10 2 10 2 11 2 11 2 11 2 11 2 11 1 12 1 12 1 12 1 12 1 12 0 12 0 12 0 12 0 12 1 13 1 12 1 13 1 0 0 0 0 0 0 0 0 0 0
1784740948.705701,57544,-42,11,1,7,1,-95,1,670210295,128,0 0 0 0 0 0 0 0 0 0 0 0 -6 -6 -6 -6 -6 -7 -6 -7 -6 -8 -5 -7 -5 -8 -6 -8 -5 -8 -5 -8 -5 -8 -5 -9 -5 -9 -4 -9 -5 -9 -5 -10 -4 -9 -4 -10 -4 -10 -4 -10 -5 -9 -5 -10 -4 -10 -4 -10 -4 -10 -4 -10 0 0 -4 -10 -5 -10 -4 -10 -5 -10 -5 -10 -5 -10 -6 -10 -6 -10 -6 -10 -6 -11 -6 -10 -6 -10 -6 -10 -6 -10 -7 -10 -7 -10 -7 -11 -7 -10 -7 -10 -8 -10 -8 -10 -8 -10 -8 -11 -7 -11 -7 -11 -8 -11 0 0 0 0 0 0 0 0 0 0
1784740948.715823,57545,-43,11,1,7,1,-95,1,670220221,128,0 0 0 0 0 0 0 0 0 0 0 0 1 8 0 9 0 9 0 9 -1 9 -1 9 -1 9 -2 9 -2 9 -2 9 -2 9 -3 9 -3 9 -3 10 -3 10 -3 10 -3 10 -4 10 -4 10 -4 10 -4 10 -3 10 -4 10 -4 9 -4 10 -4 10 0 0 -4 10 -4 10 -4 10 -3 10 -3 9 -3 10 -3 10 -2 10 -2 10 -2 10 -2 10 -2 10 -2 11 -2 11 -1 11 -1 11 -1 11 -1 11 -1 11 0 11 0 12 0 12 0 12 0 11 0 12 0 12 0 0 0 0 0 0 0 0 0 0
1784740948.721959,57546,-43,11,1,7,1,-95,1,670230241,128,0 0 0 0 0 0 0 0 0 0 0 0 3 8 2 8 2 8 1 8 1 9 1 9 1 9 0 9 0 9 0 9 0 9 0 9 0 9 0 10 -1 10 -2 10 -1 10 -2 10 -2 10 -2 10 -2 10 -2 10 -2 10 -2 10 -2 10 -2 10 0 0 -2 10 -2 10 -2 10 -2 10 -1 9 -1 9 -1 10 -1 10 -1 10 0 10 0 10 0 10 0 10 0 10 0 10 0 10 1 10 1 10 1 11 1 11 1 11 1 11 1 11 2 11 2 11 2 11 0 0 0 0 0 0 0 0 0 0
1784740948.721959,57547,-44,11,1,7,1,-95,1,670240194,128,0 0 0 0 0 0 0 0 0 0 0 0 -8 -4 -7 -4 -8 -5 -7 -5 -7 -5 -7 -5 -7 -5 -7 -6 -8 -6 -7 -6 -7 -7 -7 -7 -7 -7 -7 -7 -7 -7 -8 -8 -7 -8 -8 -8 -7 -8 -8 -8 -8 -8 -8 -8 -8 -9 -7 -9 -7 -9 -7 -9 0 0 -7 -9 -8 -9 -7 -8 -8 -9 -8 -8 -8 -9 -8 -8 -8 -8 -8 -8 -9 -8 -8 -8 -8 -8 -8 -8 -8 -8 -10 -8 -9 -7 -9 -8 -9 -8 -10 -7 -10 -7 -10 -7 -10 -7 -10 -7 -10 -7 -10 -7 -10 -7 0 0 0 0 0 0 0 0 0 0
1784740948.850203,57548,-46,11,1,7,1,-95,1,670251836,128,0 0 0 0 0 0 0 0 0 0 0 0 -6 -5 -6 -5 -6 -6 -6 -6 -6 -6 -6 -6 -6 -6 -6 -7 -6 -6 -5 -7 -5 -7 -5 -7 -6 -7 -6 -8 -6 -7 -6 -8 -6 -7 -6 -8 -6 -8 -6 -8 -7 -9 -7 -9 -7 -9 -6 -9 -6 -9 -6 -9 0 0 -6 -10 -6 -10 -6 -9 -7 -10 -7 -9 -7 -10 -7 -10 -7 -10 -7 -10 -7 -10 -7 -10 -7 -10 -7 -10 -7 -10 -8 -10 -8 -9 -8 -10 -8 -10 -8 -9 -9 -9 -9 -10 -9 -9 -8 -9 -8 -10 -8 -10 -9 -9 0 0 0 0 0 0 0 0 0 0
1784740948.850203,57549,-46,11,1,7,1,-95,1,670260204,128,0 0 0 0 0 0 0 0 0 0 0 0 6 -4 6 -4 7 -3 6 -3 7 -2 7 -3 7 -2 7 -2 7 -2 7 -2 7 -2 7 -2 7 -2 8 -2 8 -2 8 -2 8 -2 8 -2 9 -2 9 -2 9 -2 9 -2 9 -2 9 -2 10 -2 10 -2 0 0 10 -1 10 -1 10 -1 10 -2 10 -2 11 -1 10 -1 11 -2 11 -1 10 -2 11 -2 11 -2 11 -2 11 -2 11 -2 11 -2 11 -2 11 -2 11 -2 11 -2 12 -2 12 -2 11 -3 11 -3 11 -3 12 -3 0 0 0 0 0 0 0 0 0 0
1784740948.850203,57550,-45,11,1,7,1,-95,1,670270240,128,0 0 0 0 0 0 0 0 0 0 0 0 -6 -4 -5 -4 -5 -5 -5 -5 -5 -5 -5 -5 -5 -5 -5 -5 -5 -5 -5 -6 -6 -6 -6 -6 -6 -6 -6 -6 -6 -6 -7 -6 -7 -6 -7 -7 -7 -7 -8 -8 -7 -8 -8 -8 -7 -8 -7 -9 -7 -9 -7 -9 0 0 -7 -9 -8 -9 -8 -9 -8 -9 -8 -9 -8 -9 -8 -9 -8 -9 -8 -9 -9 -10 -9 -10 -9 -9 -9 -9 -9 -9 -10 -9 -10 -9 -10 -10 -10 -10 -10 -9 -10 -10 -10 -9 -11 -9 -10 -10 -10 -10 -10 -10 -10 -10 0 0 0 0 0 0 0 0 0 0
1784740948.850203,57551,-44,11,1,7,1,-95,1,670280164,128,0 0 0 0 0 0 0 0 0 0 0 0 -4 5 -5 4 -5 4 -5 4 -5 4 -5 4 -5 4 -5 4 -5 4 -5 4 -5 5 -6 5 -6 5 -6 5 -6 5 -7 6 -7 6 -8 6 -8 6 -8 6 -8 7 -9 6 -9 7 -9 6 -9 7 -10 7 0 0 -10 6 -10 7 -10 7 -10 7 -10 7 -10 7 -10 7 -11 7 -10 7 -11 8 -11 7 -11 8 -11 7 -11 8 -11 8 -12 8 -11 8 -11 8 -11 8 -11 9 -11 8 -12 9 -12 8 -12 8 -12 8 -12 9 0 0 0 0 0 0 0 0 0 0
1784740948.850203,57552,-45,11,1,7,1,-95,1,670290116,128,0 0 0 0 0 0 0 0 0 0 0 0 5 -4 5 -4 5 -3 5 -3 5 -3 5 -3 5 -3 5 -3 6 -3 5 -3 6 -4 6 -4 6 -4 6 -4 7 -4 7 -4 8 -4 8 -4 8 -4 8 -4 9 -4 9 -4 9 -4 9 -4 9 -4 10 -4 0 0 10 -4 10 -4 11 -4 11 -4 10 -4 11 -4 11 -4 11 -5 11 -4 12 -5 12 -5 12 -5 12 -5 12 -5 12 -5 12 -5 12 -4 12 -5 12 -5 12 -5 13 -5 13 -5 13 -5 13 -5 13 -5 13 -5 0 0 0 0 0 0 0 0 0 0
1784740948.850203,57553,-46,11,1,7,1,-95,1,670300161,128,0 0 0 0 0 0 0 0 0 0 0 0 3 -5 3 -5 3 -5 3 -5 3 -5 3 -5 3 -5 3 -5 3 -6 3 -6 3 -6 3 -6 3 -6 3 -6 3 -6 4 -7 3 -7 4 -8 4 -8 4 -8 4 -8 4 -8 5 -9 5 -9 5 -9 5 -9 0 0 5 -10 5 -10 5 -10 6 -11 5 -10 6 -11 6 -11 6 -11 6 -11 7 -12 7 -12 6 -12 7 -11 6 -11 7 -13 6 -12 7 -13 7 -13 7 -13 7 -13 7 -13 6 -13 8 -13 8 -13 8 -13 7 -13 0 0 0 0 0 0 0 0 0 0
1784740948.850203,57554,-47,11,1,7,1,-95,1,670310244,128,0 0 0 0 0 0 0 0 0 0 0 0 -2 -5 -2 -4 -2 -4 -2 -4 -2 -4 -2 -4 -2 -4 -2 -4 -2 -4 -3 -4 -3 -4 -3 -4 -3 -4 -4 -5 -4 -5 -4 -5 -5 -5 -5 -5 -5 -6 -5 -6 -6 -6 -6 -6 -6 -6 -6 -7 -6 -7 -7 -7 0 0 -7 -8 -7 -8 -7 -8 -8 -8 -8 -9 -8 -9 -8 -9 -9 -9 -8 -10 -9 -10 -9 -10 -9 -10 -9 -11 -9 -11 -10 -11 -10 -11 -9 -11 -10 -12 -10 -12 -10 -12 -11 -12 -10 -12 -10 -12 -10 -13 -11 -13 -11 -13 0 0 0 0 0 0 0 0 0 0
1784740948.850203,57555,-47,11,1,7,1,-95,1,670320143,128,0 0 0 0 0 0 0 0 0 0 0 0 -1 -2 -1 -2 -1 -2 -1 -1 -2 -1 -2 -1 -2 -1 -2 -1 -3 -1 -3 -1 -3 -1 -4 -1 -4 -1 -5 -1 -5 -1 -6 -1 -6 -1 -7 -1 -7 -1 -7 -1 -8 -1 -8 -1 -8 -2 -8 -2 -9 -2 -9 -2 0 0 -10 -2 -10 -2 -10 -2 -11 -2 -11 -2 -11 -2 -11 -2 -12 -2 -12 -2 -13 -2 -13 -3 -13 -2 -13 -3 -13 -2 -14 -2 -14 -2 -14 -3 -15 -2 -15 -2 -15 -1 -15 -1 -16 -1 -16 -2 -16 -3 -16 -2 -17 -2 0 0 0 0 0 0 0 0 0 0
1784740948.850203,57556,-46,11,1,6,1,-95,1,670333324,128,0 0 0 0 0 0 0 0 0 0 0 0 -1 1 0 1 -1 2 -1 2 -1 2 -1 3 -1 3 -1 3 -1 4 -1 4 -1 4 -2 5 -2 5 -2 5 -2 6 -3 6 -4 7 -3 6 -4 7 -4 7 -5 8 -5 8 -5 8 -5 8 -6 8 -6 8 0 0 -6 9 -7 8 -7 9 -7 8 -7 9 -7 9 -7 9 -7 9 -8 9 -7 10 -7 10 -7 10 -7 10 -8 11 -7 10 -8 11 -7 11 -7 11 -7 12 -7 12 -7 12 -7 12 -7 12 -7 12 -7 12 -8 13 0 0 0 0 0 0 0 0 0 0
1784740948.866359,57557,-46,11,1,7,1,-95,1,670341758,128,0 0 0 0 0 0 0 0 0 0 0 0 -1 3 -1 3 -2 4 -2 4 -2 4 -2 4 -3 5 -3 5 -3 5 -4 5 -4 5 -4 6 -5 6 -5 6 -5 6 -6 7 -6 7 -7 6 -7 7 -7 7 -7 7 -8 7 -8 7 -8 7 -8 7 -9 7 0 0 -9 7 -9 7 -9 7 -9 7 -9 7 -9 7 -9 7 -9 8 -9 8 -9 9 -9 8 -9 9 -9 8 -9 9 -9 9 -9 10 -9 9 -9 10 -9 10 -9 10 -9 10 -9 11 -9 10 -9 11 -9 11 -9 11 0 0 0 0 0 0 0 0 0 0
1784740948.866359,57558,-46,11,1,7,1,-95,1,670350283,128,0 0 0 0 0 0 0 0 0 0 0 0 5 -2 5 -2 6 -1 6 -1 6 -1 6 -1 7 -1 7 0 7 0 8 0 8 0 8 1 8 1 9 1 9 2 9 2 9 2 10 2 10 3 10 2 10 3 10 3 10 3 10 4 10 4 10 4 0 0 10 4 11 4 10 4 11 4 11 4 11 3 10 3 11 3 11 3 11 3 11 3 11 3 11 3 11 2 12 2 12 2 12 2 12 2 12 1 13 1 13 1 13 0 13 1 13 1 13 1 13 0 0 0 0 0 0 0 0 0 0 0
1784740948.866359,57559,-48,11,1,7,1,-95,1,670360207,128,0 0 0 0 0 0 0 0 0 0 0 0 -3 -7 -3 -7 -2 -8 -2 -8 -2 -8 -2 -8 -1 -9 -1 -9 -1 -9 0 -10 0 -10 0 -11 1 -10 1 -11 1 -11 1 -11 2 -11 2 -11 2 -11 2 -11 2 -11 3 -11 2 -11 3 -11 3 -11 3 -11 0 0 3 -12 3 -11 3 -11 3 -12 2 -11 2 -11 2 -11 2 -12 2 -12 1 -12 2 -12 1 -12 1 -12 1 -12 0 -12 0 -13 0 -12 0 -13 0 -13 -1 -13 -1 -13 -1 -13 -1 -14 -1 -14 -1 -14 -2 -14 0 0 0 0 0 0 0 0 0 0
1784740948.866359,57560,-49,11,1,7,1,-95,1,670370136,128,0 0 0 0 0 0 0 0 0 0 0 0 3 7 3 8 2 8 2 8 2 8 1 9 1 9 1 9 1 10 1 9 0 10 0 10 0 10 0 11 -1 11 -1 10 -1 11 -1 10 -2 11 -1 11 -1 11 -2 10 -1 10 -2 10 -2 10 -2 10 0 0 -1 10 -2 10 -2 10 -1 10 -1 10 -1 10 -1 10 0 9 -1 10 0 10 0 10 1 10 1 10 1 10 1 9 1 10 1 9 2 10 2 10 2 10 3 10 3 10 3 10 3 10 3 10 3 10 0 0 0 0 0 0 0 0 0 0
1784740948.866359,57561,-49,11,1,7,1,-95,1,670380226,128,0 0 0 0 0 0 0 0 0 0 0 0 -9 -7 -9 -7 -9 -8 -8 -8 -9 -9 -9 -9 -9 -9 -9 -9 -9 -9 -9 -10 -8 -11 -9 -11 -8 -11 -8 -11 -8 -11 -8 -12 -8 -11 -9 -12 -8 -11 -8 -12 -8 -11 -8 -11 -8 -12 -7 -11 -7 -11 -7 -11 0 0 -7 -11 -8 -11 -7 -10 -8 -10 -7 -9 -7 -10 -7 -9 -8 -9 -8 -9 -8 -9 -8 -8 -8 -8 -8 -8 -7 -8 -9 -8 -8 -7 -9 -8 -8 -8 -8 -7 -9 -7 -9 -7 -9 -7 -9 -7 -9 -7 -9 -7 -9 -7 0 0 0 0 0 0 0 0 0 0
1784740948.882204,57562,-49,11,1,7,1,-95,1,670390181,128,0 0 0 0 0 0 0 0 0 0 0 0 3 -9 4 -10 4 -9 5 -10 5 -9 5 -10 5 -9 6 -10 6 -10 6 -9 6 -9 6 -9 7 -9 7 -10 7 -10 7 -10 7 -10 7 -9 7 -10 7 -10 7 -10 7 -10 7 -10 7 -9 7 -9 7 -9 0 0 7 -9 7 -9 7 -9 6 -9 6 -9 6 -9 6 -9 6 -9 6 -9 5 -9 5 -9 5 -9 5 -9 5 -9 5 -9 5 -9 5 -9 5 -9 5 -9 4 -9 4 -9 4 -10 4 -9 5 -10 4 -10 4 -10 0 0 0 0 0 0 0 0 0 0
1784740948.897057,57563,-50,11,1,7,1,-95,1,670400136,128,0 0 0 0 0 0 0 0 0 0 0 0 2 9 1 9 1 10 0 10 0 10 1 10 1 10 1 11 0 11 0 11 0 11 0 11 0 11 0 11 0 11 0 12 -1 12 0 12 0 11 -1 12 0 11 -1 11 0 11 -1 11 -1 11 -1 11 0 0 -1 10 -1 10 -1 10 0 10 0 9 0 9 0 9 0 9 0 9 0 9 0 9 0 9 0 8 0 8 1 9 1 9 1 8 1 8 1 8 2 8 2 8 2 8 2 8 1 8 2 8 2 8 0 0 0 0 0 0 0 0 0 0
1784740948.898073,57564,-53,11,1,7,1,-95,1,670410229,128,0 0 0 0 0 0 0 0 0 0 0 0 -5 7 -5 6 -6 7 -6 6 -7 7 -7 7 -7 7 -7 7 -7 8 -8 8 -8 8 -8 7 -8 7 -8 8 -8 7 -8 8 -8 8 -8 8 -8 8 -8 8 -8 8 -8 8 -8 8 -8 7 -8 7 -8 7 0 0 -8 7 -8 7 -7 6 -7 6 -6 6 -7 6 -6 6 -6 6 -6 6 -6 6 -6 6 -6 5 -5 5 -5 5 -5 6 -4 5 -4 5 -4 5 -4 6 -4 6 -4 5 -4 6 -4 6 -4 6 -4 6 -4 6 0 0 0 0 0 0 0 0 0 0
1784740948.916497,57565,-56,11,1,7,1,-95,1,670420182,128,0 0 0 0 0 0 0 0 0 0 0 0 -1 -7 0 -7 0 -7 0 -7 0 -7 0 -8 0 -7 0 -8 0 -8 0 -8 0 -8 0 -8 0 -8 0 -8 0 -9 1 -8 0 -9 0 -8 0 -9 0 -9 0 -9 0 -9 0 -9 0 -8 0 -9 0 -8 0 0 0 -8 0 -8 0 -8 0 -8 0 -8 0 -8 0 -7 0 -7 0 -7 0 -7 0 -7 0 -7 0 -7 0 -7 0 -7 0 -7 0 -7 0 -7 0 -7 0 -7 0 -7 0 -7 0 -7 0 -7 0 -8 0 -8 0 0 0 0 0 0 0 0 0 0
1784740948.929877,57566,-56,11,1,7,1,-95,1,670433203,128,0 0 0 0 0 0 0 0 0 0 0 0 -2 -6 -2 -6 -1 -6 -1 -7 -1 -6 -1 -7 -1 -7 -1 -7 -1 -7 -1 -7 -1 -7 -1 -7 -1 -7 -1 -7 -1 -7 -1 -7 -1 -7 -1 -7 -1 -7 -1 -7 -2 -7 -2 -7 -2 -8 -1 -8 -2 -8 -2 -8 0 0 -1 -8 -2 -8 -1 -9 -1 -8 -1 -9 -1 -9 -1 -9 -2 -9 -1 -9 -2 -9 -1 -9 -1 -9 -1 -9 -1 -9 -1 -9 -1 -9 -1 -9 -1 -10 -2 -9 -2 -9 -2 -10 -2 -9 -2 -9 -2 -10 -2 -10 -2 -10 0 0 0 0 0 0 0 0 0 0
1784740948.929877,57567,-54,11,1,7,1,-95,1,670440109,128,0 0 0 0 0 0 0 0 0 0 0 0 6 -1 6 -1 7 -1 7 0 7 0 7 0 7 0 7 0 7 0 7 1 7 1 7 1 7 1 7 1 8 1 8 1 8 1 8 0 8 1 8 1 8 1 8 0 9 1 9 1 9 1 9 1 0 0 9 1 9 1 9 1 10 1 10 1 10 1 10 1 10 1 10 1 10 1 10 1 10 1 10 1 10 1 10 1 10 1 10 1 10 1 10 1 10 0 10 1 10 0 10 1 10 1 10 1 10 1 0 0 0 0 0 0 0 0 0 0
1784740948.945549,57568,-54,11,1,7,1,-95,1,670450210,128,0 0 0 0 0 0 0 0 0 0 0 0 -2 4 -2 5 -3 4 -3 5 -3 5 -3 5 -3 5 -3 5 -4 5 -4 5 -4 5 -4 6 -5 6 -5 6 -5 6 -5 6 -5 7 -5 7 -5 7 -5 8 -5 8 -6 8 -6 8 -6 8 -6 8 -7 9 0 0 -7 9 -7 9 -7 9 -7 9 -7 9 -7 9 -7 9 -7 9 -7 9 -7 9 -7 9 -7 9 -7 9 -7 10 -7 9 -8 10 -7 9 -7 10 -7 10 -7 10 -7 10 -7 10 -7 10 -8 10 -8 10 -8 10 0 0 0 0 0 0 0 0 0 0
1784740949.062007,57569,-54,11,1,7,1,-95,1,670460197,128,0 0 0 0 0 0 0 0 0 0 0 0 2 2 2 2 2 2 2 2 2 2 3 2 3 2 3 2 3 2 4 2 4 2 4 2 4 2 4 2 5 2 5 2 5 2 6 2 6 3 6 3 7 3 7 3 7 3 7 3 7 3 8 3 0 0 8 4 9 4 8 4 9 4 9 4 9 4 9 4 10 4 9 4 10 4 10 4 10 4 10 4 10 4 10 4 10 4 10 4 10 4 10 5 10 4 10 4 10 5 10 5 10 5 9 5 10 5 0 0 0 0 0 0 0 0 0 0
1784740949.062007,57570,-50,11,1,5,1,-95,1,670473950,128,0 0 0 0 0 0 0 0 0 0 0 0 -4 1 -3 0 -3 0 -3 1 -3 1 -3 1 -2 1 -2 2 -2 2 -2 3 -2 3 -3 4 -3 4 -3 4 -3 5 -3 5 -3 6 -3 6 -3 7 -4 7 -4 8 -4 8 -5 8 -5 9 -5 9 -6 9 0 0 -6 10 -7 10 -7 10 -7 11 -7 10 -7 11 -7 11 -7 11 -8 11 -8 12 -8 12 -8 12 -8 12 -8 12 -8 12 -8 12 -8 12 -8 12 -8 12 -8 12 -8 12 -8 11 -8 11 -8 11 -8 11 -7 11 0 0 0 0 0 0 0 0 0 0
1784740949.062007,57571,-50,11,1,7,1,-95,1,670480335,128,0 0 0 0 0 0 0 0 0 0 0 0 1 1 1 0 1 0 2 0 2 0 2 0 3 0 3 0 3 0 4 -1 4 -1 5 -1 5 -1 6 -1 6 0 7 0 7 0 8 0 8 0 9 0 9 0 10 1 10 0 10 1 11 1 11 1 0 0 12 2 12 2 12 3 12 2 12 2 13 3 13 3 13 3 13 3 13 2 14 2 14 2 14 2 14 3 14 3 14 3 14 3 14 2 14 3 14 2 14 2 14 3 14 2 14 2 13 2 14 2 0 0 0 0 0 0 0 0 0 0
1784740949.062007,57572,-48,11,1,7,1,-95,1,670490131,128,0 0 0 0 0 0 0 0 0 0 0 0 -2 2 -2 2 -2 3 -2 3 -2 3 -2 3 -2 4 -3 4 -2 4 -3 5 -3 5 -4 5 -4 6 -4 6 -4 6 -4 7 -5 7 -5 7 -5 7 -5 8 -5 8 -6 8 -6 9 -7 8 -7 8 -7 9 0 0 -7 10 -7 10 -7 9 -8 10 -7 10 -8 10 -7 10 -8 11 -8 11 -8 11 -9 11 -9 11 -9 11 -8 11 -8 12 -8 12 -9 12 -8 12 -8 12 -8 12 -8 12 -7 12 -8 11 -8 11 -8 11 -8 11 0 0 0 0 0 0 0 0 0 0
1784740949.062007,57573,-48,11,1,7,1,-95,1,670500218,128,0 0 0 0 0 0 0 0 0 0 0 0 5 -3 5 -3 5 -3 6 -3 5 -3 6 -3 6 -3 6 -3 7 -3 7 -3 7 -3 8 -2 8 -2 8 -2 8 -3 9 -2 9 -2 9 -2 9 -3 9 -2 10 -2 10 -2 10 -3 10 -2 10 -2 11 -2 0 0 11 -3 11 -3 11 -3 11 -3 12 -3 12 -3 12 -3 12 -3 12 -3 12 -3 12 -3 13 -3 12 -3 13 -3 12 -3 13 -3 12 -3 13 -3 13 -3 12 -3 12 -3 12 -3 12 -3 12 -3 11 -3 11 -4 0 0 0 0 0 0 0 0 0 0
1784740949.062007,57574,-48,11,1,7,1,-95,1,670510510,128,0 0 0 0 0 0 0 0 0 0 0 0 0 -6 0 -6 1 -6 1 -6 1 -6 1 -6 1 -7 1 -7 1 -7 1 -7 1 -7 1 -8 1 -8 2 -8 2 -8 2 -8 2 -8 2 -8 2 -9 3 -9 3 -9 3 -9 2 -9 2 -10 2 -10 3 -10 0 0 3 -10 3 -11 3 -11 3 -11 3 -11 3 -11 3 -11 4 -11 4 -12 3 -12 3 -12 3 -12 3 -12 3 -12 3 -12 4 -12 4 -12 3 -12 4 -12 3 -12 3 -12 4 -12 3 -12 3 -12 3 -12 3 -12 0 0 0 0 0 0 0 0 0 0
1784740949.062007,57575,-46,11,1,7,1,-95,1,670520120,128,0 0 0 0 0 0 0 0 0 0 0 0 3 4 2 4 2 4 2 4 2 5 2 4 3 5 3 5 3 5 3 6 2 6 2 6 2 7 2 7 3 7 3 7 3 7 3 8 3 8 3 8 3 8 3 8 3 9 3 9 3 9 3 9 0 0 3 10 4 10 3 10 4 11 3 10 4 11 4 11 4 11 4 11 4 12 4 12 4 11 3 11 3 11 5 12 5 11 4 12 4 12 4 12 5 12 5 11 5 11 4 12 4 12 4 11 4 11 0 0 0 0 0 0 0 0 0 0
1784740949.062007,57576,-44,11,1,7,1,-95,1,670530150,128,0 0 0 0 0 0 0 0 0 0 0 0 -5 3 -6 3 -6 3 -7 3 -7 2 -7 3 -7 3 -7 2 -8 2 -8 3 -8 2 -9 2 -9 2 -9 2 -10 2 -10 2 -10 2 -10 2 -11 2 -11 2 -11 2 -11 2 -11 2 -11 2 -12 1 -12 2 0 0 -12 2 -12 2 -13 1 -12 2 -12 2 -13 2 -13 2 -13 3 -13 2 -13 3 -13 3 -13 3 -13 2 -14 3 -13 3 -14 3 -13 3 -14 3 -13 3 -14 4 -13 4 -14 4 -13 4 -13 3 -13 4 -13 4 0 0 0 0 0 0 0 0 0 0
1784740949.062007,57577,-44,11,1,7,1,-95,1,670540448,128,0 0 0 0 0 0 0 0 0 0 0 0 2 -7 3 -7 3 -7 4 -7 4 -7 4 -7 5 -7 5 -8 5 -8 5 -8 6 -8 6 -8 7 -8 7 -8 7 -8 8 -8 8 -8 8 -8 8 -8 8 -8 8 -8 9 -8 8 -8 9 -8 9 -8 9 -8 0 0 9 -8 9 -8 9 -8 9 -8 9 -8 9 -8 9 -9 9 -9 9 -9 9 -9 9 -9 9 -9 9 -9 9 -9 9 -9 9 -10 9 -9 9 -10 9 -10 9 -10 9 -10 9 -10 9 -10 9 -10 9 -10 8 -10 0 0 0 0 0 0 0 0 0 0
1784740949.062007,57578,-45,11,1,7,1,-95,1,670550235,128,0 0 0 0 0 0 0 0 0 0 0 0 6 -4 6 -4 6 -4 6 -3 7 -4 7 -3 7 -4 7 -3 8 -4 8 -3 9 -2 9 -3 9 -2 9 -2 9 -2 10 -2 9 -2 10 -2 10 -2 10 -2 10 -2 10 -2 11 -2 10 -1 10 -2 10 -2 0 0 10 -2 11 -3 10 -2 11 -3 10 -3 11 -3 10 -3 11 -3 10 -4 11 -4 11 -4 11 -4 11 -4 10 -4 11 -5 10 -4 11 -4 11 -4 11 -5 11 -5 11 -5 10 -5 11 -5 10 -5 10 -5 10 -5 0 0 0 0 0 0 0 0 0 0
1784740949.062007,57579,-46,11,1,7,1,-95,1,670563320,128,0 0 0 0 0 0 0 0 0 0 0 0 -4 -6 -3 -7 -3 -7 -3 -7 -3 -7 -3 -8 -3 -8 -3 -8 -2 -8 -2 -9 -2 -9 -2 -9 -1 -10 -1 -10 -1 -11 -1 -10 -1 -11 -1 -10 -1 -11 0 -11 0 -11 -1 -11 -1 -11 0 -11 0 -11 0 -11 0 0 -1 -11 0 -11 0 -11 -1 -11 -1 -11 -1 -11 -2 -11 -2 -12 -2 -12 -2 -12 -2 -12 -2 -12 -2 -12 -2 -13 -2 -12 -2 -13 -2 -12 -3 -13 -3 -13 -3 -13 -3 -12 -3 -13 -3 -13 -3 -13 -3 -13 -3 -13 0 0 0 0 0 0 0 0 0 0
1784740949.073510,57580,-44,11,1,7,1,-95,1,670570198,128,0 0 0 0 0 0 0 0 0 0 0 0 1 6 0 7 0 7 -1 7 -1 7 -1 8 -1 8 -2 8 -2 8 -2 8 -3 9 -3 9 -3 9 -3 9 -4 9 -4 9 -5 10 -4 10 -5 10 -4 10 -4 10 -5 10 -5 10 -5 10 -5 10 -5 10 0 0 -5 11 -5 10 -5 10 -4 11 -4 10 -4 11 -4 11 -4 11 -4 11 -4 12 -4 12 -3 12 -3 12 -4 12 -4 12 -3 13 -4 12 -3 13 -3 13 -3 13 -3 13 -3 13 -2 13 -2 13 -2 13 -2 13 0 0 0 0 0 0 0 0 0 0
1784740949.073510,57581,-44,11,1,7,1,-95,1,670580234,128,0 0 0 0 0 0 0 0 0 0 0 0 6 4 6 4 6 5 5 5 5 6 5 6 5 7 5 7 6 7 5 8 5 8 5 8 4 9 4 9 4 9 5 9 5 9 5 10 4 10 5 10 4 10 5 9 5 10 4 10 4 9 4 10 0 0 5 10 5 10 5 9 6 10 6 9 6 9 6 9 6 9 7 9 7 10 7 10 7 10 7 9 7 9 8 10 8 10 8 10 8 10 9 9 9 9 9 10 9 9 9 10 9 10 9 10 9 10 0 0 0 0 0 0 0 0 0 0
1784740949.073510,57582,-42,11,1,7,0,-95,1,670590159,128,0 0 0 0 0 0 0 0 0 0 0 0 7 -7 7 -6 8 -6 8 -6 8 -6 9 -5 9 -5 9 -5 10 -5 10 -5 11 -4 11 -4 11 -4 12 -4 11 -4 12 -3 12 -3 12 -3 12 -3 12 -2 12 -2 12 -3 12 -3 12 -3 12 -3 12 -3 0 0 12 -3 12 -3 12 -3 12 -4 12 -4 12 -4 12 -4 13 -4 13 -4 13 -5 12 -5 13 -5 13 -6 13 -6 13 -6 13 -6 13 -6 13 -6 13 -6 13 -6 13 -7 13 -7 13 -7 13 -7 13 -7 13 -7 0 0 0 0 0 0 0 0 0 0
1784740949.093626,57583,-46,11,1,7,1,-95,1,670600170,128,0 0 0 0 0 0 0 0 0 0 0 0 -6 -5 -6 -5 -6 -6 -6 -6 -5 -6 -5 -7 -5 -7 -6 -7 -5 -7 -5 -8 -5 -8 -5 -8 -5 -8 -4 -9 -5 -9 -4 -9 -4 -10 -4 -10 -4 -10 -4 -9 -4 -9 -4 -10 -4 -9 -4 -10 -4 -10 -4 -10 0 0 -4 -10 -4 -10 -4 -10 -4 -10 -4 -10 -5 -10 -5 -10 -5 -10 -5 -10 -6 -10 -6 -10 -6 -10 -6 -10 -6 -10 -6 -10 -6 -10 -6 -10 -6 -11 -7 -10 -7 -10 -7 -10 -7 -10 -7 -10 -7 -11 -7 -11 -7 -10 0 0 0 0 0 0 0 0 0 0
1784740949.105698,57584,-45,11,1,7,1,-95,1,670610153,128,0 0 0 0 0 0 0 0 0 0 0 0 -1 -6 -1 -7 -1 -7 0 -7 0 -7 0 -7 0 -7 0 -7 0 -8 1 -8 1 -8 1 -8 1 -8 1 -8 1 -9 1 -9 1 -9 2 -9 1 -9 2 -9 2 -9 2 -9 2 -9 2 -10 2 -9 2 -10 0 0 2 -10 1 -10 2 -10 2 -11 1 -11 1 -11 1 -11 1 -11 1 -11 1 -12 1 -12 1 -12 1 -12 1 -12 1 -13 1 -13 1 -13 1 -13 1 -13 1 -13 1 -13 1 -14 1 -13 1 -14 1 -13 1 -14 0 0 0 0 0 0 0 0 0 0
1784740949.117026,57585,-44,11,1,7,1,-95,1,670620402,128,0 0 0 0 0 0 0 0 0 0 0 0 2 5 2 6 1 6 1 6 1 6 1 6 0 7 0 7 0 7 1 7 1 8 0 8 0 8 0 9 0 9 0 9 0 9 0 9 0 10 -1 10 0 10 -1 10 -1 10 -1 10 -1 10 -1 10 0 0 -1 11 0 11 -1 11 0 11 0 11 0 11 0 11 0 12 0 12 1 12 1 12 1 12 1 13 1 13 1 13 1 13 1 13 1 13 1 13 1 13 1 13 1 14 1 13 1 14 2 14 2 14 0 0 0 0 0 0 0 0 0 0
1784740949.121933,57586,-45,11,1,7,1,-95,1,670630138,128,0 0 0 0 0 0 0 0 0 0 0 0 -5 6 -5 6 -6 6 -6 5 -6 6 -6 5 -7 6 -7 6 -7 6 -8 5 -8 5 -9 5 -9 5 -9 5 -9 5 -10 5 -10 5 -10 5 -10 5 -10 5 -10 5 -10 5 -10 5 -10 4 -10 4 -10 4 0 0 -10 5 -10 5 -10 5 -10 6 -10 6 -10 6 -10 6 -10 7 -10 7 -10 7 -11 7 -10 7 -10 7 -10 7 -10 8 -10 8 -11 8 -11 8 -10 9 -10 9 -10 9 -10 9 -11 9 -11 9 -11 9 -11 9 0 0 0 0 0 0 0 0 0 0
1784740949.121933,57587,-45,11,1,7,1,-95,1,670640221,128,0 0 0 0 0 0 0 0 0 0 0 0 -2 6 -2 6 -3 5 -3 6 -3 5 -3 6 -3 6 -3 6 -4 6 -4 6 -4 6 -4 6 -5 6 -5 6 -5 7 -5 7 -5 7 -6 7 -6 7 -6 7 -6 7 -6 7 -6 7 -6 7 -6 7 -6 7 0 0 -6 8 -6 8 -6 8 -6 8 -6 9 -6 9 -6 9 -6 9 -6 9 -6 10 -6 10 -6 10 -6 10 -6 11 -6 11 -7 12 -6 11 -6 12 -6 12 -6 12 -7 12 -7 13 -7 12 -8 13 -8 13 -8 13 0 0 0 0 0 0 0 0 0 0
1784740949.138034,57588,-44,11,1,7,1,-95,1,670651443,128,0 0 0 0 0 0 0 0 0 0 0 0 -3 -6 -2 -7 -2 -7 -2 -7 -2 -7 -2 -7 -2 -8 -2 -8 -2 -8 -1 -8 -1 -9 -1 -9 -1 -9 -1 -9 -1 -9 -1 -10 -1 -10 -1 -10 -1 -10 -1 -10 0 -10 -1 -10 0 -10 0 -10 0 -11 0 -11 0 0 -1 -11 -1 -11 -1 -11 -1 -11 -1 -11 -2 -11 -2 -11 -2 -12 -2 -12 -2 -12 -2 -13 -3 -12 -2 -12 -3 -13 -3 -13 -3 -13 -3 -13 -3 -14 -4 -14 -4 -14 -4 -14 -4 -14 -3 -14 -3 -15 -3 -15 -3 -15 0 0 0 0 0 0 0 0 0 0
1784740949.266354,57589,-45,11,1,7,1,-95,1,670661357,128,0 0 0 0 0 0 0 0 0 0 0 0 -5 5 -5 5 -6 5 -6 5 -6 5 -7 5 -7 5 -7 5 -7 5 -8 5 -8 5 -8 5 -8 5 -9 5 -9 5 -9 4 -10 5 -10 4 -10 4 -10 4 -10 4 -10 4 -10 4 -10 4 -10 4 -10 4 0 0 -10 4 -10 4 -11 4 -10 5 -10 5 -10 5 -10 5 -10 6 -10 6 -10 6 -10 6 -10 6 -11 7 -11 7 -11 7 -11 7 -11 7 -11 7 -11 8 -11 8 -11 8 -12 8 -12 8 -12 7 -12 8 -12 8 0 0 0 0 0 0 0 0 0 0
1784740949.266354,57590,-46,11,1,7,1,-95,1,670670144,128,0 0 0 0 0 0 0 0 0 0 0 0 0 -7 0 -7 1 -8 1 -8 1 -8 1 -8 2 -8 2 -8 2 -8 2 -8 3 -9 3 -9 3 -9 3 -9 3 -10 4 -9 4 -10 4 -10 4 -10 4 -10 5 -10 5 -10 4 -10 5 -10 5 -10 5 -10 0 0 5 -10 5 -10 5 -10 5 -10 4 -10 4 -10 4 -10 4 -11 4 -11 4 -12 4 -12 4 -12 4 -12 4 -12 4 -12 4 -13 4 -13 4 -14 4 -13 4 -14 4 -14 4 -14 4 -14 5 -14 5 -14 5 -14 0 0 0 0 0 0 0 0 0 0
1784740949.266354,57591,-45,11,1,7,1,-95,1,670680221,128,0 0 0 0 0 0 0 0 0 0 0 0 -1 7 -2 7 -2 7 -3 7 -3 7 -3 7 -4 7 -4 8 -4 7 -4 8 -5 8 -5 8 -5 8 -5 8 -6 8 -6 8 -6 8 -6 8 -7 8 -7 8 -7 8 -7 7 -7 8 -7 7 -6 7 -6 8 0 0 -6 8 -6 8 -6 8 -6 8 -5 8 -5 9 -5 9 -5 10 -5 10 -5 10 -5 11 -4 11 -5 11 -5 11 -5 12 -5 12 -5 12 -5 12 -5 13 -5 13 -5 13 -5 13 -5 13 -6 14 -5 14 -6 14 0 0 0 0 0 0 0 0 0 0
1784740949.266354,57592,-46,11,1,7,1,-95,1,670690203,128,0 0 0 0 0 0 0 0 0 0 0 0 -9 2 -10 1 -10 0 -10 0 -10 0 -10 -1 -11 -1 -11 -1 -11 -2 -11 -2 -11 -2 -11 -3 -10 -3 -10 -3 -10 -3 -10 -3 -10 -3 -10 -3 -10 -3 -10 -3 -10 -3 -10 -3 -10 -3 -10 -3 -9 -2 -10 -2 0 0 -10 -2 -10 -1 -10 -1 -10 0 -10 0 -11 0 -10 0 -11 1 -11 1 -12 2 -12 2 -12 2 -12 2 -12 2 -13 3 -13 3 -14 3 -14 3 -14 3 -15 3 -15 3 -15 3 -15 3 -16 3 -16 3 -16 3 0 0 0 0 0 0 0 0 0 0
1784740949.266354,57593,-47,11,1,7,1,-95,1,670700192,128,0 0 0 0 0 0 0 0 0 0 0 0 6 7 6 8 5 8 5 8 4 8 4 8 4 8 4 9 3 9 3 9 3 9 3 9 2 9 2 9 3 9 2 9 2 9 2 8 2 8 2 8 3 8 3 8 3 8 3 7 3 8 4 8 0 0 4 7 5 7 5 7 6 7 6 7 6 7 7 7 7 7 7 8 8 8 8 8 8 8 9 8 9 9 9 8 10 9 9 9 10 10 10 9 11 10 11 10 11 10 10 10 10 11 11 11 11 11 0 0 0 0 0 0 0 0 0 0
1784740949.266354,57594,-47,11,1,7,1,-95,1,670710165,128,0 0 0 0 0 0 0 0 0 0 0 0 7 3 7 3 7 4 7 4 7 5 7 5 7 5 7 5 7 6 7 6 7 6 7 7 7 7 7 7 7 8 7 8 7 8 7 8 6 8 7 9 7 9 6 9 7 9 6 9 6 9 7 9 0 0 6 8 7 8 6 8 7 8 7 8 7 8 7 8 8 8 8 8 9 8 9 8 9 8 9 8 10 8 10 8 10 8 10 8 11 8 11 8 11 8 11 9 11 9 11 9 11 9 11 9 12 9 0 0 0 0 0 0 0 0 0 0
1784740949.266354,57595,-46,11,1,7,1,-95,1,670720175,128,0 0 0 0 0 0 0 0 0 0 0 0 9 -3 9 -2 10 -1 10 -1 10 -1 10 0 11 0 11 0 11 0 11 2 12 2 11 2 11 3 11 3 11 3 12 3 11 3 12 3 11 4 11 4 11 4 11 4 11 4 10 4 10 4 10 3 0 0 10 2 10 2 10 2 10 1 10 1 10 1 10 0 11 0 10 -1 11 -1 11 -2 11 -2 11 -2 11 -2 12 -3 12 -3 13 -3 12 -3 13 -4 13 -4 14 -4 13 -4 14 -4 14 -4 14 -4 14 -4 0 0 0 0 0 0 0 0 0 0
1784740949.266354,57596,-47,11,1,7,1,-95,1,670730177,128,0 0 0 0 0 0 0 0 0 0 0 0 -10 -1 -11 -2 -10 -3 -11 -3 -10 -4 -11 -4 -10 -4 -10 -4 -10 -5 -10 -5 -10 -5 -10 -6 -10 -6 -10 -6 -10 -6 -9 -7 -9 -7 -9 -6 -9 -7 -9 -7 -9 -6 -8 -6 -8 -6 -8 -6 -8 -6 -9 -5 0 0 -9 -5 -9 -5 -9 -5 -9 -4 -9 -4 -9 -4 -10 -3 -10 -3 -10 -3 -11 -2 -11 -2 -11 -2 -12 -2 -12 -2 -12 -2 -13 -2 -12 -1 -13 -1 -13 -1 -13 -1 -13 -1 -14 -2 -13 -1 -14 -1 -14 -1 -15 -1 0 0 0 0 0 0 0 0 0 0
1784740949.266354,57597,-47,11,1,7,1,-95,1,670740296,128,0 0 0 0 0 0 0 0 0 0 0 0 -7 -6 -7 -6 -7 -7 -6 -7 -6 -8 -6 -8 -6 -8 -6 -8 -6 -9 -6 -9 -5 -9 -5 -10 -5 -10 -5 -10 -5 -10 -5 -10 -5 -10 -5 -11 -5 -11 -5 -10 -4 -10 -4 -10 -4 -11 -4 -10 -4 -10 -4 -10 0 0 -5 -10 -5 -10 -5 -9 -6 -10 -6 -9 -6 -10 -6 -9 -7 -9 -7 -9 -7 -10 -7 -9 -7 -9 -8 -9 -8 -9 -9 -9 -9 -9 -9 -10 -9 -10 -9 -10 -10 -10 -10 -10 -10 -10 -10 -11 -10 -11 -10 -11 -10 -11 0 0 0 0 0 0 0 0 0 0
1784740949.279294,57598,-46,11,1,7,1,-95,1,670750222,128,0 0 0 0 0 0 0 0 0 0 0 0 -5 7 -6 7 -6 7 -7 7 -7 7 -8 7 -8 7 -8 7 -9 7 -9 6 -9 6 -10 6 -10 6 -10 6 -11 6 -11 6 -11 6 -11 6 -11 5 -11 5 -11 5 -11 5 -11 5 -11 5 -11 5 -11 5 0 0 -10 5 -10 5 -10 5 -9 6 -9 6 -9 6 -8 7 -8 7 -8 7 -8 8 -8 8 -8 9 -8 9 -8 9 -8 10 -8 10 -8 10 -9 11 -8 11 -8 11 -9 12 -9 12 -9 12 -9 12 -9 12 -9 12 0 0 0 0 0 0 0 0 0 0
1784740949.281310,57599,-47,11,1,7,1,-95,1,670763818,128,0 0 0 0 0 0 0 0 0 0 0 0 -3 -11 -2 -11 -2 -11 -1 -11 -1 -11 -1 -11 0 -11 0 -11 0 -11 1 -12 1 -11 1 -11 1 -11 2 -11 2 -11 2 -11 2 -11 2 -11 2 -10 2 -11 1 -11 2 -10 1 -10 1 -10 1 -10 0 -10 0 0 0 -10 -1 -10 -1 -10 -1 -10 -2 -10 -3 -10 -3 -11 -3 -11 -3 -11 -4 -12 -4 -12 -5 -12 -4 -13 -5 -13 -5 -14 -5 -14 -5 -14 -5 -14 -6 -14 -6 -15 -6 -15 -6 -15 -6 -16 -5 -16 -6 -16 -5 -16 0 0 0 0 0 0 0 0 0 0
1784740949.282315,57600,-47,11,1,7,1,-95,1,670770127,128,0 0 0 0 0 0 0 0 0 0 0 0 -4 -9 -3 -9 -3 -9 -2 -9 -2 -10 -2 -9 -2 -9 -2 -9 -2 -10 -1 -10 -1 -10 -1 -10 -1 -10 -1 -10 -1 -10 -1 -10 -1 -10 -1 -10 -1 -10 -2 -10 -2 -10 -2 -10 -1 -10 -1 -10 -1 -10 -2 -10 0 0 -3 -10 -3 -10 -3 -10 -4 -10 -4 -10 -4 -11 -5 -10 -5 -11 -5 -11 -6 -12 -5 -12 -5 -12 -5 -12 -6 -12 -7 -13 -7 -13 -6 -14 -7 -14 -7 -13 -8 -14 -7 -14 -8 -13 -7 -15 -6 -15 -6 -15 -7 -15 0 0 0 0 0 0 0 0 0 0
1784740949.284536,57601,-46,11,1,7,1,-95,1,670780179,128,0 0 0 0 0 0 0 0 0 0 0 0 4 6 4 6 4 6 4 7 3 7 4 7 4 8 3 8 3 8 3 8 3 9 3 9 3 9 3 10 3 10 2 10 2 11 2 11 2 11 2 11 1 11 1 11 2 11 1 10 1 10 1 10 0 0 1 10 2 11 2 10 2 10 3 10 3 10 3 10 3 10 3 10 4 11 4 11 4 11 5 11 5 11 5 12 5 12 5 12 6 12 6 12 6 13 6 12 6 13 6 13 6 13 6 13 6 13 0 0 0 0 0 0 0 0 0 0
1784740949.284536,57602,-46,11,1,7,1,-95,1,670790161,128,0 0 0 0 0 0 0 0 0 0 0 0 -9 2 -9 1 -10 1 -10 0 -10 0 -10 0 -10 0 -11 -1 -11 -1 -11 -1 -11 -1 -11 -2 -11 -2 -11 -2 -12 -3 -11 -3 -11 -3 -11 -3 -11 -3 -11 -4 -11 -4 -11 -4 -11 -3 -11 -3 -10 -3 -10 -3 0 0 -11 -3 -10 -3 -10 -3 -10 -2 -10 -1 -11 -1 -10 -1 -11 0 -11 -1 -11 0 -11 1 -12 1 -12 1 -12 1 -13 1 -13 1 -13 1 -13 2 -14 2 -14 2 -14 2 -14 2 -14 2 -15 2 -15 2 -16 2 0 0 0 0 0 0 0 0 0 0
1784740949.302520,57603,-46,11,1,7,1,-95,1,670800105,128,0 0 0 0 0 0 0 0 0 0 0 0 6 -7 6 -7 7 -7 7 -6 7 -7 7 -6 7 -7 7 -6 7 -6 8 -6 9 -5 9 -5 9 -5 9 -5 8 -5 9 -5 9 -5 9 -6 9 -5 9 -5 9 -5 9 -5 9 -5 9 -4 8 -5 8 -5 0 0 8 -6 7 -6 7 -6 7 -7 7 -7 7 -8 6 -8 7 -9 6 -9 7 -10 7 -10 7 -10 7 -9 7 -10 7 -11 7 -11 8 -12 8 -12 7 -12 7 -13 7 -12 7 -13 8 -13 9 -12 9 -12 8 -12 0 0 0 0 0 0 0 0 0 0
1784740949.302520,57604,-46,11,1,7,1,-95,1,670810104,128,0 0 0 0 0 0 0 0 0 0 0 0 -7 -5 -7 -6 -7 -6 -6 -7 -6 -7 -6 -7 -6 -7 -6 -8 -6 -8 -6 -8 -6 -9 -6 -9 -6 -9 -6 -10 -6 -10 -5 -10 -6 -10 -5 -10 -5 -10 -5 -10 -5 -10 -5 -10 -5 -10 -5 -10 -5 -10 -5 -10 0 0 -5 -10 -5 -10 -6 -10 -6 -9 -6 -9 -6 -9 -7 -9 -7 -9 -8 -9 -8 -10 -8 -10 -9 -9 -9 -10 -9 -10 -9 -10 -10 -11 -9 -10 -10 -11 -10 -11 -10 -11 -10 -11 -10 -11 -10 -11 -10 -12 -10 -11 -10 -12 0 0 0 0 0 0 0 0 0 0
1784740949.317366,57605,-45,11,1,7,1,-95,1,670820227,128,0 0 0 0 0 0 0 0 0 0 0 0 -8 4 -8 4 -9 3 -9 3 -10 3 -9 3 -10 2 -10 2 -10 2 -11 2 -10 2 -11 1 -11 1 -11 1 -11 1 -12 0 -11 0 -12 0 -11 0 -11 -1 -11 0 -11 -1 -11 0 -11 0 -11 0 -11 0 0 0 -11 0 -11 1 -10 1 -11 1 -10 2 -11 2 -11 2 -11 3 -11 3 -11 4 -11 4 -11 5 -11 5 -12 4 -12 5 -12 5 -12 5 -12 5 -13 5 -13 6 -13 6 -13 6 -13 6 -13 6 -13 6 -13 6 0 0 0 0 0 0 0 0 0 0
1784740949.317366,57606,-46,11,1,7,1,-95,1,670830115,128,0 0 0 0 0 0 0 0 0 0 0 0 -5 8 -6 7 -7 7 -7 7 -8 7 -8 6 -8 7 -8 6 -8 6 -9 6 -9 6 -10 6 -9 6 -9 5 -9 5 -10 5 -10 5 -10 5 -10 5 -10 5 -10 5 -9 5 -10 5 -9 5 -9 5 -9 5 0 0 -9 6 -9 6 -8 6 -9 7 -8 7 -9 7 -8 8 -8 8 -8 8 -9 9 -9 9 -8 9 -8 9 -8 9 -9 10 -8 10 -9 10 -9 10 -9 10 -9 11 -9 11 -9 11 -10 11 -10 11 -10 11 -10 11 0 0 0 0 0 0 0 0 0 0
1784740949.329939,57607,-46,11,1,7,1,-95,1,670842692,128,0 0 0 0 0 0 0 0 0 0 0 0 -9 0 -10 -1 -9 -1 -10 -2 -9 -2 -10 -2 -10 -3 -10 -3 -10 -3 -9 -3 -10 -3 -10 -4 -10 -4 -10 -5 -10 -4 -10 -5 -10 -5 -10 -5 -10 -5 -10 -5 -10 -5 -9 -5 -9 -5 -10 -5 -10 -5 -10 -5 0 0 -10 -4 -9 -4 -10 -4 -9 -4 -10 -3 -10 -3 -10 -3 -10 -3 -10 -2 -11 -2 -11 -2 -11 -1 -11 -1 -12 -1 -11 -1 -12 -1 -11 -1 -12 -1 -13 -1 -13 -1 -12 -1 -12 -1 -12 0 -13 0 -13 0 -13 0 0 0 0 0 0 0 0 0 0 0
1784740949.345895,57608,-46,11,1,7,1,-95,1,670850095,128,0 0 0 0 0 0 0 0 0 0 0 0 -9 0 -9 -1 -10 -1 -10 -2 -10 -2 -10 -2 -10 -3 -10 -3 -10 -4 -10 -4 -10 -4 -10 -4 -10 -4 -10 -4 -10 -4 -9 -5 -10 -6 -9 -5 -9 -5 -9 -6 -9 -5 -9 -6 -9 -5 -9 -5 -9 -4 -9 -5 0 0 -9 -4 -8 -4 -9 -4 -9 -3 -9 -3 -9 -3 -9 -3 -10 -2 -10 -2 -10 -2 -11 -1 -11 -1 -11 -1 -12 -1 -11 -1 -12 -1 -12 -1 -12 0 -12 -1 -12 0 -13 0 -13 -1 -13 0 -13 0 -13 0 -14 0 0 0 0 0 0 0 0 0 0 0
1784740949.345895,57609,-46,11,1,7,1,-95,1,670860149,128,0 0 0 0 0 0 0 0 0 0 0 0 7 -5 7 -4 8 -4 8 -3 8 -3 8 -3 9 -3 9 -2 9 -2 9 -1 9 -1 9 -1 9 0 9 -1 9 0 9 0 9 -1 10 0 9 0 9 0 9 0 9 0 9 0 9 0 8 0 8 -1 0 0 8 -1 8 -2 8 -2 9 -2 8 -3 9 -3 8 -3 9 -3 9 -4 10 -4 10 -4 9 -4 10 -5 10 -5 10 -6 10 -6 11 -6 11 -6 11 -6 11 -7 11 -6 11 -7 12 -6 12 -6 12 -7 12 -7 0 0 0 0 0 0 0 0 0 0
1784740949.461782,57610,-47,11,1,7,1,-95,1,670870214,128,0 0 0 0 0 0 0 0 0 0 0 0 -6 6 -7 5 -7 4 -8 4 -8 4 -8 4 -8 4 -8 4 -8 4 -8 4 -8 4 -8 4 -8 3 -8 3 -9 3 -9 3 -9 3 -9 3 -9 3 -9 3 -9 3 -9 3 -8 3 -8 3 -8 3 -9 3 0 0 -8 4 -8 4 -8 4 -8 4 -8 4 -8 5 -8 5 -8 6 -8 6 -8 6 -8 7 -8 7 -8 7 -9 7 -9 7 -9 8 -9 7 -9 8 -9 8 -9 8 -9 8 -10 9 -9 9 -10 9 -10 9 -10 9 0 0 0 0 0 0 0 0 0 0
1784740949.461782,57611,-48,11,1,7,1,-95,1,670880104,128,0 0 0 0 0 0 0 0 0 0 0 0 3 5 3 5 2 6 2 6 2 6 2 6 2 6 2 6 1 6 1 6 1 6 1 6 1 6 1 6 1 6 1 6 1 6 1 6 1 6 1 6 1 6 1 6 2 6 1 6 2 6 2 6 0 0 2 6 3 6 3 6 3 6 3 6 4 6 4 6 5 6 5 6 5 7 5 7 6 7 6 7 6 8 6 8 6 8 6 9 7 9 7 9 7 9 7 9 7 9 7 10 7 10 7 10 7 11 0 0 0 0 0 0 0 0 0 0
1784740949.461782,57612,-48,11,1,7,1,-95,1,670890170,128,0 0 0 0 0 0 0 0 0 0 0 0 -4 -4 -4 -4 -4 -4 -4 -5 -4 -4 -4 -5 -3 -5 -4 -5 -4 -5 -3 -5 -3 -5 -3 -5 -4 -5 -4 -5 -4 -5 -4 -5 -4 -5 -4 -5 -4 -5 -4 -5 -4 -5 -4 -5 -4 -5 -4 -5 -5 -5 -5 -5 0 0 -6 -5 -6 -5 -6 -5 -7 -5 -7 -5 -7 -5 -7 -5 -8 -5 -8 -6 -9 -6 -9 -6 -9 -6 -9 -6 -10 -7 -10 -7 -11 -7 -10 -7 -11 -8 -11 -8 -12 -8 -11 -8 -12 -8 -11 -9 -12 -9 -12 -9 -12 -9 0 0 0 0 0 0 0 0 0 0
1784740949.461782,57613,-47,11,1,7,1,-95,1,670900109,128,0 0 0 0 0 0 0 0 0 0 0 0 -3 5 -4 5 -4 4 -4 4 -4 4 -4 4 -5 4 -5 4 -5 4 -5 4 -5 4 -5 4 -5 4 -5 4 -5 5 -6 4 -6 4 -6 4 -6 4 -6 4 -6 4 -6 5 -5 5 -5 4 -5 5 -6 5 0 0 -5 6 -5 6 -5 6 -5 6 -5 7 -5 7 -5 7 -5 8 -5 8 -5 8 -5 9 -5 9 -6 9 -6 10 -6 10 -6 10 -6 10 -6 10 -6 11 -7 11 -7 11 -7 11 -7 11 -7 11 -7 12 -8 12 0 0 0 0 0 0 0 0 0 0
1784740949.461782,57614,-47,11,1,7,1,-95,1,670910204,128,0 0 0 0 0 0 0 0 0 0 0 0 -8 -1 -8 -1 -9 -2 -8 -2 -9 -2 -8 -3 -9 -3 -9 -3 -9 -3 -9 -4 -9 -4 -9 -5 -8 -5 -8 -5 -9 -5 -9 -5 -8 -5 -9 -5 -8 -5 -9 -5 -8 -5 -8 -5 -8 -5 -8 -5 -8 -5 -8 -5 0 0 -8 -4 -9 -4 -8 -4 -9 -4 -9 -3 -9 -3 -9 -3 -9 -3 -9 -2 -10 -3 -10 -3 -10 -2 -10 -3 -10 -2 -12 -2 -11 -2 -12 -2 -11 -2 -12 -2 -12 -1 -12 -2 -12 -1 -13 -2 -12 -3 -13 -2 -13 -2 0 0 0 0 0 0 0 0 0 0
1784740949.474103,57615,-47,11,1,7,1,-95,1,670920213,128,0 0 0 0 0 0 0 0 0 0 0 0 -8 -5 -8 -6 -7 -6 -8 -7 -7 -7 -7 -7 -7 -7 -7 -8 -7 -8 -6 -8 -6 -9 -6 -9 -6 -9 -6 -9 -6 -10 -5 -9 -6 -10 -5 -9 -5 -10 -5 -10 -5 -9 -4 -9 -4 -9 -4 -9 -4 -9 -4 -9 0 0 -4 -8 -5 -8 -5 -8 -5 -7 -5 -7 -6 -7 -6 -6 -6 -7 -7 -6 -7 -6 -7 -6 -8 -6 -8 -6 -8 -6 -9 -6 -9 -6 -9 -6 -9 -6 -10 -6 -10 -6 -10 -6 -10 -6 -10 -6 -10 -6 -10 -6 -11 -6 0 0 0 0 0 0 0 0 0 0
1784740949.474103,57616,-47,11,1,7,1,-95,1,670930160,128,0 0 0 0 0 0 0 0 0 0 0 0 -7 -8 -6 -8 -5 -9 -5 -10 -5 -10 -5 -10 -4 -10 -4 -10 -4 -11 -4 -11 -3 -11 -3 -11 -3 -11 -3 -11 -2 -11 -2 -11 -2 -11 -1 -11 -1 -11 -1 -10 -1 -10 -1 -10 -1 -10 -2 -9 -2 -9 -2 -9 0 0 -2 -9 -2 -8 -3 -8 -3 -8 -4 -8 -4 -8 -4 -8 -5 -8 -5 -8 -6 -7 -6 -8 -7 -7 -7 -7 -7 -8 -7 -8 -8 -8 -8 -8 -8 -8 -9 -8 -9 -8 -9 -8 -9 -9 -9 -8 -10 -8 -10 -8 -10 -9 0 0 0 0 0 0 0 0 0 0
1784740949.474103,57617,-46,11,1,7,1,-95,1,670940173,128,0 0 0 0 0 0 0 0 0 0 0 0 -11 0 -11 0 -11 -1 -11 -2 -11 -2 -11 -2 -11 -2 -11 -3 -11 -3 -11 -4 -11 -4 -11 -5 -11 -5 -10 -5 -11 -5 -11 -5 -10 -5 -11 -5 -9 -5 -10 -5 -9 -5 -9 -5 -9 -5 -8 -5 -8 -4 -8 -4 0 0 -8 -3 -8 -2 -8 -2 -9 -2 -8 -1 -9 -1 -9 0 -9 0 -9 0 -10 1 -10 1 -10 1 -10 1 -10 2 -11 3 -10 3 -11 3 -11 3 -11 3 -11 4 -12 3 -11 4 -12 3 -12 4 -12 4 -12 4 0 0 0 0 0 0 0 0 0 0
1784740949.474103,57618,-46,11,1,7,1,-95,1,670950103,128,0 0 0 0 0 0 0 0 0 0 0 0 7 -5 7 -4 8 -3 8 -3 8 -3 8 -3 9 -2 8 -2 9 -2 9 -1 9 -1 9 -1 9 0 9 0 9 0 9 0 9 0 9 0 8 0 8 0 8 0 8 1 8 0 8 0 8 0 8 0 0 0 7 0 7 -1 7 -1 7 -1 7 -2 7 -2 7 -2 8 -3 8 -3 8 -3 8 -3 8 -4 8 -4 9 -4 9 -4 9 -4 9 -4 10 -5 9 -5 9 -5 10 -5 10 -5 10 -5 10 -5 10 -5 10 -6 0 0 0 0 0 0 0 0 0 0
1784740949.474103,57619,-46,11,1,7,1,-95,1,670960208,128,0 0 0 0 0 0 0 0 0 0 0 0 2 7 1 7 0 8 0 8 0 7 0 8 -1 8 -1 8 -1 8 -1 8 -1 8 -2 8 -2 8 -2 8 -2 8 -2 8 -3 8 -3 8 -3 8 -3 8 -3 8 -3 8 -2 7 -2 7 -2 7 -2 8 0 0 -2 7 -1 7 -1 8 -1 8 -1 8 0 8 0 8 0 8 0 8 1 8 1 9 1 9 1 9 1 9 1 9 1 10 2 10 2 10 2 10 2 10 2 11 2 11 2 10 2 11 3 11 2 11 0 0 0 0 0 0 0 0 0 0
1784740949.474103,57620,-46,11,1,7,1,-95,1,670970228,128,0 0 0 0 0 0 0 0 0 0 0 0 -8 0 -9 0 -9 -1 -8 -2 -9 -2 -8 -2 -9 -2 -9 -3 -9 -3 -9 -3 -9 -4 -8 -4 -8 -4 -8 -4 -8 -4 -9 -4 -8 -4 -9 -4 -8 -4 -8 -4 -8 -4 -8 -4 -8 -4 -8 -4 -8 -4 -8 -4 0 0 -8 -4 -8 -3 -8 -3 -9 -3 -8 -2 -9 -2 -9 -2 -9 -2 -9 -2 -10 -2 -10 -2 -10 -2 -10 -2 -10 -1 -11 -1 -11 -1 -11 -1 -12 -1 -11 -1 -12 0 -12 -1 -12 0 -13 -1 -12 -1 -12 -1 -13 -1 0 0 0 0 0 0 0 0 0 0
1784740949.474103,57621,-46,11,1,7,1,-95,1,670981001,128,0 0 0 0 0 0 0 0 0 0 0 0 -8 0 -9 0 -9 -1 -9 -1 -9 -2 -9 -2 -9 -2 -9 -3 -9 -3 -9 -3 -8 -3 -8 -3 -8 -4 -8 -4 -8 -4 -8 -4 -8 -4 -8 -4 -8 -4 -8 -5 -8 -4 -7 -4 -8 -4 -7 -4 -8 -4 -8 -4 0 0 -8 -3 -7 -3 -8 -3 -8 -2 -8 -2 -8 -2 -8 -2 -9 -2 -9 -2 -9 -1 -9 -1 -9 -1 -10 -1 -10 -1 -10 -1 -10 -1 -10 -1 -11 0 -11 -1 -11 0 -11 0 -11 -1 -11 0 -12 0 -12 0 -12 0 0 0 0 0 0 0 0 0 0 0
1784740949.474103,57622,-46,11,1,7,1,-95,1,670990502,128,0 0 0 0 0 0 0 0 0 0 0 0 8 -4 8 -3 8 -3 8 -2 8 -2 8 -2 8 -1 8 -1 8 -1 9 0 8 0 8 0 8 1 8 1 8 0 9 1 8 1 8 1 8 1 8 0 8 0 7 0 8 0 7 0 7 0 7 0 0 0 7 -1 7 -1 7 -2 8 -2 7 -2 7 -3 7 -3 8 -3 8 -4 8 -4 8 -4 8 -4 9 -4 9 -5 9 -5 9 -5 10 -5 10 -6 10 -6 10 -6 10 -7 10 -7 11 -7 11 -6 11 -6 11 -7 0 0 0 0 0 0 0 0 0 0
1784740949.506003,57623,-45,11,1,7,1,-95,1,671001950,128,0 0 0 0 0 0 0 0 0 0 0 0 8 5 8 5 7 6 7 7 7 7 6 7 6 8 6 8 6 8 6 8 6 8 5 8 5 9 5 9 5 9 4 9 4 9 4 9 4 9 4 9 4 9 3 9 4 8 4 8 4 8 4 8 0 0 4 7 5 7 5 7 5 6 6 6 6 7 6 6 7 6 7 6 8 6 8 6 8 5 8 6 9 6 9 6 9 6 9 6 10 6 10 6 10 7 10 6 10 7 10 6 11 6 11 6 11 7 0 0 0 0 0 0 0 0 0 0
1784740949.506003,57624,-45,11,1,7,1,-95,1,671010216,128,0 0 0 0 0 0 0 0 0 0 0 0 10 0 10 1 10 2 11 2 10 3 11 3 10 3 10 4 10 4 10 4 10 5 10 5 10 5 10 6 10 6 9 6 9 6 9 6 9 6 8 6 9 6 8 6 8 5 8 5 8 5 8 4 0 0 8 4 8 3 8 3 8 3 8 2 8 2 8 2 9 1 9 1 9 0 9 0 10 0 10 -1 10 -1 10 -1 11 -1 11 -1 11 -2 11 -2 11 -2 12 -2 12 -2 12 -2 12 -2 12 -2 12 -3 0 0 0 0 0 0 0 0 0 0
1784740949.517883,57625,-46,11,1,7,1,-95,1,671021913,128,0 0 0 0 0 0 0 0 0 0 0 0 3 -10 4 -11 4 -10 5 -10 5 -10 6 -10 6 -10 6 -9 7 -10 7 -9 7 -9 8 -9 8 -9 8 -8 8 -9 8 -8 8 -8 8 -8 8 -7 8 -7 7 -7 8 -7 7 -7 6 -7 7 -7 6 -7 0 0 5 -7 5 -7 5 -8 4 -8 4 -8 4 -8 4 -9 3 -9 3 -9 2 -10 2 -10 2 -10 2 -11 2 -12 2 -11 2 -13 2 -12 2 -13 1 -12 1 -13 2 -13 2 -13 1 -13 1 -13 2 -14 1 -14 0 0 0 0 0 0 0 0 0 0
1784740949.521861,57626,-46,11,1,7,1,-95,1,671030121,128,0 0 0 0 0 0 0 0 0 0 0 0 -6 8 -6 8 -7 8 -8 7 -8 7 -8 7 -9 7 -9 7 -9 7 -10 6 -10 6 -11 6 -10 5 -10 5 -10 5 -11 5 -11 5 -11 5 -11 5 -11 5 -10 5 -10 5 -10 4 -10 4 -10 4 -9 4 0 0 -9 5 -9 5 -9 5 -9 6 -8 6 -8 6 -8 7 -8 7 -8 7 -8 8 -8 8 -8 8 -8 8 -8 8 -8 10 -8 10 -8 10 -8 10 -8 10 -8 11 -8 11 -7 11 -8 11 -9 10 -8 11 -8 11 0 0 0 0 0 0 0 0 0 0
1784740949.557161,57627,-46,11,1,7,1,-95,1,671040150,128,0 0 0 0 0 0 0 0 0 0 0 0 6 -9 6 -9 7 -8 7 -8 7 -7 8 -7 8 -7 8 -7 9 -6 8 -7 8 -6 9 -6 9 -6 9 -6 9 -6 9 -5 10 -5 9 -5 9 -5 9 -5 9 -5 9 -5 9 -5 8 -5 8 -5 9 -6 0 0 8 -6 8 -6 8 -6 7 -6 7 -7 7 -7 7 -7 7 -8 7 -8 6 -9 7 -9 6 -9 7 -10 7 -10 6 -10 7 -10 7 -10 7 -10 7 -11 7 -11 7 -11 7 -11 6 -11 7 -11 6 -11 7 -12 0 0 0 0 0 0 0 0 0 0
1784740949.557161,57628,-47,11,1,7,1,-95,1,671050142,128,0 0 0 0 0 0 0 0 0 0 0 0 -4 8 -4 8 -5 8 -5 7 -6 7 -6 7 -6 7 -6 7 -6 7 -7 7 -7 6 -7 6 -7 6 -7 6 -7 6 -7 6 -7 6 -7 6 -7 6 -7 6 -7 6 -7 6 -7 6 -7 5 -7 5 -6 6 0 0 -6 6 -6 6 -6 6 -6 7 -5 7 -5 7 -5 7 -5 8 -5 8 -5 9 -5 9 -5 9 -5 9 -5 9 -5 10 -5 10 -5 10 -5 10 -5 10 -5 11 -5 11 -5 11 -6 11 -6 11 -6 11 -6 11 0 0 0 0 0 0 0 0 0 0
1784740949.557161,57629,-47,11,1,7,1,-95,1,671060178,128,0 0 0 0 0 0 0 0 0 0 0 0 1 7 0 8 0 8 0 8 -1 8 -1 8 -1 8 -1 8 -1 8 -2 8 -2 8 -2 8 -3 8 -3 8 -3 9 -3 8 -3 9 -3 8 -3 9 -3 8 -3 9 -3 9 -3 8 -3 8 -3 8 -3 9 0 0 -2 9 -2 9 -2 9 -2 9 -2 9 -1 10 -1 10 -1 10 -1 10 -1 11 -1 11 -1 11 -1 11 -1 11 0 12 0 12 -1 11 -1 12 0 12 0 12 0 12 0 12 0 13 -1 13 -1 13 -1 13 0 0 0 0 0 0 0 0 0 0
1784740949.558933,57630,-47,11,1,7,1,-95,1,671070983,128,0 0 0 0 0 0 0 0 0 0 0 0 -2 -10 -1 -10 -1 -10 0 -10 0 -10 0 -10 1 -10 1 -10 1 -11 2 -10 2 -10 3 -10 3 -10 3 -10 3 -10 3 -10 3 -9 3 -10 3 -9 3 -9 3 -9 3 -9 3 -9 3 -9 2 -9 2 -9 0 0 2 -9 2 -9 1 -9 1 -10 0 -9 0 -10 0 -10 0 -10 0 -10 -1 -11 -1 -11 -1 -10 -1 -11 -1 -11 -1 -11 -2 -11 -2 -12 -2 -12 -2 -12 -2 -12 -2 -12 -3 -12 -2 -12 -2 -13 -2 -12 -2 -12 0 0 0 0 0 0 0 0 0 0
1784740949.570133,57631,-48,11,1,7,1,-95,1,671080149,128,0 0 0 0 0 0 0 0 0 0 0 0 -7 7 -7 6 -8 6 -8 5 -8 5 -8 5 -8 5 -8 4 -8 4 -9 4 -9 4 -9 3 -9 3 -9 3 -8 3 -9 3 -8 3 -8 3 -8 3 -8 3 -7 3 -7 3 -7 3 -7 3 -6 3 -7 3 0 0 -6 4 -6 5 -6 5 -6 6 -5 6 -5 6 -5 6 -6 7 -5 7 -6 8 -6 8 -5 8 -5 8 -5 8 -5 10 -5 9 -6 10 -5 10 -5 10 -5 11 -5 11 -5 11 -6 11 -6 11 -6 11 -6 11 0 0 0 0 0 0 0 0 0 0
1784740949.585953,57632,-47,11,1,6,1,-95,1,671092627,128,0 0 0 0 0 0 0 0 0 0 0 0 -1 -8 0 -8 0 -8 1 -8 1 -8 1 -8 1 -8 2 -9 2 -9 2 -8 2 -8 2 -9 3 -8 3 -8 3 -9 3 -8 3 -9 3 -8 3 -9 3 -9 3 -9 3 -8 3 -8 3 -8 2 -9 2 -9 0 0 2 -9 2 -9 2 -10 2 -10 1 -10 1 -10 1 -10 1 -11 1 -11 0 -11 0 -11 0 -12 0 -12 0 -13 0 -12 0 -13 0 -13 0 -13 0 -13 0 -14 0 -14 0 -14 0 -14 0 -14 0 -15 0 -15 0 0 0 0 0 0 0 0 0 0
1784740949.585953,57633,-47,11,1,7,1,-95,1,671100200,128,0 0 0 0 0 0 0 0 0 0 0 0 8 -1 8 0 8 1 8 2 8 2 9 2 8 3 9 3 8 3 8 3 8 3 8 4 8 4 8 4 8 4 8 5 8 5 7 5 8 5 7 5 8 5 7 5 8 4 8 4 8 4 8 4 0 0 8 4 8 4 8 4 8 3 9 3 9 3 9 3 9 3 10 3 10 2 10 2 11 1 11 2 11 2 11 2 12 2 11 2 12 2 12 2 12 2 12 2 13 2 12 2 13 2 13 2 13 2 0 0 0 0 0 0 0 0 0 0
1784740949.602000,57634,-48,11,1,7,1,-95,1,671110113,128,0 0 0 0 0 0 0 0 0 0 0 0 9 -2 9 -2 9 -1 9 0 9 0 9 0 9 1 9 1 9 1 9 2 8 2 8 2 8 2 8 2 8 2 8 2 8 2 8 2 8 2 8 2 7 2 7 1 7 2 7 1 7 1 7 1 0 0 7 0 8 0 8 -1 8 -1 8 -1 8 -2 9 -2 9 -2 9 -2 10 -3 10 -3 10 -3 10 -3 10 -3 11 -4 11 -4 12 -4 11 -4 12 -4 12 -4 12 -4 12 -4 13 -4 13 -3 13 -4 13 -4 0 0 0 0 0 0 0 0 0 0
1784740949.618335,57635,-48,11,1,7,1,-95,1,671120192,128,0 0 0 0 0 0 0 0 0 0 0 0 -7 2 -7 2 -7 1 -7 1 -7 1 -7 1 -7 1 -8 1 -8 0 -8 0 -8 0 -8 0 -8 0 -8 0 -8 0 -8 0 -8 0 -8 0 -8 0 -8 0 -8 0 -8 0 -8 1 -8 1 -9 1 -9 1 0 0 -9 2 -9 2 -9 2 -9 2 -9 2 -9 3 -10 3 -10 3 -10 3 -10 4 -10 4 -11 4 -11 4 -11 5 -11 4 -12 5 -12 4 -12 5 -13 5 -13 5 -13 5 -13 5 -13 5 -13 5 -14 5 -14 5 0 0 0 0 0 0 0 0 0 0
1784740949.618335,57636,-46,11,1,7,1,-95,1,671130153,128,0 0 0 0 0 0 0 0 0 0 0 0 -8 -1 -8 -1 -9 -2 -8 -2 -9 -3 -9 -3 -9 -3 -9 -4 -9 -4 -9 -4 -9 -4 -9 -4 -9 -5 -9 -5 -9 -5 -9 -6 -9 -6 -9 -6 -9 -6 -9 -6 -9 -6 -8 -6 -9 -6 -9 -6 -9 -5 -9 -5 0 0 -9 -5 -9 -5 -9 -5 -10 -5 -10 -4 -10 -5 -10 -5 -11 -4 -11 -5 -11 -4 -11 -4 -11 -4 -12 -4 -12 -4 -12 -4 -12 -4 -12 -4 -13 -4 -13 -4 -13 -4 -13 -4 -13 -4 -13 -4 -13 -4 -14 -4 -14 -4 0 0 0 0 0 0 0 0 0 0
1784740949.633805,57637,-45,11,1,7,1,-95,1,671140266,128,0 0 0 0 0 0 0 0 0 0 0 0 5 7 5 7 4 8 4 8 4 9 4 9 3 9 3 9 3 9 2 10 2 10 1 10 1 10 1 10 1 10 1 10 1 10 1 10 0 10 0 10 0 10 0 10 0 10 0 10 0 10 0 10 0 0 1 10 1 9 1 9 2 10 2 9 2 10 2 9 2 10 2 9 3 10 3 10 4 10 3 10 3 10 4 10 4 10 4 10 5 10 5 10 5 10 5 10 6 10 5 11 5 10 5 10 6 11 0 0 0 0 0 0 0 0 0 0
1784740949.633805,57638,-45,11,1,7,1,-95,1,671150143,128,0 0 0 0 0 0 0 0 0 0 0 0 7 1 7 2 7 2 7 3 7 3 7 3 7 3 7 3 7 4 7 4 7 5 7 5 7 5 7 5 7 6 7 6 7 6 7 6 7 6 7 6 7 6 6 6 7 6 6 6 7 6 7 6 0 0 7 6 7 6 7 6 7 6 7 5 7 6 7 5 8 5 8 5 8 5 8 5 9 5 9 5 9 5 9 5 10 5 10 5 10 5 10 5 10 5 11 5 11 5 11 5 11 5 11 5 11 5 0 0 0 0 0 0 0 0 0 0
1784740949.649669,57639,-45,11,1,7,1,-95,1,671160128,128,0 0 0 0 0 0 0 0 0 0 0 0 1 7 1 8 0 8 0 8 0 8 0 9 -1 9 -1 9 -2 9 -2 9 -2 9 -2 10 -2 10 -3 10 -3 10 -4 10 -4 10 -4 10 -4 10 -4 10 -4 10 -4 10 -4 10 -4 10 -4 10 -4 10 0 0 -4 10 -4 10 -4 10 -4 10 -3 10 -3 10 -3 10 -3 10 -3 10 -2 11 -2 11 -2 11 -2 11 -2 11 -2 11 -2 12 -1 11 -1 12 -1 12 -1 13 -1 12 -1 13 -1 12 -1 13 -1 13 -1 13 0 0 0 0 0 0 0 0 0 0
1784740949.683975,57640,-45,11,1,7,1,-95,1,671171217,128,0 0 0 0 0 0 0 0 0 0 0 0 -9 -4 -9 -5 -8 -5 -9 -6 -8 -6 -9 -7 -8 -7 -9 -7 -8 -8 -8 -8 -8 -8 -8 -8 -8 -9 -8 -9 -8 -10 -7 -9 -8 -10 -7 -10 -7 -10 -7 -10 -7 -10 -7 -10 -7 -9 -7 -9 -7 -9 -7 -9 0 0 -7 -9 -7 -8 -7 -9 -7 -8 -8 -8 -8 -8 -8 -8 -8 -7 -8 -8 -9 -7 -9 -7 -9 -7 -10 -7 -10 -7 -10 -6 -11 -7 -10 -6 -11 -6 -11 -6 -11 -6 -11 -6 -12 -6 -11 -6 -12 -6 -12 -6 -12 -6 0 0 0 0 0 0 0 0 0 0
1784740949.697491,57641,-43,11,1,7,0,-95,1,671199889,128,0 0 0 0 0 0 0 0 0 0 0 0 9 2 9 3 9 4 9 4 9 5 9 5 9 6 9 6 9 7 9 7 9 7 9 8 9 8 9 8 8 8 8 9 8 9 8 9 8 9 7 9 7 9 7 9 7 9 7 9 7 9 7 9 0 0 7 8 8 8 8 8 8 7 8 7 8 7 8 7 9 6 9 6 10 6 10 6 10 6 10 6 11 6 11 5 11 5 12 6 12 5 12 5 13 5 13 5 13 5 13 5 13 5 13 5 13 5 0 0 0 0 0 0 0 0 0 0
1784740949.697491,57642,-46,11,1,7,1,-95,1,671201111,128,0 0 0 0 0 0 0 0 0 0 0 0 -6 -7 -6 -8 -5 -8 -5 -9 -4 -9 -4 -9 -4 -9 -4 -10 -3 -10 -4 -10 -3 -10 -3 -11 -3 -11 -3 -11 -2 -11 -1 -11 -2 -12 -1 -11 -1 -11 -1 -11 -1 -11 0 -11 -1 -11 -1 -11 -1 -11 -1 -11 0 0 -1 -11 -1 -10 -2 -10 -2 -10 -2 -10 -2 -10 -3 -10 -3 -10 -3 -10 -4 -10 -4 -10 -4 -11 -5 -11 -5 -11 -5 -11 -5 -11 -5 -11 -5 -11 -6 -12 -6 -12 -6 -12 -6 -12 -6 -12 -6 -12 -7 -12 -7 -12 0 0 0 0 0 0 0 0 0 0
1784740949.697491,57643,-49,11,1,7,1,-95,1,671210077,128,0 0 0 0 0 0 0 0 0 0 0 0 -7 -2 -7 -2 -7 -3 -7 -3 -7 -4 -7 -4 -7 -4 -7 -5 -7 -5 -7 -5 -7 -5 -7 -6 -7 -6 -7 -6 -7 -7 -6 -7 -6 -7 -6 -7 -6 -7 -6 -7 -6 -7 -5 -7 -6 -7 -5 -7 -6 -7 -6 -7 0 0 -5 -7 -6 -6 -6 -6 -6 -6 -6 -6 -6 -6 -7 -6 -7 -6 -7 -6 -8 -6 -8 -5 -8 -5 -9 -5 -9 -6 -9 -6 -9 -6 -9 -6 -10 -6 -10 -6 -10 -6 -11 -6 -11 -7 -11 -6 -11 -6 -11 -7 -12 -7 0 0 0 0 0 0 0 0 0 0
1784740949.713419,57644,-48,11,1,7,1,-95,1,671220154,128,0 0 0 0 0 0 0 0 0 0 0 0 -2 7 -2 7 -3 7 -3 7 -4 7 -4 7 -4 7 -5 7 -5 7 -5 7 -5 7 -6 7 -6 7 -7 6 -6 6 -7 7 -6 6 -7 7 -7 6 -7 6 -7 6 -6 6 -7 6 -6 6 -6 6 -6 6 0 0 -6 6 -6 7 -5 6 -5 8 -5 7 -5 7 -5 8 -5 8 -4 8 -5 9 -5 9 -4 9 -4 9 -4 9 -4 11 -4 10 -5 11 -4 11 -4 11 -4 12 -4 12 -4 12 -5 13 -5 13 -5 13 -5 13 0 0 0 0 0 0 0 0 0 0
1784740949.718510,57645,-47,11,1,7,1,-95,1,671230238,128,0 0 0 0 0 0 0 0 0 0 0 0 -1 9 -2 9 -2 9 -3 9 -3 9 -4 9 -4 9 -4 9 -4 9 -5 9 -5 9 -5 9 -6 9 -6 9 -6 9 -7 9 -6 9 -6 8 -6 8 -6 8 -6 9 -6 8 -6 8 -6 8 -6 8 -5 8 0 0 -5 8 -5 8 -5 8 -5 9 -4 9 -4 9 -4 9 -4 9 -4 10 -3 10 -3 10 -3 10 -3 10 -2 11 -2 11 -2 11 -2 11 -2 12 -2 12 -1 12 -1 12 -1 13 -1 12 -2 12 -2 13 -2 13 0 0 0 0 0 0 0 0 0 0
1784740949.733544,57646,-47,11,1,7,1,-95,1,671240225,128,0 0 0 0 0 0 0 0 0 0 0 0 3 7 3 8 2 8 2 8 1 8 1 9 1 9 1 9 0 9 0 9 0 9 0 9 -1 9 -1 9 -1 9 -2 9 -2 9 -2 9 -2 9 -2 9 -2 9 -2 9 -1 9 -2 9 -2 9 -1 9 0 0 -1 9 -1 9 -1 9 -1 8 0 9 0 9 0 9 0 9 0 9 1 9 1 9 2 9 2 10 2 10 2 10 2 10 2 10 3 10 3 10 3 10 3 11 3 11 4 11 3 11 4 11 4 12 0 0 0 0 0 0 0 0 0 0
1784740949.745325,57647,-45,11,1,7,1,-95,1,671252432,128,0 0 0 0 0 0 0 0 0 0 0 0 -8 -2 -8 -3 -8 -3 -8 -4 -8 -4 -7 -4 -7 -5 -8 -5 -7 -6 -7 -5 -7 -6 -7 -6 -7 -6 -7 -7 -7 -7 -7 -7 -7 -7 -7 -7 -6 -7 -6 -7 -6 -7 -6 -7 -6 -7 -6 -7 -6 -7 -7 -7 0 0 -6 -7 -7 -7 -6 -7 -7 -7 -7 -7 -7 -7 -7 -7 -7 -7 -7 -7 -8 -7 -8 -7 -9 -6 -9 -7 -9 -7 -9 -7 -9 -7 -9 -7 -10 -7 -10 -7 -10 -7 -10 -7 -10 -7 -11 -7 -11 -7 -11 -7 -11 -7 0 0 0 0 0 0 0 0 0 0
1784740949.745325,57648,-44,11,1,7,1,-95,1,671260163,128,0 0 0 0 0 0 0 0 0 0 0 0 6 -3 7 -3 7 -2 8 -2 7 -2 8 -2 8 -1 8 -1 8 0 8 0 8 0 9 0 9 0 9 1 9 1 9 1 9 2 9 2 9 2 9 2 9 2 9 2 9 2 9 2 9 2 9 2 0 0 9 2 9 2 9 2 9 2 9 1 9 1 9 2 9 1 10 1 9 1 10 0 10 0 10 0 10 0 10 0 11 0 10 0 11 0 11 0 11 -1 11 -1 11 -1 11 -1 11 -1 12 -1 12 -1 0 0 0 0 0 0 0 0 0 0
1784740949.776937,57649,-44,11,1,7,1,-95,1,671279166,128,0 0 0 0 0 0 0 0 0 0 0 0 7 -2 8 -1 8 -1 8 0 8 0 8 0 8 0 8 0 8 1 8 1 9 1 9 1 9 1 9 2 9 2 9 3 9 3 9 3 9 3 9 3 9 3 9 3 9 3 9 3 9 3 9 3 0 0 9 3 9 3 9 3 9 3 9 2 9 2 10 2 10 2 10 2 10 1 10 1 10 1 10 1 11 1 11 1 11 1 11 0 11 0 12 0 12 0 12 0 12 0 12 0 12 0 12 0 13 0 0 0 0 0 0 0 0 0 0 0
1784740949.776937,57650,-44,11,1,7,1,-95,1,671280130,128,0 0 0 0 0 0 0 0 0 0 0 0 -8 -1 -8 -2 -9 -2 -8 -3 -8 -3 -8 -3 -9 -4 -8 -4 -9 -4 -9 -5 -8 -5 -8 -5 -8 -5 -8 -5 -8 -5 -9 -6 -9 -6 -9 -6 -9 -6 -9 -6 -9 -6 -8 -6 -9 -6 -8 -7 -8 -7 -8 -6 0 0 -8 -6 -9 -6 -9 -6 -9 -6 -9 -6 -9 -6 -9 -5 -10 -6 -9 -5 -10 -5 -10 -5 -10 -5 -10 -5 -10 -5 -11 -5 -11 -5 -11 -5 -12 -5 -12 -5 -12 -4 -12 -5 -12 -4 -12 -5 -12 -5 -12 -5 -13 -4 0 0 0 0 0 0 0 0 0 0
1784740949.780558,57651,-45,11,1,7,1,-95,1,671290124,128,0 0 0 0 0 0 0 0 0 0 0 0 6 -3 7 -3 7 -3 7 -2 7 -2 8 -2 8 -1 8 -1 8 -1 8 -1 8 -1 9 0 9 0 9 0 9 0 9 0 9 1 9 1 9 1 9 1 9 1 9 1 9 1 9 1 9 1 9 1 0 0 9 0 9 0 9 0 9 0 9 0 9 0 10 -1 10 -1 10 -1 10 -1 10 -2 10 -2 10 -2 11 -2 11 -2 12 -2 11 -2 12 -2 12 -2 12 -2 12 -3 12 -3 12 -3 12 -3 12 -3 13 -3 0 0 0 0 0 0 0 0 0 0
1784740949.793159,57652,-44,11,1,7,1,-95,1,671300096,128,0 0 0 0 0 0 0 0 0 0 0 0 3 7 3 7 2 8 2 8 1 9 1 9 1 9 0 9 0 9 0 9 -1 10 -1 10 -1 10 -1 10 -1 10 -2 10 -2 10 -2 10 -2 10 -2 10 -2 10 -2 10 -2 10 -3 10 -3 9 -3 10 0 0 -3 10 -2 10 -2 9 -2 10 -2 10 -2 10 -1 10 -1 10 -1 10 -1 11 -1 10 -1 11 -1 11 0 11 0 11 0 11 0 11 0 11 1 12 1 12 1 12 1 12 1 12 1 12 1 12 1 13 0 0 0 0 0 0 0 0 0 0
1784740949.810328,57653,-43,11,1,6,1,-95,1,671312502,128,0 0 0 0 0 0 0 0 0 0 0 0 -8 1 -9 1 -9 0 -9 0 -9 -1 -9 -1 -10 -1 -10 -1 -10 -1 -10 -2 -10 -2 -10 -3 -10 -3 -10 -3 -10 -3 -10 -3 -10 -3 -10 -4 -10 -4 -10 -4 -10 -4 -10 -4 -10 -4 -10 -4 -10 -4 -10 -4 0 0 -10 -4 -10 -4 -10 -4 -10 -3 -10 -3 -10 -3 -10 -3 -10 -3 -10 -3 -11 -2 -11 -2 -11 -2 -11 -2 -11 -2 -12 -1 -12 -1 -12 -1 -13 -1 -13 -1 -13 0 -13 -1 -13 0 -13 -1 -14 -1 -14 -1 -13 -1 0 0 0 0 0 0 0 0 0 0
1784740949.810328,57654,-43,11,1,7,1,-95,1,671320205,128,0 0 0 0 0 0 0 0 0 0 0 0 4 6 4 6 3 7 3 7 3 7 3 7 3 7 3 8 2 8 2 8 2 8 2 9 1 9 1 9 1 9 1 9 1 9 1 9 1 9 0 9 0 10 0 9 0 9 0 9 0 9 0 10 0 0 1 9 1 9 1 9 1 9 1 9 1 9 2 9 2 9 2 9 3 10 3 10 3 10 3 10 4 10 4 10 4 11 4 10 4 11 4 11 4 11 5 12 5 12 5 11 5 12 5 12 5 13 0 0 0 0 0 0 0 0 0 0
1784740949.825274,57655,-44,11,1,7,1,-95,1,671330139,128,0 0 0 0 0 0 0 0 0 0 0 0 -8 -3 -8 -4 -8 -4 -8 -5 -8 -5 -8 -5 -8 -5 -8 -6 -8 -6 -7 -6 -7 -7 -7 -7 -7 -8 -7 -8 -7 -7 -7 -8 -7 -8 -7 -8 -7 -8 -8 -8 -7 -8 -8 -8 -7 -8 -7 -8 -7 -8 -7 -8 0 0 -8 -7 -8 -7 -8 -7 -9 -7 -8 -7 -9 -6 -9 -6 -10 -6 -10 -6 -10 -6 -10 -7 -10 -6 -10 -6 -11 -6 -12 -6 -12 -6 -12 -6 -12 -6 -12 -5 -13 -5 -13 -6 -13 -5 -13 -6 -13 -7 -13 -7 -14 -6 0 0 0 0 0 0 0 0 0 0
1784740949.825274,57656,-44,11,1,7,1,-95,1,671340124,128,0 0 0 0 0 0 0 0 0 0 0 0 -7 -3 -7 -3 -7 -4 -7 -5 -7 -5 -8 -5 -7 -5 -7 -5 -8 -6 -7 -6 -7 -6 -7 -7 -7 -7 -8 -7 -8 -7 -7 -7 -8 -8 -8 -8 -8 -8 -8 -8 -8 -8 -7 -8 -8 -8 -7 -9 -7 -8 -8 -9 0 0 -8 -8 -8 -8 -8 -8 -8 -8 -8 -8 -9 -8 -9 -7 -9 -8 -9 -8 -10 -8 -10 -8 -10 -8 -10 -8 -11 -8 -11 -8 -11 -8 -11 -8 -12 -8 -12 -8 -12 -8 -12 -8 -12 -8 -12 -9 -12 -9 -12 -9 -12 -9 0 0 0 0 0 0 0 0 0 0
1784740949.845679,57657,-41,11,1,7,0,-95,1,671354681,128,0 0 0 0 0 0 0 0 0 0 0 0 7 3 7 3 7 4 6 4 7 5 7 5 7 5 6 6 7 6 7 6 7 6 7 7 7 7 7 7 7 7 7 8 7 7 7 8 7 8 7 8 7 8 7 8 7 9 7 8 7 8 7 8 0 0 7 8 8 8 7 8 8 9 8 8 8 8 8 8 8 8 9 8 9 8 9 8 9 8 10 8 10 8 10 8 10 8 10 8 11 7 11 8 11 8 11 8 11 8 11 8 11 8 11 8 11 8 0 0 0 0 0 0 0 0 0 0
1784740949.857439,57658,-44,11,1,7,1,-95,1,671360278,128,0 0 0 0 0 0 0 0 0 0 0 0 7 1 7 1 7 2 7 2 7 3 7 3 7 3 7 3 8 3 8 4 8 4 8 4 8 5 8 5 8 5 8 5 8 5 9 5 8 5 9 5 8 5 9 6 8 6 8 6 8 6 8 6 0 0 8 6 9 6 9 5 9 5 9 5 9 5 9 4 10 5 10 4 11 4 10 4 10 4 10 4 11 4 11 4 11 4 12 4 12 4 12 3 13 3 12 4 13 3 13 4 13 4 13 4 13 4 0 0 0 0 0 0 0 0 0 0
1784740949.876076,57659,-45,11,1,7,1,-95,1,671372581,128,0 0 0 0 0 0 0 0 0 0 0 0 -6 -5 -6 -6 -5 -6 -5 -7 -5 -7 -5 -7 -5 -7 -5 -8 -5 -8 -5 -8 -5 -8 -5 -9 -5 -9 -5 -9 -5 -10 -4 -9 -4 -10 -4 -10 -4 -10 -4 -10 -4 -11 -4 -10 -4 -10 -4 -10 -4 -10 -4 -10 0 0 -4 -10 -4 -10 -4 -10 -5 -10 -5 -10 -5 -10 -6 -10 -6 -10 -6 -10 -7 -10 -7 -10 -7 -10 -7 -10 -8 -10 -8 -10 -8 -11 -8 -10 -8 -11 -9 -11 -9 -11 -9 -11 -10 -12 -9 -12 -9 -12 -10 -12 -10 -13 0 0 0 0 0 0 0 0 0 0
1784740949.876076,57660,-45,11,1,7,1,-95,1,671382976,128,0 0 0 0 0 0 0 0 0 0 0 0 -7 2 -7 1 -8 1 -8 1 -8 0 -8 0 -9 0 -9 0 -9 0 -9 -1 -9 -1 -9 -1 -10 -2 -10 -2 -10 -2 -10 -2 -10 -2 -10 -2 -10 -2 -10 -3 -10 -3 -10 -3 -10 -3 -10 -3 -10 -3 -10 -3 0 0 -10 -3 -10 -3 -10 -3 -11 -2 -10 -2 -11 -2 -11 -2 -11 -1 -11 -2 -12 -2 -12 -2 -12 -2 -11 -1 -12 -1 -13 -1 -15 -2 -14 -1 -14 -1 -12 0 -14 -1 -14 -1 -14 -1 -15 -2 -15 -2 -15 -2 -15 0 0 0 0 0 0 0 0 0 0 0
1784740949.876076,57661,-45,11,1,7,1,-95,1,671391964,128,0 0 0 0 0 0 0 0 0 0 0 0 1 -8 1 -8 2 -9 3 -8 3 -9 3 -9 3 -9 4 -9 4 -9 4 -9 5 -9 5 -9 5 -9 5 -9 5 -9 6 -9 6 -9 6 -9 6 -9 6 -9 6 -9 6 -9 6 -9 6 -9 6 -9 6 -9 0 0 5 -10 5 -10 5 -10 5 -10 5 -10 5 -11 5 -11 4 -11 5 -11 4 -12 4 -12 4 -12 4 -12 4 -12 4 -13 4 -13 4 -13 4 -13 4 -14 4 -14 4 -14 4 -14 4 -14 4 -15 4 -15 4 -15 0 0 0 0 0 0 0 0 0 0
1784740949.889416,57662,-45,11,1,7,1,-95,1,671400150,128,0 0 0 0 0 0 0 0 0 0 0 0 5 4 5 5 5 5 5 6 4 6 5 6 4 6 4 7 4 7 4 7 4 7 4 8 4 8 4 8 4 9 3 8 4 9 3 9 4 9 4 9 4 9 3 9 4 9 4 9 3 9 4 10 0 0 4 10 4 9 4 10 4 9 4 9 5 9 5 9 5 10 5 10 6 9 6 10 6 10 6 10 7 10 7 9 7 10 7 10 7 11 8 10 8 10 8 10 8 11 8 10 8 11 8 11 8 11 0 0 0 0 0 0 0 0 0 0
1784740949.905307,57663,-46,11,1,7,1,-95,1,671411474,128,0 0 0 0 0 0 0 0 0 0 0 0 -6 2 -6 2 -7 2 -6 2 -7 1 -7 1 -8 1 -8 1 -8 1 -8 1 -8 1 -9 1 -9 1 -9 0 -9 1 -10 0 -10 0 -10 0 -10 0 -11 0 -10 0 -11 0 -11 0 -11 0 -11 0 -11 0 0 0 -11 0 -12 0 -11 0 -12 0 -11 1 -12 1 -12 1 -12 1 -12 1 -13 2 -13 2 -13 2 -12 2 -13 2 -13 3 -13 3 -14 3 -14 3 -14 3 -14 3 -14 3 -14 4 -15 3 -15 3 -15 3 -15 3 0 0 0 0 0 0 0 0 0 0
1784740949.905307,57664,-47,11,1,7,1,-95,1,671420229,128,0 0 0 0 0 0 0 0 0 0 0 0 -4 -4 -4 -4 -4 -5 -4 -5 -4 -5 -4 -5 -4 -5 -4 -6 -4 -6 -4 -6 -4 -7 -4 -7 -4 -7 -4 -7 -4 -8 -4 -8 -4 -8 -4 -8 -4 -9 -4 -9 -4 -9 -4 -9 -4 -9 -4 -9 -3 -9 -4 -9 0 0 -4 -9 -4 -9 -4 -9 -5 -10 -5 -10 -5 -10 -6 -10 -6 -10 -6 -10 -6 -11 -6 -11 -7 -11 -7 -11 -7 -11 -8 -11 -8 -12 -7 -12 -8 -13 -8 -12 -8 -12 -8 -13 -8 -13 -8 -14 -8 -14 -8 -14 -8 -14 0 0 0 0 0 0 0 0 0 0
1784740949.921241,57665,-46,11,1,7,1,-95,1,671432426,128,0 0 0 0 0 0 0 0 0 0 0 0 5 -2 5 -2 6 -2 6 -2 6 -1 6 -1 6 -1 6 -2 7 -1 7 -1 7 -2 7 -1 7 -1 8 -1 8 -1 8 -1 8 -1 8 -1 9 -1 9 -1 9 -1 9 -1 9 -1 9 -1 9 -1 10 -2 0 0 10 -2 10 -2 10 -2 10 -2 10 -3 11 -3 11 -3 11 -3 12 -3 12 -4 12 -4 12 -4 13 -4 13 -4 13 -4 14 -4 14 -4 14 -5 14 -5 15 -5 15 -4 15 -4 15 -4 15 -4 15 -4 16 -4 0 0 0 0 0 0 0 0 0 0
1784740949.937365,57666,-45,11,1,7,1,-95,1,671440208,128,0 0 0 0 0 0 0 0 0 0 0 0 -1 6 -1 6 -2 6 -2 6 -2 6 -2 6 -2 6 -2 7 -2 7 -2 7 -3 7 -3 7 -3 7 -3 8 -3 8 -3 8 -3 8 -3 9 -3 9 -3 9 -3 9 -3 9 -3 10 -3 9 -3 10 -3 10 0 0 -3 10 -3 11 -3 11 -3 11 -3 11 -3 11 -2 11 -3 12 -2 12 -2 13 -3 13 -2 13 -2 13 -2 13 -2 14 -2 14 -2 14 -2 14 -2 14 -2 15 -2 15 -2 15 -3 15 -3 15 -3 15 -3 15 0 0 0 0 0 0 0 0 0 0
1784740949.937365,57667,-46,11,1,7,1,-95,1,671450103,128,0 0 0 0 0 0 0 0 0 0 0 0 -3 -7 -3 -8 -2 -8 -2 -8 -2 -8 -2 -8 -2 -8 -2 -9 -2 -9 -2 -9 -2 -9 -2 -9 -1 -9 -1 -9 -1 -10 -1 -10 -1 -10 -1 -10 -1 -11 -1 -10 -1 -11 -1 -11 -1 -11 -1 -11 -1 -11 -1 -12 0 0 -1 -12 -1 -12 -1 -12 -2 -12 -2 -12 -1 -12 -2 -12 -2 -12 -2 -12 -2 -13 -3 -13 -3 -13 -3 -13 -3 -14 -3 -13 -3 -14 -3 -14 -3 -15 -3 -15 -3 -15 -3 -15 -3 -15 -3 -15 -3 -15 -3 -15 -3 -15 0 0 0 0 0 0 0 0 0 0
1784740949.956509,57668,-47,11,1,7,1,-95,1,671460093,128,0 0 0 0 0 0 0 0 0 0 0 0 -7 4 -8 3 -8 3 -8 3 -8 2 -8 2 -8 2 -9 2 -9 2 -9 2 -9 2 -9 1 -9 1 -9 1 -9 1 -10 1 -10 1 -10 1 -10 1 -10 1 -10 1 -10 1 -10 1 -10 1 -10 1 -10 1 0 0 -11 1 -10 2 -11 2 -10 2 -11 2 -11 2 -11 2 -11 2 -11 3 -11 3 -11 3 -11 4 -12 4 -12 4 -12 4 -12 4 -12 4 -13 4 -13 5 -13 5 -13 5 -14 5 -13 4 -14 4 -14 5 -14 4 0 0 0 0 0 0 0 0 0 0
1784740949.956509,57669,-47,11,1,7,1,-95,1,671470134,128,0 0 0 0 0 0 0 0 0 0 0 0 6 4 6 4 5 5 5 5 5 5 5 5 5 6 5 6 5 6 5 6 4 6 4 6 5 6 4 7 5 6 5 7 5 7 5 7 5 7 5 7 5 7 5 7 5 7 5 7 5 7 5 7 0 0 5 7 6 7 6 7 7 7 6 6 7 7 7 6 7 6 8 6 8 7 8 7 9 7 9 7 9 7 10 7 10 7 10 7 10 7 11 7 11 7 11 8 11 8 11 8 10 8 11 9 11 8 0 0 0 0 0 0 0 0 0 0
1784740949.969597,57670,-43,11,1,7,0,-95,1,671480485,128,0 0 0 0 0 0 0 0 0 0 0 0 -9 -2 -9 -3 -9 -3 -9 -4 -9 -4 -9 -4 -9 -5 -9 -5 -9 -5 -9 -5 -9 -5 -9 -6 -10 -6 -10 -6 -10 -6 -10 -6 -10 -6 -11 -7 -11 -7 -11 -7 -11 -7 -11 -7 -11 -7 -11 -7 -11 -8 -11 -7 0 0 -11 -7 -12 -7 -12 -7 -12 -7 -12 -7 -13 -7 -13 -7 -13 -7 -13 -7 -13 -7 -14 -7 -14 -7 -14 -6 -15 -7 -15 -6 -15 -6 -16 -7 -16 -7 -16 -7 -17 -7 -17 -7 -17 -7 -17 -8 -17 -8 -17 -8 -17 -8 0 0 0 0 0 0 0 0 0 0
1784740949.985765,57671,-45,11,1,7,1,-95,1,671490146,128,0 0 0 0 0 0 0 0 0 0 0 0 7 1 7 1 7 2 7 2 7 2 7 3 7 3 7 3 8 4 8 3 8 4 8 4 8 4 9 4 9 4 8 5 9 5 9 5 9 5 9 6 9 6 9 6 10 6 9 6 10 6 10 6 0 0 10 6 10 6 10 6 10 6 10 6 10 6 10 6 10 6 11 6 11 6 11 5 11 5 12 5 12 5 12 5 12 5 12 5 12 5 13 5 13 5 13 5 13 5 13 5 13 5 13 5 13 5 0 0 0 0 0 0 0 0 0 0
1784740950.001584,57672,-45,11,1,7,1,-95,1,671500188,128,0 0 0 0 0 0 0 0 0 0 0 0 -6 -7 -6 -7 -6 -8 -5 -8 -5 -8 -5 -8 -5 -9 -5 -9 -5 -9 -5 -10 -4 -10 -4 -10 -4 -10 -4 -10 -4 -10 -4 -11 -4 -11 -4 -11 -4 -11 -4 -12 -4 -11 -4 -12 -4 -12 -3 -12 -3 -12 -3 -12 0 0 -4 -12 -4 -12 -4 -11 -5 -12 -4 -11 -4 -11 -5 -11 -5 -11 -5 -11 -6 -12 -5 -11 -6 -11 -6 -11 -6 -11 -7 -11 -7 -11 -7 -12 -7 -12 -7 -11 -8 -12 -7 -12 -8 -11 -8 -12 -7 -12 -7 -12 -7 -12 0 0 0 0 0 0 0 0 0 0
1784740950.001584,57673,-46,11,1,7,1,-95,1,671510160,128,0 0 0 0 0 0 0 0 0 0 0 0 4 -7 4 -7 5 -6 5 -6 5 -6 5 -6 5 -6 6 -6 6 -6 7 -6 7 -5 7 -5 7 -5 7 -5 7 -5 8 -5 8 -5 8 -5 8 -5 8 -5 8 -5 8 -5 8 -5 8 -5 8 -5 8 -5 0 0 8 -5 8 -6 8 -5 8 -6 8 -6 8 -6 8 -6 8 -6 8 -7 8 -7 8 -7 8 -8 8 -8 8 -8 8 -8 8 -8 9 -8 9 -9 9 -9 9 -9 9 -9 9 -9 9 -9 9 -9 9 -9 9 -9 0 0 0 0 0 0 0 0 0 0
1784740950.017307,57674,-45,11,1,7,1,-95,1,671520078,128,0 0 0 0 0 0 0 0 0 0 0 0 -7 2 -7 2 -8 1 -8 1 -8 0 -8 0 -8 0 -8 0 -8 0 -9 0 -9 0 -9 0 -9 -1 -9 -1 -9 -1 -10 -1 -10 -1 -10 -1 -10 -1 -10 -2 -10 -2 -11 -2 -11 -2 -11 -2 -11 -2 -11 -2 0 0 -11 -2 -11 -2 -11 -2 -11 -2 -11 -1 -12 -2 -12 -2 -12 -2 -12 -2 -12 -1 -13 -1 -13 0 -13 -1 -13 -1 -14 -1 -14 -1 -14 -1 -14 -1 -14 -1 -14 -1 -15 -1 -15 -1 -15 -1 -14 -1 -14 0 -15 -1 0 0 0 0 0 0 0 0 0 0
1784740950.019369,57675,-44,11,1,7,1,-95,1,671530234,128,0 0 0 0 0 0 0 0 0 0 0 0 3 -7 3 -7 4 -7 4 -7 4 -7 4 -6 5 -7 5 -7 5 -7 6 -7 5 -7 6 -7 6 -7 6 -7 6 -7 6 -8 6 -7 7 -8 7 -7 7 -8 7 -8 7 -8 8 -8 8 -8 8 -8 8 -8 0 0 8 -8 8 -8 8 -8 9 -9 8 -8 8 -8 8 -9 9 -9 8 -9 9 -10 9 -10 8 -10 8 -9 8 -9 8 -11 8 -11 9 -11 9 -11 9 -11 9 -11 9 -11 9 -11 10 -11 10 -11 9 -11 9 -11 0 0 0 0 0 0 0 0 0 0
1784740950.033328,57676,-45,11,1,7,1,-95,1,671540123,128,0 0 0 0 0 0 0 0 0 0 0 0 2 -8 2 -8 3 -8 3 -8 4 -8 4 -8 4 -8 4 -8 4 -8 4 -8 5 -8 5 -8 5 -8 6 -8 6 -9 6 -8 6 -9 6 -9 6 -9 7 -9 7 -9 7 -9 7 -9 7 -9 7 -9 7 -9 0 0 7 -9 7 -9 7 -9 7 -9 7 -9 7 -9 6 -10 6 -10 6 -10 6 -11 6 -11 6 -11 6 -11 6 -11 6 -12 6 -12 6 -12 6 -12 6 -12 6 -13 6 -13 7 -13 7 -13 7 -13 7 -13 7 -13 0 0 0 0 0 0 0 0 0 0
1784740950.033328,57677,-45,11,1,7,1,-95,1,671550175,128,0 0 0 0 0 0 0 0 0 0 0 0 -9 -1 -9 -2 -9 -3 -9 -3 -9 -3 -9 -3 -9 -4 -9 -3 -9 -4 -9 -4 -9 -4 -9 -4 -10 -5 -9 -5 -10 -5 -9 -5 -9 -5 -10 -5 -10 -5 -9 -6 -10 -5 -9 -6 -10 -5 -10 -5 -10 -5 -10 -5 0 0 -10 -5 -10 -5 -10 -5 -10 -4 -10 -4 -11 -4 -11 -4 -11 -4 -12 -4 -12 -3 -12 -3 -13 -3 -13 -3 -13 -3 -13 -3 -14 -3 -14 -3 -14 -3 -14 -3 -15 -3 -15 -3 -15 -4 -15 -3 -15 -3 -16 -3 -16 -3 0 0 0 0 0 0 0 0 0 0
1784740950.049261,57678,-45,11,1,7,1,-95,1,671560129,128,0 0 0 0 0 0 0 0 0 0 0 0 -1 7 -1 7 -2 7 -2 7 -2 7 -3 7 -3 7 -3 7 -3 7 -3 7 -4 7 -4 7 -4 7 -4 7 -4 8 -4 8 -4 8 -4 8 -4 8 -4 8 -4 8 -4 8 -4 9 -5 8 -5 8 -5 8 0 0 -4 9 -4 9 -4 9 -4 10 -4 9 -4 10 -3 10 -4 10 -3 10 -3 11 -4 11 -3 11 -3 11 -3 11 -2 12 -2 12 -3 13 -3 13 -2 13 -2 13 -3 13 -2 14 -3 14 -4 14 -4 14 -4 14 0 0 0 0 0 0 0 0 0 0
1784740950.065017,57679,-44,11,1,7,1,-95,1,671570166,128,0 0 0 0 0 0 0 0 0 0 0 0 0 8 0 8 -1 8 -2 9 -2 8 -2 8 -2 8 -2 9 -3 9 -3 8 -3 8 -3 9 -3 9 -3 9 -4 9 -4 9 -4 10 -4 9 -4 10 -4 9 -4 10 -4 10 -4 9 -4 10 -4 10 -4 10 0 0 -5 10 -4 10 -5 10 -4 10 -4 10 -4 10 -4 11 -3 10 -4 11 -3 11 -3 11 -2 11 -3 12 -2 12 -2 11 -2 13 -2 12 -2 13 -2 13 -2 13 -2 13 -2 14 -2 13 -2 13 -2 13 -2 14 0 0 0 0 0 0 0 0 0 0
1784740950.065017,57680,-43,11,1,7,1,-95,1,671580149,128,0 0 0 0 0 0 0 0 0 0 0 0 -8 -6 -7 -6 -7 -7 -7 -8 -7 -8 -6 -8 -6 -8 -7 -8 -6 -9 -6 -9 -6 -9 -6 -9 -6 -9 -6 -10 -6 -10 -5 -10 -6 -10 -5 -11 -6 -11 -5 -11 -6 -11 -5 -11 -6 -11 -5 -11 -6 -11 -5 -11 0 0 -6 -11 -6 -11 -6 -10 -6 -10 -6 -10 -6 -10 -7 -10 -7 -10 -7 -10 -8 -10 -8 -10 -8 -10 -8 -10 -8 -10 -9 -10 -9 -11 -9 -10 -9 -10 -10 -10 -10 -11 -10 -10 -10 -11 -10 -11 -10 -11 -10 -11 -10 -11 0 0 0 0 0 0 0 0 0 0
1784740950.080731,57681,-44,11,1,7,1,-95,1,671590189,128,0 0 0 0 0 0 0 0 0 0 0 0 -6 6 -6 5 -7 5 -7 5 -8 5 -8 5 -8 4 -8 4 -9 5 -9 4 -9 4 -10 4 -10 3 -10 3 -10 3 -10 3 -10 3 -10 3 -10 3 -10 3 -10 3 -10 3 -10 3 -10 3 -10 3 -10 3 0 0 -10 3 -10 4 -10 4 -10 4 -10 4 -10 5 -10 5 -10 5 -10 6 -10 6 -10 6 -10 6 -10 6 -10 6 -10 7 -10 8 -11 8 -11 8 -11 8 -11 8 -11 8 -11 9 -11 8 -12 8 -12 8 -12 8 0 0 0 0 0 0 0 0 0 0
1784740950.096632,57682,-44,11,1,7,1,-95,1,671600115,128,0 0 0 0 0 0 0 0 0 0 0 0 -8 3 -8 3 -8 2 -8 1 -8 2 -9 1 -9 1 -9 1 -9 1 -9 1 -9 0 -9 0 -10 0 -10 0 -10 0 -10 0 -10 0 -10 0 -10 0 -10 0 -10 0 -10 0 -10 0 -11 0 -11 0 -11 0 0 0 -11 1 -11 1 -11 1 -11 1 -11 1 -11 2 -11 2 -12 2 -12 2 -12 3 -12 3 -12 3 -12 3 -12 3 -13 3 -13 4 -13 4 -13 4 -14 4 -14 4 -14 4 -14 4 -14 4 -14 4 -14 4 -14 4 0 0 0 0 0 0 0 0 0 0
1784740950.096632,57683,-44,11,1,7,1,-95,1,671610101,128,0 0 0 0 0 0 0 0 0 0 0 0 -8 -2 -8 -2 -8 -3 -8 -3 -8 -4 -8 -4 -8 -4 -8 -4 -8 -4 -8 -5 -8 -5 -8 -5 -8 -5 -8 -5 -8 -5 -9 -6 -9 -5 -9 -6 -9 -6 -10 -6 -10 -6 -10 -6 -10 -6 -10 -7 -10 -7 -10 -7 0 0 -10 -7 -10 -7 -10 -7 -11 -7 -10 -7 -11 -7 -11 -6 -11 -6 -11 -6 -12 -7 -12 -7 -12 -7 -12 -7 -12 -6 -13 -7 -13 -6 -13 -7 -13 -7 -13 -6 -14 -6 -14 -6 -14 -6 -14 -7 -13 -8 -14 -8 -14 -7 0 0 0 0 0 0 0 0 0 0
1784740950.112580,57684,-45,11,1,7,1,-95,1,671620163,128,0 0 0 0 0 0 0 0 0 0 0 0 -7 -3 -7 -4 -7 -4 -7 -5 -7 -5 -7 -5 -7 -5 -8 -5 -8 -5 -7 -6 -7 -6 -8 -6 -8 -7 -8 -7 -8 -7 -8 -7 -8 -7 -8 -8 -9 -8 -9 -8 -9 -8 -9 -8 -9 -8 -9 -9 -9 -9 -9 -9 0 0 -9 -9 -9 -9 -9 -9 -10 -9 -9 -8 -10 -8 -10 -8 -10 -8 -10 -8 -11 -8 -11 -8 -11 -8 -11 -8 -11 -8 -12 -8 -12 -8 -12 -8 -12 -8 -12 -8 -13 -8 -13 -8 -13 -8 -13 -8 -12 -9 -13 -8 -13 -8 0 0 0 0 0 0 0 0 0 0
1784740950.119513,57685,-44,11,1,7,1,-95,1,671630149,128,0 0 0 0 0 0 0 0 0 0 0 0 -2 -8 -2 -9 -1 -9 -1 -9 0 -9 0 -10 0 -9 0 -10 1 -10 1 -10 1 -10 1 -10 1 -11 1 -11 1 -11 2 -10 2 -11 2 -11 2 -11 3 -11 3 -11 3 -11 2 -11 2 -11 2 -12 3 -12 0 0 2 -12 2 -12 2 -12 2 -12 1 -12 2 -12 2 -12 1 -12 1 -12 1 -12 0 -13 0 -13 0 -13 0 -14 0 -13 0 -14 0 -13 0 -14 0 -14 0 -14 0 -14 0 -15 0 -14 -1 -15 -1 -15 -1 -15 0 0 0 0 0 0 0 0 0 0
1784740950.128382,57686,-45,11,1,7,1,-95,1,671640391,128,0 0 0 0 0 0 0 0 0 0 0 0 8 1 7 2 8 2 7 3 8 3 7 3 8 3 8 4 8 4 8 4 7 5 7 5 7 5 7 5 7 5 8 5 8 5 8 6 8 5 8 5 8 6 8 5 8 6 8 6 8 6 8 6 0 0 8 6 9 5 8 5 9 5 9 5 9 5 9 4 10 5 10 4 11 5 10 4 11 4 10 4 10 4 12 4 12 3 12 4 12 4 12 3 13 3 13 4 13 3 13 4 13 4 13 4 13 4 0 0 0 0 0 0 0 0 0 0
1784740950.144536,57687,-44,11,1,7,1,-95,1,671650219,128,0 0 0 0 0 0 0 0 0 0 0 0 7 -1 8 0 7 1 8 1 7 1 8 1 8 1 8 2 8 2 8 2 8 2 8 3 8 3 8 3 9 3 8 3 9 3 9 3 9 3 9 3 9 3 9 3 9 3 9 4 9 4 10 4 0 0 10 4 10 3 10 4 10 3 10 3 10 3 10 3 11 3 11 3 11 3 11 3 12 2 11 2 12 2 12 2 13 2 12 2 13 2 13 2 13 2 13 2 14 2 13 3 13 3 14 3 14 3 0 0 0 0 0 0 0 0 0 0
1784740950.144536,57688,-45,11,1,7,1,-95,1,671661937,128,0 0 0 0 0 0 0 0 0 0 0 0 -7 4 -7 4 -8 4 -8 3 -8 3 -8 3 -8 3 -8 3 -9 3 -8 3 -9 3 -9 3 -9 3 -9 3 -10 3 -10 3 -10 3 -10 3 -10 3 -11 3 -11 3 -11 3 -11 3 -11 3 -11 3 -12 3 0 0 -12 3 -12 3 -12 3 -12 3 -12 4 -12 4 -12 4 -12 4 -12 4 -12 4 -12 4 -12 5 -12 4 -13 5 -13 5 -13 5 -13 5 -13 5 -13 5 -13 6 -13 6 -13 6 -13 6 -14 5 -14 5 -14 6 0 0 0 0 0 0 0 0 0 0
1784740950.160463,57689,-46,11,1,7,1,-95,1,671670101,128,0 0 0 0 0 0 0 0 0 0 0 0 -4 -8 -4 -8 -3 -8 -3 -9 -3 -9 -2 -9 -2 -9 -2 -9 -2 -9 -2 -9 -1 -9 -1 -9 -1 -10 -1 -9 -2 -10 -2 -10 -2 -10 -2 -11 -2 -11 -2 -11 -2 -11 -2 -11 -2 -11 -1 -11 -1 -11 -1 -11 0 0 -2 -12 -2 -12 -2 -12 -2 -12 -2 -12 -2 -12 -3 -12 -3 -12 -3 -12 -3 -13 -3 -13 -3 -13 -3 -13 -3 -13 -4 -13 -4 -13 -4 -14 -4 -14 -4 -13 -5 -14 -4 -14 -4 -14 -4 -14 -4 -14 -4 -14 -4 -14 0 0 0 0 0 0 0 0 0 0
1784740950.176719,57690,-45,11,1,7,1,-95,1,671680088,128,0 0 0 0 0 0 0 0 0 0 0 0 0 -9 1 -9 1 -9 2 -9 2 -9 2 -9 2 -9 3 -9 3 -9 3 -9 3 -9 3 -9 4 -9 4 -9 4 -9 4 -9 4 -9 4 -9 4 -9 4 -9 4 -9 4 -9 4 -10 4 -10 4 -10 4 -10 0 0 5 -10 5 -10 5 -10 4 -10 4 -10 4 -10 4 -10 4 -11 4 -11 4 -11 4 -11 4 -12 4 -12 4 -12 4 -12 4 -13 4 -12 4 -13 4 -13 3 -13 3 -13 4 -13 4 -13 4 -14 3 -14 4 -14 0 0 0 0 0 0 0 0 0 0
1784740950.176719,57691,-44,11,1,7,1,-95,1,671690193,128,0 0 0 0 0 0 0 0 0 0 0 0 -7 5 -8 5 -8 4 -9 4 -9 3 -9 3 -9 3 -9 3 -9 3 -9 3 -9 3 -9 3 -10 3 -10 2 -10 3 -10 2 -10 2 -10 2 -10 2 -10 2 -10 2 -10 2 -10 3 -10 2 -10 3 -11 3 0 0 -11 3 -11 3 -11 3 -11 3 -10 4 -11 4 -11 4 -11 4 -11 4 -11 5 -11 5 -11 6 -11 6 -11 6 -11 6 -11 6 -11 6 -12 7 -12 7 -12 7 -12 7 -12 7 -12 7 -12 7 -12 7 -12 8 0 0 0 0 0 0 0 0 0 0
1784740950.192915,57692,-43,11,1,7,1,-95,1,671700168,128,0 0 0 0 0 0 0 0 0 0 0 0 -8 2 -8 2 -9 1 -9 1 -9 1 -9 1 -9 1 -10 0 -10 0 -10 0 -10 0 -10 0 -10 0 -10 -1 -10 -1 -11 -1 -11 -1 -11 -1 -11 -1 -12 -1 -12 -1 -12 -1 -12 -1 -12 -1 -12 -1 -12 -1 0 0 -12 -1 -12 -1 -12 -1 -13 0 -12 0 -12 0 -12 0 -13 0 -12 0 -14 1 -13 1 -13 1 -13 1 -13 1 -14 2 -14 2 -14 1 -14 2 -14 2 -15 2 -14 2 -15 3 -15 2 -15 2 -15 2 -15 2 0 0 0 0 0 0 0 0 0 0
1784740950.192915,57693,-44,11,1,7,1,-95,1,671710192,128,0 0 0 0 0 0 0 0 0 0 0 0 -8 -3 -9 -3 -8 -4 -8 -4 -8 -4 -8 -4 -8 -5 -8 -5 -8 -5 -8 -5 -8 -5 -8 -6 -9 -6 -9 -6 -9 -6 -9 -6 -9 -7 -9 -6 -9 -7 -9 -7 -9 -7 -9 -7 -9 -7 -9 -7 -9 -7 -10 -7 0 0 -10 -7 -10 -7 -10 -8 -10 -7 -10 -7 -10 -7 -10 -7 -11 -7 -11 -7 -11 -6 -11 -6 -11 -6 -12 -6 -12 -6 -11 -6 -12 -6 -12 -6 -13 -6 -13 -6 -13 -6 -13 -6 -13 -6 -13 -6 -13 -6 -13 -6 -14 -6 0 0 0 0 0 0 0 0 0 0
1784740950.211019,57694,-45,11,1,7,1,-95,1,671720102,128,0 0 0 0 0 0 0 0 0 0 0 0 7 -2 7 -2 8 -1 8 -1 8 -1 8 -1 8 0 8 0 8 0 8 0 8 0 8 0 9 0 9 0 9 0 9 1 9 1 9 1 9 1 9 1 10 1 10 1 10 1 10 1 10 1 10 1 0 0 10 1 11 1 10 1 11 1 10 1 11 1 11 1 11 0 11 0 12 0 12 0 12 -1 12 -1 12 -1 13 -1 12 -1 12 -1 13 -1 13 -1 13 -1 13 -1 14 -1 14 -1 14 -1 14 -1 14 -1 0 0 0 0 0 0 0 0 0 0
1784740950.225202,57695,-45,11,1,7,1,-95,1,671730118,128,0 0 0 0 0 0 0 0 0 0 0 0 -3 -8 -3 -8 -2 -8 -2 -8 -2 -8 -2 -9 -2 -9 -1 -9 -1 -9 -1 -9 -1 -9 -1 -9 -1 -9 0 -10 -1 -9 -1 -10 -1 -10 -1 -10 -1 -10 -1 -11 -1 -11 -1 -11 -1 -11 0 -11 0 -11 0 -11 0 0 -1 -11 -1 -12 -1 -11 -1 -12 -1 -12 -1 -12 -1 -12 -2 -12 -2 -12 -2 -13 -2 -13 -2 -12 -2 -13 -2 -13 -3 -13 -3 -13 -2 -14 -3 -14 -3 -14 -4 -14 -3 -14 -4 -14 -3 -15 -3 -15 -3 -15 -3 -15 0 0 0 0 0 0 0 0 0 0
1784740950.225202,57696,-44,11,1,7,1,-95,1,671740378,128,0 0 0 0 0 0 0 0 0 0 0 0 -6 -5 -6 -6 -6 -6 -6 -7 -5 -7 -5 -7 -5 -7 -5 -8 -5 -8 -5 -8 -5 -8 -5 -8 -5 -8 -5 -9 -5 -9 -5 -9 -5 -10 -5 -9 -5 -10 -5 -10 -5 -10 -5 -10 -5 -10 -5 -10 -5 -10 -5 -11 0 0 -5 -11 -5 -11 -5 -11 -5 -10 -6 -11 -6 -11 -6 -11 -6 -11 -6 -11 -7 -11 -7 -11 -8 -11 -8 -11 -8 -12 -8 -11 -8 -12 -8 -11 -8 -12 -8 -12 -8 -12 -8 -12 -8 -13 -9 -12 -9 -12 -9 -13 -9 -13 0 0 0 0 0 0 0 0 0 0
1784740950.241014,57697,-45,11,1,7,1,-95,1,671750226,128,0 0 0 0 0 0 0 0 0 0 0 0 7 4 6 4 6 5 6 5 6 5 6 5 6 5 6 6 6 6 6 7 6 7 6 7 6 7 6 8 6 7 6 8 6 8 6 8 6 8 6 8 6 8 6 8 6 9 5 9 6 9 6 9 0 0 6 9 7 9 6 9 7 9 7 8 7 9 7 8 7 8 8 8 8 8 8 9 8 8 8 8 8 8 9 8 9 8 9 9 9 9 10 8 10 8 10 8 10 9 10 9 10 10 10 10 10 9 0 0 0 0 0 0 0 0 0 0
1784740950.257185,57698,-46,11,1,7,1,-95,1,671760197,128,0 0 0 0 0 0 0 0 0 0 0 0 -9 3 -9 3 -9 2 -10 2 -10 1 -10 1 -10 1 -10 1 -10 1 -10 0 -11 0 -11 0 -11 -1 -11 -1 -11 0 -11 -1 -11 -1 -11 -1 -12 -1 -12 -1 -11 -1 -11 -1 -12 -1 -11 -1 -11 -1 -12 -1 0 0 -12 -1 -12 0 -12 0 -12 0 -12 0 -12 0 -12 1 -12 1 -12 1 -12 1 -12 1 -12 2 -12 2 -13 2 -13 3 -13 3 -13 2 -13 3 -14 3 -14 4 -14 3 -14 4 -14 3 -15 3 -14 3 -15 3 0 0 0 0 0 0 0 0 0 0
1784740950.257185,57699,-46,11,1,7,1,-95,1,671770085,128,0 0 0 0 0 0 0 0 0 0 0 0 -7 -6 -6 -7 -6 -7 -6 -7 -5 -7 -6 -8 -5 -8 -5 -8 -5 -8 -5 -8 -5 -8 -5 -9 -5 -9 -5 -9 -5 -9 -4 -9 -5 -10 -4 -10 -5 -10 -4 -10 -4 -10 -4 -10 -5 -10 -5 -10 -4 -10 -5 -11 0 0 -5 -11 -5 -10 -5 -11 -5 -10 -5 -11 -5 -11 -5 -11 -6 -10 -6 -11 -7 -11 -7 -10 -7 -10 -7 -11 -7 -12 -7 -11 -8 -12 -7 -11 -8 -12 -8 -12 -8 -12 -9 -12 -8 -13 -9 -12 -9 -13 -9 -13 -9 -14 0 0 0 0 0 0 0 0 0 0
1784740950.273247,57700,-45,11,1,7,1,-95,1,671780085,128,0 0 0 0 0 0 0 0 0 0 0 0 1 -8 2 -8 2 -8 2 -8 3 -8 3 -8 3 -8 3 -8 3 -8 4 -8 4 -8 4 -8 5 -8 5 -8 5 -9 5 -9 5 -9 5 -9 5 -9 5 -9 5 -9 6 -9 6 -9 6 -9 6 -9 6 -9 0 0 6 -9 6 -10 6 -9 6 -10 5 -10 5 -10 5 -10 5 -11 5 -11 5 -12 5 -11 5 -11 5 -11 5 -11 5 -13 4 -12 5 -13 5 -13 4 -13 4 -14 5 -14 4 -14 5 -14 6 -14 6 -14 5 -14 0 0 0 0 0 0 0 0 0 0
1784740950.273247,57701,-45,11,1,7,1,-95,1,671790117,128,0 0 0 0 0 0 0 0 0 0 0 0 2 7 2 7 2 7 1 8 1 8 1 8 1 8 1 8 1 9 0 9 0 9 0 10 -1 10 -1 10 -1 10 -1 10 -1 11 -1 11 -1 11 -1 11 -1 11 -1 11 -2 11 -2 11 -2 11 -2 11 0 0 -2 11 -1 11 -2 11 -1 11 -1 11 -1 11 0 11 0 11 0 12 0 12 0 12 0 12 0 12 1 13 1 12 1 13 1 13 1 13 1 13 1 13 2 14 1 14 1 14 1 14 1 14 1 14 0 0 0 0 0 0 0 0 0 0
1784740950.289272,57702,-45,11,1,7,1,-95,1,671800148,128,0 0 0 0 0 0 0 0 0 0 0 0 3 -8 3 -8 4 -7 4 -8 5 -8 5 -8 5 -7 6 -8 6 -7 6 -8 6 -8 6 -8 7 -8 7 -8 7 -8 8 -7 8 -7 8 -7 8 -7 9 -7 9 -7 9 -7 9 -7 9 -7 8 -7 9 -8 0 0 9 -8 9 -7 9 -7 8 -8 8 -8 8 -8 8 -8 8 -8 8 -8 8 -9 8 -9 7 -10 8 -10 8 -10 7 -10 8 -10 7 -10 7 -11 8 -11 8 -11 8 -11 8 -11 7 -11 7 -11 7 -12 7 -12 0 0 0 0 0 0 0 0 0 0
1784740950.305384,57703,-46,11,1,7,1,-95,1,671810188,128,0 0 0 0 0 0 0 0 0 0 0 0 -3 -9 -2 -9 -2 -9 -1 -9 -1 -10 -1 -9 -1 -10 -1 -10 -1 -10 0 -11 1 -10 1 -11 1 -11 1 -11 1 -11 1 -11 1 -11 1 -11 1 -11 1 -12 1 -11 1 -11 2 -12 2 -11 2 -11 2 -11 0 0 1 -11 1 -12 1 -11 0 -12 0 -11 0 -12 0 -12 -1 -12 -1 -12 -1 -13 -1 -13 -1 -13 -1 -13 -1 -12 -2 -13 -2 -13 -2 -14 -2 -14 -3 -14 -3 -14 -3 -14 -3 -14 -3 -15 -2 -15 -2 -15 -3 -14 0 0 0 0 0 0 0 0 0 0
1784740950.305384,57704,-45,11,1,7,1,-95,1,671822020,128,0 0 0 0 0 0 0 0 0 0 0 0 4 -8 4 -7 5 -8 5 -7 6 -7 5 -7 6 -7 6 -7 6 -7 7 -7 7 -7 7 -6 7 -6 7 -6 7 -6 7 -7 7 -6 8 -7 8 -6 8 -7 8 -7 8 -6 8 -7 8 -6 8 -6 8 -7 0 0 8 -7 8 -7 7 -7 8 -8 7 -8 8 -8 7 -8 7 -8 7 -8 8 -9 8 -9 7 -9 7 -9 7 -9 8 -10 7 -10 8 -11 8 -11 8 -11 8 -11 8 -11 8 -11 9 -11 9 -11 9 -11 8 -11 0 0 0 0 0 0 0 0 0 0
1784740950.321635,57705,-45,11,1,7,1,-95,1,671830123,128,0 0 0 0 0 0 0 0 0 0 0 0 3 7 2 7 2 8 1 8 1 8 1 8 1 8 1 9 0 9 1 9 0 9 0 9 0 9 0 9 0 9 0 10 -1 10 0 10 -1 10 -1 10 0 10 -1 10 0 10 0 10 0 10 0 10 0 0 0 10 0 11 0 10 0 11 0 10 1 11 1 11 1 11 1 11 2 12 1 12 2 11 2 12 2 12 2 12 2 12 2 12 2 12 2 13 3 13 3 13 3 13 3 13 3 13 3 13 3 14 0 0 0 0 0 0 0 0 0 0
1784740950.337465,57706,-46,11,1,7,1,-95,1,671840584,128,0 0 0 0 0 0 0 0 0 0 0 0 3 -8 3 -8 4 -8 4 -8 4 -7 4 -8 5 -7 5 -8 5 -7 5 -7 5 -8 5 -8 6 -8 6 -7 6 -8 6 -8 7 -8 7 -7 7 -8 7 -8 7 -8 7 -8 7 -8 7 -8 7 -8 7 -8 0 0 7 -8 6 -9 7 -9 7 -9 6 -9 7 -9 6 -9 6 -10 6 -10 6 -10 7 -11 6 -11 6 -11 7 -11 6 -11 6 -12 7 -11 7 -12 7 -12 6 -12 7 -13 7 -13 7 -13 7 -13 7 -13 7 -13 0 0 0 0 0 0 0 0 0 0
1784740950.337465,57707,-45,11,1,7,1,-95,1,671850126,128,0 0 0 0 0 0 0 0 0 0 0 0 7 2 7 2 7 2 7 3 7 3 7 3 7 3 7 3 7 4 7 4 7 4 8 4 7 5 7 5 8 5 7 5 8 6 7 5 8 6 8 6 8 6 8 6 8 5 8 6 8 6 8 6 0 0 8 6 8 6 9 6 8 5 9 5 9 6 9 5 9 5 9 5 10 5 10 5 10 5 10 5 11 5 10 5 11 6 11 5 12 5 11 5 12 5 12 5 12 5 12 5 12 5 12 5 13 6 0 0 0 0 0 0 0 0 0 0
1784740950.356927,57708,-45,11,1,7,1,-95,1,671860179,128,0 0 0 0 0 0 0 0 0 0 0 0 7 -4 7 -4 7 -4 8 -4 8 -3 8 -3 8 -3 9 -3 8 -3 9 -2 9 -2 9 -2 9 -2 10 -1 10 -2 9 -1 10 -1 10 -1 10 -1 10 -2 10 -2 10 -1 10 -1 10 -1 10 -1 10 -1 0 0 10 -2 10 -2 11 -2 10 -2 10 -2 10 -3 10 -3 11 -3 11 -3 11 -4 11 -4 11 -4 11 -4 11 -4 11 -4 12 -4 11 -4 12 -5 12 -5 12 -5 12 -5 12 -5 12 -5 12 -5 12 -5 13 -5 0 0 0 0 0 0 0 0 0 0
1784740950.356927,57709,-44,11,1,7,1,-95,1,671870142,128,0 0 0 0 0 0 0 0 0 0 0 0 7 5 7 6 6 7 6 7 6 7 5 8 5 8 5 8 5 8 5 9 5 9 5 9 4 10 4 10 4 9 4 10 4 10 4 10 4 10 4 10 4 10 4 10 4 10 4 10 4 9 4 10 0 0 4 9 5 9 5 9 5 9 5 9 5 9 6 8 6 9 6 9 7 9 7 9 7 8 7 8 7 8 8 8 8 8 8 9 8 9 9 8 9 8 9 8 9 8 9 9 9 9 9 8 9 8 0 0 0 0 0 0 0 0 0 0
1784740950.369266,57710,-45,11,1,7,1,-95,1,671880084,128,0 0 0 0 0 0 0 0 0 0 0 0 5 -9 5 -8 7 -8 7 -8 7 -7 7 -7 7 -7 8 -7 8 -7 8 -7 8 -6 9 -6 9 -6 9 -6 9 -6 9 -5 10 -5 9 -5 10 -5 9 -5 9 -5 9 -5 9 -5 9 -5 9 -5 9 -5 0 0 9 -5 9 -5 9 -5 9 -6 8 -6 8 -6 8 -6 8 -7 8 -7 8 -7 8 -7 8 -7 8 -8 8 -8 8 -8 8 -8 8 -9 8 -9 8 -9 8 -9 8 -10 8 -9 8 -9 8 -10 8 -10 8 -10 0 0 0 0 0 0 0 0 0 0
1784740950.385108,57711,-45,11,1,7,1,-95,1,671890207,128,0 0 0 0 0 0 0 0 0 0 0 0 8 0 8 1 8 2 8 2 9 2 8 2 8 3 8 3 8 3 8 4 8 4 8 4 8 5 8 5 8 5 8 5 8 5 8 5 8 5 8 5 8 5 8 5 8 5 8 5 8 5 8 5 0 0 8 5 9 5 8 5 9 4 8 4 9 4 9 4 9 4 9 4 10 4 10 4 10 3 10 3 10 3 11 3 11 3 11 3 11 3 11 3 12 3 12 3 12 3 12 3 12 4 12 3 12 3 0 0 0 0 0 0 0 0 0 0
1784740950.385108,57712,-44,11,1,7,1,-95,1,671900191,128,0 0 0 0 0 0 0 0 0 0 0 0 -9 1 -9 1 -9 0 -9 -1 -10 -1 -9 -1 -10 -1 -10 -2 -10 -2 -10 -2 -10 -3 -10 -3 -10 -3 -10 -3 -10 -3 -10 -3 -10 -3 -10 -3 -10 -3 -11 -3 -11 -4 -11 -4 -10 -4 -10 -4 -10 -4 -10 -4 0 0 -10 -3 -11 -3 -11 -3 -11 -3 -11 -2 -11 -2 -11 -2 -11 -2 -11 -2 -12 -2 -12 -2 -12 -1 -12 -1 -13 -1 -13 -1 -13 -1 -14 -1 -13 -1 -14 -1 -14 0 -14 -1 -14 0 -14 -1 -14 -1 -14 -1 -14 -1 0 0 0 0 0 0 0 0 0 0
1784740950.401210,57713,-44,11,1,7,1,-95,1,671910073,128,0 0 0 0 0 0 0 0 0 0 0 0 4 7 3 8 3 8 2 9 2 9 2 9 2 9 2 9 1 9 1 10 1 10 1 10 0 10 1 10 0 10 0 10 0 11 0 10 0 10 0 10 0 10 0 10 0 10 0 10 0 10 0 10 0 0 1 10 1 10 1 10 1 10 2 10 2 10 2 10 2 10 2 11 3 11 3 11 4 11 4 11 4 12 4 11 4 12 4 11 4 11 5 12 5 12 5 12 5 12 5 12 5 12 5 12 5 13 0 0 0 0 0 0 0 0 0 0
1784740950.416991,57714,-44,11,1,7,1,-95,1,671920180,128,0 0 0 0 0 0 0 0 0 0 0 0 -4 -9 -3 -9 -3 -10 -2 -10 -2 -11 -2 -10 -2 -11 -2 -11 -1 -11 -1 -11 0 -11 0 -11 1 -11 1 -11 0 -11 0 -11 1 -11 1 -11 1 -11 1 -11 0 -11 0 -11 1 -11 1 -10 1 -10 0 -11 0 0 0 -10 -1 -11 -1 -10 -1 -11 -1 -11 -1 -11 -2 -11 -2 -11 -2 -11 -3 -12 -2 -12 -3 -12 -3 -11 -3 -11 -4 -12 -4 -12 -4 -13 -4 -13 -4 -12 -5 -13 -5 -13 -5 -13 -4 -13 -4 -13 -4 -13 -5 -13 0 0 0 0 0 0 0 0 0 0
1784740950.420241,57715,-44,11,1,7,1,-95,1,671930145,128,0 0 0 0 0 0 0 0 0 0 0 0 -6 -8 -5 -9 -5 -9 -4 -10 -4 -10 -4 -10 -4 -10 -3 -10 -3 -10 -3 -10 -2 -10 -2 -11 -2 -11 -2 -11 -2 -11 -1 -11 -1 -11 -1 -11 -1 -11 -1 -11 -2 -11 -2 -11 -2 -11 -1 -10 -2 -11 -2 -11 0 0 -2 -11 -3 -11 -3 -11 -3 -11 -3 -11 -4 -11 -4 -11 -4 -11 -4 -11 -5 -11 -4 -11 -5 -11 -5 -11 -5 -12 -6 -11 -6 -12 -6 -12 -6 -12 -7 -12 -7 -12 -7 -12 -7 -12 -7 -12 -7 -13 -7 -13 -7 -13 0 0 0 0 0 0 0 0 0 0
1784740950.433110,57716,-44,11,1,7,1,-95,1,671940123,128,0 0 0 0 0 0 0 0 0 0 0 0 -9 -1 -9 -2 -9 -3 -9 -3 -9 -4 -9 -4 -9 -4 -10 -4 -10 -5 -9 -4 -9 -5 -10 -5 -9 -5 -10 -6 -10 -6 -9 -6 -10 -6 -9 -6 -9 -6 -9 -6 -9 -6 -9 -7 -9 -6 -9 -6 -9 -6 -10 -6 0 0 -10 -6 -10 -6 -10 -6 -10 -5 -10 -5 -11 -5 -10 -5 -11 -5 -11 -6 -12 -5 -12 -5 -12 -4 -13 -5 -13 -5 -12 -5 -13 -5 -12 -5 -13 -5 -14 -5 -14 -5 -14 -5 -14 -5 -14 -5 -14 -5 -14 -5 -15 -5 0 0 0 0 0 0 0 0 0 0
1784740950.433110,57717,-44,11,1,7,1,-95,1,671950227,128,0 0 0 0 0 0 0 0 0 0 0 0 -1 8 -2 8 -2 8 -3 8 -3 9 -3 9 -4 9 -4 9 -4 9 -5 8 -5 9 -6 9 -6 9 -6 9 -6 9 -6 9 -6 9 -6 9 -6 9 -6 9 -6 9 -6 9 -6 9 -6 9 -6 8 -6 9 0 0 -5 9 -5 9 -5 9 -5 10 -4 10 -4 10 -4 10 -4 10 -4 11 -4 11 -4 11 -3 11 -4 11 -3 11 -3 12 -3 12 -3 12 -3 13 -2 13 -2 13 -2 13 -2 13 -2 13 -3 14 -3 13 -3 13 0 0 0 0 0 0 0 0 0 0
1784740950.457592,57718,-44,11,1,7,1,-95,1,671960066,128,0 0 0 0 0 0 0 0 0 0 0 0 -9 2 -9 2 -9 1 -10 1 -10 0 -10 0 -10 0 -10 0 -10 -1 -10 -1 -10 -1 -11 -1 -11 -2 -11 -2 -11 -2 -10 -2 -11 -2 -11 -3 -11 -3 -11 -3 -11 -3 -11 -3 -10 -3 -11 -3 -11 -3 -11 -3 0 0 -11 -2 -10 -2 -11 -2 -11 -2 -11 -1 -11 -1 -11 -1 -11 -1 -11 -1 -12 -1 -12 -1 -12 0 -12 0 -12 0 -12 0 -13 0 -12 0 -13 1 -13 1 -13 1 -13 1 -13 1 -13 1 -13 1 -13 1 -13 1 0 0 0 0 0 0 0 0 0 0
1784740950.466923,57719,-45,11,1,7,1,-95,1,671970078,128,0 0 0 0 0 0 0 0 0 0 0 0 -9 -4 -8 -5 -8 -5 -8 -6 -8 -6 -8 -7 -8 -7 -8 -7 -7 -7 -7 -7 -7 -8 -7 -8 -7 -8 -7 -8 -7 -9 -6 -8 -7 -9 -6 -9 -6 -9 -6 -9 -6 -9 -6 -9 -6 -8 -6 -8 -6 -8 -6 -8 0 0 -7 -8 -7 -8 -7 -8 -7 -8 -7 -8 -7 -8 -7 -8 -8 -7 -8 -8 -8 -7 -9 -7 -9 -7 -9 -7 -9 -7 -9 -7 -10 -7 -9 -7 -10 -7 -10 -7 -10 -7 -11 -7 -11 -7 -11 -7 -11 -7 -11 -7 -12 -7 0 0 0 0 0 0 0 0 0 0
1784740950.466923,57720,-46,11,1,7,1,-95,1,671980170,128,0 0 0 0 0 0 0 0 0 0 0 0 0 8 -1 8 -2 8 -2 8 -2 8 -2 8 -3 8 -3 8 -3 8 -4 8 -4 8 -4 8 -5 8 -4 8 -5 8 -5 8 -5 8 -5 8 -5 8 -5 8 -5 8 -5 8 -5 8 -5 8 -5 8 -5 8 0 0 -4 8 -4 9 -4 8 -4 9 -4 9 -4 9 -4 9 -4 10 -3 9 -3 10 -3 10 -3 10 -3 10 -3 10 -3 11 -3 11 -3 12 -3 12 -3 12 -2 12 -2 12 -2 13 -3 13 -3 13 -3 13 -3 13 0 0 0 0 0 0 0 0 0 0
1784740950.480852,57721,-46,11,1,7,1,-95,1,671992579,128,0 0 0 0 0 0 0 0 0 0 0 0 -6 -6 -5 -6 -5 -7 -5 -7 -5 -7 -5 -8 -5 -7 -4 -8 -4 -8 -4 -8 -4 -9 -4 -8 -4 -9 -3 -9 -4 -9 -3 -9 -3 -10 -3 -9 -3 -10 -3 -10 -3 -10 -3 -10 -3 -9 -3 -10 -3 -9 -3 -10 0 0 -4 -10 -4 -10 -4 -10 -4 -10 -4 -9 -5 -10 -5 -10 -5 -10 -5 -10 -6 -10 -6 -10 -6 -10 -6 -10 -6 -11 -7 -11 -7 -11 -6 -11 -7 -11 -7 -11 -8 -11 -7 -11 -8 -11 -8 -12 -7 -12 -8 -12 -7 -12 0 0 0 0 0 0 0 0 0 0
1784740950.496665,57722,-46,11,1,7,1,-95,1,672000136,128,0 0 0 0 0 0 0 0 0 0 0 0 -5 7 -5 6 -6 6 -6 6 -7 6 -7 6 -7 6 -7 6 -8 6 -8 5 -8 5 -8 5 -9 5 -9 5 -9 5 -9 5 -9 5 -9 5 -9 5 -9 5 -9 5 -9 5 -9 5 -9 4 -9 5 -9 5 0 0 -9 5 -9 5 -9 5 -9 6 -9 6 -9 6 -9 6 -9 7 -9 7 -9 7 -9 8 -9 8 -9 8 -9 8 -9 9 -10 9 -10 9 -10 9 -10 9 -10 10 -10 10 -10 10 -10 10 -10 10 -10 10 -10 10 0 0 0 0 0 0 0 0 0 0
1784740950.496665,57723,-46,11,1,7,1,-95,1,672011554,128,0 0 0 0 0 0 0 0 0 0 0 0 -2 9 -3 9 -3 8 -4 9 -4 8 -4 8 -5 8 -5 8 -5 8 -5 8 -6 8 -6 8 -6 8 -6 8 -6 8 -6 8 -7 8 -7 8 -7 8 -7 8 -7 8 -7 8 -7 8 -6 8 -6 8 -6 8 0 0 -6 9 -6 9 -6 9 -6 9 -5 9 -6 9 -5 9 -5 10 -5 10 -5 11 -5 11 -4 11 -4 11 -5 11 -4 12 -4 12 -4 12 -4 12 -4 12 -4 13 -4 13 -4 13 -4 13 -4 13 -4 13 -4 13 0 0 0 0 0 0 0 0 0 0
1784740950.512576,57724,-47,11,1,7,1,-95,1,672020275,128,0 0 0 0 0 0 0 0 0 0 0 0 -6 5 -7 5 -7 4 -7 4 -7 4 -8 4 -8 4 -8 4 -8 3 -8 4 -8 4 -9 3 -9 3 -9 3 -9 3 -9 2 -10 3 -9 3 -10 2 -10 2 -10 3 -10 2 -9 3 -9 3 -9 3 -10 3 0 0 -10 3 -10 3 -10 3 -9 3 -10 4 -10 4 -10 4 -10 5 -10 4 -10 5 -10 5 -10 5 -11 6 -11 6 -11 5 -12 6 -11 5 -11 6 -11 6 -12 6 -12 6 -12 6 -11 6 -12 6 -12 6 -12 6 0 0 0 0 0 0 0 0 0 0
1784740950.520711,57725,-48,11,1,7,1,-95,1,672030145,128,0 0 0 0 0 0 0 0 0 0 0 0 4 4 5 5 4 5 4 5 4 5 4 5 4 6 4 6 4 6 4 6 4 7 4 7 4 7 4 7 4 7 4 8 4 8 4 8 4 8 4 8 4 8 4 8 4 8 4 8 4 8 4 8 0 0 4 8 5 8 5 9 5 8 5 8 5 9 6 9 6 9 6 9 6 9 6 9 6 9 6 9 7 10 7 9 7 10 7 10 8 10 7 10 8 10 8 10 8 11 7 11 7 11 7 11 7 11 0 0 0 0 0 0 0 0 0 0
1784740950.528487,57726,-48,11,1,7,1,-95,1,672040074,128,0 0 0 0 0 0 0 0 0 0 0 0 5 5 5 6 4 6 4 6 4 7 4 7 4 7 3 7 4 7 3 8 3 8 3 8 3 8 3 8 3 8 3 8 3 9 3 8 3 9 3 9 3 9 3 8 3 8 3 8 3 8 3 9 0 0 4 9 4 9 4 9 4 9 5 9 5 9 5 9 5 9 5 9 6 10 6 10 6 10 6 10 6 10 7 10 7 10 7 10 7 11 7 11 7 11 7 11 7 11 7 11 7 12 7 11 7 12 0 0 0 0 0 0 0 0 0 0
1784740950.544564,57727,-49,11,1,7,1,-95,1,672050221,128,0 0 0 0 0 0 0 0 0 0 0 0 -6 7 -7 7 -7 6 -7 5 -8 5 -8 5 -8 5 -8 5 -8 4 -8 5 -8 4 -8 4 -9 4 -8 4 -9 4 -9 3 -9 4 -8 4 -8 4 -8 4 -8 4 -8 4 -8 5 -8 5 -8 5 -8 5 0 0 -8 6 -8 6 -8 6 -8 6 -8 7 -8 7 -8 7 -8 8 -8 8 -8 9 -8 9 -8 10 -8 10 -9 10 -9 10 -9 10 -8 10 -9 11 -9 11 -9 11 -9 12 -10 11 -10 12 -10 12 -10 12 -11 12 0 0 0 0 0 0 0 0 0 0
1784740950.544564,57728,-49,11,1,7,1,-95,1,672060092,128,0 0 0 0 0 0 0 0 0 0 0 0 7 -1 7 -1 7 0 7 0 7 0 7 0 7 1 7 0 7 1 7 1 7 1 7 1 7 1 7 1 7 0 7 1 7 1 7 0 7 0 7 0 7 0 8 0 7 -1 8 0 8 -1 8 -1 0 0 8 -2 9 -2 9 -2 9 -3 9 -2 10 -3 10 -3 10 -3 10 -3 11 -4 11 -4 11 -4 11 -4 12 -4 12 -5 12 -5 13 -4 13 -5 13 -5 14 -5 14 -5 14 -5 15 -5 15 -4 15 -4 15 -4 0 0 0 0 0 0 0 0 0 0
1784740950.560656,57729,-48,11,1,7,1,-95,1,672071480,128,0 0 0 0 0 0 0 0 0 0 0 0 -5 6 -6 6 -6 6 -6 6 -7 6 -7 6 -7 6 -7 5 -7 6 -7 6 -8 5 -8 5 -8 5 -8 5 -8 6 -8 5 -8 5 -9 5 -8 5 -9 5 -8 6 -8 5 -8 6 -8 5 -8 6 -8 6 0 0 -8 6 -8 7 -8 7 -8 7 -8 7 -9 8 -8 8 -9 9 -9 8 -9 9 -9 9 -9 9 -9 10 -9 9 -9 10 -10 10 -10 10 -10 11 -10 11 -10 11 -10 12 -10 12 -11 11 -11 11 -11 11 -11 12 0 0 0 0 0 0 0 0 0 0
1784740950.576499,57730,-48,11,1,7,1,-95,1,672080088,128,0 0 0 0 0 0 0 0 0 0 0 0 -3 -9 -2 -10 -1 -10 -1 -10 -1 -10 -1 -10 0 -10 0 -11 0 -10 0 -10 0 -11 0 -11 1 -11 1 -11 1 -11 2 -11 2 -11 1 -11 2 -12 2 -11 1 -11 2 -11 1 -11 1 -11 1 -11 1 -12 0 0 0 -12 1 -12 1 -12 0 -12 0 -12 0 -12 0 -12 -1 -13 0 -13 -1 -13 -1 -13 -2 -13 -1 -14 -1 -14 -1 -14 -2 -15 -1 -14 -2 -15 -2 -15 -2 -15 -2 -15 -1 -15 -2 -15 -1 -15 -2 -15 -1 -16 0 0 0 0 0 0 0 0 0 0
1784740950.576499,57731,-47,11,1,7,1,-95,1,672090142,128,0 0 0 0 0 0 0 0 0 0 0 0 -10 -3 -10 -3 -10 -4 -9 -4 -10 -5 -9 -5 -10 -5 -10 -6 -10 -6 -9 -6 -9 -7 -9 -7 -9 -7 -9 -7 -9 -6 -9 -7 -9 -7 -10 -7 -9 -7 -9 -7 -9 -7 -9 -7 -10 -7 -10 -7 -9 -7 -9 -6 0 0 -10 -6 -11 -6 -10 -5 -11 -5 -11 -5 -11 -5 -11 -5 -12 -5 -12 -5 -13 -5 -12 -5 -12 -5 -12 -5 -12 -5 -14 -4 -13 -4 -14 -5 -14 -4 -14 -4 -15 -4 -15 -4 -15 -4 -15 -5 -15 -5 -14 -5 -15 -5 0 0 0 0 0 0 0 0 0 0
1784740950.595790,57732,-47,11,1,7,1,-95,1,672100079,128,0 0 0 0 0 0 0 0 0 0 0 0 5 -8 6 -8 6 -7 7 -7 7 -6 7 -7 7 -6 7 -6 7 -6 7 -6 8 -6 8 -6 8 -6 8 -6 8 -6 9 -6 9 -6 9 -6 9 -6 9 -6 9 -6 9 -6 9 -6 9 -5 9 -5 9 -6 0 0 9 -6 9 -6 9 -6 9 -6 9 -7 9 -7 9 -7 9 -7 9 -7 9 -8 9 -8 9 -8 9 -9 9 -9 9 -9 9 -10 9 -9 10 -10 10 -10 10 -10 10 -10 10 -11 10 -10 11 -10 10 -10 11 -11 0 0 0 0 0 0 0 0 0 0
1784740950.595790,57733,-48,11,1,7,1,-95,1,672110182,128,0 0 0 0 0 0 0 0 0 0 0 0 -2 -9 -2 -9 -1 -10 -1 -9 -1 -10 0 -10 0 -10 -1 -10 0 -10 0 -10 0 -10 0 -10 0 -10 0 -10 0 -10 1 -11 1 -11 1 -11 1 -11 1 -11 1 -11 1 -11 0 -11 1 -10 1 -11 0 -11 0 0 0 -11 0 -11 0 -11 0 -11 -1 -11 -1 -11 -1 -11 -2 -11 -1 -12 -2 -12 -2 -12 -3 -12 -2 -13 -3 -13 -3 -13 -3 -13 -3 -13 -3 -13 -4 -14 -4 -14 -4 -14 -4 -14 -4 -15 -3 -15 -4 -15 -4 -16 0 0 0 0 0 0 0 0 0 0
1784740950.615727,57734,-49,11,1,7,1,-95,1,672120045,128,0 0 0 0 0 0 0 0 0 0 0 0 7 -2 7 -2 8 -1 7 -1 8 -1 7 -1 8 -1 8 0 8 -1 8 0 8 0 8 0 8 1 8 0 8 0 8 0 8 0 8 0 8 0 8 0 8 0 8 0 8 0 8 0 8 0 8 0 0 0 9 -1 9 -1 9 -1 9 -1 9 -2 9 -2 10 -2 10 -2 10 -2 11 -3 11 -3 11 -3 11 -3 11 -3 12 -4 12 -4 13 -4 13 -4 13 -4 14 -4 14 -4 14 -4 15 -3 15 -3 15 -3 15 -3 0 0 0 0 0 0 0 0 0 0
1784740950.626610,57735,-48,11,1,7,1,-95,1,672130080,128,0 0 0 0 0 0 0 0 0 0 0 0 -8 3 -8 2 -8 2 -8 2 -8 1 -8 1 -8 1 -9 1 -9 1 -9 1 -9 1 -9 1 -9 1 -9 1 -9 1 -9 1 -9 1 -9 1 -9 1 -9 1 -9 1 -9 2 -9 2 -9 2 -10 2 -10 2 0 0 -10 3 -10 3 -11 3 -11 3 -11 4 -11 4 -12 4 -12 4 -12 4 -13 5 -13 5 -13 5 -13 5 -14 5 -13 5 -14 5 -14 5 -14 5 -14 5 -15 6 -15 5 -15 5 -15 5 -15 5 -15 5 -16 5 0 0 0 0 0 0 0 0 0 0
1784740950.626610,57736,-48,11,1,7,1,-95,1,672140113,128,0 0 0 0 0 0 0 0 0 0 0 0 7 -1 7 -1 8 -1 7 0 8 0 8 0 8 0 8 0 8 0 8 0 8 1 8 1 8 1 8 1 8 1 8 1 9 1 9 0 9 1 9 0 10 0 9 0 10 0 10 0 10 0 10 0 0 0 11 0 11 0 11 0 11 0 11 0 12 0 12 0 12 0 12 0 13 0 13 0 13 0 13 0 13 0 13 0 14 0 14 0 14 0 14 -1 14 -1 15 0 15 0 14 0 14 0 14 0 15 0 0 0 0 0 0 0 0 0 0 0
1784740950.640071,57737,-48,11,1,7,1,-95,1,672150187,128,0 0 0 0 0 0 0 0 0 0 0 0 6 5 5 6 5 6 5 6 5 6 5 6 5 6 5 7 5 7 4 7 4 7 5 7 5 7 5 7 5 7 5 7 5 8 6 8 6 8 6 9 6 9 6 8 6 9 6 9 6 9 6 9 0 0 6 9 7 9 6 9 7 10 7 9 7 10 7 9 7 9 7 9 8 10 8 10 8 9 8 10 8 10 9 10 9 10 9 10 9 10 9 11 9 10 9 11 9 11 9 11 9 11 9 11 9 11 0 0 0 0 0 0 0 0 0 0
1784740950.656008,57738,-48,11,1,7,1,-95,1,672160061,128,0 0 0 0 0 0 0 0 0 0 0 0 -9 -5 -9 -6 -9 -6 -9 -6 -8 -6 -9 -7 -8 -7 -8 -7 -8 -7 -8 -7 -8 -7 -8 -8 -8 -8 -9 -8 -9 -8 -8 -8 -9 -8 -9 -8 -9 -9 -9 -9 -9 -9 -9 -9 -9 -9 -9 -9 -9 -9 -9 -9 0 0 -9 -9 -9 -9 -9 -9 -9 -9 -9 -8 -9 -8 -9 -8 -10 -8 -10 -8 -10 -8 -11 -8 -11 -8 -11 -8 -11 -8 -11 -8 -12 -8 -11 -8 -12 -8 -12 -8 -12 -8 -13 -8 -13 -8 -12 -8 -12 -9 -13 -9 -13 -9 0 0 0 0 0 0 0 0 0 0
1784740950.660038,57739,-47,11,1,7,1,-95,1,672170145,128,0 0 0 0 0 0 0 0 0 0 0 0 8 0 8 0 9 1 8 1 9 2 8 2 9 2 9 2 9 2 9 2 9 3 9 3 9 3 9 3 9 3 10 3 9 3 10 3 9 4 10 3 10 3 10 4 10 4 9 4 9 4 10 4 0 0 10 4 10 3 10 3 11 3 10 3 10 3 10 2 11 2 11 2 12 2 11 2 11 2 12 2 12 2 13 1 12 1 13 2 13 1 13 1 14 1 14 1 14 1 14 2 14 2 14 2 14 2 0 0 0 0 0 0 0 0 0 0
1784740950.675276,57740,-47,11,1,7,1,-95,1,672180184,128,0 0 0 0 0 0 0 0 0 0 0 0 7 -3 7 -3 8 -2 7 -2 8 -2 8 -2 8 -2 8 -2 8 -2 8 -1 8 -1 9 -1 9 -1 9 -1 9 -1 9 -1 9 -1 10 -1 9 -1 10 -1 10 -1 10 -1 10 -1 10 -1 10 -1 10 -1 0 0 11 -2 11 -2 11 -2 11 -2 11 -2 11 -2 11 -2 12 -3 12 -3 13 -3 12 -3 12 -3 12 -3 13 -3 13 -4 13 -3 14 -4 14 -3 14 -4 15 -4 14 -4 15 -4 15 -3 15 -3 15 -3 15 -3 0 0 0 0 0 0 0 0 0 0
1784740950.675276,57741,-46,11,1,7,1,-95,1,672190062,128,0 0 0 0 0 0 0 0 0 0 0 0 5 4 5 5 4 5 4 5 4 5 5 6 4 6 4 6 4 6 4 6 5 6 5 6 5 7 5 7 5 7 4 7 5 8 5 7 5 8 5 8 5 8 5 8 6 8 6 8 6 8 6 9 0 0 6 9 6 8 7 9 6 9 7 9 7 9 7 9 8 9 7 10 8 9 8 9 9 9 9 9 9 10 8 10 9 10 9 9 9 10 9 10 9 10 10 11 9 11 10 10 10 11 10 11 10 11 0 0 0 0 0 0 0 0 0 0
1784740950.688278,57742,-45,11,1,7,1,-95,1,672201372,128,0 0 0 0 0 0 0 0 0 0 0 0 2 -7 3 -7 3 -7 3 -7 4 -7 4 -7 4 -7 4 -7 4 -7 4 -7 5 -7 5 -8 5 -8 5 -8 5 -8 6 -8 6 -8 6 -8 6 -8 6 -8 6 -9 7 -9 7 -9 7 -9 7 -9 7 -9 0 0 7 -9 7 -9 8 -9 7 -9 7 -9 7 -10 7 -10 7 -10 8 -10 8 -11 7 -11 8 -11 7 -11 8 -12 8 -11 8 -12 8 -11 8 -12 8 -12 8 -12 8 -13 9 -12 8 -12 9 -12 9 -12 9 -13 0 0 0 0 0 0 0 0 0 0
1784740950.704308,57743,-45,11,1,6,1,-95,1,672212699,128,0 0 0 0 0 0 0 0 0 0 0 0 0 7 0 7 -1 7 -1 7 -1 7 -1 7 -1 7 -1 8 -1 8 -1 8 -1 8 -2 8 -2 9 -2 9 -2 9 -2 9 -2 10 -2 9 -3 10 -3 10 -3 10 -3 10 -3 10 -3 10 -3 10 -3 10 0 0 -3 11 -3 11 -3 11 -3 11 -2 11 -3 11 -2 11 -2 11 -2 12 -2 12 -2 12 -1 12 -2 12 -2 13 -2 13 -1 13 -2 13 -1 14 -1 14 -1 14 -1 14 -2 15 -1 14 -2 14 -2 15 -2 15 0 0 0 0 0 0 0 0 0 0
1784740950.704308,57744,-46,11,1,7,1,-95,1,672220123,128,0 0 0 0 0 0 0 0 0 0 0 0 4 -6 5 -6 5 -6 5 -5 5 -6 6 -6 6 -5 6 -6 6 -6 6 -6 6 -6 6 -6 6 -6 7 -6 7 -6 8 -6 7 -6 8 -6 8 -6 8 -6 8 -6 8 -6 8 -7 8 -7 8 -6 9 -7 0 0 9 -7 9 -7 9 -7 9 -7 8 -7 9 -8 9 -8 9 -8 9 -8 9 -9 9 -9 9 -9 9 -10 9 -10 9 -10 10 -10 10 -10 10 -10 10 -11 10 -11 10 -11 11 -11 10 -11 11 -11 11 -11 12 -11 0 0 0 0 0 0 0 0 0 0
1784740950.720898,57745,-46,11,1,7,1,-95,1,672230653,128,0 0 0 0 0 0 0 0 0 0 0 0 6 1 6 1 6 2 6 2 6 2 6 2 6 2 6 2 6 2 7 2 7 2 7 2 7 3 7 3 7 3 8 3 8 3 9 3 8 3 9 3 9 3 9 3 9 4 9 4 9 4 9 3 0 0 10 4 10 4 10 4 11 4 10 3 11 4 11 4 11 4 11 4 13 4 12 4 12 3 12 4 12 4 14 3 13 4 14 5 14 4 14 5 14 4 14 5 15 5 15 6 15 6 15 6 15 6 0 0 0 0 0 0 0 0 0 0
1784740950.740495,57746,-46,11,1,7,1,-95,1,672240132,128,0 0 0 0 0 0 0 0 0 0 0 0 -6 -3 -6 -3 -5 -3 -6 -3 -5 -4 -6 -4 -5 -4 -6 -3 -6 -4 -6 -4 -6 -4 -7 -4 -7 -4 -7 -4 -8 -4 -7 -4 -8 -5 -8 -4 -8 -5 -8 -5 -9 -5 -9 -5 -9 -5 -9 -5 -9 -6 -9 -6 0 0 -10 -6 -9 -6 -10 -6 -10 -6 -11 -6 -10 -6 -10 -6 -11 -6 -11 -6 -12 -6 -12 -6 -12 -6 -12 -7 -13 -7 -12 -7 -13 -7 -12 -7 -13 -7 -13 -7 -13 -8 -14 -8 -14 -8 -13 -8 -14 -8 -14 -9 -14 -9 0 0 0 0 0 0 0 0 0 0
1784740950.740495,57747,-45,11,1,7,1,-95,1,672250741,128,0 0 0 0 0 0 0 0 0 0 0 0 -4 3 -4 3 -5 3 -5 3 -5 3 -5 3 -5 3 -6 3 -6 3 -6 3 -6 3 -7 4 -7 4 -7 4 -7 4 -8 4 -7 4 -8 4 -8 4 -8 4 -8 5 -9 4 -9 5 -9 4 -9 4 -9 5 0 0 -9 5 -10 5 -9 5 -10 6 -10 5 -10 6 -10 6 -10 6 -10 6 -11 7 -11 7 -11 7 -10 7 -10 7 -11 8 -10 8 -12 8 -11 8 -11 8 -12 9 -12 9 -12 9 -12 9 -13 9 -13 9 -12 9 0 0 0 0 0 0 0 0 0 0
1784740950.756128,57748,-44,11,1,7,1,-95,1,672260162,128,0 0 0 0 0 0 0 0 0 0 0 0 -4 -4 -4 -5 -4 -5 -4 -5 -4 -5 -4 -5 -4 -6 -4 -6 -4 -6 -4 -7 -4 -7 -4 -7 -4 -7 -4 -8 -4 -8 -5 -8 -5 -8 -5 -9 -4 -9 -5 -9 -5 -9 -5 -9 -4 -10 -4 -10 -4 -10 -4 -10 0 0 -5 -10 -5 -10 -5 -10 -5 -11 -5 -11 -5 -11 -5 -11 -6 -11 -6 -11 -6 -12 -6 -12 -6 -12 -6 -12 -6 -11 -7 -12 -7 -12 -7 -13 -7 -13 -7 -12 -8 -13 -7 -13 -7 -13 -7 -14 -7 -14 -7 -14 -7 -14 0 0 0 0 0 0 0 0 0 0
1784740950.768148,57749,-45,11,1,7,1,-95,1,672270072,128,0 0 0 0 0 0 0 0 0 0 0 0 5 3 5 3 4 3 4 4 4 4 5 4 5 4 5 4 5 5 5 5 5 5 5 5 5 6 5 6 6 6 5 7 6 7 5 7 5 8 5 7 6 8 6 8 6 8 6 8 6 8 6 9 0 0 6 9 6 9 6 9 6 9 6 9 7 9 7 9 7 9 7 10 8 9 8 9 8 10 8 10 9 10 8 10 8 11 8 10 9 10 9 11 9 11 9 11 9 11 9 11 9 11 9 11 9 12 0 0 0 0 0 0 0 0 0 0
1784740950.768148,57750,-46,11,1,7,1,-95,1,672280114,128,0 0 0 0 0 0 0 0 0 0 0 0 6 -2 6 -1 7 -1 7 -1 7 0 7 0 7 0 7 0 8 0 8 1 8 1 8 1 8 1 8 1 9 1 9 2 9 2 9 2 9 2 9 2 9 2 9 2 9 2 9 2 9 2 9 2 0 0 10 2 10 2 10 2 11 2 10 1 10 1 11 1 11 1 11 1 12 1 12 1 12 1 12 1 12 1 13 0 13 1 13 1 13 1 13 1 14 1 14 1 14 1 14 1 14 1 14 1 14 1 0 0 0 0 0 0 0 0 0 0
1784740950.784348,57751,-46,11,1,7,1,-95,1,672290177,128,0 0 0 0 0 0 0 0 0 0 0 0 4 5 3 5 3 6 3 6 3 6 3 6 3 7 3 7 3 7 3 7 2 7 2 8 2 8 2 8 2 8 2 8 2 8 2 9 2 8 2 8 2 9 2 9 2 9 2 9 2 9 2 9 0 0 3 9 3 9 3 9 4 9 4 9 4 9 4 9 5 10 5 10 5 10 5 10 6 10 6 10 5 10 6 11 6 11 6 11 7 11 7 11 7 12 7 11 7 12 7 12 7 12 7 12 7 12 0 0 0 0 0 0 0 0 0 0
1784740950.784348,57752,-46,11,1,7,1,-95,1,672300169,128,0 0 0 0 0 0 0 0 0 0 0 0 6 -3 6 -2 6 -2 6 -2 6 -2 7 -1 6 -1 7 -1 7 -1 7 -1 7 -1 7 -1 8 -1 8 -1 8 -1 8 0 8 0 8 0 9 0 8 0 9 0 9 0 9 -1 9 0 9 -1 9 0 0 0 9 -1 10 -1 10 -1 10 -1 10 -1 10 -2 10 -2 11 -2 11 -2 11 -2 11 -2 11 -3 12 -3 12 -3 12 -3 13 -3 12 -3 13 -3 13 -3 13 -3 13 -3 14 -3 13 -3 14 -3 14 -3 14 -3 0 0 0 0 0 0 0 0 0 0
1784740950.800447,57753,-46,11,1,7,1,-95,1,672310096,128,0 0 0 0 0 0 0 0 0 0 0 0 2 5 2 5 2 5 1 5 1 5 1 5 1 6 1 6 1 6 1 7 1 6 1 7 1 7 1 7 1 7 1 8 1 8 1 8 1 8 1 8 1 8 1 8 1 9 1 9 1 9 1 9 0 0 1 9 1 10 1 9 1 10 2 10 2 10 2 10 2 10 2 11 2 11 2 11 3 11 2 11 3 11 3 12 3 12 3 12 3 12 3 12 3 12 3 12 3 13 3 13 3 13 3 13 3 13 0 0 0 0 0 0 0 0 0 0
1784740950.816376,57754,-47,11,1,7,1,-95,1,672320099,128,0 0 0 0 0 0 0 0 0 0 0 0 2 4 2 4 2 5 2 5 1 5 2 5 2 5 1 5 1 6 1 6 1 6 1 6 1 6 1 7 1 7 1 7 1 7 1 7 1 7 1 8 1 8 1 8 1 8 1 8 1 9 1 9 0 0 1 9 1 9 2 9 2 10 2 10 2 10 2 10 2 10 2 10 2 11 2 11 3 11 2 11 3 11 3 12 3 12 3 12 3 12 3 12 4 12 4 12 4 13 3 13 3 13 3 13 3 13 0 0 0 0 0 0 0 0 0 0
1784740950.821124,57755,-48,11,1,7,1,-95,1,672330169,128,0 0 0 0 0 0 0 0 0 0 0 0 -2 -5 -2 -5 -2 -6 -2 -6 -2 -6 -2 -6 -2 -6 -1 -6 -1 -6 -2 -6 -2 -7 -2 -7 -1 -7 -2 -7 -1 -7 -1 -7 -1 -8 -1 -8 -1 -8 -1 -8 -1 -8 -1 -9 -2 -8 -2 -8 -2 -9 -2 -9 0 0 -2 -10 -2 -10 -2 -10 -2 -10 -3 -10 -3 -11 -3 -11 -3 -11 -3 -12 -3 -11 -3 -12 -4 -12 -4 -12 -4 -13 -3 -13 -3 -14 -3 -13 -4 -14 -3 -14 -3 -14 -3 -14 -3 -15 -4 -14 -3 -15 -4 -15 -3 -15 0 0 0 0 0 0 0 0 0 0
1784740950.832394,57756,-48,11,1,7,1,-95,1,672340480,128,0 0 0 0 0 0 0 0 0 0 0 0 -1 -6 -1 -5 -1 -6 0 -5 0 -6 0 -6 0 -6 0 -6 0 -6 0 -6 0 -6 0 -6 0 -6 0 -6 0 -6 0 -7 0 -6 0 -7 0 -7 -1 -7 -1 -7 -1 -8 -1 -8 -1 -8 -1 -8 -1 -9 0 0 -2 -9 -2 -9 -2 -9 -3 -11 -2 -10 -3 -11 -3 -11 -3 -11 -3 -12 -3 -13 -3 -12 -3 -13 -3 -13 -3 -13 -4 -14 -3 -14 -3 -14 -3 -14 -3 -15 -4 -15 -3 -15 -3 -15 -3 -16 -3 -16 -3 -15 -2 -15 0 0 0 0 0 0 0 0 0 0
1784740950.848275,57757,-48,11,1,7,1,-95,1,672350109,128,0 0 0 0 0 0 0 0 0 0 0 0 1 4 1 4 1 4 1 4 1 4 1 4 1 4 1 4 1 5 1 5 1 5 1 5 1 5 1 5 1 5 1 5 2 6 2 5 2 6 2 6 2 6 2 6 3 6 2 7 3 7 3 7 0 0 4 8 4 8 4 8 4 8 4 9 5 9 5 9 5 9 5 10 5 10 5 10 5 11 5 11 6 11 6 11 6 12 6 12 6 12 6 12 7 12 6 12 7 13 6 13 6 13 6 13 6 13 0 0 0 0 0 0 0 0 0 0
1784740950.848275,57758,-47,11,1,7,1,-95,1,672360114,128,0 0 0 0 0 0 0 0 0 0 0 0 3 -2 4 -2 4 -2 4 -2 4 -2 4 -2 4 -2 4 -2 5 -2 5 -2 5 -2 5 -2 5 -2 6 -2 6 -3 6 -3 7 -3 7 -3 7 -3 7 -3 8 -3 8 -3 8 -3 8 -3 8 -3 9 -4 0 0 9 -4 10 -3 10 -3 10 -4 10 -4 11 -4 11 -4 11 -4 11 -4 11 -4 12 -4 12 -4 12 -4 13 -5 12 -4 13 -4 12 -4 13 -4 13 -4 13 -4 14 -5 14 -4 13 -4 14 -4 14 -4 14 -4 0 0 0 0 0 0 0 0 0 0
1784740950.864084,57759,-46,11,1,7,1,-95,1,672370064,128,0 0 0 0 0 0 0 0 0 0 0 0 0 4 0 4 -1 4 -1 4 -1 4 -1 4 -1 5 -1 5 -1 5 -1 6 -2 6 -2 6 -2 6 -2 7 -2 7 -2 7 -2 7 -2 8 -3 8 -3 8 -3 9 -3 9 -3 9 -3 9 -4 9 -4 9 0 0 -4 10 -3 11 -4 10 -4 11 -4 11 -4 11 -4 11 -4 11 -4 12 -4 12 -4 12 -4 12 -4 12 -4 13 -4 13 -4 13 -4 13 -4 14 -4 13 -4 14 -4 14 -4 14 -5 14 -5 14 -5 14 -5 14 0 0 0 0 0 0 0 0 0 0
1784740950.870587,57760,-47,11,1,7,1,-95,1,672380112,128,0 0 0 0 0 0 0 0 0 0 0 0 -3 -4 -3 -4 -3 -5 -3 -5 -3 -5 -3 -5 -3 -5 -3 -5 -3 -6 -3 -6 -3 -6 -3 -7 -3 -7 -3 -7 -3 -8 -3 -8 -3 -8 -3 -9 -3 -9 -3 -9 -4 -9 -3 -10 -4 -10 -3 -10 -3 -10 -3 -11 0 0 -3 -11 -3 -11 -3 -11 -3 -11 -4 -11 -4 -11 -4 -11 -4 -12 -4 -12 -5 -12 -4 -12 -5 -12 -5 -13 -5 -13 -5 -13 -5 -14 -5 -13 -5 -14 -5 -14 -6 -14 -6 -14 -6 -14 -6 -14 -5 -14 -5 -15 -6 -15 0 0 0 0 0 0 0 0 0 0
1784740950.879949,57761,-47,11,1,7,1,-95,1,672390094,128,0 0 0 0 0 0 0 0 0 0 0 0 -3 4 -3 4 -4 4 -4 4 -4 4 -4 4 -4 4 -4 4 -4 4 -4 4 -5 5 -5 5 -5 5 -5 5 -6 5 -6 5 -6 5 -6 5 -6 6 -7 6 -7 6 -7 6 -7 6 -7 6 -7 6 -7 6 0 0 -7 7 -8 7 -8 7 -8 7 -8 7 -8 7 -8 8 -8 8 -8 8 -8 9 -8 9 -8 9 -9 9 -9 9 -9 9 -9 10 -9 9 -10 10 -10 10 -10 10 -10 10 -10 10 -10 10 -10 10 -10 10 -11 10 0 0 0 0 0 0 0 0 0 0
1784740950.898893,57762,-47,11,1,7,1,-95,1,672402131,128,0 0 0 0 0 0 0 0 0 0 0 0 4 2 4 2 4 2 4 3 4 3 4 3 4 3 5 3 4 3 5 3 5 3 5 4 5 4 5 4 5 4 5 4 5 5 5 5 6 5 6 5 6 5 6 5 6 5 6 5 6 5 7 6 0 0 7 6 7 6 7 6 7 6 7 6 8 6 8 6 8 6 8 7 9 6 9 7 9 7 9 7 9 7 9 7 10 8 9 7 10 8 10 8 10 8 11 8 10 8 10 8 10 9 11 8 11 9 0 0 0 0 0 0 0 0 0 0
1784740950.898893,57763,-46,11,1,7,1,-95,1,672410078,128,0 0 0 0 0 0 0 0 0 0 0 0 1 4 0 5 0 5 0 5 0 5 0 5 0 5 0 6 0 6 0 6 0 6 0 7 0 6 0 7 0 7 -1 7 -1 8 0 8 -1 8 -1 8 -1 8 -1 8 -1 9 -1 9 -1 9 -1 9 0 0 -1 10 -1 10 -1 10 -1 10 -1 10 -1 10 -1 10 -1 10 -1 11 0 11 0 11 0 11 0 11 0 12 0 12 0 13 0 12 0 12 0 12 0 13 0 13 0 13 0 13 0 13 0 14 0 14 0 0 0 0 0 0 0 0 0 0
1784740950.911788,57764,-46,11,1,7,1,-95,1,672420176,128,0 0 0 0 0 0 0 0 0 0 0 0 -6 -1 -6 -1 -6 -1 -6 -1 -6 -1 -6 -1 -7 -1 -7 -2 -7 -2 -7 -1 -7 -2 -7 -2 -8 -2 -8 -2 -8 -2 -9 -3 -9 -3 -9 -3 -9 -3 -9 -3 -10 -4 -10 -4 -10 -4 -10 -4 -10 -4 -10 -4 0 0 -11 -4 -10 -4 -10 -4 -11 -4 -11 -4 -11 -4 -11 -4 -11 -4 -11 -4 -12 -4 -12 -4 -12 -4 -12 -4 -12 -4 -13 -4 -13 -4 -13 -4 -13 -4 -13 -4 -14 -4 -14 -4 -14 -4 -14 -4 -14 -4 -14 -4 -15 -4 0 0 0 0 0 0 0 0 0 0
1784740950.927608,57765,-45,11,1,7,1,-95,1,672430061,128,0 0 0 0 0 0 0 0 0 0 0 0 2 4 2 4 2 5 2 5 2 5 2 5 2 5 2 6 2 6 2 6 2 7 2 7 2 7 2 7 2 7 2 8 2 8 2 9 2 9 2 9 1 9 1 9 2 10 1 10 1 10 1 10 0 0 1 10 1 11 1 10 1 11 1 11 1 11 2 11 2 11 2 11 2 12 2 12 2 11 2 11 2 11 3 12 3 12 3 13 3 12 3 13 3 13 3 13 4 13 3 13 3 14 3 13 3 13 0 0 0 0 0 0 0 0 0 0
1784740950.927608,57766,-44,11,1,7,1,-95,1,672440165,128,0 0 0 0 0 0 0 0 0 0 0 0 5 0 5 0 5 0 6 1 6 1 6 1 6 1 6 1 7 2 6 1 7 2 7 2 7 2 8 3 8 3 8 3 8 4 8 3 8 4 8 4 9 4 8 4 9 4 9 4 9 5 9 5 0 0 9 5 9 5 9 5 9 5 10 5 9 5 10 5 10 5 10 5 10 4 11 5 11 4 11 5 12 5 11 4 11 5 11 4 12 4 12 4 12 4 13 4 12 5 12 4 12 4 13 4 13 4 0 0 0 0 0 0 0 0 0 0
1784740950.946989,57767,-44,11,1,7,1,-95,1,672450190,128,0 0 0 0 0 0 0 0 0 0 0 0 -2 5 -2 6 -2 6 -2 6 -3 6 -3 6 -3 6 -3 7 -3 7 -4 7 -4 7 -5 7 -5 7 -5 7 -5 7 -5 8 -6 8 -6 8 -6 8 -6 8 -6 8 -7 8 -7 8 -7 8 -7 7 -7 8 0 0 -7 8 -7 9 -7 8 -7 9 -7 8 -7 9 -7 9 -6 9 -6 9 -7 10 -7 10 -6 10 -7 10 -6 10 -6 11 -6 11 -7 11 -6 11 -6 11 -6 12 -6 12 -5 12 -6 12 -7 12 -6 12 -6 12 0 0 0 0 0 0 0 0 0 0
1784740950.946989,57768,-43,11,1,7,1,-95,1,672460102,128,0 0 0 0 0 0 0 0 0 0 0 0 -3 -6 -3 -7 -2 -7 -2 -8 -2 -8 -2 -8 -2 -8 -2 -8 -1 -9 -1 -9 -1 -9 -1 -9 0 -10 0 -10 0 -10 0 -10 0 -11 0 -10 0 -11 1 -11 1 -11 1 -11 1 -11 1 -11 1 -11 1 -11 0 0 1 -11 1 -11 1 -11 1 -12 1 -12 1 -11 0 -12 0 -12 0 -12 0 -12 0 -12 0 -12 0 -12 0 -12 -1 -13 -1 -13 -1 -13 -1 -13 -1 -13 -1 -14 -2 -14 -2 -14 -1 -14 -2 -14 -2 -14 -2 -15 0 0 0 0 0 0 0 0 0 0
1784740950.959789,57769,-43,11,1,7,1,-95,1,672470141,128,0 0 0 0 0 0 0 0 0 0 0 0 2 -7 3 -7 3 -7 3 -7 4 -7 4 -7 4 -7 4 -8 5 -7 5 -7 5 -8 5 -8 6 -8 6 -8 6 -8 7 -8 7 -8 7 -8 7 -8 7 -8 8 -8 8 -8 8 -8 8 -8 8 -8 8 -8 0 0 8 -8 9 -8 8 -8 8 -8 8 -8 8 -9 8 -9 8 -9 8 -9 8 -10 8 -9 8 -10 8 -10 8 -10 8 -10 8 -10 8 -10 8 -11 8 -11 8 -11 8 -11 8 -11 8 -12 8 -12 8 -12 8 -12 0 0 0 0 0 0 0 0 0 0
1784740950.975821,57770,-42,11,1,7,1,-95,1,672481072,128,0 0 0 0 0 0 0 0 0 0 0 0 -7 3 -7 3 -7 2 -8 2 -8 2 -8 2 -8 2 -9 2 -9 2 -9 1 -9 1 -10 1 -10 1 -10 1 -10 1 -11 1 -11 1 -11 1 -11 0 -11 0 -12 0 -12 0 -12 0 -12 0 -12 0 -12 0 0 0 -12 0 -12 0 -12 0 -12 0 -12 0 -12 1 -12 1 -13 1 -13 1 -13 1 -13 1 -13 1 -13 1 -13 2 -13 2 -14 2 -14 2 -14 3 -14 3 -14 3 -14 3 -14 3 -14 3 -14 3 -14 3 -15 3 0 0 0 0 0 0 0 0 0 0
1784740950.975821,57771,-41,11,1,7,1,-95,1,672490066,128,0 0 0 0 0 0 0 0 0 0 0 0 -7 0 -8 -1 -8 -1 -8 -2 -8 -2 -8 -2 -9 -2 -9 -2 -9 -2 -9 -2 -9 -3 -10 -3 -10 -3 -10 -3 -10 -4 -10 -4 -10 -4 -10 -4 -11 -4 -11 -5 -11 -5 -11 -5 -11 -5 -11 -5 -11 -5 -11 -5 0 0 -11 -6 -11 -5 -11 -5 -12 -5 -12 -5 -12 -5 -11 -5 -12 -5 -12 -5 -13 -5 -13 -5 -12 -4 -12 -4 -13 -4 -13 -4 -13 -4 -13 -4 -14 -4 -14 -4 -14 -4 -14 -4 -14 -3 -14 -4 -15 -4 -14 -4 -15 -3 0 0 0 0 0 0 0 0 0 0
1784740950.996782,57772,-41,11,1,7,1,-95,1,672500037,128,0 0 0 0 0 0 0 0 0 0 0 0 3 5 3 6 3 6 2 6 2 6 2 7 2 7 2 7 2 8 2 7 2 8 2 8 2 9 2 9 2 9 1 9 1 10 1 10 1 10 1 10 1 10 0 11 1 11 0 10 1 11 1 11 0 0 1 11 0 11 0 12 0 11 1 11 0 11 0 11 1 11 0 12 1 12 1 12 1 12 2 12 2 13 2 12 1 13 2 12 2 12 2 13 2 13 3 13 2 13 3 13 3 13 3 13 3 14 0 0 0 0 0 0 0 0 0 0
1784740950.996782,57773,-42,11,1,7,1,-95,1,672510058,128,0 0 0 0 0 0 0 0 0 0 0 0 0 -7 0 -7 1 -8 1 -7 1 -8 1 -8 1 -8 2 -8 1 -9 2 -9 3 -9 3 -9 3 -9 3 -9 3 -9 4 -10 4 -10 4 -10 4 -10 4 -10 4 -10 4 -10 5 -10 5 -10 5 -10 5 -10 0 0 5 -10 5 -11 5 -10 5 -11 5 -10 5 -11 5 -11 5 -11 5 -11 5 -12 5 -11 5 -11 5 -11 4 -11 4 -13 4 -12 4 -13 4 -13 4 -13 3 -13 4 -13 3 -13 4 -14 4 -13 4 -13 4 -14 0 0 0 0 0 0 0 0 0 0
1784740951.015165,57774,-42,11,1,7,1,-95,1,672520095,128,0 0 0 0 0 0 0 0 0 0 0 0 6 1 6 1 6 2 6 2 6 2 6 2 6 3 7 3 7 3 7 3 7 4 7 4 7 4 7 5 8 5 7 5 8 5 8 5 8 6 8 6 8 6 8 6 8 6 8 6 8 7 8 7 0 0 8 7 8 7 8 7 8 7 8 6 8 7 8 7 9 7 9 7 9 7 9 7 10 6 9 7 10 7 10 6 10 6 10 6 10 6 10 7 11 6 11 6 11 6 11 6 11 6 11 6 12 6 0 0 0 0 0 0 0 0 0 0
1784740951.025435,57775,-42,11,1,7,1,-95,1,672530098,128,0 0 0 0 0 0 0 0 0 0 0 0 4 5 4 6 3 6 3 7 3 7 3 7 3 7 3 7 3 8 3 7 3 8 3 8 3 8 3 9 3 9 2 9 3 10 3 10 2 10 2 10 2 10 2 10 2 10 2 10 2 11 2 11 0 0 2 11 2 11 2 11 2 11 2 11 3 11 3 11 3 11 3 11 3 11 3 12 4 12 4 12 4 12 4 12 4 12 4 12 4 12 4 12 4 13 5 12 5 13 5 12 4 13 5 13 5 13 0 0 0 0 0 0 0 0 0 0
1784740951.025435,57776,-42,11,1,7,1,-95,1,672540084,128,0 0 0 0 0 0 0 0 0 0 0 0 -8 -4 -8 -4 -7 -5 -7 -5 -8 -6 -7 -5 -8 -6 -7 -6 -7 -6 -8 -6 -7 -7 -8 -7 -8 -7 -8 -7 -8 -7 -8 -8 -8 -8 -9 -8 -8 -8 -8 -9 -8 -9 -8 -9 -9 -9 -8 -9 -8 -9 -8 -9 0 0 -8 -9 -9 -9 -9 -9 -10 -9 -9 -9 -9 -9 -9 -9 -10 -9 -9 -9 -11 -9 -10 -9 -10 -9 -10 -9 -10 -9 -11 -9 -11 -8 -12 -9 -11 -9 -12 -9 -12 -9 -12 -9 -12 -9 -12 -9 -12 -9 -12 -9 -12 -9 0 0 0 0 0 0 0 0 0 0
1784740951.041456,57777,-42,11,1,7,1,-95,1,672550048,128,0 0 0 0 0 0 0 0 0 0 0 0 2 -8 3 -8 3 -8 4 -8 4 -8 4 -8 4 -8 4 -8 5 -8 5 -8 5 -8 5 -8 5 -8 6 -8 6 -9 6 -8 7 -9 6 -9 7 -9 7 -9 7 -9 7 -9 7 -9 7 -9 7 -9 8 -9 0 0 8 -9 8 -9 8 -9 7 -9 7 -10 7 -10 7 -10 7 -10 7 -10 7 -10 7 -11 7 -11 7 -11 7 -11 7 -11 8 -12 7 -11 7 -12 7 -12 7 -12 7 -12 7 -12 7 -12 7 -12 7 -12 7 -13 0 0 0 0 0 0 0 0 0 0
1784740951.055438,57778,-42,11,1,7,1,-95,1,672560131,128,0 0 0 0 0 0 0 0 0 0 0 0 -7 5 -7 5 -8 4 -8 4 -8 4 -8 4 -8 3 -9 4 -9 3 -9 4 -9 4 -9 4 -10 3 -10 4 -10 3 -11 3 -11 3 -11 3 -11 3 -11 3 -12 3 -12 2 -11 3 -11 3 -12 3 -12 3 0 0 -12 3 -12 3 -12 3 -12 3 -12 3 -12 3 -12 3 -12 3 -13 3 -12 4 -12 4 -12 4 -13 4 -13 4 -13 4 -13 4 -13 4 -13 5 -13 5 -13 5 -13 5 -13 5 -13 5 -13 5 -13 5 -14 5 0 0 0 0 0 0 0 0 0 0
1784740951.055438,57779,-42,11,1,7,1,-95,1,672570150,128,0 0 0 0 0 0 0 0 0 0 0 0 7 4 6 5 6 5 6 5 6 6 6 6 6 6 6 7 6 6 6 7 5 8 5 8 5 8 5 8 6 8 6 9 6 8 6 9 5 9 6 9 5 9 6 9 5 10 5 10 5 10 5 10 0 0 5 10 6 10 6 10 6 10 6 10 6 10 6 10 6 10 6 10 7 10 7 10 7 10 6 9 7 10 8 9 8 9 8 10 8 10 8 10 8 10 8 10 9 10 8 10 8 10 8 10 8 10 0 0 0 0 0 0 0 0 0 0
1784740951.071526,57780,-42,11,1,7,1,-95,1,672583541,128,0 0 0 0 0 0 0 0 0 0 0 0 2 -9 3 -9 3 -8 4 -8 4 -8 5 -8 5 -8 5 -8 5 -8 5 -8 5 -9 5 -9 6 -8 6 -8 7 -9 7 -8 7 -9 7 -8 8 -8 8 -8 8 -9 8 -8 8 -9 8 -9 8 -9 8 -9 0 0 9 -9 8 -8 9 -8 8 -8 8 -8 8 -9 8 -9 8 -9 9 -9 8 -10 8 -10 7 -10 8 -10 8 -10 8 -10 8 -10 8 -10 8 -11 8 -11 8 -11 8 -11 8 -11 7 -11 8 -11 8 -11 8 -12 0 0 0 0 0 0 0 0 0 0
1784740951.087351,57781,-42,11,1,7,1,-95,1,672590386,128,0 0 0 0 0 0 0 0 0 0 0 0 -7 -5 -7 -6 -7 -6 -6 -6 -6 -7 -6 -7 -7 -7 -7 -7 -7 -7 -6 -8 -6 -8 -6 -9 -6 -9 -6 -9 -6 -9 -6 -9 -6 -9 -7 -10 -6 -10 -7 -10 -7 -10 -7 -10 -7 -10 -6 -11 -6 -11 -6 -10 0 0 -6 -10 -6 -11 -6 -10 -7 -11 -7 -10 -7 -10 -8 -10 -8 -10 -7 -10 -8 -11 -7 -10 -7 -10 -7 -10 -8 -10 -9 -10 -9 -10 -9 -10 -9 -10 -10 -10 -10 -10 -10 -10 -10 -10 -10 -10 -9 -11 -9 -11 -10 -10 0 0 0 0 0 0 0 0 0 0
1784740951.087351,57782,-42,11,1,7,1,-95,1,672600101,128,0 0 0 0 0 0 0 0 0 0 0 0 7 -1 7 0 8 0 8 0 8 1 8 1 8 1 8 1 8 1 8 2 9 2 9 2 9 3 9 3 9 2 9 3 9 3 10 3 9 3 10 3 10 4 10 3 10 4 10 4 9 4 10 4 0 0 10 4 10 4 10 4 10 4 10 4 10 4 10 3 11 3 10 3 11 3 11 3 11 3 11 3 11 3 12 3 12 2 12 3 12 2 12 2 12 2 12 2 13 2 12 2 13 3 13 2 13 2 0 0 0 0 0 0 0 0 0 0
1784740951.103492,57783,-42,11,1,7,1,-95,1,672611416,128,0 0 0 0 0 0 0 0 0 0 0 0 -8 1 -9 0 -8 0 -9 -1 -9 -1 -9 -1 -9 -1 -9 -2 -9 -2 -9 -2 -10 -2 -10 -2 -10 -2 -10 -2 -11 -3 -10 -3 -11 -3 -10 -3 -11 -4 -11 -4 -11 -4 -11 -4 -11 -3 -11 -4 -11 -4 -12 -4 0 0 -11 -4 -11 -4 -12 -4 -11 -4 -11 -4 -11 -4 -11 -4 -12 -3 -12 -4 -12 -3 -12 -3 -13 -3 -13 -2 -13 -3 -12 -2 -13 -3 -12 -2 -13 -2 -14 -3 -14 -2 -14 -2 -14 -3 -13 -2 -14 -2 -14 -2 -14 -2 0 0 0 0 0 0 0 0 0 0
1784740951.103492,57784,-42,11,1,7,1,-95,1,672620341,128,0 0 0 0 0 0 0 0 0 0 0 0 0 8 0 8 -1 8 -1 8 -1 8 -1 8 -2 8 -2 8 -2 9 -3 9 -3 9 -3 9 -3 9 -3 9 -3 9 -3 10 -3 10 -4 10 -4 10 -4 10 -4 10 -4 10 -4 11 -5 10 -5 10 -4 10 0 0 -4 10 -4 11 -4 10 -4 11 -4 10 -4 11 -3 11 -3 11 -3 11 -3 12 -3 11 -3 12 -3 11 -3 12 -2 13 -2 12 -2 13 -2 12 -2 12 -2 13 -1 13 -1 13 -2 13 -2 13 -2 13 -1 13 0 0 0 0 0 0 0 0 0 0
1784740951.122089,57785,-42,11,1,7,1,-95,1,672630159,128,0 0 0 0 0 0 0 0 0 0 0 0 -2 8 -3 8 -3 8 -4 8 -4 8 -4 8 -4 8 -4 8 -5 8 -5 8 -6 8 -5 8 -6 8 -6 9 -6 9 -7 9 -7 9 -7 9 -7 9 -7 9 -7 9 -7 9 -7 9 -8 9 -8 9 -8 9 0 0 -8 9 -8 9 -8 9 -7 9 -7 9 -7 9 -7 9 -7 10 -7 10 -7 10 -7 10 -6 10 -6 10 -6 11 -6 11 -6 12 -6 11 -6 12 -6 12 -6 12 -6 12 -6 12 -6 12 -6 12 -6 12 -6 12 0 0 0 0 0 0 0 0 0 0
1784740951.135538,57786,-42,11,1,7,1,-95,1,672642293,128,0 0 0 0 0 0 0 0 0 0 0 0 -1 8 -1 8 -2 8 -3 8 -3 8 -3 8 -3 8 -3 9 -3 9 -4 9 -4 9 -4 9 -5 9 -5 10 -5 10 -5 10 -5 10 -5 10 -6 10 -6 10 -6 10 -6 10 -6 10 -6 10 -6 10 -6 10 0 0 -6 10 -6 10 -6 11 -5 10 -5 10 -5 11 -5 11 -5 11 -5 11 -4 11 -5 11 -4 11 -4 12 -4 12 -4 12 -3 12 -3 12 -3 12 -3 13 -3 13 -3 13 -3 13 -3 13 -3 13 -3 13 -3 14 0 0 0 0 0 0 0 0 0 0
1784740951.135538,57787,-42,11,1,7,1,-95,1,672650167,128,0 0 0 0 0 0 0 0 0 0 0 0 -7 6 -7 5 -7 5 -8 5 -8 5 -8 5 -8 5 -9 5 -9 5 -9 5 -10 4 -10 4 -10 4 -10 3 -10 4 -11 4 -11 4 -11 4 -11 3 -11 4 -11 4 -11 4 -12 3 -12 3 -12 3 -12 3 0 0 -12 3 -12 4 -11 4 -12 4 -11 4 -11 4 -11 4 -11 5 -11 5 -12 5 -12 5 -12 5 -12 5 -11 5 -12 6 -11 6 -12 6 -12 7 -11 7 -12 7 -12 7 -11 7 -12 7 -12 7 -12 7 -12 7 0 0 0 0 0 0 0 0 0 0
1784740951.156220,57788,-42,11,1,7,1,-95,1,672660220,128,0 0 0 0 0 0 0 0 0 0 0 0 -4 7 -5 7 -5 7 -6 7 -6 6 -6 7 -6 6 -7 7 -7 6 -7 6 -7 7 -8 7 -8 7 -8 7 -9 7 -9 6 -9 7 -9 6 -9 7 -9 6 -9 6 -10 6 -9 7 -9 6 -9 6 -10 7 0 0 -10 7 -9 7 -10 7 -9 7 -9 7 -9 7 -9 7 -9 7 -9 7 -9 8 -9 8 -9 8 -9 8 -9 9 -9 9 -9 9 -9 9 -9 10 -9 10 -9 10 -9 10 -9 10 -8 10 -9 10 -9 10 -9 10 0 0 0 0 0 0 0 0 0 0
1784740951.167401,57789,-42,11,1,7,1,-95,1,672670069,128,0 0 0 0 0 0 0 0 0 0 0 0 7 -4 7 -4 8 -3 8 -3 8 -3 8 -3 9 -3 9 -2 9 -2 9 -2 9 -1 9 -1 10 -1 10 -1 10 -1 10 -1 10 -1 11 -1 11 0 11 0 11 0 11 0 11 0 11 0 11 0 11 0 0 0 11 0 11 0 11 0 11 0 11 -1 11 -1 11 -1 11 -1 11 -1 12 -2 11 -2 11 -2 11 -2 11 -2 12 -3 12 -2 12 -2 12 -3 12 -3 13 -3 12 -3 12 -3 13 -3 13 -3 13 -3 13 -3 0 0 0 0 0 0 0 0 0 0
1784740951.179433,57790,-41,11,1,7,1,-95,1,672680082,128,0 0 0 0 0 0 0 0 0 0 0 0 -1 8 -1 8 -2 8 -2 8 -2 8 -3 8 -3 8 -3 8 -3 8 -4 8 -4 9 -5 9 -5 9 -5 9 -5 9 -5 9 -5 9 -5 9 -6 9 -6 10 -5 9 -6 9 -6 9 -6 9 -6 9 -6 9 0 0 -6 9 -6 9 -6 9 -5 10 -5 10 -5 10 -5 10 -5 10 -5 10 -5 11 -5 11 -5 10 -4 10 -4 11 -4 11 -4 12 -4 11 -4 12 -4 12 -4 12 -4 12 -3 12 -4 12 -5 13 -4 13 -4 13 0 0 0 0 0 0 0 0 0 0
1784740951.183184,57791,-41,11,1,7,1,-95,1,672690115,128,0 0 0 0 0 0 0 0 0 0 0 0 4 -8 4 -8 5 -7 5 -7 5 -7 6 -7 5 -7 6 -7 6 -7 6 -7 6 -7 7 -7 7 -7 8 -7 8 -7 8 -6 8 -7 8 -7 8 -7 8 -7 9 -7 9 -6 9 -7 9 -6 9 -6 9 -7 0 0 9 -7 9 -7 9 -6 9 -7 9 -7 8 -7 8 -7 8 -8 8 -8 8 -8 9 -8 8 -8 8 -8 9 -9 8 -9 9 -9 8 -9 9 -10 8 -10 9 -10 8 -10 9 -10 9 -10 9 -10 9 -10 9 -10 0 0 0 0 0 0 0 0 0 0
1784740951.190604,57792,-41,11,1,7,1,-95,1,672700146,128,0 0 0 0 0 0 0 0 0 0 0 0 -3 -8 -2 -9 -2 -9 -1 -9 -1 -9 -1 -9 -1 -10 -1 -10 0 -10 -1 -10 0 -10 0 -10 0 -10 0 -11 0 -11 1 -11 1 -11 1 -11 1 -11 1 -11 1 -11 2 -11 1 -11 1 -11 1 -11 1 -11 0 0 1 -11 1 -12 1 -11 1 -11 1 -11 1 -12 0 -12 0 -12 0 -12 0 -12 -1 -12 -1 -12 -1 -12 -1 -13 -1 -13 -1 -13 -1 -13 -1 -13 -1 -13 -2 -14 -2 -14 -2 -14 -2 -14 -2 -14 -2 -14 -2 -14 0 0 0 0 0 0 0 0 0 0
1784740951.199340,57793,-41,11,1,6,1,-95,1,672713061,128,0 0 0 0 0 0 0 0 0 0 0 0 5 6 5 6 5 6 4 7 4 7 4 7 4 7 4 7 4 8 4 8 3 8 3 8 3 9 3 9 3 9 3 9 3 9 3 9 3 10 3 10 3 10 3 10 3 10 2 10 3 10 3 10 0 0 3 10 3 10 3 10 4 10 4 9 4 10 4 9 5 10 4 10 5 10 5 10 5 10 5 10 6 10 6 10 6 10 6 10 7 10 7 10 7 10 7 10 7 10 8 11 7 11 7 11 8 11 0 0 0 0 0 0 0 0 0 0
1784740951.215264,57794,-41,11,1,6,1,-95,1,672724055,128,0 0 0 0 0 0 0 0 0 0 0 0 -1 -8 0 -8 0 -9 1 -9 1 -9 1 -9 1 -9 1 -9 1 -9 2 -9 2 -9 3 -9 3 -9 3 -9 3 -10 3 -10 3 -10 4 -10 4 -10 4 -10 4 -10 4 -10 4 -10 4 -10 4 -9 4 -10 0 0 4 -10 4 -10 4 -10 4 -10 4 -10 3 -10 3 -10 3 -11 3 -11 3 -11 3 -11 3 -11 3 -11 3 -11 2 -12 2 -12 3 -12 3 -12 2 -12 2 -13 2 -13 2 -13 3 -13 3 -13 3 -13 2 -13 0 0 0 0 0 0 0 0 0 0
1784740951.222201,57795,-41,11,1,6,1,-95,1,672732878,128,0 0 0 0 0 0 0 0 0 0 0 0 2 -9 2 -8 3 -8 3 -8 3 -8 3 -8 4 -8 4 -8 4 -9 4 -8 5 -8 5 -8 5 -8 5 -8 5 -8 6 -9 6 -8 6 -9 6 -9 6 -9 6 -9 6 -9 7 -9 7 -8 7 -8 7 -8 0 0 6 -9 6 -9 6 -9 6 -9 6 -9 6 -9 6 -9 6 -10 5 -10 6 -11 6 -10 5 -10 5 -10 5 -10 5 -11 5 -11 5 -12 5 -12 5 -12 5 -12 5 -12 4 -12 5 -13 5 -13 5 -13 5 -13 0 0 0 0 0 0 0 0 0 0
1784740951.230996,57796,-41,11,1,7,1,-95,1,672742728,128,0 0 0 0 0 0 0 0 0 0 0 0 -3 7 -3 7 -4 7 -4 6 -4 7 -4 7 -5 7 -5 7 -5 7 -6 7 -6 7 -6 7 -6 7 -7 7 -6 7 -7 7 -6 7 -7 7 -7 7 -7 7 -7 7 -7 7 -7 7 -8 7 -7 7 -7 7 0 0 -7 7 -7 8 -7 7 -7 8 -6 7 -7 8 -6 8 -6 8 -6 8 -6 9 -6 9 -6 9 -6 9 -6 9 -6 10 -5 10 -6 10 -5 10 -5 11 -5 11 -5 11 -5 11 -6 11 -6 11 -6 11 -5 11 0 0 0 0 0 0 0 0 0 0
1784740951.247161,57797,-41,11,1,6,1,-95,1,672752682,128,0 0 0 0 0 0 0 0 0 0 0 0 -7 5 -7 4 -8 4 -8 4 -8 3 -8 3 -8 3 -9 3 -9 3 -9 3 -9 3 -9 3 -9 2 -9 2 -10 2 -10 2 -10 2 -10 2 -10 2 -10 2 -11 2 -11 2 -10 2 -10 2 -10 2 -11 1 0 0 -11 1 -11 2 -11 2 -11 2 -10 2 -10 2 -10 2 -11 3 -11 3 -11 3 -11 3 -11 4 -11 4 -11 4 -11 4 -11 4 -11 4 -11 4 -12 4 -12 5 -12 5 -12 5 -12 5 -12 5 -12 5 -12 5 0 0 0 0 0 0 0 0 0 0
1784740951.247161,57798,-41,11,1,6,1,-95,1,672764962,128,0 0 0 0 0 0 0 0 0 0 0 0 -9 -1 -9 -1 -9 -2 -9 -2 -9 -3 -9 -2 -9 -3 -9 -3 -9 -3 -9 -3 -9 -4 -10 -4 -10 -4 -10 -4 -10 -5 -10 -5 -10 -5 -9 -5 -10 -5 -10 -5 -10 -5 -10 -6 -10 -5 -10 -6 -9 -6 -10 -6 0 0 -10 -6 -10 -6 -10 -6 -10 -5 -10 -5 -10 -5 -10 -5 -10 -5 -10 -5 -11 -4 -11 -5 -11 -4 -11 -4 -12 -4 -11 -4 -12 -5 -12 -4 -12 -4 -13 -4 -13 -4 -13 -4 -13 -4 -13 -4 -13 -4 -13 -4 -14 -4 0 0 0 0 0 0 0 0 0 0
1784740951.263029,57799,-41,11,1,7,1,-95,1,672770193,128,0 0 0 0 0 0 0 0 0 0 0 0 -3 8 -3 7 -4 7 -4 7 -5 7 -5 7 -5 7 -5 7 -5 7 -6 7 -6 7 -6 7 -7 7 -7 7 -7 7 -7 7 -7 7 -7 7 -7 7 -7 7 -7 7 -8 7 -8 7 -8 7 -8 7 -8 7 0 0 -8 7 -8 7 -7 7 -7 7 -7 7 -7 8 -7 8 -7 8 -7 8 -7 9 -7 9 -7 9 -7 9 -7 9 -6 10 -7 10 -7 10 -6 10 -6 10 -6 11 -6 11 -7 11 -6 11 -7 11 -7 11 -7 11 0 0 0 0 0 0 0 0 0 0
1784740951.263029,57800,-41,11,1,7,1,-95,1,672780277,128,0 0 0 0 0 0 0 0 0 0 0 0 3 -8 3 -8 4 -8 5 -8 5 -7 5 -8 5 -8 6 -8 6 -7 5 -8 6 -8 6 -8 6 -7 7 -8 7 -8 7 -7 8 -7 7 -7 8 -7 8 -7 8 -7 8 -7 7 -7 8 -7 7 -7 8 -7 0 0 8 -7 8 -7 8 -7 7 -7 7 -7 7 -7 7 -7 7 -8 8 -8 7 -8 7 -9 7 -9 7 -9 7 -10 7 -9 8 -9 7 -9 8 -10 8 -10 8 -10 7 -11 8 -10 7 -11 7 -11 7 -11 8 -11 0 0 0 0 0 0 0 0 0 0
1784740951.279176,57801,-41,11,1,7,1,-95,1,672790025,128,0 0 0 0 0 0 0 0 0 0 0 0 -2 -9 -2 -9 -1 -9 -1 -9 -1 -10 -1 -9 0 -10 0 -10 0 -10 1 -10 1 -10 1 -10 2 -10 2 -10 1 -10 2 -11 2 -10 2 -11 2 -11 2 -11 2 -11 2 -11 2 -11 2 -10 2 -10 2 -11 0 0 1 -11 1 -11 1 -10 1 -11 1 -11 1 -11 0 -11 0 -12 0 -11 0 -12 0 -12 0 -12 0 -12 -1 -12 -2 -13 -2 -12 -1 -13 -2 -13 -2 -13 -2 -13 -2 -13 -3 -13 -2 -14 -2 -14 -2 -14 -2 -14 0 0 0 0 0 0 0 0 0 0
1784740951.295288,57802,-42,11,1,7,1,-95,1,672800120,128,0 0 0 0 0 0 0 0 0 0 0 0 0 8 0 9 -1 8 -1 9 -2 8 -2 9 -2 9 -2 9 -3 9 -3 9 -3 9 -4 9 -4 9 -4 9 -4 9 -4 9 -4 9 -4 9 -5 9 -5 9 -5 9 -5 9 -5 9 -5 9 -5 9 -5 9 0 0 -5 9 -5 9 -5 10 -4 9 -4 10 -4 10 -4 10 -4 10 -4 10 -3 11 -3 11 -3 11 -3 11 -3 11 -3 11 -3 12 -3 12 -3 12 -3 12 -3 13 -3 13 -3 13 -3 13 -3 13 -3 13 -3 14 0 0 0 0 0 0 0 0 0 0
1784740951.295288,57803,-41,11,1,7,0,-95,1,672811655,128,0 0 0 0 0 0 0 0 0 0 0 0 -2 9 -3 9 -4 9 -4 10 -4 9 -5 9 -5 9 -5 9 -5 10 -6 9 -6 9 -7 9 -7 9 -7 9 -7 10 -8 9 -8 9 -7 9 -8 9 -8 9 -8 9 -9 9 -8 9 -9 9 -8 9 -9 9 0 0 -8 9 -8 9 -8 10 -8 9 -8 10 -8 10 -8 10 -7 11 -7 11 -7 10 -8 12 -7 12 -7 11 -8 12 -7 12 -7 13 -7 12 -7 13 -7 14 -7 14 -8 14 -7 14 -7 13 -8 14 -8 14 -8 15 0 0 0 0 0 0 0 0 0 0
1784740951.311149,57804,-41,11,1,7,0,-95,1,672811890,128,0 0 0 0 0 0 0 0 0 0 0 0 2 9 2 9 1 10 1 10 1 10 0 10 0 10 -1 11 0 11 -1 11 -1 11 -1 12 -2 11 -2 12 -2 12 -2 11 -2 12 -2 11 -3 12 -3 12 -2 12 -2 12 -2 12 -3 12 -2 12 -2 12 0 0 -2 12 -2 12 -2 12 -1 12 -1 13 -1 12 0 13 0 13 0 13 0 13 0 13 1 13 1 14 1 14 1 14 1 15 1 14 2 14 2 14 2 16 2 15 2 15 2 15 2 16 2 17 2 17 0 0 0 0 0 0 0 0 0 0
1784740951.314863,57805,-42,11,1,7,1,-95,1,672820106,128,0 0 0 0 0 0 0 0 0 0 0 0 4 7 3 7 3 8 3 7 3 8 2 8 3 8 2 8 2 8 2 9 1 9 1 9 1 9 1 9 1 9 1 10 1 9 2 10 1 10 1 10 1 10 1 10 1 10 1 10 0 10 1 10 0 0 1 10 2 10 2 9 3 10 2 10 2 10 3 10 3 10 3 10 3 11 3 11 3 10 4 10 4 10 5 11 5 10 5 11 5 11 5 11 6 11 5 12 6 11 5 12 5 12 5 12 5 12 0 0 0 0 0 0 0 0 0 0
1784740951.326979,57806,-42,11,1,7,1,-95,1,672830115,128,0 0 0 0 0 0 0 0 0 0 0 0 -5 -7 -4 -8 -4 -8 -3 -9 -3 -8 -3 -9 -3 -8 -3 -9 -2 -9 -2 -9 -2 -9 -2 -10 -2 -10 -2 -10 -2 -11 -1 -10 -1 -11 -1 -10 -1 -11 -1 -11 -1 -11 -1 -11 -1 -10 -1 -11 -1 -11 -1 -11 0 0 -1 -11 -1 -11 -1 -12 -2 -11 -2 -11 -2 -11 -2 -11 -2 -12 -2 -12 -2 -12 -3 -12 -3 -12 -3 -12 -3 -13 -3 -12 -3 -13 -3 -12 -4 -13 -4 -13 -4 -13 -4 -13 -4 -14 -4 -13 -4 -13 -4 -14 -4 -14 0 0 0 0 0 0 0 0 0 0
1784740951.326979,57807,-41,11,1,7,1,-95,1,672840068,128,0 0 0 0 0 0 0 0 0 0 0 0 5 -6 5 -6 6 -6 6 -5 6 -5 6 -5 7 -5 7 -5 7 -5 7 -5 7 -5 8 -5 8 -5 8 -4 8 -5 9 -4 9 -4 9 -4 9 -4 9 -4 9 -4 9 -4 9 -4 9 -4 9 -4 9 -4 0 0 9 -5 9 -5 9 -4 9 -5 9 -5 9 -5 9 -5 9 -6 10 -6 10 -6 9 -6 9 -7 10 -7 10 -7 10 -7 10 -7 10 -7 10 -8 10 -8 11 -8 10 -8 11 -8 10 -8 11 -8 10 -8 11 -9 0 0 0 0 0 0 0 0 0 0
1784740951.344801,57808,-41,11,1,7,1,-95,1,672850087,128,0 0 0 0 0 0 0 0 0 0 0 0 -2 -8 -2 -8 -2 -9 -1 -8 -1 -9 -1 -8 0 -9 -1 -9 0 -9 0 -10 0 -9 0 -10 1 -10 1 -10 1 -10 1 -10 1 -10 1 -11 1 -10 1 -11 1 -11 1 -11 2 -11 1 -11 2 -11 1 -11 0 0 1 -11 1 -11 1 -11 1 -12 1 -11 1 -11 1 -11 0 -12 1 -12 0 -12 0 -12 0 -12 0 -12 0 -12 -1 -13 -1 -13 0 -13 -1 -13 -1 -13 -1 -14 -1 -14 -1 -14 -1 -14 -1 -14 -1 -14 -1 -14 0 0 0 0 0 0 0 0 0 0
1784740951.358537,57809,-41,11,1,7,1,-95,1,672863680,128,0 0 0 0 0 0 0 0 0 0 0 0 8 0 7 1 8 1 7 2 8 2 7 2 8 2 8 2 8 3 8 3 8 3 8 4 8 4 8 4 8 4 8 4 8 4 9 5 8 5 9 5 9 5 9 5 9 5 8 5 8 5 8 5 0 0 9 5 9 5 9 5 9 5 9 5 9 5 9 5 10 4 10 5 10 5 10 5 10 5 10 5 10 4 11 4 11 4 11 5 11 4 11 4 12 4 12 4 12 4 12 4 12 5 12 4 12 4 0 0 0 0 0 0 0 0 0 0
1784740951.358537,57810,-41,11,1,6,1,-95,1,672872790,128,0 0 0 0 0 0 0 0 0 0 0 0 -5 -6 -5 -7 -5 -8 -4 -7 -4 -8 -4 -8 -4 -8 -4 -8 -4 -8 -3 -9 -3 -9 -3 -9 -3 -10 -3 -10 -3 -10 -3 -10 -3 -10 -3 -11 -3 -10 -3 -11 -3 -10 -3 -11 -3 -11 -2 -11 -2 -11 -2 -11 0 0 -2 -11 -3 -11 -2 -11 -3 -12 -3 -11 -3 -11 -3 -11 -4 -11 -4 -11 -4 -12 -4 -12 -4 -12 -4 -12 -4 -12 -5 -12 -5 -12 -5 -13 -5 -12 -5 -12 -6 -13 -5 -13 -6 -13 -5 -14 -5 -13 -5 -13 -5 -13 0 0 0 0 0 0 0 0 0 0
1784740951.377477,57811,-41,11,1,7,1,-95,1,672880200,128,0 0 0 0 0 0 0 0 0 0 0 0 -8 2 -8 1 -8 1 -8 0 -9 0 -9 0 -9 0 -9 -1 -9 -1 -9 -1 -10 -1 -10 -1 -10 -2 -10 -2 -10 -2 -10 -2 -11 -2 -10 -2 -11 -2 -11 -3 -11 -3 -11 -3 -11 -3 -11 -3 -11 -3 -11 -3 0 0 -11 -3 -11 -3 -11 -3 -11 -3 -11 -2 -12 -3 -11 -2 -12 -2 -12 -2 -12 -2 -12 -2 -12 -2 -12 -2 -12 -2 -13 -1 -13 -1 -13 -2 -13 -1 -13 -2 -14 -1 -14 -1 -14 -1 -14 -1 -14 -1 -14 -1 -14 -1 0 0 0 0 0 0 0 0 0 0
1784740951.390252,57812,-43,11,1,5,1,-95,1,672901291,128,0 0 0 0 0 0 0 0 0 0 0 0 4 -6 5 -6 5 -5 5 -6 6 -5 6 -5 6 -5 7 -6 7 -5 6 -5 7 -5 7 -5 7 -6 8 -5 8 -5 8 -5 8 -5 8 -5 9 -5 8 -5 8 -5 9 -4 9 -5 9 -5 9 -5 9 -5 0 0 9 -5 10 -5 9 -5 9 -5 9 -5 9 -5 9 -5 9 -5 10 -6 9 -6 9 -6 9 -7 10 -7 10 -6 10 -7 10 -7 10 -7 10 -7 10 -7 10 -8 11 -8 11 -8 10 -8 11 -8 11 -8 11 -8 0 0 0 0 0 0 0 0 0 0
1784740951.406483,57813,-41,11,1,7,1,-95,1,672910095,128,0 0 0 0 0 0 0 0 0 0 0 0 6 1 7 2 6 2 7 3 6 3 7 3 7 3 7 4 7 4 7 4 7 4 7 4 7 5 7 5 8 5 7 5 8 6 7 5 8 6 7 6 8 6 7 6 8 6 8 6 8 6 8 7 0 0 8 7 8 7 8 7 8 6 8 6 8 7 8 6 9 6 9 7 9 6 9 6 10 6 10 6 10 7 10 6 10 7 10 6 11 7 10 6 11 7 11 6 11 7 11 6 11 6 12 6 12 7 0 0 0 0 0 0 0 0 0 0
1784740951.406483,57814,-41,11,1,7,1,-95,1,672920028,128,0 0 0 0 0 0 0 0 0 0 0 0 4 -6 4 -6 5 -6 5 -6 5 -6 5 -6 6 -6 6 -6 6 -6 6 -6 6 -6 7 -6 7 -6 7 -6 7 -6 8 -6 7 -6 8 -6 8 -6 8 -6 8 -6 9 -6 9 -6 9 -6 9 -6 9 -6 0 0 9 -6 9 -6 9 -6 9 -7 9 -7 9 -7 9 -7 9 -7 9 -7 9 -8 9 -8 9 -8 9 -8 9 -8 9 -9 9 -8 10 -9 10 -9 10 -9 10 -9 10 -9 10 -9 10 -9 10 -9 10 -9 10 -10 0 0 0 0 0 0 0 0 0 0
1784740951.422577,57815,-42,11,1,7,1,-95,1,672930150,128,0 0 0 0 0 0 0 0 0 0 0 0 -4 6 -4 5 -5 5 -4 5 -5 5 -5 5 -5 5 -5 5 -5 6 -6 6 -6 5 -7 5 -7 5 -7 5 -7 6 -7 6 -7 6 -8 6 -7 6 -7 6 -7 6 -8 6 -8 6 -8 6 -9 5 -8 6 0 0 -8 6 -8 7 -8 6 -9 7 -8 7 -8 7 -8 7 -8 8 -8 8 -9 8 -9 8 -8 8 -8 8 -8 8 -8 9 -8 9 -9 9 -9 9 -8 10 -8 10 -8 10 -8 10 -9 10 -9 9 -9 10 -9 10 0 0 0 0 0 0 0 0 0 0
1784740951.422577,57816,-42,11,1,7,1,-95,1,672940464,128,0 0 0 0 0 0 0 0 0 0 0 0 4 5 4 5 4 5 3 6 3 6 3 6 3 6 3 6 3 6 3 7 3 7 3 7 3 8 3 8 3 8 3 8 3 8 3 8 3 9 3 9 3 9 3 9 3 9 3 9 3 9 3 10 0 0 3 10 3 10 3 10 3 10 3 10 3 10 3 10 3 10 4 10 4 10 4 11 4 11 4 11 4 11 5 11 5 11 5 11 5 11 5 11 5 12 5 11 6 12 5 11 5 12 5 12 5 12 0 0 0 0 0 0 0 0 0 0
1784740951.438778,57817,-42,11,1,7,1,-95,1,672950139,128,0 0 0 0 0 0 0 0 0 0 0 0 2 -7 3 -6 3 -6 4 -6 4 -6 4 -7 4 -6 4 -7 5 -6 5 -7 5 -7 5 -7 6 -7 6 -7 6 -7 7 -7 7 -7 7 -7 7 -7 7 -7 7 -7 8 -7 7 -7 7 -7 8 -7 8 -8 0 0 8 -7 8 -7 9 -7 8 -7 8 -7 8 -8 8 -8 8 -8 9 -8 8 -9 8 -9 8 -9 8 -9 9 -9 9 -9 9 -9 9 -9 9 -10 9 -10 9 -10 9 -10 9 -10 9 -10 9 -10 9 -10 9 -11 0 0 0 0 0 0 0 0 0 0
1784740951.457366,57818,-42,11,1,7,1,-95,1,672960113,128,0 0 0 0 0 0 0 0 0 0 0 0 -4 6 -4 6 -5 6 -5 6 -5 6 -5 6 -6 6 -6 6 -6 6 -7 6 -7 6 -7 6 -8 6 -7 6 -7 6 -8 6 -8 6 -9 7 -8 6 -9 6 -9 6 -9 6 -9 6 -9 6 -9 6 -9 6 0 0 -9 6 -10 7 -9 6 -10 7 -9 7 -9 7 -9 7 -10 7 -9 7 -10 8 -9 8 -9 8 -9 8 -9 8 -9 9 -9 9 -10 9 -10 9 -10 9 -10 10 -10 10 -10 10 -10 10 -10 10 -10 10 -10 10 0 0 0 0 0 0 0 0 0 0
1784740951.457366,57819,-42,11,1,7,1,-95,1,672970134,128,0 0 0 0 0 0 0 0 0 0 0 0 6 -3 7 -3 7 -2 7 -2 7 -2 8 -2 7 -1 8 -1 8 -1 8 -1 8 -1 9 0 9 0 9 0 9 0 9 1 10 0 9 0 10 0 10 0 10 0 10 1 10 1 10 1 10 1 11 1 0 0 11 1 11 1 11 1 11 1 11 0 11 0 11 0 11 0 12 0 12 0 12 0 12 -1 12 0 12 -1 12 -1 13 -1 12 -1 13 -1 13 -1 13 -1 13 -1 13 -1 13 -1 13 -1 13 -1 14 -1 0 0 0 0 0 0 0 0 0 0
1784740951.473286,57820,-42,11,1,7,1,-95,1,672980104,128,0 0 0 0 0 0 0 0 0 0 0 0 -5 -6 -5 -7 -5 -7 -4 -7 -4 -8 -4 -8 -4 -8 -4 -8 -4 -8 -4 -9 -4 -9 -4 -9 -3 -10 -3 -10 -3 -10 -3 -10 -3 -10 -3 -11 -3 -11 -3 -11 -3 -11 -3 -11 -3 -11 -3 -11 -3 -11 -3 -12 0 0 -3 -12 -3 -12 -3 -12 -3 -12 -3 -12 -3 -12 -3 -12 -4 -12 -4 -12 -4 -12 -4 -13 -4 -12 -4 -12 -4 -12 -5 -13 -5 -13 -5 -13 -5 -13 -5 -13 -6 -13 -6 -13 -6 -13 -6 -13 -5 -14 -6 -13 -6 -14 0 0 0 0 0 0 0 0 0 0
1784740951.487047,57821,-42,11,1,7,1,-95,1,672993929,128,0 0 0 0 0 0 0 0 0 0 0 0 2 6 2 7 1 7 1 7 1 7 1 8 0 8 0 8 0 9 0 8 0 9 0 9 0 9 0 10 -1 10 -1 10 -1 10 -2 10 -2 10 -2 10 -2 11 -3 11 -2 11 -2 11 -2 11 -2 11 0 0 -2 11 -3 11 -3 12 -3 11 -2 11 -2 12 -3 12 -2 12 -3 12 -2 12 -1 12 -1 12 -1 13 -1 13 -2 12 -2 13 -1 12 -1 13 -1 13 -1 13 -1 13 -1 13 -1 13 0 13 0 13 0 13 0 0 0 0 0 0 0 0 0 0
1784740951.487047,57822,-42,11,1,7,1,-95,1,673000355,128,0 0 0 0 0 0 0 0 0 0 0 0 7 1 7 1 7 2 7 2 7 3 7 3 7 3 7 3 7 3 7 4 7 4 8 4 8 5 8 5 8 5 8 6 8 6 8 6 8 6 8 6 8 7 8 7 8 7 8 7 8 7 8 8 0 0 9 8 9 8 8 8 9 8 8 7 9 8 9 8 9 7 9 8 10 8 9 8 10 7 10 8 10 7 10 7 10 8 10 8 10 7 11 7 11 7 11 7 11 7 11 7 10 8 11 7 11 7 0 0 0 0 0 0 0 0 0 0
1784740951.502954,57823,-42,11,1,7,1,-95,1,673010085,128,0 0 0 0 0 0 0 0 0 0 0 0 -3 6 -3 6 -4 6 -4 6 -4 6 -4 6 -5 7 -5 6 -5 7 -6 7 -6 7 -7 7 -7 7 -7 7 -7 7 -7 7 -7 7 -8 8 -8 8 -8 8 -8 8 -8 7 -9 8 -9 7 -9 7 -9 7 0 0 -9 8 -9 8 -9 8 -9 8 -9 8 -9 8 -9 8 -9 9 -9 9 -9 9 -9 9 -9 9 -9 9 -9 9 -8 10 -9 10 -9 10 -9 10 -8 10 -8 11 -8 11 -8 11 -9 11 -9 11 -8 11 -8 11 0 0 0 0 0 0 0 0 0 0
1784740951.599175,57824,-45,11,1,7,1,-95,1,673106666,128,0 0 0 0 0 0 0 0 0 0 0 0 5 -4 5 -4 5 -3 6 -3 6 -3 6 -3 6 -3 6 -3 7 -3 6 -3 7 -3 7 -3 7 -3 8 -3 8 -3 8 -3 8 -3 8 -3 9 -3 8 -3 9 -3 9 -3 9 -3 9 -3 10 -3 10 -3 0 0 10 -3 10 -3 11 -3 11 -4 10 -4 11 -4 11 -4 11 -4 11 -4 11 -5 12 -4 12 -4 12 -5 12 -5 12 -5 13 -5 12 -5 13 -5 13 -6 13 -6 13 -6 13 -5 13 -5 14 -5 14 -5 14 -6 0 0 0 0 0 0 0 0 0 0
1784740951.599175,57825,-45,11,1,7,1,-95,1,673106957,128,0 0 0 0 0 0 0 0 0 0 0 0 -1 5 -1 6 -2 6 -2 6 -2 6 -3 6 -3 6 -3 6 -3 6 -3 6 -3 7 -3 7 -3 7 -3 7 -3 8 -4 7 -4 8 -4 8 -4 8 -4 8 -4 8 -5 8 -4 9 -4 9 -4 9 -4 10 0 0 -4 10 -5 10 -5 10 -4 10 -4 10 -5 10 -5 11 -4 11 -5 11 -4 11 -4 12 -4 12 -4 12 -4 13 -4 12 -5 13 -4 12 -4 13 -5 13 -5 13 -4 14 -5 14 -4 14 -4 14 -4 14 -5 14 0 0 0 0 0 0 0 0 0 0
1784740951.615375,57826,-45,11,1,6,1,-95,1,673108706,128,0 0 0 0 0 0 0 0 0 0 0 0 3 5 3 5 2 5 2 5 2 6 2 6 2 6 2 6 2 6 2 7 2 7 1 7 2 7 2 7 2 7 2 8 2 8 2 9 2 8 2 9 2 9 2 9 2 9 2 9 2 9 2 9 0 0 3 10 3 10 3 10 4 10 4 10 4 10 4 11 4 11 4 11 5 12 4 11 4 11 4 11 5 11 6 12 6 12 6 12 6 12 6 12 6 12 6 13 7 12 6 13 6 13 6 13 6 13 0 0 0 0 0 0 0 0 0 0
1784740951.615375,57827,-46,11,1,6,1,-95,1,673110183,128,0 0 0 0 0 0 0 0 0 0 0 0 4 3 4 3 4 4 4 4 4 4 4 5 4 5 4 5 4 5 4 5 4 5 4 6 4 6 5 6 5 6 4 7 4 7 5 7 5 7 5 7 5 8 4 8 5 8 5 8 5 8 5 8 0 0 6 9 5 9 5 9 6 9 6 9 6 9 6 9 6 9 6 10 7 9 7 9 7 9 7 10 8 10 7 10 8 11 8 10 8 10 8 11 8 11 8 11 8 11 9 11 9 11 9 11 9 12 0 0 0 0 0 0 0 0 0 0
1784740951.615375,57828,-46,11,1,6,1,-95,1,673111644,128,0 0 0 0 0 0 0 0 0 0 0 0 -5 4 -6 3 -6 3 -6 3 -6 3 -7 3 -7 3 -7 3 -7 3 -7 3 -8 3 -8 3 -8 3 -8 3 -8 3 -9 3 -9 3 -9 3 -9 3 -9 3 -10 3 -10 3 -10 3 -10 3 -10 3 -10 3 0 0 -11 4 -11 4 -11 4 -11 4 -11 4 -11 4 -11 4 -12 5 -12 5 -12 5 -12 5 -12 5 -12 5 -12 5 -13 6 -13 6 -13 6 -13 6 -13 6 -13 7 -14 7 -13 7 -14 7 -14 6 -14 6 -14 7 0 0 0 0 0 0 0 0 0 0
1784740951.623059,57829,-45,11,1,7,1,-95,1,673120146,128,0 0 0 0 0 0 0 0 0 0 0 0 -7 -2 -6 -2 -7 -3 -6 -3 -7 -3 -7 -3 -7 -3 -7 -3 -7 -3 -7 -4 -7 -4 -7 -4 -7 -4 -7 -5 -8 -5 -8 -5 -8 -5 -8 -5 -8 -5 -8 -5 -8 -5 -8 -6 -9 -6 -9 -6 -9 -6 -9 -6 0 0 -9 -6 -10 -6 -9 -6 -10 -6 -10 -6 -10 -6 -11 -6 -11 -6 -11 -6 -12 -6 -12 -6 -11 -6 -11 -6 -11 -6 -13 -6 -12 -6 -13 -7 -13 -7 -13 -6 -14 -6 -13 -7 -14 -6 -14 -7 -14 -8 -14 -8 -14 -8 0 0 0 0 0 0 0 0 0 0
1784740951.623059,57830,-45,11,1,7,1,-95,1,673131017,128,0 0 0 0 0 0 0 0 0 0 0 0 5 2 5 2 5 3 5 3 5 3 5 3 5 3 5 4 5 4 5 4 5 4 5 4 6 4 6 5 6 5 6 5 6 6 6 5 6 6 6 6 7 6 6 6 7 6 7 6 7 6 7 6 0 0 7 6 7 6 8 7 7 6 8 6 8 6 8 6 9 6 9 7 9 6 10 6 10 6 10 7 10 7 10 7 11 7 10 7 11 7 11 7 12 7 12 7 12 7 12 7 12 8 12 7 13 8 0 0 0 0 0 0 0 0 0 0
1784740951.631212,57831,-45,11,1,7,1,-95,1,673140126,128,0 0 0 0 0 0 0 0 0 0 0 0 4 -5 5 -5 5 -5 5 -5 5 -5 5 -5 5 -5 6 -5 6 -5 6 -5 6 -5 6 -5 7 -5 7 -5 7 -5 7 -5 8 -5 8 -5 8 -5 8 -5 8 -5 8 -5 8 -5 8 -5 8 -5 9 -6 0 0 9 -5 9 -5 9 -6 9 -6 9 -6 9 -6 10 -6 10 -6 10 -6 10 -7 10 -7 10 -8 11 -8 11 -8 11 -7 12 -8 11 -8 12 -8 12 -8 12 -8 12 -8 13 -8 12 -8 12 -8 13 -8 13 -8 0 0 0 0 0 0 0 0 0 0
1784740951.647213,57832,-45,11,1,5,1,-95,1,673153156,128,0 0 0 0 0 0 0 0 0 0 0 0 6 4 5 5 5 5 5 5 5 5 5 6 5 6 5 6 5 6 5 6 5 6 5 7 5 7 5 7 5 7 5 7 5 8 5 8 5 8 5 8 5 8 5 8 5 8 5 8 5 8 5 8 0 0 6 8 6 8 6 8 7 8 7 8 7 8 7 8 8 8 8 8 9 9 8 9 9 9 9 9 9 9 9 9 10 9 9 10 10 10 10 10 10 10 10 10 10 10 10 10 10 11 10 11 10 11 0 0 0 0 0 0 0 0 0 0
1784740951.647213,57833,-46,11,1,7,1,-95,1,673160166,128,0 0 0 0 0 0 0 0 0 0 0 0 -7 4 -7 4 -7 4 -8 4 -8 3 -8 3 -8 3 -8 3 -8 3 -8 3 -8 3 -9 3 -9 3 -9 3 -9 3 -9 2 -10 3 -9 2 -10 3 -10 3 -10 3 -10 3 -10 3 -10 3 -10 3 -10 3 0 0 -10 4 -10 4 -11 4 -11 4 -11 4 -11 5 -11 5 -11 5 -12 5 -12 6 -12 6 -12 6 -12 6 -13 6 -12 6 -13 7 -13 6 -13 7 -13 7 -14 7 -13 7 -14 7 -14 7 -14 6 -14 7 -15 7 0 0 0 0 0 0 0 0 0 0
1784740951.663332,57834,-46,11,1,7,1,-95,1,673170122,128,0 0 0 0 0 0 0 0 0 0 0 0 -6 4 -6 4 -6 3 -7 3 -7 3 -7 3 -7 3 -7 4 -7 3 -7 3 -8 3 -8 3 -8 3 -8 3 -8 3 -9 3 -9 3 -9 4 -9 4 -9 4 -9 4 -9 4 -9 4 -10 4 -10 4 -10 4 0 0 -10 5 -10 5 -10 5 -10 5 -10 5 -11 6 -10 6 -10 6 -11 6 -11 7 -11 7 -11 7 -11 7 -12 7 -12 7 -12 8 -12 8 -12 8 -13 9 -13 8 -12 9 -13 9 -13 9 -13 8 -14 8 -14 9 0 0 0 0 0 0 0 0 0 0
1784740951.663332,57835,-46,11,1,7,1,-95,1,673180115,128,0 0 0 0 0 0 0 0 0 0 0 0 -3 5 -3 5 -4 5 -4 5 -4 5 -4 5 -4 5 -4 5 -4 5 -5 6 -5 6 -5 6 -5 6 -5 6 -5 6 -5 6 -5 6 -6 7 -6 7 -6 7 -6 7 -6 7 -6 8 -6 7 -6 7 -6 7 0 0 -6 8 -6 9 -6 8 -6 9 -6 9 -6 9 -6 10 -6 10 -6 10 -6 11 -6 11 -6 11 -6 11 -6 11 -6 13 -6 12 -7 13 -7 12 -6 13 -7 13 -7 13 -6 14 -7 14 -8 13 -8 13 -8 14 0 0 0 0 0 0 0 0 0 0
1784740951.679213,57836,-46,11,1,7,1,-95,1,673190100,128,0 0 0 0 0 0 0 0 0 0 0 0 2 -6 2 -6 2 -6 3 -6 2 -6 3 -6 3 -6 3 -6 3 -6 3 -6 3 -7 3 -7 4 -7 4 -7 4 -8 4 -7 4 -8 4 -8 4 -8 4 -8 4 -8 5 -8 4 -8 5 -8 5 -9 5 -9 0 0 5 -9 5 -9 5 -10 5 -10 5 -10 5 -10 5 -11 5 -11 5 -11 5 -12 5 -12 5 -12 5 -12 5 -13 5 -12 6 -13 6 -13 6 -13 6 -14 6 -14 6 -14 6 -14 7 -14 7 -14 7 -14 8 -14 0 0 0 0 0 0 0 0 0 0
1784740951.702524,57837,-47,11,1,7,1,-95,1,673205474,128,0 0 0 0 0 0 0 0 0 0 0 0 -8 -4 -8 -4 -7 -5 -7 -5 -7 -5 -7 -5 -7 -6 -7 -6 -7 -6 -7 -6 -7 -6 -7 -6 -7 -6 -7 -6 -7 -7 -7 -7 -7 -7 -7 -7 -7 -7 -7 -7 -7 -7 -7 -7 -7 -7 -8 -7 -8 -7 -8 -7 0 0 -9 -7 -8 -7 -9 -7 -9 -6 -9 -6 -9 -7 -10 -7 -10 -7 -10 -7 -11 -6 -11 -6 -11 -6 -12 -7 -12 -7 -12 -7 -13 -8 -12 -7 -13 -8 -13 -8 -13 -8 -13 -9 -13 -9 -13 -8 -14 -9 -14 -9 -14 -9 0 0 0 0 0 0 0 0 0 0
1784740951.702524,57838,-47,11,1,7,1,-95,1,673210062,128,0 0 0 0 0 0 0 0 0 0 0 0 0 -9 1 -9 1 -9 2 -9 2 -9 2 -9 2 -9 3 -9 2 -9 3 -9 3 -9 3 -9 4 -9 4 -9 4 -9 4 -9 4 -9 4 -9 4 -10 4 -10 4 -9 4 -9 4 -9 4 -9 4 -9 4 -10 0 0 3 -10 3 -10 3 -10 3 -11 3 -11 2 -11 2 -11 2 -12 2 -12 2 -13 2 -13 2 -13 2 -13 2 -13 2 -14 2 -15 2 -14 2 -15 2 -15 2 -16 2 -15 2 -16 3 -15 3 -16 3 -16 3 -16 0 0 0 0 0 0 0 0 0 0
1784740951.806609,57839,-47,11,1,7,1,-95,1,673310995,128,0 0 0 0 0 0 0 0 0 0 0 0 6 -1 6 -1 7 -1 6 -1 7 -1 7 0 7 0 7 0 7 0 8 0 8 0 8 0 8 1 8 1 8 1 9 1 8 1 9 1 9 1 9 1 9 1 9 1 9 1 9 1 9 1 9 1 0 0 10 0 10 0 10 0 11 0 10 0 11 0 11 -1 12 -1 11 -1 13 -1 12 -1 12 -1 12 -1 12 -1 13 -2 13 -2 14 -1 14 -1 14 -2 15 -2 15 -1 15 -2 15 -1 15 -1 15 -1 16 -1 0 0 0 0 0 0 0 0 0 0
1784740951.806609,57840,-48,11,1,7,1,-95,1,673311286,128,0 0 0 0 0 0 0 0 0 0 0 0 -1 6 -2 6 -2 6 -2 6 -2 6 -3 6 -3 7 -3 7 -3 7 -3 7 -4 7 -4 7 -4 7 -4 7 -4 8 -4 7 -4 8 -4 8 -4 8 -4 8 -4 8 -4 8 -4 8 -4 8 -4 9 -4 9 0 0 -4 9 -4 9 -4 10 -4 10 -4 10 -4 10 -4 10 -4 11 -4 11 -4 12 -3 12 -3 12 -4 12 -4 13 -3 13 -3 14 -4 13 -4 14 -4 14 -3 15 -4 15 -3 15 -4 15 -5 15 -5 15 -5 15 0 0 0 0 0 0 0 0 0 0
1784740951.806609,57841,-47,11,1,5,1,-95,1,673314174,128,0 0 0 0 0 0 0 0 0 0 0 0 -6 -4 -6 -4 -6 -5 -6 -5 -6 -5 -6 -5 -7 -6 -6 -6 -7 -6 -7 -6 -6 -7 -6 -7 -7 -7 -7 -7 -7 -7 -7 -8 -7 -7 -7 -8 -7 -8 -7 -8 -7 -8 -7 -7 -8 -8 -7 -8 -7 -8 -8 -8 0 0 -9 -8 -9 -8 -9 -8 -10 -8 -9 -8 -10 -8 -10 -8 -10 -8 -10 -8 -11 -9 -11 -9 -11 -9 -11 -9 -11 -9 -13 -9 -12 -9 -13 -10 -13 -10 -13 -9 -14 -10 -13 -10 -14 -10 -14 -11 -13 -11 -13 -11 -13 -11 0 0 0 0 0 0 0 0 0 0
1784740951.806609,57842,-48,11,1,6,1,-95,1,673315701,128,0 0 0 0 0 0 0 0 0 0 0 0 -7 -1 -8 -1 -7 -2 -8 -2 -8 -2 -8 -2 -8 -2 -8 -2 -8 -2 -8 -2 -8 -2 -9 -2 -9 -3 -9 -3 -9 -3 -9 -3 -9 -3 -9 -3 -10 -4 -10 -3 -10 -3 -10 -3 -10 -3 -10 -3 -10 -3 -11 -3 0 0 -11 -3 -11 -3 -12 -3 -11 -2 -12 -2 -12 -2 -12 -2 -13 -2 -13 -2 -13 -2 -13 -2 -14 -2 -14 -2 -15 -2 -14 -2 -15 -2 -15 -2 -16 -2 -16 -2 -16 -2 -16 -2 -16 -2 -16 -2 -16 -3 -17 -3 -17 -3 0 0 0 0 0 0 0 0 0 0
1784740951.806609,57843,-48,11,1,6,1,-95,1,673317126,128,0 0 0 0 0 0 0 0 0 0 0 0 -2 -7 -1 -8 -1 -8 -1 -8 0 -8 -1 -8 0 -8 0 -8 0 -9 0 -9 0 -9 0 -9 0 -9 1 -9 0 -9 0 -10 0 -10 0 -10 0 -10 1 -10 0 -10 0 -10 0 -11 0 -10 0 -11 0 -11 0 0 0 -11 -1 -12 -1 -11 -1 -12 -1 -12 -1 -12 -2 -13 -2 -13 -2 -13 -2 -14 -2 -14 -3 -14 -3 -14 -2 -14 -3 -15 -3 -15 -3 -16 -3 -16 -3 -16 -3 -16 -3 -16 -3 -16 -3 -17 -2 -17 -3 -17 -2 -17 0 0 0 0 0 0 0 0 0 0
1784740951.822313,57844,-48,11,1,7,1,-95,1,673320195,128,0 0 0 0 0 0 0 0 0 0 0 0 -6 5 -6 5 -6 5 -6 4 -7 5 -7 4 -7 4 -7 4 -7 4 -8 4 -8 4 -8 4 -8 4 -8 4 -8 4 -8 4 -8 4 -9 4 -9 4 -9 4 -9 4 -9 5 -9 5 -9 5 -9 5 -9 5 0 0 -9 6 -9 6 -9 6 -9 7 -9 7 -9 7 -9 7 -10 7 -9 8 -10 8 -10 8 -10 8 -10 8 -10 8 -11 10 -11 10 -11 9 -12 10 -11 10 -12 10 -12 10 -12 10 -13 10 -13 10 -13 10 -13 10 0 0 0 0 0 0 0 0 0 0
1784740951.823407,57845,-48,11,1,7,1,-95,1,673330155,128,0 0 0 0 0 0 0 0 0 0 0 0 8 0 8 0 8 1 8 1 9 2 9 2 9 2 9 2 9 2 9 3 9 3 9 3 9 3 9 4 9 3 9 4 9 4 9 4 9 4 9 4 9 4 9 4 9 3 9 4 9 3 9 3 0 0 10 3 10 3 10 3 10 2 10 2 11 2 11 2 11 2 12 2 12 2 12 2 12 2 13 2 13 2 13 2 14 2 14 2 14 2 14 2 15 2 15 2 15 2 15 3 15 3 15 3 15 3 0 0 0 0 0 0 0 0 0 0
1784740951.823407,57846,-48,11,1,7,1,-95,1,673340102,128,0 0 0 0 0 0 0 0 0 0 0 0 -4 -8 -4 -9 -3 -9 -3 -9 -2 -10 -3 -10 -2 -10 -2 -10 -2 -10 -1 -10 -1 -11 -1 -11 -1 -11 -1 -11 -1 -11 0 -11 0 -11 -1 -11 -1 -11 -1 -11 0 -11 0 -11 -1 -11 0 -11 -1 -11 -1 -11 0 0 -2 -11 -2 -11 -2 -11 -2 -12 -3 -11 -3 -12 -3 -12 -3 -12 -3 -12 -4 -13 -4 -13 -4 -13 -4 -13 -5 -13 -5 -13 -5 -13 -5 -14 -5 -14 -5 -14 -6 -14 -5 -14 -5 -14 -5 -14 -5 -15 -5 -15 -5 -15 0 0 0 0 0 0 0 0 0 0
1784740951.838131,57847,-47,11,1,7,1,-95,1,673350095,128,0 0 0 0 0 0 0 0 0 0 0 0 -4 -8 -3 -8 -3 -9 -2 -9 -2 -9 -2 -10 -2 -10 -2 -10 -2 -10 -1 -10 -1 -10 -1 -11 -1 -10 0 -10 0 -11 0 -11 0 -11 0 -11 0 -11 0 -11 0 -11 0 -11 0 -11 0 -11 0 -11 -1 -11 0 0 -1 -11 -2 -11 -2 -11 -2 -11 -2 -11 -2 -12 -3 -11 -3 -12 -3 -12 -4 -12 -4 -13 -4 -12 -4 -12 -4 -12 -5 -13 -5 -13 -5 -13 -5 -14 -5 -14 -5 -14 -5 -14 -6 -14 -5 -14 -5 -14 -5 -14 -5 -14 0 0 0 0 0 0 0 0 0 0
1784740951.854198,57848,-47,11,1,7,1,-95,1,673360066,128,0 0 0 0 0 0 0 0 0 0 0 0 -9 -1 -9 -1 -9 -2 -9 -3 -9 -3 -9 -3 -9 -3 -9 -4 -9 -4 -9 -4 -9 -4 -10 -4 -10 -4 -10 -5 -10 -5 -9 -5 -10 -5 -9 -5 -10 -5 -10 -5 -10 -5 -10 -5 -10 -4 -10 -4 -10 -4 -10 -4 0 0 -11 -4 -11 -4 -11 -4 -11 -3 -11 -3 -12 -3 -12 -3 -12 -3 -13 -3 -13 -2 -13 -2 -13 -2 -14 -2 -14 -2 -14 -2 -15 -3 -14 -2 -15 -2 -15 -2 -15 -2 -15 -2 -16 -3 -15 -2 -16 -3 -16 -2 -16 -2 0 0 0 0 0 0 0 0 0 0
1784740951.854198,57849,-47,11,1,7,1,-95,1,673370119,128,0 0 0 0 0 0 0 0 0 0 0 0 -8 -2 -8 -2 -9 -3 -8 -3 -9 -4 -8 -4 -9 -4 -9 -4 -9 -5 -9 -5 -9 -5 -9 -6 -9 -6 -9 -6 -9 -6 -9 -6 -9 -6 -9 -6 -9 -6 -9 -7 -9 -6 -9 -6 -9 -6 -9 -6 -9 -6 -9 -6 0 0 -10 -6 -10 -6 -10 -5 -11 -5 -10 -5 -11 -5 -11 -5 -12 -5 -11 -5 -13 -5 -12 -5 -12 -5 -12 -5 -13 -5 -14 -5 -13 -5 -14 -5 -14 -5 -14 -5 -15 -4 -15 -5 -15 -5 -16 -6 -15 -6 -15 -6 -15 -6 0 0 0 0 0 0 0 0 0 0
1784740951.870205,57850,-47,11,1,7,1,-95,1,673380140,128,0 0 0 0 0 0 0 0 0 0 0 0 3 6 3 6 2 6 2 7 2 7 2 7 2 7 2 8 2 8 1 8 1 8 1 9 1 9 0 9 1 9 1 9 1 9 0 9 0 10 1 10 1 10 1 10 1 10 0 10 0 10 1 10 0 0 1 10 1 10 1 11 1 11 2 11 2 11 2 11 2 11 2 11 3 12 2 12 3 12 3 12 3 12 3 12 4 13 3 13 4 13 4 13 4 13 4 14 5 14 4 14 3 14 3 15 3 15 0 0 0 0 0 0 0 0 0 0
1784740951.886368,57851,-47,11,1,7,1,-95,1,673390113,128,0 0 0 0 0 0 0 0 0 0 0 0 2 -7 2 -7 2 -7 2 -8 3 -7 3 -8 3 -8 3 -8 4 -8 3 -8 4 -8 4 -8 4 -8 5 -9 4 -9 5 -8 5 -9 5 -8 5 -9 5 -9 5 -9 6 -9 5 -9 5 -9 5 -9 5 -10 0 0 5 -10 5 -10 6 -11 5 -11 5 -11 5 -11 5 -11 5 -12 5 -12 5 -12 5 -13 5 -13 5 -13 5 -14 5 -13 5 -14 5 -14 5 -14 5 -14 5 -15 6 -15 6 -15 5 -15 6 -15 6 -15 6 -16 0 0 0 0 0 0 0 0 0 0
1784740951.900028,57852,-48,11,1,7,1,-95,1,673402667,128,0 0 0 0 0 0 0 0 0 0 0 0 -7 -4 -7 -4 -7 -5 -7 -5 -7 -5 -7 -6 -7 -6 -7 -6 -7 -6 -7 -6 -7 -7 -7 -7 -7 -7 -7 -7 -7 -7 -7 -7 -7 -8 -7 -8 -7 -8 -7 -8 -7 -8 -7 -8 -7 -8 -7 -8 -7 -8 -7 -8 0 0 -8 -8 -8 -8 -8 -8 -8 -8 -9 -7 -9 -8 -9 -7 -9 -8 -10 -8 -10 -8 -10 -8 -11 -8 -11 -8 -11 -8 -11 -8 -11 -8 -11 -8 -12 -8 -12 -9 -12 -8 -12 -9 -12 -9 -12 -9 -12 -9 -13 -9 -13 -10 0 0 0 0 0 0 0 0 0 0
1784740951.906494,57853,-48,11,1,7,1,-95,1,673410042,128,0 0 0 0 0 0 0 0 0 0 0 0 -4 7 -5 7 -5 7 -6 7 -6 6 -6 6 -6 6 -6 6 -7 6 -7 6 -7 6 -7 6 -7 6 -7 6 -8 6 -8 5 -8 6 -8 6 -8 6 -8 6 -8 6 -8 6 -8 6 -8 6 -8 6 -8 7 0 0 -8 7 -8 7 -8 7 -8 7 -8 8 -8 8 -8 8 -8 8 -8 9 -8 9 -8 9 -8 10 -8 10 -8 10 -8 10 -9 11 -8 10 -9 11 -9 11 -8 11 -9 11 -9 12 -9 11 -9 11 -9 12 -10 12 0 0 0 0 0 0 0 0 0 0
1784740951.917923,57854,-48,11,1,7,1,-95,1,673420062,128,0 0 0 0 0 0 0 0 0 0 0 0 4 6 4 6 4 6 3 7 3 7 3 7 3 7 3 7 3 8 3 8 3 8 2 8 2 8 2 8 2 8 2 8 2 8 2 8 2 8 2 8 2 8 2 8 2 8 2 8 3 8 3 8 0 0 3 8 4 8 4 9 4 8 4 9 5 9 5 9 5 9 5 9 6 9 6 9 7 9 7 10 7 10 7 10 7 11 7 10 8 11 8 11 8 11 8 12 8 12 8 11 8 12 8 12 9 12 0 0 0 0 0 0 0 0 0 0
1784740951.923501,57855,-48,11,1,7,1,-95,1,673430138,128,0 0 0 0 0 0 0 0 0 0 0 0 -6 6 -6 5 -6 6 -7 5 -7 5 -7 5 -7 5 -7 5 -7 5 -8 5 -8 4 -8 4 -9 4 -9 4 -8 4 -8 4 -8 4 -9 5 -8 4 -8 5 -8 5 -8 5 -8 5 -8 5 -8 5 -8 5 0 0 -8 6 -8 7 -8 7 -8 8 -8 8 -8 8 -8 9 -8 9 -8 9 -9 10 -9 10 -9 10 -9 10 -9 10 -9 12 -9 11 -10 12 -10 12 -9 12 -9 13 -10 12 -10 13 -11 13 -11 12 -11 12 -11 12 0 0 0 0 0 0 0 0 0 0
1784740951.933846,57856,-50,11,1,7,1,-95,1,673440137,128,0 0 0 0 0 0 0 0 0 0 0 0 3 -7 4 -7 4 -7 4 -7 5 -6 5 -6 5 -6 5 -6 5 -6 5 -6 6 -6 5 -6 5 -6 5 -6 6 -6 6 -6 5 -6 5 -6 5 -7 5 -6 5 -6 5 -7 4 -7 4 -7 4 -7 4 -8 0 0 4 -9 4 -9 4 -10 4 -10 4 -10 4 -10 4 -11 4 -11 4 -11 4 -12 4 -12 4 -13 4 -13 4 -14 4 -13 5 -14 5 -14 5 -14 5 -14 5 -15 5 -15 5 -15 5 -15 6 -15 6 -15 6 -15 0 0 0 0 0 0 0 0 0 0
1784740951.933846,57857,-50,11,1,7,1,-95,1,673450126,128,0 0 0 0 0 0 0 0 0 0 0 0 5 5 4 6 4 6 4 6 3 6 3 6 3 6 3 6 3 7 3 7 3 7 3 7 3 7 2 7 3 7 3 7 3 7 3 7 3 7 3 6 4 7 4 6 4 7 4 7 4 7 5 7 0 0 5 7 6 7 6 8 6 8 6 8 7 8 7 8 8 8 8 8 8 9 8 9 8 9 8 9 9 10 9 10 9 9 9 10 9 10 10 11 10 10 10 10 10 11 10 11 9 11 9 11 9 11 0 0 0 0 0 0 0 0 0 0
1784740951.949920,57858,-49,11,1,7,1,-95,1,673460077,128,0 0 0 0 0 0 0 0 0 0 0 0 -9 1 -9 0 -9 0 -9 -1 -9 -1 -9 -1 -9 -1 -9 -1 -9 -2 -9 -2 -9 -3 -9 -3 -9 -3 -9 -3 -9 -3 -9 -2 -9 -2 -10 -2 -9 -2 -9 -2 -9 -2 -9 -2 -10 -2 -9 -2 -10 -2 -10 -2 0 0 -10 -1 -11 -1 -11 -1 -12 0 -11 0 -12 0 -12 0 -12 0 -12 0 -13 0 -13 0 -13 0 -13 0 -13 0 -14 1 -14 1 -15 1 -15 1 -14 1 -15 1 -15 1 -15 1 -15 0 -15 0 -15 0 -15 0 0 0 0 0 0 0 0 0 0 0
1784740951.966155,57859,-48,11,1,7,1,-95,1,673470030,128,0 0 0 0 0 0 0 0 0 0 0 0 2 -9 2 -10 3 -9 3 -9 4 -9 4 -9 4 -9 4 -9 5 -9 5 -9 5 -9 6 -9 6 -9 6 -9 6 -9 6 -8 6 -9 6 -8 6 -9 6 -8 5 -8 5 -9 5 -9 5 -8 5 -9 5 -9 0 0 4 -10 4 -10 4 -10 4 -10 4 -10 4 -11 4 -11 3 -11 4 -12 3 -12 3 -12 3 -12 3 -12 3 -13 3 -13 3 -14 3 -13 3 -14 3 -14 3 -14 3 -14 3 -14 3 -14 3 -14 3 -15 3 -15 0 0 0 0 0 0 0 0 0 0
1784740951.982357,57860,-48,11,1,7,1,-95,1,673480195,128,0 0 0 0 0 0 0 0 0 0 0 0 0 -9 1 -10 2 -10 2 -10 3 -10 3 -10 3 -10 3 -10 4 -10 4 -10 5 -10 5 -10 6 -10 6 -10 6 -10 6 -10 6 -10 6 -10 6 -9 6 -9 6 -10 6 -9 6 -9 6 -9 6 -9 5 -9 0 0 5 -10 5 -10 4 -9 4 -11 4 -10 4 -10 3 -11 3 -11 3 -11 3 -12 4 -12 3 -12 3 -12 3 -12 2 -13 2 -13 3 -13 2 -13 2 -14 2 -14 2 -14 2 -14 3 -14 3 -14 3 -14 3 -14 0 0 0 0 0 0 0 0 0 0
1784740951.982357,57861,-48,11,1,7,1,-95,1,673490050,128,0 0 0 0 0 0 0 0 0 0 0 0 3 -7 3 -7 4 -7 4 -7 4 -7 5 -8 5 -8 5 -7 5 -8 6 -7 7 -7 7 -7 7 -7 7 -7 7 -7 7 -7 7 -7 7 -7 8 -7 8 -7 8 -6 7 -7 8 -7 7 -6 7 -6 7 -7 0 0 7 -7 7 -7 7 -7 7 -8 7 -8 7 -8 6 -8 7 -9 6 -8 7 -9 7 -9 6 -9 6 -9 6 -10 6 -11 6 -11 7 -10 7 -11 6 -11 6 -11 7 -11 6 -11 7 -11 7 -11 7 -11 7 -11 0 0 0 0 0 0 0 0 0 0
1784740951.998232,57862,-47,11,1,7,1,-95,1,673500096,128,0 0 0 0 0 0 0 0 0 0 0 0 -8 1 -9 1 -9 0 -9 0 -9 0 -9 -1 -9 -1 -10 -1 -10 -1 -10 -1 -10 -1 -10 -2 -10 -2 -10 -2 -10 -2 -10 -3 -11 -3 -11 -3 -11 -3 -11 -3 -11 -3 -11 -4 -11 -3 -11 -3 -10 -3 -11 -3 0 0 -11 -3 -11 -3 -11 -3 -11 -3 -11 -2 -11 -3 -11 -2 -11 -2 -11 -2 -12 -2 -12 -1 -12 -1 -12 -1 -12 -1 -12 -1 -13 -1 -13 -1 -13 -1 -13 -1 -14 -1 -14 -1 -14 -1 -13 -1 -14 -1 -13 -1 -14 -1 0 0 0 0 0 0 0 0 0 0
1784740951.998232,57863,-47,11,1,7,1,-95,1,673510105,128,0 0 0 0 0 0 0 0 0 0 0 0 0 8 -1 8 -1 8 -2 8 -2 9 -2 8 -2 9 -2 9 -2 9 -3 9 -3 9 -4 9 -4 9 -4 9 -4 9 -4 9 -4 9 -4 10 -4 9 -4 10 -4 10 -4 9 -5 10 -5 9 -5 9 -4 9 0 0 -4 10 -4 10 -4 9 -4 10 -3 10 -3 10 -3 10 -3 10 -3 10 -2 11 -2 11 -2 11 -2 11 -2 11 -1 12 -1 11 -1 12 -1 12 -1 12 -1 12 -1 12 -1 12 -1 12 -1 12 -1 12 -1 12 0 0 0 0 0 0 0 0 0 0
1784740952.014404,57864,-46,11,1,7,1,-95,1,673520025,128,0 0 0 0 0 0 0 0 0 0 0 0 7 3 7 3 7 4 7 4 7 5 7 5 7 5 7 5 7 5 7 6 7 6 7 6 7 7 7 7 7 7 7 7 7 7 7 7 7 8 7 8 7 8 7 8 7 8 7 8 7 8 7 8 0 0 7 8 7 7 7 7 8 7 8 7 8 7 8 7 8 7 9 7 9 7 9 7 9 7 9 6 9 7 10 6 10 6 10 6 11 6 10 6 11 6 11 6 11 6 11 6 11 6 11 6 11 6 0 0 0 0 0 0 0 0 0 0
1784740952.023588,57865,-46,11,1,7,1,-95,1,673530149,128,0 0 0 0 0 0 0 0 0 0 0 0 -7 3 -7 3 -7 3 -8 3 -8 2 -8 2 -8 2 -9 2 -9 2 -9 2 -9 2 -9 2 -10 2 -10 2 -10 2 -10 1 -11 1 -11 1 -11 1 -11 1 -11 1 -11 1 -11 2 -11 1 -11 1 -11 1 0 0 -11 2 -11 2 -11 2 -11 2 -11 2 -11 2 -12 2 -12 3 -12 3 -12 3 -12 3 -12 4 -13 4 -13 4 -13 4 -13 4 -13 4 -13 4 -13 4 -14 4 -13 5 -14 5 -13 4 -13 4 -14 5 -14 4 0 0 0 0 0 0 0 0 0 0
1784740952.037550,57866,-45,11,1,7,1,-95,1,673540945,128,0 0 0 0 0 0 0 0 0 0 0 0 4 4 4 5 4 5 4 5 3 5 4 6 4 6 4 6 4 6 4 7 3 7 3 7 3 7 3 8 3 8 3 8 3 8 3 9 3 9 3 9 3 9 3 9 4 9 3 9 3 9 3 9 0 0 4 9 4 9 4 10 4 10 4 9 4 10 5 10 5 10 5 10 6 11 6 10 6 10 6 10 6 11 6 11 7 11 7 11 7 11 7 11 7 12 7 12 7 12 7 12 7 12 7 12 7 12 0 0 0 0 0 0 0 0 0 0
1784740952.046437,57867,-45,11,1,7,1,-95,1,673550127,128,0 0 0 0 0 0 0 0 0 0 0 0 5 -3 6 -2 6 -2 7 -2 7 -2 7 -2 7 -2 8 -2 8 -1 8 -1 8 -1 8 -1 9 0 9 -1 9 0 9 0 9 0 9 0 10 0 10 0 10 0 10 1 10 0 10 1 10 1 10 1 0 0 10 1 10 0 11 1 10 0 11 0 11 0 11 0 11 0 11 0 11 -1 11 -1 11 -1 11 -1 12 -1 12 -1 13 -1 12 -1 13 -2 13 -2 13 -2 13 -2 13 -2 13 -2 13 -2 13 -2 14 -2 0 0 0 0 0 0 0 0 0 0
1784740952.049181,57868,-45,11,1,7,1,-95,1,673561797,128,0 0 0 0 0 0 0 0 0 0 0 0 -4 -6 -4 -7 -3 -7 -3 -7 -3 -8 -3 -8 -3 -8 -3 -8 -3 -9 -3 -9 -3 -9 -2 -10 -2 -10 -2 -10 -2 -10 -2 -11 -2 -11 -1 -11 -1 -11 -1 -11 -1 -12 -1 -11 -1 -11 0 -11 0 -11 0 -12 0 0 -1 -12 -1 -11 0 -12 -1 -11 -1 -11 -1 -11 -1 -11 -2 -12 -1 -12 -2 -12 -2 -12 -2 -11 -2 -12 -2 -12 -3 -12 -2 -12 -3 -12 -3 -12 -3 -12 -3 -12 -4 -12 -4 -12 -4 -12 -4 -12 -4 -12 -4 -13 0 0 0 0 0 0 0 0 0 0
1784740952.062306,57869,-46,11,1,6,1,-95,1,673571496,128,0 0 0 0 0 0 0 0 0 0 0 0 -8 0 -7 -1 -8 -1 -8 -1 -8 -2 -8 -2 -8 -2 -9 -2 -9 -2 -9 -2 -9 -3 -9 -3 -10 -4 -10 -4 -10 -4 -10 -5 -10 -5 -10 -5 -10 -5 -10 -5 -10 -5 -10 -6 -10 -6 -10 -6 -10 -6 -10 -6 0 0 -10 -6 -10 -6 -10 -6 -10 -6 -10 -5 -10 -6 -10 -6 -10 -5 -10 -5 -11 -5 -10 -5 -11 -5 -11 -5 -11 -5 -11 -5 -11 -5 -11 -5 -11 -5 -12 -4 -12 -4 -12 -4 -12 -4 -12 -4 -12 -4 -12 -4 -12 -3 0 0 0 0 0 0 0 0 0 0
1784740952.078160,57870,-45,11,1,7,1,-95,1,673581873,128,0 0 0 0 0 0 0 0 0 0 0 0 -4 6 -4 6 -4 6 -5 6 -5 6 -5 6 -5 6 -6 6 -6 7 -6 6 -7 6 -7 6 -8 6 -8 6 -8 7 -8 7 -8 7 -9 7 -9 6 -9 7 -9 6 -9 6 -9 6 -9 6 -9 6 -9 6 0 0 -9 6 -9 6 -9 6 -9 7 -9 6 -9 7 -8 7 -9 7 -8 7 -9 8 -9 7 -9 7 -9 7 -8 7 -8 8 -8 8 -9 8 -8 8 -8 9 -8 9 -8 9 -8 9 -8 9 -8 9 -8 9 -8 9 0 0 0 0 0 0 0 0 0 0
1784740952.078160,57871,-45,11,1,6,1,-95,1,673591534,128,0 0 0 0 0 0 0 0 0 0 0 0 1 6 0 7 0 7 0 7 -1 7 -1 7 -1 7 -1 8 -1 8 -1 8 -2 8 -2 8 -2 9 -2 9 -2 9 -3 9 -3 9 -3 9 -3 10 -3 9 -3 10 -3 9 -3 9 -4 9 -3 9 -4 10 0 0 -3 10 -3 10 -3 10 -3 10 -2 10 -3 10 -2 10 -2 10 -2 10 -2 11 -2 11 -2 11 -2 11 -2 11 -1 11 -1 12 -1 12 -1 12 -1 12 0 12 -1 12 0 12 -1 12 -1 12 -1 12 -1 12 0 0 0 0 0 0 0 0 0 0
1784740952.094116,57872,-44,11,1,7,1,-95,1,673600178,128,0 0 0 0 0 0 0 0 0 0 0 0 3 -7 3 -6 4 -7 4 -6 4 -6 4 -6 5 -7 5 -6 5 -7 6 -7 6 -6 6 -6 6 -7 6 -6 6 -7 7 -7 7 -7 7 -7 7 -7 8 -7 8 -7 7 -7 8 -7 8 -7 8 -6 8 -7 0 0 8 -7 8 -7 8 -7 8 -8 8 -8 8 -8 8 -8 8 -8 8 -9 8 -9 8 -9 8 -9 8 -9 8 -9 8 -10 8 -10 9 -10 8 -10 8 -10 9 -11 9 -11 8 -11 9 -11 9 -11 9 -11 9 -11 0 0 0 0 0 0 0 0 0 0
1784740952.094116,57873,-44,11,1,7,1,-95,1,673610051,128,0 0 0 0 0 0 0 0 0 0 0 0 -7 2 -8 1 -8 1 -8 1 -8 0 -8 0 -8 0 -9 0 -9 0 -9 0 -9 0 -10 -1 -10 -1 -10 -1 -10 -1 -10 -2 -11 -2 -10 -2 -11 -2 -11 -2 -11 -2 -10 -2 -10 -2 -11 -2 -10 -2 -11 -2 0 0 -11 -2 -11 -2 -11 -2 -11 -2 -11 -1 -11 -1 -11 -1 -12 -1 -12 -1 -12 0 -12 -1 -12 0 -13 0 -13 0 -13 0 -14 0 -13 0 -14 0 -14 0 -14 0 -14 0 -14 0 -14 0 -14 0 -14 0 -14 0 0 0 0 0 0 0 0 0 0 0
1784740952.114642,57874,-45,11,1,7,1,-95,1,673620134,128,0 0 0 0 0 0 0 0 0 0 0 0 2 7 1 7 1 8 1 8 0 8 0 8 0 8 0 9 0 9 0 9 -1 9 -1 10 -2 10 -2 10 -2 10 -2 10 -2 10 -3 10 -3 10 -3 10 -2 10 -3 10 -2 10 -3 10 -3 10 -3 10 0 0 -2 10 -2 10 -2 10 -2 10 -1 10 -1 11 -1 11 -1 11 0 11 0 11 0 11 0 11 0 11 0 12 1 12 1 12 1 12 1 12 1 12 2 12 2 12 2 12 2 12 2 13 2 13 2 13 0 0 0 0 0 0 0 0 0 0
1784740952.128775,57875,-45,11,1,7,1,-95,1,673631396,128,0 0 0 0 0 0 0 0 0 0 0 0 6 -3 6 -3 7 -2 7 -2 7 -2 8 -2 8 -1 8 -1 8 -1 9 -1 9 -1 9 0 9 0 9 0 9 0 10 1 10 1 10 1 10 1 10 1 10 1 10 2 10 1 10 1 10 1 10 1 0 0 10 1 10 1 10 1 10 1 10 0 10 0 10 0 10 0 11 0 11 -1 11 -1 11 -1 11 -1 11 -1 11 -1 12 -1 12 -2 12 -2 12 -2 12 -2 12 -2 12 -2 12 -2 12 -2 13 -3 13 -2 0 0 0 0 0 0 0 0 0 0
1784740952.137726,57876,-45,11,1,7,1,-95,1,673640057,128,0 0 0 0 0 0 0 0 0 0 0 0 3 4 3 5 3 5 3 6 3 6 3 6 3 6 3 7 3 7 2 7 2 8 2 8 2 8 2 9 2 9 1 9 1 9 1 9 1 9 1 9 1 10 1 10 1 10 1 9 1 9 1 10 0 0 1 10 1 10 1 10 2 10 2 10 2 10 2 10 2 10 2 10 3 11 3 11 3 11 3 11 3 11 3 11 3 12 3 11 4 11 4 12 4 12 4 12 4 12 4 12 4 12 4 12 4 12 0 0 0 0 0 0 0 0 0 0
1784740952.146748,57877,-45,11,1,7,1,-95,1,673650100,128,0 0 0 0 0 0 0 0 0 0 0 0 4 4 4 4 4 5 4 5 4 5 4 5 4 6 4 6 4 6 4 7 4 7 4 7 3 8 3 8 3 8 4 8 3 8 3 9 3 9 3 9 3 9 3 9 3 9 3 9 3 9 3 9 0 0 3 9 4 9 3 9 4 10 4 9 4 9 5 9 5 9 5 9 5 10 5 10 5 10 5 10 5 10 6 10 6 10 6 11 6 11 7 10 7 11 7 11 7 11 7 12 7 12 7 12 7 11 0 0 0 0 0 0 0 0 0 0
1784740952.158366,57878,-46,11,1,7,1,-95,1,673660028,128,0 0 0 0 0 0 0 0 0 0 0 0 -5 4 -6 4 -6 4 -7 4 -7 4 -7 4 -7 4 -8 4 -8 4 -8 3 -9 3 -9 3 -9 3 -9 3 -10 3 -10 3 -10 3 -10 3 -10 3 -10 3 -10 2 -10 2 -10 2 -11 2 -10 2 -11 2 0 0 -11 3 -10 3 -10 3 -10 3 -10 4 -10 4 -10 4 -10 4 -10 4 -11 5 -10 5 -10 5 -11 5 -11 5 -11 6 -11 6 -11 6 -11 7 -11 7 -11 7 -12 7 -12 8 -12 7 -12 7 -12 7 -13 7 0 0 0 0 0 0 0 0 0 0
1784740952.158366,57879,-46,11,1,7,1,-95,1,673670347,128,0 0 0 0 0 0 0 0 0 0 0 0 3 -7 3 -7 4 -7 4 -7 4 -7 5 -8 5 -7 5 -8 6 -7 6 -8 6 -7 7 -8 7 -7 7 -7 8 -7 8 -7 8 -7 8 -7 8 -7 8 -6 8 -7 9 -6 8 -6 8 -6 8 -6 8 -6 0 0 8 -6 8 -6 8 -6 7 -7 7 -7 7 -7 7 -7 7 -8 7 -8 7 -8 7 -9 6 -9 6 -9 7 -9 6 -10 7 -10 6 -10 7 -11 7 -11 7 -11 7 -11 7 -11 6 -11 7 -12 7 -12 7 -12 0 0 0 0 0 0 0 0 0 0
1784740952.174388,57880,-47,11,1,7,1,-95,1,673680089,128,0 0 0 0 0 0 0 0 0 0 0 0 1 7 0 7 0 8 -1 8 -1 8 -1 8 -1 9 -1 9 -1 9 -2 9 -3 10 -3 9 -3 9 -4 9 -4 9 -4 10 -4 9 -5 10 -5 9 -5 10 -4 9 -5 9 -5 9 -5 9 -5 9 -5 9 0 0 -4 9 -4 9 -3 8 -3 10 -3 9 -3 9 -2 9 -2 10 -2 10 -2 11 -2 10 -1 10 -1 10 -1 10 0 11 0 11 -1 12 0 12 0 12 1 13 1 12 1 12 0 13 0 13 0 14 0 13 0 0 0 0 0 0 0 0 0 0
1784740952.174388,57881,-47,11,1,7,1,-95,1,673690105,128,0 0 0 0 0 0 0 0 0 0 0 0 0 7 0 7 -1 7 -1 7 -1 7 -1 7 -2 8 -2 8 -2 8 -2 8 -3 8 -3 8 -4 8 -4 8 -4 9 -4 8 -5 9 -5 8 -5 8 -5 8 -5 9 -5 8 -5 8 -5 8 -5 8 -5 8 0 0 -5 8 -4 8 -5 9 -4 9 -4 9 -4 9 -4 9 -4 10 -4 10 -3 10 -3 10 -3 10 -3 10 -4 10 -3 11 -3 11 -3 11 -3 12 -3 12 -3 12 -3 12 -3 13 -3 13 -4 13 -4 13 -3 13 0 0 0 0 0 0 0 0 0 0
1784740952.190301,57882,-47,11,1,7,1,-95,1,673700090,128,0 0 0 0 0 0 0 0 0 0 0 0 4 -7 4 -7 4 -6 5 -6 5 -6 5 -6 6 -6 6 -7 6 -6 6 -6 7 -6 7 -6 7 -6 8 -6 8 -6 8 -6 8 -6 8 -6 8 -6 8 -6 8 -6 9 -6 8 -6 8 -6 8 -6 8 -6 0 0 8 -7 8 -7 8 -7 8 -7 8 -7 8 -8 8 -7 8 -8 8 -8 8 -8 8 -9 8 -9 8 -9 8 -9 8 -9 8 -9 9 -9 9 -10 9 -10 9 -11 9 -11 9 -11 9 -11 9 -11 9 -11 9 -11 0 0 0 0 0 0 0 0 0 0
1784740952.206229,57883,-47,11,1,7,1,-95,1,673710108,128,0 0 0 0 0 0 0 0 0 0 0 0 1 -8 2 -8 2 -8 3 -8 3 -8 3 -8 4 -8 4 -8 4 -8 5 -8 5 -8 5 -8 5 -8 6 -8 6 -8 6 -8 6 -8 6 -9 6 -8 6 -8 6 -8 6 -8 7 -9 7 -8 6 -8 6 -8 0 0 6 -9 6 -9 6 -9 6 -10 6 -9 6 -10 6 -10 6 -10 6 -10 6 -11 6 -11 5 -11 5 -11 6 -11 5 -12 5 -12 6 -12 6 -12 5 -13 5 -13 6 -13 6 -13 6 -13 6 -13 6 -13 6 -13 0 0 0 0 0 0 0 0 0 0
1784740952.206229,57884,-48,11,1,7,1,-95,1,673720022,128,0 0 0 0 0 0 0 0 0 0 0 0 3 5 3 6 2 6 2 7 2 7 2 7 2 7 2 7 2 7 1 8 1 8 1 8 1 8 1 8 1 9 1 9 1 9 0 9 0 9 1 9 1 9 1 9 1 9 0 9 0 9 1 9 0 0 1 9 2 9 2 10 2 9 2 9 2 9 3 10 3 10 3 10 3 10 3 10 4 10 3 11 4 11 4 11 4 12 4 11 4 12 4 12 5 12 5 12 5 12 4 12 4 12 4 12 4 13 0 0 0 0 0 0 0 0 0 0
1784740952.224187,57885,-48,11,1,7,1,-95,1,673730105,128,0 0 0 0 0 0 0 0 0 0 0 0 0 -7 1 -7 1 -8 2 -7 2 -8 2 -8 2 -8 2 -8 2 -8 3 -8 3 -8 3 -8 3 -8 4 -8 4 -8 4 -8 4 -8 4 -9 4 -8 4 -8 4 -9 4 -9 4 -9 4 -9 4 -9 4 -9 0 0 4 -9 4 -10 4 -9 4 -10 3 -10 4 -10 4 -10 3 -11 4 -11 3 -11 4 -11 3 -12 3 -12 3 -12 3 -12 3 -12 3 -13 3 -13 3 -13 3 -13 3 -14 3 -14 3 -14 4 -14 3 -14 4 -14 0 0 0 0 0 0 0 0 0 0
1784740952.238294,57886,-44,11,1,6,0,-95,1,673742176,128,0 0 0 0 0 0 0 0 0 0 0 0 5 -6 6 -6 6 -5 7 -5 7 -5 7 -5 7 -5 8 -5 8 -5 8 -5 9 -5 9 -5 9 -5 10 -4 10 -4 10 -4 11 -4 11 -4 11 -4 11 -3 11 -4 11 -3 11 -4 11 -3 12 -4 12 -4 0 0 12 -4 12 -4 12 -4 12 -4 12 -4 12 -4 12 -5 12 -5 13 -5 12 -5 13 -6 12 -6 13 -6 13 -6 13 -6 14 -6 14 -7 14 -7 14 -7 14 -7 14 -7 15 -7 14 -7 15 -7 15 -7 15 -7 0 0 0 0 0 0 0 0 0 0
1784740952.238294,57887,-46,11,1,7,1,-95,1,673750204,128,0 0 0 0 0 0 0 0 0 0 0 0 -6 -3 -6 -3 -6 -4 -6 -4 -7 -4 -7 -4 -7 -4 -7 -4 -7 -5 -7 -5 -7 -5 -7 -6 -7 -6 -7 -6 -8 -6 -7 -7 -8 -7 -7 -7 -8 -7 -7 -7 -8 -7 -8 -7 -8 -7 -8 -7 -8 -7 -8 -7 0 0 -9 -7 -9 -7 -9 -8 -9 -7 -9 -7 -10 -7 -10 -7 -10 -7 -10 -7 -11 -7 -11 -7 -11 -7 -11 -7 -12 -7 -12 -7 -12 -7 -12 -7 -12 -8 -13 -7 -13 -7 -13 -7 -13 -7 -13 -8 -13 -8 -13 -8 -14 -8 0 0 0 0 0 0 0 0 0 0
1784740952.257301,57888,-47,11,1,7,1,-95,1,673760036,128,0 0 0 0 0 0 0 0 0 0 0 0 -6 -2 -6 -2 -6 -2 -6 -3 -6 -3 -6 -3 -6 -3 -7 -3 -7 -3 -7 -3 -7 -3 -7 -4 -7 -4 -7 -4 -7 -4 -8 -4 -8 -5 -8 -4 -8 -4 -8 -4 -8 -5 -8 -5 -9 -5 -8 -5 -8 -5 -9 -5 0 0 -9 -5 -10 -5 -10 -5 -10 -5 -10 -5 -10 -5 -10 -5 -11 -5 -11 -5 -12 -5 -11 -5 -12 -5 -12 -5 -12 -5 -12 -5 -12 -6 -13 -6 -13 -6 -13 -6 -13 -6 -13 -6 -14 -6 -14 -6 -14 -6 -14 -6 -14 -7 0 0 0 0 0 0 0 0 0 0
1784740952.270194,57889,-47,11,1,7,1,-95,1,673770073,128,0 0 0 0 0 0 0 0 0 0 0 0 5 -3 5 -3 5 -3 5 -3 5 -3 5 -3 5 -3 6 -3 6 -3 6 -2 6 -2 6 -2 7 -2 7 -2 7 -2 7 -2 7 -2 7 -2 7 -2 8 -2 8 -2 8 -2 8 -2 8 -2 8 -2 8 -2 0 0 8 -2 8 -3 9 -3 9 -3 9 -3 9 -3 9 -3 10 -3 9 -3 10 -3 10 -4 10 -4 10 -4 10 -4 11 -4 11 -4 11 -4 12 -4 11 -4 12 -5 12 -5 12 -5 12 -5 12 -4 13 -4 13 -4 0 0 0 0 0 0 0 0 0 0
1784740952.270194,57890,-47,11,1,7,1,-95,1,673780080,128,0 0 0 0 0 0 0 0 0 0 0 0 -4 -6 -4 -6 -4 -7 -4 -7 -3 -7 -3 -7 -3 -7 -3 -8 -3 -8 -3 -8 -3 -8 -3 -8 -2 -9 -2 -9 -2 -9 -1 -9 -1 -9 -1 -9 -1 -9 -1 -9 -1 -9 -1 -9 -1 -9 -1 -9 -1 -9 -1 -10 0 0 -1 -10 -1 -10 -1 -10 -2 -10 -2 -10 -2 -10 -2 -10 -2 -10 -2 -10 -3 -10 -3 -11 -3 -11 -3 -11 -3 -11 -3 -11 -3 -12 -3 -11 -3 -12 -3 -12 -3 -13 -3 -13 -3 -13 -3 -13 -3 -13 -3 -13 -4 -14 0 0 0 0 0 0 0 0 0 0
1784740952.286309,57891,-46,11,1,6,1,-95,1,673791235,128,0 0 0 0 0 0 0 0 0 0 0 0 1 7 1 7 0 7 0 8 -1 8 -1 8 -1 8 -1 8 -1 8 -2 8 -2 8 -2 9 -3 8 -3 9 -3 9 -3 9 -3 9 -3 9 -3 9 -3 9 -4 9 -4 9 -3 9 -4 9 -4 9 -4 9 0 0 -4 9 -3 9 -4 10 -3 10 -3 10 -3 10 -2 10 -2 10 -2 10 -2 11 -2 11 -2 11 -2 11 -2 11 -1 12 -1 12 -1 12 -1 12 -1 12 -1 13 -1 13 -1 13 -1 13 -1 13 -1 13 -1 14 0 0 0 0 0 0 0 0 0 0
1784740952.286309,57892,-44,11,1,7,1,-95,1,673800086,128,0 0 0 0 0 0 0 0 0 0 0 0 7 -1 7 -1 7 -1 7 0 7 0 8 0 8 0 8 1 8 1 8 1 8 2 9 2 9 2 9 2 9 2 9 3 9 3 9 3 9 3 9 3 9 3 9 3 10 3 9 4 9 4 9 4 0 0 9 3 10 3 9 4 10 3 10 3 10 3 10 3 10 3 10 3 11 3 10 3 10 2 11 2 11 2 11 2 11 2 11 2 12 1 12 1 12 1 12 1 12 1 13 1 12 2 13 1 13 1 0 0 0 0 0 0 0 0 0 0
1784740952.302390,57893,-44,11,1,7,1,-95,1,673812277,128,0 0 0 0 0 0 0 0 0 0 0 0 -2 7 -2 8 -3 7 -3 8 -4 8 -4 8 -4 8 -4 8 -5 8 -5 8 -5 8 -6 8 -6 8 -7 8 -7 8 -7 8 -7 8 -7 8 -7 8 -7 8 -7 8 -8 8 -8 8 -8 8 -8 7 -8 8 0 0 -8 8 -8 8 -8 8 -7 8 -7 8 -7 8 -7 8 -7 8 -7 9 -7 9 -7 8 -7 9 -7 9 -6 9 -6 9 -6 10 -6 10 -6 10 -6 10 -6 11 -5 11 -6 11 -6 10 -6 11 -6 11 -5 11 0 0 0 0 0 0 0 0 0 0
1784740952.302390,57894,-45,11,1,7,1,-95,1,673820137,128,0 0 0 0 0 0 0 0 0 0 0 0 -6 -7 -5 -7 -5 -8 -5 -8 -5 -9 -4 -8 -5 -9 -4 -9 -4 -10 -4 -10 -3 -10 -3 -11 -3 -11 -2 -11 -3 -11 -3 -11 -3 -11 -3 -12 -2 -11 -3 -12 -3 -12 -3 -11 -2 -12 -1 -11 -1 -11 -2 -11 0 0 -2 -11 -2 -12 -2 -11 -3 -12 -3 -11 -3 -11 -4 -11 -4 -11 -4 -11 -4 -12 -4 -11 -4 -11 -4 -11 -4 -11 -5 -11 -5 -11 -5 -11 -6 -11 -6 -11 -7 -11 -6 -11 -7 -11 -6 -12 -6 -12 -6 -12 -7 -12 0 0 0 0 0 0 0 0 0 0
1784740952.324703,57895,-45,11,1,7,1,-95,1,673830017,128,0 0 0 0 0 0 0 0 0 0 0 0 -1 -8 0 -9 0 -9 0 -9 1 -9 1 -9 1 -9 2 -9 2 -9 2 -9 3 -10 3 -10 3 -10 3 -10 3 -10 4 -10 4 -10 4 -10 4 -10 4 -10 4 -10 5 -10 4 -10 5 -10 5 -10 5 -10 0 0 5 -10 5 -10 5 -11 5 -10 5 -11 4 -11 4 -11 4 -11 4 -11 4 -11 4 -12 4 -12 4 -12 4 -12 3 -12 4 -13 4 -12 4 -13 4 -13 3 -13 3 -13 4 -13 3 -13 4 -13 3 -13 3 -14 0 0 0 0 0 0 0 0 0 0
1784740952.337579,57896,-45,11,1,7,1,-95,1,673840372,128,0 0 0 0 0 0 0 0 0 0 0 0 -2 7 -2 7 -3 7 -3 7 -4 7 -4 7 -4 7 -4 7 -5 7 -5 7 -5 7 -5 8 -6 8 -6 8 -6 8 -7 8 -7 8 -7 8 -7 8 -7 8 -7 8 -7 8 -7 8 -8 8 -7 8 -7 8 0 0 -8 8 -7 8 -7 8 -7 8 -7 8 -7 9 -7 9 -7 9 -7 9 -7 10 -7 9 -6 9 -7 10 -6 10 -6 10 -6 10 -6 10 -6 11 -6 11 -6 11 -6 11 -6 11 -6 11 -6 11 -6 11 -6 12 0 0 0 0 0 0 0 0 0 0
1784740952.337579,57897,-44,11,1,7,1,-95,1,673850065,128,0 0 0 0 0 0 0 0 0 0 0 0 -5 -6 -5 -7 -4 -7 -4 -7 -4 -8 -4 -8 -4 -8 -4 -8 -4 -9 -4 -9 -3 -9 -3 -10 -3 -10 -3 -10 -3 -10 -3 -11 -3 -11 -3 -11 -3 -11 -3 -11 -2 -11 -2 -12 -2 -12 -2 -12 -1 -12 -2 -12 0 0 -2 -12 -2 -12 -2 -12 -2 -12 -2 -11 -2 -12 -3 -11 -3 -12 -3 -12 -3 -12 -3 -12 -3 -12 -3 -12 -3 -12 -5 -12 -4 -12 -4 -13 -4 -12 -4 -12 -5 -12 -5 -12 -5 -12 -5 -13 -5 -13 -5 -13 -5 -12 0 0 0 0 0 0 0 0 0 0
1784740952.350422,57898,-45,11,1,7,1,-95,1,673860130,128,0 0 0 0 0 0 0 0 0 0 0 0 0 -8 1 -8 1 -8 2 -8 2 -8 2 -8 2 -8 3 -8 3 -8 3 -9 3 -9 3 -9 4 -9 4 -9 4 -10 4 -9 5 -10 4 -10 5 -10 5 -10 5 -10 5 -10 5 -10 5 -10 5 -10 5 -10 0 0 5 -10 5 -10 6 -11 5 -10 5 -11 5 -11 5 -11 5 -11 5 -11 5 -11 5 -12 4 -12 4 -12 5 -12 4 -12 5 -13 4 -12 4 -13 4 -13 4 -13 4 -13 4 -13 4 -13 4 -13 4 -13 4 -13 0 0 0 0 0 0 0 0 0 0
1784740952.366165,57899,-45,11,1,7,1,-95,1,673870089,128,0 0 0 0 0 0 0 0 0 0 0 0 -7 3 -7 3 -8 3 -8 2 -8 2 -8 2 -8 2 -9 2 -9 2 -9 2 -9 1 -9 1 -10 1 -10 1 -10 1 -10 1 -10 1 -10 1 -10 1 -10 1 -10 1 -11 1 -11 1 -11 1 -11 1 -11 1 0 0 -11 1 -12 1 -11 1 -12 2 -11 2 -12 2 -12 2 -12 2 -12 2 -13 3 -13 3 -13 3 -13 3 -13 3 -13 3 -14 3 -14 3 -14 3 -14 3 -14 3 -14 3 -14 3 -14 4 -15 3 -14 3 -15 3 0 0 0 0 0 0 0 0 0 0
1784740952.366165,57900,-45,11,1,7,1,-95,1,673882170,128,0 0 0 0 0 0 0 0 0 0 0 0 -1 -8 0 -8 1 -9 1 -8 1 -9 1 -9 1 -9 2 -9 2 -9 3 -9 3 -9 3 -9 3 -9 4 -9 4 -9 4 -10 4 -10 4 -10 4 -10 4 -10 4 -10 4 -10 5 -10 5 -10 5 -10 5 -10 0 0 5 -10 4 -11 4 -10 4 -11 4 -11 4 -11 4 -11 4 -11 4 -11 4 -12 4 -12 4 -12 4 -12 4 -12 3 -13 3 -13 4 -13 3 -13 3 -13 3 -14 3 -13 3 -14 4 -14 4 -14 4 -14 4 -14 0 0 0 0 0 0 0 0 0 0
1784740952.381907,57901,-41,11,1,7,0,-95,1,673890284,128,0 0 0 0 0 0 0 0 0 0 0 0 -6 4 -7 4 -7 4 -7 3 -8 3 -8 3 -8 3 -8 3 -9 3 -9 3 -9 2 -10 2 -10 2 -10 2 -11 2 -11 2 -11 2 -11 2 -11 2 -11 2 -11 2 -11 2 -12 2 -12 1 -12 1 -12 1 0 0 -12 1 -12 1 -12 1 -12 2 -11 2 -12 2 -12 2 -12 2 -12 2 -12 3 -12 3 -12 3 -12 3 -12 3 -12 4 -12 4 -13 4 -13 4 -13 4 -13 5 -13 4 -13 5 -13 5 -14 5 -13 5 -13 5 0 0 0 0 0 0 0 0 0 0
1784740952.381907,57902,-44,11,1,7,1,-95,1,673900163,128,0 0 0 0 0 0 0 0 0 0 0 0 -8 -1 -8 -2 -8 -2 -8 -2 -8 -3 -8 -3 -8 -3 -8 -3 -8 -3 -9 -4 -9 -4 -9 -4 -9 -4 -9 -4 -10 -5 -10 -5 -10 -5 -10 -5 -10 -6 -10 -6 -10 -6 -10 -6 -11 -6 -10 -6 -10 -6 -10 -6 0 0 -10 -7 -11 -7 -10 -6 -11 -6 -11 -6 -11 -6 -11 -6 -11 -6 -11 -6 -12 -6 -12 -6 -12 -5 -12 -5 -12 -5 -13 -6 -13 -6 -13 -6 -13 -5 -14 -5 -14 -5 -14 -5 -14 -6 -14 -6 -14 -6 -14 -6 -14 -6 0 0 0 0 0 0 0 0 0 0
1784740952.400579,57903,-44,11,1,7,1,-95,1,673910054,128,0 0 0 0 0 0 0 0 0 0 0 0 3 -8 3 -8 4 -8 4 -8 4 -8 4 -7 5 -8 5 -8 5 -8 6 -7 6 -7 6 -7 6 -7 6 -8 6 -8 6 -8 7 -8 7 -8 7 -8 7 -8 7 -8 7 -8 7 -8 7 -8 7 -8 7 -8 0 0 7 -9 7 -9 7 -9 7 -9 7 -10 7 -9 6 -10 7 -10 6 -10 7 -11 7 -11 7 -11 6 -11 7 -11 6 -12 6 -12 7 -12 6 -13 6 -13 7 -13 7 -13 6 -14 7 -13 7 -13 8 -14 8 -14 0 0 0 0 0 0 0 0 0 0
1784740952.413731,57904,-44,11,1,7,1,-95,1,673920102,128,0 0 0 0 0 0 0 0 0 0 0 0 -3 7 -3 7 -4 7 -4 7 -5 7 -5 7 -5 7 -5 7 -6 7 -6 7 -6 7 -6 7 -6 7 -7 7 -7 7 -7 7 -7 7 -7 7 -7 7 -7 7 -7 7 -7 7 -7 8 -7 7 -7 7 -7 8 0 0 -7 8 -7 8 -7 8 -7 8 -7 8 -7 9 -7 9 -6 9 -7 9 -6 10 -7 10 -6 10 -6 11 -7 11 -6 11 -7 11 -6 11 -6 12 -7 12 -6 12 -6 12 -7 12 -7 12 -7 12 -7 13 -7 13 0 0 0 0 0 0 0 0 0 0
1784740952.425129,57905,-45,11,1,7,1,-95,1,673930105,128,0 0 0 0 0 0 0 0 0 0 0 0 -7 2 -7 2 -8 1 -7 1 -8 1 -8 1 -8 1 -8 1 -8 1 -9 0 -9 0 -9 0 -9 0 -9 0 -9 0 -10 0 -10 0 -10 0 -10 0 -10 0 -10 0 -11 0 -11 0 -11 0 -11 0 -11 0 0 0 -11 1 -12 1 -11 1 -12 1 -12 1 -12 1 -12 2 -13 2 -12 2 -13 2 -13 2 -13 2 -13 2 -13 2 -14 3 -14 3 -14 2 -14 3 -14 3 -15 3 -15 3 -15 3 -15 3 -15 2 -15 3 -15 3 0 0 0 0 0 0 0 0 0 0
1784740952.429524,57906,-46,11,1,7,1,-95,1,673940120,128,0 0 0 0 0 0 0 0 0 0 0 0 -5 -5 -5 -5 -5 -5 -5 -5 -5 -5 -5 -6 -5 -6 -5 -6 -5 -6 -5 -6 -5 -7 -5 -7 -5 -7 -5 -7 -6 -8 -6 -8 -6 -8 -6 -8 -6 -8 -6 -8 -6 -8 -6 -9 -6 -9 -6 -9 -6 -9 -6 -9 0 0 -7 -9 -7 -9 -7 -10 -7 -9 -7 -9 -7 -9 -8 -9 -8 -10 -8 -9 -9 -10 -9 -10 -9 -10 -9 -10 -9 -10 -10 -10 -10 -11 -10 -11 -10 -11 -10 -11 -11 -11 -11 -11 -11 -11 -10 -11 -11 -12 -11 -12 -11 -12 0 0 0 0 0 0 0 0 0 0
1784740952.445599,57907,-45,11,1,7,1,-95,1,673950620,128,0 0 0 0 0 0 0 0 0 0 0 0 -5 5 -5 5 -6 4 -6 4 -7 4 -7 4 -7 4 -7 4 -8 4 -8 4 -8 4 -8 4 -9 4 -9 4 -9 4 -10 4 -10 4 -10 4 -10 4 -10 4 -10 4 -11 4 -10 4 -11 3 -10 3 -11 4 0 0 -11 4 -11 4 -11 4 -11 4 -11 4 -11 4 -11 5 -11 5 -11 5 -11 6 -11 6 -11 6 -11 6 -12 6 -12 6 -12 7 -12 6 -12 7 -13 7 -13 7 -13 7 -13 7 -13 7 -13 7 -13 7 -14 8 0 0 0 0 0 0 0 0 0 0
1784740952.445599,57908,-44,11,1,7,1,-95,1,673960100,128,0 0 0 0 0 0 0 0 0 0 0 0 7 3 6 3 6 4 6 4 6 5 6 5 6 5 7 6 6 6 6 6 6 6 6 7 6 7 6 8 7 8 6 8 6 8 6 8 6 9 6 9 6 9 6 9 6 9 6 9 5 9 6 9 0 0 6 9 6 9 6 9 6 9 6 9 6 9 7 9 7 9 7 9 8 9 8 8 8 8 8 8 9 9 8 9 9 9 9 9 9 9 9 9 10 9 10 9 10 9 10 9 10 9 10 9 10 10 0 0 0 0 0 0 0 0 0 0
1784740952.466275,57909,-44,11,1,7,1,-95,1,673972476,128,0 0 0 0 0 0 0 0 0 0 0 0 -5 5 -5 5 -6 5 -6 5 -7 5 -7 5 -7 5 -7 5 -7 5 -8 5 -8 5 -9 5 -9 5 -9 4 -9 5 -9 5 -9 5 -10 5 -10 5 -10 5 -10 5 -10 5 -11 5 -10 4 -11 4 -11 5 0 0 -11 5 -11 5 -10 5 -11 5 -10 5 -10 5 -10 6 -11 6 -10 6 -11 7 -11 7 -11 7 -11 7 -10 7 -11 8 -10 8 -11 8 -11 8 -11 9 -11 9 -11 9 -11 9 -11 9 -12 8 -12 9 -12 9 0 0 0 0 0 0 0 0 0 0
1784740952.477372,57910,-44,11,1,7,1,-95,1,673980071,128,0 0 0 0 0 0 0 0 0 0 0 0 3 6 2 6 2 6 2 7 2 7 2 7 1 7 1 8 1 8 1 8 1 8 1 8 0 9 0 9 1 9 0 9 0 10 0 9 0 10 0 10 0 10 0 10 0 10 0 10 0 11 0 11 0 0 0 11 0 11 0 11 0 11 0 11 0 11 0 11 1 11 0 11 1 12 1 12 1 12 1 12 1 12 2 13 2 13 2 13 2 13 2 13 2 13 2 14 3 14 2 14 2 14 2 14 2 14 0 0 0 0 0 0 0 0 0 0
1784740952.477372,57911,-44,11,1,7,1,-95,1,673991013,128,0 0 0 0 0 0 0 0 0 0 0 0 6 3 6 4 6 4 5 4 5 5 5 5 5 5 5 5 5 5 5 6 5 6 5 6 5 6 5 6 5 7 5 7 6 7 6 7 6 8 5 8 6 8 5 8 6 8 6 8 5 8 6 8 0 0 6 8 6 8 6 8 7 9 6 8 6 8 6 8 7 8 7 8 8 8 8 8 8 8 8 8 8 8 9 8 9 8 9 9 9 9 9 9 9 9 10 9 10 9 10 9 10 9 10 9 10 10 0 0 0 0 0 0 0 0 0 0
1784740952.493261,57912,-44,11,1,7,1,-95,1,674000104,128,0 0 0 0 0 0 0 0 0 0 0 0 0 8 0 8 -1 8 -1 9 -2 8 -2 9 -2 9 -3 9 -3 9 -3 9 -3 9 -4 9 -4 9 -4 9 -4 10 -4 10 -5 10 -5 10 -5 10 -5 10 -5 10 -5 10 -5 10 -5 10 -5 10 -6 10 0 0 -6 10 -5 11 -5 11 -5 11 -5 11 -5 11 -5 11 -4 11 -4 11 -4 12 -4 12 -4 12 -4 12 -4 12 -4 13 -3 13 -4 13 -3 13 -3 13 -3 14 -4 14 -4 14 -4 14 -4 14 -4 14 -4 14 0 0 0 0 0 0 0 0 0 0
1784740952.509094,57913,-44,11,1,7,1,-95,1,674010094,128,0 0 0 0 0 0 0 0 0 0 0 0 -7 3 -8 2 -8 2 -9 2 -9 1 -9 1 -9 1 -9 1 -10 1 -10 1 -10 1 -10 1 -10 0 -11 1 -11 0 -11 0 -11 0 -11 0 -12 0 -12 0 -12 0 -12 -1 -12 0 -12 0 -12 0 -12 0 0 0 -13 0 -13 -1 -12 0 -12 0 -12 0 -12 0 -13 0 -13 0 -13 0 -13 1 -13 1 -13 2 -13 2 -14 2 -14 2 -14 2 -14 2 -14 2 -14 2 -14 2 -14 3 -15 2 -14 2 -15 2 -15 3 -15 2 0 0 0 0 0 0 0 0 0 0
1784740952.509094,57914,-44,11,1,7,1,-95,1,674021974,128,0 0 0 0 0 0 0 0 0 0 0 0 6 -3 6 -3 7 -2 7 -2 7 -2 7 -2 7 -2 8 -2 8 -1 8 -1 8 -1 8 -1 8 -1 8 -1 9 -1 9 -1 9 -1 9 -1 10 -1 9 0 10 -1 10 0 10 -1 10 -1 10 -1 10 -1 0 0 11 0 11 -1 11 0 11 -1 11 -1 11 -1 11 -1 12 -1 12 -1 12 -2 12 -2 12 -2 13 -2 13 -2 13 -2 14 -2 13 -2 14 -2 14 -2 14 -2 15 -3 15 -2 14 -2 15 -2 15 -2 16 -2 0 0 0 0 0 0 0 0 0 0
1784740952.525536,57915,-43,11,1,7,1,-95,1,674031362,128,0 0 0 0 0 0 0 0 0 0 0 0 5 4 5 5 4 6 4 6 4 6 4 6 4 6 4 6 3 7 4 6 4 7 4 7 4 7 4 7 4 7 3 8 3 8 3 8 4 8 4 8 4 9 3 8 4 8 4 8 4 8 4 9 0 0 4 9 4 9 5 9 5 9 5 9 5 9 5 9 6 9 6 10 6 9 7 10 7 10 7 10 7 10 7 10 7 11 7 10 8 11 8 11 8 11 8 11 8 12 8 11 8 12 8 12 8 12 0 0 0 0 0 0 0 0 0 0
1784740952.541210,57916,-43,11,1,7,1,-95,1,674043853,128,0 0 0 0 0 0 0 0 0 0 0 0 4 6 4 6 4 6 4 7 4 7 3 7 3 7 3 7 3 8 3 8 3 8 2 8 3 8 3 8 3 8 3 9 3 9 3 9 3 9 3 9 3 9 3 9 3 9 3 9 3 9 3 10 0 0 4 10 4 9 4 9 5 10 5 9 5 9 5 9 5 10 6 9 6 10 7 10 6 10 6 10 7 10 8 10 8 10 8 11 8 11 8 10 8 11 8 11 9 11 9 12 9 12 8 12 8 12 0 0 0 0 0 0 0 0 0 0
1784740952.541210,57917,-43,11,1,7,1,-95,1,674050593,128,0 0 0 0 0 0 0 0 0 0 0 0 -8 3 -8 2 -8 2 -8 2 -8 1 -9 1 -9 1 -9 1 -9 1 -10 0 -9 0 -10 0 -10 0 -10 0 -10 0 -10 0 -10 0 -10 0 -10 -1 -10 0 -11 -1 -11 0 -11 0 -11 -1 -11 -1 -11 -1 0 0 -11 0 -11 0 -11 0 -11 1 -11 1 -11 1 -12 1 -12 1 -12 1 -13 1 -12 2 -12 2 -13 2 -13 2 -13 3 -13 3 -14 2 -14 3 -14 3 -14 3 -14 3 -15 3 -14 3 -15 2 -15 2 -15 2 0 0 0 0 0 0 0 0 0 0
1784740952.541210,57918,-44,11,1,7,1,-95,1,674060065,128,0 0 0 0 0 0 0 0 0 0 0 0 -5 -6 -4 -7 -4 -7 -3 -8 -3 -8 -3 -8 -3 -8 -3 -8 -3 -8 -3 -8 -3 -8 -3 -9 -3 -9 -3 -9 -3 -9 -2 -9 -3 -10 -3 -9 -3 -9 -3 -10 -3 -10 -3 -10 -3 -10 -3 -10 -3 -10 -3 -10 0 0 -3 -10 -4 -10 -4 -11 -4 -10 -4 -11 -4 -11 -4 -11 -5 -11 -5 -11 -6 -11 -6 -11 -6 -11 -6 -12 -6 -12 -7 -12 -7 -13 -6 -12 -7 -13 -7 -13 -7 -13 -7 -13 -7 -14 -7 -13 -7 -14 -7 -14 -7 -14 0 0 0 0 0 0 0 0 0 0
1784740952.573444,57919,-44,11,1,7,1,-95,1,674077360,128,0 0 0 0 0 0 0 0 0 0 0 0 2 6 2 6 2 7 1 7 1 7 1 7 1 7 1 7 1 8 0 8 0 8 0 8 -1 8 0 9 0 9 0 9 0 9 0 9 -1 9 0 9 0 9 0 9 -1 9 -1 9 -1 9 -1 10 0 0 0 10 0 10 0 10 0 10 1 10 1 10 1 10 1 11 1 10 1 11 1 11 1 11 2 11 1 11 3 12 2 11 2 12 2 12 3 12 3 13 3 12 3 12 3 13 3 13 3 13 3 13 0 0 0 0 0 0 0 0 0 0
1784740952.573444,57920,-44,11,1,7,1,-95,1,674080045,128,0 0 0 0 0 0 0 0 0 0 0 0 7 -1 7 -1 7 -1 7 0 7 0 7 1 8 0 8 1 8 1 8 1 8 2 8 2 8 2 8 2 8 2 9 2 9 2 9 2 9 3 9 3 9 3 9 3 9 3 9 3 9 3 9 3 0 0 9 3 10 3 9 2 10 2 10 2 10 2 10 2 11 2 10 2 11 2 11 2 11 2 11 2 11 1 12 1 12 1 12 1 13 1 13 1 13 1 13 1 13 1 13 1 13 1 13 1 14 1 0 0 0 0 0 0 0 0 0 0
1784740952.589401,57921,-43,11,1,7,1,-95,1,674090035,128,0 0 0 0 0 0 0 0 0 0 0 0 7 2 7 2 7 3 7 4 7 4 7 4 7 4 7 4 7 5 7 5 7 5 7 5 7 6 7 6 7 6 7 6 7 7 7 7 7 7 7 7 7 7 7 7 7 7 7 7 7 8 7 8 0 0 7 7 7 7 8 8 7 7 8 7 8 7 8 7 8 7 8 7 9 7 9 7 9 6 9 7 10 7 10 7 11 7 10 7 11 7 10 7 11 7 11 7 11 7 11 7 11 7 11 7 12 8 0 0 0 0 0 0 0 0 0 0
1784740952.589401,57922,-40,11,1,7,0,-95,1,674100044,128,0 0 0 0 0 0 0 0 0 0 0 0 -4 -8 -4 -8 -3 -9 -3 -9 -3 -9 -3 -10 -2 -9 -2 -10 -2 -10 -2 -10 -2 -10 -2 -10 -2 -11 -2 -11 -1 -11 -1 -11 -1 -11 -1 -12 -1 -12 -1 -12 -1 -12 -1 -12 -1 -12 -1 -12 -1 -12 -1 -13 0 0 -1 -13 -1 -13 -1 -13 -2 -13 -2 -13 -2 -13 -2 -13 -2 -13 -2 -13 -3 -13 -3 -13 -3 -14 -4 -14 -3 -14 -4 -14 -4 -14 -4 -15 -4 -15 -4 -15 -4 -15 -4 -15 -4 -15 -4 -15 -4 -15 -4 -16 -4 -16 0 0 0 0 0 0 0 0 0 0
1784740952.606993,57923,-44,11,1,7,1,-95,1,674109993,128,0 0 0 0 0 0 0 0 0 0 0 0 1 8 1 8 0 8 0 8 0 9 -1 8 -1 9 -1 9 -1 9 -2 9 -2 9 -2 9 -2 9 -3 9 -2 9 -2 9 -2 9 -2 9 -3 9 -2 10 -2 9 -2 9 -2 10 -3 10 -2 9 -2 10 0 0 -2 10 -1 10 -2 10 -1 11 -1 10 -1 11 0 11 0 11 -1 11 0 12 0 12 0 12 0 12 0 12 1 13 1 12 0 13 1 13 1 13 1 14 1 13 1 14 0 14 0 14 0 14 0 14 0 0 0 0 0 0 0 0 0 0
1784740952.606993,57924,-44,11,1,7,1,-95,1,674120078,128,0 0 0 0 0 0 0 0 0 0 0 0 -8 -4 -8 -5 -8 -5 -8 -6 -8 -6 -8 -6 -8 -7 -8 -7 -8 -7 -8 -7 -8 -7 -8 -7 -8 -8 -8 -8 -8 -8 -7 -9 -8 -9 -7 -9 -7 -9 -7 -9 -7 -9 -7 -9 -8 -8 -8 -9 -8 -9 -8 -9 0 0 -8 -9 -8 -8 -8 -8 -8 -8 -9 -8 -9 -8 -9 -8 -9 -8 -9 -8 -10 -8 -10 -7 -11 -7 -11 -8 -11 -8 -11 -8 -12 -8 -11 -8 -12 -8 -12 -8 -12 -8 -12 -8 -12 -9 -12 -8 -13 -8 -13 -8 -13 -9 0 0 0 0 0 0 0 0 0 0
1784740952.625672,57925,-45,11,1,7,1,-95,1,674130132,128,0 0 0 0 0 0 0 0 0 0 0 0 -6 -6 -6 -6 -5 -7 -5 -7 -5 -8 -5 -8 -5 -8 -5 -8 -5 -8 -5 -9 -4 -9 -4 -10 -4 -10 -4 -10 -5 -10 -4 -11 -4 -10 -4 -11 -4 -11 -5 -11 -5 -11 -5 -11 -4 -11 -4 -11 -4 -11 -4 -11 0 0 -5 -11 -5 -11 -5 -11 -6 -11 -6 -11 -6 -11 -6 -11 -7 -11 -7 -11 -7 -11 -7 -12 -7 -11 -7 -11 -7 -11 -8 -11 -8 -11 -8 -12 -9 -12 -9 -12 -10 -12 -9 -12 -10 -12 -9 -12 -9 -13 -9 -13 -9 -13 0 0 0 0 0 0 0 0 0 0
1784740952.637609,57926,-46,11,1,7,1,-95,1,674143068,128,0 0 0 0 0 0 0 0 0 0 0 0 -4 5 -4 5 -4 5 -5 5 -5 5 -5 5 -5 5 -6 5 -6 5 -6 5 -6 5 -6 5 -7 5 -7 6 -7 6 -7 6 -7 6 -7 6 -8 6 -7 6 -8 6 -8 6 -8 6 -8 6 -8 6 -8 7 0 0 -8 7 -8 8 -8 7 -8 8 -8 8 -8 8 -8 8 -8 9 -8 9 -9 10 -9 10 -8 10 -8 10 -9 10 -9 11 -9 11 -9 11 -9 11 -9 12 -9 12 -10 12 -10 12 -10 12 -11 12 -11 11 -11 12 0 0 0 0 0 0 0 0 0 0
1784740952.637609,57927,-45,11,1,7,1,-95,1,674150039,128,0 0 0 0 0 0 0 0 0 0 0 0 2 -6 2 -6 3 -6 3 -6 3 -6 3 -6 4 -6 4 -7 4 -6 4 -7 4 -7 5 -7 5 -7 5 -7 6 -7 6 -7 6 -7 6 -7 6 -7 6 -7 6 -7 7 -7 6 -8 6 -8 6 -8 7 -8 0 0 7 -8 7 -8 7 -9 7 -9 7 -9 7 -9 7 -9 7 -10 7 -10 7 -11 7 -11 7 -11 7 -11 8 -12 8 -11 8 -12 8 -11 8 -12 8 -12 9 -13 9 -13 9 -13 9 -12 9 -12 9 -13 9 -13 0 0 0 0 0 0 0 0 0 0
1784740952.653632,57928,-44,11,1,7,1,-95,1,674167763,128,0 0 0 0 0 0 0 0 0 0 0 0 -6 -3 -7 -4 -6 -5 -7 -5 -6 -5 -7 -6 -6 -6 -7 -6 -6 -6 -6 -6 -7 -6 -7 -7 -6 -7 -6 -7 -7 -8 -6 -8 -7 -9 -6 -8 -6 -9 -6 -8 -6 -8 -6 -9 -7 -8 -6 -8 -6 -9 -6 -9 0 0 -7 -9 -7 -9 -7 -9 -7 -9 -7 -9 -8 -9 -8 -9 -8 -9 -8 -9 -9 -9 -9 -9 -10 -9 -9 -9 -10 -9 -10 -9 -10 -10 -10 -9 -11 -10 -11 -10 -11 -10 -11 -10 -11 -10 -11 -10 -11 -10 -11 -10 -12 -10 0 0 0 0 0 0 0 0 0 0
1784740952.653632,57929,-44,11,1,7,1,-95,1,674170070,128,0 0 0 0 0 0 0 0 0 0 0 0 5 4 4 5 4 5 4 5 4 6 4 6 4 6 4 7 4 7 3 7 3 7 3 8 3 8 3 8 3 8 3 9 3 8 3 9 3 9 3 9 3 9 3 9 3 9 3 9 3 9 3 10 0 0 3 10 4 10 3 9 4 10 4 9 4 9 4 9 5 10 5 10 5 10 5 10 6 10 6 10 6 10 6 10 6 10 6 11 7 11 7 11 7 11 7 11 7 11 7 11 7 11 7 12 7 12 0 0 0 0 0 0 0 0 0 0
1784740952.673749,57930,-43,11,1,7,1,-95,1,674180087,128,0 0 0 0 0 0 0 0 0 0 0 0 6 3 6 4 5 4 5 5 5 5 6 5 5 6 6 6 5 6 5 6 5 7 5 7 5 7 5 7 5 8 5 8 5 9 5 8 5 9 4 9 5 9 5 9 5 8 5 9 5 9 5 9 0 0 5 9 5 9 5 9 5 9 6 9 6 9 6 9 6 9 6 9 7 8 8 9 8 9 8 8 8 9 8 9 9 10 8 9 9 9 9 10 9 10 9 10 9 10 9 9 10 10 10 9 10 10 0 0 0 0 0 0 0 0 0 0
1784740952.685690,57931,-43,11,1,7,1,-95,1,674190102,128,0 0 0 0 0 0 0 0 0 0 0 0 -2 7 -2 7 -3 7 -3 7 -4 7 -4 7 -4 7 -5 7 -5 8 -6 8 -6 7 -6 7 -7 7 -7 7 -6 7 -7 8 -7 8 -7 8 -7 7 -7 8 -7 8 -7 8 -8 8 -8 7 -8 7 -7 7 0 0 -7 8 -7 9 -7 8 -7 9 -6 9 -6 9 -6 9 -6 10 -6 10 -7 11 -7 10 -7 10 -6 10 -6 10 -6 12 -5 11 -6 12 -6 12 -5 12 -5 13 -6 12 -5 13 -6 13 -7 12 -7 12 -7 12 0 0 0 0 0 0 0 0 0 0
1784740952.685690,57932,-44,11,1,7,1,-95,1,674200087,128,0 0 0 0 0 0 0 0 0 0 0 0 4 -7 4 -7 5 -7 6 -7 6 -7 6 -7 6 -6 7 -7 7 -7 7 -6 7 -6 8 -6 8 -6 8 -6 9 -6 9 -6 9 -6 9 -5 9 -6 9 -5 9 -5 9 -5 9 -5 9 -5 9 -5 9 -6 0 0 9 -6 9 -6 9 -6 9 -6 9 -7 8 -7 8 -7 8 -7 9 -7 9 -8 9 -8 8 -9 8 -9 9 -9 8 -9 9 -10 9 -9 9 -10 9 -10 9 -10 9 -10 9 -10 9 -10 10 -10 10 -10 9 -10 0 0 0 0 0 0 0 0 0 0
1784740952.701529,57933,-45,11,1,7,1,-95,1,674210024,128,0 0 0 0 0 0 0 0 0 0 0 0 1 7 0 7 -1 7 -1 8 -1 8 -1 8 -2 8 -2 8 -2 8 -2 8 -3 9 -3 9 -3 9 -4 9 -4 9 -4 9 -4 9 -4 9 -5 9 -5 9 -5 9 -5 9 -4 9 -5 9 -4 9 -4 9 0 0 -4 9 -4 9 -4 9 -4 9 -3 9 -4 10 -3 10 -3 10 -3 10 -3 10 -3 11 -2 11 -2 11 -2 11 -2 11 -2 12 -2 12 -2 12 -2 12 -2 13 -2 13 -2 13 -2 13 -2 13 -2 13 -2 13 0 0 0 0 0 0 0 0 0 0
1784740952.733019,57934,-42,11,1,7,0,-95,1,674221778,128,0 0 0 0 0 0 0 0 0 0 0 0 7 1 7 2 7 2 7 3 7 3 7 4 7 4 7 4 7 5 7 5 7 5 7 6 7 6 7 6 7 6 8 7 7 7 7 7 7 7 7 7 7 7 7 7 7 7 7 7 7 8 7 7 0 0 8 7 8 7 8 7 8 7 8 7 8 7 9 7 9 7 9 6 10 7 10 6 10 6 10 6 10 6 11 6 11 6 12 6 11 6 12 6 13 6 12 6 13 7 12 6 13 7 13 6 13 7 0 0 0 0 0 0 0 0 0 0
1784740952.738071,57935,-45,11,1,7,1,-95,1,674241542,128,0 0 0 0 0 0 0 0 0 0 0 0 6 -5 6 -5 6 -4 7 -4 7 -3 7 -3 7 -3 8 -3 8 -3 8 -2 8 -2 9 -2 9 -2 9 -2 9 -2 9 -1 10 -1 9 -1 9 -1 10 -1 10 -1 10 -1 10 -1 10 -1 9 -1 10 -1 0 0 10 -1 10 -1 10 -1 10 -2 10 -2 10 -2 10 -2 10 -2 10 -3 11 -3 11 -3 11 -3 11 -3 11 -3 11 -4 11 -4 11 -4 12 -4 12 -4 12 -5 12 -5 12 -5 12 -4 12 -4 13 -4 13 -4 0 0 0 0 0 0 0 0 0 0
1784740952.738071,57936,-45,11,1,7,1,-95,1,674242014,128,0 0 0 0 0 0 0 0 0 0 0 0 -7 -4 -7 -5 -7 -6 -7 -6 -6 -6 -6 -7 -6 -6 -7 -7 -6 -7 -6 -7 -6 -8 -6 -8 -6 -8 -6 -9 -6 -9 -6 -9 -6 -9 -6 -9 -6 -9 -6 -9 -6 -9 -6 -9 -6 -9 -6 -9 -6 -9 -6 -10 0 0 -7 -9 -6 -9 -7 -9 -7 -9 -7 -9 -7 -9 -7 -9 -8 -9 -8 -9 -8 -9 -8 -9 -9 -9 -9 -9 -9 -9 -10 -9 -10 -9 -10 -9 -11 -9 -11 -9 -11 -9 -11 -9 -12 -9 -12 -9 -11 -9 -12 -9 -12 -10 0 0 0 0 0 0 0 0 0 0
1784740952.738071,57937,-42,11,1,7,0,-95,1,674250051,128,0 0 0 0 0 0 0 0 0 0 0 0 -9 1 -9 0 -10 0 -10 -1 -10 -1 -10 -1 -10 -2 -11 -2 -11 -2 -11 -2 -11 -3 -11 -3 -11 -4 -11 -4 -11 -4 -11 -5 -12 -5 -12 -5 -11 -5 -11 -5 -11 -5 -11 -5 -11 -5 -11 -5 -11 -5 -11 -5 0 0 -11 -5 -11 -5 -12 -4 -12 -4 -12 -4 -12 -4 -12 -3 -12 -3 -12 -3 -13 -3 -13 -2 -13 -2 -13 -2 -13 -2 -14 -1 -14 -1 -14 -1 -14 -1 -14 -1 -15 0 -15 0 -15 0 -16 0 -16 0 -16 0 -16 0 0 0 0 0 0 0 0 0 0 0
1784740952.749154,57938,-46,11,1,7,1,-95,1,674259983,128,0 0 0 0 0 0 0 0 0 0 0 0 -8 3 -9 3 -9 2 -10 2 -10 1 -10 1 -10 1 -11 1 -11 0 -11 0 -12 0 -12 0 -12 -1 -12 -1 -13 -1 -12 -2 -13 -2 -12 -2 -13 -2 -12 -2 -12 -2 -12 -2 -12 -2 -12 -2 -12 -2 -12 -2 0 0 -12 -2 -12 -2 -12 -2 -11 -1 -11 -1 -12 -1 -12 0 -12 0 -12 0 -12 1 -12 1 -12 1 -12 2 -13 2 -12 2 -13 2 -12 3 -12 3 -13 3 -13 3 -13 4 -13 4 -13 4 -13 4 -13 4 -13 4 0 0 0 0 0 0 0 0 0 0
1784740952.769270,57939,-47,11,1,7,1,-95,1,674274213,128,0 0 0 0 0 0 0 0 0 0 0 0 7 -1 7 -1 8 0 8 0 8 1 8 1 8 1 8 2 9 2 9 3 9 3 9 3 9 4 9 4 9 4 9 4 9 5 9 5 9 5 9 5 9 5 9 5 9 5 9 5 9 5 9 5 0 0 9 5 9 4 9 4 9 4 9 4 9 4 9 4 10 4 10 3 10 3 11 3 11 3 11 3 11 3 11 3 12 3 11 3 12 3 12 3 12 3 12 3 12 3 12 2 12 3 12 3 12 3 0 0 0 0 0 0 0 0 0 0
1784740952.781435,57940,-49,11,1,7,1,-95,1,674287393,128,0 0 0 0 0 0 0 0 0 0 0 0 5 -4 5 -3 6 -3 6 -3 6 -3 7 -2 6 -2 7 -2 7 -2 7 -2 7 -2 8 -2 8 -2 8 -1 8 -1 8 0 8 0 8 -1 8 0 8 0 8 0 8 0 8 0 8 -1 8 -1 8 -1 0 0 8 -1 8 -1 8 -1 8 -2 8 -2 9 -2 9 -2 9 -3 9 -2 9 -4 9 -4 9 -4 10 -4 10 -4 10 -4 11 -4 11 -4 11 -5 12 -5 12 -5 12 -5 12 -5 12 -5 12 -5 12 -6 13 -6 0 0 0 0 0 0 0 0 0 0
1784740952.781435,57941,-49,11,1,7,1,-95,1,674290424,128,0 0 0 0 0 0 0 0 0 0 0 0 -7 0 -7 0 -7 -1 -8 -1 -8 -2 -8 -2 -8 -2 -8 -2 -8 -3 -8 -3 -8 -3 -8 -3 -8 -3 -8 -4 -9 -4 -8 -4 -9 -4 -8 -4 -9 -5 -8 -5 -8 -5 -8 -5 -8 -4 -8 -4 -9 -4 -9 -4 0 0 -9 -4 -9 -4 -9 -4 -9 -3 -9 -3 -10 -3 -10 -3 -10 -2 -10 -3 -11 -2 -11 -2 -11 -1 -12 -2 -12 -2 -12 -2 -13 -2 -12 -1 -13 -1 -14 -2 -14 -1 -14 -1 -14 -2 -14 -1 -15 -1 -15 -1 -15 -2 0 0 0 0 0 0 0 0 0 0
1784740952.797254,57942,-47,11,1,7,1,-95,1,674300098,128,0 0 0 0 0 0 0 0 0 0 0 0 0 7 -1 7 -1 8 -2 7 -2 8 -2 8 -2 8 -2 8 -3 8 -3 8 -4 8 -4 9 -4 8 -4 8 -4 9 -4 9 -4 9 -5 9 -4 9 -4 9 -4 9 -4 9 -4 9 -5 9 -4 8 -4 9 0 0 -3 9 -3 10 -3 9 -3 10 -3 9 -2 10 -2 10 -2 10 -2 10 -2 11 -2 11 -2 11 -2 11 -1 11 -1 12 -1 12 -1 13 -1 13 0 13 0 13 0 13 0 14 0 14 -1 14 -1 14 0 14 0 0 0 0 0 0 0 0 0 0
1784740952.797254,57943,-47,11,1,7,1,-95,1,674310014,128,0 0 0 0 0 0 0 0 0 0 0 0 0 8 -1 9 -1 9 -2 9 -2 9 -2 9 -3 9 -3 9 -3 9 -4 9 -4 9 -5 10 -5 9 -5 10 -5 10 -5 10 -6 10 -6 9 -6 10 -6 9 -6 9 -6 9 -6 9 -6 9 -6 9 -6 9 0 0 -6 9 -5 9 -5 9 -5 9 -4 9 -4 9 -4 10 -4 10 -4 10 -4 11 -4 11 -3 11 -3 11 -3 11 -3 12 -3 12 -3 12 -3 12 -3 13 -3 13 -3 13 -2 13 -3 13 -3 13 -3 14 -3 14 0 0 0 0 0 0 0 0 0 0
1784740952.816598,57944,-47,11,1,7,1,-95,1,674320042,128,0 0 0 0 0 0 0 0 0 0 0 0 -2 9 -3 9 -3 9 -4 10 -4 9 -5 10 -5 10 -6 10 -6 10 -6 10 -6 10 -7 10 -7 10 -8 10 -8 10 -8 9 -9 10 -8 9 -9 9 -9 9 -9 9 -9 8 -9 8 -9 8 -8 8 -9 8 0 0 -8 8 -8 7 -8 8 -7 8 -7 8 -7 8 -7 8 -6 8 -6 8 -5 9 -5 9 -4 9 -5 9 -4 10 -4 9 -4 10 -3 10 -3 11 -3 11 -3 11 -3 11 -3 11 -3 11 -2 12 -2 12 -2 12 0 0 0 0 0 0 0 0 0 0
1784740952.826551,57945,-46,11,1,7,1,-95,1,674330458,128,0 0 0 0 0 0 0 0 0 0 0 0 3 -9 3 -9 4 -9 4 -9 5 -9 5 -9 6 -9 6 -9 6 -9 7 -9 8 -9 8 -9 9 -8 9 -8 9 -9 9 -9 9 -8 10 -9 9 -8 9 -8 10 -8 9 -8 10 -8 10 -7 10 -7 9 -7 0 0 9 -7 8 -8 8 -7 8 -8 7 -8 7 -8 7 -8 6 -9 6 -8 7 -9 6 -9 6 -9 5 -9 5 -9 4 -11 4 -11 5 -11 5 -11 4 -11 4 -12 4 -12 3 -12 5 -13 4 -13 4 -13 4 -13 0 0 0 0 0 0 0 0 0 0
1784740952.829279,57946,-46,11,1,7,1,-95,1,674340078,128,0 0 0 0 0 0 0 0 0 0 0 0 6 -3 7 -3 7 -3 7 -2 7 -2 8 -2 8 -2 8 -2 9 -2 9 -1 9 -1 9 -1 9 0 10 0 10 0 10 0 10 0 10 0 10 1 10 1 10 1 11 1 10 1 10 1 10 1 10 1 0 0 10 1 10 1 10 1 10 0 10 0 10 0 10 0 11 -1 10 -1 11 -1 11 -1 11 -2 11 -2 11 -2 12 -2 12 -3 12 -2 12 -3 12 -3 13 -3 13 -3 13 -3 13 -3 13 -3 13 -3 14 -3 0 0 0 0 0 0 0 0 0 0
1784740952.847114,57947,-44,11,1,7,1,-95,1,674350105,128,0 0 0 0 0 0 0 0 0 0 0 0 7 2 7 3 8 3 7 4 7 4 7 4 7 5 7 5 7 6 8 6 8 6 7 6 7 7 7 7 7 7 7 8 7 8 7 8 7 8 7 9 7 9 6 9 7 8 7 8 6 8 6 8 0 0 6 8 7 8 6 8 7 8 7 7 7 8 7 7 7 7 8 7 9 7 9 7 9 6 9 6 9 6 10 6 9 7 10 6 10 6 10 7 10 7 11 6 11 7 11 6 11 6 11 6 12 6 0 0 0 0 0 0 0 0 0 0
1784740952.847114,57948,-42,11,1,7,1,-95,1,674360026,128,0 0 0 0 0 0 0 0 0 0 0 0 7 -6 7 -6 8 -6 8 -5 9 -5 8 -5 9 -5 9 -5 9 -5 10 -4 10 -3 11 -3 11 -3 11 -3 11 -3 12 -3 11 -3 12 -3 11 -2 12 -3 12 -2 11 -3 12 -2 11 -1 11 -1 11 -2 0 0 11 -2 11 -3 10 -2 11 -3 10 -3 10 -3 10 -4 10 -4 10 -4 11 -4 10 -4 10 -4 10 -5 10 -5 10 -6 9 -6 11 -6 10 -7 10 -7 10 -8 10 -7 10 -8 11 -8 11 -7 11 -8 10 -8 0 0 0 0 0 0 0 0 0 0
1784740952.864953,57949,-42,11,1,7,1,-95,1,674370049,128,0 0 0 0 0 0 0 0 0 0 0 0 -6 7 -6 7 -7 7 -8 7 -7 6 -8 6 -8 6 -8 7 -9 6 -9 6 -10 6 -10 6 -10 6 -11 5 -11 6 -11 5 -12 5 -11 5 -12 5 -12 5 -12 5 -12 5 -12 5 -12 4 -12 4 -12 4 0 0 -12 5 -12 5 -12 5 -11 5 -11 5 -11 5 -11 5 -11 6 -11 6 -11 6 -10 6 -11 6 -10 6 -11 7 -10 7 -10 8 -10 7 -10 8 -10 8 -10 9 -10 9 -10 9 -10 9 -10 9 -10 9 -10 10 0 0 0 0 0 0 0 0 0 0
1784740952.877091,57950,-42,11,1,7,1,-95,1,674381069,128,0 0 0 0 0 0 0 0 0 0 0 0 0 -10 0 -10 1 -10 1 -10 2 -10 2 -10 2 -10 3 -10 3 -11 4 -11 4 -11 5 -11 4 -11 5 -11 5 -11 5 -11 5 -11 6 -11 5 -11 6 -11 5 -11 6 -11 6 -11 6 -10 6 -10 6 -10 0 0 6 -11 5 -11 5 -10 5 -11 5 -11 5 -11 4 -11 5 -11 4 -11 4 -12 4 -11 4 -11 4 -11 4 -11 3 -12 3 -12 3 -12 3 -13 2 -13 2 -13 2 -13 2 -13 2 -13 2 -13 2 -14 2 -13 0 0 0 0 0 0 0 0 0 0
1784740952.877091,57951,-42,11,1,7,1,-95,1,674390050,128,0 0 0 0 0 0 0 0 0 0 0 0 7 -6 8 -5 8 -4 9 -4 9 -4 9 -4 10 -3 10 -3 10 -3 10 -2 11 -2 11 -2 11 -1 11 -1 11 -1 11 -1 11 -1 11 -1 12 -1 11 0 12 -1 11 -1 11 0 11 0 11 0 11 0 0 0 11 0 11 -1 11 -1 11 -1 10 -1 11 -1 10 -1 11 -2 10 -2 11 -2 11 -2 10 -2 10 -3 10 -3 10 -4 10 -4 11 -4 11 -4 10 -5 11 -5 11 -5 11 -5 11 -5 11 -5 11 -6 11 -6 0 0 0 0 0 0 0 0 0 0
1784740952.897207,57952,-42,11,1,7,1,-95,1,674401428,128,0 0 0 0 0 0 0 0 0 0 0 0 -1 8 -2 8 -2 9 -3 8 -3 9 -4 9 -3 9 -4 9 -4 9 -5 9 -5 9 -6 9 -6 9 -7 9 -6 9 -7 9 -7 9 -7 9 -7 9 -7 9 -8 9 -8 9 -8 9 -8 8 -8 8 -8 8 0 0 -8 9 -7 9 -7 8 -7 9 -7 9 -7 9 -7 9 -7 9 -6 9 -7 10 -6 9 -6 9 -6 9 -6 9 -5 10 -5 11 -5 10 -5 11 -4 11 -4 11 -4 11 -4 11 -4 12 -5 11 -4 11 -4 12 0 0 0 0 0 0 0 0 0 0
1784740952.900918,57953,-42,11,1,7,1,-95,1,674410117,128,0 0 0 0 0 0 0 0 0 0 0 0 7 2 7 2 8 3 7 3 7 4 8 4 8 4 8 5 8 5 8 5 8 6 8 6 8 6 8 7 8 7 8 8 8 8 8 8 8 8 8 8 8 8 8 8 8 8 7 8 7 8 7 8 0 0 8 8 8 8 7 8 8 8 8 7 8 8 8 7 9 7 8 7 9 7 9 7 9 7 9 7 9 7 10 7 10 7 10 6 10 6 11 6 11 6 11 6 11 6 11 6 11 6 11 6 12 6 0 0 0 0 0 0 0 0 0 0
1784740952.908826,57954,-42,11,1,7,1,-95,1,674419991,128,0 0 0 0 0 0 0 0 0 0 0 0 -7 -4 -7 -5 -7 -5 -7 -6 -7 -6 -7 -6 -7 -7 -7 -7 -7 -7 -7 -8 -7 -8 -7 -9 -6 -9 -6 -9 -6 -9 -7 -9 -7 -10 -6 -10 -7 -10 -6 -10 -6 -10 -6 -10 -6 -10 -6 -10 -6 -10 -6 -11 0 0 -6 -10 -7 -10 -6 -10 -7 -10 -7 -10 -7 -10 -7 -10 -8 -10 -8 -10 -8 -10 -8 -10 -8 -10 -8 -10 -9 -10 -9 -10 -9 -10 -9 -10 -10 -11 -10 -10 -10 -10 -10 -10 -10 -10 -10 -11 -10 -11 -10 -11 -11 -11 0 0 0 0 0 0 0 0 0 0
1784740952.926860,57955,-43,11,1,7,1,-95,1,674430012,128,0 0 0 0 0 0 0 0 0 0 0 0 -1 8 -2 8 -2 8 -3 9 -3 8 -4 9 -4 8 -5 9 -5 9 -5 9 -5 9 -6 9 -6 9 -6 9 -6 9 -7 8 -7 9 -7 8 -7 8 -7 8 -7 8 -8 8 -7 8 -7 8 -7 8 -7 9 0 0 -7 8 -6 8 -7 9 -6 9 -6 9 -6 9 -6 9 -6 9 -6 10 -5 10 -5 10 -5 10 -5 11 -5 11 -5 11 -5 11 -5 11 -5 12 -5 12 -5 12 -5 12 -5 12 -4 12 -4 12 -4 12 -5 13 0 0 0 0 0 0 0 0 0 0
1784740952.926860,57956,-44,11,1,7,1,-95,1,674439993,128,0 0 0 0 0 0 0 0 0 0 0 0 6 6 6 6 6 7 5 7 5 8 5 7 5 8 5 8 5 9 4 9 4 10 4 9 3 10 3 10 3 10 3 11 3 10 3 11 2 11 3 11 3 10 3 11 2 11 2 10 2 10 2 10 0 0 2 10 3 10 2 10 3 10 3 10 3 10 4 10 4 10 4 10 5 10 4 9 5 9 5 10 5 9 6 10 6 10 6 10 6 10 6 9 7 9 7 9 7 10 7 10 7 10 7 10 7 10 0 0 0 0 0 0 0 0 0 0
1784740952.941034,57957,-44,11,1,7,1,-95,1,674450069,128,0 0 0 0 0 0 0 0 0 0 0 0 -3 7 -3 8 -4 8 -4 8 -5 7 -5 8 -5 8 -6 7 -6 8 -6 7 -6 8 -7 8 -7 8 -7 8 -7 8 -8 8 -8 8 -8 7 -8 7 -8 8 -9 8 -8 7 -8 8 -9 7 -9 7 -8 7 0 0 -9 7 -8 8 -8 7 -8 8 -8 8 -8 8 -8 8 -8 8 -8 9 -7 9 -7 9 -7 9 -7 10 -7 9 -7 10 -7 10 -7 10 -7 11 -7 11 -7 11 -7 11 -7 11 -7 11 -7 11 -7 11 -7 11 0 0 0 0 0 0 0 0 0 0
1784740952.957039,57958,-45,11,1,7,1,-95,1,674460035,128,0 0 0 0 0 0 0 0 0 0 0 0 -6 4 -6 4 -7 3 -7 3 -7 3 -8 3 -8 2 -8 3 -8 2 -8 2 -9 3 -9 2 -9 2 -9 2 -9 2 -10 1 -10 1 -10 1 -10 1 -10 1 -10 1 -10 1 -10 2 -10 1 -10 2 -10 1 0 0 -10 2 -10 1 -10 2 -10 2 -10 2 -11 2 -11 2 -11 3 -11 3 -11 4 -11 4 -11 4 -11 5 -11 4 -11 4 -12 4 -11 4 -12 5 -12 5 -12 5 -12 5 -12 5 -12 5 -12 6 -12 6 -13 6 0 0 0 0 0 0 0 0 0 0
1784740952.957039,57959,-45,11,1,7,1,-95,1,674470000,128,0 0 0 0 0 0 0 0 0 0 0 0 -7 -1 -7 -1 -7 -2 -7 -2 -8 -2 -7 -2 -8 -2 -8 -3 -8 -3 -8 -4 -8 -4 -8 -4 -8 -4 -8 -5 -8 -5 -8 -5 -8 -5 -9 -5 -8 -5 -8 -5 -8 -5 -8 -5 -9 -5 -8 -5 -8 -6 -8 -5 0 0 -9 -5 -9 -5 -9 -5 -9 -5 -9 -5 -9 -5 -10 -4 -10 -4 -10 -4 -11 -5 -10 -5 -11 -5 -10 -4 -11 -4 -12 -4 -11 -4 -12 -4 -12 -4 -12 -4 -13 -4 -13 -4 -13 -3 -13 -4 -13 -5 -13 -5 -14 -4 0 0 0 0 0 0 0 0 0 0
1784740952.976205,57960,-45,11,1,7,1,-95,1,674480021,128,0 0 0 0 0 0 0 0 0 0 0 0 3 5 3 6 2 6 2 6 2 7 2 7 1 7 1 7 1 7 1 7 1 8 0 8 0 8 0 8 0 9 0 8 0 9 0 8 0 9 0 9 0 9 0 9 0 9 0 9 0 9 0 9 0 0 0 9 0 9 0 10 0 9 1 10 1 10 1 10 1 10 1 10 1 10 1 11 1 11 2 11 2 11 2 11 2 12 2 11 2 11 3 12 3 12 3 12 3 12 3 12 3 12 3 12 3 13 0 0 0 0 0 0 0 0 0 0
1784740952.976205,57961,-46,11,1,7,1,-95,1,674490003,128,0 0 0 0 0 0 0 0 0 0 0 0 7 0 7 1 7 1 7 2 7 2 7 3 7 3 7 3 7 4 7 4 7 4 7 4 7 4 7 4 7 5 6 5 6 5 6 5 6 5 6 5 6 5 6 5 6 5 7 5 7 4 7 5 0 0 7 5 7 4 7 5 8 5 8 4 8 4 8 4 8 4 9 4 9 4 9 4 10 4 10 4 10 4 10 4 11 5 10 4 11 5 11 5 11 5 11 5 12 5 11 5 12 5 12 5 12 5 0 0 0 0 0 0 0 0 0 0
1784740952.989362,57962,-47,11,1,7,1,-95,1,674499996,128,0 0 0 0 0 0 0 0 0 0 0 0 7 -4 7 -4 7 -3 8 -3 8 -3 8 -3 8 -2 8 -2 9 -2 9 -1 9 -1 9 -1 9 0 9 0 9 0 9 0 9 0 9 0 9 0 9 0 8 0 8 0 8 0 8 0 8 0 8 0 0 0 8 -1 8 -1 8 -1 8 -2 8 -2 8 -2 8 -2 8 -3 9 -3 9 -4 9 -3 9 -4 9 -4 9 -4 10 -5 10 -5 10 -5 11 -5 11 -5 11 -5 11 -5 11 -6 11 -5 12 -5 12 -6 12 -6 0 0 0 0 0 0 0 0 0 0
1784740953.005402,57963,-46,11,1,7,1,-95,1,674510130,128,0 0 0 0 0 0 0 0 0 0 0 0 -5 6 -6 6 -6 5 -7 5 -7 5 -7 5 -7 5 -8 5 -8 4 -8 4 -8 4 -9 4 -9 4 -9 4 -9 4 -9 3 -10 3 -9 3 -9 3 -9 3 -9 3 -9 3 -9 3 -9 3 -9 3 -9 3 0 0 -9 4 -8 3 -9 4 -8 4 -8 4 -8 5 -8 5 -8 5 -9 6 -8 6 -9 6 -9 7 -9 7 -9 7 -9 7 -9 8 -9 8 -9 8 -9 8 -9 9 -9 9 -10 9 -9 9 -10 9 -10 9 -10 9 0 0 0 0 0 0 0 0 0 0
1784740953.005402,57964,-46,11,1,7,1,-95,1,674520002,128,0 0 0 0 0 0 0 0 0 0 0 0 6 3 5 4 5 5 5 5 5 5 5 6 4 6 5 6 4 6 4 6 4 7 4 7 4 7 4 8 4 7 3 8 3 8 3 8 3 8 3 8 3 8 3 8 3 8 3 8 4 7 4 8 0 0 4 8 4 8 4 8 4 8 5 7 5 8 5 8 5 8 5 8 6 8 6 8 7 9 6 9 7 8 7 9 7 10 7 9 7 9 8 10 8 10 8 10 8 10 8 10 8 10 8 10 8 10 0 0 0 0 0 0 0 0 0 0
1784740953.021190,57965,-46,11,1,7,1,-95,1,674530055,128,0 0 0 0 0 0 0 0 0 0 0 0 6 4 6 5 5 5 5 6 5 6 4 6 4 7 4 7 4 7 4 7 3 7 3 8 3 8 3 8 2 7 3 8 3 7 3 8 2 7 3 7 3 7 3 7 3 7 2 7 3 7 3 7 0 0 3 7 4 7 4 6 5 7 5 6 5 6 6 6 6 6 6 6 7 7 7 7 7 6 7 7 7 7 9 7 8 7 9 7 9 7 9 7 9 7 10 7 10 7 10 8 10 8 10 9 10 8 0 0 0 0 0 0 0 0 0 0
1784740953.037206,57966,-47,11,1,7,1,-95,1,674540289,128,0 0 0 0 0 0 0 0 0 0 0 0 -8 2 -8 1 -9 0 -9 0 -9 -1 -9 -1 -9 -1 -10 -1 -9 -2 -9 -2 -9 -2 -9 -2 -9 -3 -9 -3 -9 -3 -9 -4 -9 -3 -8 -3 -9 -4 -8 -3 -8 -3 -8 -4 -8 -3 -7 -3 -8 -3 -8 -2 0 0 -8 -2 -8 -2 -8 -1 -8 -1 -8 -1 -8 0 -8 0 -8 0 -9 0 -9 1 -9 2 -9 2 -9 2 -10 2 -10 2 -10 3 -10 3 -10 3 -11 4 -11 4 -11 4 -12 4 -11 4 -12 4 -12 5 -12 5 0 0 0 0 0 0 0 0 0 0
1784740953.037206,57967,-45,11,1,7,1,-95,1,674552444,128,0 0 0 0 0 0 0 0 0 0 0 0 -1 -9 -1 -9 0 -9 1 -10 1 -9 2 -10 2 -10 2 -10 3 -10 3 -10 3 -10 3 -10 4 -10 4 -10 5 -10 5 -9 5 -10 5 -9 6 -10 6 -9 6 -9 6 -9 5 -9 5 -9 5 -9 5 -9 0 0 5 -9 5 -8 5 -9 4 -8 4 -9 4 -9 4 -9 3 -9 3 -9 3 -10 2 -10 2 -10 2 -10 2 -11 2 -10 2 -11 2 -11 1 -11 1 -12 2 -12 1 -12 1 -12 1 -12 0 -13 1 -13 0 -13 0 0 0 0 0 0 0 0 0 0
1784740953.057328,57968,-45,11,1,7,1,-95,1,674559970,128,0 0 0 0 0 0 0 0 0 0 0 0 7 3 7 3 7 4 7 4 7 5 7 5 7 5 7 6 6 6 6 7 7 7 6 7 6 7 6 8 6 8 6 8 5 9 5 8 5 9 5 9 5 9 5 9 5 9 5 9 4 8 5 9 0 0 4 9 4 8 5 8 5 8 5 8 5 8 5 8 5 8 6 7 6 7 7 7 7 7 7 7 7 7 7 7 8 7 8 7 8 7 8 7 8 8 9 7 9 7 9 7 9 7 9 7 9 7 0 0 0 0 0 0 0 0 0 0
1784740953.057328,57969,-45,11,1,7,1,-95,1,674570005,128,0 0 0 0 0 0 0 0 0 0 0 0 -6 -6 -5 -7 -5 -7 -5 -8 -4 -8 -4 -8 -4 -9 -4 -9 -4 -9 -4 -9 -3 -10 -4 -10 -3 -10 -3 -10 -3 -10 -2 -10 -3 -11 -3 -11 -2 -11 -2 -11 -2 -11 -2 -11 -3 -11 -2 -11 -2 -11 -2 -11 0 0 -3 -11 -3 -11 -3 -11 -3 -11 -3 -10 -4 -11 -4 -11 -4 -11 -4 -11 -5 -11 -5 -11 -5 -11 -5 -11 -5 -11 -6 -11 -6 -11 -6 -11 -6 -11 -6 -11 -7 -12 -7 -12 -7 -12 -7 -12 -6 -12 -7 -12 -7 -12 0 0 0 0 0 0 0 0 0 0
1784740953.069180,57970,-45,11,1,7,1,-95,1,674580028,128,0 0 0 0 0 0 0 0 0 0 0 0 3 5 3 6 3 6 2 6 2 7 2 7 1 7 1 7 1 8 1 8 0 8 1 8 0 8 0 9 0 8 0 9 0 8 0 9 0 9 0 9 0 9 1 9 1 9 0 9 0 9 0 9 0 0 0 9 1 10 1 9 1 10 1 10 2 10 2 10 2 10 2 10 2 11 2 10 3 10 3 11 3 11 4 11 4 11 3 12 4 11 4 11 4 11 4 12 5 11 4 12 4 12 4 12 4 12 0 0 0 0 0 0 0 0 0 0
1784740953.085129,57971,-46,11,1,7,1,-95,1,674590068,128,0 0 0 0 0 0 0 0 0 0 0 0 3 4 3 5 3 5 3 5 2 5 2 6 2 6 2 6 2 6 1 6 1 7 1 7 1 7 1 7 1 7 1 7 1 8 1 7 1 8 1 8 1 8 0 8 1 8 0 8 0 8 0 8 0 0 0 9 0 8 1 9 1 8 1 9 1 8 1 9 1 9 1 9 2 9 2 9 2 10 2 9 2 10 2 10 2 10 2 10 2 11 2 10 3 11 3 11 3 11 3 11 2 11 2 12 3 12 0 0 0 0 0 0 0 0 0 0
1784740953.085129,57972,-46,11,1,7,1,-95,1,674600037,128,0 0 0 0 0 0 0 0 0 0 0 0 5 2 5 3 5 3 5 4 5 4 5 4 4 4 5 5 4 5 4 5 5 5 5 5 4 5 5 6 5 6 4 6 4 7 4 7 4 7 4 7 4 7 4 7 4 7 4 7 4 7 5 7 0 0 4 7 5 7 5 7 5 7 5 7 5 7 5 7 6 7 6 7 6 7 6 7 7 7 7 7 7 7 7 7 7 8 7 7 8 7 8 7 8 8 8 8 8 8 8 7 8 7 9 8 9 8 0 0 0 0 0 0 0 0 0 0
1784740953.102135,57973,-45,11,1,7,1,-95,1,674610139,128,0 0 0 0 0 0 0 0 0 0 0 0 1 5 1 5 1 6 1 6 0 7 0 6 0 7 0 7 0 7 -1 7 -1 7 -1 7 -1 8 -2 8 -1 7 -2 8 -2 8 -2 8 -2 8 -2 8 -2 8 -2 8 -2 9 -2 8 -3 8 -2 9 0 0 -2 8 -2 9 -2 8 -2 10 -2 9 -2 9 -1 9 -1 10 -1 10 -1 11 -2 10 -1 10 -1 10 -1 10 0 11 -1 10 -1 12 -1 11 0 11 0 11 0 12 0 11 0 12 -1 12 -1 12 -1 12 0 0 0 0 0 0 0 0 0 0
1784740953.116886,57974,-45,11,1,6,1,-95,1,674623335,128,0 0 0 0 0 0 0 0 0 0 0 0 0 -6 0 -6 1 -7 1 -7 1 -7 2 -7 2 -7 2 -7 2 -7 2 -7 3 -8 3 -8 3 -8 3 -8 3 -8 4 -8 3 -8 4 -9 4 -8 4 -9 4 -9 4 -9 4 -9 4 -9 5 -9 4 -9 0 0 5 -10 5 -10 5 -10 5 -10 5 -10 5 -10 4 -11 5 -11 5 -11 5 -11 5 -11 4 -11 5 -12 5 -11 5 -12 5 -12 5 -12 5 -12 5 -12 4 -13 5 -13 5 -12 5 -12 5 -13 4 -13 4 -13 0 0 0 0 0 0 0 0 0 0
1784740953.127733,57975,-46,11,1,7,1,-95,1,674631551,128,0 0 0 0 0 0 0 0 0 0 0 0 3 4 3 4 3 4 3 4 3 5 3 5 3 5 3 5 3 5 3 6 3 6 3 6 3 6 3 6 3 6 3 7 3 7 3 7 3 7 3 8 3 8 3 8 4 8 3 8 3 8 3 9 0 0 4 9 4 9 4 9 4 9 4 9 5 9 4 10 5 10 4 10 5 10 5 10 5 10 5 10 5 10 6 10 5 11 5 11 6 11 6 11 6 11 6 11 6 11 6 11 5 11 6 11 6 11 0 0 0 0 0 0 0 0 0 0
1784740953.132978,57976,-47,11,1,6,1,-95,1,674643373,128,0 0 0 0 0 0 0 0 0 0 0 0 -6 0 -7 0 -6 0 -7 -1 -7 -1 -7 -1 -7 -1 -7 -1 -7 -1 -7 -1 -8 -2 -8 -2 -8 -2 -8 -2 -9 -2 -8 -2 -9 -2 -9 -2 -9 -2 -9 -2 -9 -2 -9 -2 -9 -2 -9 -2 -9 -3 -10 -3 0 0 -10 -2 -10 -2 -11 -2 -10 -2 -11 -1 -11 -2 -11 -2 -12 -2 -12 -2 -12 -2 -12 -2 -12 -1 -13 -2 -13 -2 -13 -2 -14 -2 -13 -2 -14 -2 -14 -2 -14 -1 -15 -2 -15 -2 -14 -2 -15 -3 -15 -2 -15 -2 0 0 0 0 0 0 0 0 0 0
1784740953.148773,57977,-47,11,1,7,1,-95,1,674650121,128,0 0 0 0 0 0 0 0 0 0 0 0 5 1 5 2 5 2 5 2 5 2 5 2 5 2 5 2 5 3 5 3 5 3 5 3 5 4 5 4 6 4 5 4 6 4 6 4 6 4 6 4 6 4 6 4 6 4 6 4 6 4 7 4 0 0 7 4 7 4 7 4 8 4 8 4 8 4 9 4 9 4 9 4 10 4 10 4 10 4 10 5 11 5 11 4 11 5 11 5 11 5 12 5 12 5 12 5 12 5 12 6 12 6 12 6 12 6 0 0 0 0 0 0 0 0 0 0
1784740953.148773,57978,-48,11,1,7,1,-95,1,674660068,128,0 0 0 0 0 0 0 0 0 0 0 0 1 -6 1 -6 1 -6 2 -6 2 -6 2 -6 2 -6 2 -6 2 -6 2 -6 2 -6 2 -6 2 -6 2 -6 2 -6 2 -6 2 -6 2 -6 3 -7 2 -7 2 -7 2 -7 2 -7 2 -7 2 -7 2 -8 0 0 2 -8 2 -8 2 -8 2 -9 2 -9 2 -9 2 -10 2 -10 2 -10 2 -11 2 -11 2 -11 2 -12 2 -12 3 -12 3 -12 3 -12 3 -13 3 -13 3 -13 3 -13 3 -13 3 -13 4 -14 3 -13 4 -14 0 0 0 0 0 0 0 0 0 0
1784740953.164667,57979,-47,11,1,7,1,-95,1,674669999,128,0 0 0 0 0 0 0 0 0 0 0 0 3 -7 3 -7 4 -7 4 -6 4 -6 4 -6 4 -6 5 -6 5 -6 5 -6 5 -6 5 -6 5 -6 5 -6 5 -5 5 -6 5 -5 6 -6 5 -6 6 -6 5 -6 5 -6 5 -6 5 -6 5 -6 5 -6 0 0 5 -6 5 -7 5 -7 5 -8 5 -8 5 -8 5 -8 5 -9 5 -9 5 -10 5 -10 5 -10 6 -10 6 -10 6 -11 6 -10 7 -11 7 -11 6 -11 7 -11 7 -11 7 -12 7 -11 8 -11 7 -11 8 -11 0 0 0 0 0 0 0 0 0 0
1784740953.164667,57980,-46,11,1,7,1,-95,1,674680021,128,0 0 0 0 0 0 0 0 0 0 0 0 -4 6 -5 6 -6 6 -6 5 -6 5 -7 5 -7 5 -7 5 -7 5 -7 4 -7 4 -7 4 -7 4 -8 4 -8 4 -8 4 -8 4 -8 4 -8 4 -8 4 -8 4 -8 4 -8 4 -8 4 -8 4 -8 5 0 0 -8 5 -8 5 -8 6 -7 6 -7 6 -7 6 -7 6 -8 7 -8 7 -8 7 -8 7 -8 7 -8 8 -9 8 -8 8 -9 9 -9 8 -9 9 -9 9 -9 9 -9 9 -9 9 -9 9 -10 9 -9 9 -10 10 0 0 0 0 0 0 0 0 0 0
1784740953.180712,57981,-47,11,1,7,1,-95,1,674690021,128,0 0 0 0 0 0 0 0 0 0 0 0 0 -8 1 -7 2 -7 2 -7 2 -8 2 -7 2 -7 2 -7 3 -7 3 -7 3 -7 3 -7 3 -7 4 -7 3 -7 4 -7 4 -7 4 -7 4 -7 3 -7 3 -7 3 -7 3 -7 3 -7 3 -7 3 -7 0 0 3 -8 2 -8 2 -8 2 -8 2 -8 2 -9 2 -9 2 -9 1 -10 1 -10 2 -11 1 -11 2 -11 1 -11 1 -12 2 -12 2 -12 2 -13 2 -13 2 -13 2 -13 2 -13 2 -13 3 -13 3 -13 3 -14 0 0 0 0 0 0 0 0 0 0
1784740953.196877,57982,-47,11,1,7,1,-95,1,674700070,128,0 0 0 0 0 0 0 0 0 0 0 0 1 6 1 6 0 7 0 7 0 7 -1 7 -1 7 -1 7 -1 7 -2 7 -2 7 -2 7 -2 7 -2 7 -2 7 -2 7 -2 7 -2 7 -2 7 -3 7 -2 7 -2 6 -2 7 -2 7 -2 6 -2 6 0 0 -1 6 -1 7 -1 6 0 7 0 7 0 7 1 7 1 7 1 8 2 9 2 9 2 8 2 9 2 9 3 10 3 10 3 10 3 11 3 11 3 11 3 11 3 11 3 12 3 12 3 12 3 12 0 0 0 0 0 0 0 0 0 0
1784740953.196877,57983,-46,11,1,7,1,-95,1,674710097,128,0 0 0 0 0 0 0 0 0 0 0 0 -2 6 -2 7 -3 6 -3 7 -4 6 -4 6 -4 6 -5 7 -5 7 -5 6 -6 7 -6 7 -6 6 -7 7 -7 7 -7 6 -8 7 -7 6 -7 6 -8 6 -7 6 -8 6 -7 6 -7 6 -7 6 -7 6 0 0 -7 6 -7 6 -7 7 -6 6 -6 7 -6 7 -6 7 -5 8 -6 8 -5 8 -5 8 -5 9 -5 9 -5 10 -5 9 -6 10 -5 10 -5 10 -5 11 -5 11 -5 11 -5 11 -5 11 -5 11 -5 11 -5 12 0 0 0 0 0 0 0 0 0 0
1784740953.212853,57984,-46,11,1,7,1,-95,1,674720003,128,0 0 0 0 0 0 0 0 0 0 0 0 -3 5 -3 4 -4 5 -4 4 -5 4 -5 4 -5 5 -5 5 -6 5 -6 5 -7 5 -7 5 -7 5 -7 5 -7 5 -8 5 -8 5 -9 5 -9 5 -9 5 -9 5 -9 5 -9 5 -10 4 -9 4 -10 5 0 0 -9 5 -9 5 -9 5 -10 6 -9 6 -9 6 -9 6 -9 6 -9 7 -10 7 -10 7 -9 7 -9 7 -9 8 -10 9 -9 8 -10 8 -10 9 -9 9 -9 9 -9 9 -10 10 -10 9 -11 10 -10 9 -10 10 0 0 0 0 0 0 0 0 0 0
1784740953.227982,57985,-47,11,1,7,1,-95,1,674729991,128,0 0 0 0 0 0 0 0 0 0 0 0 -3 -6 -3 -6 -2 -6 -2 -6 -2 -6 -2 -6 -2 -7 -2 -7 -2 -7 -2 -7 -2 -8 -2 -8 -2 -8 -2 -8 -2 -8 -2 -9 -1 -9 -1 -9 -1 -9 -1 -10 -1 -10 -1 -10 -1 -10 -1 -10 -1 -10 -1 -10 0 0 -1 -10 -1 -11 -1 -11 -1 -11 -2 -11 -2 -11 -2 -11 -2 -11 -2 -11 -3 -12 -2 -12 -3 -12 -3 -12 -3 -12 -3 -13 -4 -13 -3 -13 -3 -13 -3 -14 -4 -14 -3 -14 -4 -14 -3 -14 -3 -14 -3 -14 -3 -14 0 0 0 0 0 0 0 0 0 0
1784740953.227982,57986,-48,11,1,7,1,-95,1,674740418,128,0 0 0 0 0 0 0 0 0 0 0 0 -4 5 -4 5 -5 4 -5 4 -5 4 -5 4 -5 4 -5 4 -6 4 -6 4 -6 4 -6 4 -7 4 -7 4 -7 4 -7 4 -7 4 -7 4 -8 4 -7 4 -7 4 -8 4 -7 4 -8 4 -8 5 -8 5 0 0 -8 5 -8 5 -8 5 -8 5 -8 6 -8 6 -8 6 -8 7 -8 6 -8 7 -8 7 -8 8 -8 8 -9 8 -8 8 -9 8 -9 8 -9 9 -9 9 -9 9 -9 9 -10 9 -9 9 -10 9 -9 9 -10 9 0 0 0 0 0 0 0 0 0 0
1784740953.244201,57987,-49,11,1,6,1,-95,1,674753063,128,0 0 0 0 0 0 0 0 0 0 0 0 5 -4 5 -4 6 -4 6 -4 6 -4 6 -3 6 -4 6 -3 6 -4 7 -3 7 -3 7 -3 7 -3 7 -3 7 -3 7 -3 7 -3 7 -3 7 -3 7 -3 7 -3 6 -3 7 -3 7 -3 6 -3 6 -4 0 0 6 -4 6 -5 6 -5 6 -6 6 -6 6 -6 6 -7 6 -7 6 -7 7 -8 7 -8 7 -9 7 -9 7 -9 7 -10 7 -10 8 -10 8 -11 8 -11 8 -11 9 -11 9 -12 10 -11 10 -12 10 -11 10 -11 0 0 0 0 0 0 0 0 0 0
1784740953.244201,57988,-47,11,1,7,1,-95,1,674760055,128,0 0 0 0 0 0 0 0 0 0 0 0 -2 -8 -2 -9 -1 -9 -1 -9 0 -9 0 -9 0 -9 0 -9 0 -9 0 -9 1 -9 1 -9 1 -9 1 -9 1 -10 1 -9 1 -10 1 -9 1 -10 1 -9 1 -10 1 -9 1 -9 1 -9 1 -9 1 -9 0 0 0 -10 0 -9 0 -10 -1 -10 -1 -10 -1 -10 -2 -10 -2 -10 -2 -11 -3 -11 -3 -12 -3 -11 -3 -12 -4 -13 -4 -13 -4 -14 -4 -13 -4 -14 -4 -14 -4 -15 -4 -15 -4 -15 -4 -15 -3 -16 -3 -16 -3 -16 0 0 0 0 0 0 0 0 0 0
1784740953.266021,57989,-45,11,1,7,1,-95,1,674770078,128,0 0 0 0 0 0 0 0 0 0 0 0 0 8 0 8 -1 8 -1 9 -2 8 -2 9 -2 8 -2 9 -3 9 -2 9 -3 9 -3 9 -3 9 -3 9 -3 9 -4 9 -4 9 -4 9 -4 9 -4 9 -4 9 -4 9 -3 9 -4 9 -3 9 -3 9 0 0 -3 9 -3 9 -3 10 -2 9 -2 9 -2 10 -2 10 -1 10 -1 10 -1 10 -1 11 0 11 0 11 0 12 0 12 0 13 0 12 0 13 1 13 0 14 1 14 1 14 1 14 0 14 0 15 0 15 0 0 0 0 0 0 0 0 0 0
1784740953.275939,57990,-46,11,1,7,1,-95,1,674780081,128,0 0 0 0 0 0 0 0 0 0 0 0 -9 3 -8 2 -9 2 -9 1 -9 1 -9 1 -10 1 -10 1 -10 0 -10 0 -10 -1 -10 -1 -10 -1 -10 -1 -10 -1 -10 -1 -10 -1 -10 -1 -10 -1 -10 -1 -9 -1 -9 -1 -9 -1 -9 -1 -9 -1 -9 -1 0 0 -9 0 -9 0 -8 0 -9 1 -8 1 -9 1 -8 2 -9 2 -9 2 -9 3 -9 3 -10 3 -9 3 -9 3 -10 5 -10 5 -11 5 -11 5 -10 6 -11 6 -11 6 -11 6 -12 6 -12 6 -12 6 -13 6 0 0 0 0 0 0 0 0 0 0
1784740953.275939,57991,-45,11,1,7,1,-95,1,674790618,128,0 0 0 0 0 0 0 0 0 0 0 0 4 8 4 8 3 8 3 9 2 9 2 9 2 9 2 10 1 10 1 10 1 10 0 10 0 10 0 10 0 10 -1 10 -1 10 -1 10 -2 10 -2 10 -2 10 -2 10 -1 9 -1 9 -1 9 -1 9 0 0 -1 9 -1 8 -1 9 0 8 0 9 1 8 1 8 1 8 1 9 2 8 2 9 3 9 3 9 4 9 3 9 4 10 4 9 5 10 5 10 5 10 5 10 5 11 5 10 6 11 6 11 6 12 0 0 0 0 0 0 0 0 0 0
1784740953.292085,57992,-44,11,1,7,1,-95,1,674799995,128,0 0 0 0 0 0 0 0 0 0 0 0 5 6 5 7 4 8 3 8 3 8 3 8 3 8 3 9 2 9 2 9 2 9 2 9 2 10 2 10 1 10 1 10 1 10 1 10 0 10 0 10 0 10 0 10 0 10 0 10 0 10 0 10 0 0 0 10 0 10 0 10 1 9 1 9 1 10 1 9 2 10 2 10 3 10 3 10 3 10 3 10 3 10 3 10 4 11 4 10 4 11 4 11 4 11 5 11 4 12 5 11 5 11 5 12 5 12 0 0 0 0 0 0 0 0 0 0
1784740953.292085,57993,-44,11,1,7,1,-95,1,674810505,128,0 0 0 0 0 0 0 0 0 0 0 0 4 7 4 7 3 7 3 8 3 8 3 8 2 8 2 8 2 9 1 9 1 9 1 9 1 9 1 9 1 9 0 9 1 9 1 9 1 9 1 9 0 9 0 9 1 9 1 9 1 9 1 9 0 0 1 9 1 9 1 9 2 9 2 9 2 9 2 9 2 10 3 10 3 10 3 10 4 10 4 10 4 10 4 10 5 11 5 11 5 11 5 11 5 11 5 11 5 11 5 12 5 12 6 12 6 12 0 0 0 0 0 0 0 0 0 0
1784740953.308049,57994,-45,11,1,7,1,-95,1,674820141,128,0 0 0 0 0 0 0 0 0 0 0 0 6 5 6 5 5 5 5 6 4 6 4 7 4 7 4 7 4 7 4 7 4 7 3 7 3 8 3 8 4 8 3 8 3 8 3 8 3 8 3 8 3 8 3 8 3 8 3 7 3 7 3 7 0 0 4 8 4 7 4 8 4 7 5 7 5 7 5 7 6 7 6 7 6 7 7 7 7 7 7 8 8 8 8 7 8 9 8 8 9 8 9 9 9 8 9 9 9 9 9 9 9 9 10 9 10 9 0 0 0 0 0 0 0 0 0 0
1784740953.328588,57995,-45,11,1,7,1,-95,1,674829954,128,0 0 0 0 0 0 0 0 0 0 0 0 -6 -6 -5 -7 -5 -7 -5 -8 -4 -8 -4 -8 -4 -8 -4 -9 -4 -9 -4 -9 -3 -9 -3 -10 -3 -10 -2 -10 -3 -10 -2 -10 -2 -10 -2 -11 -2 -11 -2 -10 -2 -10 -1 -10 -2 -10 -2 -10 -2 -10 -2 -10 0 0 -2 -10 -2 -10 -2 -10 -3 -10 -3 -10 -3 -10 -4 -10 -4 -10 -4 -10 -5 -11 -5 -11 -5 -11 -5 -11 -5 -11 -5 -11 -6 -12 -5 -12 -6 -12 -6 -12 -6 -13 -7 -12 -6 -13 -7 -13 -6 -13 -6 -13 -7 -14 0 0 0 0 0 0 0 0 0 0
1784740953.328588,57996,-45,11,1,7,1,-95,1,674840034,128,0 0 0 0 0 0 0 0 0 0 0 0 -7 -6 -6 -6 -6 -7 -6 -7 -6 -8 -5 -8 -5 -8 -5 -9 -5 -9 -5 -9 -5 -9 -4 -10 -4 -10 -4 -10 -4 -10 -4 -10 -4 -10 -4 -11 -4 -11 -4 -11 -4 -10 -4 -10 -4 -11 -3 -11 -3 -10 -4 -10 0 0 -4 -10 -4 -10 -4 -10 -5 -10 -5 -10 -5 -10 -5 -9 -6 -10 -6 -9 -6 -10 -6 -10 -7 -10 -7 -10 -7 -10 -8 -10 -8 -10 -8 -10 -8 -10 -8 -10 -9 -10 -9 -10 -9 -10 -9 -11 -9 -11 -9 -11 -9 -11 0 0 0 0 0 0 0 0 0 0
1784740953.344115,57997,-46,11,1,7,1,-95,1,674850058,128,0 0 0 0 0 0 0 0 0 0 0 0 7 3 7 4 6 4 6 5 6 5 6 6 6 6 6 6 6 6 5 6 5 7 6 7 5 7 5 7 5 8 5 7 5 8 5 8 5 8 5 8 5 8 5 8 5 7 5 8 5 8 6 8 0 0 6 8 6 7 7 8 7 7 7 7 7 7 7 7 8 7 8 7 8 7 9 8 9 7 9 8 10 8 10 7 11 8 10 8 11 8 11 8 11 8 11 8 12 9 11 8 11 9 11 9 12 10 0 0 0 0 0 0 0 0 0 0
1784740953.355755,57998,-48,11,1,7,1,-95,1,674860560,128,0 0 0 0 0 0 0 0 0 0 0 0 -4 -8 -3 -8 -3 -9 -2 -9 -2 -9 -2 -9 -2 -9 -2 -9 -2 -9 -1 -10 -1 -10 0 -10 0 -10 0 -10 0 -9 0 -10 0 -10 0 -10 0 -10 -1 -10 -1 -10 -1 -10 -1 -10 0 -10 0 -9 -1 -9 0 0 -2 -10 -2 -10 -2 -10 -2 -11 -3 -10 -3 -10 -4 -10 -4 -11 -4 -11 -5 -12 -4 -12 -5 -12 -5 -12 -5 -11 -6 -13 -6 -12 -6 -13 -6 -13 -6 -13 -7 -14 -7 -14 -7 -14 -7 -15 -6 -15 -6 -16 -6 -16 0 0 0 0 0 0 0 0 0 0
1784740953.355755,57999,-47,11,1,7,1,-95,1,674872038,128,0 0 0 0 0 0 0 0 0 0 0 0 7 5 6 5 7 6 6 6 6 7 6 7 6 7 6 7 5 7 5 8 5 8 5 8 4 9 4 9 4 8 4 9 4 9 4 9 4 9 4 9 4 9 4 8 4 8 3 8 3 8 4 8 0 0 4 8 5 8 4 7 5 8 5 7 6 7 6 7 6 7 7 7 7 7 7 7 7 7 7 7 8 7 9 7 9 7 9 7 10 7 10 7 11 8 10 7 11 8 11 8 10 9 10 9 11 9 0 0 0 0 0 0 0 0 0 0
1784740953.375877,58000,-46,11,1,7,1,-95,1,674879989,128,0 0 0 0 0 0 0 0 0 0 0 0 8 0 9 1 8 1 9 2 9 2 9 2 8 3 9 3 8 3 9 3 9 4 9 4 9 4 9 4 9 4 9 5 9 5 9 5 9 6 9 5 9 5 9 6 9 5 8 5 8 5 9 5 0 0 9 5 9 5 9 5 9 4 9 4 10 3 10 3 10 3 10 3 11 3 11 3 11 2 11 2 12 2 12 2 13 2 13 2 13 2 14 2 13 2 14 2 14 2 14 2 14 3 15 3 15 3 0 0 0 0 0 0 0 0 0 0
1784740953.375877,58001,-46,11,1,7,1,-95,1,674889996,128,0 0 0 0 0 0 0 0 0 0 0 0 4 -6 4 -6 5 -6 5 -6 5 -6 5 -5 5 -6 6 -6 6 -6 6 -5 6 -5 6 -5 7 -5 7 -5 6 -5 7 -6 7 -5 7 -6 7 -5 7 -6 7 -6 7 -5 7 -6 7 -5 7 -5 7 -5 0 0 6 -6 6 -7 6 -7 6 -7 6 -7 6 -8 6 -8 6 -8 5 -9 6 -9 6 -10 6 -10 6 -10 6 -10 6 -12 6 -12 7 -12 7 -12 6 -13 6 -13 7 -13 7 -13 8 -13 8 -14 8 -13 8 -14 0 0 0 0 0 0 0 0 0 0
1784740953.387570,58002,-47,11,1,7,1,-95,1,674899992,128,0 0 0 0 0 0 0 0 0 0 0 0 -7 -6 -6 -6 -6 -7 -6 -7 -6 -7 -6 -7 -5 -7 -5 -8 -5 -8 -5 -8 -5 -8 -4 -8 -4 -9 -4 -9 -5 -9 -4 -9 -4 -9 -4 -9 -4 -9 -4 -9 -4 -9 -4 -8 -4 -8 -4 -8 -4 -8 -4 -8 0 0 -5 -8 -5 -8 -5 -8 -5 -7 -5 -7 -6 -7 -6 -7 -7 -7 -7 -7 -8 -7 -8 -7 -8 -7 -8 -7 -9 -7 -9 -7 -10 -7 -10 -7 -10 -8 -11 -7 -11 -8 -11 -8 -12 -8 -11 -8 -11 -9 -12 -9 -12 -9 0 0 0 0 0 0 0 0 0 0
1784740953.403797,58003,-44,11,1,7,1,-95,1,674913204,128,0 0 0 0 0 0 0 0 0 0 0 0 7 4 7 4 7 5 7 5 7 6 7 6 6 7 6 7 6 7 6 7 6 8 5 8 6 8 6 8 6 8 6 8 6 9 6 9 5 9 5 9 5 9 5 9 5 9 5 9 5 9 5 9 0 0 5 9 5 9 5 8 6 8 6 8 6 8 6 8 7 8 7 7 7 8 7 8 8 7 8 7 8 7 9 7 9 7 9 8 9 8 9 7 10 7 10 7 10 7 10 8 10 8 10 8 10 7 0 0 0 0 0 0 0 0 0 0
1784740953.403797,58004,-44,11,1,7,1,-95,1,674920174,128,0 0 0 0 0 0 0 0 0 0 0 0 -4 -8 -4 -8 -4 -9 -3 -9 -3 -9 -3 -9 -2 -9 -2 -10 -2 -10 -2 -10 -1 -10 -1 -10 -1 -10 -1 -10 -1 -11 -1 -11 -1 -11 -1 -11 -1 -11 0 -11 -1 -11 -1 -11 0 -11 0 -11 0 -11 0 -11 0 0 -1 -11 -1 -11 -1 -11 -2 -11 -2 -11 -2 -11 -2 -11 -2 -11 -3 -11 -3 -12 -3 -12 -3 -12 -3 -12 -4 -12 -4 -12 -5 -13 -4 -13 -4 -13 -5 -13 -5 -13 -5 -13 -5 -14 -5 -14 -4 -14 -4 -14 -5 -14 0 0 0 0 0 0 0 0 0 0
1784740953.419582,58005,-45,11,1,7,1,-95,1,674930084,128,0 0 0 0 0 0 0 0 0 0 0 0 -7 5 -7 5 -8 4 -8 4 -8 4 -9 3 -8 4 -9 3 -9 3 -9 3 -9 2 -9 2 -10 2 -10 2 -10 2 -10 2 -10 2 -9 2 -10 2 -9 2 -9 2 -9 3 -9 2 -9 2 -9 2 -9 2 0 0 -9 4 -9 3 -9 4 -9 4 -9 4 -9 5 -9 5 -9 6 -9 6 -9 6 -10 6 -10 6 -10 7 -10 7 -10 8 -11 8 -11 8 -11 8 -10 9 -11 9 -11 9 -11 9 -11 9 -12 8 -12 8 -12 9 0 0 0 0 0 0 0 0 0 0
1784740953.435421,58006,-45,11,1,7,1,-95,1,674940077,128,0 0 0 0 0 0 0 0 0 0 0 0 -8 5 -8 4 -9 4 -9 3 -9 3 -10 3 -10 3 -10 2 -10 2 -10 2 -10 2 -10 2 -10 1 -11 1 -11 1 -11 1 -11 1 -10 1 -10 1 -10 0 -10 0 -10 0 -10 1 -10 1 -10 1 -10 1 0 0 -9 2 -10 2 -10 2 -9 2 -9 3 -10 3 -9 3 -10 4 -10 4 -10 5 -10 5 -10 5 -10 6 -11 6 -11 6 -11 6 -11 6 -12 6 -12 7 -12 7 -12 7 -12 7 -12 7 -13 7 -12 7 -13 8 0 0 0 0 0 0 0 0 0 0
1784740953.435421,58007,-45,11,1,7,1,-95,1,674950090,128,0 0 0 0 0 0 0 0 0 0 0 0 -2 -9 -2 -9 -2 -9 -1 -9 -1 -10 0 -10 0 -10 0 -10 0 -10 1 -10 1 -10 2 -10 2 -10 2 -10 2 -10 2 -11 2 -11 2 -11 3 -11 3 -11 3 -11 2 -11 3 -11 3 -10 3 -10 3 -10 0 0 2 -10 2 -10 2 -10 1 -11 1 -10 1 -10 0 -10 0 -11 0 -10 0 -12 0 -11 0 -11 0 -11 0 -12 -1 -13 -1 -13 -1 -13 -1 -13 -2 -13 -2 -14 -2 -14 -2 -13 -1 -14 -1 -14 -1 -14 -1 -14 0 0 0 0 0 0 0 0 0 0
1784740953.451567,58008,-45,11,1,7,1,-95,1,674962116,128,0 0 0 0 0 0 0 0 0 0 0 0 -8 -3 -8 -3 -8 -4 -8 -4 -8 -5 -8 -5 -8 -5 -8 -5 -8 -5 -8 -6 -8 -6 -8 -6 -8 -7 -8 -7 -8 -7 -8 -7 -8 -7 -8 -8 -8 -8 -8 -8 -8 -8 -8 -8 -8 -8 -8 -8 -7 -8 -8 -8 0 0 -8 -8 -8 -7 -8 -7 -8 -7 -8 -7 -9 -7 -8 -7 -9 -7 -9 -7 -10 -7 -10 -7 -10 -7 -10 -7 -10 -7 -11 -7 -11 -7 -11 -7 -11 -7 -11 -7 -12 -7 -12 -7 -12 -7 -12 -7 -12 -8 -12 -7 -12 -7 0 0 0 0 0 0 0 0 0 0
1784740953.467418,58009,-45,11,1,7,1,-95,1,674969985,128,0 0 0 0 0 0 0 0 0 0 0 0 3 7 2 8 2 8 1 8 1 8 1 8 1 8 1 9 0 9 0 9 0 9 0 9 0 9 -1 9 -1 9 -1 9 -1 10 -1 10 -1 10 -1 10 -1 10 -1 9 -1 10 -1 10 -1 9 -1 10 0 0 -1 10 -1 10 -1 10 0 10 0 10 0 10 0 10 1 10 1 10 1 10 1 11 2 11 2 11 2 11 2 11 2 12 2 12 2 12 2 12 3 12 3 12 3 13 3 12 3 13 3 13 3 13 0 0 0 0 0 0 0 0 0 0
1784740953.467418,58010,-45,11,1,7,1,-95,1,674980016,128,0 0 0 0 0 0 0 0 0 0 0 0 8 4 7 4 7 5 7 5 7 6 7 6 7 6 7 7 7 6 6 7 6 8 6 8 6 8 6 8 6 8 6 8 5 8 5 8 5 8 5 8 5 8 5 8 5 8 5 8 5 7 5 7 0 0 6 7 6 7 6 6 7 6 7 6 8 6 8 5 8 5 8 5 9 6 9 6 10 5 10 5 10 5 11 5 11 5 11 5 11 5 12 5 12 5 12 5 12 5 12 6 12 6 12 6 12 6 0 0 0 0 0 0 0 0 0 0
1784740953.483577,58011,-46,11,1,7,1,-95,1,674990093,128,0 0 0 0 0 0 0 0 0 0 0 0 -4 8 -5 8 -5 8 -6 8 -6 8 -7 8 -7 8 -7 8 -8 8 -8 7 -8 7 -8 7 -9 7 -9 7 -9 7 -9 6 -9 6 -9 6 -9 6 -9 6 -9 6 -8 6 -8 6 -7 6 -7 6 -7 6 0 0 -7 7 -7 7 -6 7 -6 7 -5 7 -6 8 -5 8 -5 9 -5 9 -5 10 -4 10 -4 11 -4 11 -4 11 -4 12 -4 12 -4 12 -4 13 -4 13 -4 13 -4 13 -5 14 -4 14 -4 14 -4 14 -5 15 0 0 0 0 0 0 0 0 0 0
1784740953.483577,58012,-46,11,1,7,1,-95,1,675000012,128,0 0 0 0 0 0 0 0 0 0 0 0 -4 6 -5 6 -6 6 -6 6 -7 6 -7 6 -7 6 -7 6 -8 6 -8 5 -8 5 -9 5 -9 5 -9 5 -9 5 -10 4 -10 4 -10 4 -10 4 -9 4 -9 4 -9 4 -9 4 -9 4 -9 4 -9 5 0 0 -9 5 -8 5 -8 5 -8 6 -8 6 -8 7 -8 7 -8 8 -8 8 -8 9 -8 9 -8 9 -8 9 -8 9 -9 10 -9 10 -9 10 -9 11 -9 11 -9 11 -9 12 -9 12 -10 12 -10 12 -10 12 -11 12 0 0 0 0 0 0 0 0 0 0
1784740953.499763,58013,-47,11,1,7,1,-95,1,675010137,128,0 0 0 0 0 0 0 0 0 0 0 0 -7 -2 -7 -2 -7 -2 -7 -3 -7 -3 -7 -3 -7 -4 -7 -4 -7 -4 -7 -4 -7 -4 -7 -5 -7 -5 -8 -5 -8 -5 -7 -5 -8 -6 -7 -5 -7 -6 -7 -6 -8 -5 -7 -6 -8 -5 -8 -5 -8 -5 -8 -5 0 0 -8 -5 -9 -5 -9 -5 -9 -5 -10 -5 -10 -5 -10 -5 -11 -5 -11 -5 -11 -5 -12 -5 -12 -5 -12 -5 -12 -6 -13 -5 -13 -5 -13 -6 -13 -6 -13 -6 -14 -6 -14 -6 -14 -6 -14 -6 -14 -7 -14 -7 -15 -7 0 0 0 0 0 0 0 0 0 0
1784740953.515818,58014,-48,11,1,7,1,-95,1,675020161,128,0 0 0 0 0 0 0 0 0 0 0 0 6 0 6 1 6 1 7 1 6 2 7 2 7 2 7 2 7 3 7 2 7 3 8 3 8 3 8 3 8 4 8 4 8 4 7 4 8 4 7 4 7 4 7 5 8 4 8 4 8 4 8 4 0 0 8 4 9 4 9 4 9 4 9 4 9 4 10 4 10 4 10 4 11 4 11 4 11 3 11 3 11 4 11 4 12 4 12 4 12 4 12 4 12 4 13 4 13 5 13 4 13 4 13 4 14 5 0 0 0 0 0 0 0 0 0 0
1784740953.515818,58015,-49,11,1,7,1,-95,1,675030069,128,0 0 0 0 0 0 0 0 0 0 0 0 7 1 7 1 7 2 7 2 8 3 7 3 8 3 8 3 8 3 8 4 8 4 8 5 8 5 8 5 8 5 8 5 8 5 8 5 8 5 8 5 8 5 8 5 8 5 7 6 7 5 8 5 0 0 8 5 9 4 8 4 9 4 9 4 9 4 9 3 10 3 10 3 11 4 10 4 10 4 11 4 10 3 12 3 12 3 12 3 12 3 12 3 12 3 12 3 12 2 13 3 12 4 12 3 12 3 0 0 0 0 0 0 0 0 0 0
1784740953.535824,58016,-48,11,1,7,1,-95,1,675041033,128,0 0 0 0 0 0 0 0 0 0 0 0 7 2 7 2 6 3 6 4 6 4 7 4 6 4 7 5 6 5 7 5 7 5 7 5 7 5 7 6 7 6 7 6 7 7 7 6 7 7 6 7 7 7 6 7 7 6 7 6 7 6 7 6 0 0 7 6 7 6 7 6 8 6 8 5 8 5 8 5 9 5 9 6 10 5 10 5 11 5 11 5 11 6 11 6 11 6 11 6 12 6 12 7 12 7 12 6 12 7 12 6 12 7 12 6 12 7 0 0 0 0 0 0 0 0 0 0
1784740953.547626,58017,-48,11,1,7,1,-95,1,675051365,128,0 0 0 0 0 0 0 0 0 0 0 0 -6 -3 -6 -4 -6 -4 -6 -4 -6 -5 -6 -5 -6 -4 -6 -5 -6 -5 -6 -5 -6 -5 -6 -5 -6 -5 -6 -5 -6 -5 -6 -5 -6 -5 -7 -5 -7 -5 -7 -5 -7 -5 -7 -5 -8 -5 -8 -5 -8 -5 -8 -5 0 0 -9 -5 -9 -5 -9 -5 -10 -5 -10 -5 -11 -5 -11 -5 -11 -5 -12 -5 -13 -5 -12 -5 -13 -5 -13 -5 -13 -6 -14 -6 -14 -6 -13 -7 -14 -6 -14 -7 -14 -7 -15 -7 -15 -8 -15 -8 -14 -8 -14 -8 -14 -8 0 0 0 0 0 0 0 0 0 0
1784740953.547626,58018,-49,11,1,7,1,-95,1,675060169,128,0 0 0 0 0 0 0 0 0 0 0 0 -2 6 -2 6 -2 6 -2 6 -3 6 -3 6 -3 6 -3 6 -3 6 -3 6 -3 6 -3 6 -3 6 -3 6 -2 6 -2 6 -2 6 -2 7 -2 7 -1 7 -1 7 -1 7 -1 7 -1 8 -1 7 0 8 0 0 0 9 1 9 1 9 2 10 2 10 2 10 2 10 2 11 2 11 3 12 2 13 3 13 2 12 3 12 3 14 3 14 3 14 3 15 3 15 3 15 3 15 3 15 2 16 2 16 1 15 2 15 0 0 0 0 0 0 0 0 0 0
1784740953.563400,58019,-49,11,1,7,1,-95,1,675069977,128,0 0 0 0 0 0 0 0 0 0 0 0 0 9 0 9 -1 9 -1 9 -2 9 -2 9 -2 8 -2 9 -3 8 -2 8 -3 8 -2 8 -3 9 -3 9 -3 9 -3 8 -3 8 -3 8 -3 8 -3 8 -2 8 -2 8 -1 8 -1 8 -1 8 -1 8 0 0 0 9 0 9 0 10 1 9 1 10 1 10 1 10 2 11 2 11 3 11 2 11 3 12 3 13 3 13 2 13 3 14 2 13 3 14 3 15 3 14 3 15 2 15 2 14 2 15 2 15 2 15 0 0 0 0 0 0 0 0 0 0
1784740953.563400,58020,-47,11,1,7,1,-95,1,675080042,128,0 0 0 0 0 0 0 0 0 0 0 0 -9 3 -9 2 -10 2 -10 1 -10 1 -10 1 -10 1 -10 0 -10 0 -10 0 -10 0 -11 0 -11 0 -11 -1 -11 0 -11 -1 -11 -1 -11 -1 -11 -1 -11 -1 -11 -1 -11 -1 -11 -1 -11 -1 -11 -1 -11 0 0 0 -11 0 -11 0 -11 0 -11 1 -10 1 -11 1 -11 1 -11 2 -11 2 -11 2 -11 3 -11 3 -11 3 -12 3 -12 3 -12 3 -12 3 -12 4 -13 4 -13 4 -13 4 -13 4 -13 4 -13 4 -13 4 -13 4 0 0 0 0 0 0 0 0 0 0
1784740953.582304,58021,-46,11,1,7,1,-95,1,675089953,128,0 0 0 0 0 0 0 0 0 0 0 0 6 4 6 5 6 5 6 6 6 6 6 6 6 6 6 7 6 7 6 7 5 8 6 8 5 8 6 9 6 9 5 9 6 10 5 9 5 10 5 10 5 10 5 10 5 10 5 10 5 10 5 10 0 0 5 10 5 9 5 9 5 9 6 9 6 10 6 9 6 9 6 9 7 10 7 10 7 10 7 9 7 10 8 9 8 10 8 10 8 10 8 10 9 10 9 10 9 10 9 10 9 11 9 10 9 10 0 0 0 0 0 0 0 0 0 0
1784740953.595476,58022,-46,11,1,7,1,-95,1,675100089,128,0 0 0 0 0 0 0 0 0 0 0 0 -5 2 -6 2 -6 2 -7 2 -7 2 -7 2 -7 2 -8 2 -8 2 -8 2 -8 2 -9 2 -9 1 -10 1 -10 1 -10 1 -11 1 -11 1 -11 1 -11 0 -11 1 -12 0 -11 1 -11 0 -12 0 -12 0 0 0 -12 0 -12 0 -13 0 -12 1 -12 0 -13 1 -13 1 -13 1 -13 1 -13 1 -13 1 -14 2 -14 2 -14 2 -14 2 -15 2 -14 2 -14 2 -14 2 -15 2 -14 2 -15 2 -14 2 -15 2 -15 2 -15 2 0 0 0 0 0 0 0 0 0 0
1784740953.595476,58023,-47,11,1,7,1,-95,1,675109998,128,0 0 0 0 0 0 0 0 0 0 0 0 -3 3 -3 3 -3 3 -4 3 -4 3 -4 3 -4 4 -4 4 -5 4 -5 5 -5 4 -5 5 -6 5 -6 5 -6 5 -7 5 -7 5 -7 6 -7 6 -8 6 -8 6 -8 6 -8 6 -9 6 -9 6 -9 7 0 0 -9 7 -10 7 -10 7 -10 8 -10 8 -10 8 -10 8 -10 8 -11 8 -11 9 -11 9 -11 9 -11 8 -11 9 -11 9 -11 9 -11 9 -11 9 -11 10 -11 10 -11 10 -11 10 -11 10 -12 9 -11 9 -12 10 0 0 0 0 0 0 0 0 0 0
1784740953.614948,58024,-49,11,1,7,1,-95,1,675120102,128,0 0 0 0 0 0 0 0 0 0 0 0 -4 2 -4 2 -5 2 -5 2 -5 2 -5 2 -5 2 -5 3 -5 3 -5 3 -6 3 -6 3 -6 3 -6 3 -6 3 -7 4 -7 4 -7 4 -7 4 -8 4 -8 4 -8 4 -8 5 -8 4 -8 4 -9 5 0 0 -9 5 -9 5 -9 5 -10 6 -10 6 -10 6 -10 6 -10 6 -10 6 -11 7 -11 6 -11 6 -11 6 -11 6 -11 7 -11 7 -12 7 -12 7 -11 7 -11 7 -12 7 -11 7 -12 7 -12 6 -12 6 -11 6 0 0 0 0 0 0 0 0 0 0
1784740953.629682,58025,-50,11,1,7,1,-95,1,675131234,128,0 0 0 0 0 0 0 0 0 0 0 0 1 -6 1 -6 1 -6 1 -6 1 -6 1 -7 2 -7 1 -7 1 -7 1 -8 2 -8 2 -8 2 -8 2 -9 2 -9 2 -9 2 -9 3 -9 3 -10 3 -10 3 -10 3 -10 4 -11 4 -10 3 -10 4 -11 0 0 3 -11 3 -12 3 -11 4 -12 4 -12 4 -12 3 -12 4 -13 3 -12 4 -13 4 -13 4 -13 3 -13 4 -13 3 -14 3 -13 4 -14 4 -14 4 -14 3 -13 4 -13 3 -13 4 -14 4 -13 4 -13 4 -13 0 0 0 0 0 0 0 0 0 0
1784740953.629682,58026,-52,11,1,7,1,-95,1,675143370,128,0 0 0 0 0 0 0 0 0 0 0 0 -1 -4 -1 -4 -1 -5 -1 -4 -1 -5 -1 -5 -2 -5 -2 -5 -2 -6 -2 -7 -2 -6 -2 -7 -1 -8 -2 -8 -2 -8 -2 -9 -1 -9 -1 -9 -1 -9 -1 -9 -1 -10 -1 -10 -1 -10 -1 -10 -1 -10 -1 -11 0 0 -1 -11 -1 -11 -1 -12 -2 -12 -2 -12 -2 -12 -2 -12 -2 -13 -2 -13 -2 -13 -2 -13 -2 -13 -2 -13 -2 -14 -3 -14 -3 -14 -3 -14 -2 -14 -3 -14 -3 -14 -3 -14 -3 -14 -2 -14 -3 -14 -2 -14 -2 -14 0 0 0 0 0 0 0 0 0 0
1784740953.643696,58027,-55,11,1,7,1,-95,1,675150075,128,0 0 0 0 0 0 0 0 0 0 0 0 2 0 2 0 2 0 2 0 2 0 2 -1 2 -1 2 -1 2 -1 2 -1 3 -2 3 -2 3 -2 4 -2 4 -2 4 -2 5 -2 5 -2 5 -2 5 -2 5 -3 6 -3 6 -3 6 -3 6 -3 7 -3 0 0 7 -4 8 -4 8 -4 8 -4 8 -4 9 -4 9 -5 9 -5 10 -5 10 -5 10 -5 10 -5 11 -5 11 -5 11 -5 12 -5 12 -5 12 -5 12 -5 12 -5 12 -5 13 -5 12 -5 13 -5 13 -5 13 -5 0 0 0 0 0 0 0 0 0 0
1784740953.643696,58028,-58,11,1,7,1,-95,1,675160034,128,0 0 0 0 0 0 0 0 0 0 0 0 5 -1 5 -1 4 0 4 0 4 0 4 0 3 0 3 0 2 0 2 0 2 0 1 0 1 -1 1 -1 0 -1 0 -1 0 -1 -1 -2 -1 -2 -1 -3 -1 -3 -2 -4 -2 -4 -2 -4 -3 -4 -3 -5 0 0 -3 -6 -3 -6 -4 -7 -4 -7 -4 -7 -4 -8 -4 -9 -5 -9 -4 -10 -5 -10 -5 -10 -6 -10 -5 -11 -5 -11 -5 -12 -5 -12 -5 -12 -5 -12 -6 -13 -6 -13 -6 -13 -6 -13 -6 -13 -6 -13 -6 -14 -6 -14 0 0 0 0 0 0 0 0 0 0
1784740953.659479,58029,-57,11,1,6,1,-95,1,675172549,128,0 0 0 0 0 0 0 0 0 0 0 0 3 0 3 0 3 0 3 0 3 0 2 0 2 0 2 0 2 -1 2 -1 2 -1 2 -1 2 -2 2 -2 2 -2 2 -3 2 -3 2 -3 2 -3 2 -4 3 -4 3 -5 3 -5 3 -5 3 -5 3 -6 0 0 4 -6 4 -7 4 -7 5 -8 4 -8 5 -8 5 -8 5 -8 5 -9 6 -10 6 -9 6 -9 6 -9 6 -9 6 -11 6 -10 7 -11 7 -10 7 -11 7 -11 7 -11 7 -11 8 -11 8 -10 8 -10 8 -10 0 0 0 0 0 0 0 0 0 0
1784740953.676864,58030,-57,11,1,7,1,-95,1,675180114,128,0 0 0 0 0 0 0 0 0 0 0 0 1 3 0 3 0 3 0 3 0 3 0 3 1 3 1 3 1 3 1 3 1 3 1 4 1 4 1 4 1 4 1 4 1 4 1 4 1 4 1 4 1 4 2 4 2 5 2 5 2 5 2 5 0 0 3 5 3 5 3 5 3 6 4 5 4 6 4 6 4 6 5 6 5 7 5 7 5 7 5 7 5 7 6 7 6 8 6 8 6 8 6 8 6 8 6 8 6 8 6 9 5 9 5 9 5 9 0 0 0 0 0 0 0 0 0 0
1784740953.676864,58031,-56,11,1,7,1,-95,1,675190054,128,0 0 0 0 0 0 0 0 0 0 0 0 -3 3 -3 3 -4 3 -4 3 -4 3 -5 3 -5 3 -5 3 -6 3 -6 3 -6 3 -6 3 -7 2 -7 2 -7 2 -7 2 -7 2 -7 2 -8 2 -7 1 -7 1 -7 1 -7 2 -7 2 -7 2 -8 2 0 0 -8 2 -8 2 -8 3 -8 3 -8 3 -8 3 -8 3 -8 4 -9 4 -9 4 -9 5 -9 5 -9 5 -9 5 -9 5 -10 5 -9 5 -10 5 -10 6 -10 6 -10 6 -11 6 -10 6 -10 6 -10 6 -11 6 0 0 0 0 0 0 0 0 0 0
1784740953.691870,58032,-51,11,1,7,1,-95,1,675200162,128,0 0 0 0 0 0 0 0 0 0 0 0 5 3 5 4 5 5 5 5 5 5 5 6 5 6 5 7 5 7 4 8 4 8 4 9 4 9 4 9 4 9 4 10 3 10 3 10 3 11 3 11 3 11 3 11 3 11 2 11 2 11 2 11 0 0 2 11 3 11 2 11 3 12 3 11 3 11 3 11 3 11 4 11 4 11 4 11 4 11 4 10 4 10 5 11 5 10 5 11 5 10 6 10 6 10 6 10 7 10 6 10 6 10 6 10 6 10 0 0 0 0 0 0 0 0 0 0
1784740953.691870,58033,-50,11,1,7,1,-95,1,675210027,128,0 0 0 0 0 0 0 0 0 0 0 0 -7 2 -8 2 -8 1 -9 1 -9 1 -9 1 -9 0 -10 0 -10 0 -10 -1 -11 -1 -11 -1 -11 -2 -11 -2 -12 -2 -12 -3 -12 -3 -12 -3 -12 -3 -12 -3 -12 -4 -12 -4 -12 -3 -12 -4 -12 -4 -12 -4 0 0 -12 -4 -12 -4 -12 -4 -12 -4 -11 -3 -12 -4 -11 -3 -11 -3 -11 -3 -12 -3 -11 -2 -11 -2 -11 -2 -12 -2 -11 -1 -12 -1 -11 -1 -12 0 -12 0 -12 0 -12 0 -12 0 -11 0 -11 0 -11 1 -11 1 0 0 0 0 0 0 0 0 0 0
1784740953.717338,58034,-51,11,1,7,1,-95,1,675220381,128,0 0 0 0 0 0 0 0 0 0 0 0 7 4 6 4 7 5 6 5 7 5 7 5 7 6 7 6 7 6 7 7 7 7 7 7 7 8 7 8 7 8 7 9 7 9 7 9 7 10 7 9 7 9 7 10 7 10 7 10 6 10 7 10 0 0 6 10 7 10 6 10 6 10 6 9 6 9 6 9 7 8 6 8 7 8 7 8 7 7 7 7 7 7 7 7 7 7 7 7 8 6 8 6 8 6 8 6 8 6 8 6 8 6 8 5 8 5 0 0 0 0 0 0 0 0 0 0
1784740953.730253,58035,-50,11,1,6,1,-95,1,675232814,128,0 0 0 0 0 0 0 0 0 0 0 0 7 -9 8 -9 9 -9 9 -8 9 -8 9 -8 10 -8 10 -8 10 -8 11 -8 11 -7 11 -8 12 -7 12 -8 12 -7 12 -7 12 -7 12 -7 12 -7 13 -7 13 -7 12 -7 13 -7 12 -7 12 -6 12 -6 0 0 12 -6 12 -6 11 -6 12 -6 10 -6 10 -6 10 -5 9 -6 9 -6 9 -6 8 -6 8 -6 8 -6 7 -6 7 -6 7 -6 6 -6 6 -6 6 -6 5 -6 5 -6 5 -7 5 -6 4 -6 4 -6 4 -6 0 0 0 0 0 0 0 0 0 0
1784740953.740096,58036,-50,11,1,7,1,-95,1,675240069,128,0 0 0 0 0 0 0 0 0 0 0 0 -10 5 -11 4 -12 4 -12 3 -12 3 -12 3 -12 3 -13 3 -13 3 -13 3 -13 4 -13 3 -14 3 -14 3 -14 3 -14 2 -14 2 -14 2 -14 3 -14 2 -14 2 -14 2 -14 2 -14 2 -14 2 -14 2 0 0 -13 2 -13 2 -13 2 -12 2 -11 2 -11 2 -11 2 -11 2 -10 2 -10 2 -9 2 -9 3 -9 2 -9 3 -8 2 -7 3 -7 3 -6 3 -6 3 -6 3 -6 3 -5 3 -5 3 -4 3 -4 3 -4 3 0 0 0 0 0 0 0 0 0 0
1784740953.740096,58037,-49,11,1,7,1,-95,1,675250031,128,0 0 0 0 0 0 0 0 0 0 0 0 12 -3 12 -3 13 -2 12 -1 13 -1 13 -2 13 -2 13 -2 14 -2 14 -1 14 -1 14 -1 14 -1 14 -1 14 -1 15 -1 14 -1 15 -1 14 -1 15 -1 15 -1 14 -1 15 -1 14 -1 14 -1 14 -1 0 0 13 -1 13 -1 12 -1 13 -1 11 -1 11 -2 11 -2 11 -2 10 -2 10 -2 10 -2 9 -2 8 -3 8 -3 8 -3 7 -3 7 -3 7 -3 6 -3 6 -3 6 -3 5 -3 5 -3 5 -3 5 -3 4 -3 0 0 0 0 0 0 0 0 0 0
1784740953.756043,58038,-48,11,1,7,1,-95,1,675260021,128,0 0 0 0 0 0 0 0 0 0 0 0 0 11 -1 12 -2 11 -2 12 -2 11 -2 12 -2 12 -2 12 -3 12 -3 12 -3 12 -3 13 -3 13 -3 13 -3 14 -4 13 -4 14 -3 13 -3 14 -3 13 -3 13 -4 13 -3 13 -3 13 -3 13 -3 13 0 0 -3 13 -3 12 -3 12 -3 11 -3 12 -2 11 -2 11 -2 11 -2 11 -2 10 -1 10 -1 10 -1 10 -1 10 -1 9 -1 9 -1 8 0 9 0 8 0 8 0 8 0 8 0 7 0 7 0 7 0 7 0 0 0 0 0 0 0 0 0 0
1784740953.756043,58039,-48,11,1,7,1,-95,1,675270063,128,0 0 0 0 0 0 0 0 0 0 0 0 -6 9 -7 9 -7 8 -7 8 -8 8 -8 9 -8 8 -8 9 -9 9 -9 9 -9 9 -9 9 -9 9 -9 9 -10 9 -10 9 -10 9 -10 9 -10 9 -10 9 -10 9 -11 9 -10 10 -10 9 -10 9 -10 9 0 0 -10 9 -10 9 -10 8 -10 8 -9 8 -9 8 -9 8 -9 8 -9 8 -8 8 -8 8 -7 8 -7 8 -7 8 -7 8 -7 7 -6 7 -6 7 -6 7 -6 7 -5 7 -5 7 -5 7 -5 7 -5 7 -5 7 0 0 0 0 0 0 0 0 0 0
1784740953.771862,58040,-50,11,1,6,1,-95,1,675282246,128,0 0 0 0 0 0 0 0 0 0 0 0 -5 7 -5 7 -6 7 -6 7 -6 7 -6 7 -6 8 -6 8 -7 8 -7 8 -8 8 -8 8 -8 8 -9 8 -9 9 -10 8 -10 9 -10 9 -10 9 -10 9 -10 9 -10 9 -10 9 -11 8 -11 9 -11 9 0 0 -11 8 -11 8 -11 8 -11 8 -10 8 -10 8 -10 8 -10 8 -10 8 -10 8 -10 8 -10 8 -9 8 -9 8 -9 8 -9 8 -9 8 -9 8 -8 8 -8 9 -8 8 -8 8 -7 9 -7 8 -7 9 -7 9 0 0 0 0 0 0 0 0 0 0
1784740953.787826,58041,-51,11,1,7,1,-95,1,675290042,128,0 0 0 0 0 0 0 0 0 0 0 0 5 -3 6 -4 6 -3 6 -3 6 -3 7 -3 7 -3 7 -3 7 -3 7 -3 8 -3 8 -3 8 -3 9 -3 9 -3 9 -3 10 -3 9 -3 10 -3 10 -3 10 -3 11 -3 11 -3 11 -3 11 -3 12 -3 0 0 12 -3 12 -2 12 -2 11 -2 12 -2 12 -2 12 -2 12 -3 12 -2 12 -3 12 -3 12 -3 12 -3 13 -3 12 -3 12 -3 11 -3 12 -3 12 -3 12 -4 12 -4 12 -4 11 -4 12 -4 12 -5 12 -5 0 0 0 0 0 0 0 0 0 0
1784740953.787826,58042,-50,11,1,5,1,-95,1,675305287,128,0 0 0 0 0 0 0 0 0 0 0 0 4 2 4 2 4 3 4 3 4 3 4 4 4 3 4 4 4 4 4 4 4 4 4 4 4 4 5 4 5 5 5 5 5 5 5 5 5 5 5 6 6 6 6 6 6 6 6 6 6 6 7 7 0 0 7 7 7 7 7 8 7 8 7 8 7 8 7 8 7 8 7 9 8 9 8 9 8 9 8 9 8 9 8 9 8 10 8 9 8 10 8 10 8 10 9 10 9 10 9 9 9 10 9 10 10 11 0 0 0 0 0 0 0 0 0 0
1784740953.804046,58043,-50,11,1,6,1,-95,1,675311875,128,0 0 0 0 0 0 0 0 0 0 0 0 2 -6 2 -6 3 -5 3 -5 3 -5 3 -5 3 -6 4 -6 4 -6 4 -6 4 -6 4 -6 5 -6 5 -6 5 -7 6 -7 5 -7 6 -7 6 -7 6 -7 6 -8 7 -7 7 -8 7 -8 7 -8 7 -8 0 0 8 -8 8 -8 9 -8 8 -8 8 -8 8 -9 8 -9 8 -9 9 -8 9 -9 9 -9 9 -9 9 -9 9 -9 9 -9 9 -10 9 -9 9 -10 9 -10 9 -10 9 -11 9 -11 9 -11 10 -10 10 -11 10 -11 0 0 0 0 0 0 0 0 0 0
1784740953.820266,58044,-48,11,1,6,1,-95,1,675323157,128,0 0 0 0 0 0 0 0 0 0 0 0 2 5 2 5 2 5 1 6 1 6 1 6 1 7 1 7 1 7 1 8 1 8 1 8 1 8 1 9 1 10 0 9 1 10 0 10 0 11 0 11 0 11 -1 11 0 11 -1 12 -1 12 -1 12 0 0 -1 12 -1 12 -2 13 -1 12 -1 12 -1 12 -1 12 -1 13 -1 13 -1 13 -1 13 0 13 -1 13 0 13 0 13 0 13 0 12 0 13 0 13 0 13 1 13 1 13 1 13 1 13 2 13 2 14 0 0 0 0 0 0 0 0 0 0
1784740953.820266,58045,-48,11,1,6,1,-95,1,675331253,128,0 0 0 0 0 0 0 0 0 0 0 0 0 5 -1 5 -1 6 -1 6 -2 6 -2 7 -2 6 -2 7 -2 7 -2 7 -3 8 -3 8 -4 8 -3 8 -4 9 -4 9 -4 9 -5 10 -5 9 -5 10 -6 10 -6 10 -6 10 -6 10 -6 10 -7 10 0 0 -7 10 -7 10 -7 10 -7 11 -7 10 -7 10 -7 10 -7 11 -7 11 -6 11 -7 11 -6 11 -6 11 -6 11 -6 11 -6 12 -6 12 -6 12 -5 12 -5 12 -5 12 -5 12 -5 12 -5 13 -4 13 -5 13 0 0 0 0 0 0 0 0 0 0
1784740953.839225,58046,-48,11,1,7,1,-95,1,675340324,128,0 0 0 0 0 0 0 0 0 0 0 0 2 4 2 4 2 5 2 5 1 6 2 6 2 6 2 6 2 7 1 7 1 7 1 8 1 8 1 8 1 9 1 9 1 9 0 9 0 10 0 10 0 10 0 11 -1 11 -1 10 -1 11 -1 11 0 0 -1 11 -1 11 -1 11 -1 11 -1 11 -1 11 -1 11 0 11 -1 12 0 12 0 12 0 12 0 12 0 13 0 12 0 13 0 12 0 13 0 13 1 13 1 13 1 13 1 13 0 13 1 13 1 13 0 0 0 0 0 0 0 0 0 0
1784740953.839225,58047,-48,11,1,7,1,-95,1,675350098,128,0 0 0 0 0 0 0 0 0 0 0 0 4 0 4 0 5 1 5 1 5 1 5 1 5 1 6 1 5 1 6 1 6 1 6 1 7 2 7 2 7 2 7 2 7 3 8 3 8 3 8 3 8 4 8 4 9 3 9 4 9 4 9 4 0 0 10 5 9 5 10 5 9 5 9 5 10 5 10 5 10 5 10 6 11 5 11 5 11 5 11 5 11 6 11 6 11 6 11 6 11 6 12 6 11 6 12 6 12 6 12 5 12 6 12 6 12 6 0 0 0 0 0 0 0 0 0 0
1784740953.852306,58048,-48,11,1,7,1,-95,1,675359958,128,0 0 0 0 0 0 0 0 0 0 0 0 2 -6 2 -6 2 -6 2 -6 2 -6 2 -6 3 -7 2 -7 2 -7 3 -7 3 -7 3 -8 3 -8 3 -8 4 -8 4 -9 4 -9 4 -9 5 -9 5 -10 5 -10 5 -10 6 -10 6 -10 6 -10 6 -10 0 0 6 -10 7 -11 7 -10 7 -11 6 -11 7 -11 7 -11 7 -11 7 -11 7 -12 7 -12 7 -11 7 -11 7 -11 7 -12 7 -12 7 -12 7 -12 7 -12 7 -13 7 -13 7 -13 7 -12 7 -13 8 -12 8 -13 0 0 0 0 0 0 0 0 0 0
1784740953.869601,58049,-48,11,1,7,1,-95,1,675371663,128,0 0 0 0 0 0 0 0 0 0 0 0 0 -8 0 -8 0 -8 1 -8 1 -8 1 -8 1 -8 1 -9 1 -9 1 -9 1 -9 2 -10 2 -10 2 -10 2 -10 2 -11 2 -11 2 -11 2 -11 2 -12 3 -12 3 -12 3 -12 4 -12 4 -12 4 -13 0 0 4 -13 4 -13 4 -12 4 -13 4 -13 4 -13 4 -13 3 -13 4 -13 3 -14 4 -13 3 -13 4 -13 3 -13 3 -14 3 -14 3 -13 3 -14 3 -14 2 -14 2 -14 2 -14 2 -14 3 -14 2 -14 2 -14 0 0 0 0 0 0 0 0 0 0
1784740953.869601,58050,-48,11,1,7,1,-95,1,675379971,128,0 0 0 0 0 0 0 0 0 0 0 0 -3 -7 -3 -7 -2 -7 -2 -7 -2 -7 -2 -8 -2 -8 -2 -8 -2 -8 -2 -8 -2 -9 -2 -9 -2 -9 -2 -10 -2 -10 -1 -11 -1 -11 -1 -11 -1 -11 -1 -11 -1 -12 0 -12 -1 -12 -1 -12 0 -12 0 -12 0 0 0 -13 0 -12 0 -13 0 -12 0 -13 0 -13 0 -13 0 -13 0 -13 -1 -13 -1 -13 -1 -13 -1 -13 -1 -13 -1 -13 -1 -14 -1 -13 -1 -13 -1 -14 -1 -14 -2 -14 -1 -14 -2 -13 -2 -14 -2 -14 -2 -14 0 0 0 0 0 0 0 0 0 0
1784740953.884000,58051,-47,11,1,7,1,-95,1,675389943,128,0 0 0 0 0 0 0 0 0 0 0 0 -3 5 -3 5 -4 5 -4 5 -4 5 -4 5 -4 5 -4 6 -4 6 -4 6 -5 6 -5 6 -5 6 -5 7 -5 7 -6 7 -6 7 -6 7 -6 7 -7 7 -7 8 -7 8 -7 8 -8 7 -8 7 -8 7 0 0 -8 8 -8 8 -8 8 -8 8 -8 8 -9 8 -8 8 -8 8 -8 8 -9 9 -9 8 -9 8 -9 8 -8 8 -8 9 -9 9 -9 9 -9 9 -8 9 -8 10 -8 10 -8 10 -9 10 -9 9 -9 10 -9 10 0 0 0 0 0 0 0 0 0 0
1784740953.905254,58052,-45,11,1,6,1,-95,1,675401396,128,0 0 0 0 0 0 0 0 0 0 0 0 0 -6 1 -6 1 -7 1 -7 1 -7 1 -7 1 -7 1 -7 1 -8 1 -8 2 -8 2 -8 2 -9 3 -9 3 -9 3 -9 3 -10 4 -9 4 -10 4 -10 4 -10 4 -10 4 -10 5 -10 5 -10 5 -10 0 0 5 -10 5 -10 5 -10 5 -11 5 -10 5 -11 5 -10 5 -11 5 -11 5 -11 4 -11 4 -11 4 -11 4 -11 4 -12 4 -12 4 -12 4 -12 4 -12 4 -12 4 -12 4 -13 4 -13 4 -13 3 -13 3 -14 0 0 0 0 0 0 0 0 0 0
1784740953.905254,58053,-44,11,1,6,1,-95,1,675411362,128,0 0 0 0 0 0 0 0 0 0 0 0 6 1 6 1 6 1 6 1 6 1 6 1 7 1 7 2 7 2 7 2 8 3 7 3 8 3 8 3 8 4 8 4 8 4 9 4 9 5 9 5 8 5 8 5 9 5 8 5 8 6 8 6 0 0 8 6 9 5 8 5 9 6 9 5 9 6 9 5 9 5 9 6 10 6 10 5 10 5 10 5 10 5 11 5 10 5 10 5 11 5 11 5 11 5 11 5 11 5 11 5 11 6 11 6 12 5 0 0 0 0 0 0 0 0 0 0
1784740953.919656,58054,-43,11,1,6,1,-95,1,675421379,128,0 0 0 0 0 0 0 0 0 0 0 0 6 2 6 2 6 3 6 3 6 3 6 3 6 3 6 3 6 4 6 4 7 4 7 4 7 5 7 5 8 5 7 6 8 6 7 6 8 6 8 6 8 6 8 7 7 7 7 7 7 7 8 7 0 0 8 7 8 7 8 8 7 7 8 7 8 7 8 7 9 7 9 8 9 7 9 7 9 7 9 7 10 7 9 7 10 7 9 7 10 7 10 7 10 7 10 7 10 7 10 7 10 7 11 7 11 7 0 0 0 0 0 0 0 0 0 0
1784740953.919656,58055,-43,11,1,6,1,-95,1,675431571,128,0 0 0 0 0 0 0 0 0 0 0 0 6 -3 6 -2 7 -2 6 -2 7 -2 7 -2 7 -2 7 -2 8 -2 8 -2 8 -1 8 -1 9 -1 9 -1 9 -1 10 -1 9 -1 10 -1 10 -1 10 -1 10 0 10 0 11 0 10 0 10 1 10 0 0 0 10 0 11 0 10 0 11 0 10 0 11 0 11 -1 11 -1 11 -1 12 -1 12 -1 11 -1 11 -1 11 -1 12 -2 12 -1 12 -1 12 -1 12 -2 12 -2 13 -2 13 -2 13 -2 13 -1 13 -1 13 -2 0 0 0 0 0 0 0 0 0 0
1784740953.930860,58056,-43,11,1,7,1,-95,1,675440088,128,0 0 0 0 0 0 0 0 0 0 0 0 6 -4 6 -4 7 -3 7 -3 7 -3 7 -3 7 -3 7 -3 8 -3 8 -3 8 -2 8 -3 8 -2 9 -2 9 -2 9 -2 9 -2 9 -2 9 -2 10 -2 10 -2 10 -2 10 -2 10 -1 10 -1 10 -2 0 0 10 -2 10 -2 10 -2 10 -2 10 -2 10 -2 10 -3 10 -3 10 -3 11 -3 10 -3 10 -4 11 -3 11 -4 11 -4 11 -4 11 -4 11 -4 12 -4 12 -5 12 -5 12 -5 12 -5 12 -5 12 -5 12 -5 0 0 0 0 0 0 0 0 0 0
1784740953.946852,58057,-44,11,1,7,1,-95,1,675450576,128,0 0 0 0 0 0 0 0 0 0 0 0 -5 -6 -5 -7 -4 -7 -4 -7 -4 -7 -4 -7 -4 -7 -4 -7 -4 -8 -4 -8 -4 -8 -3 -8 -3 -8 -4 -8 -4 -9 -3 -8 -4 -9 -3 -9 -3 -9 -4 -9 -4 -9 -4 -9 -4 -9 -3 -9 -4 -9 -4 -9 0 0 -4 -9 -4 -9 -4 -9 -4 -9 -5 -9 -5 -9 -5 -9 -5 -9 -6 -10 -6 -10 -6 -10 -6 -10 -6 -10 -7 -11 -7 -10 -7 -11 -7 -10 -7 -11 -7 -11 -8 -11 -8 -11 -8 -11 -8 -11 -8 -12 -8 -12 -8 -12 0 0 0 0 0 0 0 0 0 0
1784740953.946852,58058,-43,11,1,6,1,-95,1,675461372,128,0 0 0 0 0 0 0 0 0 0 0 0 -7 1 -7 1 -7 1 -7 0 -7 0 -7 0 -7 0 -7 0 -8 0 -8 0 -8 0 -8 -1 -8 -1 -8 -1 -9 -1 -9 -1 -9 -1 -10 -1 -9 -1 -10 -1 -10 -1 -10 -1 -10 -1 -10 -2 -10 -2 -10 -1 0 0 -10 -1 -11 -1 -10 -1 -11 -1 -10 -1 -11 -1 -11 -1 -11 -1 -11 -1 -12 -1 -12 0 -11 0 -11 0 -11 0 -13 0 -12 0 -13 0 -12 0 -13 0 -13 1 -13 1 -13 1 -14 0 -14 0 -14 0 -14 0 0 0 0 0 0 0 0 0 0 0
1784740953.965721,58059,-43,11,1,7,1,-95,1,675470150,128,0 0 0 0 0 0 0 0 0 0 0 0 -2 7 -2 7 -2 7 -2 6 -3 7 -3 7 -3 7 -3 7 -3 7 -3 7 -4 7 -4 7 -4 7 -4 8 -4 8 -5 8 -4 8 -5 8 -5 8 -5 8 -5 8 -5 8 -5 9 -5 8 -6 8 -6 8 0 0 -5 8 -5 9 -5 8 -5 9 -5 8 -5 9 -5 9 -5 9 -5 9 -5 10 -5 10 -4 10 -5 10 -4 10 -4 11 -4 10 -5 11 -4 11 -4 11 -4 12 -4 12 -4 12 -4 12 -5 12 -5 12 -4 12 0 0 0 0 0 0 0 0 0 0
1784740953.978599,58060,-43,11,1,6,1,-95,1,675481479,128,0 0 0 0 0 0 0 0 0 0 0 0 -5 -7 -5 -7 -4 -7 -4 -8 -4 -8 -4 -8 -4 -8 -4 -8 -3 -9 -4 -9 -3 -9 -4 -9 -3 -9 -3 -10 -3 -10 -3 -10 -3 -10 -2 -10 -2 -10 -2 -10 -2 -10 -2 -10 -2 -10 -2 -10 -2 -10 -2 -10 0 0 -2 -10 -2 -10 -2 -10 -2 -10 -2 -10 -2 -10 -2 -10 -3 -11 -3 -11 -3 -11 -3 -11 -4 -11 -4 -11 -4 -11 -4 -11 -4 -12 -4 -11 -4 -12 -4 -12 -4 -12 -4 -12 -4 -12 -4 -12 -5 -12 -5 -13 -5 -13 0 0 0 0 0 0 0 0 0 0
1784740953.978599,58061,-44,11,1,7,1,-95,1,675490090,128,0 0 0 0 0 0 0 0 0 0 0 0 7 0 7 0 7 1 7 1 7 1 7 1 7 2 8 2 7 2 7 2 7 2 8 2 8 2 8 3 8 3 7 3 8 4 7 3 8 4 7 4 8 4 8 4 8 3 8 3 8 4 8 3 0 0 8 4 8 4 8 4 8 3 8 3 8 4 8 3 9 3 9 4 9 3 10 3 10 3 10 3 11 3 10 3 11 3 10 3 11 3 11 3 11 3 12 3 12 4 12 3 12 3 12 3 13 3 0 0 0 0 0 0 0 0 0 0
1784740953.994460,58062,-44,11,1,6,1,-95,1,675501495,128,0 0 0 0 0 0 0 0 0 0 0 0 -5 5 -6 5 -6 4 -6 4 -6 4 -6 4 -7 3 -7 4 -7 4 -7 4 -7 3 -7 4 -7 4 -7 4 -8 4 -8 4 -8 4 -8 3 -8 4 -8 4 -9 4 -9 4 -8 4 -8 4 -9 4 -9 4 0 0 -9 4 -9 4 -9 4 -9 4 -9 5 -9 4 -9 5 -9 5 -9 5 -9 6 -9 6 -9 6 -9 6 -10 6 -10 6 -10 7 -10 6 -10 7 -10 7 -10 7 -10 7 -11 7 -10 7 -11 7 -11 8 -11 8 0 0 0 0 0 0 0 0 0 0
1784740953.994460,58063,-45,11,1,7,1,-95,1,675510123,128,0 0 0 0 0 0 0 0 0 0 0 0 -1 6 -1 6 -1 6 -1 6 -2 6 -2 6 -2 6 -2 6 -2 7 -2 6 -2 7 -2 7 -3 7 -3 7 -3 7 -3 7 -3 8 -3 8 -3 8 -3 8 -4 8 -3 8 -3 8 -4 8 -4 8 -4 8 0 0 -4 8 -4 8 -4 9 -3 9 -3 9 -3 9 -3 9 -3 9 -3 10 -3 10 -3 10 -3 10 -3 10 -3 11 -3 11 -3 11 -3 11 -3 12 -3 12 -3 12 -3 12 -3 12 -3 12 -3 12 -3 13 -3 13 0 0 0 0 0 0 0 0 0 0
1784740954.010445,58064,-45,11,1,6,1,-95,1,675521465,128,0 0 0 0 0 0 0 0 0 0 0 0 -1 -7 -1 -7 0 -7 0 -7 0 -7 0 -7 0 -8 1 -8 1 -8 1 -8 1 -8 2 -8 2 -8 2 -8 2 -8 2 -9 2 -9 2 -9 3 -9 2 -9 3 -9 3 -9 3 -9 3 -9 3 -9 3 -9 0 0 2 -9 2 -9 2 -9 2 -10 2 -10 2 -10 2 -10 2 -11 2 -10 1 -11 2 -11 2 -11 2 -11 2 -11 1 -12 1 -12 2 -12 1 -13 1 -12 1 -13 1 -13 1 -13 2 -14 2 -13 2 -14 2 -14 0 0 0 0 0 0 0 0 0 0
1784740954.026562,58065,-46,11,1,6,1,-95,1,675531294,128,0 0 0 0 0 0 0 0 0 0 0 0 6 2 6 3 5 3 5 3 5 4 5 4 5 4 5 4 5 5 5 5 5 5 5 5 5 6 5 5 6 6 5 6 5 6 5 6 5 6 5 6 5 6 5 6 5 6 5 6 5 6 5 7 0 0 6 7 6 6 6 7 6 6 7 7 6 6 7 6 7 6 7 7 7 6 8 7 8 6 8 7 8 7 8 6 9 7 9 7 9 7 9 7 10 7 10 7 10 8 10 7 10 8 10 8 10 8 0 0 0 0 0 0 0 0 0 0
1784740954.031122,58066,-46,11,1,7,1,-95,1,675540075,128,0 0 0 0 0 0 0 0 0 0 0 0 -6 1 -6 1 -6 1 -7 1 -7 0 -7 0 -7 0 -7 0 -7 0 -7 0 -7 0 -8 -1 -8 -1 -8 -1 -8 -1 -8 -1 -8 -1 -8 -1 -8 -1 -8 -1 -9 -1 -9 -1 -9 -1 -8 -1 -9 -1 -9 -1 0 0 -9 -1 -9 -1 -9 -1 -9 -1 -9 -1 -9 -1 -10 0 -10 0 -10 0 -10 0 -11 0 -11 0 -11 0 -11 0 -11 0 -12 0 -11 0 -12 0 -12 1 -12 1 -13 1 -13 0 -13 0 -13 0 -13 0 -14 0 0 0 0 0 0 0 0 0 0 0
1784740954.058458,58067,-46,11,1,6,1,-95,1,675554836,128,0 0 0 0 0 0 0 0 0 0 0 0 4 4 4 5 3 5 3 5 3 5 3 6 3 6 3 6 3 6 3 6 2 6 2 7 3 7 2 7 3 7 2 7 3 8 3 8 3 8 2 8 2 8 2 8 2 8 2 8 2 8 2 8 0 0 3 8 3 8 3 9 3 8 3 9 3 9 4 8 4 9 4 9 4 9 4 9 4 9 4 9 5 10 5 10 5 10 5 10 6 10 5 10 6 10 6 10 6 11 6 10 6 11 6 11 7 11 0 0 0 0 0 0 0 0 0 0
1784740954.058458,58068,-46,11,1,6,1,-95,1,675561868,128,0 0 0 0 0 0 0 0 0 0 0 0 1 -8 1 -7 2 -7 2 -7 2 -7 3 -8 3 -7 3 -8 3 -8 4 -8 3 -8 4 -8 4 -8 4 -8 5 -8 5 -8 5 -8 5 -8 5 -8 6 -8 6 -8 6 -8 5 -8 6 -8 5 -8 6 -8 0 0 6 -8 6 -8 6 -8 5 -8 5 -8 5 -9 5 -9 5 -9 5 -9 5 -10 5 -10 4 -10 5 -10 5 -10 5 -11 5 -10 5 -11 5 -11 5 -11 5 -11 5 -12 5 -12 5 -12 5 -12 4 -12 5 -13 0 0 0 0 0 0 0 0 0 0
1784740954.058458,58069,-46,11,1,5,1,-95,1,675572908,128,0 0 0 0 0 0 0 0 0 0 0 0 -4 -6 -4 -6 -3 -6 -3 -7 -3 -7 -3 -8 -3 -7 -3 -8 -3 -8 -3 -8 -3 -8 -2 -9 -2 -9 -2 -9 -2 -10 -2 -9 -1 -10 -1 -9 -2 -10 -1 -10 -1 -10 -1 -10 -1 -10 -1 -10 -1 -10 -1 -10 0 0 -1 -10 -1 -10 -1 -11 -1 -10 -2 -10 -2 -10 -2 -10 -2 -10 -2 -10 -3 -10 -3 -10 -3 -11 -3 -11 -3 -11 -3 -10 -3 -12 -3 -11 -4 -12 -4 -12 -4 -12 -4 -12 -4 -12 -5 -12 -5 -12 -4 -13 -5 -13 0 0 0 0 0 0 0 0 0 0
1784740954.074623,58070,-47,11,1,6,1,-95,1,675581441,128,0 0 0 0 0 0 0 0 0 0 0 0 -4 5 -4 5 -4 5 -5 5 -5 5 -5 5 -5 5 -6 5 -6 5 -6 5 -7 5 -7 5 -7 5 -7 5 -8 5 -8 5 -8 5 -8 4 -9 5 -8 5 -9 5 -9 5 -9 4 -9 4 -9 4 -10 5 0 0 -9 5 -9 4 -9 5 -9 5 -9 5 -9 5 -9 5 -9 6 -9 5 -9 6 -9 6 -9 7 -9 6 -9 7 -9 7 -10 7 -9 7 -10 8 -10 8 -10 8 -10 8 -9 9 -10 8 -10 9 -10 8 -11 9 0 0 0 0 0 0 0 0 0 0
1784740954.074623,58071,-45,11,1,6,1,-95,1,675591533,128,0 0 0 0 0 0 0 0 0 0 0 0 -5 5 -5 4 -6 4 -6 4 -6 4 -7 4 -7 4 -7 4 -7 4 -7 4 -8 4 -8 3 -8 3 -9 3 -9 3 -9 3 -10 3 -9 2 -10 3 -10 2 -10 3 -10 2 -10 3 -10 2 -10 2 -10 3 0 0 -10 2 -10 2 -10 2 -10 2 -10 3 -10 3 -10 3 -10 3 -10 3 -10 4 -10 4 -10 4 -10 4 -11 5 -10 4 -11 5 -10 5 -11 5 -11 5 -11 5 -11 6 -11 5 -11 6 -11 6 -11 6 -12 6 0 0 0 0 0 0 0 0 0 0
1784740954.094929,58072,-45,11,1,7,1,-95,1,675600408,128,0 0 0 0 0 0 0 0 0 0 0 0 3 5 2 6 2 6 2 7 2 7 1 7 1 7 1 7 1 8 1 8 0 8 0 8 0 8 0 9 0 9 -1 9 -1 9 -1 9 -1 10 -2 9 -1 10 -2 10 -2 9 -1 9 -2 9 -2 10 0 0 -2 10 -2 10 -2 10 -1 9 -1 10 -1 10 -1 9 -1 10 -1 10 0 10 0 10 0 10 0 11 0 11 0 10 0 11 0 11 1 11 0 11 1 12 1 12 1 12 1 11 1 12 2 12 2 12 0 0 0 0 0 0 0 0 0 0
1784740954.108817,58073,-45,11,1,6,1,-95,1,675611300,128,0 0 0 0 0 0 0 0 0 0 0 0 1 6 1 6 0 6 0 7 0 7 0 7 -1 7 -1 8 -1 8 -1 8 -2 8 -2 8 -2 8 -2 8 -2 9 -2 9 -3 9 -3 9 -3 9 -3 9 -3 9 -3 9 -3 9 -3 9 -4 9 -3 10 0 0 -3 9 -3 10 -3 10 -3 10 -3 10 -3 10 -2 10 -2 10 -2 10 -2 11 -2 11 -1 11 -1 11 -1 11 -1 11 -1 12 -1 12 0 12 0 12 0 13 0 13 0 13 0 13 0 13 0 14 0 14 0 0 0 0 0 0 0 0 0 0
1784740954.108817,58074,-45,11,1,6,1,-95,1,675621441,128,0 0 0 0 0 0 0 0 0 0 0 0 -1 6 -2 6 -2 6 -2 7 -3 7 -3 7 -3 7 -4 7 -4 7 -3 7 -4 8 -4 8 -4 8 -4 8 -5 8 -5 8 -6 8 -5 8 -6 8 -6 8 -6 8 -6 8 -6 8 -6 8 -6 8 -6 9 0 0 -7 9 -6 9 -7 9 -6 9 -6 9 -7 9 -7 9 -6 9 -7 9 -6 10 -6 10 -5 10 -6 11 -6 11 -6 11 -6 11 -6 11 -6 11 -6 12 -6 12 -6 12 -7 12 -6 12 -6 13 -6 13 -6 13 0 0 0 0 0 0 0 0 0 0
1784740954.122491,58075,-44,11,1,7,1,-95,1,675630077,128,0 0 0 0 0 0 0 0 0 0 0 0 -7 1 -7 0 -7 0 -8 0 -8 0 -8 -1 -8 -1 -8 -1 -9 -1 -9 -1 -9 -1 -9 -2 -9 -2 -10 -2 -10 -3 -10 -3 -10 -4 -10 -3 -10 -4 -10 -4 -11 -4 -10 -5 -11 -4 -11 -4 -11 -4 -11 -4 0 0 -11 -5 -10 -5 -11 -5 -11 -4 -11 -4 -11 -5 -11 -5 -11 -4 -11 -4 -11 -3 -12 -3 -12 -3 -12 -3 -12 -3 -12 -3 -13 -3 -12 -3 -13 -3 -13 -3 -13 -3 -13 -3 -13 -3 -13 -2 -14 -3 -14 -2 -14 -3 0 0 0 0 0 0 0 0 0 0
1784740954.131411,58076,-43,11,1,7,1,-95,1,675640068,128,0 0 0 0 0 0 0 0 0 0 0 0 -4 -7 -4 -7 -3 -8 -3 -8 -3 -9 -3 -9 -3 -9 -2 -10 -2 -10 -2 -11 -1 -11 -1 -11 0 -11 0 -11 0 -11 0 -12 0 -11 0 -12 0 -12 0 -12 1 -12 1 -12 1 -12 2 -12 2 -12 1 -12 0 0 1 -12 1 -12 1 -11 1 -12 0 -11 0 -12 0 -11 0 -12 0 -12 0 -13 -1 -12 -1 -12 -1 -12 -1 -12 -2 -13 -2 -12 -2 -13 -2 -13 -3 -13 -3 -13 -3 -13 -3 -13 -3 -14 -2 -14 -2 -14 -3 -14 0 0 0 0 0 0 0 0 0 0
1784740954.138650,58077,-44,11,1,7,1,-95,1,675650027,128,0 0 0 0 0 0 0 0 0 0 0 0 -8 -1 -9 -1 -9 -2 -9 -2 -9 -2 -9 -3 -9 -3 -9 -3 -10 -3 -10 -4 -10 -4 -10 -5 -10 -5 -10 -5 -10 -5 -10 -6 -10 -6 -10 -6 -10 -6 -10 -6 -10 -6 -10 -6 -10 -6 -10 -6 -10 -6 -10 -6 0 0 -10 -6 -10 -6 -10 -6 -10 -6 -10 -5 -11 -5 -11 -5 -11 -5 -11 -5 -12 -5 -12 -5 -12 -4 -12 -4 -12 -4 -12 -4 -13 -4 -13 -4 -13 -4 -13 -4 -14 -3 -14 -3 -14 -3 -14 -3 -14 -4 -14 -4 -14 -4 0 0 0 0 0 0 0 0 0 0
1784740954.158817,58078,-44,11,1,7,1,-95,1,675660076,128,0 0 0 0 0 0 0 0 0 0 0 0 6 -4 7 -5 7 -4 8 -4 7 -3 8 -3 8 -3 9 -3 9 -3 8 -3 9 -2 9 -2 10 -2 10 -2 10 -2 10 -1 11 -1 10 -1 11 -1 10 -1 11 -1 10 -1 10 -1 10 -1 10 -1 11 -1 0 0 11 -1 10 -1 11 -1 10 -2 11 -2 11 -2 10 -2 11 -3 11 -2 11 -3 11 -3 11 -3 11 -4 12 -4 11 -4 12 -4 11 -4 12 -5 12 -4 12 -5 12 -5 12 -5 12 -5 13 -5 12 -5 13 -6 0 0 0 0 0 0 0 0 0 0
1784740954.158817,58079,-45,11,1,6,1,-95,1,675670027,128,0 0 0 0 0 0 0 0 0 0 0 0 -8 3 -8 2 -8 2 -8 2 -9 2 -9 1 -9 1 -9 1 -9 1 -10 0 -10 0 -11 0 -10 0 -10 -1 -10 -1 -11 -1 -11 -1 -11 -1 -11 -1 -11 -1 -11 -1 -11 -1 -11 -1 -11 -1 -11 -1 -11 -1 0 0 -11 -1 -11 -1 -10 -1 -12 0 -11 0 -11 0 -11 0 -11 1 -11 1 -12 1 -12 1 -12 1 -12 1 -12 1 -13 2 -12 2 -13 2 -13 2 -13 3 -13 3 -13 3 -13 3 -14 3 -14 2 -14 3 -14 3 0 0 0 0 0 0 0 0 0 0
1784740954.175011,58080,-47,11,1,6,1,-95,1,675681283,128,0 0 0 0 0 0 0 0 0 0 0 0 3 -6 3 -6 4 -6 4 -6 4 -6 4 -6 4 -6 5 -6 5 -6 5 -6 5 -6 5 -6 6 -6 6 -6 6 -6 7 -6 7 -6 7 -6 7 -6 7 -6 7 -6 7 -6 7 -7 7 -6 7 -7 7 -7 0 0 8 -7 8 -7 8 -7 7 -7 7 -8 7 -8 7 -8 8 -8 8 -8 8 -9 8 -9 8 -9 8 -9 8 -10 8 -10 8 -10 8 -10 9 -11 9 -11 9 -11 9 -11 10 -11 9 -11 10 -11 10 -11 10 -12 0 0 0 0 0 0 0 0 0 0
1784740954.186794,58081,-47,11,1,6,1,-95,1,675689952,128,0 0 0 0 0 0 0 0 0 0 0 0 -4 3 -4 3 -4 3 -4 3 -5 3 -5 4 -5 4 -5 4 -5 4 -5 4 -6 4 -6 4 -6 4 -6 4 -7 4 -7 4 -7 4 -7 4 -7 4 -7 4 -7 5 -8 5 -7 5 -8 5 -8 5 -8 5 0 0 -8 6 -8 6 -9 6 -9 6 -8 6 -9 6 -9 7 -9 7 -9 7 -9 8 -9 8 -9 8 -9 8 -10 9 -10 9 -10 9 -10 9 -10 9 -11 10 -11 10 -11 10 -11 10 -11 10 -12 9 -12 10 -12 10 0 0 0 0 0 0 0 0 0 0
1784740954.186794,58082,-46,11,1,6,1,-95,1,675700012,128,0 0 0 0 0 0 0 0 0 0 0 0 3 -3 4 -3 4 -3 4 -3 5 -3 5 -3 5 -3 5 -3 6 -3 6 -3 6 -3 7 -2 7 -2 7 -2 7 -2 8 -3 8 -3 8 -3 8 -2 8 -2 8 -2 9 -3 9 -2 9 -2 9 -2 10 -2 0 0 10 -3 10 -3 10 -3 11 -3 11 -3 11 -3 11 -3 11 -3 11 -4 12 -4 12 -4 12 -4 12 -4 12 -4 12 -5 12 -5 13 -4 13 -4 13 -5 14 -5 14 -5 14 -5 15 -5 14 -4 15 -4 15 -4 0 0 0 0 0 0 0 0 0 0
1784740954.202756,58083,-45,11,1,6,1,-95,1,675710167,128,0 0 0 0 0 0 0 0 0 0 0 0 -1 -6 0 -6 0 -6 0 -7 0 -7 1 -7 1 -7 1 -8 2 -8 1 -8 2 -8 2 -8 2 -9 3 -9 3 -9 3 -9 4 -9 4 -9 4 -10 4 -10 4 -10 4 -10 4 -10 4 -10 4 -10 5 -11 0 0 5 -11 5 -11 6 -11 5 -11 5 -11 5 -11 5 -11 5 -12 6 -11 5 -12 5 -12 5 -12 5 -13 5 -13 5 -12 6 -13 5 -13 5 -14 6 -13 5 -14 6 -14 6 -14 5 -14 5 -14 5 -14 6 -15 0 0 0 0 0 0 0 0 0 0
1784740954.202756,58084,-45,11,1,6,1,-95,1,675719971,128,0 0 0 0 0 0 0 0 0 0 0 0 4 4 4 4 4 5 4 5 3 5 4 6 4 6 4 6 4 6 4 7 4 7 4 7 3 8 3 8 3 9 3 9 3 9 3 9 3 9 3 9 3 10 3 10 3 9 3 10 3 10 3 10 0 0 3 10 3 11 3 11 3 10 3 10 4 11 4 11 4 11 4 11 5 11 4 11 5 11 5 11 5 11 5 11 5 12 5 11 5 12 5 12 6 12 6 12 6 12 6 12 6 12 6 13 6 13 0 0 0 0 0 0 0 0 0 0
1784740954.218611,58085,-45,11,1,6,1,-95,1,675730033,128,0 0 0 0 0 0 0 0 0 0 0 0 -6 -4 -6 -4 -6 -4 -6 -5 -6 -5 -6 -5 -7 -6 -6 -6 -7 -6 -6 -7 -6 -7 -6 -8 -6 -8 -6 -8 -6 -8 -6 -9 -7 -9 -6 -9 -7 -10 -7 -9 -6 -10 -6 -9 -6 -10 -6 -10 -6 -10 -6 -10 0 0 -6 -10 -7 -10 -7 -10 -7 -10 -7 -10 -7 -10 -7 -10 -7 -10 -7 -10 -8 -11 -8 -11 -8 -10 -8 -10 -8 -10 -9 -10 -9 -10 -9 -11 -10 -11 -10 -11 -10 -10 -10 -11 -10 -10 -10 -11 -10 -11 -10 -11 -10 -11 0 0 0 0 0 0 0 0 0 0
1784740954.234693,58086,-45,11,1,6,1,-95,1,675739986,128,0 0 0 0 0 0 0 0 0 0 0 0 0 -7 0 -8 1 -8 1 -8 2 -8 2 -8 2 -8 2 -8 3 -9 3 -9 3 -9 4 -9 4 -9 5 -9 5 -9 5 -9 6 -9 6 -9 6 -9 6 -9 6 -9 6 -9 6 -9 6 -9 6 -9 6 -10 0 0 6 -10 7 -10 7 -10 6 -10 6 -10 6 -10 6 -10 6 -11 7 -11 6 -11 6 -11 6 -12 6 -12 6 -12 6 -12 6 -12 6 -12 6 -13 6 -13 6 -13 6 -13 6 -13 6 -13 7 -13 7 -14 7 -14 0 0 0 0 0 0 0 0 0 0
1784740954.234693,58087,-44,11,1,6,1,-95,1,675749988,128,0 0 0 0 0 0 0 0 0 0 0 0 5 3 5 3 5 4 5 4 5 4 5 4 5 5 6 5 6 5 5 6 5 6 5 6 5 6 5 7 5 7 5 7 5 7 5 8 5 7 5 7 6 7 5 8 5 8 5 8 5 8 6 8 0 0 6 8 6 8 6 8 6 8 6 7 7 8 7 8 7 7 8 8 8 8 8 8 8 8 8 8 9 8 10 8 9 8 10 8 10 8 10 8 11 8 11 8 11 8 11 9 11 9 11 9 11 9 0 0 0 0 0 0 0 0 0 0
1784740954.257146,58088,-44,11,1,6,1,-95,1,675759974,128,0 0 0 0 0 0 0 0 0 0 0 0 -4 -6 -3 -6 -3 -6 -3 -7 -3 -7 -3 -7 -3 -7 -2 -8 -3 -8 -2 -8 -2 -9 -2 -9 -2 -9 -2 -9 -2 -10 -1 -10 -2 -10 -1 -10 -1 -10 -1 -10 -1 -10 -1 -10 -1 -10 -1 -10 -1 -10 -1 -11 0 0 -1 -11 -1 -11 -1 -11 -2 -11 -2 -12 -1 -12 -2 -12 -2 -12 -2 -12 -2 -12 -2 -12 -3 -12 -3 -12 -2 -13 -3 -13 -3 -14 -3 -13 -3 -14 -3 -14 -3 -14 -3 -14 -4 -14 -3 -14 -3 -15 -3 -15 -3 -15 0 0 0 0 0 0 0 0 0 0
1784740954.266557,58089,-44,11,1,6,1,-95,1,675770019,128,0 0 0 0 0 0 0 0 0 0 0 0 -6 1 -6 1 -6 0 -6 0 -7 0 -7 0 -7 0 -7 0 -8 -1 -8 0 -8 -1 -8 0 -8 -1 -9 -1 -9 -1 -9 -2 -9 -2 -9 -2 -10 -2 -10 -2 -10 -2 -10 -3 -10 -2 -10 -2 -11 -2 -11 -2 0 0 -11 -3 -11 -3 -11 -3 -11 -3 -11 -3 -12 -3 -12 -3 -12 -3 -12 -3 -12 -2 -12 -2 -12 -2 -13 -2 -13 -2 -13 -2 -14 -3 -13 -3 -14 -2 -14 -3 -14 -3 -14 -3 -14 -3 -14 -3 -15 -2 -15 -2 -15 -2 0 0 0 0 0 0 0 0 0 0
1784740954.266557,58090,-44,11,1,6,1,-95,1,675781266,128,0 0 0 0 0 0 0 0 0 0 0 0 -5 -3 -5 -3 -5 -3 -5 -4 -5 -4 -5 -4 -5 -4 -6 -5 -6 -5 -6 -5 -5 -5 -5 -6 -5 -6 -5 -7 -6 -7 -6 -7 -6 -7 -6 -7 -6 -7 -6 -8 -6 -8 -6 -8 -6 -8 -6 -9 -6 -9 -6 -9 0 0 -6 -9 -6 -9 -6 -10 -6 -10 -6 -9 -7 -9 -7 -9 -7 -10 -7 -10 -7 -10 -7 -10 -7 -10 -7 -10 -8 -10 -8 -10 -8 -11 -8 -10 -9 -11 -9 -10 -9 -11 -9 -10 -9 -11 -9 -11 -9 -12 -9 -11 -10 -12 0 0 0 0 0 0 0 0 0 0
1784740954.282609,58091,-44,11,1,6,1,-95,1,675790015,128,0 0 0 0 0 0 0 0 0 0 0 0 0 -6 0 -6 0 -6 1 -6 1 -7 1 -7 1 -7 1 -7 1 -7 2 -7 2 -7 2 -7 2 -8 3 -8 2 -8 3 -8 3 -8 3 -9 3 -9 3 -9 3 -9 4 -9 4 -9 4 -9 4 -9 4 -9 0 0 4 -10 4 -9 4 -10 4 -10 4 -10 4 -10 4 -10 4 -10 4 -11 4 -11 4 -11 4 -11 4 -11 4 -11 3 -12 4 -12 4 -12 3 -13 4 -13 4 -13 3 -13 4 -14 4 -14 4 -14 4 -14 4 -14 0 0 0 0 0 0 0 0 0 0
1784740954.282609,58092,-44,11,1,6,1,-95,1,675800038,128,0 0 0 0 0 0 0 0 0 0 0 0 -5 3 -6 3 -6 3 -6 3 -6 3 -7 3 -7 3 -7 3 -7 3 -7 3 -8 3 -8 3 -8 2 -8 2 -9 3 -9 2 -9 2 -9 2 -9 2 -9 2 -10 2 -10 2 -9 2 -10 2 -10 2 -11 3 0 0 -11 3 -11 3 -11 3 -11 3 -11 3 -11 3 -11 3 -11 4 -11 4 -11 4 -11 4 -11 5 -12 5 -12 5 -12 5 -13 5 -12 5 -13 6 -13 6 -13 6 -14 6 -14 6 -13 6 -14 6 -14 7 -15 7 0 0 0 0 0 0 0 0 0 0
1784740954.298436,58093,-44,11,1,6,1,-95,1,675810035,128,0 0 0 0 0 0 0 0 0 0 0 0 4 3 4 3 4 4 3 4 4 4 3 4 4 5 4 5 4 5 4 6 3 6 4 6 3 6 3 6 4 6 4 7 4 7 4 7 3 7 4 7 4 7 4 8 4 8 4 8 4 8 4 9 0 0 4 9 5 9 4 8 5 10 5 9 5 9 6 9 6 10 6 9 6 10 6 10 6 10 6 10 6 10 7 11 7 10 7 11 7 11 8 11 8 11 8 11 8 11 8 13 7 13 8 13 8 13 0 0 0 0 0 0 0 0 0 0
1784740954.314513,58094,-45,11,1,6,1,-95,1,675820056,128,0 0 0 0 0 0 0 0 0 0 0 0 4 -4 4 -4 4 -4 4 -4 5 -4 5 -4 5 -4 5 -4 5 -4 5 -4 6 -4 6 -4 6 -4 7 -4 7 -4 7 -4 8 -4 7 -4 8 -4 8 -4 8 -4 8 -4 8 -5 9 -4 9 -4 9 -5 0 0 10 -5 9 -5 10 -5 10 -5 10 -5 10 -5 10 -6 10 -6 10 -6 10 -7 10 -6 10 -7 11 -7 11 -7 11 -7 11 -8 11 -8 12 -8 12 -8 12 -8 12 -9 13 -8 12 -9 13 -8 13 -9 14 -9 0 0 0 0 0 0 0 0 0 0
1784740954.332267,58095,-45,11,1,6,1,-95,1,675830000,128,0 0 0 0 0 0 0 0 0 0 0 0 5 -2 5 -2 5 -2 5 -2 6 -2 6 -2 6 -2 7 -2 7 -2 7 -2 7 -2 8 -2 8 -2 8 -1 9 -1 9 -1 9 -1 9 -1 10 -1 10 -1 10 -1 10 -1 10 -1 10 -1 10 -1 11 -1 0 0 11 -1 11 -1 12 0 11 -1 11 -1 12 -1 11 -1 12 -2 12 -1 12 -2 12 -2 13 -2 13 -2 13 -2 13 -2 14 -2 13 -2 14 -3 14 -2 14 -3 15 -3 14 -3 15 -3 15 -3 15 -3 15 -3 0 0 0 0 0 0 0 0 0 0
1784740954.332267,58096,-45,11,1,6,1,-95,1,675840077,128,0 0 0 0 0 0 0 0 0 0 0 0 5 0 5 0 5 1 6 1 6 1 6 1 6 1 7 2 7 2 7 3 7 3 7 3 7 3 7 3 8 3 8 4 8 3 8 4 8 4 8 4 9 4 8 4 9 5 8 5 8 5 9 6 0 0 9 5 10 5 9 5 10 6 9 5 10 5 10 5 10 5 10 5 11 6 10 6 11 5 10 5 10 5 12 5 11 4 12 5 12 5 12 5 12 5 12 5 12 4 13 5 12 6 12 6 12 5 0 0 0 0 0 0 0 0 0 0
1784740954.346799,58097,-44,11,1,6,1,-95,1,675849963,128,0 0 0 0 0 0 0 0 0 0 0 0 -1 -6 0 -6 0 -6 0 -7 0 -7 0 -7 0 -7 1 -7 1 -8 1 -8 1 -8 2 -8 2 -8 2 -9 2 -9 3 -9 3 -10 3 -9 3 -10 3 -10 3 -10 4 -10 3 -10 4 -10 4 -10 4 -11 0 0 5 -11 5 -11 5 -11 4 -11 5 -11 5 -11 5 -11 5 -11 5 -12 4 -12 4 -12 5 -12 5 -12 5 -13 4 -12 5 -13 4 -12 5 -13 5 -13 5 -13 4 -13 5 -14 5 -13 4 -14 5 -14 4 -14 0 0 0 0 0 0 0 0 0 0
1784740954.362896,58098,-43,11,1,6,1,-95,1,675860135,128,0 0 0 0 0 0 0 0 0 0 0 0 -3 5 -3 5 -4 5 -4 5 -4 5 -4 5 -5 5 -5 5 -5 5 -6 5 -6 5 -6 5 -6 6 -7 6 -7 6 -7 6 -7 6 -8 6 -8 6 -8 6 -8 6 -9 6 -9 6 -9 6 -9 6 -9 6 0 0 -10 6 -10 7 -10 6 -10 6 -10 6 -10 7 -10 7 -10 7 -10 7 -10 7 -10 7 -10 7 -10 7 -10 8 -10 8 -10 8 -10 8 -10 8 -10 8 -10 9 -10 9 -11 9 -11 9 -11 9 -11 9 -11 9 0 0 0 0 0 0 0 0 0 0
1784740954.362896,58099,-39,11,1,6,0,-95,1,675870007,128,0 0 0 0 0 0 0 0 0 0 0 0 2 6 2 7 2 7 1 7 1 7 1 8 1 8 1 8 1 9 1 9 1 9 0 10 0 10 0 10 0 11 0 11 0 11 0 11 0 12 -1 12 0 12 -1 12 -1 12 -1 12 -1 13 -1 13 0 0 -1 13 -1 13 -1 14 -1 13 -1 14 -1 14 -1 14 -1 14 -1 14 0 14 0 14 0 14 0 14 0 15 0 14 0 15 0 15 1 15 1 15 1 15 1 16 1 16 1 15 1 16 1 16 2 16 0 0 0 0 0 0 0 0 0 0
1784740954.362896,58100,-43,11,1,7,1,-95,1,675879942,128,0 0 0 0 0 0 0 0 0 0 0 0 6 0 6 0 6 1 6 1 6 1 6 1 7 1 7 2 7 2 7 2 7 2 8 2 8 2 8 3 8 3 8 3 9 3 8 3 9 4 8 4 9 4 9 4 9 4 9 4 9 4 9 4 0 0 9 5 10 5 10 5 9 5 9 4 9 5 9 5 10 4 10 4 10 4 10 4 11 4 11 4 11 4 11 4 12 4 11 3 12 3 12 3 12 3 12 3 13 4 12 3 13 3 13 4 13 4 0 0 0 0 0 0 0 0 0 0
1784740954.378619,58101,-44,11,1,7,1,-95,1,675890008,128,0 0 0 0 0 0 0 0 0 0 0 0 0 6 0 6 0 6 0 6 -1 7 0 7 -1 7 -1 7 -1 8 -1 8 -2 8 -2 8 -2 8 -2 9 -2 9 -3 9 -3 9 -3 9 -3 10 -3 10 -3 10 -3 10 -3 10 -4 10 -4 10 -4 10 0 0 -4 10 -4 10 -4 10 -3 10 -3 10 -3 10 -3 11 -3 11 -3 11 -3 12 -3 11 -2 11 -2 12 -2 12 -2 12 -2 12 -2 13 -2 13 -2 13 -2 13 -1 13 -2 14 -2 14 -2 14 -2 14 -2 14 0 0 0 0 0 0 0 0 0 0
1784740954.394816,58102,-45,11,1,7,1,-95,1,675900030,128,0 0 0 0 0 0 0 0 0 0 0 0 5 -4 5 -4 5 -4 6 -4 6 -4 6 -4 7 -4 7 -4 7 -4 8 -4 8 -4 8 -4 9 -3 9 -3 9 -3 10 -3 10 -3 10 -3 10 -3 10 -3 10 -3 10 -3 10 -3 10 -3 11 -3 10 -3 0 0 11 -3 11 -3 11 -3 11 -4 11 -4 11 -4 11 -4 11 -4 11 -5 11 -5 11 -5 11 -5 11 -5 11 -5 11 -6 12 -6 12 -6 12 -6 12 -7 12 -7 12 -7 12 -7 12 -7 13 -7 13 -7 13 -7 0 0 0 0 0 0 0 0 0 0
1784740954.403220,58103,-47,11,1,6,1,-95,1,675911319,128,0 0 0 0 0 0 0 0 0 0 0 0 -4 -5 -4 -5 -4 -6 -4 -6 -4 -7 -4 -7 -4 -7 -4 -7 -4 -7 -4 -8 -3 -8 -3 -8 -3 -9 -3 -9 -3 -9 -3 -10 -3 -9 -3 -10 -3 -9 -3 -10 -3 -10 -3 -10 -3 -10 -3 -10 -3 -10 -3 -10 0 0 -3 -11 -4 -11 -3 -10 -4 -12 -4 -11 -4 -11 -4 -11 -4 -11 -4 -11 -4 -12 -4 -12 -4 -12 -4 -12 -4 -11 -6 -12 -5 -12 -5 -12 -5 -12 -6 -12 -6 -13 -6 -12 -7 -12 -6 -13 -5 -13 -5 -13 -6 -13 0 0 0 0 0 0 0 0 0 0
1784740954.418881,58104,-46,11,1,6,1,-95,1,675921345,128,0 0 0 0 0 0 0 0 0 0 0 0 4 -1 4 -1 5 0 5 0 5 0 5 0 6 0 6 0 6 0 6 0 6 1 7 1 7 1 7 1 8 1 8 2 8 2 8 2 9 2 8 2 9 2 9 3 9 3 9 3 9 3 9 3 0 0 10 4 10 4 10 4 10 4 10 4 10 4 10 4 11 3 11 4 11 3 11 3 11 3 11 3 11 3 12 3 12 3 12 3 12 3 12 3 13 3 13 3 13 3 13 3 13 4 14 3 14 3 0 0 0 0 0 0 0 0 0 0
1784740954.418881,58105,-45,11,1,7,1,-95,1,675929981,128,0 0 0 0 0 0 0 0 0 0 0 0 -1 5 -1 6 -2 5 -2 6 -2 5 -3 6 -3 6 -3 7 -4 7 -4 6 -4 7 -4 7 -5 7 -5 7 -5 8 -6 7 -6 8 -6 7 -6 8 -7 8 -7 8 -7 8 -7 8 -7 8 -7 8 -7 8 0 0 -8 8 -8 8 -8 8 -7 8 -7 8 -8 8 -7 9 -7 9 -7 9 -7 9 -7 9 -7 10 -7 10 -7 10 -7 10 -7 11 -6 10 -7 11 -7 11 -7 11 -6 11 -7 11 -6 11 -6 11 -7 12 -7 12 0 0 0 0 0 0 0 0 0 0
1784740954.432401,58106,-44,11,1,6,1,-95,1,675941674,128,0 0 0 0 0 0 0 0 0 0 0 0 1 6 0 7 0 7 0 7 -1 7 -1 8 -1 8 -1 8 -2 8 -2 8 -2 9 -3 9 -3 9 -3 9 -3 9 -4 9 -4 10 -4 9 -4 10 -4 10 -4 9 -5 10 -4 9 -5 9 -5 9 -5 10 0 0 -5 10 -5 10 -5 10 -5 10 -5 10 -5 10 -5 10 -5 10 -4 10 -4 11 -4 11 -4 11 -4 11 -4 11 -3 11 -3 12 -3 11 -3 12 -3 12 -2 12 -2 12 -2 12 -2 12 -2 13 -2 13 -2 13 0 0 0 0 0 0 0 0 0 0
1784740954.442767,58107,-44,11,1,7,1,-95,1,675950138,128,0 0 0 0 0 0 0 0 0 0 0 0 -7 -3 -6 -3 -7 -4 -6 -4 -7 -5 -7 -5 -7 -5 -7 -5 -7 -5 -7 -6 -7 -7 -7 -7 -7 -7 -7 -7 -7 -8 -7 -8 -7 -8 -7 -8 -7 -8 -7 -9 -7 -9 -7 -9 -7 -9 -7 -9 -6 -9 -7 -9 0 0 -7 -9 -7 -9 -7 -9 -8 -10 -7 -9 -8 -9 -8 -9 -8 -9 -8 -9 -8 -9 -8 -9 -8 -9 -8 -9 -8 -9 -10 -9 -9 -8 -9 -10 -10 -9 -10 -9 -10 -9 -10 -9 -11 -8 -11 -10 -11 -10 -11 -10 -11 -9 0 0 0 0 0 0 0 0 0 0
1784740954.459017,58108,-44,11,1,7,1,-95,1,675962643,128,0 0 0 0 0 0 0 0 0 0 0 0 -7 0 -7 0 -8 0 -8 -1 -8 -1 -8 -1 -8 -1 -9 -2 -9 -2 -9 -2 -9 -2 -9 -3 -10 -3 -10 -3 -10 -3 -10 -4 -10 -4 -10 -4 -11 -4 -11 -5 -11 -5 -11 -5 -11 -5 -11 -5 -11 -5 -11 -5 0 0 -11 -6 -11 -6 -11 -5 -11 -5 -11 -5 -11 -5 -11 -5 -11 -5 -11 -5 -12 -5 -12 -5 -12 -5 -12 -4 -12 -5 -12 -4 -13 -4 -12 -4 -13 -4 -13 -4 -13 -4 -13 -4 -14 -4 -14 -4 -14 -4 -14 -4 -14 -4 0 0 0 0 0 0 0 0 0 0
1784740954.459017,58109,-45,11,1,7,1,-95,1,675970180,128,0 0 0 0 0 0 0 0 0 0 0 0 4 4 4 5 3 5 3 6 3 6 3 6 3 6 3 6 3 7 3 7 3 7 3 8 2 8 2 8 2 8 2 9 2 9 2 9 2 9 2 9 2 9 1 10 2 9 1 10 1 10 1 10 0 0 1 10 1 10 1 10 1 10 1 10 1 10 2 10 2 10 2 10 2 10 2 10 3 10 2 10 3 11 3 10 3 11 3 11 4 11 4 11 4 11 4 11 4 12 4 11 4 12 4 12 4 12 0 0 0 0 0 0 0 0 0 0
1784740954.474678,58110,-43,11,1,6,0,-95,1,675981281,128,0 0 0 0 0 0 0 0 0 0 0 0 2 7 2 7 1 8 1 8 1 8 1 8 1 8 0 9 0 9 0 9 0 10 0 10 -1 11 -1 11 -1 11 -2 11 -2 11 -2 11 -2 11 -2 11 -2 11 -3 12 -2 12 -2 12 -3 12 -3 12 0 0 -3 12 -3 12 -3 12 -3 12 -2 13 -2 12 -2 13 -2 13 -2 13 -1 13 -2 13 -1 13 -1 14 -1 14 -1 14 -1 14 -1 15 -1 15 -1 15 -1 16 -1 15 -1 16 -1 16 -1 16 -1 16 -1 17 0 0 0 0 0 0 0 0 0 0
1784740954.474678,58111,-46,11,1,6,1,-95,1,675991721,128,0 0 0 0 0 0 0 0 0 0 0 0 5 -4 5 -3 6 -3 6 -3 6 -3 6 -3 6 -3 7 -3 7 -3 8 -2 8 -2 8 -2 8 -1 8 -1 8 -1 9 -1 9 -1 9 -1 9 -1 9 -1 9 -1 9 -1 9 -1 9 0 9 0 9 0 0 0 9 -1 10 -1 9 -1 10 -1 10 -1 10 -1 10 -1 10 -1 10 -2 11 -2 11 -2 11 -2 10 -2 11 -2 11 -3 11 -3 12 -3 12 -3 12 -3 12 -3 13 -3 12 -3 13 -3 13 -2 13 -3 13 -3 0 0 0 0 0 0 0 0 0 0
1784740954.490421,58112,-46,11,1,6,1,-95,1,676001349,128,0 0 0 0 0 0 0 0 0 0 0 0 -3 -6 -2 -7 -2 -7 -2 -8 -2 -8 -2 -8 -2 -8 -1 -8 -1 -8 -1 -9 -1 -9 -1 -9 0 -9 0 -9 0 -10 0 -10 0 -10 0 -10 1 -10 0 -10 1 -10 1 -10 0 -10 0 -10 1 -10 0 -11 0 0 1 -11 0 -11 0 -11 0 -11 0 -11 0 -11 0 -11 0 -12 0 -12 -1 -12 -1 -12 -1 -12 -1 -12 -1 -12 -1 -13 -2 -13 -1 -12 -2 -14 -2 -14 -2 -14 -2 -14 -2 -14 -2 -14 -2 -14 -2 -15 -2 -15 0 0 0 0 0 0 0 0 0 0
1784740954.506082,58113,-45,11,1,7,1,-95,1,676010038,128,0 0 0 0 0 0 0 0 0 0 0 0 0 -7 1 -7 1 -7 1 -7 1 -7 2 -8 2 -8 2 -8 2 -8 3 -8 3 -8 3 -8 4 -8 4 -8 4 -9 4 -9 4 -9 4 -9 4 -9 4 -9 5 -9 4 -9 5 -9 5 -9 5 -9 5 -9 0 0 5 -9 4 -10 4 -9 4 -10 4 -10 4 -10 4 -10 4 -10 4 -11 4 -11 4 -11 4 -11 3 -11 4 -11 3 -12 2 -12 3 -13 3 -13 3 -13 2 -14 3 -14 2 -14 3 -14 3 -14 3 -14 3 -14 0 0 0 0 0 0 0 0 0 0
1784740954.506082,58114,-45,11,1,7,1,-95,1,676019921,128,0 0 0 0 0 0 0 0 0 0 0 0 -2 -7 -2 -7 -2 -8 -1 -8 -1 -8 -1 -8 -1 -8 -1 -9 0 -9 0 -9 0 -9 0 -9 0 -10 0 -10 0 -10 1 -10 1 -10 1 -11 1 -10 1 -10 1 -11 2 -11 1 -11 2 -11 2 -11 2 -11 0 0 2 -11 2 -11 2 -11 1 -11 1 -11 1 -11 1 -12 1 -12 1 -12 0 -12 0 -12 0 -12 0 -13 0 -13 0 -13 0 -13 0 -13 -1 -13 -1 -14 -1 -14 -1 -14 -1 -15 -1 -15 -1 -14 -1 -15 -1 -15 0 0 0 0 0 0 0 0 0 0
1784740954.532589,58115,-45,11,1,6,1,-95,1,676031176,128,0 0 0 0 0 0 0 0 0 0 0 0 -3 6 -3 6 -4 6 -4 6 -4 6 -4 6 -4 6 -5 6 -5 6 -5 6 -6 6 -6 6 -6 6 -6 6 -6 6 -6 6 -7 7 -7 6 -7 6 -7 7 -7 7 -7 7 -7 7 -8 6 -7 6 -8 7 0 0 -8 7 -8 7 -8 7 -7 7 -7 8 -7 8 -7 8 -7 8 -7 8 -7 9 -7 8 -7 9 -7 9 -7 9 -7 10 -7 10 -7 10 -7 10 -7 10 -7 11 -7 11 -7 11 -7 11 -8 11 -8 11 -8 12 0 0 0 0 0 0 0 0 0 0
1784740954.532589,58116,-45,11,1,6,1,-95,1,676041317,128,0 0 0 0 0 0 0 0 0 0 0 0 -4 6 -5 5 -5 5 -6 5 -6 5 -6 5 -6 5 -7 5 -7 5 -7 5 -7 5 -7 5 -8 5 -8 5 -8 5 -8 4 -8 5 -8 5 -8 4 -9 4 -9 4 -9 4 -9 5 -9 5 -8 5 -9 5 0 0 -9 5 -9 5 -9 5 -9 5 -9 5 -9 5 -9 6 -9 6 -10 6 -9 7 -9 7 -9 7 -9 8 -10 8 -10 7 -10 8 -10 7 -10 8 -11 8 -11 8 -11 8 -11 8 -11 9 -11 9 -11 9 -11 10 0 0 0 0 0 0 0 0 0 0
1784740954.538208,58117,-45,11,1,6,1,-95,1,676051243,128,0 0 0 0 0 0 0 0 0 0 0 0 4 -6 4 -6 4 -6 4 -6 5 -6 5 -6 5 -6 5 -6 5 -6 6 -6 6 -5 6 -5 7 -5 7 -5 7 -6 7 -6 7 -6 7 -6 7 -6 7 -6 7 -6 7 -6 8 -6 8 -5 8 -6 8 -6 0 0 8 -6 8 -7 7 -7 8 -7 7 -7 8 -7 7 -8 8 -8 7 -8 8 -9 8 -8 8 -8 8 -8 8 -9 8 -10 8 -10 9 -10 9 -10 8 -10 8 -11 9 -11 9 -11 10 -11 10 -11 10 -11 10 -11 0 0 0 0 0 0 0 0 0 0
1784740954.553976,58118,-45,11,1,6,1,-95,1,676065053,128,0 0 0 0 0 0 0 0 0 0 0 0 1 -6 2 -6 2 -7 2 -6 3 -7 3 -6 3 -7 3 -7 4 -7 4 -7 4 -7 4 -7 4 -7 5 -7 5 -7 6 -7 5 -7 5 -8 6 -8 6 -8 6 -8 6 -8 6 -8 6 -8 6 -8 6 -8 0 0 6 -9 6 -9 6 -9 6 -9 6 -9 6 -9 6 -9 6 -10 6 -10 6 -11 6 -11 6 -11 6 -11 6 -11 6 -12 7 -12 7 -12 7 -12 7 -12 7 -13 7 -13 8 -13 7 -13 7 -13 7 -13 7 -13 0 0 0 0 0 0 0 0 0 0
1784740954.553976,58119,-44,11,1,6,1,-95,1,676071302,128,0 0 0 0 0 0 0 0 0 0 0 0 5 2 5 3 5 3 5 3 5 4 5 4 5 4 5 4 5 5 5 5 6 5 5 5 5 6 5 6 6 6 5 7 5 7 5 7 5 7 5 7 5 7 5 8 6 7 5 7 5 8 6 8 0 0 6 8 6 8 6 9 6 8 6 8 7 9 7 8 7 8 7 9 8 9 8 9 8 9 8 9 9 9 8 9 9 10 9 9 9 10 9 10 9 10 10 10 10 11 10 10 9 10 10 10 10 11 0 0 0 0 0 0 0 0 0 0
1784740954.570137,58120,-43,11,1,6,1,-95,1,676081363,128,0 0 0 0 0 0 0 0 0 0 0 0 -6 -4 -6 -4 -6 -5 -5 -5 -6 -6 -6 -6 -6 -6 -6 -7 -6 -7 -6 -8 -6 -8 -5 -8 -5 -8 -5 -8 -5 -8 -5 -9 -5 -9 -6 -9 -5 -9 -5 -9 -5 -9 -5 -9 -6 -10 -5 -10 -5 -10 -5 -10 0 0 -6 -10 -6 -10 -6 -10 -6 -11 -6 -10 -6 -10 -7 -10 -7 -10 -7 -10 -8 -11 -8 -11 -7 -10 -7 -10 -8 -10 -9 -11 -9 -11 -9 -11 -9 -11 -9 -11 -10 -11 -9 -11 -10 -11 -9 -12 -10 -12 -9 -12 -9 -12 0 0 0 0 0 0 0 0 0 0
1784740954.586145,58121,-43,11,1,7,1,-95,1,676090032,128,0 0 0 0 0 0 0 0 0 0 0 0 -3 6 -3 6 -4 6 -4 6 -4 7 -4 6 -5 7 -5 6 -5 7 -6 7 -6 7 -7 7 -7 6 -7 7 -7 7 -7 7 -7 7 -8 8 -8 7 -8 7 -8 7 -8 7 -9 7 -9 7 -9 7 -8 7 0 0 -8 7 -8 8 -8 7 -9 9 -8 8 -8 8 -8 8 -8 9 -7 9 -9 10 -8 9 -8 9 -8 9 -8 9 -8 11 -7 10 -9 11 -8 11 -8 11 -7 12 -8 12 -7 12 -9 12 -9 12 -8 12 -8 12 0 0 0 0 0 0 0 0 0 0
1784740954.586145,58122,-44,11,1,7,1,-95,1,676100539,128,0 0 0 0 0 0 0 0 0 0 0 0 -5 -6 -4 -6 -4 -7 -4 -7 -4 -7 -4 -7 -4 -8 -4 -8 -4 -9 -3 -8 -3 -9 -3 -9 -3 -9 -3 -10 -3 -10 -3 -10 -3 -10 -3 -10 -3 -10 -2 -10 -3 -10 -3 -11 -3 -11 -3 -10 -3 -11 -3 -11 0 0 -3 -11 -3 -11 -3 -11 -4 -11 -4 -11 -4 -11 -4 -11 -4 -12 -4 -12 -5 -12 -5 -12 -6 -12 -6 -12 -6 -12 -6 -12 -6 -12 -6 -13 -6 -13 -6 -13 -7 -13 -7 -13 -7 -14 -7 -14 -7 -14 -7 -14 -7 -14 0 0 0 0 0 0 0 0 0 0
1784740954.602063,58123,-44,11,1,7,1,-95,1,676110010,128,0 0 0 0 0 0 0 0 0 0 0 0 5 3 5 4 5 4 5 5 5 5 5 5 5 5 5 6 5 6 5 6 5 6 5 7 5 7 5 7 4 8 4 8 4 8 4 8 4 8 4 8 4 8 4 9 4 8 4 9 4 9 5 9 0 0 5 9 5 9 5 9 5 9 5 9 6 9 6 9 6 9 6 9 7 9 7 9 7 9 7 10 7 10 7 10 8 10 8 10 8 10 8 10 8 10 8 11 8 11 9 11 8 11 9 11 9 11 0 0 0 0 0 0 0 0 0 0
1784740954.617763,58124,-44,11,1,6,1,-95,1,676123982,128,0 0 0 0 0 0 0 0 0 0 0 0 6 -4 6 -4 7 -4 7 -3 7 -3 8 -3 7 -3 8 -3 8 -3 8 -2 8 -2 9 -2 9 -2 9 -2 9 -2 9 -1 10 -1 10 -1 10 -1 10 -1 10 -1 10 -1 10 -1 10 -1 10 -1 11 -1 0 0 11 -1 11 -1 11 -1 11 -2 11 -2 11 -2 11 -2 12 -2 12 -2 12 -3 12 -3 12 -3 12 -3 13 -3 13 -3 13 -3 13 -3 13 -3 13 -3 14 -3 14 -3 14 -3 13 -3 14 -3 14 -4 14 -3 0 0 0 0 0 0 0 0 0 0
1784740954.617763,58125,-44,11,1,7,1,-95,1,676130081,128,0 0 0 0 0 0 0 0 0 0 0 0 -7 3 -7 2 -7 2 -8 2 -8 2 -9 2 -8 2 -9 2 -9 1 -9 1 -9 1 -10 1 -10 0 -10 0 -11 1 -10 0 -11 0 -11 0 -11 0 -11 0 -11 0 -11 0 -11 0 -11 0 -11 0 -12 0 0 0 -12 1 -11 1 -12 0 -12 1 -12 1 -12 1 -12 1 -12 2 -12 2 -13 2 -12 2 -13 2 -13 2 -13 3 -13 3 -14 3 -13 3 -14 3 -14 3 -14 4 -14 4 -14 4 -14 3 -14 3 -14 4 -14 4 0 0 0 0 0 0 0 0 0 0
1784740954.633901,58126,-45,11,1,7,1,-95,1,676139932,128,0 0 0 0 0 0 0 0 0 0 0 0 6 0 6 1 6 1 6 1 6 2 6 2 7 2 7 2 7 2 7 3 7 3 7 4 7 4 7 4 7 4 8 4 8 4 8 5 8 5 8 5 8 5 8 5 8 5 8 5 8 5 8 5 0 0 9 5 9 5 9 5 10 5 9 5 10 5 10 5 10 5 10 5 11 5 11 5 11 5 11 5 11 5 12 5 12 4 12 5 12 4 13 5 13 5 13 5 13 5 14 5 13 5 13 5 13 5 0 0 0 0 0 0 0 0 0 0
1784740954.633901,58127,-44,11,1,7,1,-95,1,676150237,128,0 0 0 0 0 0 0 0 0 0 0 0 -3 -6 -2 -6 -2 -6 -2 -7 -2 -7 -2 -7 -2 -7 -1 -8 -1 -8 -1 -8 -1 -8 -1 -9 0 -9 0 -9 0 -9 0 -9 0 -10 0 -10 0 -10 0 -10 0 -10 0 -10 0 -10 1 -10 1 -10 0 -11 0 0 0 -11 0 -11 0 -11 0 -11 0 -11 0 -11 -1 -12 0 -12 0 -12 -1 -12 -1 -12 -1 -12 -1 -12 -1 -13 -2 -13 -1 -13 -1 -13 -2 -14 -1 -13 -2 -14 -2 -14 -2 -14 -2 -14 -1 -14 -2 -14 -2 -15 0 0 0 0 0 0 0 0 0 0
1784740954.649920,58128,-44,11,1,7,1,-95,1,676160018,128,0 0 0 0 0 0 0 0 0 0 0 0 6 -2 6 -2 6 -1 6 -1 7 -1 7 -1 7 -1 7 -1 8 0 8 0 8 0 8 0 9 1 9 1 9 1 9 2 9 2 9 2 9 2 9 2 9 2 9 3 10 2 9 3 9 3 10 3 0 0 10 3 10 3 10 3 10 3 10 2 10 3 10 3 10 2 11 2 11 2 11 2 11 2 11 2 12 2 11 2 12 2 12 1 12 1 12 1 12 1 13 2 13 2 13 1 13 2 13 2 14 1 0 0 0 0 0 0 0 0 0 0
1784740954.666119,58129,-44,11,1,7,1,-95,1,676169997,128,0 0 0 0 0 0 0 0 0 0 0 0 3 5 3 5 3 6 2 6 2 6 2 6 2 7 2 7 2 8 2 8 2 8 1 8 1 9 1 9 1 9 1 9 1 10 0 10 0 10 0 10 0 10 0 10 0 10 -1 10 0 11 0 11 0 0 0 11 0 11 0 10 0 11 0 11 0 11 1 11 1 11 1 11 1 12 1 12 1 12 1 12 1 12 2 12 2 12 2 13 2 13 2 12 2 13 2 13 2 13 2 13 2 13 2 13 2 13 0 0 0 0 0 0 0 0 0 0
1784740954.666119,58130,-45,11,1,7,1,-95,1,676179960,128,0 0 0 0 0 0 0 0 0 0 0 0 -2 -6 -2 -6 -2 -6 -2 -7 -1 -7 -1 -7 -1 -8 -1 -8 -1 -8 0 -8 0 -9 0 -9 0 -9 0 -9 0 -9 0 -9 0 -10 1 -10 1 -10 1 -10 1 -10 1 -10 1 -10 1 -10 1 -11 1 -11 0 0 1 -11 1 -11 1 -11 0 -12 1 -12 1 -12 1 -12 0 -12 0 -12 0 -13 0 -13 0 -13 0 -13 0 -13 -1 -14 -1 -14 0 -14 0 -15 -1 -14 -1 -15 0 -15 -1 -15 0 -15 0 -15 0 -15 0 -15 0 0 0 0 0 0 0 0 0 0
1784740954.682323,58131,-41,11,1,6,0,-95,1,676190856,128,0 0 0 0 0 0 0 0 0 0 0 0 -7 2 -7 2 -8 2 -8 2 -8 2 -9 2 -9 1 -9 1 -9 1 -9 1 -10 1 -10 0 -10 0 -11 0 -11 0 -11 0 -11 0 -11 0 -11 0 -11 0 -12 0 -12 0 -12 0 -12 0 -13 -1 -13 0 0 0 -13 0 -13 0 -14 0 -14 0 -14 0 -14 0 -14 0 -14 0 -15 1 -15 1 -15 1 -15 1 -16 1 -16 1 -16 2 -16 2 -17 1 -17 1 -17 2 -18 1 -18 1 -18 2 -18 1 -18 1 -19 1 -19 1 0 0 0 0 0 0 0 0 0 0
1784740954.698175,58132,-44,11,1,6,1,-95,1,676199960,128,0 0 0 0 0 0 0 0 0 0 0 0 0 -7 0 -7 0 -7 1 -7 1 -7 1 -7 1 -7 1 -8 1 -8 1 -8 2 -8 2 -8 2 -8 2 -8 2 -9 2 -9 2 -9 3 -9 3 -9 2 -9 2 -10 2 -10 2 -9 3 -9 3 -9 3 -10 0 0 2 -10 2 -11 2 -10 2 -11 2 -11 2 -11 2 -11 1 -12 2 -12 1 -13 2 -13 2 -13 1 -13 1 -13 1 -14 1 -14 1 -14 1 -14 1 -14 1 -15 1 -15 1 -15 1 -15 2 -16 2 -15 2 -16 0 0 0 0 0 0 0 0 0 0
1784740954.698175,58133,-44,11,1,6,1,-95,1,676209980,128,0 0 0 0 0 0 0 0 0 0 0 0 -5 -6 -5 -6 -4 -7 -4 -7 -4 -7 -4 -7 -4 -8 -4 -8 -4 -8 -3 -9 -3 -9 -3 -9 -3 -9 -3 -9 -3 -10 -3 -10 -3 -10 -3 -10 -3 -10 -3 -10 -3 -10 -3 -10 -3 -10 -3 -10 -3 -10 -3 -10 0 0 -4 -10 -4 -11 -4 -11 -4 -11 -5 -11 -5 -11 -5 -11 -5 -11 -5 -11 -6 -12 -6 -12 -6 -11 -6 -12 -6 -12 -7 -12 -7 -12 -7 -13 -7 -13 -7 -13 -8 -13 -7 -13 -8 -13 -7 -14 -7 -14 -7 -14 -8 -14 0 0 0 0 0 0 0 0 0 0
1784740954.713879,58134,-44,11,1,6,1,-95,1,676220032,128,0 0 0 0 0 0 0 0 0 0 0 0 7 -2 8 -2 8 -1 8 -1 8 0 8 0 8 0 9 0 9 1 9 1 9 1 9 1 9 2 10 2 10 2 10 3 10 3 9 3 10 3 9 3 10 3 10 3 10 3 10 3 10 3 10 3 0 0 10 3 10 3 10 3 10 2 10 2 11 2 11 2 11 2 11 2 12 1 12 1 12 1 12 1 12 1 12 1 13 1 13 1 13 0 13 1 13 1 13 1 13 1 14 1 14 1 14 0 14 0 0 0 0 0 0 0 0 0 0 0
1784740954.713879,58135,-45,11,1,6,1,-95,1,676229916,128,0 0 0 0 0 0 0 0 0 0 0 0 6 -4 6 -4 7 -4 7 -4 7 -4 7 -3 8 -4 8 -3 8 -4 8 -3 9 -3 9 -2 9 -2 9 -2 9 -2 10 -2 9 -2 10 -2 10 -2 10 -2 10 -2 10 -2 10 -2 10 -1 10 -1 10 -2 0 0 10 -2 10 -3 9 -3 10 -3 9 -3 10 -4 10 -4 10 -4 10 -4 11 -5 10 -5 10 -5 10 -5 10 -5 11 -6 10 -6 11 -6 11 -6 11 -7 11 -7 11 -7 11 -7 12 -7 12 -7 12 -7 12 -7 0 0 0 0 0 0 0 0 0 0
1784740954.734306,58136,-46,11,1,6,1,-95,1,676240048,128,0 0 0 0 0 0 0 0 0 0 0 0 -3 -7 -3 -7 -3 -7 -3 -7 -2 -8 -2 -8 -2 -8 -2 -8 -2 -9 -2 -9 -1 -9 -1 -9 -1 -10 -1 -10 -1 -10 -1 -10 0 -10 0 -10 0 -10 0 -10 -1 -10 0 -10 0 -10 0 -10 0 -10 0 -10 0 0 -1 -10 -1 -10 -1 -11 -1 -11 -2 -11 -2 -11 -2 -11 -2 -11 -2 -12 -2 -12 -2 -12 -2 -12 -2 -12 -3 -12 -3 -12 -3 -13 -3 -13 -3 -13 -4 -13 -4 -14 -4 -13 -4 -14 -4 -14 -3 -14 -3 -14 -3 -14 0 0 0 0 0 0 0 0 0 0
1784740954.745911,58137,-47,11,1,6,1,-95,1,676250042,128,0 0 0 0 0 0 0 0 0 0 0 0 -4 -7 -3 -7 -3 -8 -3 -8 -3 -8 -3 -8 -2 -8 -2 -9 -2 -9 -2 -9 -2 -9 -2 -9 -2 -10 -1 -10 -1 -10 -1 -10 -1 -10 -1 -10 -1 -10 -1 -10 -1 -10 -1 -11 -1 -10 -1 -10 -1 -10 -1 -11 0 0 -1 -11 -1 -11 -1 -11 -2 -11 -2 -11 -2 -11 -2 -11 -3 -11 -3 -12 -3 -12 -3 -12 -3 -12 -3 -12 -3 -13 -3 -13 -4 -13 -4 -13 -4 -13 -4 -13 -4 -13 -4 -13 -4 -14 -5 -13 -4 -14 -5 -13 -5 -14 0 0 0 0 0 0 0 0 0 0
1784740954.745911,58138,-47,11,1,6,1,-95,1,676259998,128,0 0 0 0 0 0 0 0 0 0 0 0 -4 -7 -4 -7 -4 -7 -3 -7 -3 -8 -3 -8 -3 -8 -3 -8 -3 -8 -2 -9 -2 -9 -2 -9 -1 -9 -1 -9 -1 -9 -1 -9 -1 -9 -1 -10 -1 -9 -1 -10 -1 -10 -1 -10 -1 -10 -1 -10 -1 -9 -2 -10 0 0 -2 -10 -2 -11 -2 -10 -3 -11 -3 -10 -3 -11 -3 -11 -3 -12 -3 -11 -4 -12 -3 -12 -3 -12 -3 -12 -3 -12 -4 -13 -4 -13 -4 -13 -4 -13 -4 -13 -5 -14 -5 -13 -5 -13 -4 -14 -4 -14 -4 -14 -4 -14 0 0 0 0 0 0 0 0 0 0
1784740954.761850,58139,-46,11,1,6,1,-95,1,676269973,128,0 0 0 0 0 0 0 0 0 0 0 0 2 6 1 7 1 7 1 7 0 7 0 7 0 8 -1 8 -1 8 -1 8 -1 8 -2 8 -2 8 -2 8 -2 8 -2 8 -2 9 -3 8 -2 9 -3 8 -2 8 -2 9 -2 9 -2 8 -2 9 -2 9 0 0 -2 10 -1 10 -2 10 -1 10 -1 10 -1 10 -1 11 -1 11 -1 11 -1 12 0 12 0 12 -1 12 0 12 0 12 0 13 0 13 0 13 0 13 0 13 0 13 0 13 0 13 0 14 0 14 0 14 0 0 0 0 0 0 0 0 0 0
1784740954.761850,58140,-44,11,1,6,1,-95,1,676279913,128,0 0 0 0 0 0 0 0 0 0 0 0 -5 -6 -5 -7 -5 -8 -4 -8 -4 -8 -4 -8 -4 -9 -4 -9 -4 -9 -3 -10 -3 -10 -2 -10 -2 -10 -2 -10 -2 -10 -2 -11 -2 -10 -1 -11 -1 -11 -1 -11 -1 -11 -2 -11 -1 -11 -1 -11 -1 -10 -1 -11 0 0 -2 -11 -2 -11 -2 -10 -2 -12 -2 -11 -2 -11 -3 -11 -3 -12 -3 -11 -3 -13 -3 -12 -3 -12 -3 -12 -3 -12 -4 -13 -4 -12 -4 -13 -4 -13 -4 -13 -4 -13 -5 -13 -5 -13 -4 -13 -4 -13 -4 -13 -5 -13 0 0 0 0 0 0 0 0 0 0
1784740954.777866,58141,-44,11,1,6,1,-95,1,676290003,128,0 0 0 0 0 0 0 0 0 0 0 0 4 -7 4 -7 5 -7 6 -7 6 -7 6 -7 6 -7 7 -6 7 -7 8 -6 8 -6 8 -5 9 -5 9 -5 9 -5 9 -5 9 -5 10 -5 9 -5 9 -5 9 -5 10 -5 9 -5 9 -4 9 -4 9 -5 0 0 9 -5 9 -6 9 -5 9 -6 9 -6 9 -6 9 -6 9 -7 9 -7 9 -7 9 -7 9 -7 9 -7 8 -7 9 -9 8 -8 9 -8 9 -9 8 -9 8 -9 8 -9 8 -10 9 -9 9 -9 8 -9 8 -10 0 0 0 0 0 0 0 0 0 0
1784740954.793952,58142,-44,11,1,6,1,-95,1,676299967,128,0 0 0 0 0 0 0 0 0 0 0 0 -2 7 -2 7 -3 7 -4 7 -4 7 -4 8 -4 8 -5 8 -5 8 -6 8 -6 7 -6 8 -7 8 -7 8 -7 8 -7 7 -8 8 -8 7 -8 7 -8 7 -8 7 -8 8 -8 7 -8 7 -8 7 -8 7 0 0 -8 7 -8 8 -8 7 -8 8 -7 8 -7 8 -7 8 -7 9 -7 9 -7 9 -7 9 -7 9 -7 9 -7 10 -7 10 -7 10 -7 10 -6 10 -6 11 -6 11 -6 11 -6 11 -6 11 -6 11 -6 11 -6 12 0 0 0 0 0 0 0 0 0 0
1784740954.793952,58143,-44,11,1,6,1,-95,1,676310181,128,0 0 0 0 0 0 0 0 0 0 0 0 -7 1 -7 1 -8 1 -8 0 -8 0 -8 0 -9 0 -9 -1 -9 -1 -9 -1 -10 -2 -10 -2 -10 -2 -10 -3 -10 -3 -10 -3 -10 -3 -10 -3 -10 -3 -10 -3 -10 -3 -10 -3 -10 -3 -10 -3 -10 -3 -11 -3 0 0 -11 -3 -11 -3 -11 -3 -11 -3 -11 -2 -11 -2 -11 -2 -12 -2 -12 -2 -12 -2 -12 -2 -12 -2 -12 -2 -12 -2 -13 -1 -13 -1 -13 -1 -13 -1 -13 -1 -14 -1 -14 0 -14 0 -14 -1 -14 -1 -14 -1 -14 -1 0 0 0 0 0 0 0 0 0 0
1784740954.813012,58144,-44,11,1,6,1,-95,1,676320020,128,0 0 0 0 0 0 0 0 0 0 0 0 7 0 7 0 7 1 7 1 7 2 8 2 8 2 8 3 8 3 8 3 8 3 8 4 8 4 8 4 8 4 8 5 8 5 8 5 8 6 8 6 8 6 8 6 8 5 8 6 8 6 8 6 0 0 8 6 9 5 8 5 9 5 9 5 9 5 9 5 9 6 9 5 10 5 10 5 10 5 10 5 10 5 11 5 11 5 11 5 11 5 12 5 12 5 12 5 12 5 12 6 12 6 12 6 13 5 0 0 0 0 0 0 0 0 0 0
1784740954.825981,58145,-45,11,1,6,1,-95,1,676329952,128,0 0 0 0 0 0 0 0 0 0 0 0 5 5 5 6 5 6 5 6 5 7 5 7 4 7 4 7 4 7 4 8 4 8 4 8 4 8 4 9 4 9 3 9 3 9 3 9 3 9 3 9 3 9 3 9 3 9 3 9 3 9 4 9 0 0 3 9 4 9 4 9 4 9 4 9 4 9 4 9 5 9 4 9 5 9 5 9 5 9 5 9 6 10 6 10 6 10 6 9 7 10 7 10 7 10 7 10 7 10 8 10 8 10 8 10 8 10 0 0 0 0 0 0 0 0 0 0
1784740954.833300,58146,-45,11,1,6,1,-95,1,676339936,128,0 0 0 0 0 0 0 0 0 0 0 0 7 -2 7 -2 8 -1 8 -1 8 -1 8 -1 8 -1 8 0 8 0 9 0 9 1 9 1 9 1 9 1 8 1 9 1 9 2 9 2 9 2 9 2 9 2 9 2 9 2 9 2 9 2 9 2 0 0 9 1 10 2 9 1 10 1 9 1 10 1 10 1 10 1 10 1 11 0 11 0 11 0 10 0 10 0 12 0 11 0 12 0 12 0 12 -1 12 -1 12 -1 13 -1 13 -1 13 0 13 -1 13 -1 0 0 0 0 0 0 0 0 0 0
1784740954.841782,58147,-44,11,1,6,1,-95,1,676349996,128,0 0 0 0 0 0 0 0 0 0 0 0 -8 -2 -8 -2 -8 -3 -8 -3 -8 -4 -8 -4 -8 -4 -8 -4 -8 -5 -8 -5 -8 -5 -8 -6 -8 -6 -8 -6 -8 -6 -8 -6 -8 -7 -8 -7 -8 -7 -8 -7 -8 -7 -8 -7 -8 -7 -8 -7 -8 -7 -8 -7 0 0 -9 -7 -9 -7 -9 -7 -9 -7 -9 -6 -9 -7 -9 -6 -10 -6 -10 -6 -10 -6 -10 -6 -10 -6 -10 -6 -11 -6 -11 -6 -11 -6 -11 -6 -12 -6 -12 -6 -12 -6 -12 -6 -13 -6 -12 -6 -12 -6 -13 -6 -13 -6 0 0 0 0 0 0 0 0 0 0
1784740954.841782,58148,-44,11,1,6,1,-95,1,676359997,128,0 0 0 0 0 0 0 0 0 0 0 0 7 -1 7 -1 7 0 7 1 7 1 8 1 7 1 8 2 8 2 8 2 8 2 8 3 9 3 9 3 9 3 8 4 9 4 8 4 9 4 9 4 9 4 9 4 9 4 8 4 9 4 9 4 0 0 9 4 9 4 9 5 9 4 9 4 10 4 10 4 10 4 10 4 10 4 10 4 11 4 11 4 11 4 11 4 12 4 11 4 12 3 12 3 12 3 12 3 12 4 12 3 12 3 13 4 13 4 0 0 0 0 0 0 0 0 0 0
1784740954.857884,58149,-44,11,1,6,1,-95,1,676372194,128,0 0 0 0 0 0 0 0 0 0 0 0 6 1 6 2 6 2 6 3 6 3 7 3 6 3 7 4 7 4 7 4 7 4 7 5 7 5 7 6 7 6 7 6 7 7 7 6 7 7 7 7 7 7 7 7 7 7 7 7 7 7 7 8 0 0 7 8 7 8 8 8 8 7 8 7 8 7 8 7 8 7 8 7 9 7 9 7 9 7 9 7 10 7 10 7 10 7 10 7 10 7 10 7 11 8 11 7 11 8 11 7 11 7 11 7 11 8 0 0 0 0 0 0 0 0 0 0
1784740954.873589,58150,-44,11,1,6,1,-95,1,676379988,128,0 0 0 0 0 0 0 0 0 0 0 0 -1 -7 0 -7 0 -7 1 -8 1 -8 1 -8 1 -8 1 -9 2 -9 2 -9 2 -9 3 -10 3 -10 3 -10 4 -10 4 -10 4 -10 4 -10 4 -10 4 -10 5 -10 5 -10 5 -10 5 -10 5 -10 5 -10 0 0 5 -10 5 -10 5 -10 5 -10 4 -10 4 -11 4 -11 4 -11 4 -11 4 -12 4 -12 3 -12 4 -12 4 -12 3 -12 4 -13 3 -12 3 -13 3 -13 3 -14 3 -13 3 -14 3 -14 3 -14 3 -14 3 -15 0 0 0 0 0 0 0 0 0 0
1784740954.873589,58151,-44,11,1,6,1,-95,1,676390037,128,0 0 0 0 0 0 0 0 0 0 0 0 -2 6 -3 6 -3 6 -4 6 -4 6 -4 6 -4 6 -4 7 -5 6 -5 7 -5 7 -6 7 -6 7 -6 7 -6 7 -7 7 -8 7 -7 7 -8 7 -8 7 -8 7 -8 7 -8 7 -8 7 -8 7 -8 7 0 0 -8 7 -9 7 -9 7 -9 7 -8 7 -9 8 -8 8 -8 8 -9 8 -9 9 -8 9 -8 9 -9 10 -9 10 -9 9 -9 10 -9 9 -9 10 -9 10 -9 11 -9 11 -10 11 -9 11 -9 11 -9 11 -10 12 0 0 0 0 0 0 0 0 0 0
1784740954.889595,58152,-44,11,1,6,1,-95,1,676402074,128,0 0 0 0 0 0 0 0 0 0 0 0 -4 3 -5 3 -5 3 -6 3 -5 2 -6 3 -6 3 -6 3 -6 3 -7 3 -7 3 -7 3 -8 3 -8 2 -9 3 -9 2 -9 2 -9 2 -9 2 -9 2 -10 2 -10 2 -10 2 -10 2 -10 2 -11 2 0 0 -11 2 -11 2 -11 2 -11 2 -11 2 -11 3 -11 3 -11 3 -11 3 -11 3 -12 3 -12 3 -12 3 -12 4 -12 3 -13 3 -12 3 -13 4 -13 4 -13 4 -13 4 -13 4 -13 4 -14 4 -14 4 -14 4 0 0 0 0 0 0 0 0 0 0
1784740954.906911,58153,-45,11,1,6,1,-95,1,676411380,128,0 0 0 0 0 0 0 0 0 0 0 0 0 5 0 5 0 6 -1 6 -1 6 -1 6 -1 6 -1 7 -1 7 -2 7 -2 7 -3 7 -3 8 -3 8 -3 8 -3 8 -3 8 -4 8 -4 8 -3 8 -4 9 -4 9 -4 9 -4 9 -5 9 -5 9 0 0 -5 9 -4 9 -4 9 -4 10 -4 10 -4 10 -4 10 -4 10 -4 10 -4 11 -4 11 -4 11 -4 10 -4 11 -3 12 -3 12 -4 12 -4 13 -3 13 -3 13 -3 13 -3 14 -4 13 -5 13 -4 13 -4 14 0 0 0 0 0 0 0 0 0 0
1784740954.906911,58154,-46,11,1,6,1,-95,1,676421382,128,0 0 0 0 0 0 0 0 0 0 0 0 -4 -5 -4 -5 -4 -6 -4 -5 -4 -6 -4 -6 -4 -6 -4 -7 -4 -7 -4 -7 -4 -8 -3 -8 -3 -8 -3 -8 -3 -8 -3 -8 -3 -9 -3 -9 -3 -9 -3 -9 -3 -9 -3 -9 -3 -9 -3 -9 -3 -9 -3 -9 0 0 -3 -10 -4 -10 -3 -10 -4 -10 -4 -10 -4 -10 -4 -10 -4 -11 -4 -10 -5 -11 -5 -11 -5 -11 -5 -11 -5 -11 -6 -11 -6 -12 -6 -12 -6 -12 -6 -12 -6 -13 -6 -13 -7 -13 -6 -13 -6 -13 -6 -14 -7 -14 0 0 0 0 0 0 0 0 0 0
1784740954.921602,58155,-46,11,1,6,1,-95,1,676431258,128,0 0 0 0 0 0 0 0 0 0 0 0 -1 5 -2 5 -2 6 -3 6 -3 6 -3 6 -3 6 -4 6 -4 6 -4 6 -4 6 -4 7 -4 7 -5 7 -5 7 -5 6 -5 7 -5 7 -5 7 -5 7 -5 7 -6 7 -5 7 -5 7 -5 7 -5 7 0 0 -5 8 -5 8 -5 8 -5 8 -5 8 -5 9 -5 9 -5 9 -5 9 -5 10 -5 10 -5 10 -5 10 -5 11 -5 11 -5 11 -5 11 -5 11 -5 12 -5 12 -5 12 -5 13 -5 12 -6 13 -5 13 -6 13 0 0 0 0 0 0 0 0 0 0
1784740954.953297,58156,-46,11,1,6,1,-95,1,676441456,128,0 0 0 0 0 0 0 0 0 0 0 0 0 -7 0 -7 0 -7 1 -7 1 -7 1 -7 1 -8 1 -7 1 -8 2 -8 2 -8 2 -8 2 -8 3 -8 2 -8 3 -9 2 -8 3 -9 3 -9 3 -9 3 -9 3 -9 3 -9 3 -9 3 -9 3 -9 0 0 2 -10 2 -10 2 -10 2 -11 2 -10 2 -11 2 -11 2 -11 2 -11 2 -12 2 -12 2 -12 2 -12 2 -12 1 -13 1 -12 1 -13 1 -13 1 -13 1 -14 1 -14 1 -14 1 -15 1 -14 1 -14 1 -14 0 0 0 0 0 0 0 0 0 0
1784740954.953297,58157,-44,11,1,7,1,-95,1,676465438,128,0 0 0 0 0 0 0 0 0 0 0 0 3 4 3 4 3 5 2 5 2 6 3 6 3 6 3 6 3 7 2 7 2 8 2 8 1 8 1 8 1 8 2 9 2 8 2 9 1 9 1 9 2 9 1 9 1 10 1 10 0 10 1 10 0 0 1 10 2 10 1 10 2 11 2 10 2 11 2 10 2 11 2 11 3 12 3 11 2 11 2 11 3 11 4 12 4 11 4 12 4 12 4 12 5 12 4 12 5 12 4 13 4 13 4 13 4 13 0 0 0 0 0 0 0 0 0 0
1784740954.969060,58158,-44,11,1,7,1,-95,1,676465666,128,0 0 0 0 0 0 0 0 0 0 0 0 -5 -4 -5 -4 -5 -5 -5 -5 -5 -5 -5 -6 -5 -6 -5 -6 -6 -7 -5 -7 -5 -7 -5 -8 -5 -8 -5 -8 -5 -8 -5 -9 -5 -9 -5 -9 -5 -9 -5 -10 -5 -9 -5 -9 -5 -10 -5 -10 -5 -10 -5 -10 0 0 -5 -10 -5 -10 -5 -10 -6 -11 -6 -10 -6 -11 -6 -11 -6 -11 -6 -11 -7 -11 -7 -11 -7 -11 -7 -11 -7 -11 -8 -11 -8 -11 -8 -11 -8 -11 -8 -11 -9 -11 -9 -12 -9 -11 -9 -12 -9 -12 -9 -12 -9 -12 0 0 0 0 0 0 0 0 0 0
1784740954.969060,58159,-44,11,1,7,1,-95,1,676469928,128,0 0 0 0 0 0 0 0 0 0 0 0 0 5 -1 5 -1 5 -1 6 -1 6 -1 6 -2 6 -2 7 -2 7 -2 7 -2 7 -3 8 -3 8 -3 8 -4 8 -4 8 -4 8 -4 8 -5 8 -5 8 -5 8 -5 8 -5 9 -5 9 -5 9 -5 9 0 0 -5 9 -5 9 -6 9 -5 9 -5 9 -6 10 -5 10 -5 10 -6 10 -5 10 -5 10 -5 11 -5 11 -5 11 -5 11 -5 12 -5 11 -5 12 -5 12 -5 12 -5 12 -5 12 -5 12 -5 12 -5 13 -5 13 0 0 0 0 0 0 0 0 0 0
1784740954.969060,58160,-41,11,1,7,0,-95,1,676480023,128,0 0 0 0 0 0 0 0 0 0 0 0 5 1 6 1 6 1 6 1 6 2 6 2 7 2 7 3 7 3 7 3 8 3 8 4 8 4 8 4 8 5 8 5 8 5 8 6 8 6 8 6 8 6 8 6 9 6 9 7 9 7 9 7 0 0 9 7 9 7 9 7 10 7 10 7 10 7 10 7 10 7 10 7 11 7 11 7 11 7 12 7 12 7 12 7 12 7 12 7 12 7 13 7 13 7 13 7 14 7 13 7 13 7 14 8 14 8 0 0 0 0 0 0 0 0 0 0
1784740954.984998,58161,-45,11,1,6,1,-95,1,676491252,128,0 0 0 0 0 0 0 0 0 0 0 0 -2 -5 -2 -6 -2 -6 -2 -6 -2 -6 -2 -7 -1 -7 -1 -7 -1 -7 -1 -8 -1 -8 -1 -8 -1 -9 -1 -9 -1 -9 0 -9 0 -9 0 -9 0 -10 0 -10 0 -10 0 -10 0 -10 0 -10 0 -10 0 -11 0 0 0 -11 1 -11 0 -12 0 -11 0 -11 0 -12 0 -12 0 -12 0 -12 0 -13 0 -13 -1 -13 -1 -13 -1 -13 -1 -14 0 -14 -1 -13 -1 -14 -1 -15 -1 -15 -1 -15 -1 -15 -1 -15 -1 -15 -1 -15 -1 -15 0 0 0 0 0 0 0 0 0 0
1784740954.984998,58162,-44,11,1,5,1,-95,1,676503353,128,0 0 0 0 0 0 0 0 0 0 0 0 -5 1 -6 1 -6 1 -6 1 -6 1 -7 1 -7 1 -7 1 -7 1 -8 0 -8 0 -8 0 -9 0 -9 0 -9 0 -9 -1 -9 -1 -10 0 -10 -1 -10 -1 -10 -1 -10 -1 -10 -1 -10 -1 -10 -1 -11 -1 0 0 -11 -1 -11 -1 -11 -1 -11 -1 -11 -1 -12 -1 -12 0 -12 0 -12 -1 -12 0 -12 0 -12 0 -13 0 -13 0 -13 0 -13 0 -13 0 -13 1 -14 1 -14 1 -14 1 -14 1 -14 1 -14 1 -14 1 -15 1 0 0 0 0 0 0 0 0 0 0
1784740955.001076,58163,-45,11,1,6,1,-95,1,676511967,128,0 0 0 0 0 0 0 0 0 0 0 0 -5 -2 -6 -2 -6 -3 -6 -3 -6 -4 -6 -4 -6 -4 -6 -4 -6 -4 -6 -5 -6 -5 -7 -5 -6 -5 -6 -6 -7 -6 -7 -7 -6 -7 -6 -7 -6 -7 -6 -7 -6 -7 -6 -8 -7 -7 -7 -7 -7 -8 -7 -8 0 0 -7 -8 -7 -8 -7 -8 -7 -8 -7 -8 -7 -9 -7 -9 -7 -9 -7 -9 -8 -9 -8 -9 -8 -8 -8 -9 -8 -9 -8 -9 -9 -9 -9 -9 -9 -9 -9 -10 -9 -9 -9 -10 -9 -10 -10 -9 -10 -10 -10 -10 -10 -10 0 0 0 0 0 0 0 0 0 0
1784740955.016941,58164,-45,11,1,7,1,-95,1,676519982,128,0 0 0 0 0 0 0 0 0 0 0 0 -6 2 -6 2 -6 1 -7 1 -7 1 -7 1 -7 1 -7 1 -8 1 -8 1 -8 1 -8 0 -9 0 -9 0 -9 0 -9 0 -10 0 -9 0 -10 0 -10 0 -9 0 -10 0 -9 0 -10 -1 -10 0 -10 0 0 0 -10 0 -10 0 -11 0 -10 0 -11 0 -11 0 -11 0 -11 1 -11 1 -11 1 -11 1 -12 1 -12 1 -12 1 -12 2 -13 2 -12 2 -13 2 -13 2 -13 3 -13 3 -14 3 -13 3 -14 2 -14 3 -14 3 0 0 0 0 0 0 0 0 0 0
1784740955.016941,58165,-45,11,1,7,1,-95,1,676531288,128,0 0 0 0 0 0 0 0 0 0 0 0 2 -6 3 -6 3 -6 3 -6 4 -6 4 -6 4 -6 4 -6 4 -7 5 -7 5 -7 5 -6 5 -6 6 -6 6 -6 6 -6 6 -6 6 -6 6 -6 6 -7 6 -6 6 -7 7 -7 7 -6 7 -6 7 -6 0 0 7 -7 7 -7 7 -7 7 -8 7 -7 7 -8 7 -8 7 -8 6 -8 7 -9 7 -9 7 -9 7 -9 7 -9 7 -10 6 -10 7 -10 7 -11 7 -11 7 -11 7 -11 7 -11 8 -12 8 -12 8 -12 8 -11 0 0 0 0 0 0 0 0 0 0
1784740955.034092,58166,-46,11,1,6,1,-95,1,676541162,128,0 0 0 0 0 0 0 0 0 0 0 0 -5 -5 -5 -6 -5 -6 -4 -7 -5 -7 -4 -7 -4 -7 -4 -7 -4 -8 -4 -8 -4 -8 -4 -8 -4 -8 -3 -9 -3 -9 -3 -9 -3 -9 -3 -9 -3 -9 -3 -9 -3 -9 -3 -9 -3 -9 -3 -9 -3 -9 -3 -9 0 0 -4 -9 -4 -9 -4 -9 -4 -9 -5 -9 -5 -9 -5 -10 -5 -9 -6 -10 -6 -10 -6 -10 -6 -10 -7 -10 -7 -10 -7 -10 -7 -10 -7 -10 -7 -11 -8 -11 -8 -11 -8 -11 -8 -12 -8 -11 -8 -11 -8 -12 -8 -12 0 0 0 0 0 0 0 0 0 0
1784740955.048942,58167,-43,11,1,7,0,-95,1,676552429,128,0 0 0 0 0 0 0 0 0 0 0 0 6 6 5 7 5 7 5 7 5 8 5 8 4 8 4 9 4 9 4 9 4 9 3 10 3 10 3 10 3 10 3 11 3 11 3 11 2 11 2 11 2 11 3 11 3 11 3 11 3 11 3 11 0 0 3 11 3 11 4 11 4 11 4 11 4 12 4 12 5 12 5 12 5 12 5 13 6 12 6 13 6 13 6 13 6 13 6 14 7 14 7 14 7 14 7 14 7 14 7 15 7 15 8 15 7 16 0 0 0 0 0 0 0 0 0 0
1784740955.048942,58168,-47,11,1,6,1,-95,1,676567128,128,0 0 0 0 0 0 0 0 0 0 0 0 3 -6 3 -5 4 -6 4 -5 4 -5 4 -6 4 -6 5 -6 5 -6 5 -5 6 -5 6 -5 6 -5 6 -5 6 -5 7 -5 7 -5 7 -5 7 -6 7 -5 8 -5 7 -6 8 -5 8 -5 8 -5 8 -5 0 0 8 -5 8 -6 7 -6 8 -6 8 -6 8 -6 8 -6 8 -7 8 -7 8 -7 8 -8 8 -7 8 -7 8 -7 8 -9 8 -9 9 -9 9 -9 9 -9 9 -10 9 -9 9 -10 10 -9 10 -9 10 -10 10 -10 0 0 0 0 0 0 0 0 0 0
1784740955.064908,58169,-46,11,1,6,1,-95,1,676571484,128,0 0 0 0 0 0 0 0 0 0 0 0 5 -3 5 -3 5 -3 5 -2 5 -3 6 -3 6 -2 6 -2 7 -2 7 -2 7 -2 7 -2 8 -2 8 -2 8 -2 8 -1 8 -1 9 -1 8 -1 9 -1 9 -1 9 0 9 -1 9 -1 9 -1 9 -1 0 0 9 -1 10 -1 10 -1 10 -1 9 -1 10 -1 10 -1 10 -1 10 -1 11 -2 11 -2 11 -2 11 -2 11 -3 11 -2 12 -2 11 -3 12 -3 12 -3 12 -3 12 -3 13 -3 13 -3 13 -3 13 -3 13 -3 0 0 0 0 0 0 0 0 0 0
1784740955.064908,58170,-45,11,1,6,1,-95,1,676581373,128,0 0 0 0 0 0 0 0 0 0 0 0 -7 1 -7 0 -7 0 -7 0 -8 0 -8 -1 -8 -1 -8 -1 -9 -1 -9 -2 -9 -2 -10 -3 -9 -3 -9 -3 -10 -3 -10 -3 -10 -3 -10 -3 -10 -4 -10 -4 -10 -4 -10 -4 -11 -4 -10 -4 -10 -5 -11 -5 0 0 -11 -4 -11 -4 -11 -4 -11 -4 -11 -4 -11 -4 -12 -4 -12 -3 -11 -3 -12 -4 -12 -4 -12 -4 -12 -3 -12 -3 -13 -3 -13 -3 -13 -3 -13 -3 -14 -2 -14 -2 -14 -2 -14 -2 -15 -3 -14 -3 -14 -3 -15 -3 0 0 0 0 0 0 0 0 0 0
1784740955.084210,58171,-44,11,1,7,1,-95,1,676590050,128,0 0 0 0 0 0 0 0 0 0 0 0 -6 2 -6 2 -7 2 -7 1 -7 1 -8 1 -8 1 -8 1 -9 1 -9 1 -9 0 -9 0 -10 0 -10 0 -10 0 -10 -1 -10 -1 -10 -1 -11 -1 -11 -1 -11 -1 -11 -1 -11 -1 -11 -2 -11 -2 -11 -2 0 0 -11 -2 -12 -1 -12 -2 -12 -1 -11 -1 -12 -1 -12 -1 -12 -1 -12 0 -13 0 -12 0 -12 0 -12 0 -13 0 -13 1 -13 0 -13 0 -13 0 -13 1 -13 1 -13 1 -14 1 -14 1 -14 1 -14 1 -14 1 0 0 0 0 0 0 0 0 0 0
1784740955.096785,58172,-44,11,1,6,1,-95,1,676601627,128,0 0 0 0 0 0 0 0 0 0 0 0 3 -6 3 -5 3 -5 4 -5 4 -5 4 -6 4 -5 5 -6 5 -6 5 -6 5 -6 6 -6 6 -6 6 -6 7 -6 7 -6 7 -6 7 -6 8 -6 8 -6 8 -6 8 -6 8 -6 8 -6 8 -6 9 -6 0 0 9 -6 9 -6 9 -6 9 -6 9 -6 9 -6 9 -7 9 -7 9 -7 9 -7 9 -7 9 -8 9 -8 9 -8 9 -8 10 -8 9 -8 10 -9 10 -9 10 -9 10 -9 10 -9 10 -9 10 -9 10 -10 11 -10 0 0 0 0 0 0 0 0 0 0
1784740955.096785,58173,-44,11,1,6,1,-95,1,676611728,128,0 0 0 0 0 0 0 0 0 0 0 0 4 4 4 4 3 4 4 5 3 5 3 5 4 5 4 6 3 6 3 6 3 7 3 7 3 7 3 7 3 7 3 8 3 8 3 8 3 8 3 9 3 9 3 9 3 9 3 9 3 9 3 9 0 0 3 9 3 10 3 10 4 10 4 10 4 10 4 10 4 10 4 10 5 11 5 10 5 10 5 10 5 10 6 10 6 10 6 11 6 11 6 11 7 11 7 11 7 11 7 11 7 12 7 12 7 12 0 0 0 0 0 0 0 0 0 0
1784740955.112879,58174,-44,11,1,6,1,-95,1,676621810,128,0 0 0 0 0 0 0 0 0 0 0 0 5 -3 6 -3 6 -3 6 -2 6 -2 7 -2 7 -2 7 -2 7 -2 7 -1 8 -1 8 -1 8 -1 8 -1 9 -1 9 0 9 0 9 0 9 0 9 0 10 0 9 0 10 0 10 1 9 1 10 0 0 0 10 1 10 1 11 1 10 1 11 0 11 1 11 1 11 0 11 1 11 0 11 0 12 0 12 0 12 0 12 0 13 0 12 0 13 -1 13 -1 13 0 13 0 13 -1 13 -1 14 0 14 0 14 0 0 0 0 0 0 0 0 0 0 0
1784740955.131757,58175,-43,11,1,5,1,-95,1,676634282,128,0 0 0 0 0 0 0 0 0 0 0 0 -4 -6 -3 -7 -3 -7 -3 -8 -2 -8 -3 -8 -2 -8 -2 -9 -2 -9 -2 -9 -2 -9 -2 -9 -2 -9 -2 -10 -1 -10 -1 -10 -1 -10 -1 -10 -1 -11 0 -11 0 -11 0 -11 -1 -11 -1 -11 -1 -11 -1 -11 0 0 -1 -11 0 -11 0 -11 0 -11 -1 -12 -1 -11 -1 -11 -1 -12 -1 -12 -2 -12 -2 -12 -3 -12 -2 -12 -2 -13 -2 -13 -2 -13 -2 -13 -3 -13 -3 -14 -3 -14 -3 -14 -3 -14 -4 -14 -3 -14 -4 -14 -4 -15 0 0 0 0 0 0 0 0 0 0
1784740955.134350,58176,-45,11,1,6,1,-95,1,676641369,128,0 0 0 0 0 0 0 0 0 0 0 0 5 -5 5 -5 6 -5 5 -5 6 -5 6 -4 6 -4 7 -4 7 -4 7 -4 8 -4 8 -4 8 -3 8 -4 8 -3 9 -3 9 -3 9 -4 9 -3 9 -3 9 -3 9 -3 10 -3 9 -3 10 -3 10 -3 0 0 10 -3 10 -3 10 -3 10 -4 10 -4 10 -4 10 -3 11 -4 10 -4 11 -5 11 -4 10 -4 10 -5 11 -5 11 -6 11 -6 11 -6 11 -6 11 -6 11 -6 12 -6 12 -6 12 -6 12 -6 12 -6 12 -6 0 0 0 0 0 0 0 0 0 0
1784740955.160986,58177,-40,11,1,4,0,-95,1,676669846,128,0 0 0 0 0 0 0 0 0 0 0 0 3 2 3 2 3 2 2 2 3 2 3 3 3 3 3 3 3 3 2 3 2 4 2 4 3 4 3 4 3 4 2 4 2 4 2 4 2 4 3 4 2 4 2 4 3 5 3 5 3 5 3 4 0 0 3 4 3 5 3 5 3 5 3 5 3 4 3 5 3 4 4 5 3 4 3 5 4 5 4 5 4 5 4 5 4 5 4 5 4 4 5 5 4 5 5 5 5 5 5 5 5 5 5 5 5 5 0 0 0 0 0 0 0 0 0 0
1784740955.196902,58178,-41,11,1,7,0,-95,1,676670129,128,0 0 0 0 0 0 0 0 0 0 0 0 3 1 2 2 2 2 2 2 2 2 2 2 2 2 2 3 2 3 2 3 2 3 2 3 2 3 2 3 2 3 2 4 2 4 2 4 2 4 2 3 2 4 2 4 2 4 2 4 2 4 2 4 0 0 2 4 2 4 2 4 2 4 2 4 3 4 3 4 3 4 3 4 3 4 3 4 3 4 3 4 3 4 3 4 4 4 4 4 4 4 4 4 4 4 4 4 4 4 4 4 4 4 4 4 4 5 0 0 0 0 0 0 0 0 0 0
1784740955.196902,58179,-44,11,1,6,1,-95,1,676702414,128,0 0 0 0 0 0 0 0 0 0 0 0 1 -8 1 -8 2 -8 3 -9 3 -8 3 -9 4 -8 4 -9 5 -9 4 -9 5 -9 5 -9 6 -9 6 -9 6 -9 6 -8 7 -9 6 -8 7 -8 7 -8 7 -8 7 -8 6 -9 6 -8 6 -8 7 -9 0 0 6 -9 6 -9 7 -9 6 -9 6 -9 6 -10 6 -10 6 -10 6 -10 5 -11 5 -11 5 -11 5 -11 5 -12 5 -11 6 -12 5 -12 5 -12 5 -13 5 -13 5 -13 5 -13 5 -13 5 -13 5 -13 5 -14 0 0 0 0 0 0 0 0 0 0
1784740955.196902,58180,-44,11,1,7,1,-95,1,676709995,128,0 0 0 0 0 0 0 0 0 0 0 0 1 -9 1 -8 2 -9 3 -9 3 -9 3 -9 4 -9 4 -9 4 -9 5 -9 5 -9 5 -9 6 -9 6 -9 6 -9 6 -9 6 -9 7 -9 7 -8 7 -9 7 -8 6 -8 7 -9 7 -8 7 -8 7 -9 0 0 6 -9 6 -9 6 -9 6 -10 6 -10 6 -10 6 -10 6 -10 6 -10 6 -11 6 -11 5 -11 5 -11 5 -11 5 -12 5 -12 6 -12 6 -13 5 -13 5 -13 6 -13 5 -13 6 -13 6 -13 6 -13 5 -13 0 0 0 0 0 0 0 0 0 0
1784740955.209435,58181,-45,11,1,6,1,-95,1,676720045,128,0 0 0 0 0 0 0 0 0 0 0 0 4 6 4 7 3 8 3 8 2 8 2 8 2 8 2 9 1 9 2 9 2 9 1 10 1 10 1 10 0 11 0 10 0 11 0 10 0 11 0 10 0 11 0 10 0 10 0 10 0 11 0 11 0 0 0 11 0 11 0 11 1 11 1 11 1 11 1 12 1 11 1 12 2 12 2 12 2 12 2 12 2 13 2 12 2 13 3 12 3 13 3 13 2 13 3 13 3 14 3 13 3 13 3 13 3 13 0 0 0 0 0 0 0 0 0 0
1784740955.225228,58182,-45,11,1,6,1,-95,1,676729990,128,0 0 0 0 0 0 0 0 0 0 0 0 4 6 4 6 4 7 3 7 3 8 3 7 3 8 3 8 3 8 2 9 2 9 2 9 1 9 1 10 1 9 1 10 1 10 0 10 1 10 1 10 1 10 1 10 1 10 0 10 0 10 1 10 0 0 1 10 1 11 1 10 1 11 2 10 2 10 2 10 2 11 2 11 3 11 3 11 3 11 3 11 3 11 3 11 3 11 4 12 4 11 4 12 4 12 5 11 5 12 4 12 4 12 4 12 5 12 0 0 0 0 0 0 0 0 0 0
1784740955.241475,58183,-44,11,1,6,1,-95,1,676744556,128,0 0 0 0 0 0 0 0 0 0 0 0 -8 -4 -8 -4 -8 -5 -8 -6 -8 -6 -8 -6 -8 -6 -8 -7 -8 -7 -8 -7 -7 -8 -7 -8 -7 -8 -7 -8 -7 -9 -7 -9 -7 -9 -7 -10 -7 -9 -6 -9 -7 -10 -6 -10 -7 -9 -6 -9 -6 -9 -7 -10 0 0 -6 -10 -7 -9 -7 -9 -7 -9 -7 -9 -7 -9 -7 -9 -8 -9 -8 -9 -8 -8 -8 -9 -8 -8 -9 -8 -9 -8 -9 -8 -9 -9 -9 -8 -10 -8 -10 -8 -10 -8 -10 -8 -10 -8 -11 -8 -11 -8 -11 -8 -11 -8 0 0 0 0 0 0 0 0 0 0
1784740955.241475,58184,-44,11,1,6,1,-95,1,676749986,128,0 0 0 0 0 0 0 0 0 0 0 0 -6 6 -7 6 -7 5 -8 5 -8 5 -8 5 -9 5 -9 5 -9 4 -10 4 -10 4 -10 4 -11 4 -11 3 -11 3 -11 3 -11 3 -11 3 -11 2 -11 2 -11 2 -11 2 -11 2 -11 2 -11 2 -11 3 0 0 -11 2 -11 2 -11 2 -11 3 -11 3 -11 3 -11 3 -11 3 -11 4 -11 4 -11 4 -11 5 -11 5 -11 5 -11 5 -11 5 -11 5 -11 6 -11 6 -11 6 -11 6 -12 6 -11 6 -11 7 -11 7 -12 7 0 0 0 0 0 0 0 0 0 0
1784740955.257417,58185,-44,11,1,6,1,-95,1,676760081,128,0 0 0 0 0 0 0 0 0 0 0 0 3 7 2 7 2 8 1 8 2 8 1 8 2 8 1 9 1 9 0 9 0 9 0 10 -1 10 -1 10 0 10 -1 10 -1 10 -1 10 -1 10 -1 10 -1 10 -1 10 -1 10 -2 10 -1 10 -1 10 0 0 -1 10 -1 10 -1 9 0 11 0 10 0 10 1 10 1 10 1 10 1 11 1 11 1 10 1 11 2 10 2 11 2 11 2 12 3 11 3 11 4 11 4 11 4 12 4 12 3 11 3 12 3 11 0 0 0 0 0 0 0 0 0 0
1784740955.257417,58186,-44,11,1,6,1,-95,1,676770068,128,0 0 0 0 0 0 0 0 0 0 0 0 -6 -6 -6 -7 -6 -7 -6 -8 -5 -8 -6 -8 -5 -8 -5 -9 -5 -9 -5 -9 -5 -9 -5 -10 -5 -10 -4 -10 -5 -10 -4 -10 -4 -11 -4 -10 -4 -11 -4 -11 -4 -11 -4 -11 -4 -10 -4 -11 -3 -10 -4 -11 0 0 -4 -11 -4 -10 -4 -11 -5 -11 -5 -10 -5 -11 -6 -10 -6 -11 -6 -11 -6 -11 -6 -11 -6 -11 -6 -11 -7 -11 -7 -11 -7 -11 -7 -11 -8 -11 -8 -11 -8 -11 -8 -11 -8 -11 -8 -11 -8 -11 -8 -11 -8 -11 0 0 0 0 0 0 0 0 0 0
1784740955.277166,58187,-44,11,1,6,1,-95,1,676781827,128,0 0 0 0 0 0 0 0 0 0 0 0 2 7 2 8 1 8 1 8 1 8 0 9 0 9 0 9 0 9 -1 9 -1 9 -1 10 -2 10 -2 10 -1 10 -2 10 -2 10 -2 10 -2 10 -2 10 -2 10 -2 10 -2 10 -3 10 -2 10 -2 10 0 0 -2 11 -2 10 -2 10 -2 11 -2 11 -1 11 -1 11 -1 11 -1 11 -1 11 -1 12 -1 12 -1 11 0 11 0 12 0 12 0 12 0 12 0 12 1 12 1 12 1 13 1 12 0 12 0 13 1 13 0 0 0 0 0 0 0 0 0 0
1784740955.293643,58188,-42,11,1,6,0,-95,1,676796922,128,0 0 0 0 0 0 0 0 0 0 0 0 -6 -8 -6 -9 -6 -9 -5 -10 -5 -10 -5 -10 -5 -10 -5 -11 -4 -11 -4 -12 -4 -12 -4 -12 -4 -12 -4 -13 -3 -13 -3 -13 -2 -13 -3 -13 -2 -13 -3 -13 -3 -13 -2 -13 -3 -13 -3 -13 -3 -13 -3 -13 0 0 -3 -13 -3 -13 -3 -14 -3 -14 -4 -13 -4 -14 -4 -14 -4 -14 -4 -14 -5 -14 -5 -14 -5 -14 -5 -14 -5 -14 -6 -15 -6 -14 -6 -15 -6 -14 -6 -15 -6 -15 -7 -15 -6 -15 -7 -15 -7 -15 -7 -15 -6 -15 0 0 0 0 0 0 0 0 0 0
1784740955.293643,58189,-45,11,1,6,1,-95,1,676800054,128,0 0 0 0 0 0 0 0 0 0 0 0 3 6 3 7 2 7 2 7 2 7 2 8 2 8 2 8 2 8 2 8 1 8 1 9 1 9 1 9 1 10 0 9 0 10 0 9 0 10 0 10 0 10 0 10 0 10 0 9 0 10 0 10 0 0 0 10 0 10 0 10 1 10 1 10 1 10 1 10 1 11 1 11 2 11 2 11 2 11 2 11 2 12 2 11 2 12 2 11 3 12 3 12 3 12 3 12 3 12 3 12 3 12 3 12 3 12 0 0 0 0 0 0 0 0 0 0
1784740955.305241,58190,-46,11,1,6,1,-95,1,676809963,128,0 0 0 0 0 0 0 0 0 0 0 0 6 3 6 3 6 4 6 4 6 5 6 5 6 5 6 6 6 6 6 6 6 6 6 7 6 7 6 7 6 8 5 8 5 8 5 8 5 8 5 8 5 8 5 8 5 8 5 8 5 8 5 8 0 0 6 8 6 9 6 8 6 8 6 8 6 9 6 8 7 8 7 9 7 9 7 8 8 8 8 9 8 9 8 9 8 9 8 9 9 9 9 9 9 9 9 9 9 9 9 9 9 9 10 9 10 9 0 0 0 0 0 0 0 0 0 0
1784740955.305241,58191,-45,11,1,6,1,-95,1,676820086,128,0 0 0 0 0 0 0 0 0 0 0 0 -7 -5 -6 -6 -6 -6 -6 -6 -6 -7 -6 -7 -6 -8 -6 -8 -6 -8 -6 -8 -5 -8 -5 -9 -5 -9 -5 -9 -5 -9 -5 -10 -5 -10 -5 -10 -5 -10 -5 -10 -5 -10 -5 -10 -5 -10 -5 -10 -5 -10 -5 -10 0 0 -5 -10 -6 -10 -6 -10 -6 -10 -6 -10 -6 -10 -6 -10 -7 -10 -7 -10 -8 -11 -7 -10 -8 -10 -8 -10 -8 -10 -9 -11 -9 -10 -9 -11 -9 -11 -9 -11 -9 -11 -9 -11 -9 -11 -10 -11 -9 -11 -10 -11 -10 -11 0 0 0 0 0 0 0 0 0 0
1784740955.321301,58192,-44,11,1,5,1,-95,1,676834397,128,0 0 0 0 0 0 0 0 0 0 0 0 1 -8 1 -8 2 -8 2 -8 3 -8 3 -8 3 -8 3 -8 4 -8 4 -8 5 -8 5 -8 5 -8 5 -8 5 -8 6 -8 5 -8 6 -8 6 -8 6 -8 6 -9 6 -9 6 -8 6 -8 6 -8 6 -9 0 0 6 -9 5 -9 5 -9 6 -10 5 -9 5 -10 5 -10 5 -11 5 -11 6 -11 6 -11 5 -11 5 -11 5 -11 5 -12 5 -12 5 -12 5 -12 4 -12 4 -13 4 -13 4 -13 5 -13 5 -12 5 -12 5 -13 0 0 0 0 0 0 0 0 0 0
1784740955.337134,58193,-44,11,1,6,1,-95,1,676840097,128,0 0 0 0 0 0 0 0 0 0 0 0 -4 -7 -4 -7 -4 -7 -4 -8 -3 -8 -3 -8 -3 -8 -3 -9 -3 -9 -3 -9 -3 -9 -3 -10 -2 -10 -2 -10 -2 -10 -2 -10 -2 -11 -1 -11 -2 -11 -2 -11 -2 -11 -2 -11 -2 -11 -1 -11 -1 -11 -2 -11 0 0 -2 -11 -2 -11 -2 -11 -2 -12 -2 -11 -2 -12 -3 -11 -3 -12 -3 -12 -3 -12 -3 -12 -3 -12 -3 -12 -3 -12 -4 -13 -4 -13 -4 -13 -4 -13 -4 -13 -4 -13 -4 -13 -5 -13 -4 -13 -4 -13 -4 -14 -4 -14 0 0 0 0 0 0 0 0 0 0
1784740955.337134,58194,-44,11,1,6,1,-95,1,676850040,128,0 0 0 0 0 0 0 0 0 0 0 0 3 -6 4 -6 4 -6 5 -6 5 -6 5 -6 5 -6 6 -6 6 -6 6 -6 7 -6 7 -6 7 -6 7 -6 8 -6 8 -6 8 -6 8 -6 8 -6 8 -6 8 -6 8 -6 8 -6 9 -6 8 -5 9 -6 0 0 9 -6 8 -6 9 -6 8 -6 8 -7 9 -7 8 -7 8 -8 8 -7 8 -8 9 -8 8 -8 9 -8 9 -8 8 -9 9 -9 9 -9 9 -10 9 -10 9 -10 9 -10 9 -10 9 -10 9 -10 9 -10 9 -10 0 0 0 0 0 0 0 0 0 0
1784740955.353008,58195,-45,11,1,6,1,-95,1,676860018,128,0 0 0 0 0 0 0 0 0 0 0 0 7 1 7 1 7 2 7 2 7 2 7 3 7 3 8 4 8 4 8 4 7 4 8 4 8 5 8 5 8 6 7 6 8 6 7 6 8 6 7 6 7 6 7 6 8 6 7 6 8 6 8 6 0 0 8 7 8 6 8 7 8 6 8 6 9 6 9 6 9 6 9 6 9 5 10 5 10 5 10 5 11 6 10 5 11 6 11 5 11 5 11 6 12 6 12 5 12 6 12 5 12 5 12 6 13 6 0 0 0 0 0 0 0 0 0 0
1784740955.353008,58196,-45,11,1,6,1,-95,1,676869997,128,0 0 0 0 0 0 0 0 0 0 0 0 0 7 0 7 -1 7 -1 7 -1 7 -1 8 -2 8 -2 8 -2 8 -2 8 -3 9 -3 9 -3 9 -4 9 -4 9 -4 9 -4 9 -4 9 -5 9 -4 9 -4 9 -4 9 -4 9 -5 9 -5 9 -4 9 0 0 -4 9 -4 9 -4 9 -4 9 -3 10 -3 10 -3 10 -3 10 -3 11 -3 11 -3 11 -3 11 -3 11 -3 12 -2 12 -3 12 -2 12 -2 12 -2 12 -2 13 -2 13 -2 13 -2 13 -2 13 -2 13 -3 14 0 0 0 0 0 0 0 0 0 0
1784740955.369068,58197,-45,11,1,6,1,-95,1,676879995,128,0 0 0 0 0 0 0 0 0 0 0 0 2 -7 2 -8 3 -8 3 -8 3 -7 4 -8 4 -8 4 -8 4 -8 5 -8 6 -8 6 -8 6 -7 6 -8 6 -8 7 -8 7 -8 7 -7 7 -8 7 -7 7 -8 7 -7 7 -8 7 -7 7 -7 7 -7 0 0 7 -8 7 -8 6 -8 7 -8 7 -9 7 -9 6 -9 7 -9 6 -9 7 -10 7 -10 7 -10 7 -10 7 -10 6 -11 6 -11 7 -11 7 -12 7 -12 7 -12 6 -12 6 -12 7 -12 7 -12 7 -12 7 -12 0 0 0 0 0 0 0 0 0 0
1784740955.385274,58198,-45,11,1,6,1,-95,1,676889979,128,0 0 0 0 0 0 0 0 0 0 0 0 -5 -5 -6 -6 -5 -6 -5 -7 -5 -7 -5 -7 -5 -7 -5 -8 -5 -8 -5 -8 -5 -8 -5 -9 -5 -9 -4 -9 -4 -10 -4 -10 -4 -10 -4 -10 -4 -10 -3 -10 -3 -10 -3 -10 -4 -10 -4 -10 -4 -10 -3 -10 0 0 -4 -10 -3 -10 -4 -11 -4 -10 -4 -10 -5 -11 -4 -11 -5 -10 -5 -11 -5 -11 -6 -11 -6 -11 -6 -11 -6 -11 -6 -11 -6 -12 -6 -11 -6 -12 -7 -12 -7 -12 -7 -12 -7 -12 -7 -12 -7 -12 -7 -12 -7 -12 0 0 0 0 0 0 0 0 0 0
1784740955.512084,58199,-41,11,1,7,0,-95,1,677010460,128,0 0 0 0 0 0 0 0 0 0 0 0 3 -8 3 -8 4 -8 4 -8 5 -8 5 -8 6 -8 5 -8 6 -8 6 -8 7 -8 7 -8 8 -8 8 -8 8 -8 8 -8 9 -7 9 -7 9 -7 9 -7 9 -7 9 -7 9 -7 9 -7 9 -7 9 -7 0 0 8 -8 8 -8 9 -8 8 -8 8 -9 8 -9 8 -9 8 -9 8 -10 8 -10 8 -10 8 -10 9 -10 8 -11 8 -11 8 -11 9 -12 9 -12 8 -12 9 -12 9 -12 9 -12 9 -13 9 -12 9 -12 9 -13 0 0 0 0 0 0 0 0 0 0
1784740955.512084,58200,-45,11,1,6,1,-95,1,677012129,128,0 0 0 0 0 0 0 0 0 0 0 0 2 7 2 7 2 7 1 8 1 8 1 8 1 8 1 9 0 9 0 9 0 9 0 9 0 10 -1 10 -1 10 -2 10 -1 10 -2 10 -2 10 -2 10 -2 10 -2 10 -2 10 -2 10 -2 10 -2 10 0 0 -1 10 -1 10 -1 10 0 10 0 10 0 11 0 10 0 11 0 11 1 11 1 11 1 12 1 12 1 12 1 12 1 12 2 12 2 12 2 13 2 13 2 13 2 13 2 13 2 13 3 13 3 13 0 0 0 0 0 0 0 0 0 0
1784740955.512084,58201,-44,11,1,6,1,-95,1,677013702,128,0 0 0 0 0 0 0 0 0 0 0 0 -7 3 -7 3 -8 3 -8 2 -9 2 -8 2 -9 2 -9 1 -9 2 -10 1 -10 1 -10 0 -11 0 -11 0 -11 0 -11 0 -11 0 -11 -1 -11 -1 -11 -1 -11 -1 -11 -1 -11 -1 -11 -1 -11 -1 -11 -1 0 0 -11 0 -11 0 -11 0 -12 1 -11 0 -11 1 -11 1 -12 1 -12 1 -13 2 -12 2 -12 2 -12 2 -12 2 -13 3 -13 3 -14 2 -13 3 -13 3 -13 3 -14 3 -14 3 -14 3 -14 3 -14 3 -14 3 0 0 0 0 0 0 0 0 0 0
1784740955.512084,58202,-44,11,1,6,1,-95,1,677015224,128,0 0 0 0 0 0 0 0 0 0 0 0 -1 -8 -1 -8 0 -8 0 -9 0 -9 0 -9 1 -9 1 -10 2 -9 1 -10 2 -10 2 -10 2 -10 3 -10 3 -11 4 -10 4 -10 4 -10 4 -10 4 -10 4 -10 4 -10 4 -10 4 -10 4 -10 4 -10 0 0 4 -10 4 -10 4 -10 3 -10 3 -11 3 -11 3 -11 3 -11 3 -12 2 -12 2 -12 2 -12 2 -12 2 -13 2 -13 2 -13 2 -13 2 -13 2 -14 2 -14 2 -14 2 -14 2 -14 2 -14 2 -14 2 -15 0 0 0 0 0 0 0 0 0 0
1784740955.512084,58203,-44,11,1,7,1,-95,1,677020043,128,0 0 0 0 0 0 0 0 0 0 0 0 -1 7 -2 7 -2 7 -3 7 -3 8 -3 8 -4 8 -4 8 -4 8 -5 8 -5 8 -5 8 -6 8 -6 8 -6 8 -6 8 -6 8 -6 8 -7 8 -7 8 -7 8 -7 8 -7 8 -6 8 -7 8 -7 8 0 0 -6 8 -6 8 -6 8 -6 9 -6 9 -6 9 -5 9 -5 9 -5 9 -5 10 -5 10 -5 10 -5 10 -5 11 -5 11 -5 11 -5 12 -5 12 -5 12 -4 12 -5 12 -4 12 -4 12 -5 12 -4 13 -5 13 0 0 0 0 0 0 0 0 0 0
1784740955.512084,58204,-44,11,1,7,1,-95,1,677029934,128,0 0 0 0 0 0 0 0 0 0 0 0 -8 -3 -7 -4 -7 -5 -7 -5 -7 -5 -7 -6 -7 -6 -8 -6 -7 -7 -7 -7 -7 -7 -7 -7 -7 -8 -7 -8 -7 -9 -6 -9 -7 -9 -7 -9 -7 -9 -6 -9 -6 -9 -6 -9 -6 -9 -6 -9 -6 -9 -7 -9 0 0 -7 -8 -7 -9 -7 -9 -7 -8 -7 -8 -8 -8 -8 -8 -8 -8 -8 -8 -9 -8 -9 -9 -9 -8 -10 -9 -10 -9 -9 -8 -10 -9 -10 -9 -11 -9 -11 -9 -11 -9 -11 -9 -11 -9 -11 -9 -11 -9 -11 -9 -12 -9 0 0 0 0 0 0 0 0 0 0
1784740955.535372,58205,-42,11,1,7,0,-95,1,677039886,128,0 0 0 0 0 0 0 0 0 0 0 0 8 3 8 3 8 4 8 5 8 5 8 5 8 6 8 6 8 6 8 6 8 7 8 8 8 8 8 8 8 8 8 9 8 9 7 9 8 9 7 9 7 9 7 9 7 9 7 9 7 9 8 9 0 0 8 8 8 8 9 9 8 8 9 8 10 8 10 8 10 8 10 8 10 7 11 8 11 8 11 8 12 8 12 7 12 8 12 7 13 8 13 8 13 7 14 7 13 8 13 7 13 7 14 7 13 7 0 0 0 0 0 0 0 0 0 0
1784740955.544101,58206,-42,11,1,7,0,-95,1,677050250,128,0 0 0 0 0 0 0 0 0 0 0 0 7 3 7 4 7 5 7 5 7 5 7 6 7 6 7 7 7 7 7 7 7 8 7 8 7 8 7 8 7 9 7 9 7 9 7 9 7 9 7 9 7 9 7 9 7 9 7 9 7 9 7 9 0 0 7 9 8 9 8 9 8 9 9 8 9 9 9 8 10 8 10 8 10 8 11 8 11 8 11 8 11 8 12 8 12 8 12 8 12 8 12 8 13 8 13 8 13 8 13 8 13 8 14 8 13 8 0 0 0 0 0 0 0 0 0 0
1784740955.560167,58207,-45,11,1,6,1,-95,1,677063026,128,0 0 0 0 0 0 0 0 0 0 0 0 7 0 7 1 7 1 7 2 7 2 7 2 7 2 8 3 8 3 8 3 8 3 8 4 8 4 8 4 8 5 7 5 8 5 8 5 8 5 7 5 8 5 8 5 8 5 8 5 8 5 8 5 0 0 8 5 8 4 8 5 9 4 9 4 9 4 9 4 10 3 10 4 10 3 10 4 11 3 11 3 12 3 11 3 12 4 11 4 12 3 12 3 12 3 13 3 13 3 13 3 13 3 13 3 14 3 0 0 0 0 0 0 0 0 0 0
1784740955.560167,58208,-45,11,1,6,1,-95,1,677071409,128,0 0 0 0 0 0 0 0 0 0 0 0 4 -5 5 -4 5 -4 5 -4 6 -4 6 -4 6 -4 7 -4 7 -4 7 -4 7 -4 8 -4 8 -4 8 -3 8 -3 8 -3 9 -3 9 -3 9 -3 9 -3 9 -3 9 -2 9 -3 9 -3 9 -3 9 -3 0 0 9 -3 9 -3 9 -3 9 -4 9 -4 9 -4 10 -4 10 -5 10 -5 10 -5 10 -5 10 -5 10 -5 11 -6 11 -6 11 -6 11 -6 11 -6 11 -6 12 -6 12 -7 12 -6 12 -7 12 -7 12 -7 12 -7 0 0 0 0 0 0 0 0 0 0
1784740955.575948,58209,-45,11,1,6,1,-95,1,677081381,128,0 0 0 0 0 0 0 0 0 0 0 0 1 -7 1 -7 2 -8 2 -7 2 -8 3 -8 3 -8 3 -8 3 -8 4 -9 4 -9 5 -9 5 -9 5 -8 5 -9 6 -9 6 -8 7 -8 6 -8 6 -8 6 -8 6 -8 6 -9 6 -8 6 -8 6 -8 0 0 6 -9 6 -9 6 -9 6 -9 6 -9 6 -10 6 -10 6 -10 6 -10 6 -11 6 -11 6 -11 6 -11 6 -11 6 -12 6 -12 6 -12 6 -12 6 -13 6 -13 6 -13 6 -13 6 -13 6 -13 6 -13 6 -13 0 0 0 0 0 0 0 0 0 0
1784740955.575948,58210,-44,11,1,6,1,-95,1,677091490,128,0 0 0 0 0 0 0 0 0 0 0 0 -6 3 -7 2 -7 2 -8 2 -8 2 -8 2 -8 2 -9 1 -9 1 -10 1 -10 1 -10 0 -10 0 -10 0 -10 0 -10 0 -11 -1 -11 -1 -11 -1 -11 -1 -11 -1 -11 -1 -11 -1 -11 -1 -11 -1 -11 -1 0 0 -11 -1 -11 0 -11 -1 -12 0 -11 0 -12 0 -12 0 -12 0 -12 0 -13 1 -13 1 -12 1 -12 1 -13 1 -13 2 -13 2 -14 1 -14 1 -13 2 -14 2 -14 2 -14 2 -14 2 -14 1 -14 1 -14 2 0 0 0 0 0 0 0 0 0 0
1784740955.591980,58211,-44,11,1,7,1,-95,1,677100080,128,0 0 0 0 0 0 0 0 0 0 0 0 -6 -5 -6 -5 -6 -6 -6 -6 -6 -6 -6 -6 -6 -7 -6 -7 -6 -8 -6 -8 -5 -9 -5 -9 -5 -9 -5 -9 -5 -9 -5 -10 -5 -10 -5 -10 -4 -10 -5 -10 -4 -10 -5 -10 -5 -11 -4 -10 -4 -10 -4 -10 0 0 -4 -10 -5 -10 -5 -10 -6 -11 -6 -10 -6 -11 -6 -10 -6 -11 -6 -10 -7 -11 -7 -11 -7 -11 -7 -11 -7 -11 -8 -11 -8 -11 -8 -12 -8 -11 -8 -12 -9 -11 -8 -12 -9 -11 -9 -12 -8 -12 -9 -12 -9 -11 0 0 0 0 0 0 0 0 0 0
1784740955.607811,58212,-44,11,1,6,1,-95,1,677113830,128,0 0 0 0 0 0 0 0 0 0 0 0 -7 -2 -8 -2 -8 -2 -8 -3 -7 -3 -8 -4 -8 -4 -9 -4 -8 -5 -8 -5 -9 -5 -9 -5 -9 -6 -9 -6 -9 -7 -8 -7 -9 -8 -8 -7 -8 -8 -8 -8 -8 -8 -8 -8 -8 -7 -8 -8 -8 -8 -8 -8 0 0 -8 -8 -8 -8 -9 -8 -8 -7 -9 -8 -9 -8 -9 -8 -9 -7 -9 -8 -10 -7 -10 -7 -10 -7 -11 -7 -11 -8 -10 -7 -11 -8 -11 -7 -11 -8 -11 -8 -11 -7 -12 -7 -12 -8 -11 -7 -12 -7 -12 -7 -13 -7 0 0 0 0 0 0 0 0 0 0
1784740955.607811,58213,-44,11,1,7,1,-95,1,677120025,128,0 0 0 0 0 0 0 0 0 0 0 0 2 6 2 7 1 7 1 7 1 8 1 8 0 8 0 8 0 9 0 9 -1 9 -1 9 -1 9 -1 10 -2 10 -2 10 -2 10 -2 10 -3 10 -3 10 -2 10 -3 10 -2 10 -3 10 -3 10 -2 10 0 0 -2 10 -2 10 -2 10 -2 10 -2 10 -2 10 -1 10 -1 11 -1 11 0 11 0 11 0 11 0 11 0 12 0 12 0 12 0 12 0 12 0 13 1 13 1 13 1 13 1 13 1 13 1 13 1 13 0 0 0 0 0 0 0 0 0 0
1784740955.623981,58214,-44,11,1,7,1,-95,1,677130006,128,0 0 0 0 0 0 0 0 0 0 0 0 -6 4 -6 4 -7 4 -7 3 -8 4 -8 3 -8 4 -8 3 -9 4 -9 3 -10 2 -10 2 -10 2 -10 2 -10 2 -11 2 -10 2 -11 2 -11 2 -11 2 -11 1 -11 2 -11 2 -11 1 -11 1 -11 1 0 0 -10 2 -11 2 -10 2 -11 3 -10 3 -11 3 -10 3 -11 3 -10 4 -12 4 -11 5 -11 4 -11 4 -11 5 -11 6 -11 6 -12 6 -12 6 -12 6 -12 7 -12 6 -12 7 -12 7 -12 6 -12 6 -12 7 0 0 0 0 0 0 0 0 0 0
1784740955.640150,58215,-44,11,1,6,1,-95,1,677141532,128,0 0 0 0 0 0 0 0 0 0 0 0 7 0 7 1 7 1 7 2 8 2 8 2 8 3 8 3 8 3 8 4 8 4 8 5 8 5 8 5 8 5 8 6 8 6 8 6 8 6 8 6 8 6 8 6 8 6 7 6 7 6 8 6 0 0 8 6 8 5 8 5 9 5 8 5 9 5 9 5 9 5 9 5 10 5 10 5 10 5 10 5 10 4 11 4 11 4 12 4 12 4 12 4 12 4 12 4 12 4 13 5 12 4 12 5 12 4 0 0 0 0 0 0 0 0 0 0
1784740955.658126,58216,-43,11,1,5,1,-95,1,677162175,128,0 0 0 0 0 0 0 0 0 0 0 0 7 -2 7 -2 8 -1 8 -1 8 -1 8 -1 9 -1 9 0 9 0 9 1 9 1 10 2 9 2 10 2 9 2 10 2 10 2 10 3 10 3 10 2 10 2 10 2 10 3 9 3 9 3 9 3 0 0 9 2 9 2 9 2 10 2 10 1 10 1 10 0 10 0 10 0 11 0 11 0 11 0 11 0 11 0 12 -1 12 -1 12 -1 12 -1 12 -2 13 -2 13 -2 13 -2 13 -2 13 -1 13 -1 13 -1 0 0 0 0 0 0 0 0 0 0
1784740955.658126,58217,-44,11,1,7,1,-95,1,677170187,128,0 0 0 0 0 0 0 0 0 0 0 0 7 0 8 1 8 1 8 2 8 2 8 2 8 3 8 3 8 3 9 3 9 3 9 4 9 4 9 5 9 5 8 5 9 5 8 5 8 6 8 6 8 6 8 6 8 5 8 5 8 5 8 5 0 0 8 5 8 5 8 5 8 4 9 4 9 4 9 4 10 4 10 4 10 3 10 3 10 3 11 3 11 3 11 3 12 3 11 3 12 3 12 3 12 3 13 3 13 3 12 2 13 2 13 2 13 2 0 0 0 0 0 0 0 0 0 0
1784740955.671816,58218,-44,11,1,6,1,-95,1,677181278,128,0 0 0 0 0 0 0 0 0 0 0 0 4 -7 5 -7 5 -7 6 -6 6 -6 7 -6 7 -6 7 -6 7 -6 7 -6 8 -5 8 -5 9 -5 9 -5 9 -5 9 -5 10 -4 9 -4 10 -4 9 -4 9 -4 10 -4 9 -4 9 -4 9 -4 9 -4 0 0 9 -5 9 -4 9 -4 9 -5 9 -5 9 -5 9 -6 9 -6 9 -6 9 -7 9 -7 9 -7 9 -7 10 -7 9 -7 10 -8 10 -8 10 -8 10 -8 10 -8 10 -9 10 -9 10 -8 11 -9 11 -9 11 -9 0 0 0 0 0 0 0 0 0 0
1784740955.687762,58219,-44,11,1,7,1,-95,1,677196802,128,0 0 0 0 0 0 0 0 0 0 0 0 -2 -8 -2 -9 -1 -9 -1 -9 -1 -9 0 -10 0 -9 0 -10 1 -10 1 -10 1 -10 1 -11 2 -11 2 -11 2 -11 3 -11 3 -11 3 -11 3 -11 4 -11 3 -11 4 -10 3 -10 3 -10 3 -10 3 -11 0 0 3 -11 3 -10 3 -11 2 -11 2 -11 2 -11 2 -11 1 -11 2 -12 1 -12 0 -12 0 -12 0 -13 0 -13 0 -13 0 -14 0 -13 0 -14 0 -14 0 -14 0 -14 0 -14 -1 -14 -1 -14 -1 -14 -1 -15 0 0 0 0 0 0 0 0 0 0
1784740955.687762,58220,-44,11,1,6,1,-95,1,677201511,128,0 0 0 0 0 0 0 0 0 0 0 0 2 7 1 7 1 8 0 8 0 8 -1 8 -1 9 -1 9 -1 9 -2 9 -2 9 -2 9 -3 9 -3 10 -3 9 -3 10 -3 10 -3 10 -4 10 -4 10 -4 10 -4 10 -4 10 -4 9 -4 9 -4 9 0 0 -3 9 -3 10 -3 9 -2 10 -2 10 -2 10 -2 10 -2 11 -1 10 -1 11 -2 11 -1 11 -1 11 -1 11 0 12 0 12 0 13 -1 13 0 13 0 13 0 13 0 13 0 14 -1 14 0 13 0 13 0 0 0 0 0 0 0 0 0 0
1784740955.715670,58221,-45,11,1,7,1,-95,1,677210081,128,0 0 0 0 0 0 0 0 0 0 0 0 7 -3 7 -3 8 -3 7 -2 8 -2 8 -2 8 -2 8 -2 9 -1 9 -1 9 0 9 0 10 0 9 0 10 0 10 1 10 0 10 1 10 1 10 1 10 1 10 1 10 1 10 1 9 1 9 1 0 0 9 1 10 1 9 0 10 0 9 0 10 0 10 -1 10 -1 10 -1 11 -1 11 -1 11 -2 11 -1 11 -2 11 -3 11 -3 12 -3 12 -3 12 -3 12 -3 12 -3 12 -4 13 -3 13 -3 13 -3 13 -3 0 0 0 0 0 0 0 0 0 0
1784740955.715670,58222,-44,11,1,7,1,-95,1,677221772,128,0 0 0 0 0 0 0 0 0 0 0 0 2 7 2 7 2 7 1 7 1 8 1 8 1 8 1 8 1 9 0 9 0 9 0 9 -1 9 -1 10 -1 10 -1 10 -1 10 -1 10 -2 10 -2 10 -2 10 -2 10 -2 10 -2 9 -2 9 -2 9 0 0 -1 9 -1 9 -1 9 0 10 0 9 0 10 0 10 1 10 1 10 1 11 1 11 1 11 1 11 1 11 2 11 2 11 2 12 2 12 2 12 3 12 2 12 3 12 3 13 2 13 2 13 3 13 0 0 0 0 0 0 0 0 0 0
1784740955.719639,58223,-45,11,1,7,1,-95,1,677233794,128,0 0 0 0 0 0 0 0 0 0 0 0 -8 -3 -8 -3 -8 -4 -8 -4 -8 -5 -8 -5 -8 -5 -8 -5 -9 -6 -9 -6 -9 -7 -8 -7 -8 -8 -8 -8 -8 -7 -8 -8 -8 -8 -8 -8 -8 -8 -8 -8 -8 -8 -8 -8 -8 -8 -7 -8 -7 -8 -8 -8 0 0 -8 -7 -8 -7 -8 -7 -9 -7 -9 -7 -9 -7 -9 -7 -10 -7 -10 -7 -11 -6 -11 -7 -11 -6 -11 -7 -11 -6 -12 -6 -12 -6 -12 -7 -12 -6 -13 -6 -13 -7 -13 -6 -13 -6 -13 -7 -13 -7 -13 -7 -13 -7 0 0 0 0 0 0 0 0 0 0
1784740955.736179,58224,-45,11,1,7,1,-95,1,677239911,128,0 0 0 0 0 0 0 0 0 0 0 0 -8 -2 -8 -3 -8 -3 -8 -3 -9 -4 -8 -4 -8 -4 -8 -5 -9 -5 -9 -6 -8 -6 -9 -6 -9 -7 -8 -7 -8 -6 -9 -7 -8 -7 -9 -8 -8 -7 -8 -7 -8 -7 -8 -7 -8 -7 -8 -7 -8 -7 -8 -7 0 0 -8 -7 -9 -7 -9 -6 -9 -6 -9 -5 -9 -6 -10 -5 -10 -6 -10 -5 -12 -6 -11 -5 -11 -5 -11 -5 -11 -5 -13 -5 -12 -4 -13 -5 -13 -5 -13 -5 -14 -5 -14 -5 -14 -4 -14 -5 -14 -5 -14 -5 -14 -5 0 0 0 0 0 0 0 0 0 0
1784740955.736179,58225,-44,11,1,7,1,-95,1,677249949,128,0 0 0 0 0 0 0 0 0 0 0 0 7 1 7 2 7 2 7 3 7 3 8 3 7 3 7 4 8 4 8 4 8 5 8 5 8 5 8 5 8 6 7 6 8 6 7 6 7 7 7 7 7 7 7 7 7 6 7 6 7 6 7 6 0 0 7 6 7 6 8 6 8 5 8 5 8 5 8 5 9 5 9 5 10 5 10 5 10 5 10 5 11 5 11 5 11 5 11 5 12 5 12 5 12 5 12 5 12 6 12 5 12 5 13 5 13 5 0 0 0 0 0 0 0 0 0 0
1784740955.753850,58226,-44,11,1,7,1,-95,1,677259881,128,0 0 0 0 0 0 0 0 0 0 0 0 2 7 1 7 1 7 1 7 1 8 0 8 0 8 0 8 0 8 -1 9 -1 9 -1 9 -2 9 -2 9 -2 9 -2 9 -2 9 -2 10 -2 9 -2 9 -2 9 -2 9 -2 9 -3 9 -3 9 -2 9 0 0 -2 9 -1 9 -2 9 -1 10 -1 9 0 10 0 10 0 10 0 10 1 11 0 11 1 11 1 11 1 11 1 12 1 12 1 12 1 12 2 13 2 13 2 13 2 13 2 13 1 14 1 13 1 13 0 0 0 0 0 0 0 0 0 0
1784740955.767478,58227,-44,11,1,7,1,-95,1,677270141,128,0 0 0 0 0 0 0 0 0 0 0 0 -6 -5 -6 -6 -6 -6 -6 -7 -6 -7 -6 -7 -6 -7 -6 -8 -6 -8 -5 -8 -5 -9 -5 -9 -5 -9 -5 -9 -5 -10 -4 -10 -4 -10 -4 -10 -4 -10 -4 -10 -4 -10 -4 -10 -4 -10 -4 -10 -4 -9 -4 -9 0 0 -5 -9 -5 -9 -5 -9 -6 -9 -6 -9 -6 -9 -7 -9 -7 -10 -7 -9 -8 -10 -8 -10 -8 -10 -8 -10 -8 -10 -9 -10 -9 -10 -9 -11 -10 -11 -10 -11 -10 -11 -10 -11 -10 -11 -10 -11 -10 -12 -10 -12 -10 -12 0 0 0 0 0 0 0 0 0 0
1784740955.767478,58228,-44,11,1,7,1,-95,1,677279908,128,0 0 0 0 0 0 0 0 0 0 0 0 6 2 6 3 6 3 6 3 6 4 7 4 6 4 6 5 7 5 6 5 6 5 6 6 6 6 6 7 7 7 6 7 6 7 6 7 6 7 6 7 6 7 6 7 6 7 6 7 6 7 6 7 0 0 7 7 7 7 7 7 7 6 7 6 8 6 8 6 8 6 9 6 9 6 9 6 10 6 10 7 10 7 10 6 11 7 10 7 11 7 11 7 11 7 12 7 12 7 12 7 12 8 12 8 12 8 0 0 0 0 0 0 0 0 0 0
1784740955.783243,58229,-44,11,1,7,1,-95,1,677289913,128,0 0 0 0 0 0 0 0 0 0 0 0 -3 6 -3 6 -4 6 -4 6 -4 6 -4 6 -5 6 -5 7 -5 7 -6 7 -6 6 -6 7 -7 7 -7 6 -7 7 -7 7 -7 6 -7 7 -7 7 -7 7 -7 7 -7 7 -7 7 -7 6 -7 7 -7 7 0 0 -7 7 -7 8 -7 8 -7 8 -6 8 -6 9 -6 9 -6 9 -6 9 -6 10 -6 10 -6 10 -6 10 -6 10 -6 11 -6 11 -7 11 -6 12 -6 12 -6 12 -6 12 -6 12 -6 12 -7 12 -7 12 -7 13 0 0 0 0 0 0 0 0 0 0
1784740955.799283,58230,-44,11,1,6,1,-95,1,677301386,128,0 0 0 0 0 0 0 0 0 0 0 0 5 4 5 5 5 5 5 5 4 5 5 6 4 6 5 6 4 7 4 7 4 7 4 7 4 8 4 8 4 8 3 8 3 9 3 9 3 9 3 9 3 9 3 9 4 9 3 9 3 9 4 9 0 0 4 9 4 9 4 9 4 9 4 9 5 9 5 9 5 9 5 10 6 10 6 10 6 10 6 10 6 10 6 10 6 11 6 11 7 11 7 11 7 11 7 11 7 12 7 11 7 12 7 12 8 12 0 0 0 0 0 0 0 0 0 0
1784740955.799283,58231,-44,11,1,7,1,-95,1,677310004,128,0 0 0 0 0 0 0 0 0 0 0 0 6 1 7 1 6 2 7 2 7 2 7 3 7 3 7 3 7 3 7 4 7 4 7 4 7 5 7 5 8 5 7 5 7 5 7 5 7 6 7 6 7 6 7 6 7 5 7 6 7 5 8 6 0 0 8 5 8 5 8 6 8 5 8 5 9 5 9 5 9 5 10 5 10 5 10 5 10 4 11 5 11 5 11 4 11 5 11 4 12 4 12 5 12 5 12 5 13 5 13 5 13 5 13 5 13 5 0 0 0 0 0 0 0 0 0 0
1784740955.911612,58232,-44,11,1,7,1,-95,1,677406183,128,0 0 0 0 0 0 0 0 0 0 0 0 -3 -7 -3 -8 -2 -8 -2 -8 -2 -9 -2 -9 -1 -9 -1 -9 -1 -9 -1 -9 0 -10 0 -10 0 -10 0 -10 0 -10 0 -10 1 -10 1 -11 1 -10 1 -10 1 -11 1 -11 1 -11 1 -11 1 -11 1 -11 0 0 0 -11 0 -11 0 -11 0 -11 -1 -11 -1 -11 -1 -11 -2 -12 -1 -12 -2 -12 -2 -12 -2 -12 -2 -13 -3 -13 -3 -13 -3 -13 -3 -13 -3 -14 -3 -14 -3 -14 -3 -14 -4 -14 -4 -14 -3 -15 -4 -14 -3 -15 0 0 0 0 0 0 0 0 0 0
1784740955.914325,58233,-44,11,1,7,1,-95,1,677406609,128,0 0 0 0 0 0 0 0 0 0 0 0 5 4 5 4 5 5 5 5 5 5 5 5 5 6 5 6 5 6 5 7 5 7 5 7 4 8 4 8 4 7 5 8 4 8 5 9 4 8 5 8 4 8 5 8 5 9 4 9 4 8 4 8 0 0 5 8 5 8 5 8 6 8 6 8 6 8 7 8 7 8 7 8 8 8 8 9 7 8 7 8 8 8 9 9 9 8 9 9 9 9 10 9 10 9 10 9 10 9 10 10 10 10 9 10 10 10 0 0 0 0 0 0 0 0 0 0
1784740955.914325,58234,-44,11,1,6,1,-95,1,677408270,128,0 0 0 0 0 0 0 0 0 0 0 0 5 4 5 4 5 4 5 5 5 5 5 5 5 6 5 6 5 6 5 6 5 7 5 7 5 7 5 8 4 8 4 8 4 9 4 8 4 8 4 8 4 8 4 8 4 8 4 8 4 8 4 8 0 0 5 8 5 8 5 8 5 8 5 8 5 8 6 8 6 8 6 8 7 8 7 8 7 8 8 8 8 9 8 9 8 9 8 9 9 9 9 9 9 9 9 9 9 10 9 9 9 9 10 10 9 10 0 0 0 0 0 0 0 0 0 0
1784740955.914325,58235,-44,11,1,7,1,-95,1,677408577,128,0 0 0 0 0 0 0 0 0 0 0 0 3 6 3 6 2 6 2 7 2 7 2 7 2 7 2 8 1 8 2 8 2 8 1 9 1 9 1 9 1 9 0 9 0 10 0 10 0 10 -1 10 0 10 -1 10 0 9 0 10 0 10 0 10 0 0 0 10 0 10 0 10 1 10 1 10 1 10 1 10 2 10 1 11 2 11 3 11 3 11 3 11 3 12 3 12 3 13 3 12 3 12 3 13 3 13 3 13 3 13 4 13 4 13 4 13 4 14 0 0 0 0 0 0 0 0 0 0
1784740955.914325,58236,-44,11,1,6,1,-95,1,677410094,128,0 0 0 0 0 0 0 0 0 0 0 0 6 -2 6 -2 7 -2 7 -2 7 -1 7 -1 8 -1 8 -1 8 -1 9 0 9 0 9 0 9 0 9 1 9 1 9 1 9 1 10 1 10 1 10 1 9 1 9 1 10 1 9 2 9 2 9 1 0 0 10 1 10 1 10 0 10 0 10 0 10 0 10 0 11 -1 11 -1 12 -1 11 -1 11 -1 12 -1 12 -1 13 -2 12 -2 13 -2 13 -2 13 -2 13 -2 14 -2 13 -3 14 -2 14 -2 14 -2 14 -2 0 0 0 0 0 0 0 0 0 0
1784740955.914325,58237,-44,11,1,7,1,-95,1,677410284,128,0 0 0 0 0 0 0 0 0 0 0 0 -7 0 -8 0 -8 -1 -8 -1 -8 -2 -9 -2 -9 -2 -9 -2 -9 -2 -9 -2 -9 -3 -9 -3 -9 -4 -10 -4 -10 -4 -9 -4 -10 -5 -9 -4 -10 -5 -10 -5 -10 -5 -10 -5 -9 -4 -10 -5 -10 -4 -10 -5 0 0 -10 -4 -10 -4 -11 -4 -10 -3 -11 -3 -11 -3 -11 -3 -11 -3 -11 -3 -12 -2 -12 -3 -12 -2 -13 -2 -13 -2 -12 -2 -14 -2 -13 -2 -14 -2 -14 -2 -14 -2 -15 -2 -15 -2 -14 -2 -15 -2 -15 -2 -15 -2 0 0 0 0 0 0 0 0 0 0
1784740955.914325,58238,-45,11,1,7,1,-95,1,677410537,128,0 0 0 0 0 0 0 0 0 0 0 0 6 -3 6 -3 6 -3 7 -3 7 -2 7 -2 7 -2 8 -2 8 -2 8 -1 8 -1 9 -1 9 -1 9 -1 9 0 9 0 10 0 9 0 9 0 9 0 9 0 9 0 9 0 9 0 9 0 10 0 0 0 10 0 9 0 10 0 9 -1 10 -1 10 -1 10 -1 10 -1 10 -2 11 -2 11 -2 11 -3 11 -2 12 -2 11 -3 12 -3 12 -3 13 -3 13 -3 13 -3 13 -3 13 -3 13 -3 13 -3 13 -3 14 -3 0 0 0 0 0 0 0 0 0 0
1784740955.914325,58239,-44,11,1,5,1,-95,1,677413489,128,0 0 0 0 0 0 0 0 0 0 0 0 4 5 4 6 4 6 4 6 3 7 4 7 3 7 3 7 3 8 3 8 3 8 2 9 2 9 2 9 2 9 2 9 2 10 2 9 2 10 2 9 2 10 2 10 2 9 2 10 2 9 2 10 0 0 2 10 2 9 3 10 3 9 3 10 4 10 4 10 5 10 4 10 5 10 5 10 5 10 5 10 5 11 6 10 6 11 6 11 7 12 7 11 7 12 7 12 7 12 7 12 7 12 7 12 7 12 0 0 0 0 0 0 0 0 0 0
1784740955.914325,58240,-44,11,1,7,1,-95,1,677420264,128,0 0 0 0 0 0 0 0 0 0 0 0 -3 -7 -3 -7 -3 -7 -2 -8 -2 -8 -2 -8 -2 -8 -2 -9 -1 -9 -2 -9 -1 -9 -1 -10 -1 -10 -1 -10 -1 -10 0 -10 0 -11 0 -10 0 -11 0 -10 0 -11 1 -11 0 -10 0 -10 0 -11 0 -11 0 0 0 -11 0 -11 0 -11 -1 -11 -1 -11 -1 -11 -1 -11 -2 -12 -1 -12 -2 -12 -2 -12 -2 -12 -2 -12 -3 -13 -3 -13 -3 -14 -3 -13 -3 -14 -3 -14 -3 -14 -3 -14 -3 -14 -3 -14 -3 -14 -3 -15 -3 -15 0 0 0 0 0 0 0 0 0 0
1784740955.927150,58241,-44,11,1,7,1,-95,1,677429942,128,0 0 0 0 0 0 0 0 0 0 0 0 -7 -2 -7 -3 -8 -3 -7 -3 -8 -4 -8 -4 -8 -4 -8 -4 -8 -5 -8 -5 -8 -5 -8 -6 -8 -6 -8 -6 -8 -6 -8 -7 -8 -7 -8 -7 -8 -7 -8 -7 -8 -7 -8 -7 -8 -7 -8 -7 -8 -7 -8 -7 0 0 -9 -6 -9 -6 -9 -6 -9 -6 -9 -6 -10 -6 -10 -6 -10 -5 -10 -6 -11 -6 -11 -6 -11 -5 -11 -6 -12 -5 -12 -5 -12 -5 -13 -6 -13 -6 -13 -5 -14 -5 -13 -5 -14 -5 -14 -6 -14 -6 -14 -6 -14 -6 0 0 0 0 0 0 0 0 0 0
1784740955.936955,58242,-45,11,1,7,1,-95,1,677440281,128,0 0 0 0 0 0 0 0 0 0 0 0 -6 -6 -6 -6 -5 -7 -5 -7 -5 -8 -5 -8 -5 -8 -5 -8 -5 -8 -5 -9 -4 -9 -4 -10 -4 -10 -4 -10 -4 -10 -4 -10 -4 -10 -3 -10 -3 -11 -4 -10 -3 -10 -3 -11 -3 -10 -3 -10 -3 -10 -3 -11 0 0 -4 -11 -4 -11 -4 -11 -4 -10 -5 -11 -5 -11 -5 -10 -5 -11 -6 -11 -6 -11 -6 -11 -6 -11 -6 -11 -7 -12 -7 -12 -7 -12 -7 -12 -8 -13 -8 -12 -8 -13 -8 -13 -8 -13 -8 -13 -7 -14 -8 -14 -8 -14 0 0 0 0 0 0 0 0 0 0
1784740955.947373,58243,-44,11,1,7,1,-95,1,677450001,128,0 0 0 0 0 0 0 0 0 0 0 0 6 -3 7 -3 7 -3 7 -2 7 -2 7 -2 7 -2 8 -2 8 -1 8 -1 8 -1 9 -1 9 0 9 0 9 0 9 0 9 0 9 0 9 0 9 0 9 0 10 1 9 0 9 0 9 0 9 0 0 0 9 0 10 0 10 0 10 -1 10 -1 10 -1 10 -2 10 -2 11 -2 11 -3 11 -2 11 -3 11 -3 12 -3 12 -3 12 -3 12 -3 12 -4 13 -4 13 -4 13 -4 13 -4 13 -4 13 -4 14 -4 14 -4 0 0 0 0 0 0 0 0 0 0
1784740955.947373,58244,-44,11,1,7,1,-95,1,677459991,128,0 0 0 0 0 0 0 0 0 0 0 0 -7 3 -7 3 -8 2 -8 2 -9 2 -8 2 -9 2 -9 2 -9 2 -10 1 -10 1 -10 0 -10 0 -10 0 -10 0 -11 0 -10 0 -11 0 -10 -1 -11 -1 -11 0 -11 -1 -11 -1 -11 -1 -10 -1 -11 -1 0 0 -11 0 -11 0 -10 0 -12 0 -11 1 -11 1 -11 1 -11 1 -11 2 -13 2 -12 2 -12 2 -12 2 -12 2 -14 3 -13 3 -14 3 -13 3 -14 3 -14 4 -14 3 -14 4 -15 3 -15 3 -15 3 -15 3 0 0 0 0 0 0 0 0 0 0
1784740955.959018,58245,-44,11,1,7,1,-95,1,677470042,128,0 0 0 0 0 0 0 0 0 0 0 0 6 -3 7 -3 7 -2 7 -2 7 -2 8 -2 8 -2 8 -2 8 -1 9 -1 9 -1 9 0 9 0 9 0 9 0 9 0 9 1 10 1 10 1 10 1 9 1 10 1 10 1 9 1 9 1 9 1 0 0 10 0 10 0 10 0 10 -1 10 -1 10 -1 10 -1 11 -1 10 -2 11 -2 11 -2 11 -2 11 -2 11 -2 12 -3 12 -3 12 -3 13 -3 13 -3 13 -4 13 -4 13 -4 13 -3 13 -3 13 -3 14 -3 0 0 0 0 0 0 0 0 0 0
1784740955.979257,58246,-45,11,1,7,1,-95,1,677479987,128,0 0 0 0 0 0 0 0 0 0 0 0 6 -4 7 -4 7 -3 7 -3 7 -3 7 -3 8 -3 8 -3 8 -2 9 -2 9 -2 9 -2 9 -1 10 -1 9 -1 9 0 10 0 10 0 9 0 10 0 10 0 10 0 10 0 10 0 9 0 10 -1 0 0 10 -1 10 -1 10 -1 10 -1 10 -2 10 -2 10 -2 10 -2 11 -2 11 -3 11 -3 11 -3 11 -3 11 -4 11 -4 12 -4 12 -4 12 -4 12 -4 13 -4 13 -5 13 -4 13 -4 13 -5 13 -5 14 -5 0 0 0 0 0 0 0 0 0 0
1784740955.990865,58247,-45,11,1,7,1,-95,1,677494482,128,0 0 0 0 0 0 0 0 0 0 0 0 -7 4 -7 4 -7 3 -8 3 -8 3 -9 3 -8 3 -9 3 -9 2 -9 2 -10 2 -10 2 -10 2 -10 1 -11 2 -11 1 -11 1 -11 1 -11 1 -11 1 -11 1 -11 1 -11 1 -11 1 -11 1 -11 1 0 0 -11 1 -11 1 -11 1 -11 2 -11 2 -11 2 -11 2 -11 3 -12 3 -12 4 -12 3 -12 4 -12 4 -12 4 -12 4 -13 4 -13 4 -13 5 -13 5 -13 5 -13 5 -14 5 -13 5 -14 5 -14 5 -14 5 0 0 0 0 0 0 0 0 0 0
1784740955.990865,58248,-45,11,1,7,1,-95,1,677504607,128,0 0 0 0 0 0 0 0 0 0 0 0 5 -5 6 -5 6 -5 7 -4 7 -4 7 -4 8 -4 8 -4 8 -4 8 -4 9 -4 9 -3 9 -3 9 -3 9 -3 10 -3 9 -3 10 -2 10 -3 10 -3 10 -3 10 -2 10 -3 10 -2 10 -2 10 -3 0 0 10 -3 10 -3 10 -3 10 -4 9 -4 10 -4 10 -5 10 -5 10 -5 11 -6 11 -5 10 -6 11 -6 11 -6 11 -7 11 -6 11 -7 11 -7 11 -7 11 -8 11 -8 12 -8 12 -7 12 -7 12 -8 12 -8 0 0 0 0 0 0 0 0 0 0
1784740956.006838,58249,-45,11,1,7,1,-95,1,677509957,128,0 0 0 0 0 0 0 0 0 0 0 0 5 4 5 5 5 5 5 6 4 6 4 7 4 7 4 7 4 7 4 7 4 8 4 8 4 8 4 9 3 9 3 9 3 10 2 9 3 9 2 9 3 10 2 9 3 9 3 9 3 9 3 10 0 0 3 10 3 10 3 10 3 9 3 9 4 10 4 10 4 10 4 10 5 10 5 10 5 10 6 10 6 11 5 11 6 11 6 11 6 11 6 11 6 12 7 12 6 12 6 11 7 12 7 12 7 12 0 0 0 0 0 0 0 0 0 0
1784740956.019054,58250,-44,11,1,7,1,-95,1,677524064,128,0 0 0 0 0 0 0 0 0 0 0 0 5 3 5 4 5 4 5 5 5 5 5 5 5 5 5 6 5 6 5 6 5 7 5 7 5 7 5 8 5 8 4 8 5 8 4 8 4 9 5 8 5 8 4 8 5 8 4 8 4 8 5 8 0 0 5 8 5 8 5 8 5 8 6 8 6 8 6 8 7 8 7 8 7 8 7 9 8 8 8 9 8 9 8 9 9 9 8 9 9 9 9 9 9 9 9 9 10 10 9 9 9 10 9 10 10 10 0 0 0 0 0 0 0 0 0 0
1784740956.022837,58251,-45,11,1,7,1,-95,1,677529909,128,0 0 0 0 0 0 0 0 0 0 0 0 -3 6 -3 6 -3 6 -4 7 -4 6 -4 7 -4 7 -5 7 -5 7 -5 7 -6 7 -6 7 -6 7 -7 7 -7 7 -7 7 -7 7 -7 7 -7 7 -7 7 -7 7 -7 7 -7 7 -7 7 -7 7 -7 7 0 0 -7 8 -7 8 -7 8 -6 8 -6 8 -6 8 -6 9 -6 9 -6 9 -6 10 -6 10 -6 10 -6 10 -6 11 -6 11 -6 12 -6 11 -6 12 -6 12 -6 12 -6 12 -6 12 -6 12 -6 12 -6 12 -7 13 0 0 0 0 0 0 0 0 0 0
1784740956.037071,58252,-45,11,1,7,1,-95,1,677540014,128,0 0 0 0 0 0 0 0 0 0 0 0 -4 6 -4 6 -5 6 -5 6 -6 6 -6 6 -6 6 -7 6 -7 6 -7 6 -7 6 -8 6 -8 6 -8 6 -9 6 -9 5 -9 5 -9 5 -9 5 -9 5 -9 5 -9 5 -9 5 -9 5 -9 5 -9 5 0 0 -9 6 -9 6 -9 6 -9 6 -9 6 -9 6 -9 7 -9 7 -9 7 -9 8 -9 8 -9 8 -9 8 -9 9 -10 9 -10 9 -10 9 -10 9 -10 9 -10 10 -10 10 -11 10 -10 10 -10 9 -11 10 -11 10 0 0 0 0 0 0 0 0 0 0
1784740956.038962,58253,-45,11,1,7,1,-95,1,677549995,128,0 0 0 0 0 0 0 0 0 0 0 0 -7 -3 -7 -3 -7 -4 -7 -4 -7 -5 -7 -5 -8 -5 -7 -5 -8 -5 -7 -6 -7 -6 -7 -7 -7 -7 -7 -7 -7 -7 -8 -8 -8 -7 -8 -8 -7 -8 -7 -8 -7 -8 -7 -8 -7 -8 -7 -8 -7 -8 -7 -8 0 0 -8 -7 -8 -7 -8 -7 -9 -7 -9 -7 -9 -7 -9 -6 -10 -6 -10 -6 -11 -7 -11 -7 -10 -6 -10 -7 -11 -6 -12 -6 -12 -6 -12 -7 -12 -7 -12 -6 -13 -6 -13 -7 -13 -6 -13 -7 -13 -7 -13 -7 -13 -7 0 0 0 0 0 0 0 0 0 0
1784740956.055178,58254,-44,11,1,7,1,-95,1,677560026,128,0 0 0 0 0 0 0 0 0 0 0 0 -4 -7 -3 -8 -3 -8 -3 -8 -3 -8 -2 -9 -2 -9 -2 -9 -2 -9 -2 -10 -2 -10 -1 -10 -1 -10 -1 -10 -1 -11 0 -10 0 -11 0 -11 0 -11 0 -11 0 -11 0 -11 0 -11 0 -11 0 -11 0 -11 0 0 -1 -11 -1 -11 -1 -11 -1 -11 -1 -11 -1 -11 -2 -11 -2 -12 -2 -12 -3 -12 -3 -12 -3 -12 -3 -12 -3 -13 -4 -13 -4 -13 -3 -13 -4 -13 -4 -13 -4 -14 -4 -14 -4 -14 -4 -14 -4 -14 -4 -14 -4 -15 0 0 0 0 0 0 0 0 0 0
1784740956.055178,58255,-44,11,1,7,1,-95,1,677569954,128,0 0 0 0 0 0 0 0 0 0 0 0 4 6 4 6 3 7 3 7 3 7 3 7 3 8 3 8 3 8 2 9 2 9 2 9 2 9 2 9 2 9 1 10 1 10 1 10 1 10 1 10 1 10 1 10 1 10 1 10 1 10 1 10 0 0 1 10 2 10 2 9 2 10 2 9 2 10 3 10 3 10 4 10 4 10 4 10 4 10 4 11 4 11 5 11 5 11 5 11 5 11 5 11 6 12 6 12 6 12 6 12 5 12 5 12 6 13 0 0 0 0 0 0 0 0 0 0
1784740956.071009,58256,-44,11,1,7,1,-95,1,677579947,128,0 0 0 0 0 0 0 0 0 0 0 0 -6 5 -6 5 -7 5 -7 5 -7 5 -7 5 -8 5 -8 5 -8 4 -9 4 -9 4 -10 4 -10 4 -10 4 -10 4 -10 4 -10 4 -11 3 -11 3 -10 3 -11 3 -10 3 -11 3 -10 3 -10 3 -10 3 0 0 -10 4 -10 4 -10 4 -10 5 -10 5 -10 5 -10 5 -10 5 -10 6 -11 6 -10 6 -10 6 -10 7 -10 7 -10 8 -10 8 -11 8 -11 8 -11 8 -11 8 -11 8 -11 9 -11 9 -11 9 -11 9 -11 9 0 0 0 0 0 0 0 0 0 0
1784740956.087101,58257,-44,11,1,7,1,-95,1,677589912,128,0 0 0 0 0 0 0 0 0 0 0 0 1 -8 1 -8 2 -8 2 -8 3 -8 3 -8 3 -8 3 -9 4 -9 4 -9 5 -9 5 -9 5 -9 6 -9 6 -9 6 -9 6 -9 7 -8 7 -8 7 -8 7 -8 7 -8 7 -8 7 -8 7 -8 7 -8 0 0 7 -8 7 -9 7 -9 6 -9 6 -9 6 -9 6 -9 6 -10 6 -10 6 -11 6 -10 6 -11 6 -11 6 -11 6 -11 6 -12 6 -12 6 -12 6 -12 6 -12 6 -13 6 -13 6 -13 6 -13 6 -13 6 -13 0 0 0 0 0 0 0 0 0 0
1784740956.087101,58258,-44,11,1,7,1,-95,1,677600865,128,0 0 0 0 0 0 0 0 0 0 0 0 6 -3 6 -2 7 -2 7 -2 7 -1 8 -2 8 -1 8 -1 8 -1 8 -1 9 -1 9 0 9 0 9 1 10 1 9 1 10 1 9 1 10 2 9 2 10 2 9 2 9 2 9 2 9 2 10 2 0 0 10 2 9 1 10 2 9 1 10 1 10 1 10 1 10 1 10 0 11 0 11 0 11 0 11 0 12 0 11 -1 12 -1 11 0 12 -1 12 -1 12 -1 13 -1 13 -1 12 -1 13 -1 13 -1 14 -1 0 0 0 0 0 0 0 0 0 0
1784740956.102894,58259,-42,11,1,7,0,-95,1,677612877,128,0 0 0 0 0 0 0 0 0 0 0 0 2 7 2 8 2 8 1 9 1 9 1 9 1 9 1 10 0 10 0 10 0 11 -1 11 -1 11 -1 12 -1 12 -2 12 -2 12 -2 12 -3 12 -3 12 -3 12 -3 12 -3 12 -3 12 -3 12 -3 12 0 0 -2 12 -2 12 -2 13 -2 12 -1 12 -2 13 -1 13 -1 13 -1 13 -1 13 0 14 0 14 0 14 0 14 0 14 0 15 0 15 1 15 1 15 1 15 1 15 1 16 1 16 1 16 1 16 1 16 0 0 0 0 0 0 0 0 0 0
1784740956.118744,58260,-45,11,1,7,1,-95,1,677628147,128,0 0 0 0 0 0 0 0 0 0 0 0 -4 -6 -4 -7 -4 -7 -3 -8 -3 -8 -3 -8 -3 -8 -3 -8 -3 -9 -3 -9 -2 -9 -2 -10 -2 -10 -2 -10 -2 -10 -1 -10 -1 -11 -1 -10 -1 -11 -1 -11 -1 -10 -1 -10 -1 -10 -1 -10 -1 -10 -1 -11 0 0 -1 -11 -1 -10 -2 -11 -2 -10 -2 -11 -2 -11 -2 -11 -2 -11 -3 -11 -3 -12 -3 -12 -3 -12 -3 -12 -3 -12 -4 -12 -4 -13 -4 -12 -4 -13 -4 -12 -4 -13 -4 -13 -5 -13 -4 -13 -4 -13 -4 -13 -4 -13 0 0 0 0 0 0 0 0 0 0
1784740956.118744,58261,-45,11,1,7,1,-95,1,677629887,128,0 0 0 0 0 0 0 0 0 0 0 0 -5 5 -5 4 -6 5 -6 4 -7 5 -7 4 -7 5 -7 5 -8 5 -8 4 -8 4 -9 4 -9 3 -9 4 -9 4 -10 4 -9 4 -10 4 -10 3 -10 4 -10 3 -10 3 -10 4 -10 3 -10 3 -10 3 0 0 -10 4 -10 4 -10 4 -10 4 -10 4 -10 5 -10 5 -10 6 -10 6 -11 6 -10 6 -10 6 -10 6 -10 6 -11 7 -10 7 -11 7 -11 7 -11 8 -11 8 -11 8 -11 8 -11 8 -12 7 -12 7 -11 8 0 0 0 0 0 0 0 0 0 0
1784740956.134668,58262,-45,11,1,7,1,-95,1,677639935,128,0 0 0 0 0 0 0 0 0 0 0 0 5 4 5 5 5 5 4 6 4 6 4 6 4 6 5 6 5 7 4 7 4 8 4 8 4 8 3 8 4 8 4 9 4 9 3 9 3 9 3 9 4 9 4 9 4 9 3 9 3 9 3 9 0 0 4 9 4 9 4 9 5 9 5 8 5 9 6 8 6 9 6 9 7 9 6 9 7 9 6 9 7 9 8 9 8 9 8 10 8 9 8 9 9 9 8 9 9 9 9 10 8 10 8 10 8 10 0 0 0 0 0 0 0 0 0 0
1784740956.137561,58263,-45,11,1,7,1,-95,1,677649894,128,0 0 0 0 0 0 0 0 0 0 0 0 5 4 5 5 5 5 5 6 4 6 5 6 4 6 5 6 4 7 4 7 4 7 4 8 4 8 4 8 4 9 3 8 3 9 3 8 3 9 3 9 4 9 3 9 4 8 3 9 3 9 4 9 0 0 4 9 4 9 4 9 5 8 5 8 5 9 5 8 6 9 6 9 6 9 6 9 7 9 7 9 8 9 7 9 8 10 7 9 8 10 8 10 8 10 8 9 8 10 8 9 8 10 9 10 9 10 0 0 0 0 0 0 0 0 0 0
1784740956.150608,58264,-45,11,1,7,1,-95,1,677660085,128,0 0 0 0 0 0 0 0 0 0 0 0 2 7 1 7 1 7 1 7 1 8 1 7 1 8 0 8 0 8 0 9 -1 9 -1 9 -1 9 -1 9 -1 9 -1 9 -1 9 -2 10 -2 9 -2 10 -2 9 -2 9 -2 10 -2 9 -2 9 -2 9 0 0 -1 9 -1 10 -1 9 0 10 0 10 0 10 0 10 0 10 1 10 1 11 1 11 1 11 1 11 1 11 2 12 2 12 2 12 2 12 2 12 2 13 2 13 3 13 2 13 2 13 2 13 2 13 0 0 0 0 0 0 0 0 0 0
1784740956.166507,58265,-45,11,1,7,1,-95,1,677670003,128,0 0 0 0 0 0 0 0 0 0 0 0 -8 -1 -9 -1 -9 -1 -9 -2 -9 -2 -9 -2 -9 -2 -9 -3 -9 -3 -9 -3 -9 -4 -10 -4 -10 -4 -10 -5 -10 -5 -10 -5 -10 -5 -10 -5 -10 -5 -10 -5 -10 -5 -10 -5 -10 -5 -9 -5 -10 -5 -10 -5 0 0 -10 -5 -10 -4 -10 -4 -10 -4 -10 -4 -11 -4 -11 -4 -11 -3 -11 -3 -12 -3 -12 -3 -12 -3 -12 -3 -13 -3 -13 -3 -14 -2 -13 -3 -14 -2 -14 -2 -14 -2 -15 -2 -15 -2 -15 -2 -15 -3 -15 -2 -15 -2 0 0 0 0 0 0 0 0 0 0
1784740956.168371,58266,-45,11,1,7,1,-95,1,677679976,128,0 0 0 0 0 0 0 0 0 0 0 0 -4 7 -5 6 -5 6 -6 6 -6 6 -6 6 -7 6 -7 6 -7 6 -7 6 -8 6 -8 6 -8 6 -8 5 -9 5 -9 5 -9 5 -9 5 -9 5 -9 4 -9 5 -9 5 -9 5 -9 4 -9 5 -9 5 0 0 -9 5 -9 5 -9 5 -9 5 -9 6 -9 6 -9 6 -8 7 -9 6 -9 7 -9 7 -8 8 -9 8 -9 8 -9 8 -9 8 -9 8 -9 9 -9 9 -9 9 -9 9 -10 9 -9 9 -10 9 -10 10 -10 10 0 0 0 0 0 0 0 0 0 0
1784740956.182323,58267,-45,11,1,6,1,-95,1,677691358,128,0 0 0 0 0 0 0 0 0 0 0 0 -6 -6 -6 -7 -5 -7 -5 -8 -5 -8 -5 -8 -5 -8 -5 -8 -4 -9 -4 -9 -4 -9 -4 -10 -4 -10 -4 -10 -4 -10 -3 -10 -3 -11 -3 -10 -3 -11 -3 -10 -3 -10 -3 -11 -3 -10 -3 -10 -3 -10 -3 -10 0 0 -4 -10 -4 -10 -4 -10 -4 -10 -5 -10 -5 -10 -5 -10 -5 -10 -5 -10 -6 -10 -6 -10 -6 -10 -7 -10 -7 -11 -7 -10 -7 -11 -7 -10 -8 -11 -8 -11 -8 -11 -8 -11 -8 -11 -8 -11 -8 -11 -9 -11 -9 -11 0 0 0 0 0 0 0 0 0 0
1784740956.198174,58268,-44,11,1,7,1,-95,1,677703481,128,0 0 0 0 0 0 0 0 0 0 0 0 3 -8 4 -7 4 -8 5 -7 5 -7 5 -7 6 -7 6 -7 6 -7 7 -7 7 -7 7 -7 8 -7 8 -7 8 -7 9 -6 8 -6 9 -6 8 -6 9 -6 8 -6 9 -6 9 -6 9 -6 8 -6 8 -6 0 0 8 -6 8 -7 8 -6 8 -7 8 -7 8 -7 8 -7 8 -8 8 -8 8 -9 8 -9 8 -9 8 -9 8 -9 8 -10 8 -9 9 -10 8 -10 9 -10 9 -11 9 -11 8 -11 9 -11 9 -11 9 -11 9 -11 0 0 0 0 0 0 0 0 0 0
1784740956.229840,58269,-44,11,1,6,1,-95,1,677715540,128,0 0 0 0 0 0 0 0 0 0 0 0 4 6 4 6 4 7 3 7 3 7 3 7 3 7 3 8 3 8 3 8 2 9 2 9 2 9 2 9 2 10 1 10 1 10 1 10 1 10 1 10 1 10 0 10 1 10 0 10 0 10 1 10 0 0 1 10 1 10 1 10 1 10 2 10 2 10 2 10 2 10 2 10 3 11 3 11 3 10 4 11 4 11 4 11 4 11 4 11 4 12 4 12 4 12 5 12 4 12 5 12 5 13 5 13 5 13 0 0 0 0 0 0 0 0 0 0
1784740956.229840,58270,-44,11,1,6,1,-95,1,677734248,128,0 0 0 0 0 0 0 0 0 0 0 0 -8 0 -8 0 -9 -1 -9 -1 -9 -2 -9 -2 -9 -2 -9 -2 -10 -2 -10 -3 -10 -3 -10 -4 -10 -4 -10 -4 -10 -4 -10 -5 -10 -4 -10 -5 -10 -5 -10 -5 -10 -5 -10 -5 -10 -5 -9 -5 -9 -5 -9 -5 0 0 -10 -4 -10 -4 -10 -4 -11 -4 -10 -4 -11 -4 -11 -3 -11 -3 -11 -3 -12 -3 -12 -3 -12 -3 -12 -3 -12 -2 -13 -2 -13 -2 -13 -3 -14 -2 -14 -2 -14 -2 -14 -2 -14 -2 -15 -2 -15 -2 -15 -2 -15 -2 0 0 0 0 0 0 0 0 0 0
1784740956.229840,58271,-44,11,1,7,1,-95,1,677734715,128,0 0 0 0 0 0 0 0 0 0 0 0 -8 -2 -7 -3 -8 -3 -8 -4 -8 -4 -8 -4 -8 -5 -8 -5 -8 -5 -8 -6 -8 -6 -8 -7 -8 -7 -7 -7 -8 -7 -8 -7 -8 -7 -8 -8 -8 -8 -8 -8 -8 -8 -7 -7 -7 -8 -7 -8 -7 -8 -7 -8 0 0 -7 -7 -8 -7 -8 -7 -9 -7 -9 -7 -9 -7 -9 -6 -9 -7 -9 -6 -10 -7 -10 -6 -10 -6 -10 -6 -10 -6 -12 -6 -12 -6 -12 -7 -12 -6 -12 -6 -13 -6 -12 -7 -13 -6 -13 -7 -13 -7 -12 -7 -13 -7 0 0 0 0 0 0 0 0 0 0
1784740956.229840,58272,-45,11,1,7,1,-95,1,677739947,128,0 0 0 0 0 0 0 0 0 0 0 0 -8 -2 -8 -2 -8 -3 -8 -3 -8 -4 -8 -4 -8 -4 -8 -4 -9 -5 -9 -5 -8 -5 -8 -6 -8 -7 -8 -7 -8 -7 -8 -7 -8 -7 -8 -7 -8 -7 -8 -7 -8 -7 -8 -7 -8 -7 -8 -7 -8 -7 -8 -7 0 0 -8 -7 -9 -7 -9 -7 -9 -6 -9 -6 -9 -6 -10 -5 -10 -6 -10 -6 -11 -5 -10 -5 -11 -5 -11 -5 -11 -5 -11 -5 -12 -5 -12 -6 -12 -5 -13 -5 -13 -5 -13 -5 -13 -5 -13 -5 -13 -6 -13 -6 -13 -5 0 0 0 0 0 0 0 0 0 0
1784740956.245756,58273,-45,11,1,7,1,-95,1,677750020,128,0 0 0 0 0 0 0 0 0 0 0 0 3 6 3 7 2 7 2 7 2 8 1 8 2 8 1 8 1 9 1 9 0 9 0 9 0 10 0 10 0 10 0 10 0 10 -1 10 -1 10 -1 10 -1 10 -1 10 -1 10 -1 10 -1 10 -1 10 0 0 0 10 0 10 0 10 0 10 0 10 1 10 1 10 1 11 1 11 2 11 2 11 3 11 3 11 3 11 3 11 3 12 3 12 4 12 4 12 4 12 4 12 4 13 4 13 4 13 4 13 4 13 0 0 0 0 0 0 0 0 0 0
1784740956.245756,58274,-45,11,1,7,1,-95,1,677760172,128,0 0 0 0 0 0 0 0 0 0 0 0 -8 0 -8 -1 -8 -1 -8 -2 -8 -2 -9 -2 -9 -3 -9 -3 -9 -3 -9 -3 -9 -3 -9 -4 -10 -4 -10 -5 -10 -5 -10 -5 -10 -5 -10 -5 -10 -5 -9 -6 -9 -5 -9 -6 -10 -5 -10 -5 -10 -5 -10 -5 0 0 -10 -5 -10 -5 -10 -5 -10 -4 -10 -4 -10 -4 -11 -4 -11 -4 -11 -4 -12 -3 -12 -3 -12 -2 -12 -2 -12 -3 -13 -3 -13 -3 -13 -2 -14 -2 -13 -2 -14 -2 -14 -2 -14 -2 -14 -2 -14 -2 -14 -1 -15 -2 0 0 0 0 0 0 0 0 0 0
1784740956.261600,58275,-42,11,1,7,0,-95,1,677769999,128,0 0 0 0 0 0 0 0 0 0 0 0 2 8 1 8 1 9 0 9 0 9 0 9 0 10 0 10 -1 10 -1 11 -2 11 -2 11 -2 11 -3 11 -3 11 -3 12 -3 11 -4 11 -4 11 -4 12 -4 11 -4 11 -4 11 -4 11 -4 11 -4 11 0 0 -3 11 -3 11 -3 11 -3 12 -2 12 -2 12 -2 12 -2 12 -2 12 -1 13 -1 13 -1 13 -1 13 -1 13 0 14 0 14 -1 14 0 14 0 14 0 15 0 15 0 15 0 16 0 16 0 15 0 16 0 0 0 0 0 0 0 0 0 0
1784740956.261600,58276,-45,11,1,7,1,-95,1,677780039,128,0 0 0 0 0 0 0 0 0 0 0 0 -8 -2 -8 -3 -8 -3 -8 -4 -8 -4 -8 -4 -8 -4 -8 -5 -8 -5 -8 -5 -8 -6 -8 -6 -8 -7 -8 -7 -8 -7 -8 -7 -8 -7 -8 -7 -8 -8 -8 -8 -8 -8 -8 -8 -8 -7 -7 -8 -7 -8 -8 -8 0 0 -8 -7 -8 -7 -8 -7 -8 -7 -9 -7 -9 -7 -9 -6 -9 -6 -9 -6 -10 -6 -10 -6 -10 -6 -10 -6 -11 -6 -11 -6 -11 -6 -11 -6 -12 -6 -12 -6 -12 -6 -12 -6 -13 -6 -13 -6 -13 -6 -13 -6 -13 -6 0 0 0 0 0 0 0 0 0 0
1784740956.277736,58277,-45,11,1,6,1,-95,1,677791260,128,0 0 0 0 0 0 0 0 0 0 0 0 7 0 7 0 7 1 7 1 8 1 8 1 8 1 8 2 8 2 8 3 8 3 8 3 8 4 8 4 8 4 9 4 8 4 9 5 8 5 8 5 9 5 8 5 9 5 8 5 8 5 8 5 0 0 8 4 9 4 8 4 9 4 8 3 9 4 9 3 10 3 10 3 10 3 10 3 10 3 10 3 10 3 12 2 11 2 12 2 12 2 12 2 12 2 12 2 12 2 13 3 13 3 13 3 13 2 0 0 0 0 0 0 0 0 0 0
1784740956.293634,58278,-45,11,1,6,1,-95,1,677801417,128,0 0 0 0 0 0 0 0 0 0 0 0 6 -4 7 -4 7 -3 8 -3 7 -2 8 -3 8 -2 8 -2 8 -2 9 -2 9 -2 9 -2 9 -1 9 -1 10 -1 10 0 10 0 10 0 10 0 10 0 10 0 10 0 10 0 10 0 10 0 10 -1 0 0 10 -1 10 -1 10 -1 9 -1 10 -1 10 -2 10 -2 10 -2 11 -2 10 -3 11 -3 11 -3 11 -3 12 -4 11 -3 12 -4 11 -4 12 -4 12 -4 12 -5 12 -5 12 -5 12 -5 12 -5 12 -5 13 -5 0 0 0 0 0 0 0 0 0 0
1784740956.293634,58279,-45,11,1,7,1,-95,1,677810037,128,0 0 0 0 0 0 0 0 0 0 0 0 -7 -5 -7 -5 -7 -6 -7 -6 -7 -6 -7 -7 -6 -7 -7 -7 -6 -8 -6 -8 -6 -8 -6 -9 -6 -9 -6 -9 -6 -10 -5 -9 -5 -10 -5 -9 -5 -10 -5 -10 -5 -10 -5 -10 -5 -10 -5 -9 -5 -9 -5 -10 0 0 -5 -10 -6 -9 -6 -10 -6 -9 -6 -9 -6 -9 -6 -9 -7 -9 -7 -9 -8 -10 -7 -9 -8 -9 -8 -10 -8 -10 -8 -9 -9 -10 -8 -10 -9 -10 -9 -10 -9 -10 -9 -10 -9 -10 -9 -10 -9 -10 -10 -10 -10 -10 0 0 0 0 0 0 0 0 0 0
1784740956.309869,58280,-45,11,1,6,1,-95,1,677821182,128,0 0 0 0 0 0 0 0 0 0 0 0 -1 7 -2 8 -3 8 -3 8 -3 8 -4 8 -4 8 -4 8 -5 8 -5 8 -5 8 -5 9 -6 8 -6 9 -6 9 -7 8 -7 9 -7 8 -7 8 -7 8 -7 8 -7 8 -7 8 -7 8 -7 8 -7 8 0 0 -7 8 -6 8 -6 8 -6 8 -6 8 -6 8 -6 8 -6 9 -6 9 -5 10 -5 10 -5 10 -5 10 -5 11 -5 10 -5 11 -5 10 -5 12 -5 11 -5 12 -5 11 -5 12 -4 11 -4 12 -4 12 -4 12 0 0 0 0 0 0 0 0 0 0
1784740956.326086,58281,-44,11,1,6,1,-95,1,677830048,128,0 0 0 0 0 0 0 0 0 0 0 0 5 5 5 5 5 6 5 6 5 6 5 7 5 7 4 7 5 7 4 8 4 9 4 9 4 9 3 9 4 9 3 9 3 10 3 10 3 10 3 10 3 10 3 10 3 10 2 10 2 10 3 10 0 0 3 9 4 9 4 9 4 9 4 9 4 9 5 8 5 9 5 8 6 9 6 9 6 9 6 9 7 9 7 8 7 9 7 9 8 9 8 8 8 8 8 8 9 8 8 9 8 9 8 9 8 9 0 0 0 0 0 0 0 0 0 0
1784740956.337955,58282,-44,11,1,6,1,-95,1,677839893,128,0 0 0 0 0 0 0 0 0 0 0 0 -3 7 -3 7 -4 7 -4 7 -4 7 -5 7 -5 7 -5 8 -6 8 -6 8 -6 8 -7 8 -7 8 -7 8 -8 8 -8 7 -8 8 -8 7 -8 7 -9 7 -9 7 -9 7 -8 7 -9 7 -8 7 -9 7 0 0 -8 7 -8 7 -8 7 -8 7 -8 8 -8 8 -7 8 -7 8 -8 8 -7 9 -7 9 -7 9 -7 9 -7 10 -7 10 -7 10 -6 10 -7 10 -7 11 -7 11 -6 11 -7 11 -6 11 -6 11 -6 11 -6 11 0 0 0 0 0 0 0 0 0 0
1784740956.345906,58283,-44,11,1,6,1,-95,1,677849903,128,0 0 0 0 0 0 0 0 0 0 0 0 2 7 2 7 2 8 1 8 1 8 1 8 1 8 1 9 1 9 0 10 0 10 0 10 0 10 -1 10 -1 10 -1 11 -2 11 -2 11 -2 11 -2 11 -2 11 -2 11 -2 11 -2 10 -2 11 -2 11 0 0 -2 11 -1 11 -1 10 -1 11 -1 10 -1 11 0 11 0 11 0 11 0 12 0 12 1 12 1 12 1 12 1 12 1 12 1 12 1 12 2 12 2 13 2 12 2 13 2 13 2 13 2 13 2 13 0 0 0 0 0 0 0 0 0 0
1784740956.357679,58284,-44,11,1,6,1,-95,1,677862495,128,0 0 0 0 0 0 0 0 0 0 0 0 -4 6 -5 6 -6 6 -6 6 -6 6 -6 6 -7 6 -7 6 -7 6 -8 6 -9 6 -9 5 -9 5 -9 5 -9 5 -10 5 -9 5 -10 5 -10 5 -10 5 -10 5 -10 5 -10 5 -10 4 -10 4 -10 4 0 0 -10 5 -10 6 -9 5 -10 6 -9 6 -10 6 -9 6 -10 6 -9 7 -10 7 -10 7 -10 7 -10 7 -9 7 -10 8 -9 8 -10 8 -10 9 -10 9 -9 9 -10 9 -9 9 -10 9 -11 9 -10 9 -10 9 0 0 0 0 0 0 0 0 0 0
1784740956.357679,58285,-41,11,1,6,0,-95,1,677870524,128,0 0 0 0 0 0 0 0 0 0 0 0 8 1 9 2 9 2 9 3 9 3 9 4 9 4 9 5 9 5 10 5 9 6 9 6 10 6 10 6 10 7 9 7 9 7 9 7 9 7 9 8 9 8 9 8 9 8 9 8 9 8 9 8 0 0 10 7 10 7 10 7 10 7 10 7 10 7 11 6 11 6 11 6 12 6 12 6 12 6 12 6 12 6 13 6 13 6 13 6 13 6 13 5 14 5 14 5 14 5 14 5 14 5 14 5 14 5 0 0 0 0 0 0 0 0 0 0
1784740956.373451,58286,-44,11,1,6,1,-95,1,677880025,128,0 0 0 0 0 0 0 0 0 0 0 0 -2 8 -3 7 -3 8 -3 7 -4 8 -4 7 -5 8 -5 8 -5 8 -6 8 -7 8 -7 8 -7 8 -7 7 -7 7 -7 8 -7 7 -8 8 -8 7 -8 7 -8 7 -8 7 -8 7 -8 7 -8 7 -8 7 0 0 -7 7 -7 8 -7 7 -7 8 -7 8 -7 8 -7 9 -7 9 -7 9 -7 10 -7 9 -7 9 -7 9 -7 9 -6 10 -6 10 -7 11 -6 11 -6 11 -6 11 -6 11 -6 11 -7 11 -6 11 -6 11 -6 11 0 0 0 0 0 0 0 0 0 0
1784740956.373451,58287,-44,11,1,6,1,-95,1,677890041,128,0 0 0 0 0 0 0 0 0 0 0 0 -6 -6 -6 -7 -6 -7 -6 -8 -6 -8 -6 -8 -6 -8 -6 -8 -6 -9 -5 -9 -5 -10 -5 -10 -5 -10 -4 -10 -5 -11 -4 -11 -4 -11 -4 -11 -4 -11 -4 -11 -4 -11 -4 -11 -4 -11 -4 -11 -4 -11 -4 -11 0 0 -4 -11 -4 -11 -4 -11 -5 -11 -5 -11 -5 -11 -6 -11 -6 -11 -6 -11 -6 -11 -6 -11 -7 -11 -6 -11 -7 -11 -7 -11 -8 -11 -7 -11 -8 -11 -8 -10 -8 -11 -8 -11 -9 -11 -8 -10 -8 -11 -8 -11 -8 -11 0 0 0 0 0 0 0 0 0 0
1784740956.389609,58288,-44,11,1,6,1,-95,1,677899941,128,0 0 0 0 0 0 0 0 0 0 0 0 -2 7 -2 7 -3 7 -4 7 -4 7 -4 7 -4 7 -5 8 -5 8 -5 8 -6 8 -6 8 -6 8 -7 8 -7 8 -8 8 -8 8 -8 8 -8 8 -8 8 -8 8 -8 8 -8 8 -8 8 -8 8 -8 8 0 0 -8 8 -8 8 -8 8 -8 8 -8 8 -8 9 -8 9 -7 9 -8 9 -7 10 -8 10 -7 10 -8 10 -8 11 -8 10 -8 11 -7 10 -7 11 -7 11 -7 11 -7 11 -7 11 -7 11 -7 11 -7 11 -7 12 0 0 0 0 0 0 0 0 0 0
1784740956.405765,58289,-44,11,1,6,1,-95,1,677909894,128,0 0 0 0 0 0 0 0 0 0 0 0 2 -7 3 -7 3 -7 4 -7 4 -7 4 -7 4 -7 4 -7 5 -7 5 -7 6 -7 6 -7 6 -7 7 -7 7 -7 7 -7 7 -7 7 -7 8 -7 8 -7 8 -7 8 -7 8 -7 8 -7 8 -7 8 -7 0 0 8 -8 8 -8 8 -8 8 -8 8 -8 8 -9 8 -8 8 -9 8 -9 8 -10 8 -9 8 -10 8 -9 8 -10 8 -10 8 -10 8 -10 8 -11 8 -11 8 -11 8 -11 8 -11 9 -11 9 -11 8 -11 8 -11 0 0 0 0 0 0 0 0 0 0
1784740956.405765,58290,-45,11,1,6,1,-95,1,677919924,128,0 0 0 0 0 0 0 0 0 0 0 0 6 1 7 1 7 2 7 2 7 3 7 3 7 3 7 3 7 4 7 4 7 4 8 5 8 5 8 5 8 5 7 6 8 6 7 6 8 6 8 6 8 6 8 6 8 6 8 6 8 6 8 6 0 0 8 6 8 6 9 7 9 6 9 6 9 6 9 6 10 6 10 6 10 6 10 6 11 6 11 6 11 6 11 6 12 7 11 6 12 7 12 7 12 7 12 7 12 7 12 6 12 7 12 7 12 7 0 0 0 0 0 0 0 0 0 0
1784740956.421753,58291,-44,11,1,6,1,-95,1,677931569,128,0 0 0 0 0 0 0 0 0 0 0 0 6 2 6 3 6 3 6 4 6 4 6 4 6 4 6 5 7 5 6 5 6 6 6 6 6 6 6 7 6 7 6 7 6 7 6 7 6 7 6 7 6 7 6 7 6 7 6 7 6 7 6 7 0 0 7 7 7 7 7 7 7 7 7 6 8 7 8 6 8 6 8 6 9 7 9 7 9 7 9 7 9 7 10 6 10 6 10 7 11 7 11 7 11 6 11 6 11 6 12 7 11 7 11 7 12 7 0 0 0 0 0 0 0 0 0 0
1784740956.437759,58292,-44,11,1,6,1,-95,1,677939998,128,0 0 0 0 0 0 0 0 0 0 0 0 -6 4 -6 4 -7 3 -7 3 -8 3 -8 3 -8 3 -9 3 -9 3 -9 2 -10 2 -10 2 -10 2 -10 2 -10 2 -10 2 -10 2 -11 2 -11 1 -11 1 -11 1 -11 1 -11 1 -11 1 -10 1 -11 1 0 0 -11 2 -11 2 -10 2 -12 3 -11 3 -11 3 -11 3 -11 3 -11 3 -12 4 -12 4 -12 4 -11 4 -11 4 -12 5 -12 5 -13 6 -12 6 -12 6 -13 6 -13 6 -13 6 -13 6 -13 6 -13 6 -13 6 0 0 0 0 0 0 0 0 0 0
1784740956.438338,58293,-44,11,1,6,1,-95,1,677949860,128,0 0 0 0 0 0 0 0 0 0 0 0 -1 7 -1 7 -2 7 -2 7 -2 7 -3 7 -3 7 -3 8 -3 8 -3 8 -4 8 -4 8 -4 8 -5 8 -5 9 -5 8 -6 8 -5 8 -6 8 -6 8 -6 8 -6 8 -6 8 -6 8 -6 8 -6 9 0 0 -6 9 -6 9 -6 9 -5 9 -5 9 -5 10 -5 10 -5 10 -5 10 -4 10 -5 11 -4 11 -4 11 -4 12 -4 11 -5 12 -4 12 -4 12 -4 13 -4 13 -4 13 -4 13 -4 13 -4 13 -4 13 -4 13 0 0 0 0 0 0 0 0 0 0
1784740956.453825,58294,-44,11,1,6,1,-95,1,677959853,128,0 0 0 0 0 0 0 0 0 0 0 0 -7 1 -8 1 -8 1 -8 0 -8 0 -8 0 -9 0 -9 0 -9 -1 -9 -1 -10 -1 -10 -2 -10 -2 -10 -2 -10 -2 -10 -2 -10 -2 -11 -3 -11 -3 -11 -3 -10 -3 -11 -3 -11 -3 -11 -3 -10 -3 -11 -3 0 0 -11 -3 -11 -2 -11 -2 -11 -2 -11 -2 -11 -2 -11 -2 -12 -1 -11 -1 -12 -1 -12 -1 -12 -1 -12 0 -12 0 -13 0 -13 0 -13 0 -14 0 -14 1 -14 0 -14 1 -14 1 -14 1 -14 1 -14 1 -15 1 0 0 0 0 0 0 0 0 0 0
1784740956.469802,58295,-43,11,1,6,1,-95,1,677969861,128,0 0 0 0 0 0 0 0 0 0 0 0 -7 0 -7 -1 -7 -1 -8 -1 -8 -2 -8 -2 -8 -2 -8 -2 -8 -2 -9 -3 -9 -4 -9 -4 -8 -5 -9 -5 -9 -4 -9 -4 -9 -4 -9 -5 -10 -5 -10 -5 -10 -5 -9 -5 -10 -6 -9 -6 -9 -6 -9 -6 0 0 -10 -5 -10 -5 -10 -5 -10 -5 -10 -5 -10 -5 -10 -4 -11 -5 -11 -4 -11 -5 -12 -4 -11 -5 -11 -4 -11 -4 -12 -4 -12 -4 -13 -4 -13 -4 -13 -3 -13 -3 -13 -3 -13 -3 -13 -4 -14 -4 -14 -4 -14 -4 0 0 0 0 0 0 0 0 0 0
1784740956.469802,58296,-44,11,1,6,1,-95,1,677979988,128,0 0 0 0 0 0 0 0 0 0 0 0 3 -6 3 -6 3 -6 4 -6 4 -6 4 -6 4 -6 5 -6 5 -6 6 -6 6 -6 6 -6 7 -6 7 -6 7 -6 7 -6 8 -6 8 -6 8 -6 8 -6 8 -6 8 -6 9 -6 9 -6 9 -6 9 -6 0 0 9 -6 9 -6 9 -6 9 -7 8 -6 8 -7 8 -7 9 -8 9 -7 9 -8 9 -7 9 -7 9 -8 9 -8 9 -9 9 -9 9 -9 9 -9 9 -9 9 -10 9 -10 9 -10 9 -10 10 -9 10 -10 10 -10 0 0 0 0 0 0 0 0 0 0
1784740956.485525,58297,-44,11,1,6,1,-95,1,677989978,128,0 0 0 0 0 0 0 0 0 0 0 0 0 6 0 6 -1 6 -1 6 -1 6 -2 7 -2 7 -2 7 -2 7 -2 7 -2 8 -3 8 -3 8 -3 8 -3 8 -4 8 -4 9 -4 8 -4 8 -4 9 -4 9 -4 9 -4 9 -5 9 -5 9 -5 9 0 0 -5 9 -5 9 -5 10 -5 10 -5 10 -5 10 -5 10 -4 10 -5 10 -5 11 -4 11 -4 11 -4 11 -4 11 -4 11 -4 12 -4 11 -4 12 -4 12 -4 12 -4 12 -4 12 -4 12 -4 12 -4 12 -4 13 0 0 0 0 0 0 0 0 0 0
1784740956.485525,58298,-45,11,1,6,1,-95,1,677999878,128,0 0 0 0 0 0 0 0 0 0 0 0 6 1 6 1 6 2 6 2 6 2 6 2 6 2 7 2 6 3 7 4 7 4 7 4 7 4 7 5 7 4 7 5 7 5 7 5 7 5 8 5 8 5 8 5 8 6 8 6 7 6 7 6 0 0 8 6 8 6 8 5 9 6 9 5 9 5 9 5 9 5 9 5 10 6 10 6 10 6 10 5 10 5 11 5 11 5 11 6 11 6 11 5 12 5 12 5 12 4 12 5 12 6 12 5 12 5 0 0 0 0 0 0 0 0 0 0
1784740956.501328,58299,-46,11,1,6,1,-95,1,678010542,128,0 0 0 0 0 0 0 0 0 0 0 0 2 -6 2 -6 3 -6 3 -6 3 -6 3 -6 3 -6 4 -7 4 -7 4 -6 4 -7 4 -7 5 -7 5 -7 5 -7 6 -7 6 -7 5 -7 6 -7 6 -7 6 -7 6 -7 6 -7 6 -7 6 -7 6 -8 0 0 6 -8 7 -8 7 -8 6 -8 6 -8 6 -8 7 -9 7 -9 7 -9 6 -10 6 -10 6 -10 6 -10 7 -10 7 -10 7 -10 7 -10 7 -10 7 -10 7 -10 7 -11 7 -11 7 -11 7 -11 6 -11 7 -11 0 0 0 0 0 0 0 0 0 0
1784740956.517572,58300,-46,11,1,6,1,-95,1,678019967,128,0 0 0 0 0 0 0 0 0 0 0 0 4 6 3 6 3 6 3 6 3 7 3 6 3 7 3 7 3 7 2 7 2 8 2 8 2 8 2 8 1 8 2 8 2 8 1 9 2 8 2 9 2 9 2 9 2 9 1 9 1 9 2 9 0 0 2 9 2 9 2 9 3 10 3 9 3 10 3 10 3 10 3 10 4 11 4 11 4 11 4 11 4 11 4 11 4 11 4 12 4 11 4 11 5 12 5 11 5 12 4 12 4 12 4 12 4 12 0 0 0 0 0 0 0 0 0 0
1784740956.517572,58301,-45,11,1,6,1,-95,1,678029926,128,0 0 0 0 0 0 0 0 0 0 0 0 2 7 2 7 2 7 1 7 1 7 1 8 1 8 1 8 1 8 0 8 0 8 0 9 0 9 0 9 0 9 0 9 -1 9 -1 9 -1 9 0 9 -1 9 0 9 0 9 -1 9 -1 9 0 9 0 0 0 10 0 9 0 10 1 10 1 10 1 10 1 10 1 10 1 10 2 11 2 11 2 11 2 11 2 11 2 11 3 12 2 12 3 12 3 12 3 12 3 12 3 13 2 12 2 13 2 13 3 13 0 0 0 0 0 0 0 0 0 0
1784740956.533561,58302,-44,11,1,6,1,-95,1,678039955,128,0 0 0 0 0 0 0 0 0 0 0 0 -8 -1 -8 -2 -8 -3 -8 -3 -8 -3 -8 -3 -8 -4 -8 -4 -8 -4 -8 -4 -8 -4 -8 -4 -8 -4 -9 -5 -8 -5 -8 -5 -8 -6 -8 -5 -8 -6 -8 -6 -9 -6 -8 -6 -9 -5 -9 -5 -9 -5 -9 -6 0 0 -9 -5 -9 -6 -10 -5 -10 -5 -10 -5 -10 -5 -10 -5 -11 -5 -11 -5 -11 -5 -11 -5 -11 -4 -12 -5 -12 -5 -12 -5 -12 -5 -12 -5 -13 -5 -13 -5 -13 -5 -13 -5 -13 -5 -13 -5 -13 -5 -14 -5 -14 -5 0 0 0 0 0 0 0 0 0 0
1784740956.538740,58303,-45,11,1,6,1,-95,1,678051215,128,0 0 0 0 0 0 0 0 0 0 0 0 0 -7 1 -7 1 -7 2 -7 2 -7 2 -7 2 -7 2 -7 2 -7 2 -7 3 -7 3 -7 3 -7 4 -8 4 -8 4 -8 4 -8 4 -8 4 -8 4 -8 4 -8 4 -8 4 -8 4 -8 4 -8 4 -9 0 0 4 -9 4 -9 4 -9 4 -9 4 -9 4 -10 4 -10 4 -10 4 -10 4 -11 4 -11 4 -11 4 -11 4 -11 4 -12 4 -12 4 -12 4 -12 4 -12 4 -13 4 -13 4 -13 4 -13 4 -13 4 -13 4 -14 0 0 0 0 0 0 0 0 0 0
1784740956.554451,58304,-45,11,1,6,1,-95,1,678061366,128,0 0 0 0 0 0 0 0 0 0 0 0 1 5 1 5 0 5 0 6 0 6 0 6 0 6 -1 6 -1 6 -1 7 -1 7 -1 7 -1 7 -1 7 -1 7 -2 8 -2 8 -2 8 -2 8 -2 8 -2 8 -2 8 -2 9 -2 9 -2 9 -2 9 0 0 -2 9 -2 10 -2 9 -2 10 -2 9 -2 10 -2 10 -2 10 -2 10 -1 11 -1 11 -1 11 -1 11 -1 11 -1 11 -1 12 -1 12 -1 12 -1 12 -1 12 -1 12 -1 13 -1 13 -1 13 -1 13 -1 13 0 0 0 0 0 0 0 0 0 0
1784740956.565295,58305,-45,11,1,6,1,-95,1,678071250,128,0 0 0 0 0 0 0 0 0 0 0 0 -5 3 -5 3 -6 3 -5 3 -6 3 -5 3 -6 3 -6 3 -6 3 -7 3 -7 3 -7 3 -8 3 -8 3 -8 3 -8 3 -8 3 -9 4 -9 3 -9 4 -9 4 -9 4 -10 4 -9 3 -10 3 -10 3 0 0 -10 4 -10 4 -10 4 -11 5 -10 4 -10 5 -10 5 -11 5 -10 5 -12 5 -11 5 -11 5 -11 5 -11 5 -11 7 -11 6 -12 7 -12 6 -11 7 -12 7 -12 7 -12 8 -13 7 -13 7 -13 7 -12 7 0 0 0 0 0 0 0 0 0 0
1784740956.565295,58306,-45,11,1,6,1,-95,1,678081477,128,0 0 0 0 0 0 0 0 0 0 0 0 -6 -3 -6 -3 -5 -3 -6 -4 -5 -4 -6 -4 -6 -4 -6 -5 -6 -5 -6 -5 -6 -5 -7 -5 -7 -6 -7 -6 -7 -6 -7 -6 -7 -7 -7 -6 -7 -7 -7 -7 -7 -7 -7 -8 -7 -7 -7 -7 -7 -7 -8 -8 0 0 -8 -8 -8 -8 -8 -9 -8 -8 -8 -8 -8 -8 -9 -8 -9 -8 -9 -9 -9 -9 -10 -9 -10 -9 -10 -9 -10 -9 -10 -9 -10 -10 -10 -9 -11 -10 -10 -10 -11 -10 -11 -10 -11 -10 -10 -10 -11 -10 -11 -10 -11 -11 0 0 0 0 0 0 0 0 0 0
1784740956.581058,58307,-46,11,1,6,1,-95,1,678091300,128,0 0 0 0 0 0 0 0 0 0 0 0 -4 -6 -4 -6 -3 -7 -3 -6 -3 -7 -3 -7 -3 -7 -3 -7 -3 -7 -3 -8 -3 -8 -3 -8 -3 -8 -3 -8 -3 -8 -3 -9 -3 -9 -3 -9 -2 -9 -3 -9 -3 -9 -3 -10 -3 -9 -3 -10 -3 -10 -3 -10 0 0 -3 -10 -3 -11 -3 -11 -4 -11 -3 -11 -4 -11 -4 -11 -4 -11 -4 -12 -4 -12 -4 -12 -4 -12 -4 -12 -4 -12 -5 -13 -4 -13 -4 -13 -5 -13 -5 -13 -5 -13 -5 -14 -5 -14 -4 -14 -4 -14 -4 -14 -4 -14 0 0 0 0 0 0 0 0 0 0
1784740956.597268,58308,-46,11,1,6,1,-95,1,678102187,128,0 0 0 0 0 0 0 0 0 0 0 0 -3 6 -3 6 -4 6 -4 6 -4 6 -4 5 -5 6 -5 6 -5 6 -5 6 -5 6 -6 6 -6 6 -6 6 -6 6 -7 6 -6 6 -6 6 -7 6 -6 6 -6 6 -7 6 -6 6 -6 6 -7 6 -6 7 0 0 -6 7 -7 7 -7 7 -6 8 -6 8 -6 9 -6 8 -6 9 -7 9 -7 10 -7 10 -7 10 -7 10 -7 10 -7 10 -7 11 -7 10 -7 11 -7 11 -7 11 -7 11 -8 12 -7 11 -8 11 -8 11 -8 12 0 0 0 0 0 0 0 0 0 0
1784740956.613126,58309,-45,11,1,6,1,-95,1,678122036,128,0 0 0 0 0 0 0 0 0 0 0 0 0 -6 1 -6 1 -6 1 -6 1 -6 2 -7 2 -7 2 -7 2 -7 2 -7 3 -7 3 -7 3 -7 3 -7 3 -7 3 -8 3 -8 3 -8 3 -8 4 -8 4 -8 3 -8 4 -8 4 -8 4 -8 4 -8 0 0 4 -9 4 -9 4 -9 4 -10 3 -10 4 -10 4 -10 4 -10 4 -10 4 -11 4 -11 4 -11 4 -11 4 -11 4 -12 3 -12 5 -13 4 -12 4 -12 4 -13 4 -13 4 -13 5 -13 5 -13 5 -13 4 -13 0 0 0 0 0 0 0 0 0 0
1784740956.629093,58310,-42,11,1,6,0,-95,1,678131390,128,0 0 0 0 0 0 0 0 0 0 0 0 5 -4 6 -4 6 -4 6 -4 6 -4 6 -4 7 -3 7 -3 7 -3 7 -4 8 -3 8 -3 8 -3 9 -3 9 -3 9 -3 9 -3 9 -3 10 -3 10 -2 10 -3 10 -2 10 -3 10 -3 11 -3 11 -3 0 0 11 -3 11 -3 11 -3 12 -3 12 -3 12 -3 12 -3 12 -4 12 -4 12 -4 13 -4 13 -4 13 -4 14 -4 13 -4 14 -4 14 -4 14 -5 14 -4 15 -5 15 -5 15 -5 15 -5 15 -5 15 -5 15 -5 0 0 0 0 0 0 0 0 0 0
1784740956.639289,58311,-44,11,1,5,1,-95,1,678142675,128,0 0 0 0 0 0 0 0 0 0 0 0 1 5 1 5 1 5 1 5 1 5 1 5 1 5 1 6 1 6 1 7 0 7 0 7 0 7 0 7 0 8 0 8 0 8 0 8 0 8 0 9 0 9 0 8 0 9 -1 9 -1 9 -1 9 0 0 0 9 0 10 0 9 0 10 0 10 0 10 1 10 0 11 1 10 0 11 1 11 0 11 1 11 1 11 2 12 1 11 1 12 1 13 2 12 2 13 1 13 2 13 1 13 1 13 1 13 1 13 0 0 0 0 0 0 0 0 0 0
1784740956.645263,58312,-45,11,1,6,1,-95,1,678151507,128,0 0 0 0 0 0 0 0 0 0 0 0 1 -6 1 -6 1 -7 1 -6 2 -7 1 -6 2 -7 2 -7 2 -7 3 -7 3 -8 3 -8 3 -8 3 -8 3 -8 3 -8 3 -8 4 -9 4 -8 3 -9 4 -9 3 -9 4 -9 4 -9 4 -9 4 -9 0 0 4 -10 3 -10 3 -10 4 -11 3 -10 3 -11 3 -11 3 -11 3 -11 3 -12 4 -12 3 -12 3 -12 3 -12 3 -14 3 -13 4 -14 3 -14 3 -14 3 -15 3 -14 3 -14 4 -15 4 -15 4 -15 4 -15 0 0 0 0 0 0 0 0 0 0
1784740956.645263,58313,-45,11,1,6,1,-95,1,678161267,128,0 0 0 0 0 0 0 0 0 0 0 0 6 -2 6 -2 6 -1 6 -1 7 -1 7 -1 7 0 7 0 7 0 7 0 8 0 8 0 8 1 8 1 8 1 8 1 9 1 8 1 8 1 8 1 8 1 9 1 9 1 9 1 9 1 9 1 0 0 10 1 10 1 10 1 10 0 10 0 10 0 10 0 11 0 11 0 11 0 11 0 12 0 12 0 12 0 12 -1 13 -1 13 0 13 -1 13 -1 13 -1 14 -1 14 -1 14 0 14 0 14 0 15 0 0 0 0 0 0 0 0 0 0 0
1784740956.661543,58314,-45,11,1,6,1,-95,1,678171606,128,0 0 0 0 0 0 0 0 0 0 0 0 6 2 6 3 6 3 5 3 6 4 5 4 6 4 6 5 6 5 6 5 6 5 6 5 6 6 6 6 6 6 5 7 5 7 5 7 5 7 5 7 5 7 5 7 5 7 5 7 6 7 6 7 0 0 6 7 6 7 6 7 7 7 7 7 7 7 7 7 8 7 8 7 9 7 9 7 9 7 9 7 9 7 10 7 10 7 10 8 10 8 10 8 11 8 11 8 11 9 11 8 11 9 11 9 11 9 0 0 0 0 0 0 0 0 0 0
1784740956.677560,58315,-45,11,1,6,1,-95,1,678181421,128,0 0 0 0 0 0 0 0 0 0 0 0 3 -6 3 -6 4 -6 4 -6 4 -6 5 -6 5 -6 5 -6 5 -6 6 -6 6 -6 6 -6 7 -6 7 -6 7 -6 7 -6 8 -6 8 -6 8 -6 8 -6 8 -6 8 -6 8 -6 8 -6 8 -5 8 -5 0 0 8 -6 8 -6 8 -6 8 -7 7 -7 8 -7 7 -8 8 -8 7 -8 8 -9 8 -9 7 -9 8 -9 8 -9 8 -10 8 -10 8 -10 8 -11 8 -11 9 -11 8 -11 8 -11 9 -11 9 -11 9 -11 9 -11 0 0 0 0 0 0 0 0 0 0
1784740956.693339,58316,-41,11,1,5,0,-95,1,678192807,128,0 0 0 0 0 0 0 0 0 0 0 0 5 -6 5 -6 5 -6 6 -6 6 -6 6 -6 7 -6 7 -6 7 -6 8 -6 8 -6 8 -5 9 -5 9 -5 9 -5 9 -5 9 -5 10 -5 10 -5 10 -5 10 -5 10 -5 10 -5 10 -5 11 -5 10 -5 0 0 10 -5 10 -5 10 -5 11 -5 11 -6 11 -6 11 -6 11 -6 11 -6 11 -7 11 -7 11 -7 11 -8 11 -8 11 -8 11 -8 12 -9 11 -9 12 -9 12 -9 12 -9 12 -9 12 -9 13 -10 12 -9 13 -9 0 0 0 0 0 0 0 0 0 0
1784740956.693339,58317,-45,11,1,6,1,-95,1,678201382,128,0 0 0 0 0 0 0 0 0 0 0 0 -2 6 -2 6 -3 6 -3 6 -3 7 -4 7 -4 6 -4 7 -5 7 -5 7 -5 7 -5 7 -5 7 -5 7 -6 7 -6 7 -6 7 -6 7 -6 7 -6 7 -7 7 -7 7 -6 8 -7 8 -7 8 -7 8 0 0 -7 8 -7 8 -7 8 -7 9 -6 8 -7 9 -7 9 -7 9 -7 9 -7 10 -6 10 -6 10 -6 10 -7 10 -7 10 -7 11 -7 11 -7 11 -7 11 -7 12 -7 11 -7 11 -7 12 -7 12 -7 12 -7 12 0 0 0 0 0 0 0 0 0 0
1784740956.725374,58318,-45,11,1,6,1,-95,1,678211209,128,0 0 0 0 0 0 0 0 0 0 0 0 5 1 6 1 5 2 6 1 6 2 6 2 6 2 6 2 6 3 6 3 6 3 6 3 6 4 7 4 7 4 7 4 7 4 7 4 7 5 7 4 7 4 7 5 8 5 8 5 8 5 8 5 0 0 8 5 8 5 8 5 9 5 9 5 9 5 9 5 9 5 10 5 10 5 10 5 10 5 10 5 10 5 11 5 11 5 11 5 12 5 12 5 12 5 12 5 12 5 12 6 12 6 12 6 12 6 0 0 0 0 0 0 0 0 0 0
1784740956.725374,58319,-46,11,1,6,1,-95,1,678240724,128,0 0 0 0 0 0 0 0 0 0 0 0 -8 0 -7 -1 -8 -1 -7 -1 -8 -1 -8 -1 -8 -2 -8 -2 -9 -2 -9 -2 -9 -3 -9 -3 -9 -3 -9 -4 -9 -4 -9 -4 -9 -4 -10 -4 -9 -4 -10 -4 -10 -4 -10 -4 -10 -4 -9 -4 -10 -4 -10 -4 0 0 -10 -4 -11 -4 -10 -3 -11 -3 -10 -3 -11 -3 -11 -3 -11 -3 -11 -3 -13 -3 -12 -3 -12 -3 -12 -3 -12 -3 -14 -2 -13 -2 -14 -3 -14 -2 -14 -2 -14 -2 -14 -2 -14 -2 -15 -3 -15 -3 -15 -3 -15 -2 0 0 0 0 0 0 0 0 0 0
1784740956.741195,58320,-44,11,1,7,1,-95,1,678249927,128,0 0 0 0 0 0 0 0 0 0 0 0 5 -3 5 -3 6 -2 6 -2 7 -2 6 -2 7 -2 7 -2 7 -2 7 -1 8 -1 8 -1 8 -1 8 -1 8 -1 9 -1 9 -1 9 0 9 0 9 0 9 0 9 0 10 0 9 0 9 0 10 0 0 0 10 0 10 0 10 0 10 -1 10 -1 11 -1 10 -1 11 -1 10 -1 11 -1 11 -1 11 -1 11 -1 11 -1 12 -2 11 -2 12 -2 12 -2 12 -2 13 -3 13 -2 12 -3 13 -2 13 -2 13 -2 13 -3 0 0 0 0 0 0 0 0 0 0
1784740956.760860,58321,-44,11,1,7,1,-95,1,678259888,128,0 0 0 0 0 0 0 0 0 0 0 0 -4 -7 -3 -7 -3 -7 -3 -8 -3 -8 -3 -8 -3 -8 -3 -8 -2 -9 -2 -9 -2 -9 -2 -9 -1 -10 -2 -10 -1 -10 -1 -10 -1 -10 -1 -10 -1 -11 0 -11 -1 -11 0 -11 0 -11 0 -11 0 -11 0 -11 0 0 0 -11 0 -11 0 -11 -1 -11 -1 -11 -1 -12 -1 -12 -1 -12 -1 -12 -1 -12 -1 -12 -2 -12 -2 -12 -2 -13 -2 -13 -2 -13 -2 -13 -2 -13 -2 -13 -3 -13 -3 -13 -3 -14 -3 -14 -3 -14 -3 -15 -3 -15 0 0 0 0 0 0 0 0 0 0
1784740956.772815,58322,-41,11,1,7,0,-95,1,678274724,128,0 0 0 0 0 0 0 0 0 0 0 0 -8 -2 -9 -3 -9 -4 -9 -4 -9 -4 -9 -5 -9 -5 -9 -5 -9 -5 -9 -6 -9 -6 -10 -7 -9 -7 -10 -8 -10 -8 -10 -8 -10 -8 -10 -8 -10 -9 -9 -9 -10 -9 -10 -9 -10 -9 -9 -9 -10 -10 -10 -10 0 0 -10 -10 -10 -10 -10 -10 -11 -10 -11 -9 -11 -9 -11 -9 -11 -9 -11 -9 -12 -9 -12 -9 -12 -9 -12 -9 -13 -9 -13 -9 -13 -9 -13 -9 -14 -9 -14 -9 -14 -9 -14 -9 -14 -9 -15 -10 -14 -9 -16 -10 -16 -9 0 0 0 0 0 0 0 0 0 0
1784740956.772815,58323,-41,11,1,7,0,-95,1,678280005,128,0 0 0 0 0 0 0 0 0 0 0 0 -7 -5 -7 -5 -7 -6 -7 -6 -7 -7 -7 -7 -7 -7 -7 -7 -7 -8 -7 -8 -7 -9 -7 -9 -7 -9 -7 -10 -7 -10 -7 -10 -7 -11 -7 -11 -7 -11 -7 -11 -7 -11 -7 -11 -7 -11 -7 -11 -7 -11 -7 -11 0 0 -8 -11 -7 -11 -8 -11 -8 -11 -8 -11 -8 -11 -9 -11 -9 -11 -9 -11 -9 -11 -10 -11 -10 -11 -10 -11 -10 -11 -11 -11 -11 -11 -11 -11 -11 -11 -12 -11 -12 -11 -13 -11 -13 -11 -13 -11 -13 -11 -13 -11 -13 -13 0 0 0 0 0 0 0 0 0 0
1784740956.772815,58324,-44,11,1,7,1,-95,1,678290017,128,0 0 0 0 0 0 0 0 0 0 0 0 2 5 2 6 1 6 1 6 1 6 1 7 1 7 1 7 0 7 0 8 0 8 0 8 0 8 0 9 -1 9 -1 9 -1 9 -1 9 -1 10 -2 9 -2 9 -2 10 -2 9 -2 9 -2 10 -2 10 0 0 -2 10 -1 10 -2 10 -1 10 -1 10 -1 10 -1 11 -1 11 -1 11 0 11 0 11 0 12 0 12 0 12 0 12 0 13 0 12 0 13 0 13 0 13 1 13 0 13 1 13 1 13 1 14 1 14 0 0 0 0 0 0 0 0 0 0
1784740956.788946,58325,-42,11,1,6,0,-95,1,678301376,128,0 0 0 0 0 0 0 0 0 0 0 0 -8 0 -8 -1 -9 -1 -9 -1 -9 -2 -9 -2 -9 -2 -10 -2 -10 -3 -10 -3 -10 -3 -11 -4 -11 -4 -11 -4 -11 -4 -11 -5 -11 -5 -11 -5 -11 -5 -11 -5 -11 -5 -11 -6 -11 -5 -11 -6 -11 -6 -11 -5 0 0 -12 -5 -12 -5 -12 -5 -12 -5 -12 -4 -12 -4 -13 -4 -13 -4 -13 -4 -14 -4 -14 -4 -14 -4 -14 -4 -15 -3 -15 -3 -15 -3 -15 -3 -15 -3 -16 -3 -16 -3 -16 -3 -17 -3 -16 -3 -16 -3 -17 -3 -17 -3 0 0 0 0 0 0 0 0 0 0
1784740956.805080,58326,-45,11,1,6,1,-95,1,678311420,128,0 0 0 0 0 0 0 0 0 0 0 0 -8 -1 -8 -1 -8 -2 -8 -2 -8 -2 -8 -3 -8 -3 -9 -3 -9 -4 -9 -4 -9 -4 -9 -4 -9 -5 -9 -5 -9 -6 -9 -6 -9 -6 -9 -6 -9 -6 -8 -7 -9 -6 -8 -7 -9 -6 -9 -6 -9 -6 -9 -6 0 0 -9 -6 -9 -6 -9 -6 -9 -5 -9 -5 -9 -6 -10 -5 -10 -5 -10 -5 -11 -5 -11 -4 -11 -4 -11 -4 -12 -4 -12 -4 -12 -4 -12 -4 -12 -4 -12 -4 -13 -4 -13 -4 -13 -4 -13 -4 -13 -4 -14 -4 -14 -4 0 0 0 0 0 0 0 0 0 0
1784740956.825204,58327,-45,11,1,7,1,-95,1,678332947,128,0 0 0 0 0 0 0 0 0 0 0 0 2 -6 2 -6 3 -6 3 -6 4 -6 4 -6 4 -7 4 -7 5 -7 5 -7 5 -7 6 -7 6 -7 6 -7 6 -7 7 -7 7 -7 7 -7 7 -7 7 -7 7 -7 7 -7 8 -7 7 -7 7 -7 7 -7 0 0 7 -7 7 -8 7 -7 7 -8 7 -8 7 -9 7 -9 7 -9 7 -9 7 -10 7 -10 7 -10 7 -10 7 -10 7 -11 7 -11 8 -11 7 -11 7 -12 7 -12 7 -12 7 -13 8 -13 8 -12 8 -13 8 -13 0 0 0 0 0 0 0 0 0 0
1784740956.839600,58328,-45,11,1,7,1,-95,1,678334880,128,0 0 0 0 0 0 0 0 0 0 0 0 -1 -7 -1 -7 0 -7 0 -7 0 -7 0 -8 1 -8 1 -8 1 -8 1 -8 1 -8 2 -9 2 -9 2 -9 3 -9 3 -9 3 -9 3 -9 3 -9 4 -9 3 -9 4 -9 4 -9 4 -9 4 -10 3 -10 0 0 3 -10 3 -10 3 -10 3 -10 3 -10 3 -11 3 -11 3 -11 3 -11 2 -12 2 -12 2 -12 2 -12 2 -13 2 -13 2 -13 2 -13 2 -13 2 -13 2 -14 2 -14 2 -14 2 -14 2 -14 2 -14 2 -15 0 0 0 0 0 0 0 0 0 0
1784740956.839600,58329,-41,11,1,7,0,-95,1,678343479,128,0 0 0 0 0 0 0 0 0 0 0 0 7 -2 7 -1 7 -1 8 -1 8 -1 8 0 9 0 9 0 9 0 9 1 10 1 10 2 10 2 10 2 11 2 11 3 11 3 11 3 11 3 11 3 11 3 11 3 11 3 11 3 11 3 11 3 0 0 11 3 12 3 12 2 12 2 12 2 12 2 13 2 13 2 13 2 13 1 13 1 14 1 14 1 14 1 14 0 15 0 15 0 15 0 16 0 16 0 16 0 16 0 16 0 17 0 17 0 17 0 0 0 0 0 0 0 0 0 0 0
1784740956.852509,58330,-44,11,1,7,1,-95,1,678350514,128,0 0 0 0 0 0 0 0 0 0 0 0 -4 5 -4 5 -4 5 -5 5 -5 5 -5 5 -6 6 -6 6 -6 6 -7 6 -7 6 -8 5 -8 5 -8 5 -8 6 -9 5 -9 5 -9 5 -9 5 -9 5 -9 5 -9 5 -10 5 -10 5 -9 5 -10 5 0 0 -9 6 -10 6 -10 6 -10 6 -9 6 -9 7 -10 7 -10 7 -9 7 -10 8 -10 7 -10 8 -10 8 -10 8 -10 9 -10 9 -10 9 -10 9 -10 10 -10 10 -10 10 -10 10 -11 10 -11 10 -11 9 -11 10 0 0 0 0 0 0 0 0 0 0
1784740956.852509,58331,-44,11,1,6,1,-95,1,678360712,128,0 0 0 0 0 0 0 0 0 0 0 0 -6 -6 -6 -6 -5 -7 -5 -7 -5 -7 -5 -8 -5 -8 -5 -8 -5 -9 -5 -9 -5 -9 -5 -10 -5 -10 -4 -10 -4 -11 -3 -11 -3 -12 -3 -11 -3 -11 -3 -11 -3 -11 -3 -11 -4 -11 -3 -11 -3 -11 -4 -12 0 0 -4 -12 -4 -11 -3 -12 -4 -11 -4 -11 -4 -12 -4 -12 -5 -12 -5 -12 -5 -12 -6 -12 -6 -12 -6 -12 -6 -13 -6 -12 -6 -13 -6 -12 -7 -13 -7 -13 -7 -13 -7 -13 -7 -13 -7 -12 -7 -13 -8 -13 -8 -13 0 0 0 0 0 0 0 0 0 0
1784740956.868203,58332,-44,11,1,6,1,-95,1,678369927,128,0 0 0 0 0 0 0 0 0 0 0 0 5 -5 6 -5 6 -5 7 -4 7 -4 7 -4 7 -4 8 -5 8 -4 9 -4 9 -3 9 -3 10 -3 10 -3 11 -3 10 -2 11 -2 10 -2 11 -2 11 -2 11 -2 11 -2 11 -2 10 -1 10 -1 11 -2 0 0 11 -2 10 -2 11 -2 11 -3 10 -3 11 -4 10 -4 11 -4 11 -4 11 -4 11 -4 11 -5 11 -5 11 -5 11 -5 12 -6 11 -5 11 -6 11 -6 11 -6 11 -6 12 -7 11 -7 12 -6 11 -6 12 -7 0 0 0 0 0 0 0 0 0 0
1784740956.884374,58333,-45,11,1,6,1,-95,1,678379857,128,0 0 0 0 0 0 0 0 0 0 0 0 7 0 7 0 7 1 7 1 7 2 8 2 8 2 8 2 8 3 9 3 9 3 9 3 9 4 9 4 9 5 9 6 9 6 9 6 9 6 8 6 9 6 8 7 8 6 8 6 8 6 9 6 0 0 9 6 9 6 8 6 9 6 9 5 9 6 9 6 9 5 9 5 10 5 10 5 10 4 10 5 11 5 10 5 11 5 11 5 11 5 11 5 12 5 11 5 12 5 11 4 12 4 12 4 12 4 0 0 0 0 0 0 0 0 0 0
1784740956.887485,58334,-42,11,1,6,0,-95,1,678389861,128,0 0 0 0 0 0 0 0 0 0 0 0 -4 8 -4 9 -5 8 -5 8 -6 8 -6 8 -6 8 -7 8 -7 9 -7 8 -8 8 -8 8 -9 8 -9 8 -9 8 -10 7 -10 8 -10 7 -10 7 -10 7 -10 7 -10 7 -9 7 -10 7 -10 7 -9 7 0 0 -9 7 -9 7 -9 7 -9 7 -9 8 -9 8 -9 8 -9 9 -8 9 -8 9 -8 10 -8 9 -8 10 -8 10 -8 10 -8 10 -8 10 -8 11 -8 11 -8 11 -8 12 -8 12 -8 11 -8 12 -8 12 -8 12 0 0 0 0 0 0 0 0 0 0
1784740956.887485,58335,-45,11,1,6,1,-95,1,678400099,128,0 0 0 0 0 0 0 0 0 0 0 0 -9 -1 -9 -2 -9 -2 -9 -3 -9 -3 -9 -3 -9 -4 -10 -4 -10 -4 -10 -5 -10 -5 -10 -5 -10 -6 -10 -6 -10 -7 -9 -7 -10 -7 -10 -7 -9 -7 -9 -7 -9 -7 -9 -7 -9 -7 -9 -7 -9 -7 -9 -7 0 0 -9 -7 -9 -6 -9 -6 -10 -6 -9 -6 -10 -6 -10 -5 -10 -5 -11 -5 -11 -5 -11 -5 -11 -5 -11 -5 -12 -5 -12 -4 -12 -5 -12 -4 -12 -4 -13 -4 -13 -4 -13 -4 -13 -4 -13 -4 -13 -4 -13 -4 -14 -4 0 0 0 0 0 0 0 0 0 0
1784740956.906510,58336,-44,11,1,6,1,-95,1,678409915,128,0 0 0 0 0 0 0 0 0 0 0 0 8 -1 8 -1 8 0 8 0 8 1 9 1 9 1 9 1 9 1 9 2 10 2 10 3 10 3 10 3 10 3 10 4 10 4 10 5 10 5 10 5 10 5 9 5 10 5 9 5 9 5 10 4 0 0 9 4 9 4 10 5 10 4 10 4 10 4 10 3 10 3 10 3 11 3 11 3 11 2 11 2 11 2 12 2 12 2 12 2 12 2 12 2 13 1 13 1 13 2 13 1 13 1 14 1 14 2 0 0 0 0 0 0 0 0 0 0
1784740956.917731,58337,-43,11,1,6,1,-95,1,678420224,128,0 0 0 0 0 0 0 0 0 0 0 0 -9 -1 -9 -2 -9 -2 -9 -2 -9 -3 -9 -3 -10 -3 -10 -4 -10 -4 -10 -4 -10 -5 -11 -5 -10 -6 -11 -6 -11 -6 -10 -6 -10 -7 -10 -7 -10 -7 -10 -7 -10 -7 -10 -7 -10 -7 -10 -7 -10 -7 -10 -7 0 0 -10 -7 -10 -6 -10 -6 -10 -6 -10 -6 -10 -6 -10 -5 -11 -5 -11 -5 -11 -5 -11 -5 -11 -5 -11 -4 -12 -5 -12 -4 -13 -4 -12 -4 -13 -4 -13 -3 -13 -3 -13 -3 -13 -3 -13 -3 -13 -4 -14 -3 -14 -3 0 0 0 0 0 0 0 0 0 0
1784740956.917731,58338,-42,11,1,6,1,-95,1,678429853,128,0 0 0 0 0 0 0 0 0 0 0 0 0 8 -1 8 -2 8 -2 8 -2 8 -3 9 -3 9 -3 9 -4 9 -4 9 -4 10 -5 10 -5 10 -5 10 -5 10 -6 10 -7 10 -6 10 -7 10 -7 10 -7 10 -7 9 -6 10 -6 9 -7 9 -7 10 0 0 -7 10 -6 10 -7 10 -6 9 -6 10 -6 10 -6 10 -5 10 -5 10 -5 11 -4 11 -4 11 -4 11 -4 11 -4 11 -4 12 -4 11 -4 12 -3 12 -3 12 -3 12 -3 12 -3 12 -3 12 -3 12 -2 13 0 0 0 0 0 0 0 0 0 0
1784740956.932473,58339,-43,11,1,6,1,-95,1,678440416,128,0 0 0 0 0 0 0 0 0 0 0 0 7 2 7 2 7 3 7 3 7 3 7 3 7 4 7 4 8 4 7 6 7 6 7 6 7 7 7 7 7 7 8 7 7 7 8 8 7 8 7 8 7 8 7 8 7 8 6 8 6 8 6 8 0 0 7 8 7 8 7 7 7 8 7 7 7 7 8 7 8 7 8 7 9 7 8 7 8 7 8 7 8 6 10 7 9 6 10 7 10 6 10 6 10 6 10 6 11 5 11 6 10 6 11 6 10 6 0 0 0 0 0 0 0 0 0 0
1784740956.939796,58340,-44,11,1,6,1,-95,1,678450225,128,0 0 0 0 0 0 0 0 0 0 0 0 3 6 3 6 3 7 3 7 2 7 3 8 2 8 2 8 2 9 2 9 1 9 1 10 1 10 1 10 1 10 0 10 0 11 0 11 -1 11 -1 11 -1 11 0 11 -1 10 -1 10 -1 10 -1 11 0 0 0 11 0 10 0 11 0 10 0 11 0 10 1 10 1 11 1 11 2 11 2 11 2 11 2 11 2 11 2 11 3 11 3 11 3 11 4 11 4 11 4 11 4 11 4 11 4 11 4 12 5 12 0 0 0 0 0 0 0 0 0 0
1784740956.996568,58341,-45,11,1,6,1,-95,1,678463846,128,0 0 0 0 0 0 0 0 0 0 0 0 -7 -3 -7 -3 -7 -4 -7 -4 -7 -5 -7 -5 -7 -5 -7 -5 -8 -6 -8 -7 -7 -7 -7 -7 -7 -8 -7 -8 -7 -8 -7 -8 -7 -8 -7 -9 -6 -9 -6 -9 -7 -9 -6 -9 -7 -9 -6 -9 -6 -9 -7 -9 0 0 -7 -8 -7 -8 -7 -8 -7 -8 -7 -8 -8 -8 -8 -8 -8 -8 -8 -8 -9 -8 -9 -8 -9 -7 -9 -8 -9 -8 -10 -7 -10 -7 -10 -8 -10 -8 -10 -8 -11 -7 -11 -7 -11 -7 -11 -8 -11 -8 -11 -8 -11 -7 0 0 0 0 0 0 0 0 0 0
1784740956.996568,58342,-46,11,1,6,1,-95,1,678481838,128,0 0 0 0 0 0 0 0 0 0 0 0 4 -4 4 -4 5 -4 5 -4 6 -4 5 -4 6 -4 6 -4 6 -4 7 -4 7 -4 8 -3 8 -3 8 -3 8 -3 9 -3 8 -3 9 -3 9 -2 9 -3 9 -3 9 -3 9 -2 9 -2 9 -2 9 -2 0 0 9 -3 10 -3 9 -3 10 -3 9 -3 9 -3 10 -4 10 -4 10 -4 11 -4 10 -4 10 -4 10 -4 10 -5 11 -5 11 -5 12 -5 11 -5 11 -6 12 -6 12 -6 12 -6 13 -6 13 -5 13 -6 12 -6 0 0 0 0 0 0 0 0 0 0
1784740956.996568,58343,-44,11,1,6,1,-95,1,678503326,128,0 0 0 0 0 0 0 0 0 0 0 0 4 5 4 5 4 6 4 6 4 6 4 6 4 7 3 7 3 8 3 8 3 8 3 9 3 9 2 9 2 9 2 10 2 10 2 10 2 10 2 10 2 10 1 10 1 10 1 10 1 10 1 10 0 0 2 10 1 10 2 10 2 10 2 10 2 10 2 10 3 10 3 10 3 10 4 11 3 10 4 10 4 10 5 11 5 11 5 11 5 11 5 11 5 11 5 11 6 11 5 12 5 12 6 12 6 12 0 0 0 0 0 0 0 0 0 0
1784740956.996568,58344,-44,11,1,6,1,-95,1,678503879,128,0 0 0 0 0 0 0 0 0 0 0 0 3 6 3 6 2 6 2 7 2 7 2 7 2 8 2 8 2 8 1 9 1 9 0 9 0 9 0 10 0 10 0 10 -1 10 -1 10 -1 11 -1 10 -1 10 -1 10 -1 10 -2 10 -2 10 -1 10 0 0 -1 10 -1 10 -1 11 0 10 0 10 0 10 0 10 0 11 0 11 1 11 1 11 1 11 1 11 1 12 1 11 2 12 2 12 2 13 2 12 2 12 2 12 3 13 2 12 2 13 2 13 3 13 0 0 0 0 0 0 0 0 0 0
1784740956.996568,58345,-43,11,1,6,1,-95,1,678509975,128,0 0 0 0 0 0 0 0 0 0 0 0 4 -6 5 -6 5 -5 6 -6 5 -5 6 -5 6 -5 7 -6 8 -5 7 -5 8 -5 8 -5 8 -5 9 -4 9 -5 9 -4 10 -4 9 -3 10 -4 10 -3 10 -3 10 -3 10 -3 10 -3 10 -3 10 -3 0 0 10 -3 10 -3 10 -3 10 -4 10 -4 10 -4 10 -4 10 -4 10 -4 10 -5 10 -5 10 -5 10 -5 11 -6 10 -6 11 -6 10 -6 11 -7 11 -7 11 -7 11 -7 11 -7 11 -7 11 -7 11 -7 12 -8 0 0 0 0 0 0 0 0 0 0
1784740957.012773,58346,-40,11,1,6,0,-95,1,678522589,128,0 0 0 0 0 0 0 0 0 0 0 0 7 -3 8 -2 8 -2 8 -1 9 -1 9 -1 9 0 9 0 10 0 10 0 11 1 11 1 11 1 11 1 11 2 12 2 12 3 11 3 11 3 12 3 11 3 11 3 11 3 11 4 12 4 11 4 0 0 11 3 12 3 11 3 12 3 12 3 12 2 12 2 12 2 12 2 12 1 12 1 12 1 13 1 13 1 13 0 13 0 14 0 14 0 14 0 14 0 14 0 14 -1 15 -1 15 -1 14 -1 15 -1 0 0 0 0 0 0 0 0 0 0
1784740957.012773,58347,-44,11,1,6,1,-95,1,678530166,128,0 0 0 0 0 0 0 0 0 0 0 0 -6 4 -6 4 -7 4 -7 4 -7 4 -7 4 -8 4 -8 3 -8 4 -9 3 -9 3 -10 3 -10 2 -10 2 -10 2 -11 2 -10 2 -11 2 -10 2 -10 2 -11 1 -10 1 -11 1 -11 1 -10 1 -10 1 0 0 -10 1 -10 2 -10 1 -11 2 -10 2 -10 2 -10 2 -10 2 -10 3 -10 3 -10 3 -10 3 -10 4 -10 4 -11 5 -10 5 -11 5 -11 5 -11 5 -11 6 -11 5 -11 6 -12 6 -12 6 -12 6 -12 6 0 0 0 0 0 0 0 0 0 0
1784740957.037822,58348,-44,11,1,6,1,-95,1,678539941,128,0 0 0 0 0 0 0 0 0 0 0 0 2 6 2 6 1 6 1 7 1 7 0 7 0 7 0 8 0 8 0 8 -1 8 -1 9 -1 9 -2 9 -2 9 -2 9 -3 9 -2 9 -3 9 -3 9 -3 9 -3 9 -3 9 -3 9 -3 9 -3 9 0 0 -3 9 -3 9 -3 9 -3 9 -2 9 -2 9 -2 9 -2 10 -2 10 -2 10 -2 10 -1 10 -1 10 -1 11 -1 11 -1 12 -1 11 -1 12 -1 11 -1 12 0 12 -1 12 0 12 -1 12 -1 13 -1 13 0 0 0 0 0 0 0 0 0 0
1784740957.045102,58349,-42,11,1,6,0,-95,1,678549908,128,0 0 0 0 0 0 0 0 0 0 0 0 -8 3 -8 3 -8 2 -9 2 -9 2 -9 2 -9 1 -10 1 -10 1 -11 1 -11 0 -11 0 -11 0 -11 0 -12 -1 -12 -1 -12 -1 -12 -1 -12 -1 -12 -2 -12 -2 -12 -2 -12 -2 -12 -2 -12 -2 -12 -2 0 0 -12 -1 -12 -1 -12 -1 -12 -1 -12 0 -13 -1 -13 0 -13 0 -13 0 -13 0 -13 1 -13 1 -14 1 -14 1 -14 1 -14 1 -15 1 -15 1 -15 2 -15 2 -15 2 -16 2 -16 2 -16 2 -16 2 -17 2 0 0 0 0 0 0 0 0 0 0
1784740957.045102,58350,-46,11,1,6,1,-95,1,678559980,128,0 0 0 0 0 0 0 0 0 0 0 0 1 7 0 7 0 8 0 7 -1 8 -1 8 -1 8 -2 9 -2 9 -3 9 -3 9 -3 9 -4 9 -4 9 -4 9 -4 9 -5 9 -4 9 -5 9 -5 9 -4 9 -5 8 -5 9 -5 8 -4 8 -4 8 0 0 -4 8 -3 9 -3 9 -3 9 -3 9 -3 9 -2 9 -2 10 -2 9 -2 10 -2 10 -1 11 -1 11 -1 11 -1 11 -1 12 -1 12 -1 12 -1 12 0 12 0 13 0 13 -1 13 -1 13 -1 13 0 13 0 0 0 0 0 0 0 0 0 0
1784740957.109356,58351,-45,11,1,6,1,-95,1,678579383,128,0 0 0 0 0 0 0 0 0 0 0 0 7 -2 7 -2 8 -1 8 -1 8 -1 8 0 9 0 9 0 9 0 10 1 10 1 10 2 10 2 10 3 10 3 10 3 10 3 10 4 10 4 10 4 10 4 10 4 10 4 9 4 9 4 9 4 0 0 9 4 10 4 9 3 10 3 9 2 10 3 10 2 10 2 10 2 11 2 11 1 11 1 11 1 11 1 12 1 12 1 12 1 12 1 13 0 13 0 13 0 13 0 13 0 13 1 13 1 13 1 0 0 0 0 0 0 0 0 0 0
1784740957.109356,58352,-42,11,1,7,0,-95,1,678590481,128,0 0 0 0 0 0 0 0 0 0 0 0 2 7 1 8 1 8 1 8 0 9 0 9 0 9 0 10 -1 10 -1 10 -2 10 -2 11 -2 11 -2 11 -3 11 -3 11 -3 11 -4 11 -4 11 -4 11 -4 11 -4 11 -4 11 -5 11 -4 11 -4 11 0 0 -4 12 -4 12 -4 12 -4 12 -3 12 -3 12 -3 12 -3 12 -3 13 -2 13 -2 13 -2 13 -2 14 -2 14 -1 14 -1 14 -2 14 -1 15 -1 15 -1 15 -1 16 -1 16 -1 16 -1 16 -1 17 -1 17 0 0 0 0 0 0 0 0 0 0
1784740957.109356,58353,-45,11,1,7,1,-95,1,678592491,128,0 0 0 0 0 0 0 0 0 0 0 0 5 -3 5 -3 6 -3 6 -2 7 -2 6 -2 7 -2 7 -2 8 -2 8 -1 8 -1 8 -1 9 -1 9 0 9 -1 9 -1 9 -1 10 0 9 0 10 0 9 0 9 0 10 0 9 0 9 1 9 0 0 0 10 0 10 -1 9 -1 10 -1 10 -1 10 -1 10 -1 10 -1 10 -2 11 -2 11 -2 11 -2 10 -2 11 -2 11 -4 11 -4 12 -3 12 -4 12 -4 12 -4 13 -4 12 -5 13 -4 13 -4 13 -4 13 -4 0 0 0 0 0 0 0 0 0 0
1784740957.109356,58354,-44,11,1,6,1,-95,1,678621082,128,0 0 0 0 0 0 0 0 0 0 0 0 -5 -5 -5 -5 -5 -5 -5 -6 -4 -6 -5 -6 -4 -7 -5 -7 -4 -7 -4 -8 -5 -8 -4 -8 -4 -9 -4 -9 -4 -9 -4 -10 -3 -10 -4 -10 -4 -10 -3 -10 -3 -10 -3 -10 -4 -10 -4 -11 -4 -11 -4 -11 0 0 -4 -11 -3 -11 -3 -11 -4 -11 -4 -11 -4 -11 -4 -11 -5 -11 -4 -12 -5 -11 -6 -11 -6 -11 -6 -12 -6 -12 -6 -12 -6 -12 -7 -12 -7 -12 -7 -13 -7 -13 -7 -13 -7 -13 -7 -13 -8 -13 -8 -13 -8 -13 0 0 0 0 0 0 0 0 0 0
1784740957.109356,58355,-44,11,1,7,1,-95,1,678625130,128,0 0 0 0 0 0 0 0 0 0 0 0 -1 -6 -1 -6 0 -7 0 -7 0 -7 0 -7 0 -8 0 -8 0 -8 1 -8 2 -9 2 -9 2 -9 2 -9 2 -9 2 -10 2 -9 3 -10 3 -10 2 -10 3 -10 3 -10 3 -11 4 -10 3 -10 3 -10 0 0 3 -11 3 -11 3 -11 3 -12 3 -11 2 -12 2 -12 2 -12 2 -12 2 -13 2 -13 2 -13 2 -12 2 -13 1 -14 1 -14 2 -14 1 -14 1 -14 1 -15 1 -15 0 -15 1 -15 2 -15 2 -15 1 -15 0 0 0 0 0 0 0 0 0 0
1784740957.125436,58356,-44,11,1,7,1,-95,1,678630222,128,0 0 0 0 0 0 0 0 0 0 0 0 4 -2 4 -3 5 -2 5 -2 5 -2 5 -2 6 -2 6 -2 6 -2 7 -2 7 -1 7 -1 8 -1 8 -1 8 -1 8 0 8 -1 8 0 9 0 9 0 9 0 9 0 9 0 10 0 10 0 10 0 0 0 10 0 11 0 10 0 10 0 11 0 11 0 11 0 11 0 11 0 12 -1 12 0 12 -1 12 -1 12 -1 13 -1 13 -1 13 -1 13 -1 13 -1 13 -1 14 -1 14 -1 14 -1 14 -1 14 -1 15 -1 0 0 0 0 0 0 0 0 0 0
1784740957.125436,58357,-45,11,1,7,1,-95,1,678639826,128,0 0 0 0 0 0 0 0 0 0 0 0 -6 -2 -6 -2 -6 -2 -6 -2 -7 -3 -7 -3 -7 -3 -7 -3 -8 -3 -8 -4 -8 -4 -8 -5 -8 -4 -8 -5 -8 -5 -8 -5 -9 -5 -9 -5 -9 -5 -9 -5 -9 -5 -9 -6 -9 -6 -9 -6 -9 -7 -9 -6 0 0 -9 -6 -10 -6 -10 -6 -11 -6 -10 -6 -11 -6 -11 -6 -11 -6 -11 -6 -12 -6 -12 -6 -12 -6 -11 -6 -12 -6 -13 -6 -13 -6 -13 -7 -14 -6 -14 -6 -14 -6 -14 -6 -14 -6 -14 -7 -14 -7 -14 -7 -14 -7 0 0 0 0 0 0 0 0 0 0
1784740957.141450,58358,-44,11,1,7,1,-95,1,678649973,128,0 0 0 0 0 0 0 0 0 0 0 0 3 5 3 6 3 6 3 6 2 6 2 7 2 7 2 7 2 8 2 8 2 8 1 8 1 9 1 9 1 9 1 9 1 10 1 9 1 10 1 10 1 10 1 10 1 9 1 10 1 10 1 10 0 0 1 10 1 10 1 11 2 10 2 10 2 11 2 11 3 11 3 11 3 11 3 11 3 11 3 11 4 12 4 11 4 12 4 11 4 13 5 12 5 12 5 13 5 13 5 12 5 13 5 13 5 13 0 0 0 0 0 0 0 0 0 0
1784740957.157554,58359,-44,11,1,7,1,-95,1,678660747,128,0 0 0 0 0 0 0 0 0 0 0 0 4 -5 5 -5 5 -5 6 -4 6 -5 6 -4 7 -5 7 -5 7 -4 7 -4 8 -4 8 -4 8 -4 8 -4 9 -3 9 -4 9 -4 9 -3 10 -4 9 -4 9 -4 10 -4 10 -4 10 -3 10 -3 10 -3 0 0 10 -4 10 -4 10 -4 11 -5 10 -5 10 -4 10 -5 10 -5 10 -5 11 -6 11 -6 10 -6 10 -6 10 -6 11 -7 11 -8 11 -7 12 -7 11 -8 11 -8 12 -8 12 -9 12 -8 13 -8 13 -8 13 -8 0 0 0 0 0 0 0 0 0 0
1784740957.157554,58360,-44,11,1,7,1,-95,1,678669940,128,0 0 0 0 0 0 0 0 0 0 0 0 5 -4 5 -4 6 -4 6 -3 6 -3 6 -3 7 -3 7 -3 7 -3 8 -3 8 -2 8 -2 9 -2 9 -2 9 -2 9 -2 9 -2 10 -2 9 -1 10 -2 10 -2 10 -2 10 -1 10 -1 10 -1 10 -1 0 0 10 -2 11 -2 10 -2 11 -2 10 -2 11 -2 11 -3 11 -3 11 -3 12 -3 12 -3 11 -3 11 -3 11 -4 12 -5 12 -5 13 -4 12 -4 13 -5 13 -5 13 -5 13 -6 14 -5 14 -5 14 -5 14 -5 0 0 0 0 0 0 0 0 0 0
1784740957.221611,58361,-44,11,1,7,1,-95,1,678681858,128,0 0 0 0 0 0 0 0 0 0 0 0 -4 -6 -3 -6 -3 -7 -3 -7 -3 -8 -3 -8 -3 -8 -3 -8 -3 -8 -2 -9 -2 -9 -2 -9 -1 -10 -1 -10 -1 -10 -2 -10 -1 -10 -1 -11 -1 -10 -1 -11 -1 -11 -1 -11 -1 -11 -1 -11 -1 -11 -1 -11 0 0 -1 -11 -1 -11 -1 -11 -2 -12 -2 -11 -1 -12 -2 -11 -2 -12 -2 -12 -2 -13 -2 -12 -2 -12 -3 -12 -3 -12 -4 -13 -4 -13 -3 -14 -4 -13 -4 -13 -4 -14 -4 -13 -4 -14 -4 -14 -4 -14 -4 -14 -4 -14 0 0 0 0 0 0 0 0 0 0
1784740957.221611,58362,-41,11,1,7,0,-95,1,678689912,128,0 0 0 0 0 0 0 0 0 0 0 0 -4 5 -5 6 -5 5 -6 6 -6 5 -6 6 -6 6 -7 6 -7 5 -7 6 -8 6 -8 6 -8 6 -9 6 -9 6 -9 5 -10 6 -9 5 -10 5 -10 5 -10 6 -10 5 -10 6 -10 6 -10 6 -11 6 0 0 -11 6 -10 6 -11 6 -10 6 -11 7 -11 7 -11 7 -11 7 -11 8 -11 8 -11 8 -11 9 -11 8 -11 9 -11 9 -12 9 -11 9 -12 10 -11 10 -12 10 -12 10 -12 10 -12 10 -12 10 -12 10 -13 10 0 0 0 0 0 0 0 0 0 0
1784740957.221611,58363,-44,11,1,7,1,-95,1,678699932,128,0 0 0 0 0 0 0 0 0 0 0 0 0 6 -1 6 -1 7 -2 7 -2 7 -2 7 -2 7 -2 7 -2 7 -3 8 -4 8 -4 8 -4 8 -4 8 -4 8 -4 8 -4 8 -4 9 -4 9 -4 9 -4 9 -4 9 -4 9 -5 8 -5 8 -4 9 0 0 -4 9 -4 10 -4 10 -4 10 -3 10 -3 10 -3 10 -3 11 -3 11 -3 12 -3 12 -3 12 -3 11 -3 12 -2 13 -2 13 -2 13 -2 14 -2 13 -1 14 -2 14 -1 14 -2 14 -3 15 -2 14 -2 15 0 0 0 0 0 0 0 0 0 0
1784740957.221611,58364,-44,11,1,7,1,-95,1,678712275,128,0 0 0 0 0 0 0 0 0 0 0 0 -6 4 -6 4 -7 3 -7 3 -7 3 -8 3 -8 3 -8 3 -9 3 -9 2 -9 2 -10 2 -9 2 -10 1 -10 2 -10 1 -11 2 -10 1 -11 2 -10 1 -11 1 -11 1 -11 1 -11 1 -11 1 -11 1 0 0 -12 2 -11 2 -12 2 -11 2 -12 3 -12 2 -12 3 -12 3 -12 3 -12 4 -13 3 -12 4 -12 3 -13 4 -12 4 -13 5 -13 4 -14 5 -13 5 -14 5 -14 5 -14 6 -14 5 -14 5 -15 5 -15 5 0 0 0 0 0 0 0 0 0 0
1784740957.221611,58365,-44,11,1,7,1,-95,1,678722306,128,0 0 0 0 0 0 0 0 0 0 0 0 -6 2 -7 2 -7 2 -7 2 -7 2 -8 1 -8 1 -8 1 -9 1 -9 1 -9 1 -9 0 -10 0 -10 0 -10 0 -10 -1 -10 -1 -10 -1 -10 -1 -10 -1 -11 -1 -11 -1 -11 -1 -11 -1 -11 -1 -11 -1 0 0 -11 -1 -11 -1 -11 -1 -12 -1 -12 -1 -12 -1 -12 -1 -12 0 -12 -1 -12 0 -12 0 -12 0 -13 0 -13 0 -13 1 -13 1 -13 1 -14 1 -14 1 -14 1 -14 1 -14 1 -14 1 -15 1 -15 1 -15 1 0 0 0 0 0 0 0 0 0 0
1784740957.240376,58366,-44,11,1,6,1,-95,1,678741342,128,0 0 0 0 0 0 0 0 0 0 0 0 5 -5 6 -5 7 -5 6 -5 7 -5 7 -4 8 -4 8 -4 8 -4 9 -4 9 -3 9 -3 9 -3 9 -3 9 -3 10 -3 10 -3 10 -3 10 -3 10 -3 10 -3 10 -3 11 -3 10 -2 11 -2 10 -3 0 0 10 -3 11 -3 10 -3 11 -4 10 -4 11 -4 10 -4 11 -4 11 -5 11 -5 11 -5 11 -5 11 -5 10 -5 11 -6 11 -7 11 -7 12 -6 11 -7 11 -7 11 -7 11 -8 12 -7 12 -7 11 -7 12 -7 0 0 0 0 0 0 0 0 0 0
1784740957.240376,58367,-44,11,1,7,1,-95,1,678741751,128,0 0 0 0 0 0 0 0 0 0 0 0 -6 -6 -6 -6 -5 -7 -6 -7 -5 -7 -5 -8 -5 -8 -5 -8 -5 -9 -5 -9 -5 -9 -5 -9 -4 -10 -4 -10 -4 -11 -4 -10 -4 -11 -4 -10 -4 -11 -3 -11 -3 -11 -3 -11 -4 -11 -4 -11 -3 -11 -4 -12 0 0 -3 -12 -3 -11 -3 -12 -4 -11 -4 -11 -4 -12 -4 -11 -4 -12 -4 -12 -5 -12 -5 -12 -6 -12 -6 -12 -6 -12 -6 -12 -6 -13 -6 -12 -7 -12 -7 -12 -6 -13 -7 -13 -7 -13 -7 -12 -7 -13 -7 -13 -7 -13 0 0 0 0 0 0 0 0 0 0
1784740957.240376,58368,-44,11,1,7,1,-95,1,678751087,128,0 0 0 0 0 0 0 0 0 0 0 0 3 5 3 6 3 6 3 6 3 7 3 7 3 7 2 7 2 8 2 8 2 8 2 9 1 9 1 9 1 9 1 9 1 10 1 10 0 10 1 10 1 10 1 10 0 10 0 10 0 10 0 10 0 0 0 11 1 10 1 11 1 11 1 11 1 11 2 11 2 11 2 11 2 11 2 11 2 11 2 11 3 11 3 11 3 12 3 11 3 12 4 12 4 12 4 12 4 13 4 12 3 13 4 13 4 13 0 0 0 0 0 0 0 0 0 0
1784740957.253276,58369,-45,11,1,7,1,-95,1,678759906,128,0 0 0 0 0 0 0 0 0 0 0 0 -6 -4 -6 -5 -6 -5 -5 -6 -5 -6 -5 -6 -6 -6 -6 -7 -6 -7 -5 -7 -5 -8 -6 -8 -5 -8 -5 -9 -5 -9 -5 -9 -5 -10 -5 -10 -5 -10 -5 -10 -5 -10 -5 -10 -5 -10 -5 -10 -5 -10 -5 -10 0 0 -5 -11 -5 -10 -5 -10 -6 -11 -6 -10 -6 -10 -6 -10 -6 -11 -6 -11 -7 -11 -7 -11 -7 -11 -7 -11 -7 -11 -8 -11 -8 -11 -8 -11 -8 -11 -8 -11 -9 -12 -9 -11 -9 -12 -9 -12 -9 -12 -9 -12 -9 -12 0 0 0 0 0 0 0 0 0 0
1784740957.269257,58370,-42,11,1,7,0,-95,1,678771081,128,0 0 0 0 0 0 0 0 0 0 0 0 2 -8 2 -8 3 -9 3 -9 4 -9 4 -9 4 -9 4 -9 5 -9 5 -9 6 -10 6 -10 6 -10 7 -10 7 -10 7 -10 7 -10 7 -10 8 -10 7 -10 7 -10 8 -10 8 -10 8 -10 8 -11 8 -11 0 0 8 -11 8 -11 8 -11 8 -12 7 -12 7 -12 7 -12 7 -13 7 -13 7 -13 7 -13 7 -13 6 -14 6 -14 6 -14 6 -14 6 -15 6 -15 5 -15 6 -15 5 -16 5 -16 7 -16 6 -16 8 -16 7 -16 0 0 0 0 0 0 0 0 0 0
1784740957.285096,58371,-45,11,1,7,1,-95,1,678787209,128,0 0 0 0 0 0 0 0 0 0 0 0 -7 -1 -7 -2 -7 -2 -7 -2 -7 -3 -7 -3 -7 -3 -8 -3 -8 -4 -8 -4 -8 -4 -8 -4 -8 -5 -9 -5 -9 -5 -8 -5 -9 -6 -9 -6 -9 -6 -9 -6 -9 -6 -9 -6 -9 -6 -9 -6 -9 -6 -10 -7 0 0 -10 -7 -10 -7 -10 -7 -10 -6 -10 -6 -10 -6 -10 -6 -11 -6 -11 -7 -11 -6 -11 -6 -12 -6 -11 -6 -12 -6 -12 -6 -13 -7 -12 -6 -13 -6 -13 -6 -13 -6 -13 -6 -14 -7 -13 -7 -13 -7 -14 -7 -14 -7 0 0 0 0 0 0 0 0 0 0
1784740957.285096,58372,-45,11,1,6,1,-95,1,678791271,128,0 0 0 0 0 0 0 0 0 0 0 0 -6 0 -7 -1 -7 -1 -7 -1 -7 -2 -7 -2 -7 -2 -8 -2 -8 -2 -8 -2 -8 -3 -8 -3 -8 -3 -9 -3 -9 -3 -9 -4 -9 -4 -9 -4 -9 -4 -9 -4 -9 -4 -10 -4 -10 -4 -10 -4 -10 -4 -10 -4 0 0 -10 -4 -11 -4 -11 -4 -11 -4 -11 -4 -11 -4 -11 -4 -12 -4 -12 -4 -12 -3 -12 -4 -12 -3 -13 -4 -13 -4 -13 -4 -14 -4 -14 -4 -14 -3 -14 -4 -14 -3 -14 -4 -15 -4 -15 -3 -15 -4 -15 -4 -15 -4 0 0 0 0 0 0 0 0 0 0
1784740957.285096,58373,-46,11,1,7,1,-95,1,678799921,128,0 0 0 0 0 0 0 0 0 0 0 0 1 -6 1 -6 2 -6 2 -6 2 -6 2 -6 2 -7 3 -7 3 -7 3 -7 3 -7 4 -7 4 -7 4 -7 4 -7 4 -7 4 -7 4 -8 5 -8 5 -8 5 -8 5 -8 5 -8 5 -8 5 -8 5 -9 0 0 5 -9 5 -9 5 -9 5 -9 5 -10 5 -10 5 -10 5 -10 5 -10 5 -11 5 -11 5 -11 6 -11 5 -11 5 -12 6 -12 6 -12 6 -13 6 -13 6 -13 6 -13 6 -14 7 -14 7 -14 7 -13 7 -14 0 0 0 0 0 0 0 0 0 0
1784740957.300911,58374,-45,11,1,7,1,-95,1,678809937,128,0 0 0 0 0 0 0 0 0 0 0 0 4 4 4 4 4 5 4 5 4 5 4 5 4 5 4 6 4 6 4 6 4 7 4 7 3 7 4 7 4 7 4 7 4 7 4 8 4 8 4 8 4 8 4 8 4 8 3 8 4 8 4 8 0 0 4 8 5 8 5 8 5 9 5 8 6 8 6 8 6 8 6 8 7 9 6 9 6 9 7 8 7 9 8 9 8 8 8 9 8 9 9 9 9 9 9 9 9 9 9 10 9 10 9 10 9 10 0 0 0 0 0 0 0 0 0 0
1784740957.348899,58375,-44,11,1,7,1,-95,1,678831400,128,0 0 0 0 0 0 0 0 0 0 0 0 -5 5 -5 5 -6 5 -6 4 -7 5 -7 4 -7 4 -7 4 -7 4 -8 4 -8 4 -9 4 -9 4 -9 4 -9 4 -9 4 -10 4 -10 4 -10 4 -10 4 -10 4 -10 4 -10 4 -10 3 -10 3 -10 4 0 0 -10 4 -10 4 -10 4 -11 4 -10 4 -10 4 -10 5 -11 5 -10 5 -11 5 -11 5 -10 6 -11 6 -11 6 -10 7 -11 7 -11 7 -11 7 -11 7 -11 8 -11 7 -11 8 -11 8 -11 7 -12 8 -12 8 0 0 0 0 0 0 0 0 0 0
1784740957.348899,58376,-45,11,1,6,1,-95,1,678848813,128,0 0 0 0 0 0 0 0 0 0 0 0 -5 4 -6 3 -6 3 -6 3 -7 3 -7 3 -7 3 -8 3 -8 3 -8 3 -9 2 -9 2 -9 2 -9 2 -9 2 -10 2 -10 2 -10 2 -10 2 -10 2 -10 2 -10 2 -10 2 -11 1 -11 1 -11 1 0 0 -11 2 -11 2 -11 2 -11 2 -11 3 -12 3 -11 3 -12 3 -12 3 -12 3 -12 3 -12 3 -12 3 -12 3 -12 5 -12 4 -12 4 -13 4 -12 5 -12 5 -12 5 -12 5 -13 5 -13 4 -13 4 -13 5 0 0 0 0 0 0 0 0 0 0
1784740957.348899,58377,-45,11,1,7,1,-95,1,678850728,128,0 0 0 0 0 0 0 0 0 0 0 0 1 -7 1 -7 1 -7 2 -7 2 -7 2 -7 2 -8 2 -8 3 -8 3 -8 4 -8 4 -8 4 -8 4 -8 4 -8 5 -9 5 -9 5 -9 5 -9 5 -9 5 -9 5 -9 5 -9 6 -9 6 -9 6 -9 0 0 6 -10 6 -10 6 -10 6 -10 5 -10 5 -10 5 -10 5 -11 5 -11 5 -11 6 -11 5 -11 5 -11 5 -12 5 -12 5 -12 5 -12 5 -12 4 -13 5 -13 4 -13 5 -13 5 -13 5 -13 5 -13 5 -13 0 0 0 0 0 0 0 0 0 0
1784740957.348899,58378,-46,11,1,6,1,-95,1,678861508,128,0 0 0 0 0 0 0 0 0 0 0 0 -3 -5 -3 -6 -3 -6 -2 -6 -2 -6 -3 -7 -2 -7 -2 -7 -2 -8 -2 -8 -2 -8 -2 -9 -2 -8 -1 -9 -2 -9 -1 -9 -1 -10 -1 -10 -1 -10 -1 -10 -1 -10 -1 -11 -1 -10 -1 -11 -1 -11 -1 -11 0 0 -1 -12 -1 -12 -1 -12 -1 -12 -1 -12 -1 -12 -2 -12 -2 -12 -2 -12 -2 -13 -2 -13 -2 -13 -2 -13 -2 -13 -2 -13 -2 -14 -2 -13 -2 -14 -3 -13 -3 -14 -3 -14 -3 -14 -3 -14 -3 -14 -3 -14 -3 -14 0 0 0 0 0 0 0 0 0 0
1784740957.364733,58379,-46,11,1,7,1,-95,1,678869932,128,0 0 0 0 0 0 0 0 0 0 0 0 2 4 2 5 1 5 2 5 1 6 1 6 1 6 2 6 1 6 1 6 1 7 1 7 1 7 1 7 1 7 1 8 1 8 1 8 1 9 1 9 1 9 1 9 1 10 1 10 1 10 1 10 0 0 1 10 1 11 1 11 1 11 1 11 2 11 2 11 2 11 2 11 2 12 2 12 2 12 2 11 3 12 3 12 3 12 3 13 3 13 4 13 4 13 4 13 4 13 3 13 3 14 3 14 3 14 0 0 0 0 0 0 0 0 0 0
1784740957.364733,58380,-47,11,1,6,1,-95,1,678881270,128,0 0 0 0 0 0 0 0 0 0 0 0 4 -4 5 -3 5 -3 5 -3 5 -3 5 -3 5 -3 5 -3 6 -3 6 -3 6 -3 6 -3 6 -3 7 -3 7 -3 7 -3 7 -3 7 -3 7 -3 7 -4 8 -4 8 -4 8 -4 8 -4 8 -4 9 -4 0 0 9 -5 9 -4 9 -5 9 -5 9 -5 9 -5 9 -5 10 -6 9 -6 10 -6 10 -6 10 -6 10 -6 10 -6 10 -7 11 -7 11 -7 11 -7 11 -7 11 -8 11 -8 11 -8 12 -8 12 -7 12 -7 12 -8 0 0 0 0 0 0 0 0 0 0
1784740957.386202,58381,-46,11,1,6,1,-95,1,678891301,128,0 0 0 0 0 0 0 0 0 0 0 0 6 -4 6 -3 6 -3 7 -3 7 -2 7 -3 7 -2 7 -2 8 -2 8 -2 8 -2 8 -2 8 -2 9 -1 9 -1 9 -1 9 -1 9 -1 9 -1 9 -1 9 -1 9 -1 9 -1 9 -1 9 -1 10 -1 0 0 10 -1 10 -2 10 -1 10 -2 10 -2 10 -2 10 -2 11 -2 11 -2 11 -3 11 -3 11 -3 11 -3 12 -3 12 -4 12 -4 12 -3 12 -4 12 -4 13 -4 13 -4 13 -4 13 -4 13 -4 13 -4 14 -4 0 0 0 0 0 0 0 0 0 0
1784740957.396700,58382,-44,11,1,7,1,-95,1,678899925,128,0 0 0 0 0 0 0 0 0 0 0 0 -3 6 -3 6 -4 6 -4 6 -4 6 -4 6 -5 6 -5 6 -5 6 -6 6 -6 7 -6 6 -6 7 -7 7 -7 7 -7 7 -8 7 -8 6 -8 7 -8 7 -8 7 -8 7 -8 7 -8 7 -8 7 -8 7 0 0 -8 7 -8 7 -8 7 -8 8 -8 8 -8 8 -8 8 -8 8 -8 9 -8 9 -8 9 -8 9 -8 9 -7 10 -7 10 -8 10 -8 10 -8 11 -7 11 -8 11 -8 11 -8 11 -8 11 -8 11 -8 11 -8 12 0 0 0 0 0 0 0 0 0 0
1784740957.407066,58383,-44,11,1,7,1,-95,1,678909992,128,0 0 0 0 0 0 0 0 0 0 0 0 -3 5 -3 5 -4 6 -4 5 -4 5 -5 6 -5 6 -5 6 -6 6 -5 6 -6 6 -7 6 -7 6 -7 6 -7 6 -8 6 -8 7 -8 6 -8 7 -8 6 -8 7 -8 6 -8 7 -8 6 -8 7 -8 7 0 0 -8 7 -9 7 -9 7 -8 7 -8 7 -8 8 -8 8 -8 8 -8 8 -8 9 -8 9 -8 9 -8 9 -8 10 -8 10 -8 10 -8 10 -8 10 -8 10 -8 11 -8 11 -8 11 -8 11 -8 11 -8 11 -9 12 0 0 0 0 0 0 0 0 0 0
1784740957.417662,58384,-45,11,1,6,1,-95,1,678921351,128,0 0 0 0 0 0 0 0 0 0 0 0 -7 1 -7 1 -7 1 -7 1 -7 1 -8 1 -8 0 -8 0 -9 0 -9 0 -9 0 -9 -1 -9 -1 -10 -1 -10 -1 -10 -2 -10 -1 -10 -2 -10 -2 -10 -2 -10 -2 -10 -2 -10 -2 -10 -2 -10 -2 -11 -2 0 0 -11 -2 -11 -2 -11 -2 -11 -1 -11 -1 -11 -1 -11 -1 -12 -1 -12 -1 -12 0 -12 0 -12 0 -13 0 -13 0 -13 0 -13 0 -13 0 -13 0 -14 0 -14 0 -14 1 -14 0 -14 1 -14 0 -14 1 -15 1 0 0 0 0 0 0 0 0 0 0
1784740957.428766,58385,-45,11,1,7,1,-95,1,678932045,128,0 0 0 0 0 0 0 0 0 0 0 0 -4 -7 -3 -8 -3 -8 -3 -8 -3 -8 -2 -9 -2 -9 -2 -9 -2 -9 -1 -10 -1 -10 -1 -10 -1 -10 -1 -10 -1 -10 -1 -11 -1 -11 0 -11 -1 -11 0 -11 -1 -11 0 -10 -1 -11 0 -11 0 -11 0 -11 0 0 -1 -11 -1 -11 -1 -11 -2 -11 -2 -11 -1 -11 -2 -11 -2 -12 -2 -11 -3 -12 -3 -12 -3 -12 -3 -12 -3 -12 -4 -12 -4 -13 -4 -13 -4 -13 -4 -13 -5 -13 -4 -13 -5 -13 -4 -14 -4 -14 -4 -14 -5 -14 0 0 0 0 0 0 0 0 0 0
1784740957.437338,58386,-45,11,1,6,1,-95,1,678941425,128,0 0 0 0 0 0 0 0 0 0 0 0 -8 -1 -8 -1 -8 -2 -8 -2 -9 -2 -8 -3 -9 -3 -9 -3 -9 -3 -9 -4 -9 -4 -9 -5 -9 -5 -9 -5 -9 -5 -9 -5 -9 -5 -9 -5 -9 -6 -9 -6 -9 -6 -9 -6 -9 -6 -9 -6 -9 -6 -9 -6 0 0 -10 -6 -9 -6 -10 -6 -10 -5 -10 -5 -10 -5 -10 -5 -10 -5 -10 -5 -11 -5 -11 -5 -11 -5 -11 -5 -11 -5 -12 -4 -12 -4 -12 -5 -12 -5 -12 -4 -13 -4 -13 -5 -13 -4 -13 -5 -13 -5 -13 -5 -13 -5 0 0 0 0 0 0 0 0 0 0
1784740957.444964,58387,-45,11,1,6,1,-95,1,678951421,128,0 0 0 0 0 0 0 0 0 0 0 0 -7 3 -8 2 -8 2 -8 2 -8 1 -9 1 -9 1 -9 1 -9 1 -9 0 -10 0 -10 0 -10 0 -10 0 -11 0 -11 -1 -11 -1 -10 -1 -11 -1 -11 -1 -11 -1 -11 -2 -11 -1 -11 -1 -11 -1 -11 -2 0 0 -11 -1 -11 -1 -11 -1 -11 -1 -11 -1 -11 -1 -11 -1 -11 -1 -11 -1 -11 0 -11 0 -11 1 -11 1 -12 1 -11 1 -12 1 -11 1 -12 2 -12 2 -12 2 -12 2 -13 2 -12 2 -12 2 -13 3 -13 3 0 0 0 0 0 0 0 0 0 0
1784740957.444964,58388,-45,11,1,6,1,-95,1,678961260,128,0 0 0 0 0 0 0 0 0 0 0 0 5 5 5 5 5 6 5 6 5 6 5 7 5 7 5 7 5 8 4 8 4 8 4 8 4 9 4 9 4 9 3 9 3 9 3 10 3 9 3 10 3 10 3 10 3 10 3 10 2 10 3 10 0 0 3 9 3 10 2 9 3 10 3 9 3 9 4 9 4 9 4 9 4 10 4 9 5 9 5 9 5 9 6 9 5 9 5 9 6 9 6 9 7 9 6 9 7 9 7 9 7 10 7 9 7 9 0 0 0 0 0 0 0 0 0 0
1784740957.460770,58389,-45,11,1,7,1,-95,1,678969977,128,0 0 0 0 0 0 0 0 0 0 0 0 3 -7 3 -7 4 -7 5 -7 5 -7 5 -7 5 -7 6 -7 6 -7 6 -7 7 -7 7 -6 7 -6 8 -6 8 -6 8 -6 8 -6 8 -6 9 -6 9 -6 9 -6 9 -6 9 -6 9 -6 9 -5 9 -6 0 0 9 -6 9 -6 9 -6 9 -6 9 -6 9 -6 9 -6 9 -7 9 -7 9 -7 9 -7 8 -7 9 -8 9 -8 8 -8 9 -8 9 -8 9 -8 9 -9 9 -9 9 -9 9 -9 9 -9 9 -9 9 -10 9 -10 0 0 0 0 0 0 0 0 0 0
1784740957.511721,58390,-46,11,1,6,1,-95,1,678981155,128,0 0 0 0 0 0 0 0 0 0 0 0 -3 -6 -3 -6 -3 -7 -2 -7 -2 -7 -2 -7 -2 -7 -2 -8 -2 -8 -2 -8 -2 -8 -2 -8 -1 -9 -1 -9 -1 -9 0 -9 0 -9 -1 -9 0 -9 0 -9 -1 -10 0 -10 0 -10 0 -10 0 -10 -1 -10 0 0 -1 -11 -1 -11 0 -11 -1 -11 -1 -10 -1 -11 -1 -11 -1 -11 -1 -12 -2 -12 -1 -12 -2 -12 -2 -12 -2 -12 -2 -13 -1 -13 -2 -13 -2 -13 -2 -13 -2 -14 -2 -13 -2 -14 -2 -14 -2 -14 -2 -14 -2 -14 0 0 0 0 0 0 0 0 0 0
1784740957.511721,58391,-48,11,1,7,1,-95,1,678989923,128,0 0 0 0 0 0 0 0 0 0 0 0 -6 3 -6 2 -7 2 -7 2 -7 2 -7 2 -8 1 -8 2 -8 1 -8 1 -8 1 -8 1 -9 0 -9 0 -9 0 -9 0 -9 0 -9 0 -9 0 -9 0 -9 0 -9 0 -9 0 -9 0 -9 0 -9 0 0 0 -10 1 -9 1 -10 1 -10 1 -10 1 -10 1 -10 1 -10 2 -11 2 -11 3 -11 2 -11 3 -11 3 -12 3 -12 3 -12 3 -12 3 -12 3 -13 4 -13 4 -13 3 -13 4 -13 4 -14 3 -14 4 -14 4 0 0 0 0 0 0 0 0 0 0
1784740957.511721,58392,-47,11,1,7,1,-95,1,678999942,128,0 0 0 0 0 0 0 0 0 0 0 0 -9 1 -9 1 -10 0 -9 0 -10 -1 -10 -1 -10 -1 -10 -1 -10 -2 -11 -2 -11 -3 -11 -3 -11 -4 -11 -4 -11 -4 -11 -4 -10 -4 -11 -5 -10 -5 -10 -5 -10 -5 -10 -5 -10 -5 -10 -5 -9 -5 -10 -5 0 0 -10 -4 -10 -4 -10 -4 -10 -3 -10 -3 -10 -3 -10 -2 -10 -2 -10 -2 -11 -2 -11 -2 -11 -1 -11 -2 -11 -1 -12 -1 -12 0 -12 -1 -12 0 -12 0 -13 0 -13 0 -13 1 -14 0 -14 0 -14 0 -14 0 0 0 0 0 0 0 0 0 0 0
1784740957.511721,58393,-45,11,1,6,1,-95,1,679009865,128,0 0 0 0 0 0 0 0 0 0 0 0 -4 7 -4 7 -5 7 -6 7 -6 7 -7 7 -7 7 -7 7 -8 7 -8 7 -8 8 -9 7 -9 7 -9 7 -10 7 -10 6 -11 7 -10 6 -11 6 -11 6 -11 6 -11 5 -10 6 -10 6 -10 6 -10 6 0 0 -10 5 -10 6 -10 6 -10 6 -9 6 -10 6 -10 6 -9 7 -9 7 -9 7 -9 8 -8 8 -8 8 -9 9 -8 9 -9 9 -8 9 -8 9 -9 10 -9 10 -9 10 -9 10 -8 10 -8 11 -8 11 -8 11 0 0 0 0 0 0 0 0 0 0
1784740957.511721,58394,-44,11,1,6,1,-95,1,679019826,128,0 0 0 0 0 0 0 0 0 0 0 0 7 0 7 0 8 1 8 1 8 2 8 2 8 2 9 3 9 3 9 3 9 4 9 4 9 5 9 5 9 5 9 6 9 5 9 6 8 6 9 6 9 6 8 6 8 6 8 6 8 6 8 6 0 0 8 6 9 6 8 5 9 5 8 5 9 5 9 5 9 5 10 5 10 5 10 4 10 4 11 4 10 4 11 4 11 4 12 4 11 4 12 4 12 4 12 4 12 4 13 4 13 4 13 4 13 4 0 0 0 0 0 0 0 0 0 0
1784740957.524588,58395,-45,11,1,6,1,-95,1,679029829,128,0 0 0 0 0 0 0 0 0 0 0 0 -3 8 -3 8 -4 8 -4 8 -4 8 -4 8 -4 8 -5 8 -5 8 -6 8 -6 8 -6 8 -6 8 -7 8 -7 8 -7 8 -7 8 -7 8 -7 7 -7 8 -7 7 -7 7 -7 7 -7 7 -7 7 -7 7 0 0 -7 7 -7 8 -6 7 -6 8 -6 8 -5 8 -5 8 -5 9 -5 9 -5 10 -5 10 -5 10 -5 10 -5 10 -5 11 -5 11 -5 11 -4 11 -4 11 -4 12 -4 12 -4 12 -5 12 -5 12 -4 12 -5 13 0 0 0 0 0 0 0 0 0 0
1784740957.524588,58396,-44,11,1,6,1,-95,1,679039957,128,0 0 0 0 0 0 0 0 0 0 0 0 -9 4 -9 3 -10 2 -10 2 -10 2 -10 1 -10 1 -11 1 -11 1 -10 0 -11 0 -11 0 -11 -1 -11 -1 -11 -1 -11 -1 -12 -1 -11 -2 -11 -2 -11 -2 -11 -2 -11 -2 -11 -2 -11 -2 -10 -2 -11 -2 0 0 -11 -2 -10 -1 -10 -1 -10 -1 -10 -1 -10 0 -10 0 -11 0 -11 0 -11 0 -11 1 -11 1 -11 1 -11 1 -11 2 -12 2 -11 2 -12 2 -12 2 -12 2 -12 3 -12 3 -12 3 -12 3 -13 3 -13 3 0 0 0 0 0 0 0 0 0 0
1784740957.540797,58397,-43,11,1,6,1,-95,1,679049864,128,0 0 0 0 0 0 0 0 0 0 0 0 -9 -4 -9 -4 -8 -5 -8 -5 -8 -5 -8 -6 -8 -6 -8 -6 -8 -7 -8 -7 -8 -7 -8 -7 -8 -8 -8 -8 -8 -8 -7 -8 -7 -9 -7 -9 -7 -9 -7 -9 -7 -9 -6 -9 -7 -8 -7 -8 -7 -8 -7 -8 0 0 -7 -8 -7 -8 -7 -8 -7 -7 -7 -7 -7 -7 -7 -7 -8 -7 -8 -7 -8 -6 -9 -7 -9 -6 -9 -6 -9 -6 -9 -6 -10 -6 -9 -6 -10 -6 -10 -6 -11 -6 -11 -6 -11 -6 -11 -6 -11 -6 -11 -6 -12 -6 0 0 0 0 0 0 0 0 0 0
1784740957.556767,58398,-43,11,1,6,1,-95,1,679059828,128,0 0 0 0 0 0 0 0 0 0 0 0 7 -1 7 0 8 0 8 1 8 1 8 1 8 1 8 2 8 2 8 2 8 3 8 3 8 3 8 3 9 3 9 4 8 3 9 4 8 4 8 4 8 4 8 4 9 4 8 4 8 4 8 4 0 0 8 4 9 3 8 3 9 3 9 3 9 3 9 2 9 3 9 2 10 3 10 2 10 2 10 2 9 2 11 1 10 1 11 1 11 1 11 1 11 1 11 1 11 1 12 1 11 1 12 1 11 1 0 0 0 0 0 0 0 0 0 0
1784740957.560916,58399,-45,11,1,6,1,-95,1,679070857,128,0 0 0 0 0 0 0 0 0 0 0 0 6 -4 7 -4 7 -3 7 -3 7 -3 7 -2 8 -2 8 -2 8 -1 8 -2 8 -1 8 -1 8 -1 8 -1 8 -1 8 0 8 0 8 0 9 0 8 0 8 0 8 0 8 0 8 0 8 0 8 0 0 0 8 0 8 -1 8 0 8 -1 8 -1 9 -1 9 -1 9 -2 9 -1 9 -2 9 -2 9 -3 10 -3 10 -3 10 -3 10 -3 10 -3 10 -3 11 -3 11 -3 11 -3 11 -3 11 -3 11 -3 11 -3 11 -3 0 0 0 0 0 0 0 0 0 0
1784740957.576228,58400,-45,11,1,6,1,-95,1,679079830,128,0 0 0 0 0 0 0 0 0 0 0 0 8 -1 8 0 8 0 8 1 8 1 8 2 8 2 8 2 8 2 8 3 8 3 8 3 8 3 8 3 8 4 8 4 8 4 8 4 7 4 7 4 7 4 7 5 7 4 7 4 7 3 7 4 0 0 7 3 7 3 7 3 7 3 7 2 8 2 8 2 8 2 8 2 8 1 9 1 9 1 9 1 9 1 9 1 10 1 10 1 10 1 10 1 10 0 10 0 10 0 10 0 11 0 11 0 11 0 0 0 0 0 0 0 0 0 0 0
1784740957.576228,58401,-45,11,1,6,1,-95,1,679091186,128,0 0 0 0 0 0 0 0 0 0 0 0 -7 5 -8 4 -8 4 -8 3 -9 3 -9 3 -9 2 -10 3 -10 2 -10 2 -10 2 -10 2 -10 2 -11 2 -11 1 -11 1 -11 0 -11 0 -11 0 -11 0 -11 0 -10 0 -10 1 -10 0 -10 0 -10 0 0 0 -10 0 -10 1 -10 1 -9 1 -9 1 -9 1 -9 1 -9 2 -10 2 -9 3 -9 3 -9 3 -9 3 -10 4 -9 4 -10 4 -9 4 -9 4 -10 5 -10 5 -10 5 -10 6 -9 6 -10 6 -9 6 -10 6 0 0 0 0 0 0 0 0 0 0
1784740957.588503,58402,-46,11,1,6,1,-95,1,679099956,128,0 0 0 0 0 0 0 0 0 0 0 0 5 -4 6 -4 6 -4 7 -4 6 -3 7 -3 7 -3 7 -3 8 -3 8 -2 8 -3 8 -2 8 -2 9 -2 9 -2 9 -1 9 -1 9 -1 9 -1 9 -1 9 -1 9 -1 9 -1 9 -1 9 -1 9 0 0 0 9 -1 9 -1 9 -1 9 -1 9 -1 9 -2 9 -2 9 -2 9 -2 9 -3 9 -2 9 -3 9 -3 9 -3 9 -3 9 -3 9 -4 9 -4 9 -4 10 -4 9 -4 9 -4 9 -4 9 -5 9 -5 10 -5 0 0 0 0 0 0 0 0 0 0
1784740957.604425,58403,-47,11,1,6,1,-95,1,679111352,128,0 0 0 0 0 0 0 0 0 0 0 0 4 4 4 5 4 5 4 5 4 5 4 5 4 6 3 6 3 6 3 6 3 7 3 7 3 7 3 7 3 7 3 7 3 7 3 8 3 8 3 8 3 8 3 8 3 8 3 8 3 8 3 8 0 0 3 8 3 8 3 8 3 8 4 8 4 8 4 8 4 8 4 8 5 9 4 9 4 8 4 8 5 9 5 9 5 9 5 9 5 9 5 9 5 9 6 9 6 9 6 9 5 9 5 9 6 9 0 0 0 0 0 0 0 0 0 0
1784740957.604425,58404,-47,11,1,6,1,-95,1,679119889,128,0 0 0 0 0 0 0 0 0 0 0 0 -8 -1 -8 -1 -8 -2 -8 -2 -8 -3 -8 -3 -8 -3 -8 -3 -9 -3 -8 -4 -8 -4 -8 -5 -8 -5 -8 -5 -8 -5 -8 -5 -9 -5 -9 -5 -8 -5 -9 -5 -9 -5 -9 -5 -9 -5 -8 -6 -8 -6 -8 -5 0 0 -8 -5 -9 -5 -9 -5 -9 -5 -9 -5 -9 -5 -9 -4 -10 -4 -9 -4 -10 -4 -10 -4 -10 -4 -10 -4 -10 -4 -11 -4 -11 -4 -11 -4 -11 -4 -11 -4 -11 -4 -11 -4 -11 -3 -11 -4 -11 -4 -11 -4 -11 -4 0 0 0 0 0 0 0 0 0 0
1784740957.624071,58405,-47,11,1,6,1,-95,1,679129914,128,0 0 0 0 0 0 0 0 0 0 0 0 6 4 5 5 5 5 5 5 5 6 5 6 5 6 5 7 5 7 5 7 4 7 5 8 4 8 4 8 4 9 4 9 4 9 4 9 3 9 3 9 3 9 3 9 3 9 3 9 3 9 3 9 0 0 3 9 3 9 3 9 4 9 4 8 4 8 4 9 4 8 4 8 5 8 5 8 5 8 5 8 6 9 6 8 6 9 6 8 6 8 6 8 7 8 7 8 7 8 7 8 7 8 7 8 8 8 0 0 0 0 0 0 0 0 0 0
1784740957.636092,58406,-46,11,1,6,1,-95,1,679139953,128,0 0 0 0 0 0 0 0 0 0 0 0 -6 -3 -6 -4 -6 -4 -6 -4 -6 -5 -6 -5 -6 -5 -6 -5 -6 -5 -6 -6 -6 -6 -6 -6 -6 -7 -6 -7 -6 -7 -6 -8 -6 -7 -6 -8 -6 -8 -6 -8 -6 -8 -6 -8 -6 -9 -6 -8 -5 -9 -6 -9 0 0 -6 -9 -6 -9 -6 -8 -7 -9 -7 -9 -7 -9 -7 -8 -7 -9 -7 -8 -8 -9 -8 -8 -8 -9 -8 -8 -8 -9 -9 -9 -9 -9 -9 -9 -9 -9 -9 -9 -9 -9 -9 -9 -9 -9 -9 -9 -9 -10 -9 -9 -10 -10 0 0 0 0 0 0 0 0 0 0
1784740957.641135,58407,-47,11,1,6,1,-95,1,679149869,128,0 0 0 0 0 0 0 0 0 0 0 0 4 -1 4 -1 5 -1 5 -1 4 -1 5 -1 5 -1 5 -1 5 -1 5 -1 5 -1 6 0 6 0 6 -1 6 -1 6 -1 7 -1 7 -1 7 -1 7 -1 7 -1 7 -1 7 0 7 0 7 0 7 0 0 0 8 -1 8 -1 8 -1 9 -1 8 -1 9 -2 9 -2 9 -2 9 -2 10 -2 10 -2 10 -2 10 -2 10 -2 11 -3 11 -3 11 -2 12 -2 11 -3 12 -3 12 -2 12 -3 12 -2 12 -2 13 -2 12 -2 0 0 0 0 0 0 0 0 0 0
1784740957.652261,58408,-48,11,1,6,1,-95,1,679162211,128,0 0 0 0 0 0 0 0 0 0 0 0 -4 6 -5 6 -5 5 -5 5 -5 5 -6 5 -6 5 -6 5 -6 4 -6 4 -6 4 -6 4 -6 4 -6 4 -7 4 -6 4 -7 4 -6 4 -7 4 -7 4 -7 4 -6 4 -6 4 -6 4 -6 4 -6 4 0 0 -6 5 -6 5 -6 5 -6 5 -6 6 -6 6 -5 6 -6 7 -6 7 -6 7 -6 7 -6 8 -6 8 -6 9 -6 8 -7 9 -7 8 -7 9 -7 9 -7 10 -7 10 -8 10 -7 10 -8 10 -8 10 -9 10 0 0 0 0 0 0 0 0 0 0
1784740957.652261,58409,-47,11,1,6,1,-95,1,679169874,128,0 0 0 0 0 0 0 0 0 0 0 0 2 -9 2 -8 3 -9 3 -8 3 -8 4 -8 4 -8 4 -8 4 -8 5 -8 4 -7 5 -7 5 -7 5 -7 5 -7 5 -8 5 -8 5 -7 5 -7 5 -7 5 -7 5 -7 5 -7 5 -7 5 -7 5 -7 0 0 5 -7 5 -8 4 -8 4 -8 4 -8 4 -8 4 -9 4 -9 4 -9 4 -10 4 -10 4 -10 4 -10 4 -10 3 -11 3 -11 4 -11 4 -11 3 -11 4 -12 3 -12 3 -12 4 -12 5 -12 5 -12 4 -12 0 0 0 0 0 0 0 0 0 0
1784740957.668156,58410,-45,11,1,6,1,-95,1,679179864,128,0 0 0 0 0 0 0 0 0 0 0 0 6 5 5 6 5 6 5 6 4 6 5 7 4 6 4 7 4 7 4 7 4 7 4 8 3 7 4 8 4 8 3 8 4 8 4 8 4 8 4 8 4 8 4 8 4 8 3 8 4 8 4 8 0 0 4 8 4 8 4 8 5 8 5 8 5 8 5 8 6 8 5 8 6 8 6 8 6 8 6 8 7 8 7 8 7 8 7 8 7 8 8 8 8 9 8 8 8 9 8 9 8 9 8 9 8 9 0 0 0 0 0 0 0 0 0 0
1784740957.684256,58411,-44,11,1,6,1,-95,1,679189978,128,0 0 0 0 0 0 0 0 0 0 0 0 -8 1 -8 1 -8 0 -8 0 -8 0 -8 -1 -8 -1 -9 -1 -9 -1 -8 -1 -9 -1 -9 -1 -9 -1 -9 -1 -9 -1 -9 -2 -9 -2 -9 -2 -9 -2 -9 -2 -9 -2 -9 -2 -9 -2 -9 -2 -10 -2 -10 -2 0 0 -10 -2 -10 -2 -10 -2 -10 -1 -10 -1 -10 -1 -10 -1 -10 -1 -11 -1 -11 0 -11 0 -11 0 -12 0 -12 0 -11 0 -12 0 -12 0 -12 0 -13 0 -13 0 -13 0 -13 0 -13 0 -13 0 -13 0 -14 0 0 0 0 0 0 0 0 0 0 0
1784740957.684256,58412,-44,11,1,6,1,-95,1,679199811,128,0 0 0 0 0 0 0 0 0 0 0 0 -4 -6 -4 -6 -4 -6 -3 -6 -3 -6 -3 -6 -3 -6 -3 -6 -3 -6 -3 -7 -3 -7 -3 -7 -3 -7 -3 -7 -3 -7 -3 -7 -3 -8 -3 -8 -3 -8 -3 -8 -3 -8 -3 -8 -3 -8 -3 -8 -3 -9 -3 -9 0 0 -3 -9 -3 -9 -3 -9 -4 -9 -4 -9 -4 -9 -4 -9 -4 -9 -4 -9 -4 -10 -4 -10 -4 -10 -4 -10 -5 -10 -5 -10 -5 -11 -5 -11 -5 -11 -5 -11 -6 -12 -6 -12 -6 -12 -5 -12 -5 -12 -5 -13 -6 -13 0 0 0 0 0 0 0 0 0 0
1784740957.701798,58413,-44,11,1,6,1,-95,1,679209862,128,0 0 0 0 0 0 0 0 0 0 0 0 4 2 4 2 4 2 4 2 4 3 4 3 4 3 4 3 4 3 4 3 4 3 4 3 4 4 4 4 5 4 4 4 5 4 5 4 5 4 5 4 5 4 5 4 5 4 5 4 5 4 5 5 0 0 6 5 6 5 6 5 6 5 6 5 6 5 7 5 7 5 7 5 7 5 7 5 8 5 8 5 8 5 8 5 9 6 8 6 9 6 9 6 9 6 10 6 10 6 9 6 10 7 10 7 10 7 0 0 0 0 0 0 0 0 0 0
1784740957.715910,58414,-45,11,1,7,1,-95,1,679219837,128,0 0 0 0 0 0 0 0 0 0 0 0 -2 -6 -2 -6 -2 -6 -1 -6 -1 -6 -1 -6 -1 -6 -1 -6 -1 -6 -1 -7 -1 -7 -1 -7 -1 -7 -1 -7 -1 -7 0 -8 0 -7 -1 -8 -1 -8 -1 -8 -1 -8 0 -8 -1 -8 0 -9 0 -8 -1 -9 0 0 0 -9 0 -9 0 -9 -1 -10 0 -9 0 -10 -1 -10 -1 -10 -1 -10 -1 -11 -1 -11 -1 -11 -1 -11 0 -11 -1 -12 -1 -12 -1 -12 -1 -12 -1 -12 -1 -13 -1 -13 -1 -13 -1 -13 0 -13 0 -13 0 -13 0 0 0 0 0 0 0 0 0 0
1784740957.715910,58415,-42,11,1,7,0,-95,1,679229916,128,0 0 0 0 0 0 0 0 0 0 0 0 7 -2 7 -2 7 -2 7 -2 7 -1 7 -1 7 -1 7 -2 7 -1 7 -2 7 -1 8 -1 8 -1 8 -1 8 -2 9 -2 9 -2 9 -2 9 -2 9 -2 10 -2 10 -2 10 -2 10 -2 10 -2 11 -2 0 0 12 -2 11 -2 12 -2 12 -2 12 -2 12 -2 13 -2 13 -3 13 -3 13 -2 14 -2 14 -3 14 -2 14 -2 14 -2 15 -2 15 -2 15 -2 15 -3 15 -3 15 -3 16 -3 16 -3 16 -2 16 -3 16 -3 0 0 0 0 0 0 0 0 0 0
1784740957.731689,58416,-45,11,1,6,1,-95,1,679241314,128,0 0 0 0 0 0 0 0 0 0 0 0 6 -1 5 -1 6 -1 5 0 6 0 5 0 5 0 5 0 6 0 6 0 6 0 6 0 6 0 6 0 6 0 7 0 6 0 7 0 7 0 7 0 7 0 7 0 8 0 8 0 8 0 8 0 0 0 9 0 9 0 9 0 10 0 9 0 10 -1 10 -1 10 -1 10 -1 11 -1 11 0 11 0 11 0 11 0 12 -1 11 -1 12 0 12 -1 12 -1 13 -1 12 -1 13 -1 13 0 13 0 13 0 13 0 0 0 0 0 0 0 0 0 0 0
1784740957.751638,58417,-45,11,1,7,1,-95,1,679256825,128,0 0 0 0 0 0 0 0 0 0 0 0 5 -1 5 -1 5 -1 5 -1 5 -1 5 -1 5 -1 6 -1 6 -1 6 0 6 0 6 0 6 0 7 0 7 0 7 0 7 0 8 0 8 0 8 0 8 0 8 0 8 0 8 1 8 1 9 1 0 0 9 1 9 1 9 0 9 0 9 0 9 0 9 0 10 0 10 0 10 0 10 0 11 0 10 0 11 0 11 0 11 0 12 0 12 0 12 0 12 0 12 0 12 0 13 0 13 0 13 0 13 0 0 0 0 0 0 0 0 0 0 0
1784740957.751638,58418,-45,11,1,6,1,-95,1,679263991,128,0 0 0 0 0 0 0 0 0 0 0 0 2 -6 2 -6 2 -5 3 -6 3 -5 3 -6 3 -6 3 -6 3 -6 3 -6 3 -6 3 -7 4 -6 4 -7 4 -7 4 -7 5 -7 5 -7 5 -7 5 -7 5 -7 6 -7 5 -7 5 -7 6 -7 6 -8 0 0 6 -8 6 -8 6 -8 6 -8 6 -8 6 -8 6 -8 6 -9 6 -9 6 -9 6 -9 6 -10 6 -10 7 -10 7 -10 8 -10 7 -10 7 -10 7 -11 7 -11 7 -11 8 -11 7 -11 8 -11 7 -11 8 -12 0 0 0 0 0 0 0 0 0 0
1784740957.763865,58419,-45,11,1,6,1,-95,1,679271300,128,0 0 0 0 0 0 0 0 0 0 0 0 5 2 5 2 5 3 4 3 5 3 5 3 5 3 5 3 5 3 5 4 5 4 5 4 6 5 5 4 6 5 6 5 6 5 7 5 6 6 7 6 6 6 7 6 7 6 6 6 6 6 7 7 0 0 7 7 7 7 7 6 8 7 7 6 7 7 7 6 8 7 8 6 9 7 9 7 8 7 8 7 8 6 10 7 9 6 10 7 10 7 10 7 10 7 10 7 10 7 11 8 11 8 11 8 11 8 0 0 0 0 0 0 0 0 0 0
1784740957.779662,58420,-44,11,1,6,1,-95,1,679281231,128,0 0 0 0 0 0 0 0 0 0 0 0 -5 5 -5 5 -5 4 -6 4 -6 4 -6 4 -6 4 -6 5 -6 4 -6 5 -6 5 -7 5 -7 4 -7 5 -7 5 -8 5 -8 5 -8 5 -8 5 -9 5 -9 5 -9 5 -9 5 -9 5 -9 5 -9 5 0 0 -9 5 -9 5 -10 5 -10 5 -9 6 -10 6 -9 6 -10 6 -10 6 -10 7 -10 6 -10 7 -10 7 -10 7 -10 7 -11 7 -11 7 -11 8 -11 8 -11 8 -11 8 -11 8 -11 8 -12 8 -11 8 -12 8 0 0 0 0 0 0 0 0 0 0
1784740957.800245,58421,-43,11,1,7,1,-95,1,679289884,128,0 0 0 0 0 0 0 0 0 0 0 0 -7 0 -7 0 -7 -1 -8 -1 -8 -1 -8 -1 -8 -1 -8 -1 -8 -1 -8 -2 -8 -2 -9 -2 -9 -2 -9 -2 -9 -2 -10 -2 -10 -2 -10 -3 -10 -3 -10 -3 -10 -3 -10 -3 -10 -3 -10 -4 -10 -4 -11 -4 0 0 -11 -4 -11 -3 -11 -3 -11 -3 -11 -3 -11 -3 -11 -3 -12 -3 -12 -3 -12 -3 -12 -3 -12 -3 -12 -3 -12 -3 -13 -3 -13 -3 -13 -3 -14 -3 -13 -3 -14 -3 -14 -3 -14 -2 -14 -3 -14 -3 -14 -3 -15 -3 0 0 0 0 0 0 0 0 0 0
1784740957.800245,58422,-43,11,1,6,1,-95,1,679301184,128,0 0 0 0 0 0 0 0 0 0 0 0 -7 -2 -7 -2 -7 -2 -7 -3 -7 -3 -7 -3 -7 -3 -7 -3 -8 -3 -8 -4 -8 -4 -8 -4 -8 -5 -8 -4 -8 -4 -9 -5 -9 -5 -10 -5 -9 -5 -9 -6 -9 -6 -9 -6 -10 -6 -9 -6 -9 -6 -9 -6 0 0 -9 -6 -10 -6 -9 -6 -11 -6 -10 -6 -10 -6 -11 -6 -11 -6 -11 -6 -12 -7 -11 -6 -11 -6 -11 -6 -11 -6 -13 -6 -12 -5 -13 -6 -12 -6 -13 -6 -14 -5 -13 -6 -13 -5 -14 -6 -14 -6 -14 -6 -14 -6 0 0 0 0 0 0 0 0 0 0
1784740957.800245,58423,-43,11,1,7,1,-95,1,679309894,128,0 0 0 0 0 0 0 0 0 0 0 0 5 1 5 1 6 1 6 1 6 1 6 2 6 2 6 2 7 2 7 3 7 3 7 3 7 3 7 4 8 4 8 4 8 4 9 4 8 5 9 5 8 5 9 5 9 5 9 5 8 6 9 5 0 0 9 6 9 5 9 5 10 5 9 5 10 5 10 5 10 5 10 5 11 5 11 5 10 5 10 5 11 5 12 4 12 4 12 5 12 5 12 4 13 4 13 4 13 4 13 5 13 5 13 5 13 5 0 0 0 0 0 0 0 0 0 0
1784740957.811384,58424,-40,11,1,7,0,-95,1,679319860,128,0 0 0 0 0 0 0 0 0 0 0 0 -6 1 -6 1 -7 1 -7 1 -8 1 -8 1 -8 0 -8 0 -9 0 -9 0 -9 0 -10 0 -10 -1 -11 -1 -11 -1 -12 -1 -12 -1 -12 -1 -12 -2 -12 -2 -13 -2 -13 -2 -13 -2 -13 -3 -13 -3 -13 -3 0 0 -14 -3 -14 -3 -14 -3 -14 -3 -14 -3 -14 -3 -14 -3 -15 -3 -15 -2 -15 -2 -15 -3 -15 -2 -15 -2 -15 -2 -16 -2 -15 -2 -16 -2 -16 -2 -16 -1 -16 -1 -17 -1 -17 -1 -17 -1 -17 -2 -17 -1 -17 -1 0 0 0 0 0 0 0 0 0 0
1784740957.827369,58425,-44,11,1,7,1,-95,1,679329837,128,0 0 0 0 0 0 0 0 0 0 0 0 4 -3 4 -2 5 -2 5 -2 5 -2 5 -2 6 -2 6 -2 6 -2 6 -2 7 -2 7 -2 8 -2 8 -2 8 -2 9 -1 9 -1 9 -1 10 -1 10 0 10 0 10 0 10 -1 10 0 10 0 11 0 0 0 11 0 11 1 11 1 11 0 11 0 11 1 12 1 12 0 12 1 12 0 12 0 12 0 12 0 13 0 12 0 13 0 12 -1 13 -1 13 -1 13 -1 13 -1 13 -1 13 -1 13 -1 13 -1 14 -1 0 0 0 0 0 0 0 0 0 0
1784740957.827369,58426,-44,11,1,7,1,-95,1,679341706,128,0 0 0 0 0 0 0 0 0 0 0 0 2 -5 3 -5 3 -5 4 -5 4 -5 5 -5 5 -5 5 -5 6 -5 6 -6 6 -6 6 -6 7 -6 7 -6 8 -6 8 -5 9 -6 9 -5 9 -5 10 -5 10 -5 10 -5 10 -5 10 -5 10 -5 11 -5 0 0 11 -5 11 -5 12 -5 11 -5 11 -5 12 -5 12 -5 12 -5 12 -5 11 -6 11 -6 11 -6 11 -6 12 -7 11 -6 12 -7 11 -6 11 -7 12 -7 12 -7 12 -7 12 -7 11 -7 11 -8 11 -8 12 -8 0 0 0 0 0 0 0 0 0 0
1784740957.843587,58427,-45,11,1,7,1,-95,1,679349891,128,0 0 0 0 0 0 0 0 0 0 0 0 5 -1 5 0 5 0 6 0 6 1 6 1 6 1 7 1 7 2 7 2 7 2 8 3 8 3 8 4 9 4 8 4 9 5 9 5 9 5 9 5 9 5 9 6 9 6 9 6 9 7 10 7 0 0 10 7 10 7 10 8 9 7 10 7 10 7 10 7 10 7 10 7 10 7 10 7 10 7 10 7 11 7 10 7 11 7 10 6 12 7 11 6 12 6 12 6 12 6 11 6 11 6 12 6 12 6 0 0 0 0 0 0 0 0 0 0
1784740957.859790,58428,-45,11,1,5,1,-95,1,679365164,128,0 0 0 0 0 0 0 0 0 0 0 0 -5 3 -5 3 -5 3 -6 3 -6 2 -7 3 -7 2 -7 3 -8 2 -8 3 -8 3 -9 3 -9 2 -10 2 -10 2 -10 2 -11 2 -11 2 -12 2 -12 1 -12 1 -13 1 -12 1 -12 1 -13 1 -13 1 0 0 -14 1 -13 1 -14 0 -13 1 -14 1 -14 0 -14 0 -14 1 -14 1 -14 1 -14 1 -14 2 -14 2 -15 2 -14 2 -15 2 -14 2 -14 2 -15 2 -14 2 -14 3 -15 2 -14 3 -14 3 -14 3 -15 3 0 0 0 0 0 0 0 0 0 0
1784740957.892037,58429,-47,11,1,6,1,-95,1,679404959,128,0 0 0 0 0 0 0 0 0 0 0 0 0 -5 1 -5 1 -5 1 -6 2 -5 2 -6 2 -6 2 -6 3 -6 3 -7 3 -7 3 -7 4 -7 4 -7 5 -7 5 -7 5 -7 5 -7 6 -7 6 -7 6 -7 6 -7 6 -8 7 -7 7 -7 7 -8 0 0 8 -8 8 -8 8 -7 8 -8 7 -7 8 -8 8 -8 8 -8 8 -8 8 -8 8 -8 8 -9 8 -8 8 -9 8 -9 8 -9 8 -9 8 -10 8 -10 8 -10 7 -10 8 -10 7 -11 7 -11 7 -11 8 -11 0 0 0 0 0 0 0 0 0 0
1784740957.907825,58430,-48,11,1,7,1,-95,1,679406870,128,0 0 0 0 0 0 0 0 0 0 0 0 -5 0 -5 -1 -5 -1 -6 -1 -6 -1 -6 -2 -6 -2 -7 -2 -7 -2 -7 -2 -7 -3 -7 -3 -7 -3 -8 -4 -8 -4 -8 -4 -8 -5 -8 -5 -8 -5 -8 -5 -8 -6 -8 -6 -8 -6 -8 -6 -9 -7 -9 -7 0 0 -9 -7 -8 -7 -9 -8 -9 -7 -9 -8 -9 -7 -9 -7 -9 -8 -9 -8 -10 -7 -9 -7 -10 -7 -10 -7 -10 -7 -10 -7 -11 -8 -10 -7 -11 -7 -11 -7 -11 -7 -11 -7 -11 -7 -12 -7 -12 -7 -12 -7 -12 -7 0 0 0 0 0 0 0 0 0 0
1784740957.907825,58431,-48,11,1,7,1,-95,1,679411882,128,0 0 0 0 0 0 0 0 0 0 0 0 0 4 0 4 -1 4 -1 5 -1 5 -1 5 -2 5 -2 5 -2 6 -2 6 -3 6 -3 6 -3 6 -4 7 -4 7 -4 7 -4 7 -5 7 -5 7 -5 8 -6 7 -6 7 -6 8 -7 8 -6 7 -7 8 0 0 -7 8 -7 8 -7 8 -8 8 -7 8 -8 8 -8 8 -8 8 -8 8 -8 9 -8 9 -8 9 -7 9 -8 9 -7 9 -7 10 -7 9 -8 10 -7 10 -7 10 -7 10 -7 11 -7 11 -7 11 -7 11 -7 11 0 0 0 0 0 0 0 0 0 0
1784740957.907825,58432,-49,11,1,7,1,-95,1,679419927,128,0 0 0 0 0 0 0 0 0 0 0 0 -4 2 -4 2 -5 2 -5 2 -5 2 -5 2 -5 2 -6 2 -6 2 -7 1 -7 1 -7 1 -7 1 -8 0 -8 0 -8 0 -8 0 -9 0 -9 -1 -9 0 -9 -1 -10 -1 -10 -1 -10 -2 -10 -2 -10 -2 0 0 -10 -2 -11 -2 -10 -2 -11 -2 -10 -2 -11 -2 -11 -2 -11 -2 -11 -2 -12 -2 -11 -3 -11 -2 -11 -2 -11 -2 -12 -2 -12 -2 -12 -2 -12 -2 -12 -1 -12 -1 -12 -1 -13 0 -13 -1 -13 -1 -13 0 -13 0 0 0 0 0 0 0 0 0 0 0
1784740957.924015,58433,-51,11,1,7,1,-95,1,679429876,128,0 0 0 0 0 0 0 0 0 0 0 0 3 1 3 1 3 2 3 2 3 2 3 2 3 3 3 3 3 3 3 4 3 4 3 4 3 4 3 5 3 5 3 5 3 6 3 6 2 6 2 6 2 7 2 7 2 7 2 8 2 8 1 8 0 0 2 8 2 9 2 9 2 9 2 9 2 9 2 9 2 9 2 9 2 10 2 10 2 10 2 10 2 10 3 10 3 10 2 10 3 11 4 11 4 10 4 10 4 10 5 10 5 11 5 10 5 10 0 0 0 0 0 0 0 0 0 0
1784740957.940221,58434,-53,11,1,6,1,-95,1,679444122,128,0 0 0 0 0 0 0 0 0 0 0 0 -1 -4 -1 -4 -1 -4 0 -4 0 -4 0 -4 1 -5 0 -5 1 -5 1 -5 2 -5 2 -5 2 -5 2 -5 2 -5 3 -5 3 -5 3 -5 3 -5 3 -6 4 -6 4 -6 4 -6 5 -5 5 -5 5 -6 0 0 5 -6 6 -6 6 -6 6 -6 6 -6 6 -6 6 -6 6 -7 7 -7 7 -7 7 -7 7 -7 7 -7 7 -7 7 -8 7 -8 7 -8 7 -8 7 -8 7 -9 7 -9 6 -9 7 -10 7 -10 7 -10 7 -10 0 0 0 0 0 0 0 0 0 0
1784740957.941808,58435,-53,11,1,7,1,-95,1,679449988,128,0 0 0 0 0 0 0 0 0 0 0 0 2 3 2 3 2 4 1 4 1 4 1 4 1 4 1 4 1 5 0 5 0 5 -1 5 -1 5 -1 5 -1 5 -1 5 -1 6 -1 6 -2 6 -2 6 -2 6 -2 6 -2 7 -3 7 -3 7 -3 7 0 0 -3 7 -3 8 -3 7 -3 8 -3 8 -3 8 -3 8 -3 8 -3 8 -4 9 -4 9 -3 9 -3 9 -4 9 -3 10 -3 10 -3 10 -3 10 -3 10 -3 11 -2 11 -2 11 -2 12 -2 12 -2 12 -2 12 0 0 0 0 0 0 0 0 0 0
1784740957.956395,58436,-54,11,1,6,1,-95,1,679461104,128,0 0 0 0 0 0 0 0 0 0 0 0 4 3 4 3 3 4 3 4 2 4 2 5 2 4 2 5 2 5 2 5 1 5 1 5 1 5 1 6 1 6 0 6 0 6 0 6 0 6 0 6 0 7 0 7 0 7 0 7 -1 7 0 7 0 0 -1 8 -1 8 -1 8 -1 8 -1 9 -1 8 -1 9 -1 9 -1 9 0 10 -1 10 0 9 0 10 0 10 0 10 0 11 0 10 0 11 0 11 1 12 1 12 1 12 1 12 1 12 2 13 2 13 0 0 0 0 0 0 0 0 0 0
1784740957.956395,58437,-54,11,1,6,1,-95,1,679471251,128,0 0 0 0 0 0 0 0 0 0 0 0 5 -4 5 -4 6 -3 6 -3 6 -2 6 -2 6 -2 6 -1 6 -1 6 -1 6 -1 6 0 6 0 6 0 6 0 6 0 6 0 7 0 7 0 7 0 7 0 7 0 7 0 7 1 7 1 8 1 0 0 8 1 8 1 8 1 9 1 9 1 9 1 9 1 9 1 9 0 10 1 10 1 10 0 10 0 10 0 11 -1 11 -1 11 0 12 -1 12 -1 12 -1 12 -1 12 -2 13 -1 14 -1 14 -1 14 -1 0 0 0 0 0 0 0 0 0 0
1784740957.972420,58438,-53,11,1,6,1,-95,1,679481294,128,0 0 0 0 0 0 0 0 0 0 0 0 6 1 7 2 6 2 6 3 6 3 6 3 6 4 6 4 5 4 5 4 5 4 5 4 5 5 5 5 5 5 4 5 5 5 5 5 5 5 5 5 5 5 5 6 5 5 5 6 5 6 6 6 0 0 6 6 6 6 6 7 6 7 6 7 6 7 6 7 7 7 7 7 7 7 8 7 8 7 8 7 8 7 8 7 9 8 9 7 9 8 10 8 10 8 11 8 11 8 11 8 11 9 11 9 12 9 0 0 0 0 0 0 0 0 0 0
1784740957.988461,58439,-53,11,1,6,1,-95,1,679491237,128,0 0 0 0 0 0 0 0 0 0 0 0 -4 5 -4 5 -5 5 -5 4 -6 4 -6 4 -6 4 -6 4 -6 3 -6 3 -7 3 -7 3 -7 3 -7 2 -7 2 -7 2 -7 2 -8 2 -8 3 -8 3 -8 2 -8 2 -8 3 -9 3 -9 2 -9 3 0 0 -9 3 -9 3 -10 3 -10 3 -9 3 -10 4 -10 4 -10 4 -10 4 -11 5 -11 4 -10 5 -11 5 -11 5 -11 6 -11 6 -12 6 -11 7 -12 7 -12 7 -12 7 -12 7 -13 7 -13 7 -13 8 -14 8 0 0 0 0 0 0 0 0 0 0
1784740957.988461,58440,-52,11,1,6,1,-95,1,679502289,128,0 0 0 0 0 0 0 0 0 0 0 0 -5 -3 -5 -3 -5 -4 -5 -4 -5 -4 -5 -5 -5 -5 -5 -5 -5 -6 -4 -5 -5 -6 -5 -6 -4 -6 -4 -7 -4 -7 -4 -7 -5 -7 -5 -7 -4 -7 -4 -7 -5 -7 -4 -8 -5 -8 -5 -8 -5 -8 -5 -9 0 0 -5 -9 -5 -9 -5 -10 -6 -9 -6 -9 -6 -10 -6 -10 -7 -10 -6 -11 -7 -10 -7 -10 -7 -10 -7 -11 -8 -11 -8 -11 -8 -11 -8 -11 -9 -12 -9 -12 -9 -12 -9 -12 -10 -12 -10 -12 -10 -12 -10 -12 -10 -12 0 0 0 0 0 0 0 0 0 0
1784740958.004699,58441,-52,11,1,6,1,-95,1,679511037,128,0 0 0 0 0 0 0 0 0 0 0 0 2 -4 3 -4 3 -3 4 -3 3 -3 4 -3 4 -3 4 -3 5 -3 5 -3 5 -3 5 -2 5 -2 6 -2 6 -2 6 -2 7 -2 6 -2 7 -2 7 -2 7 -3 8 -2 7 -3 8 -3 8 -3 9 -2 0 0 9 -3 9 -2 10 -2 9 -2 10 -3 10 -3 10 -3 11 -3 11 -3 11 -4 11 -3 11 -4 12 -3 13 -4 11 -3 13 -4 12 -4 13 -4 13 -5 13 -5 14 -5 14 -5 13 -5 14 -4 14 -5 15 -5 0 0 0 0 0 0 0 0 0 0
1784740958.004699,58442,-52,11,1,6,1,-95,1,679522457,128,0 0 0 0 0 0 0 0 0 0 0 0 0 2 -1 3 -1 2 -1 3 -1 3 -1 3 -1 3 -1 3 -1 4 -1 3 -1 3 -1 4 -2 4 -1 4 -1 5 -2 5 -1 5 -1 5 -1 6 -1 6 -2 6 -2 7 -2 7 -2 7 -2 8 -2 8 0 0 -2 9 -2 9 -3 9 -2 9 -3 10 -3 10 -3 11 -3 11 -3 11 -3 11 -3 11 -3 12 -3 12 -4 12 -3 12 -3 13 -4 13 -4 14 -3 13 -3 14 -3 14 -3 14 -4 14 -4 15 -4 15 -4 15 0 0 0 0 0 0 0 0 0 0
1784740958.020544,58443,-52,11,1,6,1,-95,1,679530054,128,0 0 0 0 0 0 0 0 0 0 0 0 1 2 2 2 1 2 1 3 1 2 2 2 2 2 2 3 2 3 2 3 2 3 2 3 2 3 2 3 3 3 3 4 3 4 4 4 4 4 4 4 4 4 4 5 5 5 5 5 5 6 5 6 0 0 6 7 6 7 6 7 6 8 6 8 7 8 7 8 7 9 7 9 7 9 7 9 7 9 7 10 7 10 8 10 8 10 8 11 9 11 8 11 9 11 9 11 9 11 9 12 9 12 9 13 9 13 0 0 0 0 0 0 0 0 0 0
1784740958.036452,58444,-51,11,1,6,1,-95,1,679539847,128,0 0 0 0 0 0 0 0 0 0 0 0 -4 -3 -4 -3 -4 -3 -4 -3 -4 -3 -4 -3 -4 -3 -4 -3 -4 -3 -4 -4 -5 -4 -5 -4 -5 -4 -5 -4 -5 -4 -6 -4 -6 -4 -6 -4 -7 -4 -7 -4 -7 -4 -8 -4 -8 -5 -8 -5 -8 -5 -8 -5 0 0 -9 -6 -10 -6 -10 -6 -10 -6 -10 -6 -10 -7 -10 -7 -11 -7 -11 -7 -12 -8 -12 -8 -11 -7 -11 -8 -11 -8 -13 -8 -12 -8 -12 -9 -13 -9 -13 -9 -13 -9 -13 -9 -13 -9 -13 -9 -13 -10 -13 -10 -13 -10 0 0 0 0 0 0 0 0 0 0
1784740958.042396,58445,-50,11,1,6,1,-95,1,679549799,128,0 0 0 0 0 0 0 0 0 0 0 0 2 4 2 4 1 4 1 5 1 5 1 5 1 5 2 5 2 5 2 5 2 5 2 5 2 5 2 6 3 6 2 6 3 6 3 6 3 7 3 7 4 7 4 8 4 7 4 8 4 8 5 9 0 0 5 9 5 9 5 10 5 10 6 10 6 10 6 10 6 11 6 11 6 11 6 11 6 12 6 12 7 13 6 12 7 13 6 12 7 13 7 13 7 13 7 13 7 13 7 13 7 13 7 13 7 13 0 0 0 0 0 0 0 0 0 0
1784740958.052495,58446,-51,11,1,6,1,-95,1,679559822,128,0 0 0 0 0 0 0 0 0 0 0 0 5 -2 4 -2 5 -1 4 -2 5 -2 5 -1 5 -2 5 -2 5 -2 6 -2 5 -2 6 -2 5 -3 6 -2 6 -2 6 -2 7 -3 7 -3 7 -3 7 -3 7 -4 8 -4 8 -4 8 -5 8 -5 9 -4 0 0 9 -5 10 -5 10 -5 11 -5 11 -5 11 -6 11 -6 12 -6 12 -6 12 -6 12 -6 12 -6 12 -6 13 -5 13 -6 13 -6 14 -6 14 -6 13 -6 14 -6 13 -6 13 -5 14 -6 14 -5 13 -5 14 -5 0 0 0 0 0 0 0 0 0 0
1784740958.068362,58447,-50,11,1,5,1,-95,1,679571278,128,0 0 0 0 0 0 0 0 0 0 0 0 0 5 0 5 0 5 0 5 0 5 0 5 0 5 0 6 0 6 0 6 0 6 0 6 0 7 0 7 0 7 0 7 0 8 0 7 0 8 0 8 1 8 0 8 1 8 1 9 1 9 1 10 0 0 1 10 1 10 1 11 1 11 2 11 1 12 1 12 2 12 1 13 2 13 2 13 2 13 2 14 1 14 1 14 1 14 1 13 1 14 1 14 0 14 1 14 0 14 1 13 1 13 1 13 0 13 0 0 0 0 0 0 0 0 0 0
1784740958.068362,58448,-48,11,1,5,1,-95,1,679582316,128,0 0 0 0 0 0 0 0 0 0 0 0 -6 -3 -6 -3 -6 -3 -6 -3 -6 -4 -7 -4 -6 -4 -7 -4 -7 -4 -7 -5 -7 -5 -7 -5 -7 -6 -7 -6 -8 -6 -7 -6 -8 -7 -8 -6 -8 -7 -8 -7 -8 -7 -8 -7 -8 -7 -8 -7 -9 -7 -9 -7 0 0 -9 -8 -9 -8 -10 -8 -10 -8 -10 -8 -10 -8 -10 -8 -11 -8 -11 -9 -11 -9 -11 -9 -11 -9 -11 -9 -11 -9 -11 -9 -11 -9 -11 -9 -11 -9 -11 -9 -11 -9 -11 -9 -11 -9 -11 -8 -11 -9 -11 -9 -11 -9 0 0 0 0 0 0 0 0 0 0
1784740958.085371,58449,-48,11,1,6,1,-95,1,679589843,128,0 0 0 0 0 0 0 0 0 0 0 0 2 5 2 5 2 5 2 6 2 6 1 6 2 6 2 7 2 7 1 7 1 8 1 8 1 8 1 8 1 9 1 9 1 9 1 10 1 10 1 10 1 10 1 10 1 11 0 11 0 11 0 11 0 0 1 11 1 12 1 12 1 12 1 12 1 12 2 12 2 13 2 13 1 13 1 13 1 13 1 13 1 13 2 13 2 13 1 13 1 13 2 13 2 13 2 13 2 13 2 13 1 13 1 13 2 13 0 0 0 0 0 0 0 0 0 0
1784740958.085371,58450,-47,11,1,6,1,-95,1,679599814,128,0 0 0 0 0 0 0 0 0 0 0 0 3 3 3 4 3 4 3 4 3 4 3 5 3 5 4 5 4 5 4 6 4 6 4 7 4 7 4 7 4 7 4 8 4 8 4 9 4 9 4 9 4 9 4 10 5 10 4 10 4 11 4 11 0 0 4 11 5 12 4 11 5 12 5 11 5 12 5 12 5 12 5 12 5 13 5 13 5 12 5 12 5 12 5 13 5 13 5 12 5 12 6 12 6 12 6 12 6 12 6 12 5 12 5 12 5 12 0 0 0 0 0 0 0 0 0 0
1784740958.100370,58451,-46,11,1,6,1,-95,1,679609842,128,0 0 0 0 0 0 0 0 0 0 0 0 -5 -3 -5 -3 -6 -3 -5 -3 -6 -4 -6 -4 -6 -4 -7 -4 -7 -4 -7 -5 -7 -5 -7 -5 -7 -6 -8 -6 -8 -6 -8 -7 -8 -7 -8 -7 -8 -7 -8 -7 -9 -7 -8 -8 -9 -8 -9 -8 -9 -9 -9 -9 0 0 -9 -9 -9 -9 -9 -9 -9 -9 -9 -9 -9 -9 -9 -9 -10 -9 -10 -10 -10 -9 -10 -9 -10 -9 -10 -9 -10 -9 -10 -9 -10 -9 -10 -9 -10 -9 -11 -9 -11 -9 -11 -9 -11 -9 -11 -9 -10 -9 -10 -9 -10 -9 0 0 0 0 0 0 0 0 0 0
1784740958.116198,58452,-45,11,1,6,1,-95,1,679619828,128,0 0 0 0 0 0 0 0 0 0 0 0 -7 1 -7 1 -8 1 -8 0 -8 0 -8 0 -9 0 -9 0 -9 0 -10 -1 -10 -1 -10 -1 -10 -1 -11 -1 -11 -1 -11 -2 -11 -2 -12 -2 -12 -2 -12 -2 -12 -2 -12 -3 -12 -3 -12 -3 -12 -3 -12 -3 0 0 -12 -3 -12 -3 -12 -3 -13 -3 -12 -2 -12 -3 -12 -2 -13 -2 -12 -2 -13 -2 -13 -2 -12 -2 -12 -2 -12 -1 -13 -1 -13 -1 -13 -1 -13 -1 -13 0 -13 0 -13 0 -13 0 -13 0 -13 0 -13 0 -13 0 0 0 0 0 0 0 0 0 0 0
1784740958.116198,58453,-43,11,1,6,1,-95,1,679629941,128,0 0 0 0 0 0 0 0 0 0 0 0 3 -7 4 -7 4 -7 5 -7 5 -7 6 -7 6 -7 6 -7 7 -7 7 -7 7 -7 8 -7 8 -7 9 -7 9 -7 9 -6 10 -7 9 -6 10 -6 10 -6 10 -6 10 -6 10 -6 10 -6 10 -6 10 -6 0 0 10 -6 10 -6 10 -6 10 -6 10 -6 10 -6 9 -6 9 -6 9 -6 9 -7 9 -7 9 -7 9 -7 9 -8 8 -8 9 -8 8 -8 8 -8 8 -8 8 -9 8 -9 8 -9 7 -9 7 -9 7 -9 7 -9 0 0 0 0 0 0 0 0 0 0
1784740958.132440,58454,-43,11,1,6,1,-95,1,679639844,128,0 0 0 0 0 0 0 0 0 0 0 0 -7 4 -7 4 -8 3 -8 3 -8 3 -8 3 -9 3 -9 3 -9 3 -10 2 -10 2 -10 2 -11 2 -11 2 -11 1 -12 1 -12 0 -12 1 -12 0 -12 0 -12 0 -12 0 -12 0 -12 0 -12 0 -12 0 0 0 -12 0 -12 0 -12 0 -12 0 -11 0 -12 0 -12 0 -12 1 -12 1 -12 1 -12 1 -11 2 -11 2 -11 2 -12 2 -12 2 -12 2 -12 3 -12 3 -12 3 -12 3 -12 3 -12 4 -12 4 -12 4 -12 4 0 0 0 0 0 0 0 0 0 0
1784740958.142530,58455,-43,11,1,6,1,-95,1,679649956,128,0 0 0 0 0 0 0 0 0 0 0 0 7 0 7 0 7 1 7 1 7 1 7 2 8 2 7 2 8 2 8 3 8 3 8 4 8 4 8 4 8 4 8 5 8 4 9 4 8 5 9 5 8 5 8 5 9 5 8 6 8 6 8 6 0 0 8 6 8 6 8 5 9 6 8 5 9 5 9 5 9 5 9 5 9 5 9 5 9 5 9 5 9 4 10 4 10 4 10 4 10 4 10 4 11 4 11 4 11 3 11 4 11 4 11 4 11 4 0 0 0 0 0 0 0 0 0 0
1784740958.148446,58456,-43,11,1,6,1,-95,1,679659867,128,0 0 0 0 0 0 0 0 0 0 0 0 5 -7 5 -7 5 -6 6 -6 6 -6 6 -6 6 -6 7 -6 7 -6 7 -5 7 -5 8 -5 8 -5 8 -5 9 -5 8 -5 9 -5 9 -5 9 -5 9 -5 9 -5 9 -5 9 -5 9 -4 9 -5 9 -4 0 0 10 -5 9 -4 10 -4 9 -5 9 -5 9 -5 9 -5 9 -5 9 -5 9 -6 9 -6 9 -6 9 -6 9 -7 9 -6 9 -7 9 -6 9 -7 9 -7 9 -7 9 -8 9 -8 9 -8 9 -8 9 -8 9 -8 0 0 0 0 0 0 0 0 0 0
1784740958.164527,58457,-42,11,1,6,1,-95,1,679672399,128,0 0 0 0 0 0 0 0 0 0 0 0 7 -2 8 -1 8 -1 8 0 8 0 8 0 8 1 9 0 9 1 9 1 9 1 9 1 9 1 10 1 10 2 9 2 10 3 10 2 10 3 10 3 10 3 10 4 10 3 10 3 10 3 10 3 0 0 10 4 10 4 10 4 10 3 10 3 10 3 10 3 10 3 10 3 10 2 11 2 11 2 11 2 11 2 11 2 11 2 11 1 11 1 12 2 12 2 12 1 12 1 12 0 12 0 12 0 12 0 0 0 0 0 0 0 0 0 0 0
1784740958.164527,58458,-42,11,1,6,1,-95,1,679679813,128,0 0 0 0 0 0 0 0 0 0 0 0 1 -8 1 -8 2 -8 2 -8 2 -8 2 -8 3 -8 3 -8 3 -9 4 -9 4 -9 4 -9 5 -9 5 -9 5 -9 5 -9 5 -9 5 -10 5 -9 6 -10 6 -10 6 -10 6 -10 7 -9 6 -9 6 -9 0 0 6 -9 6 -10 6 -9 6 -10 6 -10 6 -10 6 -10 6 -10 5 -10 6 -11 6 -11 5 -10 5 -10 5 -10 5 -11 4 -11 5 -11 5 -12 5 -12 5 -12 4 -12 4 -12 5 -12 5 -12 5 -12 4 -12 0 0 0 0 0 0 0 0 0 0
1784740958.180797,58459,-42,11,1,6,1,-95,1,679689918,128,0 0 0 0 0 0 0 0 0 0 0 0 5 -5 5 -5 6 -4 6 -4 6 -4 6 -4 6 -4 7 -4 7 -4 7 -4 7 -4 8 -4 8 -4 8 -4 9 -4 9 -3 9 -3 9 -3 9 -3 9 -3 10 -3 10 -2 9 -3 10 -3 10 -2 10 -3 0 0 10 -2 10 -3 10 -3 10 -3 10 -3 10 -3 10 -3 10 -3 10 -3 10 -4 10 -4 10 -4 10 -4 10 -5 10 -5 11 -5 11 -5 11 -5 11 -5 11 -5 11 -5 12 -5 11 -6 11 -5 11 -6 12 -6 0 0 0 0 0 0 0 0 0 0
1784740958.196671,58460,-43,11,1,6,1,-95,1,679699869,128,0 0 0 0 0 0 0 0 0 0 0 0 -5 -6 -5 -6 -5 -7 -5 -7 -5 -7 -4 -7 -4 -7 -5 -8 -4 -8 -4 -8 -4 -9 -4 -9 -4 -9 -4 -9 -4 -10 -3 -10 -3 -10 -3 -10 -3 -10 -3 -10 -3 -10 -3 -11 -3 -10 -3 -10 -3 -11 -3 -10 0 0 -3 -11 -3 -11 -3 -11 -3 -11 -4 -10 -4 -10 -4 -10 -4 -11 -4 -11 -5 -11 -5 -11 -5 -11 -5 -11 -5 -11 -6 -11 -6 -11 -6 -11 -6 -11 -6 -12 -7 -12 -7 -12 -7 -12 -7 -12 -6 -12 -7 -13 -7 -13 0 0 0 0 0 0 0 0 0 0
1784740958.196671,58461,-43,11,1,6,1,-95,1,679709817,128,0 0 0 0 0 0 0 0 0 0 0 0 -6 -5 -6 -5 -6 -5 -6 -5 -6 -6 -6 -6 -6 -6 -6 -7 -6 -7 -6 -7 -6 -8 -6 -8 -5 -8 -5 -8 -5 -9 -5 -9 -5 -9 -5 -9 -5 -10 -5 -10 -5 -10 -5 -10 -5 -10 -4 -10 -4 -10 -4 -10 0 0 -5 -10 -5 -10 -5 -10 -5 -10 -5 -10 -5 -10 -5 -10 -6 -10 -6 -10 -6 -10 -6 -10 -6 -10 -6 -10 -7 -10 -7 -10 -7 -10 -7 -11 -8 -11 -8 -11 -8 -11 -8 -11 -8 -11 -8 -12 -8 -12 -8 -12 -9 -12 0 0 0 0 0 0 0 0 0 0
1784740958.212595,58462,-43,11,1,6,1,-95,1,679719911,128,0 0 0 0 0 0 0 0 0 0 0 0 -3 -6 -3 -6 -3 -6 -3 -7 -2 -7 -2 -8 -2 -7 -2 -8 -2 -8 -2 -8 -2 -9 -2 -9 -2 -9 -2 -10 -2 -10 -1 -10 -1 -11 -1 -10 0 -11 0 -10 0 -11 0 -11 0 -10 0 -11 0 -11 0 -11 0 0 0 -11 0 -11 0 -11 0 -11 -1 -11 -1 -11 -1 -11 -1 -11 -1 -12 -2 -12 -2 -12 -2 -12 -2 -12 -2 -13 -2 -12 -3 -13 -3 -12 -3 -13 -3 -13 -3 -13 -4 -13 -4 -14 -4 -13 -4 -14 -4 -14 -4 -15 0 0 0 0 0 0 0 0 0 0
1784740958.212595,58463,-43,11,1,6,1,-95,1,679729902,128,0 0 0 0 0 0 0 0 0 0 0 0 3 5 2 5 2 6 2 6 2 6 2 6 2 7 2 7 2 7 1 8 1 8 1 8 0 9 0 9 0 9 0 9 0 9 0 10 0 10 0 10 0 10 0 10 -1 10 -1 10 -1 10 -1 10 0 0 -1 9 0 10 0 9 0 10 0 10 1 10 1 10 1 10 1 10 1 11 1 11 2 11 2 10 2 11 3 11 3 11 3 12 3 12 3 12 4 12 4 12 4 12 4 13 4 13 3 13 4 13 0 0 0 0 0 0 0 0 0 0
1784740958.228307,58464,-44,11,1,6,1,-95,1,679739878,128,0 0 0 0 0 0 0 0 0 0 0 0 4 -6 4 -6 5 -6 5 -6 6 -6 6 -6 6 -6 7 -6 7 -6 7 -5 8 -5 8 -5 9 -5 9 -5 9 -5 9 -4 10 -5 9 -4 9 -4 9 -4 9 -4 9 -4 9 -4 9 -3 9 -3 9 -4 0 0 9 -4 9 -4 8 -4 8 -4 8 -5 8 -5 8 -5 8 -6 8 -6 8 -7 8 -6 8 -7 8 -7 9 -8 8 -8 9 -8 9 -8 9 -9 9 -9 9 -9 9 -9 9 -10 9 -10 9 -9 10 -10 10 -10 0 0 0 0 0 0 0 0 0 0
1784740958.248246,58465,-44,11,1,7,1,-95,1,679751243,128,0 0 0 0 0 0 0 0 0 0 0 0 -2 -9 -1 -9 0 -10 0 -10 0 -10 1 -10 1 -10 2 -10 2 -11 2 -11 3 -11 3 -11 4 -10 4 -11 4 -10 4 -11 4 -10 5 -11 5 -10 5 -10 5 -10 5 -10 5 -10 5 -9 4 -9 4 -9 0 0 3 -9 3 -9 3 -9 2 -9 2 -9 2 -9 1 -9 1 -10 0 -10 0 -11 0 -10 -1 -11 -1 -11 -1 -11 -2 -12 -2 -12 -2 -13 -2 -13 -2 -13 -3 -13 -2 -13 -3 -13 -2 -14 -2 -14 -2 -14 -3 -14 0 0 0 0 0 0 0 0 0 0
1784740958.248246,58466,-46,11,1,7,1,-95,1,679759819,128,0 0 0 0 0 0 0 0 0 0 0 0 3 8 3 8 2 9 2 9 1 9 1 9 1 9 1 10 1 10 0 10 -1 10 -1 10 -1 10 -2 10 -1 10 -2 10 -2 10 -2 10 -2 10 -2 10 -2 9 -2 9 -2 9 -2 9 -2 8 -2 8 0 0 -1 8 0 8 0 8 1 8 1 8 2 8 2 8 3 8 3 8 3 9 4 9 4 9 4 9 5 9 6 9 6 9 6 10 6 10 7 10 7 10 7 10 8 11 7 11 7 12 7 12 8 12 0 0 0 0 0 0 0 0 0 0
1784740958.260247,58467,-46,11,1,7,1,-95,1,679769926,128,0 0 0 0 0 0 0 0 0 0 0 0 1 9 0 9 -1 9 -1 9 -1 9 -1 9 -2 9 -2 9 -2 9 -3 9 -3 9 -3 9 -4 9 -4 9 -4 9 -4 9 -5 9 -4 9 -5 9 -4 9 -4 9 -4 8 -4 8 -4 8 -4 8 -4 8 0 0 -3 8 -2 8 -2 8 -2 8 -1 9 -1 9 0 9 0 9 0 10 1 10 0 10 1 11 1 11 1 12 2 12 2 12 1 12 2 13 2 13 2 14 3 14 2 14 2 14 1 14 2 15 2 15 0 0 0 0 0 0 0 0 0 0
1784740958.276118,58468,-46,11,1,7,1,-95,1,679779915,128,0 0 0 0 0 0 0 0 0 0 0 0 7 -8 8 -8 8 -7 9 -7 9 -6 10 -6 10 -6 10 -6 10 -5 11 -5 11 -5 11 -5 11 -5 11 -5 12 -5 12 -4 12 -4 12 -4 12 -3 12 -3 11 -3 11 -3 11 -3 10 -3 10 -4 10 -4 0 0 10 -4 9 -4 10 -5 9 -5 9 -6 9 -6 9 -6 9 -7 9 -7 8 -8 9 -8 8 -9 8 -9 9 -10 9 -10 9 -10 9 -10 9 -11 10 -11 10 -11 10 -11 10 -11 10 -12 10 -12 9 -12 10 -12 0 0 0 0 0 0 0 0 0 0
1784740958.276118,58469,-47,11,1,7,1,-95,1,679790121,128,0 0 0 0 0 0 0 0 0 0 0 0 11 -3 11 -2 11 -1 11 -1 12 -1 12 0 12 0 12 0 12 0 12 1 12 2 12 3 12 3 13 3 12 3 13 3 12 3 13 4 12 4 12 4 12 4 11 4 11 4 10 4 10 4 10 4 0 0 9 2 10 2 9 1 10 1 9 0 9 0 9 -1 9 -1 9 -2 10 -3 10 -2 10 -3 10 -3 10 -4 11 -5 11 -5 11 -5 11 -5 11 -6 11 -6 11 -6 11 -7 12 -6 12 -6 12 -6 12 -6 0 0 0 0 0 0 0 0 0 0
1784740958.292112,58470,-48,11,1,6,1,-95,1,679801106,128,0 0 0 0 0 0 0 0 0 0 0 0 -3 -12 -2 -12 -1 -12 -1 -12 0 -13 0 -12 0 -13 0 -13 1 -13 2 -13 2 -13 2 -13 3 -13 3 -13 3 -13 4 -13 4 -13 4 -13 4 -12 4 -12 4 -12 5 -11 4 -11 4 -10 4 -10 4 -10 0 0 3 -10 2 -10 2 -9 2 -9 1 -9 0 -9 0 -9 -1 -10 -1 -10 -2 -10 -2 -10 -3 -10 -3 -10 -3 -11 -4 -11 -4 -11 -4 -12 -5 -12 -5 -12 -6 -12 -6 -12 -6 -12 -6 -13 -6 -13 -6 -13 -6 -13 0 0 0 0 0 0 0 0 0 0
1784740958.307927,58471,-47,11,1,7,1,-95,1,679809985,128,0 0 0 0 0 0 0 0 0 0 0 0 -12 -1 -12 -1 -12 -2 -12 -3 -12 -3 -12 -4 -11 -4 -12 -4 -12 -5 -12 -5 -11 -6 -11 -6 -11 -6 -11 -7 -11 -6 -11 -7 -11 -7 -11 -7 -10 -7 -10 -7 -10 -7 -10 -7 -10 -7 -9 -6 -9 -6 -9 -6 0 0 -9 -5 -9 -5 -9 -4 -10 -4 -9 -3 -10 -3 -10 -2 -11 -2 -11 -2 -11 -1 -11 -1 -12 0 -12 0 -12 0 -13 0 -13 0 -13 1 -13 1 -14 1 -14 1 -14 1 -15 2 -15 1 -15 1 -15 1 -15 1 0 0 0 0 0 0 0 0 0 0
1784740958.307927,58472,-47,11,1,7,1,-95,1,679819933,128,0 0 0 0 0 0 0 0 0 0 0 0 -10 -1 -10 -1 -10 -2 -10 -3 -10 -3 -10 -3 -10 -4 -10 -4 -10 -4 -10 -4 -10 -5 -10 -5 -10 -5 -10 -5 -9 -5 -9 -5 -10 -5 -10 -5 -10 -5 -9 -6 -9 -5 -9 -5 -9 -5 -9 -6 -9 -5 -9 -5 0 0 -9 -5 -9 -4 -9 -4 -10 -3 -9 -3 -10 -3 -10 -3 -10 -2 -10 -2 -11 -2 -11 -2 -11 -1 -11 -1 -11 -1 -12 -1 -12 -1 -13 -1 -13 -1 -13 0 -13 0 -14 -1 -14 0 -14 -1 -14 -1 -14 -1 -14 -1 0 0 0 0 0 0 0 0 0 0
1784740958.327840,58473,-47,11,1,7,1,-95,1,679829923,128,0 0 0 0 0 0 0 0 0 0 0 0 8 4 8 5 7 6 7 6 6 6 7 7 6 7 7 7 6 8 6 8 6 8 6 8 6 8 6 9 6 9 5 9 5 9 5 9 5 9 5 9 5 9 4 9 5 9 4 9 4 9 4 9 0 0 4 8 4 8 4 8 5 7 5 7 5 7 5 7 6 7 6 7 7 6 7 6 7 6 8 6 8 6 8 6 9 6 9 6 9 6 9 7 10 7 10 7 10 7 10 7 10 7 11 7 11 7 0 0 0 0 0 0 0 0 0 0
1784740958.327840,58474,-47,11,1,7,1,-95,1,679840237,128,0 0 0 0 0 0 0 0 0 0 0 0 -5 8 -5 8 -6 8 -6 7 -6 8 -6 7 -7 7 -7 7 -7 8 -8 7 -8 7 -8 7 -9 7 -9 7 -9 7 -9 7 -9 6 -10 7 -10 7 -10 7 -10 6 -10 6 -10 6 -10 5 -9 5 -9 5 0 0 -8 5 -8 6 -7 5 -8 6 -7 6 -7 6 -6 6 -6 7 -6 7 -6 8 -6 8 -6 8 -6 8 -6 8 -5 10 -5 9 -6 10 -6 10 -5 10 -5 11 -5 11 -5 11 -6 12 -6 12 -6 12 -6 12 0 0 0 0 0 0 0 0 0 0
1784740958.342973,58475,-47,11,1,7,1,-95,1,679849814,128,0 0 0 0 0 0 0 0 0 0 0 0 -9 1 -9 1 -9 0 -9 0 -9 0 -9 0 -9 0 -10 -1 -10 -1 -10 -1 -10 -1 -10 -1 -10 -2 -10 -2 -11 -2 -11 -2 -11 -2 -11 -2 -11 -3 -11 -3 -11 -3 -11 -3 -11 -3 -10 -3 -10 -3 -10 -3 0 0 -10 -2 -10 -2 -10 -2 -10 -1 -10 -1 -10 -1 -10 0 -11 0 -11 0 -12 1 -11 1 -12 1 -11 1 -12 1 -12 2 -13 3 -13 2 -13 2 -13 3 -14 3 -14 3 -14 3 -15 2 -15 2 -15 2 -15 3 0 0 0 0 0 0 0 0 0 0
1784740958.356534,58476,-46,11,1,6,1,-95,1,679861281,128,0 0 0 0 0 0 0 0 0 0 0 0 4 7 4 7 3 7 3 7 3 7 3 7 3 8 3 8 3 8 2 8 2 8 2 9 2 9 2 9 2 9 2 9 2 9 2 9 2 9 2 9 2 9 2 9 2 9 2 9 2 9 2 9 0 0 3 9 3 9 3 9 4 9 4 9 4 9 5 9 5 9 5 9 6 10 6 10 6 10 6 10 7 10 8 11 8 11 8 12 8 12 8 12 9 12 8 13 9 12 8 13 8 14 8 14 8 14 0 0 0 0 0 0 0 0 0 0
1784740958.356534,58477,-45,11,1,7,1,-95,1,679869951,128,0 0 0 0 0 0 0 0 0 0 0 0 8 -3 8 -2 8 -2 8 -2 8 -1 8 -1 8 -1 8 -1 9 -1 9 -1 9 -1 9 -1 9 0 9 0 10 -1 10 0 10 0 10 0 10 0 10 0 10 0 10 0 10 0 10 1 10 1 10 0 0 0 10 0 10 0 10 0 11 -1 10 -1 11 -1 11 -2 11 -2 11 -2 12 -3 12 -2 12 -3 12 -2 12 -3 13 -3 13 -3 13 -3 14 -4 13 -4 14 -4 14 -4 14 -4 15 -3 15 -3 15 -3 15 -3 0 0 0 0 0 0 0 0 0 0
1784740958.376236,58478,-44,11,1,7,1,-95,1,679879873,128,0 0 0 0 0 0 0 0 0 0 0 0 5 6 5 6 5 7 5 7 4 7 5 7 4 8 5 8 4 8 4 8 4 9 4 9 4 9 4 10 4 10 4 10 4 11 3 10 3 11 3 10 3 11 3 11 3 11 2 10 3 10 3 11 0 0 3 10 3 10 3 10 4 10 4 10 4 10 4 10 5 10 5 10 5 10 5 10 6 10 5 10 6 10 6 10 7 11 6 10 7 11 7 11 7 11 8 11 8 11 7 11 7 12 7 11 7 11 0 0 0 0 0 0 0 0 0 0
1784740958.376236,58479,-45,11,1,7,1,-95,1,679889787,128,0 0 0 0 0 0 0 0 0 0 0 0 8 2 8 2 8 3 8 3 8 3 8 3 8 3 8 4 8 4 8 4 9 5 9 5 9 5 9 5 9 5 9 6 9 6 9 6 9 6 9 6 9 6 9 6 9 7 9 7 8 7 9 6 0 0 9 6 9 6 9 6 9 6 9 5 9 5 10 5 10 4 10 4 11 4 11 4 11 4 11 4 11 4 12 4 12 3 12 3 12 3 12 3 13 3 13 3 13 3 13 4 13 4 13 4 13 4 0 0 0 0 0 0 0 0 0 0
1784740958.388698,58480,-46,11,1,7,1,-95,1,679899873,128,0 0 0 0 0 0 0 0 0 0 0 0 2 -9 2 -9 3 -9 3 -9 4 -9 4 -9 4 -9 4 -9 4 -9 5 -9 6 -9 6 -9 6 -9 6 -9 6 -9 6 -9 6 -9 7 -9 7 -9 7 -9 7 -8 7 -8 7 -8 7 -8 7 -8 6 -8 0 0 6 -8 5 -9 5 -8 5 -9 4 -9 4 -9 4 -9 4 -10 3 -10 3 -11 4 -11 3 -11 3 -11 3 -11 3 -13 3 -13 3 -13 3 -13 3 -14 3 -14 3 -14 3 -14 4 -15 4 -14 4 -14 4 -14 0 0 0 0 0 0 0 0 0 0
1784740958.410591,58481,-47,11,1,6,1,-95,1,679911656,128,0 0 0 0 0 0 0 0 0 0 0 0 3 -7 4 -7 5 -7 5 -6 5 -7 5 -6 5 -6 5 -6 6 -6 6 -6 6 -6 7 -5 7 -5 7 -6 7 -6 7 -6 7 -5 7 -6 7 -6 7 -6 7 -6 7 -6 7 -6 7 -5 7 -5 6 -5 0 0 6 -6 6 -6 6 -6 6 -7 6 -7 6 -7 5 -8 6 -8 6 -8 6 -9 6 -9 6 -9 6 -9 6 -9 6 -11 6 -10 7 -11 7 -11 6 -11 7 -12 7 -12 7 -12 7 -12 8 -12 8 -12 8 -12 0 0 0 0 0 0 0 0 0 0
1784740958.410591,58482,-46,11,1,7,1,-95,1,679919899,128,0 0 0 0 0 0 0 0 0 0 0 0 -5 5 -5 5 -6 4 -6 4 -6 4 -6 4 -7 4 -7 4 -7 4 -7 4 -7 4 -7 4 -7 4 -8 4 -8 4 -8 3 -8 4 -8 4 -9 4 -9 3 -9 4 -9 3 -9 4 -8 4 -8 4 -9 4 0 0 -9 4 -9 4 -9 4 -8 4 -8 5 -9 5 -8 5 -9 6 -9 6 -9 6 -9 7 -9 7 -9 7 -9 7 -9 7 -10 8 -10 8 -10 8 -10 8 -10 8 -10 8 -11 8 -10 8 -11 9 -11 9 -11 9 0 0 0 0 0 0 0 0 0 0
1784740958.420759,58483,-46,11,1,6,1,-95,1,679932143,128,0 0 0 0 0 0 0 0 0 0 0 0 7 -2 7 -1 8 -1 8 -1 8 -1 8 0 8 -1 8 -1 9 0 8 0 9 1 9 1 9 1 9 1 9 1 9 1 10 1 10 2 9 2 10 2 10 2 10 2 10 2 10 2 9 2 9 2 0 0 9 1 9 1 9 1 9 1 9 1 9 0 10 0 10 -1 10 -1 10 -1 10 -1 10 -1 11 -1 10 -2 11 -3 11 -2 12 -2 12 -3 12 -3 12 -4 12 -4 12 -4 12 -3 13 -3 13 -3 13 -3 0 0 0 0 0 0 0 0 0 0
1784740958.436776,58484,-47,11,1,6,1,-95,1,679941391,128,0 0 0 0 0 0 0 0 0 0 0 0 5 -6 5 -6 6 -5 6 -5 7 -5 7 -5 7 -5 7 -5 7 -4 8 -4 8 -4 8 -4 8 -4 8 -3 8 -4 9 -4 9 -3 9 -3 9 -3 9 -3 9 -3 9 -3 9 -3 9 -3 9 -2 8 -3 0 0 8 -3 8 -3 8 -3 8 -4 7 -4 8 -4 8 -5 8 -5 8 -5 8 -6 8 -6 8 -6 8 -6 8 -6 8 -7 8 -8 9 -7 9 -8 9 -8 9 -8 9 -8 9 -9 10 -8 10 -8 10 -8 10 -8 0 0 0 0 0 0 0 0 0 0
1784740958.443232,58485,-47,11,1,6,1,-95,1,679951813,128,0 0 0 0 0 0 0 0 0 0 0 0 -4 5 -5 5 -5 5 -5 5 -5 4 -5 4 -5 4 -5 4 -6 4 -5 4 -6 4 -6 4 -6 4 -6 4 -7 5 -7 4 -7 4 -7 4 -7 4 -7 4 -7 4 -7 4 -7 4 -7 4 -7 4 -7 5 0 0 -7 5 -7 5 -7 5 -7 5 -6 6 -7 6 -6 6 -6 6 -7 7 -7 7 -7 7 -7 8 -7 8 -7 8 -7 8 -8 9 -7 9 -8 9 -8 10 -8 10 -8 10 -9 10 -8 10 -9 10 -9 11 -9 11 0 0 0 0 0 0 0 0 0 0
1784740958.456758,58486,-47,11,1,6,1,-95,1,679961159,128,0 0 0 0 0 0 0 0 0 0 0 0 -5 5 -5 4 -5 4 -6 4 -6 4 -6 4 -6 3 -6 4 -6 4 -6 4 -6 4 -6 4 -6 4 -7 4 -7 4 -7 4 -8 4 -7 4 -8 4 -8 4 -8 4 -8 4 -8 5 -8 4 -8 4 -8 5 0 0 -8 5 -8 5 -8 5 -8 5 -8 6 -8 6 -8 6 -8 6 -9 6 -8 7 -9 7 -9 8 -9 8 -9 8 -9 8 -10 8 -10 8 -10 9 -10 9 -10 9 -11 9 -11 9 -11 9 -11 9 -11 9 -12 9 0 0 0 0 0 0 0 0 0 0
1784740958.456758,58487,-46,11,1,7,1,-95,1,679969967,128,0 0 0 0 0 0 0 0 0 0 0 0 6 2 5 2 5 2 5 3 5 3 5 3 5 3 6 3 5 3 6 3 6 3 6 3 6 4 7 4 7 4 7 4 7 4 7 4 7 5 7 5 7 5 7 5 7 5 7 5 7 5 8 5 0 0 8 5 8 5 8 5 8 5 8 5 9 5 9 5 9 5 9 5 10 5 10 5 10 5 11 5 11 5 11 5 11 6 11 6 12 6 12 6 12 6 12 6 12 6 12 6 12 6 12 6 12 7 0 0 0 0 0 0 0 0 0 0
1784740958.484813,58488,-48,11,1,7,1,-95,1,679988617,128,0 0 0 0 0 0 0 0 0 0 0 0 -5 2 -5 3 -6 2 -6 2 -6 2 -6 2 -6 2 -6 2 -7 1 -6 2 -7 2 -7 1 -7 1 -7 1 -8 1 -7 1 -8 1 -7 1 -8 1 -7 1 -7 1 -7 1 -7 1 -7 1 -7 1 -7 1 0 0 -8 2 -8 2 -8 2 -7 3 -8 3 -8 4 -8 4 -9 4 -9 4 -9 5 -10 5 -10 5 -10 5 -10 6 -11 5 -11 5 -11 5 -12 6 -12 6 -12 6 -12 6 -12 6 -13 6 -13 6 -13 6 -13 6 0 0 0 0 0 0 0 0 0 0
1784740958.484813,58489,-48,11,1,7,1,-95,1,679989826,128,0 0 0 0 0 0 0 0 0 0 0 0 0 5 0 5 -1 5 -1 5 -1 5 -1 5 -1 6 -2 6 -2 6 -2 6 -2 6 -2 6 -2 6 -2 6 -2 6 -3 6 -3 6 -2 6 -3 6 -2 6 -2 6 -2 6 -2 6 -2 6 -2 6 -2 6 0 0 -1 7 -1 7 -1 7 0 8 0 8 0 8 0 8 0 9 0 9 1 10 1 10 1 10 1 10 1 11 1 11 1 12 1 12 0 12 1 12 1 13 1 13 1 13 0 13 0 14 0 14 0 14 0 0 0 0 0 0 0 0 0 0
1784740958.484813,58490,-48,11,1,6,1,-95,1,680001232,128,0 0 0 0 0 0 0 0 0 0 0 0 6 -1 6 0 7 0 6 0 7 0 6 1 6 0 6 1 6 1 6 1 6 1 6 1 6 1 6 1 6 1 6 1 6 1 7 1 6 1 7 1 7 0 7 1 7 0 7 0 7 0 7 0 0 0 7 -1 8 -1 8 -1 9 -2 8 -2 9 -2 9 -2 10 -3 10 -3 11 -3 11 -3 11 -3 11 -3 11 -3 13 -4 13 -4 13 -3 13 -3 14 -4 14 -4 14 -4 14 -4 15 -3 15 -3 16 -3 15 -3 0 0 0 0 0 0 0 0 0 0
1784740958.500960,58491,-47,11,1,6,1,-95,1,680013829,128,0 0 0 0 0 0 0 0 0 0 0 0 3 -3 3 -3 3 -2 3 -3 3 -3 3 -3 3 -3 3 -3 3 -3 3 -3 3 -4 4 -4 4 -4 4 -4 4 -4 4 -4 5 -5 5 -5 5 -5 5 -5 5 -5 5 -5 5 -6 6 -5 6 -6 6 -6 0 0 7 -7 7 -7 7 -7 7 -7 7 -7 7 -7 7 -8 8 -8 8 -8 8 -9 8 -9 8 -9 9 -9 9 -9 9 -9 10 -10 10 -9 10 -10 10 -10 10 -10 11 -10 11 -10 11 -10 11 -10 11 -10 12 -10 0 0 0 0 0 0 0 0 0 0
1784740958.521197,58492,-46,11,1,6,1,-95,1,680021369,128,0 0 0 0 0 0 0 0 0 0 0 0 -4 -3 -4 -3 -4 -3 -4 -3 -4 -3 -5 -3 -5 -3 -5 -3 -5 -3 -5 -3 -6 -4 -6 -4 -6 -4 -6 -5 -7 -5 -6 -5 -7 -6 -7 -6 -7 -6 -7 -6 -7 -6 -7 -6 -7 -6 -8 -7 -7 -7 -8 -7 0 0 -8 -7 -8 -7 -8 -7 -8 -7 -9 -7 -9 -7 -9 -8 -9 -8 -9 -8 -10 -7 -10 -8 -11 -8 -11 -8 -11 -8 -11 -8 -11 -8 -11 -9 -12 -9 -12 -9 -12 -9 -12 -9 -12 -9 -12 -9 -12 -9 -12 -9 -13 -9 0 0 0 0 0 0 0 0 0 0
1784740958.549086,58493,-43,11,1,7,0,-95,1,680059526,128,0 0 0 0 0 0 0 0 0 0 0 0 0 -9 1 -9 1 -9 1 -9 2 -9 2 -9 2 -9 2 -10 3 -10 3 -10 3 -10 3 -10 4 -10 4 -11 4 -11 4 -11 5 -11 5 -11 5 -11 5 -11 6 -11 5 -11 5 -11 5 -11 6 -11 5 -11 0 0 5 -11 5 -11 5 -11 5 -12 4 -12 5 -12 4 -12 4 -12 4 -13 4 -13 4 -13 4 -13 4 -14 4 -14 4 -14 4 -14 4 -14 4 -14 4 -14 4 -15 4 -15 4 -15 4 -15 4 -15 4 -15 3 -16 0 0 0 0 0 0 0 0 0 0
1784740958.549086,58494,-43,11,1,6,0,-95,1,680059874,128,0 0 0 0 0 0 0 0 0 0 0 0 -9 1 -9 0 -9 0 -9 -1 -9 -1 -9 -1 -10 -1 -10 -1 -10 -1 -10 -2 -11 -2 -11 -3 -11 -3 -11 -3 -11 -4 -12 -3 -12 -4 -12 -4 -11 -4 -12 -4 -12 -4 -12 -4 -12 -5 -11 -5 -11 -5 -11 -5 0 0 -12 -4 -12 -4 -12 -4 -13 -4 -12 -4 -13 -4 -13 -3 -13 -3 -13 -3 -14 -3 -14 -3 -14 -3 -14 -3 -14 -3 -15 -2 -15 -2 -15 -3 -15 -3 -15 -3 -15 -2 -16 -3 -16 -2 -16 -3 -16 -3 -16 -3 -16 -3 0 0 0 0 0 0 0 0 0 0
1784740958.549086,58495,-45,11,1,5,1,-95,1,680061981,128,0 0 0 0 0 0 0 0 0 0 0 0 -4 5 -4 6 -5 5 -5 5 -6 5 -6 5 -6 5 -6 5 -6 5 -7 5 -7 5 -7 6 -7 5 -8 5 -8 5 -8 5 -9 5 -9 5 -9 5 -9 5 -9 5 -9 4 -9 5 -9 4 -9 4 -9 5 0 0 -9 5 -9 5 -9 5 -8 5 -8 5 -8 6 -8 6 -8 6 -8 6 -9 7 -9 7 -9 7 -9 7 -9 8 -9 7 -9 8 -9 7 -9 8 -9 8 -9 8 -9 8 -9 8 -9 8 -9 8 -9 8 -9 9 0 0 0 0 0 0 0 0 0 0
1784740958.564982,58496,-46,11,1,6,1,-95,1,680069989,128,0 0 0 0 0 0 0 0 0 0 0 0 6 2 6 2 6 3 6 3 6 3 6 3 6 3 6 4 7 4 6 4 6 5 6 5 6 5 6 5 6 6 6 5 6 6 6 6 6 6 6 6 6 6 6 6 6 6 5 6 5 6 5 5 0 0 5 5 6 5 6 5 6 4 6 4 7 4 7 4 7 4 7 4 8 4 8 4 8 4 8 3 8 3 9 3 9 3 9 4 10 3 9 3 10 3 10 3 10 3 10 3 10 3 10 3 10 3 0 0 0 0 0 0 0 0 0 0
1784740958.564982,58497,-46,11,1,6,1,-95,1,680082023,128,0 0 0 0 0 0 0 0 0 0 0 0 -4 -7 -3 -7 -3 -7 -3 -7 -2 -8 -2 -7 -2 -8 -2 -8 -2 -8 -1 -8 -1 -8 -1 -8 0 -8 0 -8 0 -8 0 -8 0 -8 0 -9 0 -8 0 -8 0 -8 0 -8 0 -8 0 -7 0 -7 -1 -7 0 0 -1 -7 -2 -7 -1 -8 -2 -8 -2 -8 -2 -8 -3 -8 -3 -8 -3 -8 -4 -9 -4 -9 -4 -9 -4 -9 -4 -9 -5 -10 -5 -10 -5 -11 -5 -10 -5 -10 -5 -11 -5 -11 -5 -11 -5 -12 -5 -11 -5 -12 -5 -12 0 0 0 0 0 0 0 0 0 0
1784740958.586661,58498,-46,11,1,6,1,-95,1,680089811,128,0 0 0 0 0 0 0 0 0 0 0 0 1 6 1 6 0 6 0 6 0 6 0 6 -1 6 -1 6 -1 6 -1 7 -1 7 -1 7 -2 7 -2 7 -2 7 -2 7 -2 7 -2 7 -2 7 -2 7 -2 7 -2 7 -2 7 -2 7 -2 7 -2 7 0 0 -2 7 -1 7 -1 7 -1 8 -1 8 -1 8 0 8 0 8 0 9 0 9 0 9 0 10 0 9 0 10 0 10 0 10 0 11 0 11 0 11 0 12 0 12 0 12 0 12 0 12 0 12 0 13 0 0 0 0 0 0 0 0 0 0
1784740958.596957,58499,-45,11,1,6,1,-95,1,680099792,128,0 0 0 0 0 0 0 0 0 0 0 0 -2 -7 -2 -7 -2 -7 -2 -8 -2 -8 -1 -8 -1 -8 -1 -8 -1 -8 0 -8 0 -9 0 -9 1 -9 1 -9 1 -9 1 -9 1 -9 1 -9 1 -9 1 -9 1 -9 1 -9 2 -9 2 -9 2 -9 2 -9 0 0 1 -9 1 -9 1 -9 0 -9 0 -9 0 -9 0 -9 0 -10 0 -9 0 -10 -1 -10 0 -10 -1 -10 -1 -10 -2 -11 -2 -11 -1 -12 -2 -12 -2 -12 -2 -12 -2 -12 -2 -12 -2 -13 -2 -13 -2 -13 -2 -13 0 0 0 0 0 0 0 0 0 0
1784740958.597554,58500,-45,11,1,6,1,-95,1,680109781,128,0 0 0 0 0 0 0 0 0 0 0 0 -8 2 -8 2 -8 1 -8 1 -8 1 -9 1 -8 0 -9 0 -9 0 -9 0 -9 -1 -9 -1 -9 -1 -10 -2 -10 -2 -10 -2 -10 -2 -9 -2 -10 -2 -10 -2 -10 -2 -9 -2 -9 -2 -9 -3 -9 -2 -9 -2 0 0 -9 -2 -9 -2 -9 -2 -9 -1 -9 -1 -9 -1 -9 0 -9 0 -10 0 -10 1 -10 0 -10 1 -10 1 -11 1 -11 1 -11 1 -11 1 -11 2 -11 2 -12 2 -12 2 -12 2 -12 2 -12 2 -12 2 -12 3 0 0 0 0 0 0 0 0 0 0
1784740958.612854,58501,-46,11,1,6,1,-95,1,680119897,128,0 0 0 0 0 0 0 0 0 0 0 0 7 -1 7 -1 7 0 7 0 7 1 7 1 7 1 7 1 7 1 7 2 7 2 7 2 7 2 7 3 7 2 7 3 7 2 7 3 7 3 7 2 7 2 7 2 7 2 7 2 7 2 7 2 0 0 7 1 7 1 7 1 8 1 7 0 8 0 8 0 9 0 9 -1 10 -1 9 0 9 -1 10 0 10 -1 11 -1 11 -1 11 -1 11 -1 11 -1 12 -2 12 -2 12 -2 12 -1 12 -1 13 -1 13 -1 0 0 0 0 0 0 0 0 0 0
1784740958.629037,58502,-43,11,1,6,0,-95,1,680129949,128,0 0 0 0 0 0 0 0 0 0 0 0 -7 -7 -6 -8 -6 -8 -5 -9 -5 -9 -5 -9 -5 -9 -5 -9 -5 -10 -4 -9 -4 -10 -4 -10 -4 -10 -4 -11 -4 -11 -3 -10 -3 -11 -3 -10 -3 -11 -3 -10 -3 -10 -3 -11 -4 -10 -4 -10 -4 -10 -4 -10 0 0 -5 -10 -5 -10 -5 -10 -6 -10 -6 -10 -6 -11 -7 -11 -7 -11 -7 -11 -8 -11 -8 -11 -9 -11 -9 -12 -9 -12 -9 -12 -10 -12 -9 -13 -10 -13 -9 -13 -10 -13 -10 -13 -10 -14 -10 -14 -10 -14 -11 -14 -11 -14 0 0 0 0 0 0 0 0 0 0
1784740958.644787,58503,-46,11,1,6,1,-95,1,680141614,128,0 0 0 0 0 0 0 0 0 0 0 0 -6 5 -7 5 -7 5 -8 4 -8 4 -8 4 -8 4 -9 3 -8 4 -9 3 -9 2 -10 2 -9 2 -9 2 -9 2 -9 2 -9 2 -9 2 -9 2 -9 2 -9 2 -9 2 -9 2 -9 1 -9 1 -8 2 0 0 -8 3 -8 3 -8 3 -8 4 -8 4 -8 4 -8 5 -8 5 -7 5 -8 6 -8 6 -8 6 -8 6 -8 7 -8 8 -8 8 -9 8 -9 8 -9 8 -9 9 -9 9 -9 9 -10 9 -10 9 -10 9 -10 9 0 0 0 0 0 0 0 0 0 0
1784740958.644787,58504,-47,11,1,6,1,-95,1,680149915,128,0 0 0 0 0 0 0 0 0 0 0 0 -2 7 -2 7 -3 8 -3 7 -4 7 -4 7 -4 7 -4 7 -4 7 -5 7 -6 7 -6 7 -6 7 -6 6 -6 6 -6 7 -6 6 -6 7 -6 6 -6 6 -6 6 -6 6 -6 6 -6 5 -6 5 -5 5 0 0 -5 5 -4 6 -4 6 -4 7 -4 7 -4 7 -3 7 -3 8 -3 8 -3 9 -3 9 -3 9 -3 9 -3 9 -3 11 -3 10 -3 11 -3 11 -3 11 -3 12 -3 11 -3 12 -3 12 -3 12 -4 12 -4 12 0 0 0 0 0 0 0 0 0 0
1784740958.660903,58505,-47,11,1,6,1,-95,1,680161944,128,0 0 0 0 0 0 0 0 0 0 0 0 -5 5 -5 5 -6 5 -6 5 -6 5 -6 4 -7 4 -7 4 -7 4 -8 4 -8 3 -8 3 -8 3 -8 3 -8 3 -8 3 -8 3 -8 3 -8 3 -8 3 -8 3 -8 3 -8 3 -7 3 -7 3 -7 3 0 0 -7 4 -7 4 -6 5 -7 5 -7 5 -7 6 -6 6 -7 7 -7 7 -7 8 -7 7 -7 8 -8 8 -7 8 -8 9 -8 9 -9 9 -8 9 -8 10 -8 10 -9 10 -8 10 -9 10 -10 10 -9 10 -9 10 0 0 0 0 0 0 0 0 0 0
1784740958.660903,58506,-46,11,1,5,1,-95,1,680171252,128,0 0 0 0 0 0 0 0 0 0 0 0 -8 -2 -8 -2 -8 -3 -8 -3 -8 -4 -8 -4 -8 -4 -8 -4 -8 -4 -8 -5 -7 -5 -7 -5 -7 -6 -7 -6 -7 -5 -7 -5 -7 -5 -8 -5 -7 -5 -8 -5 -8 -5 -8 -5 -8 -5 -7 -5 -7 -5 -8 -4 0 0 -8 -4 -9 -4 -8 -4 -9 -3 -9 -3 -10 -3 -10 -3 -10 -3 -10 -2 -11 -3 -11 -3 -11 -3 -11 -3 -11 -2 -13 -2 -12 -2 -13 -3 -13 -3 -13 -2 -14 -2 -13 -3 -14 -2 -14 -3 -14 -3 -14 -3 -14 -3 0 0 0 0 0 0 0 0 0 0
1784740958.676682,58507,-47,11,1,6,1,-95,1,680179942,128,0 0 0 0 0 0 0 0 0 0 0 0 5 -7 5 -6 6 -7 6 -6 6 -6 6 -6 7 -6 7 -5 7 -5 8 -5 8 -5 8 -4 8 -4 8 -4 7 -4 8 -4 7 -4 8 -4 7 -4 8 -5 7 -4 7 -4 8 -4 7 -4 7 -4 7 -4 0 0 7 -5 7 -5 7 -5 7 -6 7 -6 7 -6 7 -6 7 -7 7 -7 8 -8 7 -7 7 -7 7 -7 7 -7 8 -9 7 -8 8 -9 7 -9 7 -9 8 -9 8 -9 7 -9 9 -9 8 -9 8 -9 8 -9 0 0 0 0 0 0 0 0 0 0
1784740958.676682,58508,-47,11,1,6,1,-95,1,680193909,128,0 0 0 0 0 0 0 0 0 0 0 0 -9 -2 -9 -3 -9 -4 -9 -4 -8 -4 -8 -5 -8 -5 -8 -5 -8 -5 -8 -5 -8 -5 -8 -5 -8 -6 -8 -6 -8 -6 -8 -7 -8 -7 -8 -7 -8 -7 -7 -7 -8 -7 -7 -7 -8 -7 -8 -6 -8 -6 -8 -6 0 0 -8 -6 -8 -6 -8 -6 -8 -6 -8 -6 -9 -6 -9 -6 -9 -5 -9 -6 -10 -5 -10 -5 -11 -5 -11 -5 -11 -5 -11 -6 -11 -6 -11 -6 -11 -6 -12 -6 -12 -6 -12 -6 -12 -7 -12 -6 -12 -6 -12 -6 -12 -6 0 0 0 0 0 0 0 0 0 0
1784740958.692915,58509,-47,11,1,6,1,-95,1,680199908,128,0 0 0 0 0 0 0 0 0 0 0 0 -8 3 -8 2 -8 2 -8 1 -8 1 -8 1 -8 1 -9 1 -9 1 -9 1 -9 1 -9 1 -9 0 -9 0 -10 0 -9 0 -10 0 -10 0 -10 0 -9 0 -10 0 -10 -1 -10 0 -10 0 -10 0 -10 0 0 0 -10 1 -10 0 -10 1 -10 1 -10 2 -10 2 -10 2 -11 2 -11 2 -11 3 -11 3 -11 3 -12 3 -12 3 -12 3 -13 3 -12 3 -12 3 -13 3 -13 3 -13 3 -13 3 -13 3 -13 3 -13 3 -13 3 0 0 0 0 0 0 0 0 0 0
1784740958.692915,58510,-44,11,1,6,0,-95,1,680209792,128,0 0 0 0 0 0 0 0 0 0 0 0 3 -9 3 -9 4 -9 4 -9 5 -9 5 -8 5 -8 5 -9 5 -9 6 -8 6 -9 6 -8 6 -8 7 -8 7 -8 7 -9 7 -8 7 -9 7 -9 7 -9 7 -8 7 -9 7 -9 7 -9 7 -9 7 -9 0 0 7 -10 7 -10 7 -10 7 -11 6 -11 7 -11 7 -11 6 -12 6 -12 6 -12 7 -13 6 -13 7 -13 7 -13 7 -13 7 -13 7 -14 7 -13 7 -14 7 -14 7 -14 7 -14 7 -14 7 -14 7 -14 7 -14 0 0 0 0 0 0 0 0 0 0
1784740958.708872,58511,-47,11,1,6,1,-95,1,680219852,128,0 0 0 0 0 0 0 0 0 0 0 0 3 -6 3 -6 3 -6 4 -6 4 -6 4 -6 4 -6 4 -6 5 -6 4 -5 5 -5 5 -5 5 -5 5 -5 6 -6 6 -5 6 -6 5 -5 6 -6 6 -6 5 -6 6 -6 6 -6 6 -6 6 -6 6 -6 0 0 6 -7 6 -7 6 -7 6 -7 6 -7 6 -8 6 -7 6 -8 6 -8 6 -9 7 -8 6 -8 6 -9 7 -9 7 -9 7 -9 7 -9 7 -9 7 -9 7 -10 7 -10 7 -10 6 -10 7 -10 7 -10 7 -10 0 0 0 0 0 0 0 0 0 0
1784740958.740661,58512,-45,11,1,5,1,-95,1,680231423,128,0 0 0 0 0 0 0 0 0 0 0 0 1 5 0 5 0 5 0 5 0 5 0 6 -1 6 0 6 -1 6 -1 6 -1 6 -1 6 -1 6 -1 6 -1 7 -1 7 -2 7 -2 7 -2 7 -2 7 -1 7 -2 8 -2 8 -2 8 -2 8 -2 8 0 0 -2 8 -2 8 -2 9 -2 9 -2 9 -2 9 -2 9 -2 9 -2 9 -2 10 -2 10 -1 10 -2 10 -1 10 -1 11 -2 11 -2 11 -2 11 -2 11 -1 11 -1 11 -1 12 -2 12 -2 12 -2 12 -2 12 0 0 0 0 0 0 0 0 0 0
1784740958.743902,58513,-43,11,1,4,1,-95,1,680254871,128,0 0 0 0 0 0 0 0 0 0 0 0 5 4 5 4 4 5 4 5 4 5 4 5 4 6 4 6 4 6 4 6 4 6 4 7 4 7 4 7 4 8 3 7 4 8 4 8 4 8 3 8 3 8 3 8 3 8 3 8 4 8 4 9 0 0 4 9 4 9 4 9 4 8 4 9 4 9 4 9 4 9 4 9 5 9 5 9 6 9 6 9 6 10 6 9 6 10 6 9 6 10 7 10 7 10 7 10 7 10 7 10 7 10 7 10 8 10 0 0 0 0 0 0 0 0 0 0
1784740958.756385,58514,-44,11,1,6,1,-95,1,680264363,128,0 0 0 0 0 0 0 0 0 0 0 0 7 -4 7 -4 7 -4 8 -4 8 -2 6 -1 4 -2 3 -5 3 -8 5 -9 8 -9 10 -7 9 -5 7 -4 4 -5 3 -7 4 -9 5 -9 4 -8 3 -8 1 -10 1 -11 2 -13 4 -12 5 -11 4 -8 0 0 -3 -7 -5 -9 -6 -11 -5 -13 -3 -12 -3 -10 -4 -9 -5 -9 -6 -9 -6 -9 -5 -8 -6 -6 -8 -4 -12 -3 -14 -4 -15 -8 -12 -8 -9 -7 -8 -2 -10 1 -12 2 -14 1 -13 0 -11 1 -11 4 -14 6 0 0 0 0 0 0 0 0 0 0
1784740958.756385,58515,-44,11,1,6,1,-95,1,680269912,128,0 0 0 0 0 0 0 0 0 0 0 0 1 -8 2 -8 2 -8 2 -8 3 -8 3 -8 3 -8 4 -8 3 -8 4 -8 4 -8 5 -8 5 -8 5 -8 5 -8 5 -8 6 -8 6 -8 6 -8 6 -8 6 -8 6 -8 6 -8 7 -8 6 -8 7 -8 0 0 7 -8 6 -8 7 -8 6 -8 6 -8 6 -8 6 -9 6 -9 6 -9 6 -10 6 -9 6 -10 6 -9 6 -10 6 -10 6 -11 6 -10 6 -11 6 -11 6 -11 6 -11 6 -12 6 -11 6 -12 6 -12 6 -12 0 0 0 0 0 0 0 0 0 0
1784740958.772513,58516,-41,11,1,6,0,-95,1,680279826,128,0 0 0 0 0 0 0 0 0 0 0 0 -4 -8 -4 -8 -4 -9 -3 -9 -3 -9 -3 -9 -3 -9 -3 -10 -3 -10 -2 -10 -2 -10 -2 -11 -2 -11 -1 -11 -2 -12 -1 -12 -1 -12 -1 -12 -1 -12 -1 -12 -1 -13 0 -13 -1 -13 0 -13 0 -13 0 -13 0 0 0 -13 0 -13 0 -14 0 -13 -1 -14 -1 -13 -1 -14 -1 -14 -1 -14 -2 -14 -2 -14 -2 -14 -2 -15 -2 -15 -2 -15 -3 -15 -2 -15 -3 -16 -3 -16 -3 -16 -3 -16 -3 -16 -3 -16 -3 -16 -3 -17 -3 -17 0 0 0 0 0 0 0 0 0 0
1784740958.772513,58517,-44,11,1,6,1,-95,1,680289866,128,0 0 0 0 0 0 0 0 0 0 0 0 -8 1 -8 1 -8 0 -8 0 -9 -1 -9 -1 -9 -1 -9 -1 -9 -1 -10 -2 -10 -2 -10 -3 -10 -3 -10 -3 -10 -3 -10 -3 -10 -3 -11 -3 -10 -3 -11 -3 -10 -3 -10 -3 -11 -4 -10 -4 -10 -5 -10 -4 0 0 -11 -4 -11 -4 -10 -4 -11 -3 -11 -3 -11 -3 -11 -2 -11 -2 -11 -2 -12 -2 -12 -3 -12 -2 -11 -2 -12 -2 -13 -1 -12 -1 -13 -2 -13 -1 -13 -1 -14 -1 -14 0 -14 0 -14 -1 -14 -2 -14 -2 -14 -1 0 0 0 0 0 0 0 0 0 0
1784740958.788654,58518,-43,11,1,5,1,-95,1,680302173,128,0 0 0 0 0 0 0 0 0 0 0 0 3 8 3 7 2 8 2 8 2 9 1 9 1 9 1 9 1 9 0 10 0 10 -1 10 -1 10 -1 10 -1 10 -1 11 -1 11 -1 11 -2 11 -2 11 -2 11 -2 11 -2 11 -2 10 -2 10 -2 10 0 0 -1 10 -1 10 -1 10 -1 11 -1 10 -1 10 0 10 0 11 0 10 1 11 1 11 1 11 1 11 1 10 2 11 2 11 2 12 2 12 3 12 3 12 3 12 3 12 3 12 3 12 3 12 3 13 0 0 0 0 0 0 0 0 0 0
1784740958.804426,58519,-44,11,1,6,1,-95,1,680309961,128,0 0 0 0 0 0 0 0 0 0 0 0 -2 -9 -1 -10 0 -10 0 -10 0 -10 0 -10 1 -10 1 -11 1 -10 1 -10 1 -11 1 -11 2 -11 2 -11 3 -11 3 -11 4 -12 4 -11 4 -12 4 -11 4 -11 4 -11 3 -11 4 -11 4 -11 4 -11 0 0 4 -11 4 -11 4 -11 3 -11 3 -11 3 -11 3 -11 2 -11 2 -12 2 -12 1 -12 1 -12 1 -12 1 -12 1 -12 1 -13 1 -12 1 -13 0 -13 1 -13 0 -13 0 -14 0 -13 -1 -13 -1 -13 -1 -14 0 0 0 0 0 0 0 0 0 0
1784740958.804426,58520,-44,11,1,6,1,-95,1,680320346,128,0 0 0 0 0 0 0 0 0 0 0 0 -8 0 -8 0 -9 0 -8 -1 -9 -1 -9 -1 -9 -1 -9 -2 -10 -2 -10 -2 -10 -3 -10 -3 -10 -3 -10 -3 -10 -3 -11 -4 -10 -4 -11 -4 -11 -4 -11 -4 -11 -4 -10 -4 -11 -5 -10 -5 -10 -5 -11 -5 0 0 -10 -5 -11 -4 -10 -4 -11 -4 -10 -4 -11 -4 -11 -3 -11 -3 -11 -3 -12 -3 -12 -3 -11 -3 -11 -3 -11 -2 -12 -2 -12 -2 -12 -2 -12 -2 -12 -1 -13 -1 -13 -1 -13 -1 -13 -2 -13 -1 -13 -1 -13 -1 0 0 0 0 0 0 0 0 0 0
1784740958.820588,58521,-44,11,1,6,1,-95,1,680329881,128,0 0 0 0 0 0 0 0 0 0 0 0 0 7 -1 7 -1 8 -2 8 -2 8 -2 8 -3 8 -3 8 -3 9 -3 9 -4 9 -4 9 -4 9 -5 9 -5 9 -5 9 -6 10 -6 9 -6 9 -6 9 -6 9 -6 9 -6 9 -6 9 -6 9 -6 9 0 0 -6 9 -6 9 -6 9 -6 9 -5 9 -5 9 -5 10 -5 10 -5 10 -5 11 -5 10 -4 11 -4 11 -4 11 -4 11 -4 12 -4 11 -4 12 -3 12 -4 12 -3 12 -3 13 -3 13 -4 13 -3 13 -3 13 0 0 0 0 0 0 0 0 0 0
1784740958.836636,58522,-44,11,1,6,1,-95,1,680340238,128,0 0 0 0 0 0 0 0 0 0 0 0 1 7 1 8 0 8 0 8 0 8 -1 8 -1 8 -1 9 -1 8 -2 9 -2 9 -2 9 -2 9 -3 9 -3 9 -3 9 -3 9 -3 10 -3 10 -3 10 -3 10 -3 9 -3 9 -3 9 -3 9 -3 10 0 0 -3 10 -3 10 -3 10 -3 10 -2 10 -2 10 -2 10 -2 10 -2 10 -1 11 -1 11 -1 11 -1 11 -1 11 0 12 -1 12 -1 12 0 12 0 13 0 13 0 12 0 13 0 13 0 13 0 13 0 13 0 0 0 0 0 0 0 0 0 0
1784740958.844230,58523,-45,11,1,6,1,-95,1,680349927,128,0 0 0 0 0 0 0 0 0 0 0 0 -8 3 -8 2 -9 2 -9 1 -10 1 -9 1 -10 1 -10 1 -10 1 -10 0 -10 0 -11 -1 -11 -1 -11 -1 -11 0 -11 0 -11 -1 -12 -1 -11 -1 -12 -1 -12 -1 -12 -1 -12 -1 -12 -1 -12 -2 -12 -2 0 0 -12 -1 -13 0 -12 0 -13 0 -12 0 -13 0 -12 0 -13 0 -12 0 -14 1 -13 0 -13 1 -13 0 -13 1 -14 2 -13 2 -14 1 -14 1 -14 2 -14 2 -14 2 -14 2 -14 2 -14 1 -14 2 -14 2 0 0 0 0 0 0 0 0 0 0
1784740958.852611,58524,-45,11,1,6,1,-95,1,680360626,128,0 0 0 0 0 0 0 0 0 0 0 0 -5 -7 -5 -8 -4 -8 -4 -9 -4 -8 -4 -9 -4 -9 -4 -10 -3 -10 -4 -10 -3 -10 -3 -10 -3 -11 -3 -11 -3 -12 -2 -11 -2 -12 -2 -11 -2 -12 -2 -12 -2 -12 -1 -12 -1 -12 -1 -12 -1 -12 -1 -12 0 0 -1 -12 -1 -12 -1 -12 -1 -12 -2 -12 -2 -12 -2 -12 -2 -12 -2 -12 -3 -12 -3 -12 -3 -12 -3 -12 -3 -13 -3 -12 -4 -12 -3 -12 -4 -13 -4 -13 -4 -12 -5 -12 -4 -12 -5 -12 -5 -12 -5 -12 -5 -13 0 0 0 0 0 0 0 0 0 0
1784740958.852611,58525,-44,11,1,6,1,-95,1,680369845,128,0 0 0 0 0 0 0 0 0 0 0 0 8 0 8 0 8 1 8 1 8 2 8 2 8 2 9 2 9 3 9 3 9 3 9 4 9 4 9 5 9 5 9 5 9 5 9 6 9 5 9 6 9 6 8 6 9 6 9 6 8 6 9 6 0 0 9 5 9 5 8 5 9 5 9 5 9 5 9 5 9 4 9 5 10 4 10 4 10 4 10 3 10 3 10 3 11 3 11 3 11 2 11 3 11 2 11 2 12 2 12 2 12 2 12 1 12 2 0 0 0 0 0 0 0 0 0 0
1784740958.868355,58526,-44,11,1,6,1,-95,1,680379794,128,0 0 0 0 0 0 0 0 0 0 0 0 4 6 3 6 3 7 2 7 2 8 2 8 2 8 2 8 2 8 1 9 1 9 1 9 0 9 0 9 0 9 0 10 0 10 0 10 0 10 0 10 0 10 -1 10 0 10 -1 10 -1 10 -1 10 0 0 0 10 0 10 0 10 0 11 0 10 1 11 1 10 1 11 1 10 1 11 2 11 2 11 2 10 2 11 3 11 3 11 3 12 3 12 3 11 4 12 4 12 4 11 4 12 4 13 4 12 4 13 0 0 0 0 0 0 0 0 0 0
1784740958.884107,58527,-45,11,1,6,1,-95,1,680398198,128,0 0 0 0 0 0 0 0 0 0 0 0 -2 -8 -1 -8 0 -9 0 -9 0 -8 0 -9 0 -9 1 -9 1 -10 1 -10 1 -10 2 -10 2 -10 2 -10 2 -11 2 -10 3 -11 3 -10 3 -11 3 -10 3 -10 3 -10 3 -10 3 -10 3 -10 4 -10 0 0 3 -10 3 -10 3 -11 3 -10 2 -10 2 -11 2 -11 2 -11 2 -11 2 -11 2 -11 1 -11 1 -11 1 -12 1 -12 1 -13 1 -12 1 -13 1 -12 0 -12 0 -13 0 -13 0 -13 1 -13 0 -13 0 -13 0 0 0 0 0 0 0 0 0 0
1784740958.884107,58528,-45,11,1,6,1,-95,1,680399929,128,0 0 0 0 0 0 0 0 0 0 0 0 3 7 2 7 2 8 1 7 1 8 1 8 1 8 1 8 1 8 1 9 0 9 0 9 -1 9 -1 10 0 9 -1 10 -1 10 -1 10 -1 10 -1 10 -1 10 -1 10 -1 10 -2 10 -2 10 -2 10 0 0 -1 10 -1 10 -1 10 -1 10 -1 10 0 10 0 10 0 10 0 10 1 11 0 11 1 11 1 10 1 10 1 11 1 11 1 11 2 11 3 11 3 12 3 11 3 12 2 12 2 12 2 12 3 12 0 0 0 0 0 0 0 0 0 0
1784740958.899985,58529,-44,11,1,6,1,-95,1,680409869,128,0 0 0 0 0 0 0 0 0 0 0 0 6 6 6 6 5 7 5 7 5 7 5 8 5 8 5 8 5 8 4 9 4 9 4 10 3 10 3 10 3 10 3 10 3 10 3 11 2 10 3 11 2 10 3 10 2 10 2 10 2 10 2 10 0 0 2 10 3 10 3 10 3 10 3 9 4 10 4 9 4 9 4 9 5 9 5 9 5 9 5 9 5 8 6 9 6 9 7 9 7 9 7 9 8 9 7 9 8 8 8 9 7 9 8 9 8 9 0 0 0 0 0 0 0 0 0 0
1784740958.915762,58530,-42,11,1,5,1,-95,1,680424560,128,0 0 0 0 0 0 0 0 0 0 0 0 -2 8 -3 8 -3 8 -4 8 -4 8 -4 8 -5 8 -5 8 -5 9 -6 8 -6 8 -7 8 -7 8 -8 8 -7 8 -8 8 -8 8 -8 8 -8 8 -8 8 -8 8 -9 8 -9 8 -9 7 -8 7 -8 7 0 0 -8 7 -8 8 -8 7 -8 8 -7 7 -7 8 -7 8 -7 8 -6 8 -7 9 -6 8 -6 9 -6 9 -5 9 -5 10 -5 9 -5 10 -5 10 -4 10 -4 11 -4 11 -4 11 -4 11 -4 11 -4 11 -4 11 0 0 0 0 0 0 0 0 0 0
1784740958.915762,58531,-43,11,1,6,1,-95,1,680429936,128,0 0 0 0 0 0 0 0 0 0 0 0 -3 -9 -3 -9 -3 -9 -2 -9 -2 -10 -2 -10 -2 -10 -1 -10 -1 -10 0 -11 0 -11 0 -11 1 -11 1 -11 1 -12 1 -12 1 -12 1 -12 2 -12 2 -12 2 -12 2 -12 2 -12 3 -12 3 -11 3 -11 0 0 2 -11 2 -11 2 -11 2 -11 1 -11 1 -11 1 -11 1 -11 1 -11 0 -11 0 -11 0 -11 0 -11 0 -11 -1 -11 -1 -12 -1 -12 -2 -12 -2 -12 -2 -12 -2 -12 -2 -13 -2 -13 -2 -13 -3 -13 -3 -13 0 0 0 0 0 0 0 0 0 0
1784740958.931623,58532,-43,11,1,6,1,-95,1,680440197,128,0 0 0 0 0 0 0 0 0 0 0 0 -8 -4 -8 -5 -7 -6 -8 -7 -7 -6 -8 -7 -7 -7 -7 -8 -7 -8 -7 -8 -7 -8 -7 -9 -7 -9 -7 -9 -7 -10 -7 -10 -7 -10 -6 -10 -6 -10 -6 -10 -6 -11 -6 -11 -6 -10 -6 -10 -6 -10 -6 -11 0 0 -6 -10 -6 -10 -6 -10 -6 -9 -7 -10 -6 -10 -7 -10 -7 -9 -7 -10 -8 -9 -8 -9 -8 -9 -8 -9 -9 -9 -9 -9 -9 -9 -9 -8 -10 -9 -10 -9 -10 -9 -10 -8 -10 -9 -10 -8 -10 -9 -11 -9 -11 -9 0 0 0 0 0 0 0 0 0 0
1784740958.947455,58533,-44,11,1,6,1,-95,1,680449851,128,0 0 0 0 0 0 0 0 0 0 0 0 -4 -8 -3 -9 -2 -9 -2 -9 -2 -9 -2 -10 -1 -9 -1 -10 -1 -10 -1 -10 -1 -10 0 -10 0 -10 0 -10 0 -11 1 -11 1 -11 1 -11 1 -11 1 -11 1 -11 1 -11 1 -11 1 -11 1 -11 1 -11 0 0 1 -11 1 -11 1 -11 0 -10 0 -11 0 -11 0 -11 -1 -11 0 -11 -1 -11 -1 -11 -2 -11 -2 -12 -2 -12 -2 -11 -2 -12 -2 -12 -2 -12 -3 -12 -3 -12 -3 -13 -3 -13 -3 -12 -3 -13 -4 -13 -4 -13 0 0 0 0 0 0 0 0 0 0
1784740958.963226,58534,-44,11,1,6,1,-95,1,680459799,128,0 0 0 0 0 0 0 0 0 0 0 0 6 -6 6 -6 6 -5 7 -5 7 -5 7 -5 7 -5 7 -5 8 -5 8 -4 8 -4 9 -3 9 -3 9 -3 9 -4 9 -3 9 -3 10 -3 10 -3 10 -3 10 -3 10 -3 10 -3 10 -2 10 -2 10 -3 0 0 10 -3 10 -3 9 -3 10 -3 10 -3 10 -4 9 -4 10 -4 10 -4 10 -5 10 -5 10 -5 10 -5 10 -5 10 -6 10 -6 10 -6 10 -6 10 -6 10 -7 10 -7 10 -8 11 -7 11 -7 11 -7 11 -7 0 0 0 0 0 0 0 0 0 0
1784740958.963226,58535,-45,11,1,6,1,-95,1,680469817,128,0 0 0 0 0 0 0 0 0 0 0 0 -8 2 -8 2 -8 1 -9 1 -9 1 -9 0 -9 0 -10 0 -9 0 -9 0 -10 -1 -10 -1 -10 -1 -10 -2 -11 -2 -10 -2 -11 -2 -11 -2 -11 -2 -10 -2 -11 -2 -10 -2 -10 -2 -10 -3 -10 -2 -10 -3 0 0 -10 -2 -10 -2 -10 -2 -10 -2 -10 -1 -11 -1 -11 -1 -11 -1 -11 -1 -11 -1 -11 -1 -11 0 -11 0 -12 0 -12 0 -13 1 -12 0 -13 1 -12 1 -13 1 -13 1 -13 2 -13 1 -14 1 -14 1 -14 1 0 0 0 0 0 0 0 0 0 0
1784740958.979203,58536,-43,11,1,6,0,-95,1,680481183,128,0 0 0 0 0 0 0 0 0 0 0 0 -8 -6 -7 -6 -7 -6 -7 -7 -7 -7 -7 -8 -7 -8 -6 -8 -6 -8 -6 -8 -6 -9 -6 -9 -6 -9 -6 -9 -6 -9 -6 -9 -6 -9 -6 -10 -6 -10 -6 -10 -6 -10 -6 -9 -6 -10 -6 -10 -6 -10 -6 -10 0 0 -7 -10 -7 -10 -7 -10 -8 -10 -8 -10 -8 -10 -8 -10 -9 -10 -9 -10 -9 -10 -10 -10 -10 -10 -10 -10 -10 -10 -11 -10 -11 -10 -11 -11 -11 -11 -12 -11 -12 -11 -12 -12 -12 -11 -12 -12 -12 -12 -12 -12 -12 -12 0 0 0 0 0 0 0 0 0 0
1784740958.979203,58537,-49,11,1,6,1,-95,1,680493033,128,0 0 0 0 0 0 0 0 0 0 0 0 -4 4 -4 4 -4 4 -4 4 -5 4 -5 3 -5 3 -5 4 -5 4 -5 4 -5 4 -5 4 -5 4 -5 4 -5 4 -6 4 -6 4 -6 4 -6 4 -6 4 -6 5 -6 4 -6 5 -6 5 -6 5 -6 5 0 0 -7 5 -7 6 -7 6 -7 7 -7 6 -7 6 -7 7 -7 7 -7 7 -8 8 -8 8 -8 8 -8 8 -8 8 -8 9 -8 9 -9 9 -9 9 -9 9 -9 9 -9 9 -9 9 -10 9 -10 9 -10 9 -10 9 0 0 0 0 0 0 0 0 0 0
1784740958.995306,58538,-48,11,1,6,1,-95,1,680501320,128,0 0 0 0 0 0 0 0 0 0 0 0 -7 -2 -7 -2 -8 -3 -7 -3 -8 -4 -8 -3 -8 -3 -8 -4 -8 -4 -8 -5 -8 -5 -8 -5 -8 -5 -8 -5 -8 -5 -9 -6 -8 -5 -8 -6 -8 -6 -8 -6 -8 -6 -8 -6 -9 -6 -8 -6 -8 -6 -8 -6 0 0 -9 -5 -9 -5 -9 -5 -9 -5 -9 -4 -10 -5 -10 -4 -10 -4 -10 -4 -11 -4 -11 -5 -11 -4 -11 -4 -11 -4 -12 -4 -12 -4 -12 -4 -13 -4 -13 -4 -13 -3 -13 -4 -13 -3 -14 -4 -14 -4 -13 -4 -14 -4 0 0 0 0 0 0 0 0 0 0
1784740958.995306,58539,-46,11,1,7,1,-95,1,680509929,128,0 0 0 0 0 0 0 0 0 0 0 0 -9 -4 -9 -4 -8 -5 -8 -5 -8 -6 -8 -6 -8 -6 -8 -6 -8 -7 -8 -7 -8 -7 -8 -7 -8 -7 -8 -8 -8 -8 -7 -8 -7 -9 -7 -8 -7 -9 -7 -8 -7 -8 -7 -8 -7 -8 -7 -8 -7 -8 -7 -8 0 0 -7 -8 -7 -8 -7 -8 -8 -7 -8 -7 -8 -7 -8 -7 -9 -7 -9 -7 -9 -6 -10 -6 -10 -6 -10 -6 -10 -7 -10 -6 -11 -7 -11 -6 -11 -7 -12 -6 -12 -6 -12 -6 -12 -7 -12 -6 -12 -7 -12 -7 -13 -7 0 0 0 0 0 0 0 0 0 0
1784740959.011417,58540,-46,11,1,7,1,-95,1,680519892,128,0 0 0 0 0 0 0 0 0 0 0 0 -8 -2 -8 -2 -8 -3 -8 -3 -8 -4 -8 -4 -8 -4 -8 -4 -8 -4 -8 -5 -8 -5 -8 -5 -8 -5 -8 -5 -8 -5 -8 -5 -8 -5 -8 -6 -8 -6 -8 -6 -8 -6 -8 -6 -9 -6 -8 -6 -8 -6 -8 -6 0 0 -9 -5 -9 -5 -9 -5 -10 -5 -10 -5 -10 -5 -10 -4 -10 -5 -10 -4 -11 -5 -11 -4 -11 -4 -11 -4 -12 -4 -13 -4 -13 -4 -13 -4 -13 -4 -13 -4 -14 -4 -14 -4 -14 -4 -14 -5 -14 -5 -14 -5 -14 -5 0 0 0 0 0 0 0 0 0 0
1784740959.027395,58541,-46,11,1,7,1,-95,1,680529776,128,0 0 0 0 0 0 0 0 0 0 0 0 5 -1 6 -1 6 -1 6 -1 6 -1 6 0 6 0 7 0 7 0 7 0 7 0 7 1 8 1 8 1 8 1 8 1 8 1 8 1 8 2 8 1 9 1 9 2 9 1 9 2 9 2 9 2 0 0 10 1 10 2 10 1 10 1 10 1 10 1 10 1 11 1 11 1 11 0 12 1 12 1 12 1 12 0 12 0 13 0 13 0 13 0 14 0 14 0 14 0 14 0 14 0 14 1 14 1 14 1 0 0 0 0 0 0 0 0 0 0
1784740959.027395,58542,-46,11,1,7,1,-95,1,680539892,128,0 0 0 0 0 0 0 0 0 0 0 0 -4 -6 -3 -7 -3 -7 -3 -7 -3 -8 -2 -8 -2 -8 -2 -8 -2 -8 -2 -9 -1 -9 -1 -9 -1 -9 -1 -9 -1 -9 -1 -10 -1 -10 -1 -10 -1 -10 -1 -10 -1 -10 -1 -10 -1 -10 0 -10 -1 -10 -1 -10 0 0 -1 -10 -1 -11 -1 -10 -2 -11 -2 -10 -2 -11 -2 -11 -3 -11 -2 -11 -3 -12 -3 -12 -3 -12 -3 -12 -4 -12 -4 -13 -4 -13 -4 -13 -4 -13 -4 -14 -4 -14 -4 -14 -4 -14 -4 -15 -4 -15 -4 -15 -4 -15 0 0 0 0 0 0 0 0 0 0
1784740959.044735,58543,-45,11,1,7,1,-95,1,680549876,128,0 0 0 0 0 0 0 0 0 0 0 0 7 -2 7 -2 8 -2 8 -1 8 -1 8 -1 8 0 8 0 8 0 9 0 9 1 9 1 9 1 9 1 9 1 9 1 9 1 9 1 9 1 9 1 9 1 9 1 9 1 9 1 9 1 9 0 0 0 9 0 10 0 10 0 10 -1 10 -1 10 -1 10 -1 11 -1 10 -2 11 -2 12 -2 11 -2 11 -2 12 -2 12 -3 12 -3 13 -3 13 -3 13 -3 13 -4 13 -3 13 -4 14 -3 14 -3 14 -3 14 -3 0 0 0 0 0 0 0 0 0 0
1784740959.044735,58544,-44,11,1,7,1,-95,1,680559874,128,0 0 0 0 0 0 0 0 0 0 0 0 4 5 4 5 4 5 4 6 3 6 3 6 3 6 4 6 3 7 3 7 3 7 3 7 3 8 3 8 3 8 3 8 3 8 3 8 3 9 3 9 3 9 3 9 3 9 3 9 3 9 3 9 0 0 4 9 4 9 3 10 4 9 4 9 4 10 5 9 5 10 5 10 6 10 5 10 6 10 6 10 6 10 6 10 7 11 6 11 7 11 7 11 7 11 7 11 7 11 7 11 7 12 7 12 7 12 0 0 0 0 0 0 0 0 0 0
1784740959.063224,58545,-44,11,1,7,1,-95,1,680571664,128,0 0 0 0 0 0 0 0 0 0 0 0 4 -5 5 -5 5 -5 6 -5 6 -5 6 -5 6 -5 6 -5 7 -5 7 -5 7 -5 7 -5 8 -5 8 -5 9 -5 8 -4 9 -4 9 -4 9 -4 9 -4 9 -4 9 -4 9 -4 9 -4 10 -4 10 -4 0 0 10 -4 9 -4 10 -4 10 -4 9 -5 10 -5 10 -5 10 -5 10 -5 10 -6 10 -6 10 -7 10 -7 11 -7 10 -7 11 -7 10 -7 11 -8 11 -8 11 -8 11 -8 12 -8 11 -8 11 -8 12 -9 12 -9 0 0 0 0 0 0 0 0 0 0
1784740959.075129,58546,-43,11,1,7,1,-95,1,680579856,128,0 0 0 0 0 0 0 0 0 0 0 0 -3 -7 -3 -8 -2 -8 -2 -9 -2 -9 -2 -9 -2 -9 -1 -9 -1 -10 -1 -10 0 -10 0 -10 0 -10 0 -10 0 -11 0 -10 0 -11 0 -11 1 -11 0 -11 1 -11 0 -11 1 -11 1 -11 1 -11 1 -11 0 0 1 -11 0 -11 0 -12 0 -11 0 -12 0 -11 -1 -12 -1 -12 -1 -12 -1 -12 -1 -13 -2 -12 -2 -12 -2 -13 -3 -13 -3 -14 -3 -13 -3 -14 -4 -14 -4 -14 -4 -14 -4 -14 -3 -14 -3 -15 -3 -15 -3 -15 0 0 0 0 0 0 0 0 0 0
1784740959.090987,58547,-43,11,1,7,1,-95,1,680589810,128,0 0 0 0 0 0 0 0 0 0 0 0 -8 -2 -8 -3 -8 -3 -8 -4 -8 -4 -9 -5 -8 -5 -9 -5 -8 -5 -8 -6 -9 -6 -9 -6 -9 -6 -9 -6 -9 -6 -8 -7 -8 -7 -9 -7 -8 -7 -8 -8 -8 -7 -8 -7 -8 -7 -8 -7 -8 -7 -9 -7 0 0 -9 -7 -9 -7 -9 -7 -9 -7 -9 -7 -10 -7 -10 -7 -10 -6 -10 -7 -11 -6 -11 -6 -11 -6 -11 -6 -12 -6 -12 -6 -12 -6 -12 -6 -13 -6 -13 -6 -13 -6 -13 -6 -13 -7 -13 -6 -14 -7 -14 -6 -14 -7 0 0 0 0 0 0 0 0 0 0
1784740959.090987,58548,-43,11,1,7,1,-95,1,680606402,128,0 0 0 0 0 0 0 0 0 0 0 0 -8 2 -8 2 -8 1 -9 1 -9 1 -9 1 -9 0 -9 0 -10 0 -10 0 -10 0 -10 -1 -10 -1 -11 -1 -11 -1 -11 -1 -11 -1 -11 -1 -11 -1 -11 -1 -11 -2 -11 -2 -11 -2 -11 -2 -11 -2 -11 -2 0 0 -11 -1 -12 -1 -12 -1 -12 -1 -12 0 -12 -1 -12 0 -12 0 -12 0 -13 1 -13 1 -13 1 -13 1 -13 1 -13 2 -14 2 -14 2 -14 2 -14 2 -15 2 -15 2 -15 2 -15 2 -15 2 -15 2 -16 2 0 0 0 0 0 0 0 0 0 0
1784740959.107099,58549,-44,11,1,7,1,-95,1,680609842,128,0 0 0 0 0 0 0 0 0 0 0 0 7 2 7 2 7 3 7 3 7 4 7 4 7 4 7 4 7 5 7 5 7 5 7 6 7 6 7 6 8 6 7 6 7 7 7 7 7 7 7 7 8 7 7 7 7 7 7 7 7 7 7 7 0 0 8 7 8 7 8 7 8 7 8 6 9 6 9 6 9 6 9 6 10 6 10 6 10 6 10 6 11 6 11 6 12 6 12 6 12 6 12 6 13 6 13 6 13 6 13 7 13 7 13 7 13 7 0 0 0 0 0 0 0 0 0 0
1784740959.109108,58550,-45,11,1,6,1,-95,1,680623577,128,0 0 0 0 0 0 0 0 0 0 0 0 7 -3 7 -3 8 -2 7 -2 8 -1 8 -1 8 -2 8 -1 8 -1 9 -1 9 0 9 0 9 0 9 0 9 0 9 0 9 0 10 0 9 0 9 0 9 0 10 0 10 0 9 0 9 0 9 0 0 0 10 -1 10 -1 9 -1 10 -1 9 -1 10 -2 10 -2 10 -2 10 -3 11 -3 11 -3 11 -3 11 -4 11 -4 12 -4 12 -5 13 -4 13 -4 13 -5 14 -5 14 -5 14 -6 15 -5 15 -4 15 -4 15 -4 0 0 0 0 0 0 0 0 0 0
1784740959.123323,58551,-45,11,1,7,1,-95,1,680629928,128,0 0 0 0 0 0 0 0 0 0 0 0 0 8 -1 8 -2 8 -2 8 -2 8 -3 8 -3 8 -3 8 -3 9 -3 8 -4 8 -4 8 -4 8 -4 9 -4 9 -5 9 -5 9 -5 9 -5 9 -5 9 -5 9 -5 9 -4 9 -5 8 -5 8 -4 9 0 0 -4 9 -4 9 -4 9 -4 10 -3 10 -3 10 -3 10 -3 10 -3 11 -3 11 -3 11 -2 11 -2 11 -3 12 -2 12 -2 13 -2 13 -3 14 -2 14 -2 14 -2 14 -2 14 -3 14 -3 15 -3 15 -3 15 0 0 0 0 0 0 0 0 0 0
1784740959.123323,58552,-43,11,1,7,1,-95,1,680639769,128,0 0 0 0 0 0 0 0 0 0 0 0 2 8 1 8 1 8 1 9 0 8 0 9 0 9 0 9 0 9 0 9 -1 9 -1 10 -1 10 -2 10 -2 10 -2 10 -2 11 -2 10 -2 11 -2 10 -2 10 -2 10 -2 10 -2 10 -3 10 -2 11 0 0 -2 11 -2 11 -2 11 -1 10 -1 11 -1 11 -1 11 0 11 0 11 0 11 0 12 1 12 1 12 1 13 1 12 1 13 1 13 1 14 2 13 2 13 2 14 2 14 2 14 1 14 1 15 1 15 0 0 0 0 0 0 0 0 0 0
1784740959.144928,58553,-43,11,1,7,1,-95,1,680650060,128,0 0 0 0 0 0 0 0 0 0 0 0 -6 -7 -5 -7 -5 -8 -5 -8 -4 -8 -4 -8 -4 -9 -4 -9 -4 -9 -4 -9 -4 -10 -4 -10 -3 -10 -3 -10 -3 -10 -3 -11 -3 -11 -3 -11 -3 -11 -3 -11 -3 -11 -3 -11 -3 -11 -3 -11 -3 -11 -3 -11 0 0 -3 -12 -3 -11 -3 -11 -4 -11 -4 -11 -4 -11 -4 -11 -5 -12 -5 -12 -5 -12 -6 -12 -6 -12 -6 -12 -6 -12 -7 -13 -7 -12 -7 -13 -7 -13 -7 -13 -7 -13 -7 -13 -8 -14 -7 -14 -7 -14 -7 -14 -7 -14 0 0 0 0 0 0 0 0 0 0
1784740959.155361,58554,-44,11,1,7,1,-95,1,680659890,128,0 0 0 0 0 0 0 0 0 0 0 0 -9 0 -8 -1 -9 -1 -9 -2 -9 -2 -9 -2 -9 -2 -9 -3 -9 -3 -9 -3 -9 -4 -9 -4 -9 -4 -9 -4 -9 -4 -10 -4 -9 -4 -10 -4 -10 -4 -10 -4 -10 -4 -10 -4 -10 -4 -10 -5 -10 -4 -10 -5 0 0 -10 -4 -10 -4 -10 -3 -11 -4 -10 -3 -11 -3 -11 -3 -11 -3 -11 -3 -12 -3 -12 -2 -12 -2 -12 -2 -12 -2 -13 -1 -13 -1 -13 -2 -14 -2 -14 -2 -14 -2 -14 -2 -14 -1 -15 -2 -15 -2 -15 -2 -15 -2 0 0 0 0 0 0 0 0 0 0
1784740959.155361,58555,-44,11,1,7,1,-95,1,680673914,128,0 0 0 0 0 0 0 0 0 0 0 0 1 -8 2 -9 3 -8 3 -8 3 -8 4 -9 4 -9 4 -9 4 -8 4 -8 5 -8 4 -8 5 -8 5 -9 5 -9 5 -8 6 -9 5 -9 6 -9 6 -9 6 -9 6 -9 6 -8 6 -9 5 -9 6 -9 0 0 5 -9 5 -9 5 -9 5 -9 5 -10 5 -10 4 -10 4 -11 5 -11 4 -11 4 -11 4 -11 4 -12 4 -12 4 -12 4 -13 4 -13 4 -14 4 -14 4 -14 4 -14 4 -14 4 -14 4 -15 4 -14 5 -15 0 0 0 0 0 0 0 0 0 0
1784740959.171288,58556,-44,11,1,7,1,-95,1,680679886,128,0 0 0 0 0 0 0 0 0 0 0 0 7 -5 7 -4 7 -4 7 -3 8 -3 7 -3 8 -3 8 -3 8 -2 8 -2 8 -2 8 -2 9 -2 9 -1 9 -2 9 -1 9 -2 9 -2 9 -1 9 -2 9 -2 9 -1 9 -2 9 -2 9 -1 9 -2 0 0 10 -2 10 -2 9 -2 10 -3 9 -3 10 -4 10 -4 10 -4 11 -4 11 -5 11 -5 10 -5 11 -5 11 -5 12 -6 12 -6 12 -6 12 -6 13 -6 13 -6 13 -6 13 -6 13 -6 14 -6 14 -5 14 -6 0 0 0 0 0 0 0 0 0 0
1784740959.186982,58557,-44,11,1,7,1,-95,1,680689854,128,0 0 0 0 0 0 0 0 0 0 0 0 -7 -4 -7 -5 -7 -6 -6 -6 -6 -6 -6 -7 -6 -7 -6 -7 -6 -7 -6 -7 -6 -7 -6 -8 -6 -8 -6 -8 -6 -8 -6 -8 -6 -8 -6 -9 -6 -9 -6 -9 -6 -9 -6 -9 -6 -9 -6 -9 -6 -9 -7 -9 0 0 -7 -9 -7 -9 -7 -9 -8 -9 -8 -9 -8 -9 -8 -9 -9 -9 -9 -9 -10 -9 -10 -9 -10 -9 -10 -9 -10 -10 -11 -10 -11 -10 -11 -10 -12 -10 -11 -11 -12 -11 -12 -11 -12 -11 -12 -11 -12 -12 -12 -12 -12 -12 0 0 0 0 0 0 0 0 0 0
1784740959.188986,58558,-44,11,1,7,1,-95,1,680699805,128,0 0 0 0 0 0 0 0 0 0 0 0 -7 -5 -7 -5 -7 -6 -7 -7 -6 -7 -7 -7 -6 -7 -6 -7 -6 -8 -6 -8 -6 -8 -6 -8 -6 -8 -6 -8 -6 -8 -6 -9 -6 -9 -6 -9 -6 -9 -6 -9 -6 -9 -6 -9 -6 -9 -6 -8 -7 -8 -7 -9 0 0 -7 -9 -7 -9 -7 -9 -8 -8 -8 -8 -8 -8 -9 -8 -9 -8 -9 -9 -10 -8 -10 -8 -10 -8 -11 -9 -11 -9 -11 -9 -12 -9 -11 -9 -12 -9 -12 -9 -12 -10 -12 -10 -12 -10 -12 -10 -12 -10 -13 -11 -13 -11 0 0 0 0 0 0 0 0 0 0
1784740959.202611,58559,-44,11,1,7,1,-95,1,680709897,128,0 0 0 0 0 0 0 0 0 0 0 0 -1 8 -2 8 -2 9 -3 8 -3 9 -3 8 -4 9 -4 8 -4 9 -5 9 -5 8 -5 8 -5 8 -5 8 -5 8 -5 9 -5 8 -5 9 -5 8 -5 9 -5 9 -5 9 -5 9 -5 8 -5 9 -5 9 0 0 -4 9 -5 10 -4 9 -4 10 -3 9 -4 10 -3 10 -3 10 -3 10 -3 12 -3 11 -3 11 -2 11 -2 11 -2 12 -1 12 -2 13 -2 12 -1 13 -1 13 -1 13 -1 13 -2 14 -2 14 -2 13 -2 13 0 0 0 0 0 0 0 0 0 0
1784740959.202611,58560,-45,11,1,7,1,-95,1,680719903,128,0 0 0 0 0 0 0 0 0 0 0 0 5 -7 6 -7 6 -7 7 -6 7 -6 7 -6 7 -6 8 -6 8 -6 8 -5 8 -5 9 -5 9 -5 9 -5 9 -5 9 -5 10 -5 9 -5 10 -5 9 -5 9 -5 9 -5 9 -5 9 -5 9 -5 9 -5 0 0 9 -5 9 -6 9 -6 9 -6 8 -6 8 -7 8 -7 8 -7 8 -8 8 -8 8 -8 8 -9 8 -9 9 -9 8 -9 9 -10 8 -10 9 -10 9 -10 9 -11 9 -11 9 -11 9 -11 9 -11 9 -11 10 -11 0 0 0 0 0 0 0 0 0 0
1784740959.220772,58561,-44,11,1,7,1,-95,1,680729784,128,0 0 0 0 0 0 0 0 0 0 0 0 -8 -1 -9 -1 -8 -2 -9 -2 -8 -3 -9 -3 -9 -3 -9 -3 -9 -4 -9 -3 -9 -4 -9 -4 -9 -4 -10 -4 -10 -5 -9 -5 -10 -5 -10 -5 -10 -5 -9 -5 -10 -5 -10 -6 -10 -5 -10 -5 -10 -5 -10 -5 0 0 -10 -5 -10 -5 -10 -5 -10 -4 -10 -4 -11 -4 -11 -4 -11 -4 -11 -4 -12 -3 -12 -3 -12 -3 -13 -3 -13 -3 -13 -3 -14 -3 -13 -3 -14 -3 -14 -3 -14 -3 -14 -3 -15 -3 -14 -3 -15 -3 -15 -3 -15 -3 0 0 0 0 0 0 0 0 0 0
1784740959.234816,58562,-44,11,1,7,1,-95,1,680739847,128,0 0 0 0 0 0 0 0 0 0 0 0 -8 -4 -8 -4 -8 -5 -7 -5 -8 -6 -7 -6 -8 -6 -7 -6 -8 -6 -8 -7 -7 -7 -8 -7 -7 -8 -7 -8 -7 -8 -8 -9 -7 -8 -8 -9 -7 -8 -8 -9 -8 -9 -8 -9 -8 -9 -7 -9 -7 -9 -7 -9 0 0 -8 -9 -8 -9 -8 -8 -9 -9 -8 -8 -8 -8 -9 -8 -9 -8 -9 -8 -10 -9 -10 -8 -10 -8 -10 -8 -10 -8 -12 -9 -11 -8 -12 -9 -11 -8 -12 -8 -12 -9 -12 -9 -13 -8 -12 -9 -12 -9 -12 -9 -12 -9 0 0 0 0 0 0 0 0 0 0
1784740959.245120,58563,-44,11,1,7,1,-95,1,680749978,128,0 0 0 0 0 0 0 0 0 0 0 0 8 1 8 1 8 2 8 2 8 2 9 3 8 3 9 3 9 3 8 4 9 4 9 5 8 5 9 5 9 5 9 5 9 6 9 6 9 6 9 6 9 6 9 6 9 6 8 6 8 6 9 6 0 0 9 6 9 6 9 6 9 6 9 5 9 5 9 5 9 5 10 5 10 5 10 5 10 5 10 5 11 5 11 4 11 4 11 5 12 4 11 4 12 4 12 4 12 4 12 4 12 5 12 5 12 5 0 0 0 0 0 0 0 0 0 0
1784740959.250866,58564,-44,11,1,7,1,-95,1,680759800,128,0 0 0 0 0 0 0 0 0 0 0 0 -9 0 -9 -1 -9 -1 -10 -2 -10 -2 -10 -2 -10 -3 -10 -3 -10 -3 -10 -3 -10 -3 -10 -4 -10 -4 -10 -4 -11 -4 -10 -5 -10 -5 -10 -5 -11 -5 -10 -5 -10 -5 -11 -6 -10 -5 -10 -5 -10 -5 -11 -5 0 0 -11 -5 -10 -5 -10 -5 -10 -4 -10 -4 -11 -4 -11 -4 -11 -3 -11 -4 -12 -3 -12 -3 -12 -2 -12 -2 -12 -2 -12 -2 -13 -2 -13 -2 -13 -2 -13 -2 -13 -2 -14 -1 -14 -2 -14 -1 -14 -1 -14 -1 -15 -1 0 0 0 0 0 0 0 0 0 0
1784740959.282768,58565,-44,11,1,7,1,-95,1,680769874,128,0 0 0 0 0 0 0 0 0 0 0 0 -7 -6 -7 -6 -7 -7 -6 -7 -6 -8 -6 -8 -6 -8 -6 -8 -6 -9 -6 -9 -5 -9 -5 -10 -5 -10 -5 -10 -5 -10 -5 -10 -5 -10 -5 -10 -5 -10 -5 -10 -5 -10 -5 -10 -5 -10 -5 -10 -4 -10 -5 -10 0 0 -5 -10 -6 -10 -6 -9 -6 -10 -6 -9 -7 -10 -7 -9 -7 -10 -7 -9 -8 -10 -8 -10 -8 -10 -8 -9 -8 -9 -10 -10 -10 -9 -10 -10 -10 -10 -10 -10 -11 -10 -11 -10 -12 -10 -11 -12 -10 -12 -11 -11 -11 -11 0 0 0 0 0 0 0 0 0 0
1784740959.282768,58566,-44,11,1,6,1,-95,1,680786015,128,0 0 0 0 0 0 0 0 0 0 0 0 5 4 5 4 5 5 5 5 5 5 5 6 5 6 5 6 5 7 5 6 5 6 5 7 5 7 5 7 5 8 4 8 5 8 5 8 5 8 5 8 5 8 5 8 5 8 5 8 5 8 6 9 0 0 6 9 5 9 6 9 6 8 6 9 7 9 7 9 7 9 7 9 8 8 8 9 8 9 9 9 9 10 9 9 10 10 9 9 10 10 10 10 10 10 10 10 10 11 10 10 10 10 10 11 10 11 0 0 0 0 0 0 0 0 0 0
1784740959.282768,58567,-44,11,1,7,1,-95,1,680789939,128,0 0 0 0 0 0 0 0 0 0 0 0 -7 3 -7 3 -8 2 -8 2 -8 2 -8 1 -9 1 -9 2 -9 1 -9 1 -9 1 -9 1 -10 1 -10 1 -10 1 -10 0 -11 0 -10 0 -11 0 -11 0 -11 0 -11 0 -11 0 -11 0 -11 0 -12 0 0 0 -12 0 -12 0 -12 0 -12 1 -12 1 -12 1 -12 1 -12 2 -13 1 -13 2 -13 2 -13 2 -14 2 -14 3 -14 2 -14 2 -14 2 -14 3 -15 3 -15 3 -15 3 -15 2 -15 3 -15 2 -16 2 -16 2 0 0 0 0 0 0 0 0 0 0
1784740959.412855,58568,-45,11,1,7,1,-95,1,680913833,128,0 0 0 0 0 0 0 0 0 0 0 0 -5 -6 -4 -6 -4 -7 -4 -7 -3 -7 -4 -8 -3 -8 -3 -8 -3 -8 -3 -8 -2 -9 -3 -9 -2 -9 -2 -9 -2 -10 -2 -10 -2 -10 -2 -10 -2 -10 -2 -10 -2 -11 -2 -11 -2 -11 -1 -11 -1 -11 -2 -11 0 0 -2 -11 -2 -11 -2 -11 -2 -11 -2 -11 -2 -11 -3 -11 -3 -11 -3 -12 -3 -12 -3 -12 -3 -12 -3 -12 -4 -12 -4 -12 -4 -13 -4 -13 -4 -13 -4 -13 -5 -14 -5 -13 -5 -14 -4 -14 -4 -14 -4 -14 -4 -15 0 0 0 0 0 0 0 0 0 0
1784740959.412855,58569,-45,11,1,7,1,-95,1,680914142,128,0 0 0 0 0 0 0 0 0 0 0 0 -7 -4 -7 -4 -6 -5 -6 -5 -6 -5 -6 -5 -6 -6 -7 -6 -6 -6 -6 -6 -6 -7 -6 -7 -6 -7 -6 -8 -7 -8 -6 -8 -6 -8 -6 -8 -6 -9 -6 -9 -7 -9 -6 -9 -6 -9 -6 -9 -6 -9 -6 -9 0 0 -7 -9 -6 -9 -7 -9 -7 -9 -7 -9 -7 -9 -7 -9 -8 -9 -8 -9 -8 -9 -8 -9 -9 -9 -9 -9 -9 -9 -9 -9 -10 -10 -9 -9 -10 -9 -10 -9 -10 -9 -11 -9 -11 -10 -11 -10 -11 -10 -11 -10 -11 -10 0 0 0 0 0 0 0 0 0 0
1784740959.412855,58570,-45,11,1,6,1,-95,1,680916135,128,0 0 0 0 0 0 0 0 0 0 0 0 0 -8 1 -8 1 -8 2 -8 2 -8 2 -8 2 -8 2 -8 3 -8 3 -8 4 -8 4 -9 4 -8 4 -9 4 -9 5 -9 5 -9 5 -9 5 -9 5 -9 5 -9 5 -9 6 -9 6 -9 6 -9 6 -9 0 0 6 -9 6 -10 5 -10 6 -10 5 -10 6 -10 5 -10 5 -11 5 -10 5 -11 5 -11 5 -11 5 -11 5 -12 5 -12 5 -12 5 -12 5 -13 5 -13 5 -13 5 -13 5 -13 5 -13 6 -13 6 -14 6 -14 0 0 0 0 0 0 0 0 0 0
1784740959.412855,58571,-45,11,1,6,1,-95,1,680917616,128,0 0 0 0 0 0 0 0 0 0 0 0 -7 -2 -7 -3 -7 -3 -7 -3 -7 -4 -8 -4 -7 -4 -8 -4 -7 -5 -7 -5 -8 -5 -8 -5 -8 -5 -8 -6 -8 -6 -8 -6 -8 -7 -8 -7 -8 -7 -8 -7 -8 -7 -8 -8 -8 -7 -8 -7 -8 -7 -9 -8 0 0 -8 -8 -8 -8 -9 -8 -8 -8 -9 -8 -9 -8 -9 -8 -9 -8 -9 -8 -10 -7 -10 -7 -10 -7 -11 -7 -11 -8 -10 -7 -11 -8 -11 -7 -11 -8 -11 -8 -12 -8 -12 -8 -12 -8 -12 -8 -12 -8 -12 -8 -13 -8 0 0 0 0 0 0 0 0 0 0
1784740959.412855,58572,-45,11,1,6,1,-95,1,680919206,128,0 0 0 0 0 0 0 0 0 0 0 0 -7 1 -7 1 -8 0 -8 0 -8 0 -8 0 -8 0 -8 0 -9 -1 -9 -1 -9 -1 -9 -1 -10 -2 -10 -2 -10 -2 -10 -2 -10 -2 -11 -2 -11 -2 -11 -2 -11 -2 -11 -2 -11 -3 -11 -3 -11 -3 -11 -3 0 0 -11 -3 -11 -2 -11 -3 -12 -2 -11 -2 -12 -2 -12 -2 -12 -2 -12 -2 -13 -1 -12 -1 -12 -1 -12 -1 -12 -1 -13 0 -13 0 -13 -1 -14 0 -14 0 -14 0 -14 0 -14 0 -14 0 -14 -1 -15 0 -15 0 0 0 0 0 0 0 0 0 0 0
1784740959.426963,58573,-45,11,1,6,1,-95,1,680921344,128,0 0 0 0 0 0 0 0 0 0 0 0 6 -5 6 -4 7 -4 7 -4 7 -4 7 -4 7 -4 8 -4 8 -3 8 -3 8 -3 9 -3 9 -3 9 -3 9 -3 10 -3 10 -3 10 -3 10 -2 11 -3 10 -3 11 -2 11 -2 11 -2 11 -2 11 -2 0 0 11 -2 11 -2 11 -2 11 -3 11 -3 11 -3 11 -3 12 -3 11 -3 12 -4 12 -4 12 -4 12 -4 12 -4 12 -5 12 -5 12 -5 12 -5 13 -5 13 -6 13 -5 13 -6 13 -5 13 -5 13 -5 13 -6 0 0 0 0 0 0 0 0 0 0
1784740959.426963,58574,-45,11,1,7,1,-95,1,680929930,128,0 0 0 0 0 0 0 0 0 0 0 0 4 -6 5 -6 5 -6 6 -6 6 -6 6 -6 6 -6 7 -6 7 -5 7 -5 7 -5 8 -6 8 -5 8 -5 8 -5 9 -5 9 -5 9 -5 9 -5 10 -5 10 -5 10 -5 10 -5 10 -5 10 -5 10 -5 0 0 10 -5 10 -5 10 -5 10 -5 10 -5 10 -6 10 -6 10 -6 10 -6 10 -7 10 -6 10 -7 10 -7 10 -7 10 -7 10 -7 10 -7 10 -8 11 -8 10 -8 10 -8 10 -8 11 -8 11 -8 10 -8 11 -8 0 0 0 0 0 0 0 0 0 0
1784740959.426963,58575,-46,11,1,7,1,-95,1,680939832,128,0 0 0 0 0 0 0 0 0 0 0 0 6 -5 7 -5 7 -4 7 -4 8 -4 8 -4 8 -4 8 -3 8 -3 9 -3 9 -3 9 -2 10 -2 10 -2 10 -2 10 -2 10 -2 11 -2 11 -2 11 -2 11 -2 11 -2 11 -2 11 -1 11 -1 11 -1 0 0 11 -1 11 -2 11 -2 12 -2 11 -2 12 -2 11 -3 12 -3 11 -3 12 -3 12 -3 12 -3 11 -3 12 -3 12 -4 12 -4 12 -4 13 -4 12 -4 12 -5 12 -5 12 -5 13 -4 13 -4 13 -4 13 -5 0 0 0 0 0 0 0 0 0 0
1784740959.445798,58576,-46,11,1,7,1,-95,1,680949879,128,0 0 0 0 0 0 0 0 0 0 0 0 0 7 -1 7 -1 7 -2 8 -2 7 -2 8 -2 8 -2 8 -3 8 -3 8 -3 8 -3 9 -3 9 -4 9 -4 9 -5 9 -5 9 -5 9 -5 9 -5 9 -5 9 -6 9 -5 9 -5 9 -5 9 -5 9 0 0 -6 9 -5 9 -6 9 -5 9 -5 9 -5 9 -5 9 -5 10 -5 10 -4 10 -4 10 -4 10 -4 10 -4 11 -4 10 -4 11 -4 11 -4 11 -3 11 -3 12 -3 12 -3 12 -3 12 -3 12 -3 12 -3 13 0 0 0 0 0 0 0 0 0 0
1784740959.445798,58577,-46,11,1,7,1,-95,1,680959822,128,0 0 0 0 0 0 0 0 0 0 0 0 7 -1 7 -1 7 0 7 0 8 0 8 0 8 1 8 1 8 1 8 1 9 1 9 2 9 2 9 2 9 3 9 3 9 3 9 3 9 4 9 4 9 4 9 4 9 4 9 4 9 4 9 4 0 0 9 4 9 4 9 4 9 4 9 3 9 3 10 3 10 3 10 3 11 3 11 3 10 2 11 2 11 2 11 2 12 2 11 2 12 2 12 2 13 1 13 1 13 2 13 1 13 2 14 1 14 1 0 0 0 0 0 0 0 0 0 0
1784740959.458965,58578,-46,11,1,7,1,-95,1,680969859,128,0 0 0 0 0 0 0 0 0 0 0 0 6 1 6 2 6 2 7 3 7 3 7 3 7 3 7 3 7 3 7 4 7 5 7 5 7 5 7 5 7 5 7 5 7 5 8 5 8 6 8 6 7 6 8 6 8 6 7 6 7 6 8 6 0 0 8 6 8 5 8 5 9 5 9 5 9 5 9 5 9 5 9 5 10 5 10 5 10 5 10 4 11 5 12 4 12 4 12 5 12 5 12 4 13 4 13 4 13 4 13 5 13 5 13 5 13 5 0 0 0 0 0 0 0 0 0 0
1784740959.475070,58579,-46,11,1,7,1,-95,1,680980074,128,0 0 0 0 0 0 0 0 0 0 0 0 -2 -7 -1 -8 -1 -8 -1 -8 0 -8 0 -9 0 -9 0 -9 1 -9 0 -9 0 -10 1 -10 1 -10 1 -10 1 -10 2 -10 2 -10 2 -10 2 -10 2 -10 2 -11 3 -11 2 -11 2 -11 2 -11 2 -11 0 0 2 -11 2 -11 2 -12 1 -11 1 -12 2 -12 2 -12 1 -12 1 -13 1 -13 0 -13 0 -13 0 -13 0 -14 0 -14 1 -14 0 -14 0 -14 1 -15 1 -15 0 -15 1 -15 0 -15 0 -15 0 -16 0 -16 0 0 0 0 0 0 0 0 0 0
1784740959.475070,58580,-47,11,1,7,1,-95,1,680989797,128,0 0 0 0 0 0 0 0 0 0 0 0 -6 4 -6 4 -7 4 -7 3 -7 3 -7 3 -8 3 -8 3 -8 3 -9 3 -9 3 -9 3 -9 2 -9 2 -9 2 -10 2 -10 2 -10 2 -10 2 -10 2 -10 3 -10 2 -10 2 -10 2 -10 2 -10 2 0 0 -10 3 -10 3 -10 3 -11 3 -10 3 -10 3 -10 4 -11 4 -10 4 -11 5 -11 5 -11 5 -11 5 -11 5 -12 6 -12 6 -12 6 -12 6 -12 6 -12 7 -13 7 -13 7 -13 7 -14 7 -13 6 -14 7 0 0 0 0 0 0 0 0 0 0
1784740959.507409,58581,-47,11,1,7,1,-95,1,681020839,128,0 0 0 0 0 0 0 0 0 0 0 0 -2 7 -2 7 -2 7 -3 8 -3 7 -3 8 -3 8 -3 8 -3 8 -3 8 -4 8 -4 8 -4 9 -4 9 -5 9 -4 9 -5 10 -5 9 -5 9 -5 9 -5 10 -5 9 -5 9 -5 9 -5 9 -5 10 0 0 -5 10 -5 10 -5 11 -4 10 -4 11 -4 11 -4 11 -4 12 -4 11 -4 12 -4 12 -4 12 -4 13 -4 13 -3 13 -4 14 -4 13 -4 14 -3 14 -3 14 -3 14 -4 15 -4 14 -4 14 -4 15 -4 14 0 0 0 0 0 0 0 0 0 0
1784740959.507409,58582,-47,11,1,7,1,-95,1,681021209,128,0 0 0 0 0 0 0 0 0 0 0 0 2 6 2 7 1 7 1 7 1 7 1 7 1 7 1 7 0 8 1 8 0 8 1 9 0 9 0 9 0 9 0 9 0 10 0 10 0 10 0 10 0 10 -1 10 0 10 0 10 0 10 0 10 0 0 0 10 0 10 0 11 1 10 1 11 1 11 1 11 1 11 1 11 2 11 2 11 2 12 2 12 2 13 2 12 2 13 2 12 3 13 3 13 3 13 3 13 3 14 3 13 2 13 2 13 2 14 0 0 0 0 0 0 0 0 0 0
1784740959.523192,58583,-46,11,1,7,1,-95,1,681029891,128,0 0 0 0 0 0 0 0 0 0 0 0 -3 6 -3 7 -3 6 -4 7 -4 7 -4 7 -4 7 -4 7 -5 7 -5 7 -5 7 -6 8 -6 8 -6 8 -7 8 -7 8 -7 8 -7 8 -8 8 -7 8 -7 8 -8 8 -8 8 -8 8 -8 8 -8 8 0 0 -8 9 -8 8 -8 9 -8 9 -7 9 -7 9 -7 9 -7 10 -7 10 -7 10 -8 10 -7 10 -7 10 -8 11 -7 11 -8 11 -7 11 -7 11 -7 11 -7 11 -7 12 -7 12 -7 11 -8 11 -8 11 -8 11 0 0 0 0 0 0 0 0 0 0
1784740959.523192,58584,-46,11,1,7,1,-95,1,681039817,128,0 0 0 0 0 0 0 0 0 0 0 0 -8 2 -8 2 -8 1 -9 1 -9 1 -9 1 -10 0 -10 0 -10 0 -10 0 -10 0 -10 0 -11 0 -11 -1 -12 -1 -11 -2 -12 -2 -11 -2 -12 -2 -11 -2 -12 -2 -11 -3 -12 -2 -12 -2 -12 -2 -12 -2 0 0 -12 -3 -12 -2 -12 -3 -12 -2 -12 -2 -12 -2 -12 -2 -12 -2 -12 -2 -13 -1 -13 -1 -13 -1 -13 -1 -13 -1 -13 -1 -13 -1 -13 -1 -13 -1 -13 0 -13 -1 -14 0 -13 -1 -13 0 -13 0 -13 0 -13 0 0 0 0 0 0 0 0 0 0 0
1784740959.546266,58585,-46,11,1,7,1,-95,1,681049776,128,0 0 0 0 0 0 0 0 0 0 0 0 7 -4 7 -4 8 -4 8 -3 9 -3 9 -3 9 -3 9 -3 9 -3 10 -2 10 -2 10 -1 11 -1 11 -1 11 -1 11 -1 11 -1 12 0 11 0 12 0 11 0 11 0 12 0 11 0 11 0 11 0 0 0 11 0 11 -1 11 -1 12 -1 11 -1 11 -1 11 -1 11 -2 11 -2 12 -2 11 -3 11 -3 11 -3 11 -3 12 -4 11 -4 12 -4 12 -4 12 -4 12 -5 12 -4 11 -5 12 -5 12 -5 12 -4 12 -5 0 0 0 0 0 0 0 0 0 0
1784740959.557921,58586,-47,11,1,6,1,-95,1,681061275,128,0 0 0 0 0 0 0 0 0 0 0 0 2 7 1 7 1 7 1 7 0 8 0 8 0 8 0 8 0 9 -1 9 -1 9 -1 9 -2 9 -2 9 -2 9 -2 10 -3 9 -3 9 -3 9 -3 9 -2 9 -2 9 -2 10 -3 9 -3 9 -2 9 0 0 -2 10 -2 10 -2 10 -2 10 -2 10 -2 10 -2 10 -1 10 -2 11 -1 11 -1 11 -1 11 -1 11 -1 11 -1 11 -1 11 -1 12 -1 12 -1 12 0 12 0 12 0 12 0 12 -1 12 0 12 -1 12 0 0 0 0 0 0 0 0 0 0
1784740959.557921,58587,-47,11,1,7,1,-95,1,681069877,128,0 0 0 0 0 0 0 0 0 0 0 0 3 -6 4 -6 4 -6 4 -6 4 -6 5 -6 5 -6 5 -6 5 -6 5 -6 6 -6 6 -6 6 -6 7 -5 6 -6 7 -6 7 -6 7 -6 7 -6 7 -6 7 -6 7 -6 7 -6 8 -6 7 -6 8 -6 0 0 8 -6 8 -7 8 -6 8 -7 8 -7 8 -7 7 -7 8 -8 8 -8 8 -8 9 -8 8 -8 8 -8 8 -8 8 -9 8 -9 8 -8 8 -9 8 -10 8 -10 8 -9 8 -10 8 -10 9 -9 9 -9 9 -9 0 0 0 0 0 0 0 0 0 0
1784740959.571450,58588,-46,11,1,6,1,-95,1,681083743,128,0 0 0 0 0 0 0 0 0 0 0 0 5 4 4 5 4 5 4 5 4 6 4 6 4 6 4 6 4 6 4 7 4 7 4 7 4 8 4 8 4 8 3 8 3 9 3 9 4 9 3 9 3 9 3 9 3 9 3 9 3 9 3 10 0 0 3 10 3 10 3 10 3 9 3 10 3 9 4 9 4 10 4 10 5 10 4 10 5 10 5 10 5 10 5 10 5 10 5 10 5 10 5 10 5 10 5 10 5 11 5 10 5 10 6 11 6 10 0 0 0 0 0 0 0 0 0 0
1784740959.587189,58589,-46,11,1,6,1,-95,1,681091405,128,0 0 0 0 0 0 0 0 0 0 0 0 7 2 7 2 7 3 7 3 7 4 6 4 7 4 7 4 7 4 7 5 6 5 7 6 6 6 7 6 7 6 7 6 7 6 7 7 7 7 7 7 7 7 7 7 7 7 6 7 6 8 6 7 0 0 7 7 7 7 7 7 7 7 7 6 8 6 8 6 8 6 8 6 8 6 8 6 8 6 8 6 8 6 9 6 9 5 9 6 9 5 10 5 10 5 10 5 10 5 10 5 10 6 10 6 10 5 0 0 0 0 0 0 0 0 0 0
1784740959.587189,58590,-45,11,1,7,1,-95,1,681099836,128,0 0 0 0 0 0 0 0 0 0 0 0 -7 -5 -7 -6 -7 -6 -6 -6 -6 -7 -6 -7 -6 -7 -7 -7 -6 -8 -7 -8 -6 -8 -6 -9 -6 -9 -6 -9 -6 -9 -5 -10 -6 -10 -5 -10 -5 -10 -5 -10 -5 -10 -5 -10 -5 -10 -5 -10 -5 -10 -5 -10 0 0 -5 -10 -5 -10 -5 -10 -6 -10 -6 -9 -6 -10 -6 -9 -7 -9 -7 -10 -7 -10 -8 -10 -8 -9 -8 -10 -8 -10 -8 -10 -8 -10 -8 -10 -9 -10 -9 -10 -9 -9 -9 -9 -9 -10 -10 -10 -9 -10 -9 -10 -10 -10 0 0 0 0 0 0 0 0 0 0
1784740959.603078,58591,-45,11,1,6,1,-95,1,681111221,128,0 0 0 0 0 0 0 0 0 0 0 0 -3 7 -4 8 -5 7 -5 7 -5 7 -6 7 -6 7 -6 7 -7 7 -6 7 -7 7 -7 7 -7 7 -8 7 -8 7 -8 6 -9 6 -8 6 -9 6 -9 6 -9 6 -9 6 -8 6 -8 6 -8 6 -8 6 0 0 -8 6 -8 6 -8 6 -8 7 -8 7 -8 7 -8 7 -8 8 -8 8 -7 8 -8 9 -7 9 -7 9 -8 9 -8 9 -8 10 -8 9 -8 10 -8 10 -8 10 -8 10 -8 10 -7 10 -8 10 -8 11 -8 11 0 0 0 0 0 0 0 0 0 0
1784740959.603078,58592,-45,11,1,6,1,-95,1,681121097,128,0 0 0 0 0 0 0 0 0 0 0 0 -9 1 -9 0 -10 0 -9 -1 -10 -1 -9 -1 -10 -2 -10 -2 -10 -2 -10 -3 -10 -3 -10 -3 -10 -4 -10 -4 -10 -3 -10 -4 -10 -4 -11 -4 -10 -4 -10 -4 -10 -4 -10 -4 -10 -4 -10 -4 -10 -4 -9 -4 0 0 -10 -4 -10 -3 -10 -3 -11 -3 -10 -3 -10 -3 -11 -3 -11 -3 -11 -2 -12 -2 -11 -3 -12 -2 -12 -2 -12 -2 -13 -1 -12 -1 -13 -2 -13 -2 -13 -1 -14 -1 -13 -1 -13 -1 -14 -2 -14 -2 -14 -2 -14 -2 0 0 0 0 0 0 0 0 0 0
1784740959.619230,58593,-44,11,1,7,1,-95,1,681129839,128,0 0 0 0 0 0 0 0 0 0 0 0 2 -8 2 -8 3 -8 3 -8 3 -8 3 -8 4 -8 4 -8 4 -9 5 -8 5 -8 5 -8 6 -8 6 -8 6 -8 7 -9 6 -8 7 -8 6 -8 7 -8 6 -8 7 -8 7 -8 7 -7 7 -8 7 -8 0 0 7 -8 7 -9 6 -8 7 -9 6 -8 6 -9 6 -9 6 -9 6 -9 6 -10 6 -10 6 -10 6 -10 6 -10 6 -11 6 -11 6 -11 5 -11 6 -11 5 -12 6 -11 5 -12 6 -12 6 -12 6 -12 6 -12 0 0 0 0 0 0 0 0 0 0
1784740959.635299,58594,-44,11,1,6,1,-95,1,681141379,128,0 0 0 0 0 0 0 0 0 0 0 0 6 -4 7 -3 7 -3 7 -3 8 -2 8 -2 8 -2 8 -2 8 -2 9 -2 9 -1 9 -2 9 -1 10 -1 10 -1 10 0 10 0 10 0 10 0 10 0 10 0 10 0 10 0 10 0 10 0 11 0 0 0 11 0 11 0 10 0 11 0 10 0 11 0 11 0 11 -1 11 -1 11 -1 11 -1 11 -2 11 -1 11 -1 12 -2 11 -2 12 -2 12 -2 12 -2 12 -3 12 -3 12 -2 12 -3 12 -3 12 -3 12 -3 0 0 0 0 0 0 0 0 0 0
1784740959.646364,58595,-44,11,1,7,1,-95,1,681149855,128,0 0 0 0 0 0 0 0 0 0 0 0 -1 -8 0 -8 0 -8 1 -9 1 -8 1 -9 1 -9 2 -9 2 -9 2 -9 2 -10 2 -10 2 -10 3 -10 3 -10 3 -10 4 -11 4 -10 4 -11 4 -10 4 -10 5 -10 4 -10 4 -10 4 -10 5 -11 0 0 4 -11 4 -11 5 -11 4 -11 4 -11 4 -11 4 -11 4 -11 4 -11 3 -11 3 -12 3 -12 3 -12 3 -12 3 -12 3 -12 3 -12 3 -13 3 -13 3 -13 3 -13 3 -13 3 -13 3 -13 3 -13 2 -13 0 0 0 0 0 0 0 0 0 0
1784740959.651237,58596,-44,11,1,7,1,-95,1,681159819,128,0 0 0 0 0 0 0 0 0 0 0 0 6 -6 6 -6 7 -5 6 -5 7 -5 6 -5 7 -5 8 -5 8 -5 8 -5 8 -4 9 -4 9 -4 9 -4 9 -4 10 -4 9 -4 10 -4 10 -4 10 -4 10 -4 10 -4 11 -4 10 -3 10 -3 10 -4 0 0 10 -4 11 -5 10 -4 11 -5 10 -5 10 -5 10 -5 10 -6 10 -6 11 -6 10 -6 10 -6 10 -6 10 -6 11 -7 10 -7 11 -7 10 -7 10 -8 10 -8 10 -8 10 -8 11 -8 11 -7 11 -8 11 -8 0 0 0 0 0 0 0 0 0 0
1784740959.669467,58597,-44,11,1,6,1,-95,1,681171440,128,0 0 0 0 0 0 0 0 0 0 0 0 -6 5 -6 5 -6 5 -7 5 -7 5 -7 5 -8 4 -8 5 -8 5 -8 4 -9 4 -9 4 -9 4 -9 4 -10 4 -10 4 -10 4 -10 4 -10 3 -10 4 -10 4 -10 3 -10 4 -10 3 -10 4 -10 4 0 0 -10 4 -10 4 -10 4 -10 5 -10 5 -10 5 -10 5 -10 5 -10 5 -10 6 -10 6 -10 6 -10 6 -10 6 -10 7 -11 7 -11 7 -10 7 -11 7 -10 8 -11 7 -10 8 -11 8 -11 8 -11 8 -11 8 0 0 0 0 0 0 0 0 0 0
1784740959.669467,58598,-44,11,1,6,1,-95,1,681184833,128,0 0 0 0 0 0 0 0 0 0 0 0 7 -2 7 -2 7 -1 8 -1 8 -1 8 -1 8 -1 8 -1 8 0 9 0 9 0 9 1 9 1 9 1 9 1 9 2 10 2 10 2 10 2 10 2 10 2 10 2 10 2 10 2 10 2 10 2 0 0 10 2 10 2 10 2 10 2 10 1 10 1 10 1 11 1 11 1 11 0 11 1 11 0 11 0 11 0 11 0 12 0 12 0 12 -1 12 -1 12 -1 12 -2 13 -2 13 -2 12 -1 13 -2 13 -1 0 0 0 0 0 0 0 0 0 0
1784740959.683424,58599,-44,11,1,6,1,-95,1,681191052,128,0 0 0 0 0 0 0 0 0 0 0 0 6 2 7 2 6 3 7 4 6 4 7 4 6 5 7 5 6 6 6 5 7 6 7 6 6 6 7 7 6 7 6 7 6 8 5 7 5 8 5 8 6 8 5 8 5 8 5 8 5 8 5 8 0 0 6 8 6 8 6 8 6 8 6 8 6 8 6 8 6 8 7 8 7 7 7 7 8 7 8 7 8 8 8 7 8 8 8 7 9 7 9 7 9 8 9 7 9 8 9 7 9 7 9 7 10 8 0 0 0 0 0 0 0 0 0 0
1784740959.683424,58600,-44,11,1,6,1,-95,1,681201262,128,0 0 0 0 0 0 0 0 0 0 0 0 0 7 0 7 -1 8 -1 8 -1 8 -2 8 -2 8 -2 8 -3 9 -3 8 -4 9 -4 9 -4 9 -5 9 -4 9 -5 9 -5 9 -5 9 -5 9 -5 9 -5 9 -5 9 -5 9 -6 9 -6 8 -6 9 0 0 -5 9 -5 9 -5 9 -5 9 -5 9 -4 9 -4 9 -4 10 -4 10 -3 10 -4 10 -3 10 -3 10 -3 10 -2 11 -3 11 -3 11 -3 12 -2 11 -2 12 -2 12 -2 12 -2 12 -2 12 -2 12 -2 12 0 0 0 0 0 0 0 0 0 0
1784740959.795033,58601,-46,11,1,7,1,-95,1,681293191,128,0 0 0 0 0 0 0 0 0 0 0 0 8 -5 8 -5 9 -4 9 -4 9 -3 9 -3 9 -3 10 -3 10 -3 10 -3 10 -2 11 -2 11 -2 11 -2 11 -2 11 -1 11 -1 11 -1 11 -1 11 -1 11 -1 11 0 11 -1 11 0 10 0 11 -1 0 0 11 -1 10 -1 10 -1 10 -1 10 -2 10 -2 10 -2 10 -3 10 -3 10 -3 11 -3 11 -4 11 -4 11 -4 11 -4 11 -5 11 -5 11 -5 11 -5 11 -5 11 -5 11 -5 11 -5 11 -5 11 -6 11 -6 0 0 0 0 0 0 0 0 0 0
1784740959.795033,58602,-46,11,1,6,1,-95,1,681293653,128,0 0 0 0 0 0 0 0 0 0 0 0 -8 4 -8 4 -9 4 -9 3 -10 3 -10 3 -10 3 -10 3 -10 3 -11 2 -11 2 -11 2 -11 1 -11 1 -12 1 -12 1 -12 1 -12 1 -12 1 -12 1 -12 0 -11 0 -12 0 -11 0 -11 0 -11 0 0 0 -11 1 -11 1 -11 1 -11 1 -11 2 -11 2 -11 2 -11 3 -11 3 -12 3 -11 3 -11 3 -11 3 -11 3 -12 4 -11 4 -12 4 -12 4 -11 5 -12 5 -12 5 -12 5 -12 5 -12 5 -12 5 -12 5 0 0 0 0 0 0 0 0 0 0
1784740959.795033,58603,-45,11,1,5,1,-95,1,681295133,128,0 0 0 0 0 0 0 0 0 0 0 0 2 8 1 9 0 9 0 9 0 9 0 10 -1 9 -1 10 -1 10 -2 10 -2 10 -2 10 -3 10 -3 10 -3 11 -3 10 -4 11 -4 10 -4 11 -4 10 -4 10 -4 10 -4 10 -4 10 -4 10 -4 10 0 0 -3 10 -3 10 -3 10 -3 10 -2 10 -2 10 -2 10 -2 10 -2 10 -1 11 -2 11 -1 11 -1 11 -1 12 -1 11 -1 12 -1 11 0 12 0 12 0 12 0 12 0 12 0 12 0 12 0 12 0 13 0 0 0 0 0 0 0 0 0 0
1784740959.795033,58604,-46,11,1,6,1,-95,1,681295388,128,0 0 0 0 0 0 0 0 0 0 0 0 -10 -1 -10 -2 -10 -3 -10 -3 -10 -4 -10 -4 -10 -4 -10 -4 -10 -5 -10 -5 -10 -5 -10 -5 -10 -6 -10 -6 -10 -6 -10 -7 -10 -7 -10 -7 -10 -7 -10 -7 -10 -7 -9 -7 -10 -7 -9 -7 -9 -7 -10 -7 0 0 -10 -6 -10 -6 -10 -6 -10 -5 -10 -5 -10 -5 -10 -5 -11 -5 -11 -5 -11 -4 -11 -4 -11 -4 -12 -4 -12 -4 -12 -4 -13 -4 -12 -4 -13 -4 -13 -3 -13 -3 -13 -3 -13 -3 -13 -3 -13 -3 -13 -3 -14 -3 0 0 0 0 0 0 0 0 0 0
1784740959.795033,58605,-46,11,1,6,1,-95,1,681295657,128,0 0 0 0 0 0 0 0 0 0 0 0 -4 -9 -4 -10 -3 -10 -3 -10 -2 -10 -2 -11 -2 -11 -2 -11 -1 -11 -1 -11 -1 -12 -1 -12 -1 -12 0 -12 0 -12 1 -12 1 -13 1 -12 1 -12 1 -12 1 -12 1 -12 1 -12 1 -12 1 -12 1 -12 0 0 0 -12 0 -12 0 -12 0 -11 -1 -12 -1 -12 -1 -12 -1 -12 -1 -12 -2 -12 -2 -12 -2 -12 -3 -13 -3 -13 -3 -13 -3 -13 -3 -13 -3 -14 -3 -14 -3 -13 -4 -13 -3 -14 -4 -13 -4 -14 -4 -13 -4 -14 0 0 0 0 0 0 0 0 0 0
1784740959.795033,58606,-45,11,1,4,1,-95,1,681298818,128,0 0 0 0 0 0 0 0 0 0 0 0 8 0 9 1 8 2 9 2 8 2 9 3 8 3 9 3 8 4 9 3 9 4 9 4 9 4 9 5 9 5 8 6 9 6 8 6 9 6 8 6 8 6 8 6 8 5 8 6 8 5 9 6 0 0 9 6 8 5 9 6 8 5 9 5 9 5 9 5 9 5 9 5 10 4 10 4 10 4 11 4 11 4 10 4 11 4 10 4 11 4 11 4 11 4 12 4 12 4 11 3 12 3 12 3 12 3 0 0 0 0 0 0 0 0 0 0
1784740959.795033,58607,-44,11,1,5,1,-95,1,681300657,128,0 0 0 0 0 0 0 0 0 0 0 0 0 -9 0 -10 1 -10 1 -10 2 -10 2 -10 2 -10 3 -10 3 -10 3 -10 4 -10 4 -10 4 -10 4 -10 5 -11 5 -10 5 -11 5 -11 5 -10 5 -11 5 -10 5 -10 5 -10 5 -10 5 -10 5 -10 0 0 5 -11 4 -10 5 -11 4 -11 4 -11 4 -11 4 -11 4 -11 3 -11 3 -12 4 -12 3 -12 3 -12 3 -13 3 -13 3 -13 3 -13 2 -13 2 -13 2 -14 2 -14 2 -14 2 -14 3 -14 2 -14 2 -14 0 0 0 0 0 0 0 0 0 0
1784740959.795033,58608,-45,11,1,6,1,-95,1,681311030,128,0 0 0 0 0 0 0 0 0 0 0 0 -5 -6 -5 -7 -5 -7 -5 -8 -4 -8 -4 -8 -4 -8 -4 -9 -4 -9 -4 -9 -4 -9 -4 -9 -3 -10 -3 -10 -3 -11 -3 -10 -3 -11 -3 -10 -2 -11 -2 -11 -2 -11 -2 -11 -3 -11 -2 -11 -3 -11 -3 -11 0 0 -3 -12 -3 -11 -3 -12 -3 -11 -3 -11 -3 -11 -3 -12 -4 -12 -3 -12 -4 -12 -4 -12 -4 -12 -4 -12 -5 -12 -4 -12 -5 -13 -5 -12 -5 -13 -5 -13 -5 -13 -5 -13 -5 -13 -5 -13 -6 -13 -6 -13 -6 -14 0 0 0 0 0 0 0 0 0 0
1784740959.810969,58609,-44,11,1,6,1,-95,1,681319891,128,0 0 0 0 0 0 0 0 0 0 0 0 -3 7 -3 7 -4 7 -4 7 -5 7 -5 7 -5 7 -5 7 -6 7 -6 7 -6 7 -6 7 -7 7 -7 7 -7 7 -8 7 -8 7 -8 7 -8 7 -8 7 -8 7 -9 7 -8 7 -8 7 -8 7 -8 7 0 0 -8 8 -8 8 -8 8 -8 8 -8 8 -8 8 -8 8 -8 9 -8 8 -8 9 -7 9 -7 9 -7 10 -7 10 -8 10 -8 10 -7 10 -7 10 -7 11 -7 11 -7 11 -8 11 -7 11 -7 11 -7 11 -7 12 0 0 0 0 0 0 0 0 0 0
1784740959.810969,58610,-44,11,1,6,1,-95,1,681329885,128,0 0 0 0 0 0 0 0 0 0 0 0 7 -4 7 -4 8 -4 8 -3 8 -3 8 -3 8 -3 9 -3 9 -3 9 -2 10 -2 10 -2 10 -2 10 -1 10 -2 10 -1 10 -1 11 -1 10 -1 11 -1 11 -1 11 -1 11 -1 10 -1 10 -1 11 -1 0 0 11 -1 11 -2 10 -2 11 -2 11 -2 11 -2 11 -3 11 -3 11 -3 12 -3 11 -4 11 -3 11 -4 11 -4 12 -5 11 -4 12 -4 12 -5 12 -5 12 -5 12 -5 12 -5 12 -5 12 -5 12 -5 12 -5 0 0 0 0 0 0 0 0 0 0
1784740959.826981,58611,-45,11,1,6,1,-95,1,681339782,128,0 0 0 0 0 0 0 0 0 0 0 0 -8 3 -9 2 -9 2 -9 2 -9 1 -9 1 -9 1 -10 1 -10 1 -10 0 -10 0 -11 0 -11 0 -11 -1 -11 0 -11 -1 -11 -1 -11 -1 -11 -1 -11 -1 -11 -1 -11 -1 -11 -1 -11 -2 -11 -1 -11 -1 0 0 -11 -1 -11 -1 -11 -1 -11 -1 -11 0 -12 0 -11 0 -12 1 -12 0 -12 1 -12 1 -12 1 -12 1 -13 1 -13 2 -13 2 -13 2 -13 2 -13 2 -13 2 -13 2 -14 3 -13 2 -14 2 -14 2 -14 2 0 0 0 0 0 0 0 0 0 0
1784740959.846580,58612,-44,11,1,6,1,-95,1,681349826,128,0 0 0 0 0 0 0 0 0 0 0 0 7 1 7 2 7 2 7 3 7 3 7 3 7 3 8 4 7 4 8 4 8 4 8 4 8 5 8 5 8 5 8 6 8 6 8 6 8 6 8 6 8 7 7 7 8 6 8 6 8 6 8 7 0 0 8 7 8 7 8 6 8 6 8 6 9 6 8 6 9 6 9 6 10 6 10 6 10 5 10 6 10 6 10 6 11 6 11 6 11 5 11 6 11 6 12 6 11 6 12 6 12 6 12 6 12 6 0 0 0 0 0 0 0 0 0 0
1784740959.858280,58613,-44,11,1,6,1,-95,1,681359861,128,0 0 0 0 0 0 0 0 0 0 0 0 -5 6 -5 5 -6 6 -6 5 -6 6 -6 5 -7 5 -7 5 -7 6 -8 5 -8 5 -9 5 -9 5 -9 5 -8 5 -10 6 -9 5 -10 5 -10 5 -10 5 -10 5 -10 5 -10 5 -10 5 -10 5 -10 5 0 0 -10 5 -10 6 -9 5 -10 6 -10 6 -10 6 -10 6 -10 7 -9 7 -10 7 -10 7 -10 7 -9 7 -9 7 -10 9 -9 8 -10 9 -10 9 -9 9 -10 10 -9 9 -9 10 -10 10 -10 9 -10 9 -10 9 0 0 0 0 0 0 0 0 0 0
1784740959.858280,58614,-44,11,1,6,1,-95,1,681369833,128,0 0 0 0 0 0 0 0 0 0 0 0 -2 -8 -2 -8 -2 -8 -1 -9 -1 -9 -1 -9 -1 -9 -1 -9 0 -10 0 -10 0 -10 1 -10 1 -10 1 -11 1 -11 2 -11 2 -11 2 -11 2 -11 2 -11 2 -11 2 -11 2 -11 2 -11 2 -11 2 -11 0 0 2 -12 2 -11 2 -12 2 -11 2 -12 1 -12 1 -12 1 -12 1 -12 1 -12 1 -12 1 -13 1 -12 0 -13 0 -12 0 -13 0 -13 0 -13 -1 -13 -1 -13 -1 -13 -1 -13 -1 -13 -1 -13 -1 -13 -1 -14 0 0 0 0 0 0 0 0 0 0
1784740959.874242,58615,-44,11,1,5,1,-95,1,681381390,128,0 0 0 0 0 0 0 0 0 0 0 0 -9 1 -10 1 -9 0 -10 -1 -10 -1 -10 -1 -10 -1 -10 -2 -11 -2 -11 -2 -11 -3 -11 -3 -11 -3 -11 -4 -12 -4 -11 -4 -12 -4 -11 -5 -12 -5 -11 -4 -11 -5 -11 -5 -11 -4 -11 -5 -11 -5 -11 -5 0 0 -12 -5 -11 -4 -12 -4 -11 -4 -12 -4 -12 -4 -12 -3 -12 -3 -12 -3 -12 -3 -12 -3 -12 -2 -12 -3 -13 -2 -13 -2 -13 -2 -12 -2 -13 -1 -13 -2 -13 -1 -14 -1 -14 -1 -13 -1 -14 -1 -14 -1 -14 -1 0 0 0 0 0 0 0 0 0 0
1784740959.874242,58616,-45,11,1,6,1,-95,1,681389907,128,0 0 0 0 0 0 0 0 0 0 0 0 7 -2 8 -2 8 -1 8 -1 8 -1 9 -1 9 -1 9 0 9 0 9 1 9 1 9 1 9 2 9 2 10 1 10 2 10 2 10 2 10 2 10 2 10 2 10 2 10 2 10 3 9 3 10 2 0 0 10 2 10 2 10 2 10 1 10 1 10 1 10 1 10 1 10 1 11 0 11 0 11 0 11 0 11 0 11 -1 11 -1 12 -1 12 -1 12 -1 12 -2 12 -1 12 -2 12 -1 12 -1 12 -1 12 -1 0 0 0 0 0 0 0 0 0 0
1784740959.890365,58617,-46,11,1,6,1,-95,1,681399795,128,0 0 0 0 0 0 0 0 0 0 0 0 2 7 2 7 1 8 1 8 0 8 0 8 0 8 0 9 -1 9 -1 9 -1 9 -1 9 -1 9 -2 9 -2 10 -2 10 -2 10 -2 10 -2 10 -2 10 -2 10 -2 10 -2 10 -3 10 -2 10 -2 10 0 0 -2 11 -2 10 -2 11 -2 11 -2 10 -2 11 -2 11 -1 11 -2 11 -1 12 -1 11 -1 12 -1 12 -1 12 -1 12 -1 13 -1 12 0 12 0 12 0 13 0 13 0 13 0 13 0 13 0 13 0 13 0 0 0 0 0 0 0 0 0 0
1784740959.909155,58618,-46,11,1,6,1,-95,1,681409829,128,0 0 0 0 0 0 0 0 0 0 0 0 -5 -6 -5 -6 -5 -6 -5 -6 -5 -7 -5 -7 -5 -7 -5 -8 -4 -8 -4 -8 -4 -8 -4 -9 -4 -9 -4 -9 -4 -9 -4 -9 -4 -9 -4 -10 -4 -10 -4 -10 -4 -10 -4 -10 -4 -11 -4 -11 -3 -11 -4 -11 0 0 -4 -11 -4 -11 -4 -11 -4 -12 -4 -11 -4 -11 -5 -11 -5 -11 -5 -11 -5 -12 -5 -12 -5 -12 -5 -12 -5 -11 -6 -12 -6 -12 -6 -12 -6 -12 -6 -12 -6 -12 -6 -12 -7 -12 -6 -12 -6 -13 -6 -12 -6 -12 0 0 0 0 0 0 0 0 0 0
1784740959.909155,58619,-46,11,1,6,1,-95,1,681419817,128,0 0 0 0 0 0 0 0 0 0 0 0 -3 -7 -3 -7 -2 -8 -2 -8 -2 -8 -1 -8 -1 -8 -2 -9 -1 -9 -1 -9 -1 -9 -1 -9 0 -10 0 -10 0 -10 0 -10 0 -11 0 -11 1 -11 0 -11 1 -11 1 -11 1 -11 1 -11 1 -11 1 -11 0 0 1 -12 1 -12 1 -12 1 -12 1 -12 1 -12 1 -12 0 -12 1 -12 0 -13 0 -12 0 -12 0 -12 0 -13 0 -13 0 -13 0 -13 -1 -13 0 -13 -1 -13 -1 -14 -1 -13 -1 -13 -1 -14 -1 -14 -1 -14 0 0 0 0 0 0 0 0 0 0
1784740959.924236,58620,-46,11,1,6,1,-95,1,681429817,128,0 0 0 0 0 0 0 0 0 0 0 0 4 -6 5 -6 5 -6 6 -6 6 -5 6 -5 6 -5 7 -5 7 -5 7 -5 7 -5 8 -5 8 -5 8 -5 9 -5 9 -5 9 -5 9 -5 9 -5 10 -5 10 -4 10 -4 10 -5 10 -5 10 -4 10 -4 0 0 11 -4 11 -5 11 -5 11 -5 10 -5 10 -5 11 -5 11 -5 11 -5 11 -6 11 -6 11 -6 11 -6 11 -6 11 -7 12 -6 11 -6 11 -7 12 -7 12 -7 12 -7 12 -7 11 -7 12 -7 11 -7 12 -7 0 0 0 0 0 0 0 0 0 0
1784740959.924236,58621,-46,11,1,6,1,-95,1,681439845,128,0 0 0 0 0 0 0 0 0 0 0 0 4 -6 4 -6 5 -6 5 -6 5 -6 5 -6 6 -6 6 -6 6 -6 7 -6 7 -6 7 -6 7 -5 7 -6 7 -6 8 -6 8 -6 8 -7 8 -6 9 -6 9 -7 9 -6 9 -7 9 -6 9 -6 9 -6 0 0 9 -7 10 -7 9 -7 10 -7 9 -7 9 -8 9 -8 10 -8 9 -8 10 -9 10 -8 10 -8 9 -8 9 -9 10 -10 9 -10 10 -10 10 -10 9 -10 10 -10 10 -10 9 -11 10 -11 10 -10 10 -10 10 -10 0 0 0 0 0 0 0 0 0 0
1784740959.946820,58622,-46,11,1,6,1,-95,1,681449792,128,0 0 0 0 0 0 0 0 0 0 0 0 -1 7 -1 7 -2 7 -2 7 -2 7 -2 7 -2 7 -3 7 -3 8 -3 8 -3 8 -3 8 -4 8 -4 8 -4 9 -4 9 -4 9 -5 9 -5 10 -5 10 -5 10 -5 9 -5 10 -6 10 -6 10 -6 10 0 0 -6 10 -6 10 -6 10 -6 10 -6 11 -6 11 -5 11 -5 11 -5 11 -6 12 -5 11 -5 12 -5 12 -5 12 -5 12 -5 13 -5 12 -5 13 -5 13 -5 13 -5 13 -5 13 -5 13 -5 13 -5 13 -5 13 0 0 0 0 0 0 0 0 0 0
1784740959.953672,58623,-46,11,1,6,1,-95,1,681459775,128,0 0 0 0 0 0 0 0 0 0 0 0 3 -6 3 -7 3 -6 4 -7 4 -6 4 -7 5 -7 5 -7 5 -7 5 -7 5 -7 6 -7 6 -7 6 -7 7 -8 7 -7 8 -8 8 -7 8 -8 8 -7 8 -8 9 -8 8 -8 9 -8 9 -8 9 -8 0 0 9 -8 10 -8 10 -8 9 -8 9 -8 9 -8 9 -8 9 -9 10 -8 9 -9 10 -9 9 -9 10 -10 10 -10 10 -9 10 -10 9 -10 10 -10 10 -10 10 -10 10 -11 10 -10 10 -10 10 -10 10 -10 10 -11 0 0 0 0 0 0 0 0 0 0
1784740959.953672,58624,-45,11,1,6,1,-95,1,681469799,128,0 0 0 0 0 0 0 0 0 0 0 0 6 2 6 3 6 3 6 3 6 3 6 4 6 4 6 4 6 4 6 5 6 5 6 5 6 6 7 6 7 6 7 6 7 6 7 7 7 7 7 7 8 7 8 7 8 8 7 8 7 8 8 8 0 0 8 8 8 8 8 8 8 8 8 8 8 8 9 8 9 8 9 8 10 8 9 8 9 8 10 8 10 8 11 8 11 8 10 8 11 8 11 7 12 7 11 8 12 8 11 8 11 8 11 8 12 8 0 0 0 0 0 0 0 0 0 0
1784740959.969529,58625,-45,11,1,6,1,-95,1,681479759,128,0 0 0 0 0 0 0 0 0 0 0 0 -4 4 -5 4 -5 4 -6 4 -6 4 -6 4 -6 4 -6 5 -7 4 -7 4 -7 4 -7 5 -8 5 -8 5 -8 5 -9 4 -9 4 -9 5 -9 5 -9 4 -10 5 -10 5 -10 5 -10 5 -10 5 -11 5 0 0 -11 5 -11 5 -11 5 -11 5 -11 5 -11 5 -11 6 -11 6 -12 6 -11 7 -11 6 -11 7 -12 7 -12 7 -12 7 -13 7 -12 7 -12 7 -12 8 -13 8 -13 8 -13 8 -13 8 -13 8 -13 8 -14 8 0 0 0 0 0 0 0 0 0 0
1784740959.989542,58626,-44,11,1,5,1,-95,1,681493318,128,0 0 0 0 0 0 0 0 0 0 0 0 -4 -5 -4 -5 -4 -6 -4 -6 -4 -6 -4 -7 -4 -7 -4 -7 -4 -7 -4 -8 -4 -8 -4 -8 -4 -8 -4 -9 -4 -9 -4 -9 -4 -9 -4 -10 -4 -10 -4 -10 -4 -10 -4 -10 -4 -11 -4 -11 -4 -11 -4 -11 0 0 -4 -12 -5 -12 -4 -12 -5 -12 -5 -12 -5 -12 -5 -12 -6 -13 -6 -12 -6 -13 -6 -13 -6 -13 -6 -13 -6 -13 -7 -14 -7 -13 -7 -14 -7 -14 -7 -14 -8 -14 -8 -14 -8 -14 -7 -15 -7 -15 -7 -15 -7 -15 0 0 0 0 0 0 0 0 0 0
1784740959.989542,58627,-46,11,1,6,1,-95,1,681499926,128,0 0 0 0 0 0 0 0 0 0 0 0 1 5 1 5 0 5 0 6 0 6 0 6 0 6 0 7 0 7 0 7 0 7 0 8 -1 8 -1 8 -1 8 -1 9 -1 9 -1 9 -1 9 -2 10 -1 10 -2 10 -1 10 -2 10 -2 10 -2 10 0 0 -2 11 -1 11 -2 11 -1 11 -1 11 -2 12 -1 11 -1 12 -1 12 -1 13 -1 13 0 13 -1 12 -1 13 0 13 0 14 -1 14 -1 14 -1 14 0 14 -1 14 0 14 -1 15 -1 15 0 15 -1 15 0 0 0 0 0 0 0 0 0 0
1784740960.001560,58628,-46,11,1,7,1,-95,1,681509774,128,0 0 0 0 0 0 0 0 0 0 0 0 -4 -5 -4 -5 -4 -5 -4 -6 -4 -6 -4 -6 -4 -7 -4 -7 -4 -7 -4 -7 -4 -8 -4 -8 -4 -8 -4 -9 -4 -9 -4 -9 -4 -10 -4 -10 -4 -10 -4 -10 -4 -10 -4 -11 -4 -11 -4 -11 -4 -11 -4 -11 0 0 -5 -11 -4 -11 -4 -12 -4 -11 -5 -11 -5 -11 -5 -11 -6 -12 -6 -12 -6 -12 -6 -12 -6 -12 -6 -12 -6 -13 -7 -13 -7 -13 -7 -13 -7 -13 -7 -13 -8 -13 -8 -13 -8 -14 -7 -13 -7 -14 -7 -14 -7 -14 0 0 0 0 0 0 0 0 0 0
1784740960.001560,58629,-46,11,1,7,1,-95,1,681519743,128,0 0 0 0 0 0 0 0 0 0 0 0 -5 4 -6 4 -6 4 -6 3 -7 3 -7 4 -7 4 -8 4 -8 4 -8 3 -9 3 -9 3 -9 4 -9 3 -10 3 -10 3 -10 3 -10 3 -10 3 -11 3 -11 3 -11 3 -11 3 -11 3 -11 3 -11 3 0 0 -11 3 -11 3 -11 3 -12 4 -11 4 -12 4 -11 4 -12 5 -12 4 -12 5 -12 5 -12 6 -12 6 -12 6 -13 6 -13 6 -13 6 -13 6 -13 7 -13 7 -13 7 -13 7 -13 7 -14 7 -14 7 -14 7 0 0 0 0 0 0 0 0 0 0
1784740960.017275,58630,-46,11,1,7,1,-95,1,681529768,128,0 0 0 0 0 0 0 0 0 0 0 0 -7 -3 -8 -3 -7 -4 -7 -4 -8 -4 -8 -4 -8 -5 -8 -5 -8 -5 -8 -6 -8 -6 -8 -6 -8 -7 -8 -7 -9 -7 -9 -7 -9 -7 -9 -7 -9 -8 -9 -8 -9 -8 -9 -8 -9 -8 -9 -8 -9 -8 -9 -8 0 0 -9 -8 -9 -8 -9 -7 -10 -8 -10 -8 -10 -8 -10 -7 -11 -7 -11 -7 -11 -7 -11 -7 -11 -7 -11 -7 -12 -7 -13 -7 -13 -7 -13 -7 -13 -7 -13 -7 -14 -7 -14 -7 -14 -7 -14 -8 -14 -8 -14 -8 -14 -8 0 0 0 0 0 0 0 0 0 0
1784740960.033200,58631,-46,11,1,7,1,-95,1,681539869,128,0 0 0 0 0 0 0 0 0 0 0 0 -7 1 -8 1 -8 0 -8 0 -8 0 -9 0 -9 -1 -9 -1 -10 -1 -9 -1 -10 -1 -10 -1 -10 -1 -11 -1 -11 -2 -11 -2 -11 -2 -11 -2 -11 -2 -11 -3 -11 -3 -11 -3 -12 -2 -12 -2 -12 -3 -12 -3 0 0 -12 -3 -12 -3 -12 -3 -12 -2 -12 -2 -12 -2 -12 -2 -13 -1 -13 -2 -13 -1 -13 -1 -13 0 -14 0 -14 0 -14 -1 -14 -1 -14 -1 -15 0 -15 -1 -15 0 -15 0 -15 -1 -15 0 -15 0 -15 0 -16 0 0 0 0 0 0 0 0 0 0 0
1784740960.033200,58632,-46,11,1,7,1,-95,1,681549805,128,0 0 0 0 0 0 0 0 0 0 0 0 4 -6 4 -6 5 -6 5 -6 6 -6 6 -6 6 -6 6 -6 7 -6 7 -6 7 -6 8 -6 8 -6 8 -6 8 -6 9 -6 9 -6 9 -6 9 -6 9 -6 9 -6 10 -6 10 -6 10 -5 10 -6 10 -6 0 0 10 -6 10 -6 10 -6 10 -7 9 -7 10 -7 10 -7 10 -8 10 -8 10 -8 10 -8 10 -8 11 -9 10 -9 10 -9 10 -9 11 -9 11 -9 11 -10 11 -10 11 -10 11 -10 11 -10 11 -10 11 -9 12 -9 0 0 0 0 0 0 0 0 0 0
1784740960.048987,58633,-46,11,1,7,1,-95,1,681559864,128,0 0 0 0 0 0 0 0 0 0 0 0 -2 6 -3 6 -3 7 -3 7 -3 7 -4 7 -4 7 -4 7 -4 7 -4 7 -5 8 -5 8 -5 8 -5 8 -5 9 -6 8 -6 9 -6 9 -6 9 -6 9 -6 9 -6 9 -6 9 -7 9 -7 9 -7 10 0 0 -7 10 -6 10 -7 10 -6 10 -6 11 -6 11 -6 11 -6 11 -6 11 -6 12 -6 12 -6 12 -6 12 -6 12 -5 13 -6 13 -6 13 -6 13 -6 13 -6 14 -6 14 -6 14 -6 13 -6 14 -6 14 -6 14 0 0 0 0 0 0 0 0 0 0
1784740960.071839,58634,-46,11,1,7,1,-95,1,681569784,128,0 0 0 0 0 0 0 0 0 0 0 0 5 -4 5 -4 5 -4 6 -4 6 -4 6 -4 6 -4 7 -4 7 -4 7 -4 7 -4 7 -4 8 -4 8 -4 9 -4 9 -4 9 -4 9 -4 9 -4 9 -4 10 -4 10 -4 10 -4 10 -4 10 -4 10 -4 0 0 11 -4 11 -4 11 -4 10 -5 10 -5 11 -5 11 -5 11 -5 11 -5 11 -6 11 -6 11 -6 11 -7 11 -7 11 -7 12 -7 11 -6 12 -7 12 -7 12 -7 12 -7 12 -7 12 -7 12 -7 12 -7 12 -7 0 0 0 0 0 0 0 0 0 0
1784740960.081273,58635,-46,11,1,7,1,-95,1,681579795,128,0 0 0 0 0 0 0 0 0 0 0 0 4 5 3 5 3 6 3 6 3 6 3 6 4 7 3 7 3 7 3 8 3 8 3 8 3 8 3 9 3 9 3 10 3 9 3 10 3 10 3 10 4 10 3 10 3 11 2 11 2 11 3 11 0 0 3 11 3 12 3 10 3 12 3 11 4 11 4 11 4 12 4 12 5 13 4 12 4 12 4 12 4 12 5 13 5 12 5 13 5 12 5 12 6 13 6 13 6 13 5 13 5 13 5 13 5 13 0 0 0 0 0 0 0 0 0 0
1784740960.081273,58636,-46,11,1,7,1,-95,1,681589812,128,0 0 0 0 0 0 0 0 0 0 0 0 5 -4 5 -4 6 -3 6 -3 6 -3 7 -3 6 -3 7 -3 7 -3 7 -3 8 -3 8 -3 8 -3 8 -3 9 -3 9 -3 9 -3 9 -3 10 -3 10 -3 10 -3 10 -3 10 -3 11 -2 11 -2 11 -3 0 0 11 -3 11 -3 11 -2 11 -3 11 -3 11 -3 11 -3 11 -3 12 -3 12 -4 12 -4 12 -4 12 -4 13 -4 12 -4 13 -4 12 -4 13 -5 13 -4 12 -5 13 -5 13 -4 12 -5 13 -4 13 -5 13 -5 0 0 0 0 0 0 0 0 0 0
1784740960.195575,58637,-45,11,1,6,1,-95,1,681677468,128,0 0 0 0 0 0 0 0 0 0 0 0 4 -7 5 -6 5 -6 5 -6 6 -6 6 -6 6 -6 6 -6 6 -6 6 -6 7 -6 7 -6 8 -6 8 -6 8 -6 8 -6 9 -6 9 -6 9 -6 9 -6 9 -6 10 -6 9 -6 9 -6 9 -6 10 -6 0 0 10 -6 10 -6 10 -6 10 -6 9 -7 9 -7 10 -7 9 -8 10 -7 9 -8 10 -8 9 -8 10 -8 10 -8 9 -8 10 -9 9 -9 10 -9 10 -9 10 -10 10 -10 10 -9 10 -10 10 -10 10 -10 10 -10 0 0 0 0 0 0 0 0 0 0
1784740960.195575,58638,-45,11,1,7,1,-95,1,681688866,128,0 0 0 0 0 0 0 0 0 0 0 0 -7 3 -7 3 -8 2 -8 2 -8 2 -8 2 -9 1 -9 1 -9 1 -9 1 -10 1 -10 1 -10 1 -10 1 -11 1 -11 0 -11 0 -11 0 -11 0 -11 0 -12 0 -11 -1 -11 0 -11 0 -11 0 -12 0 0 0 -12 0 -12 0 -12 0 -12 0 -12 0 -12 0 -12 0 -12 1 -12 0 -13 1 -13 1 -13 2 -13 2 -13 2 -13 2 -14 2 -13 2 -14 2 -14 2 -14 2 -14 3 -14 2 -14 2 -14 2 -14 2 -15 2 0 0 0 0 0 0 0 0 0 0
1784740960.225598,58639,-45,11,1,7,1,-95,1,681700944,128,0 0 0 0 0 0 0 0 0 0 0 0 6 -3 7 -3 7 -3 7 -2 7 -2 8 -2 8 -2 8 -2 8 -2 8 -2 8 -2 9 -2 9 -1 9 -1 10 -1 10 0 10 0 10 0 10 0 10 0 10 0 10 0 10 0 10 0 10 0 11 0 0 0 11 0 11 0 11 0 11 0 10 -1 11 -1 11 -1 11 -1 11 -1 12 -2 11 -2 12 -2 12 -2 12 -2 12 -2 13 -2 12 -3 13 -3 13 -2 13 -3 13 -3 13 -3 13 -3 13 -3 13 -3 14 -3 0 0 0 0 0 0 0 0 0 0
1784740960.321865,58640,-45,11,1,6,1,-95,1,681738790,128,0 0 0 0 0 0 0 0 0 0 0 0 -7 -5 -7 -5 -7 -6 -6 -6 -6 -7 -6 -7 -6 -7 -7 -7 -6 -7 -6 -8 -6 -8 -6 -8 -6 -8 -6 -9 -6 -9 -6 -9 -6 -9 -6 -9 -6 -9 -6 -9 -6 -9 -6 -9 -6 -9 -6 -9 -6 -9 -6 -9 0 0 -7 -9 -7 -9 -7 -9 -7 -9 -7 -9 -7 -9 -8 -9 -8 -9 -8 -9 -9 -9 -9 -9 -9 -9 -9 -9 -9 -9 -10 -9 -10 -10 -10 -9 -10 -9 -11 -9 -11 -10 -11 -10 -11 -10 -11 -10 -11 -10 -11 -10 -11 -10 0 0 0 0 0 0 0 0 0 0
1784740960.321865,58641,-46,11,1,6,1,-95,1,681779409,128,0 0 0 0 0 0 0 0 0 0 0 0 6 5 6 5 5 6 5 6 5 6 5 6 5 7 5 7 5 7 5 8 5 7 5 8 4 8 4 8 5 8 5 8 5 8 5 8 5 8 5 8 5 8 5 8 5 8 5 8 5 8 5 8 0 0 6 8 6 8 6 8 7 8 7 8 7 8 8 8 8 8 8 8 9 9 9 9 9 8 9 8 9 9 10 8 10 9 10 9 10 9 10 9 11 9 11 9 11 9 11 10 10 10 10 10 10 10 0 0 0 0 0 0 0 0 0 0
1784740960.321865,58642,-48,11,1,6,1,-95,1,681816291,128,0 0 0 0 0 0 0 0 0 0 0 0 2 -6 2 -6 2 -6 3 -6 2 -6 3 -6 3 -6 3 -6 3 -6 3 -6 3 -6 3 -6 3 -6 3 -7 3 -7 3 -7 4 -7 3 -7 4 -8 3 -7 4 -8 4 -8 4 -8 4 -8 4 -9 4 -9 0 0 4 -9 4 -9 4 -10 4 -10 4 -10 4 -10 4 -10 4 -11 4 -11 4 -11 4 -11 4 -12 5 -12 5 -13 5 -12 5 -13 5 -12 5 -13 5 -13 5 -13 5 -13 6 -13 6 -13 6 -13 6 -14 6 -14 0 0 0 0 0 0 0 0 0 0
1784740960.348182,58643,-48,11,1,6,1,-95,1,681826918,128,0 0 0 0 0 0 0 0 0 0 0 0 3 4 3 4 3 5 3 5 3 5 3 5 3 5 3 5 3 5 3 5 3 5 3 5 3 6 3 6 4 6 4 6 4 6 4 6 4 7 4 7 4 7 5 7 5 7 5 7 4 7 5 8 0 0 5 8 6 8 6 8 6 9 6 8 7 8 7 8 7 9 7 9 8 9 7 9 8 9 8 9 8 9 9 10 9 10 9 10 9 10 9 10 9 10 9 10 10 10 9 11 9 11 9 11 9 12 0 0 0 0 0 0 0 0 0 0
1784740960.369510,58644,-47,11,1,6,1,-95,1,681853464,128,0 0 0 0 0 0 0 0 0 0 0 0 5 3 5 3 5 3 5 4 4 4 5 4 5 4 5 4 5 4 5 4 5 4 5 4 5 5 6 5 6 5 6 5 6 5 6 5 6 6 6 6 7 6 7 6 7 6 7 6 7 6 7 6 0 0 8 6 8 6 8 7 8 7 8 7 9 6 9 7 9 7 9 7 10 7 10 7 10 7 10 7 11 7 11 7 11 8 11 8 12 8 12 9 12 8 12 8 12 9 12 9 12 9 12 9 12 10 0 0 0 0 0 0 0 0 0 0
1784740960.369510,58645,-47,11,1,7,1,-95,1,681865077,128,0 0 0 0 0 0 0 0 0 0 0 0 -3 6 -3 5 -3 5 -3 5 -4 5 -4 5 -4 5 -4 6 -4 6 -4 6 -4 6 -4 6 -4 6 -5 6 -4 7 -5 6 -5 6 -5 7 -5 7 -5 7 -5 7 -5 7 -5 8 -5 8 -5 8 -5 8 0 0 -5 8 -5 9 -5 8 -5 9 -5 9 -5 10 -5 10 -5 10 -5 10 -5 11 -5 11 -5 11 -5 12 -5 11 -5 12 -5 12 -6 12 -5 13 -6 13 -6 13 -6 13 -6 14 -6 14 -6 13 -6 14 -7 14 0 0 0 0 0 0 0 0 0 0
1784740960.409637,58646,-47,11,1,6,1,-95,1,681903636,128,0 0 0 0 0 0 0 0 0 0 0 0 6 -2 7 -2 7 -1 7 -1 7 -1 7 -1 7 -1 7 0 7 0 7 0 7 0 8 0 8 0 8 0 8 0 8 0 8 0 8 0 8 0 8 0 8 0 9 0 8 0 8 0 9 -1 9 -1 0 0 9 -1 9 -1 10 -1 10 -1 10 -1 10 -1 10 -1 11 -2 11 -2 11 -2 11 -3 11 -3 12 -3 12 -3 12 -3 13 -3 12 -3 13 -3 14 -3 14 -3 14 -3 14 -2 14 -3 14 -3 15 -3 15 -3 0 0 0 0 0 0 0 0 0 0
1784740960.409637,58647,-46,11,1,5,1,-95,1,681905285,128,0 0 0 0 0 0 0 0 0 0 0 0 5 4 5 5 5 5 5 5 4 6 4 6 4 6 4 5 4 6 4 6 4 6 4 6 4 6 4 7 4 6 4 6 4 6 4 7 4 7 5 7 4 7 5 7 5 7 4 7 4 7 5 7 0 0 6 7 6 7 6 7 6 7 7 7 7 7 7 7 7 7 8 7 8 8 8 8 8 8 8 8 9 8 9 8 9 8 10 8 10 8 10 8 11 8 10 8 11 9 11 9 10 10 11 10 10 10 0 0 0 0 0 0 0 0 0 0
1784740960.409637,58648,-46,11,1,5,1,-95,1,681917112,128,0 0 0 0 0 0 0 0 0 0 0 0 7 0 7 0 7 1 7 1 7 2 7 2 7 2 7 2 7 2 7 2 7 3 7 3 7 3 7 3 7 3 7 3 8 3 7 3 8 3 8 3 8 3 8 3 8 3 8 3 8 3 8 3 0 0 9 2 9 2 9 2 9 2 9 2 9 2 10 2 10 2 10 1 11 2 11 2 11 2 11 2 11 1 12 1 12 1 12 1 13 1 13 1 13 1 13 2 14 1 14 2 14 2 14 2 14 2 0 0 0 0 0 0 0 0 0 0
1784740960.417355,58649,-46,11,1,6,1,-95,1,681920319,128,0 0 0 0 0 0 0 0 0 0 0 0 -7 -5 -6 -5 -6 -6 -6 -6 -6 -6 -6 -6 -6 -6 -6 -7 -6 -7 -6 -7 -5 -7 -5 -7 -5 -7 -5 -8 -5 -7 -6 -8 -5 -8 -6 -8 -5 -8 -6 -8 -6 -8 -6 -8 -6 -8 -6 -8 -6 -8 -6 -8 0 0 -6 -8 -7 -9 -7 -8 -7 -9 -7 -8 -7 -9 -8 -8 -8 -9 -8 -9 -9 -9 -9 -9 -9 -9 -9 -9 -9 -9 -10 -10 -10 -10 -10 -10 -10 -10 -11 -10 -11 -10 -11 -10 -11 -11 -11 -11 -11 -11 -11 -11 -11 -11 0 0 0 0 0 0 0 0 0 0
1784740960.485430,58650,-46,11,1,6,1,-95,1,681954340,128,0 0 0 0 0 0 0 0 0 0 0 0 -1 -8 0 -8 0 -8 1 -8 1 -8 1 -8 1 -8 1 -9 1 -8 1 -9 1 -9 1 -9 1 -9 2 -9 2 -9 2 -9 2 -10 2 -9 3 -10 2 -10 2 -10 3 -10 2 -10 2 -10 2 -10 2 -11 0 0 2 -11 3 -11 3 -11 2 -11 2 -11 2 -12 2 -12 2 -12 2 -12 1 -12 1 -12 1 -13 1 -13 1 -13 1 -13 2 -14 1 -13 1 -14 1 -14 1 -14 1 -15 2 -15 1 -14 1 -15 1 -15 1 -15 0 0 0 0 0 0 0 0 0 0
1784740960.527841,58651,-45,11,1,5,1,-95,1,682023524,128,0 0 0 0 0 0 0 0 0 0 0 0 -2 6 -2 6 -2 6 -2 6 -3 7 -3 6 -3 7 -3 7 -3 7 -4 7 -4 6 -4 7 -4 7 -4 7 -4 7 -4 7 -4 7 -4 8 -4 8 -4 8 -4 8 -4 8 -5 9 -5 8 -5 8 -5 8 0 0 -5 9 -5 9 -5 9 -5 10 -5 9 -5 10 -4 10 -4 10 -5 10 -5 11 -5 11 -5 11 -5 11 -5 11 -5 12 -5 12 -5 12 -5 12 -5 12 -5 13 -5 13 -5 13 -6 13 -6 13 -6 13 -6 13 0 0 0 0 0 0 0 0 0 0
1784740960.560204,58652,-45,11,1,5,1,-95,1,682055851,128,0 0 0 0 0 0 0 0 0 0 0 0 8 -1 8 -1 9 0 8 0 8 0 8 1 8 1 9 1 9 1 9 1 9 2 9 2 9 2 9 2 9 2 9 2 9 2 9 2 9 2 9 2 9 2 9 2 9 2 9 2 9 2 9 2 0 0 10 2 10 2 10 2 10 1 10 1 10 1 11 1 11 1 11 1 12 0 12 0 12 0 12 0 12 0 13 0 13 0 13 0 13 0 13 0 14 0 14 0 14 0 14 0 14 0 14 0 15 0 0 0 0 0 0 0 0 0 0 0
1784740960.560204,58653,-46,11,1,5,1,-95,1,682066774,128,0 0 0 0 0 0 0 0 0 0 0 0 -1 8 -1 8 -2 8 -2 9 -2 8 -3 9 -3 8 -3 9 -3 8 -3 8 -3 8 -4 8 -4 8 -4 9 -4 9 -4 8 -4 9 -4 8 -4 9 -4 9 -4 9 -4 9 -4 9 -4 9 -4 9 -4 9 0 0 -4 10 -3 9 -3 10 -3 10 -3 10 -3 10 -3 11 -2 11 -2 11 -2 11 -2 12 -2 12 -2 12 -2 13 -2 13 -2 13 -2 13 -2 13 -2 14 -2 14 -2 14 -2 15 -2 14 -3 14 -3 15 -3 15 0 0 0 0 0 0 0 0 0 0
1784740960.560204,58654,-46,11,1,5,1,-95,1,682068790,128,0 0 0 0 0 0 0 0 0 0 0 0 -9 -4 -9 -4 -9 -4 -9 -5 -8 -5 -8 -5 -9 -5 -9 -5 -9 -5 -8 -6 -8 -7 -8 -7 -8 -7 -8 -7 -8 -6 -9 -7 -9 -7 -9 -7 -9 -7 -9 -7 -9 -7 -9 -6 -9 -7 -9 -7 -8 -7 -9 -7 0 0 -9 -6 -10 -6 -10 -6 -11 -6 -11 -6 -11 -6 -11 -6 -11 -6 -12 -5 -13 -6 -12 -6 -12 -6 -12 -6 -12 -6 -14 -5 -14 -6 -14 -6 -14 -6 -14 -6 -15 -6 -15 -6 -15 -5 -15 -7 -15 -8 -15 -7 -15 -7 0 0 0 0 0 0 0 0 0 0
1784740960.560204,58655,-46,11,1,5,1,-95,1,682071454,128,0 0 0 0 0 0 0 0 0 0 0 0 -3 8 -3 7 -4 8 -4 7 -4 8 -5 7 -4 8 -5 7 -5 8 -6 8 -6 7 -6 7 -6 7 -6 7 -6 7 -6 8 -6 7 -6 8 -6 8 -6 8 -6 8 -6 8 -6 8 -6 8 -6 8 -6 8 0 0 -6 8 -5 9 -5 9 -6 10 -5 9 -5 10 -4 10 -5 11 -5 10 -5 12 -5 11 -5 11 -5 11 -5 11 -5 13 -4 12 -5 13 -5 13 -5 13 -5 14 -5 14 -5 14 -6 14 -6 14 -6 14 -6 14 0 0 0 0 0 0 0 0 0 0
1784740960.575962,58656,-47,11,1,6,1,-95,1,682081468,128,0 0 0 0 0 0 0 0 0 0 0 0 -3 6 -4 6 -4 6 -4 6 -4 6 -5 6 -5 6 -5 6 -5 6 -5 6 -6 6 -5 6 -6 6 -6 6 -6 7 -6 7 -6 7 -6 7 -6 7 -6 7 -6 7 -6 7 -6 7 -6 7 -6 7 -7 8 0 0 -6 8 -6 8 -7 8 -6 9 -6 9 -6 9 -6 9 -6 10 -6 10 -6 10 -6 11 -6 11 -6 11 -6 11 -6 12 -6 12 -6 12 -7 13 -6 13 -7 13 -7 13 -7 13 -7 13 -8 13 -7 13 -8 13 0 0 0 0 0 0 0 0 0 0
1784740960.575962,58657,-47,11,1,6,1,-95,1,682089860,128,0 0 0 0 0 0 0 0 0 0 0 0 6 2 6 3 6 3 6 3 6 3 6 3 6 3 6 3 6 3 6 4 6 4 7 4 6 4 7 4 7 4 7 4 8 5 7 5 8 5 8 5 8 5 8 5 8 5 8 5 8 5 8 5 0 0 9 5 9 5 9 5 9 5 9 5 10 5 10 5 10 5 10 4 11 5 11 5 11 5 11 5 12 5 12 4 13 5 12 5 13 5 13 5 14 5 14 5 14 5 14 5 14 6 13 6 14 6 0 0 0 0 0 0 0 0 0 0
1784740960.592012,58658,-47,11,1,6,1,-95,1,682100617,128,0 0 0 0 0 0 0 0 0 0 0 0 -3 -7 -3 -7 -2 -7 -2 -7 -2 -7 -2 -8 -2 -7 -2 -8 -2 -8 -2 -8 -2 -8 -2 -8 -2 -8 -2 -8 -2 -9 -2 -9 -2 -9 -2 -9 -2 -9 -2 -9 -2 -10 -2 -10 -2 -10 -2 -10 -1 -10 -2 -10 0 0 -2 -10 -2 -11 -2 -11 -2 -11 -3 -10 -3 -11 -3 -11 -3 -12 -3 -12 -4 -12 -3 -12 -4 -12 -3 -13 -4 -12 -4 -13 -4 -13 -4 -13 -4 -14 -4 -14 -4 -14 -4 -14 -4 -14 -4 -15 -3 -15 -3 -15 -4 -15 0 0 0 0 0 0 0 0 0 0
1784740960.592012,58659,-47,11,1,6,1,-95,1,682109740,128,0 0 0 0 0 0 0 0 0 0 0 0 5 4 5 4 5 5 5 5 4 5 5 5 5 5 4 6 5 5 4 6 5 6 5 6 4 6 5 6 5 6 5 7 5 7 5 7 5 7 5 7 5 7 5 7 5 7 5 7 5 7 6 7 0 0 6 7 6 8 6 7 6 8 7 7 7 8 7 7 7 8 7 8 8 8 8 8 8 8 8 8 8 9 9 9 9 9 9 9 9 9 9 10 9 10 9 10 9 10 9 11 9 11 9 11 9 11 0 0 0 0 0 0 0 0 0 0
1784740960.608192,58660,-47,11,1,6,1,-95,1,682121417,128,0 0 0 0 0 0 0 0 0 0 0 0 2 7 1 7 1 7 0 7 0 7 0 8 0 7 0 8 0 8 0 8 0 8 0 8 0 8 0 8 0 8 -1 8 -1 8 0 8 0 9 -1 8 0 9 -1 9 0 8 0 9 0 9 0 9 0 0 0 10 1 9 1 10 1 10 1 10 1 10 1 10 2 11 1 11 2 11 2 11 3 12 3 12 2 12 2 12 3 13 2 12 3 13 3 13 3 14 2 14 3 14 2 14 2 14 2 14 2 14 0 0 0 0 0 0 0 0 0 0
1784740960.628314,58661,-47,11,1,6,1,-95,1,682133009,128,0 0 0 0 0 0 0 0 0 0 0 0 2 -13 -1 -8 6 -10 0 -8 6 -7 0 -9 6 -7 3 -10 5 -6 6 -10 4 -3 9 -9 3 -5 12 -8 3 -7 10 -4 3 -9 10 -1 7 -11 7 -1 10 -11 5 -2 13 -8 2 -5 14 -3 5 -8 0 0 9 -11 8 2 14 -8 5 -2 14 -6 8 -3 14 -3 10 -4 13 -2 12 -4 14 -1 12 -3 16 0 13 -4 14 3 17 -4 10 4 19 -2 12 3 19 3 13 0 16 8 17 -1 13 9 21 4 13 7 0 0 0 0 0 0 0 0 0 0
1784740960.628314,58662,-47,11,1,6,1,-95,1,682139804,128,0 0 0 0 0 0 0 0 0 0 0 0 -8 -1 -8 -2 -8 -2 -8 -2 -8 -3 -8 -2 -8 -2 -8 -3 -8 -3 -8 -3 -8 -3 -8 -3 -8 -4 -8 -4 -8 -3 -9 -4 -9 -3 -9 -3 -9 -3 -9 -3 -9 -3 -9 -3 -10 -3 -9 -3 -9 -3 -10 -3 0 0 -10 -2 -11 -2 -11 -2 -12 -2 -11 -2 -12 -2 -12 -1 -12 -1 -12 -1 -13 -1 -13 -2 -14 -2 -13 -1 -14 -2 -15 -1 -15 -1 -15 -1 -15 -2 -15 -1 -16 -1 -16 -2 -16 -1 -16 -2 -16 -3 -16 -3 -16 -3 0 0 0 0 0 0 0 0 0 0
1784740960.640296,58663,-48,11,1,6,1,-95,1,682149787,128,0 0 0 0 0 0 0 0 0 0 0 0 5 5 4 5 4 6 4 6 4 6 4 6 4 6 4 6 3 7 3 7 4 7 4 7 3 7 4 7 4 7 3 7 3 7 4 7 4 7 4 7 4 7 4 7 5 7 4 7 5 7 5 7 0 0 5 8 6 8 6 8 6 8 6 8 7 8 7 8 7 8 8 8 8 9 9 9 9 9 9 9 9 9 10 9 10 10 10 10 10 10 10 10 10 10 11 11 10 11 10 11 10 11 10 11 10 12 0 0 0 0 0 0 0 0 0 0
1784740960.656130,58664,-48,11,1,6,1,-95,1,682159745,128,0 0 0 0 0 0 0 0 0 0 0 0 -3 -7 -3 -8 -2 -8 -2 -8 -2 -8 -2 -8 -2 -8 -2 -8 -1 -8 -1 -8 -1 -8 -1 -9 -1 -9 -1 -9 -1 -9 -1 -9 -1 -9 -1 -9 -1 -9 -1 -9 -1 -10 -1 -9 -2 -9 -1 -9 -2 -9 -2 -10 0 0 -2 -10 -2 -10 -3 -10 -3 -10 -3 -10 -3 -11 -3 -11 -4 -11 -4 -11 -4 -12 -4 -12 -5 -12 -5 -12 -5 -13 -5 -13 -5 -13 -5 -13 -5 -14 -5 -14 -5 -15 -5 -14 -5 -14 -5 -14 -5 -15 -5 -15 -5 -15 0 0 0 0 0 0 0 0 0 0
1784740960.656130,58665,-48,11,1,6,1,-95,1,682170476,128,0 0 0 0 0 0 0 0 0 0 0 0 -7 -4 -7 -5 -7 -5 -7 -6 -7 -6 -7 -6 -7 -6 -7 -6 -7 -6 -7 -7 -7 -7 -7 -7 -7 -8 -7 -7 -7 -8 -7 -8 -7 -8 -7 -8 -7 -8 -7 -8 -7 -8 -7 -8 -7 -8 -7 -8 -7 -8 -7 -8 0 0 -8 -8 -8 -7 -8 -8 -8 -7 -9 -7 -9 -7 -9 -7 -9 -7 -10 -7 -10 -8 -11 -8 -11 -8 -11 -8 -12 -8 -12 -8 -12 -8 -12 -8 -12 -9 -13 -8 -13 -9 -13 -9 -13 -9 -12 -9 -13 -10 -13 -10 -13 -10 0 0 0 0 0 0 0 0 0 0
1784740960.672279,58666,-49,11,1,6,1,-95,1,682179742,128,0 0 0 0 0 0 0 0 0 0 0 0 -7 4 -7 4 -8 3 -8 3 -8 3 -9 3 -9 3 -9 3 -9 3 -9 3 -10 2 -10 2 -10 2 -10 2 -11 2 -11 2 -11 2 -11 2 -11 1 -11 1 -11 1 -11 1 -11 2 -11 1 -11 2 -11 2 0 0 -11 2 -10 2 -11 2 -10 3 -11 3 -11 3 -11 4 -11 4 -12 4 -11 4 -12 5 -12 5 -12 5 -13 6 -12 6 -13 6 -13 5 -14 6 -13 6 -14 6 -14 6 -14 6 -14 6 -14 5 -14 6 -14 5 0 0 0 0 0 0 0 0 0 0
1784740960.672279,58667,-49,11,1,6,1,-95,1,682189781,128,0 0 0 0 0 0 0 0 0 0 0 0 -5 5 -6 5 -6 5 -6 5 -6 5 -7 5 -7 5 -7 5 -8 5 -8 5 -8 5 -8 5 -9 5 -9 5 -9 5 -9 4 -10 4 -9 4 -10 4 -10 4 -10 4 -10 4 -10 4 -9 4 -9 4 -9 5 0 0 -9 5 -9 5 -9 5 -10 6 -9 6 -9 6 -9 6 -9 7 -10 7 -9 7 -9 8 -9 8 -10 8 -10 8 -10 8 -10 8 -10 8 -10 9 -11 9 -11 9 -11 9 -11 9 -11 9 -11 9 -11 9 -11 9 0 0 0 0 0 0 0 0 0 0
1784740960.688147,58668,-49,11,1,6,1,-95,1,682199804,128,0 0 0 0 0 0 0 0 0 0 0 0 -2 -8 -2 -8 -1 -8 -1 -8 -1 -9 -1 -9 -1 -9 -1 -9 -1 -9 0 -10 0 -10 0 -10 1 -10 1 -10 0 -10 0 -11 1 -10 1 -11 1 -11 1 -11 1 -11 1 -11 1 -11 1 -11 1 -11 1 -11 0 0 0 -11 0 -11 0 -11 -1 -11 -1 -11 -1 -12 -1 -12 -1 -12 -1 -12 -2 -13 -2 -13 -2 -13 -2 -13 -2 -13 -3 -14 -3 -14 -2 -14 -3 -15 -3 -14 -3 -14 -3 -15 -3 -15 -3 -15 -2 -15 -3 -15 -3 -15 0 0 0 0 0 0 0 0 0 0
1784740960.704277,58669,-49,11,1,6,1,-95,1,682209821,128,0 0 0 0 0 0 0 0 0 0 0 0 -7 -3 -7 -4 -7 -4 -8 -4 -7 -4 -8 -5 -8 -5 -8 -5 -8 -5 -7 -5 -8 -6 -8 -6 -8 -6 -8 -6 -8 -6 -8 -6 -8 -7 -8 -6 -8 -7 -8 -7 -8 -7 -8 -7 -8 -6 -8 -7 -8 -7 -9 -7 0 0 -9 -7 -9 -6 -10 -7 -10 -6 -10 -6 -10 -6 -10 -7 -11 -6 -11 -7 -11 -6 -12 -6 -12 -6 -12 -6 -13 -7 -12 -7 -13 -7 -12 -7 -13 -7 -13 -7 -13 -7 -13 -7 -14 -7 -13 -7 -14 -8 -14 -8 -14 -8 0 0 0 0 0 0 0 0 0 0
1784740960.720181,58670,-48,11,1,6,1,-95,1,682220668,128,0 0 0 0 0 0 0 0 0 0 0 0 7 -3 8 -2 7 -2 8 -1 8 -1 8 -1 8 -1 8 -1 9 -1 8 0 9 0 9 0 9 0 8 0 9 0 9 0 9 0 9 0 9 0 9 0 9 0 9 0 9 -1 9 0 9 0 10 -1 0 0 10 -1 10 -1 10 -1 10 -2 11 -2 11 -2 11 -2 11 -2 11 -2 12 -2 12 -3 12 -2 12 -3 13 -3 13 -3 13 -3 13 -3 14 -3 14 -3 14 -3 14 -3 14 -3 14 -2 15 -2 14 -2 15 -2 0 0 0 0 0 0 0 0 0 0
1784740960.720181,58671,-48,11,1,6,1,-95,1,682232623,128,0 0 0 0 0 0 0 0 0 0 0 0 -9 1 -10 1 -10 0 -10 -1 -10 -1 -10 -1 -10 -1 -10 -1 -10 -1 -10 -2 -10 -2 -10 -2 -10 -2 -10 -2 -10 -2 -10 -2 -11 -2 -11 -2 -11 -2 -11 -2 -11 -2 -11 -2 -11 -2 -11 -2 -11 -2 -11 -1 0 0 -11 -1 -11 -1 -12 -1 -12 0 -12 0 -12 1 -12 1 -12 1 -13 1 -13 1 -13 1 -14 1 -14 2 -14 2 -14 2 -15 2 -14 2 -15 2 -15 2 -16 2 -16 2 -16 2 -15 2 -16 1 -15 1 -16 1 0 0 0 0 0 0 0 0 0 0
1784740960.736377,58672,-47,11,1,6,1,-95,1,682239810,128,0 0 0 0 0 0 0 0 0 0 0 0 8 0 8 1 8 2 8 2 8 2 9 2 8 2 9 3 9 3 8 3 8 3 9 3 9 3 9 4 9 3 8 4 9 4 8 4 9 4 9 4 9 4 9 4 9 3 9 3 9 3 10 3 0 0 10 3 10 3 10 3 10 2 11 2 11 2 11 2 11 1 12 2 12 1 12 1 12 1 13 1 14 1 13 1 14 1 13 1 14 1 14 1 14 1 15 1 15 2 14 1 14 1 14 1 15 2 0 0 0 0 0 0 0 0 0 0
1784740960.736377,58673,-47,11,1,6,1,-95,1,682249841,128,0 0 0 0 0 0 0 0 0 0 0 0 -6 -7 -6 -7 -6 -8 -5 -7 -5 -8 -5 -8 -5 -9 -5 -9 -5 -9 -5 -9 -4 -9 -5 -9 -5 -10 -4 -10 -4 -9 -5 -10 -4 -10 -5 -10 -5 -10 -5 -10 -5 -10 -5 -10 -5 -10 -5 -10 -5 -10 -5 -10 0 0 -6 -10 -6 -10 -6 -10 -7 -10 -7 -10 -7 -10 -8 -10 -8 -11 -8 -10 -9 -11 -9 -11 -9 -11 -9 -11 -9 -11 -10 -12 -10 -12 -10 -12 -10 -12 -10 -12 -10 -12 -10 -13 -10 -13 -11 -13 -10 -13 -10 -13 -10 -13 0 0 0 0 0 0 0 0 0 0
1784740960.752439,58674,-47,11,1,6,1,-95,1,682259772,128,0 0 0 0 0 0 0 0 0 0 0 0 -8 2 -8 2 -9 1 -9 1 -9 0 -10 0 -10 0 -9 0 -10 0 -10 -1 -10 -1 -10 -1 -10 -2 -10 -2 -10 -1 -10 -2 -10 -1 -11 -1 -10 -2 -11 -1 -10 -1 -10 -1 -11 -1 -11 -1 -10 -1 -11 -1 0 0 -11 0 -11 0 -11 0 -11 0 -11 1 -12 1 -12 1 -12 1 -12 2 -13 2 -13 2 -13 2 -13 2 -13 2 -14 3 -14 3 -14 2 -15 3 -15 3 -15 3 -15 3 -15 3 -15 2 -15 2 -15 2 -15 2 0 0 0 0 0 0 0 0 0 0
1784740960.760663,58675,-47,11,1,6,1,-95,1,682269757,128,0 0 0 0 0 0 0 0 0 0 0 0 6 -6 6 -6 7 -6 7 -5 7 -5 8 -5 8 -4 8 -5 8 -4 9 -4 9 -4 9 -4 9 -3 9 -3 10 -3 9 -3 9 -3 9 -3 9 -2 9 -3 9 -2 9 -3 9 -3 9 -3 9 -3 9 -3 0 0 9 -3 9 -4 9 -4 9 -4 8 -4 9 -5 9 -5 9 -5 9 -5 9 -6 9 -6 9 -7 10 -7 10 -7 10 -7 10 -7 10 -7 10 -7 10 -8 11 -8 11 -8 11 -8 11 -8 11 -8 11 -8 11 -8 0 0 0 0 0 0 0 0 0 0
1784740960.768274,58676,-44,11,1,6,0,-95,1,682279785,128,0 0 0 0 0 0 0 0 0 0 0 0 3 -9 3 -9 4 -10 4 -9 5 -10 5 -9 6 -9 6 -9 6 -9 7 -9 7 -9 7 -9 8 -9 8 -8 8 -8 8 -8 8 -8 8 -8 9 -8 9 -8 9 -8 9 -8 9 -8 8 -8 9 -8 8 -8 0 0 8 -9 8 -9 8 -9 7 -9 7 -9 7 -10 7 -10 7 -10 7 -10 7 -11 7 -11 7 -11 7 -11 7 -11 6 -12 6 -12 7 -12 6 -12 6 -12 6 -13 7 -13 6 -13 7 -13 7 -13 7 -13 6 -13 0 0 0 0 0 0 0 0 0 0
1784740960.784360,58677,-46,11,1,6,1,-95,1,682289867,128,0 0 0 0 0 0 0 0 0 0 0 0 -5 6 -5 6 -6 5 -6 6 -6 5 -7 6 -7 5 -7 5 -7 5 -7 5 -8 5 -8 5 -8 5 -8 5 -9 5 -9 5 -9 5 -9 4 -9 5 -9 4 -9 5 -9 4 -9 5 -9 4 -9 4 -9 5 0 0 -9 5 -9 5 -9 5 -9 5 -9 6 -9 6 -9 6 -9 6 -9 6 -9 7 -9 7 -9 7 -9 7 -9 8 -9 8 -10 8 -9 7 -9 8 -9 8 -10 9 -9 9 -9 9 -9 9 -10 8 -10 9 -10 9 0 0 0 0 0 0 0 0 0 0
1784740960.816359,58678,-46,11,1,7,1,-95,1,682322311,128,0 0 0 0 0 0 0 0 0 0 0 0 -5 -7 -5 -8 -5 -8 -4 -9 -4 -9 -4 -9 -4 -9 -4 -9 -3 -10 -3 -10 -3 -10 -3 -10 -3 -11 -2 -11 -2 -11 -2 -11 -2 -11 -2 -11 -2 -11 -2 -11 -2 -11 -2 -11 -2 -11 -2 -11 -2 -11 -2 -11 0 0 -3 -11 -3 -10 -3 -10 -4 -11 -4 -10 -4 -10 -4 -10 -5 -11 -5 -11 -5 -11 -5 -11 -6 -11 -6 -11 -6 -11 -7 -11 -7 -11 -7 -12 -7 -12 -7 -12 -8 -12 -7 -12 -8 -12 -7 -12 -7 -12 -7 -12 -7 -12 0 0 0 0 0 0 0 0 0 0
1784740960.816359,58679,-45,11,1,7,1,-95,1,682329759,128,0 0 0 0 0 0 0 0 0 0 0 0 7 3 7 3 7 4 7 4 7 5 7 5 7 5 7 6 7 6 7 6 7 6 7 6 7 6 7 7 7 7 6 8 6 8 6 7 6 8 6 8 6 8 6 8 6 7 6 7 6 7 6 7 0 0 7 7 6 7 7 7 7 7 7 7 7 7 8 7 8 7 8 7 9 6 9 6 9 6 9 6 10 6 9 6 10 7 10 6 10 6 10 7 10 7 10 6 10 7 10 6 11 6 11 6 11 6 0 0 0 0 0 0 0 0 0 0
1784740960.832292,58680,-45,11,1,7,1,-95,1,682339702,128,0 0 0 0 0 0 0 0 0 0 0 0 5 -6 6 -6 7 -6 7 -5 7 -6 7 -5 8 -5 8 -5 8 -5 9 -5 9 -4 9 -4 9 -4 9 -4 9 -4 10 -4 9 -4 10 -4 9 -3 10 -3 9 -4 9 -4 10 -3 9 -3 9 -3 9 -3 0 0 9 -4 9 -4 9 -4 10 -5 9 -5 9 -5 9 -5 9 -6 9 -6 10 -6 10 -6 9 -6 9 -6 9 -7 10 -8 9 -8 10 -8 10 -8 10 -8 10 -9 10 -8 10 -9 11 -9 10 -8 10 -8 10 -8 0 0 0 0 0 0 0 0 0 0
1784740960.832292,58681,-45,11,1,7,1,-95,1,682349847,128,0 0 0 0 0 0 0 0 0 0 0 0 -6 6 -7 6 -7 5 -8 5 -7 5 -8 5 -8 5 -8 5 -9 5 -9 4 -9 4 -10 4 -10 4 -10 4 -10 4 -10 3 -11 4 -10 3 -11 3 -10 3 -10 3 -10 3 -10 3 -10 3 -10 3 -11 4 0 0 -11 4 -10 4 -10 4 -10 4 -10 4 -10 5 -10 5 -10 5 -10 5 -10 6 -10 6 -10 6 -10 6 -10 7 -10 7 -11 7 -10 7 -10 7 -10 7 -10 8 -10 8 -10 8 -10 8 -10 8 -10 8 -11 8 0 0 0 0 0 0 0 0 0 0
1784740960.849626,58682,-42,11,1,7,0,-95,1,682365505,128,0 0 0 0 0 0 0 0 0 0 0 0 -6 7 -7 7 -7 7 -8 7 -8 6 -8 7 -9 6 -9 6 -9 6 -9 6 -10 6 -10 6 -10 6 -10 6 -11 5 -11 5 -11 5 -11 5 -11 5 -11 5 -11 5 -11 5 -11 5 -11 5 -11 5 -11 6 0 0 -11 6 -11 6 -11 6 -11 6 -11 7 -11 6 -11 7 -11 7 -11 7 -11 8 -11 8 -11 8 -11 9 -12 9 -12 9 -12 9 -12 9 -12 10 -12 9 -12 9 -13 10 -13 10 -13 11 -12 11 -12 11 -12 11 0 0 0 0 0 0 0 0 0 0
1784740960.864235,58683,-46,11,1,6,1,-95,1,682371182,128,0 0 0 0 0 0 0 0 0 0 0 0 -8 3 -8 2 -8 1 -8 1 -8 1 -9 1 -8 1 -9 0 -9 0 -9 0 -9 -1 -9 -1 -9 -1 -9 -1 -9 -1 -9 -2 -9 -2 -9 -2 -9 -2 -9 -2 -9 -1 -9 -2 -9 -1 -9 -1 -9 -1 -9 -1 0 0 -9 -1 -9 -1 -9 -1 -9 0 -9 0 -10 0 -10 0 -10 0 -10 0 -10 1 -11 1 -11 1 -11 1 -11 1 -11 1 -12 1 -11 1 -12 1 -12 2 -12 2 -12 2 -13 1 -13 2 -13 2 -13 2 -14 2 0 0 0 0 0 0 0 0 0 0
1784740960.864235,58684,-46,11,1,6,1,-95,1,682381216,128,0 0 0 0 0 0 0 0 0 0 0 0 8 -1 7 -1 8 0 7 0 8 1 7 1 8 1 8 2 8 2 8 2 8 3 8 3 8 3 8 3 8 3 8 4 8 3 9 4 8 4 8 4 8 4 8 4 8 4 8 4 7 4 8 4 0 0 8 3 8 3 8 3 9 3 8 3 9 2 9 2 9 2 9 2 10 2 10 2 10 2 10 2 10 1 11 1 11 1 11 1 11 1 12 1 12 0 12 0 12 0 12 1 12 1 12 1 13 1 0 0 0 0 0 0 0 0 0 0
1784740960.884349,58685,-42,11,1,6,0,-95,1,682391313,128,0 0 0 0 0 0 0 0 0 0 0 0 -8 5 -8 5 -9 4 -9 4 -9 4 -9 3 -10 3 -10 3 -11 3 -11 3 -11 3 -12 2 -12 2 -12 2 -12 2 -12 2 -12 2 -12 2 -13 1 -12 1 -12 0 -13 1 -13 1 -13 1 -13 1 -13 1 0 0 -13 1 -13 1 -13 1 -13 1 -12 1 -13 1 -13 2 -13 2 -13 2 -13 3 -13 3 -13 3 -13 4 -13 4 -13 4 -13 4 -14 4 -13 4 -13 4 -14 5 -14 5 -14 5 -14 5 -14 6 -14 6 -14 6 0 0 0 0 0 0 0 0 0 0
1784740960.896599,58686,-44,11,1,7,1,-95,1,682399797,128,0 0 0 0 0 0 0 0 0 0 0 0 -4 -7 -4 -7 -4 -7 -4 -8 -3 -8 -3 -8 -3 -8 -3 -9 -3 -8 -3 -9 -2 -9 -2 -10 -2 -9 -2 -10 -2 -10 -2 -10 -2 -10 -2 -10 -2 -11 -2 -11 -2 -11 -2 -11 -1 -10 -1 -11 -1 -11 -1 -11 0 0 -2 -11 -2 -11 -2 -11 -2 -11 -2 -11 -2 -11 -3 -11 -3 -11 -3 -11 -3 -11 -3 -11 -4 -11 -4 -11 -4 -11 -4 -11 -5 -12 -4 -12 -5 -12 -5 -12 -5 -12 -5 -12 -6 -12 -5 -12 -5 -12 -5 -12 -6 -12 0 0 0 0 0 0 0 0 0 0
1784740960.932403,58687,-44,11,1,6,1,-95,1,682435335,128,0 0 0 0 0 0 0 0 0 0 0 0 -6 -7 -6 -7 -6 -7 -5 -8 -5 -8 -5 -9 -5 -9 -5 -9 -5 -9 -4 -9 -4 -9 -4 -9 -4 -10 -4 -10 -4 -10 -3 -10 -3 -10 -3 -10 -3 -10 -3 -10 -3 -10 -3 -10 -3 -10 -3 -10 -3 -10 -3 -10 0 0 -4 -10 -4 -10 -4 -10 -5 -11 -5 -10 -5 -10 -5 -10 -5 -11 -5 -10 -6 -11 -6 -11 -7 -11 -7 -11 -6 -11 -7 -11 -7 -12 -7 -12 -8 -12 -7 -12 -8 -13 -8 -13 -8 -12 -8 -13 -8 -13 -8 -13 -8 -13 0 0 0 0 0 0 0 0 0 0
1784740960.944327,58688,-44,11,1,7,1,-95,1,682441564,128,0 0 0 0 0 0 0 0 0 0 0 0 5 -7 5 -7 6 -6 6 -7 6 -6 7 -6 7 -6 7 -6 7 -6 8 -5 8 -5 8 -5 9 -5 9 -5 9 -5 9 -4 9 -5 9 -5 9 -4 9 -5 9 -5 9 -5 9 -4 9 -4 9 -4 9 -4 0 0 9 -5 8 -5 8 -5 8 -5 8 -6 8 -6 8 -6 8 -6 8 -7 8 -7 8 -7 8 -7 8 -7 8 -8 8 -8 9 -9 8 -8 9 -9 9 -9 9 -10 9 -9 9 -10 9 -9 9 -9 10 -10 10 -10 0 0 0 0 0 0 0 0 0 0
1784740960.949799,58689,-44,11,1,7,1,-95,1,682454089,128,0 0 0 0 0 0 0 0 0 0 0 0 9 0 9 0 9 1 9 1 9 1 9 2 9 3 9 2 9 3 9 3 9 4 9 4 9 4 9 4 9 5 9 5 9 5 9 5 9 5 9 5 9 5 9 5 9 5 9 5 9 5 9 5 0 0 9 4 9 4 9 4 9 4 9 3 9 3 9 3 9 3 10 3 10 2 10 2 10 2 10 2 11 1 10 1 11 1 11 1 11 1 12 1 12 1 12 0 12 0 12 0 12 0 12 0 13 0 0 0 0 0 0 0 0 0 0 0
1784740960.949799,58690,-45,11,1,6,1,-95,1,682461176,128,0 0 0 0 0 0 0 0 0 0 0 0 -9 -2 -9 -3 -9 -4 -9 -4 -9 -5 -9 -4 -9 -5 -9 -5 -9 -6 -9 -6 -8 -6 -8 -6 -9 -7 -8 -7 -8 -7 -8 -7 -8 -7 -8 -8 -8 -8 -8 -8 -8 -8 -7 -8 -8 -8 -8 -8 -8 -7 -8 -8 0 0 -8 -7 -8 -7 -8 -7 -8 -7 -8 -7 -8 -7 -8 -7 -9 -7 -9 -7 -9 -6 -9 -6 -9 -6 -10 -6 -10 -6 -10 -6 -10 -6 -10 -6 -11 -6 -11 -6 -12 -6 -11 -6 -12 -6 -12 -6 -12 -6 -12 -6 -13 -6 0 0 0 0 0 0 0 0 0 0
1784740960.967340,58691,-42,11,1,7,0,-95,1,682470335,128,0 0 0 0 0 0 0 0 0 0 0 0 10 0 9 1 10 2 10 3 10 3 9 3 9 4 9 4 9 5 10 5 9 5 9 5 9 6 9 6 9 6 9 6 9 6 9 6 9 6 9 7 9 7 9 7 9 7 8 6 9 7 9 6 0 0 9 7 9 6 9 6 10 6 9 5 10 6 10 6 10 6 10 6 11 5 11 5 11 5 11 5 11 5 12 4 12 5 12 5 12 4 13 4 13 5 13 5 14 5 14 4 14 5 14 5 14 5 0 0 0 0 0 0 0 0 0 0
1784740960.977888,58692,-45,11,1,6,1,-95,1,682480963,128,0 0 0 0 0 0 0 0 0 0 0 0 -2 8 -3 8 -3 8 -3 8 -4 8 -4 8 -4 8 -5 8 -5 8 -5 7 -5 8 -6 8 -6 7 -6 7 -6 8 -6 7 -7 7 -6 7 -7 7 -7 7 -6 7 -7 7 -6 7 -6 7 -6 7 -6 7 0 0 -6 7 -6 7 -6 8 -6 7 -5 8 -5 8 -5 8 -5 8 -5 9 -5 9 -5 9 -4 9 -5 10 -5 10 -4 10 -5 11 -4 10 -4 11 -4 11 -5 11 -4 11 -4 12 -4 11 -4 11 -4 12 -4 12 0 0 0 0 0 0 0 0 0 0
1784740960.977888,58693,-45,11,1,6,1,-95,1,682491778,128,0 0 0 0 0 0 0 0 0 0 0 0 -3 8 -3 8 -4 8 -4 7 -5 8 -5 7 -6 8 -6 7 -6 7 -6 7 -7 7 -7 7 -7 7 -7 7 -7 7 -8 7 -7 7 -8 7 -7 6 -8 7 -8 7 -8 7 -8 6 -7 6 -8 6 -8 6 0 0 -7 7 -7 7 -7 7 -7 8 -7 7 -7 8 -7 8 -7 8 -6 8 -7 9 -6 9 -6 9 -6 9 -6 9 -6 10 -5 10 -6 10 -6 10 -6 11 -6 11 -6 11 -6 11 -6 11 -6 11 -6 11 -6 11 0 0 0 0 0 0 0 0 0 0
1784740960.992795,58694,-41,11,1,7,0,-95,1,682499880,128,0 0 0 0 0 0 0 0 0 0 0 0 -8 -6 -8 -6 -8 -7 -8 -7 -8 -8 -8 -8 -7 -8 -7 -8 -7 -9 -7 -9 -7 -10 -7 -10 -7 -10 -7 -10 -7 -11 -6 -11 -6 -11 -6 -11 -6 -11 -6 -11 -6 -11 -6 -11 -6 -11 -6 -11 -6 -11 -6 -11 0 0 -6 -11 -6 -11 -6 -11 -7 -11 -7 -11 -7 -11 -7 -11 -8 -11 -8 -10 -8 -10 -8 -11 -9 -10 -9 -10 -9 -10 -10 -10 -10 -10 -10 -11 -10 -10 -10 -10 -11 -10 -11 -10 -11 -10 -11 -11 -11 -11 -11 -11 -12 -11 0 0 0 0 0 0 0 0 0 0
1784740961.008996,58695,-44,11,1,6,1,-95,1,682511290,128,0 0 0 0 0 0 0 0 0 0 0 0 -4 7 -5 7 -6 6 -6 6 -6 6 -7 6 -7 6 -7 6 -8 6 -8 6 -8 6 -8 6 -9 6 -9 6 -9 5 -9 5 -10 5 -10 5 -10 5 -10 5 -10 5 -10 4 -10 5 -9 5 -9 5 -10 5 0 0 -10 5 -10 5 -10 5 -9 5 -9 5 -9 5 -9 5 -9 6 -9 5 -9 6 -9 6 -9 7 -9 7 -9 7 -9 7 -9 7 -9 7 -9 8 -9 8 -9 8 -9 8 -9 8 -9 9 -9 9 -9 9 -9 9 0 0 0 0 0 0 0 0 0 0
1784740961.024797,58696,-44,11,1,7,1,-95,1,682540332,128,0 0 0 0 0 0 0 0 0 0 0 0 4 -8 5 -8 5 -7 6 -7 6 -7 6 -7 6 -7 7 -7 7 -7 7 -6 7 -6 8 -7 8 -6 9 -6 9 -7 9 -6 9 -6 9 -6 10 -5 9 -5 10 -5 10 -5 9 -5 9 -5 10 -5 10 -5 0 0 10 -5 9 -5 10 -5 9 -5 9 -6 9 -6 9 -6 9 -6 9 -6 9 -7 9 -7 9 -7 9 -7 9 -8 9 -7 9 -8 9 -8 9 -8 9 -8 9 -9 9 -9 10 -9 9 -9 9 -9 9 -9 10 -9 0 0 0 0 0 0 0 0 0 0
1784740961.024797,58697,-44,11,1,7,1,-95,1,682540668,128,0 0 0 0 0 0 0 0 0 0 0 0 -8 -5 -8 -5 -8 -6 -7 -6 -8 -7 -8 -7 -7 -7 -7 -8 -7 -8 -7 -8 -7 -8 -7 -9 -7 -9 -7 -9 -7 -9 -7 -10 -7 -10 -7 -10 -6 -10 -6 -10 -6 -10 -6 -10 -7 -10 -6 -10 -6 -10 -6 -10 0 0 -7 -10 -7 -10 -6 -10 -7 -9 -7 -10 -7 -9 -7 -9 -7 -9 -7 -9 -8 -9 -8 -9 -9 -9 -9 -9 -9 -9 -9 -9 -10 -9 -10 -9 -10 -9 -10 -9 -10 -9 -11 -9 -11 -9 -11 -8 -11 -9 -11 -9 -11 -9 0 0 0 0 0 0 0 0 0 0
1784740961.040970,58698,-44,11,1,7,1,-95,1,682540901,128,0 0 0 0 0 0 0 0 0 0 0 0 -4 -8 -4 -9 -4 -9 -3 -9 -3 -9 -3 -10 -2 -10 -2 -10 -2 -10 -2 -10 -2 -11 -2 -11 -1 -11 -1 -11 -1 -11 -1 -11 -1 -12 0 -12 0 -12 0 -12 0 -12 0 -12 0 -12 0 -11 0 -12 0 -12 0 0 0 -12 0 -11 0 -12 -1 -11 -1 -11 -1 -12 -1 -11 -2 -12 -2 -12 -2 -12 -2 -12 -3 -12 -3 -12 -3 -12 -3 -12 -4 -13 -3 -12 -4 -13 -4 -13 -4 -13 -4 -13 -5 -13 -5 -13 -5 -13 -5 -13 -5 -13 0 0 0 0 0 0 0 0 0 0
1784740961.049872,58699,-44,11,1,7,1,-95,1,682549688,128,0 0 0 0 0 0 0 0 0 0 0 0 -4 7 -4 7 -5 7 -6 7 -6 7 -6 7 -6 7 -7 7 -7 7 -7 7 -7 7 -8 7 -8 6 -8 7 -8 6 -9 6 -9 6 -9 7 -9 6 -9 6 -10 6 -10 6 -9 6 -9 6 -9 6 -9 6 0 0 -9 6 -9 6 -9 6 -9 6 -8 6 -9 6 -9 7 -8 7 -9 7 -9 8 -8 8 -8 8 -8 8 -8 8 -8 9 -8 9 -8 9 -8 9 -8 9 -8 10 -8 10 -8 10 -8 10 -8 10 -8 10 -8 10 0 0 0 0 0 0 0 0 0 0
1784740961.056860,58700,-44,11,1,7,1,-95,1,682559847,128,0 0 0 0 0 0 0 0 0 0 0 0 -3 -9 -3 -9 -2 -9 -1 -9 -2 -10 -1 -10 -1 -10 -1 -10 -1 -10 0 -11 0 -10 1 -10 1 -10 1 -11 1 -11 1 -11 1 -11 1 -11 1 -11 1 -11 1 -11 1 -11 1 -11 2 -11 2 -11 1 -11 0 0 1 -11 0 -11 0 -11 0 -11 0 -11 0 -11 -1 -11 -1 -11 -1 -11 -1 -12 -1 -12 -1 -12 -2 -12 -2 -12 -3 -12 -3 -12 -3 -12 -3 -13 -3 -12 -4 -12 -4 -13 -4 -13 -4 -13 -3 -13 -3 -13 -3 -13 0 0 0 0 0 0 0 0 0 0
1784740961.056860,58701,-44,11,1,7,1,-95,1,682569728,128,0 0 0 0 0 0 0 0 0 0 0 0 -8 -5 -8 -6 -8 -7 -8 -7 -8 -7 -7 -8 -7 -8 -7 -8 -7 -8 -7 -9 -6 -9 -6 -9 -6 -9 -6 -10 -6 -10 -6 -10 -6 -10 -6 -10 -6 -10 -6 -10 -6 -10 -6 -10 -6 -10 -5 -10 -6 -10 -6 -10 0 0 -6 -10 -6 -9 -6 -10 -7 -9 -7 -9 -7 -9 -7 -9 -8 -9 -7 -9 -8 -9 -8 -9 -8 -9 -8 -8 -9 -9 -9 -8 -9 -9 -9 -9 -10 -9 -10 -9 -10 -9 -10 -9 -11 -9 -10 -9 -11 -9 -11 -9 -11 -9 0 0 0 0 0 0 0 0 0 0
1784740961.076976,58702,-41,11,1,7,0,-95,1,682579803,128,0 0 0 0 0 0 0 0 0 0 0 0 -5 -10 -4 -10 -4 -11 -3 -11 -3 -12 -3 -12 -2 -12 -2 -12 -2 -12 -2 -12 -1 -13 -1 -13 -1 -13 -1 -13 0 -13 0 -13 0 -13 1 -14 1 -13 1 -13 1 -13 1 -13 1 -13 1 -13 1 -13 1 -13 0 0 1 -13 0 -13 0 -13 0 -13 -1 -13 -1 -13 -1 -13 -1 -13 -1 -13 -2 -13 -3 -13 -3 -13 -3 -13 -3 -13 -4 -14 -4 -14 -4 -14 -4 -14 -4 -14 -5 -14 -5 -14 -5 -14 -5 -15 -5 -15 -5 -15 -5 -14 0 0 0 0 0 0 0 0 0 0
1784740961.076976,58703,-43,11,1,7,1,-95,1,682589754,128,0 0 0 0 0 0 0 0 0 0 0 0 8 -3 8 -3 9 -2 9 -2 10 -2 9 -1 10 -1 10 -1 10 -1 10 0 10 0 11 1 11 1 11 1 10 1 11 1 11 1 12 1 11 2 11 2 11 2 11 2 11 2 11 2 11 2 10 2 0 0 11 2 11 1 10 1 11 1 10 0 10 0 10 0 11 0 10 -1 11 -1 11 -1 11 -1 11 -1 11 -1 12 -3 11 -3 12 -2 11 -2 12 -3 12 -3 12 -3 12 -4 12 -3 12 -3 12 -3 12 -3 0 0 0 0 0 0 0 0 0 0
1784740961.088688,58704,-43,11,1,7,1,-95,1,682599820,128,0 0 0 0 0 0 0 0 0 0 0 0 2 -9 2 -9 3 -9 4 -9 4 -9 4 -9 4 -9 5 -9 5 -9 5 -9 6 -9 6 -9 6 -9 7 -9 7 -10 7 -9 7 -10 7 -9 7 -9 7 -9 7 -10 8 -9 8 -9 8 -9 8 -9 8 -9 0 0 8 -9 8 -9 8 -9 7 -9 7 -9 7 -9 7 -9 7 -10 7 -10 6 -10 6 -10 6 -10 6 -11 6 -11 6 -11 6 -12 5 -11 5 -12 5 -12 5 -12 5 -12 5 -12 5 -12 5 -12 5 -13 5 -13 0 0 0 0 0 0 0 0 0 0
1784740961.106872,58705,-44,11,1,7,1,-95,1,682609797,128,0 0 0 0 0 0 0 0 0 0 0 0 2 -9 3 -9 3 -8 4 -8 4 -8 4 -8 5 -8 5 -8 5 -8 5 -8 5 -8 6 -8 6 -8 6 -8 7 -8 7 -8 7 -8 7 -8 7 -8 8 -8 8 -8 8 -8 8 -8 8 -8 8 -8 8 -8 0 0 8 -8 8 -8 8 -8 8 -8 8 -8 8 -8 8 -8 7 -8 8 -8 7 -9 7 -9 7 -10 7 -10 7 -10 7 -10 7 -10 7 -10 7 -10 7 -11 7 -11 7 -11 7 -11 7 -11 6 -11 6 -11 6 -11 0 0 0 0 0 0 0 0 0 0
1784740961.152148,58706,-43,11,1,7,1,-95,1,682623213,128,0 0 0 0 0 0 0 0 0 0 0 0 0 -9 1 -9 2 -9 2 -9 2 -9 3 -9 3 -9 3 -9 3 -9 3 -9 4 -9 4 -9 4 -9 5 -9 5 -9 5 -10 5 -10 5 -10 5 -10 5 -10 6 -10 6 -10 6 -10 6 -9 6 -9 6 -10 0 0 6 -10 6 -10 6 -10 6 -10 5 -10 5 -10 5 -10 5 -11 5 -11 5 -11 5 -11 4 -11 4 -11 4 -12 4 -12 4 -12 4 -12 4 -13 4 -13 4 -13 4 -13 3 -13 4 -13 4 -13 4 -13 4 -13 0 0 0 0 0 0 0 0 0 0
1784740961.152148,58707,-43,11,1,7,1,-95,1,682661094,128,0 0 0 0 0 0 0 0 0 0 0 0 -5 -7 -5 -7 -5 -8 -4 -8 -4 -9 -4 -8 -4 -9 -4 -9 -4 -9 -4 -10 -3 -10 -3 -10 -3 -10 -3 -10 -3 -10 -3 -11 -3 -10 -3 -11 -3 -11 -3 -11 -3 -11 -3 -11 -3 -12 -3 -11 -3 -11 -3 -11 0 0 -3 -12 -4 -12 -3 -11 -4 -12 -4 -11 -4 -12 -5 -12 -5 -12 -5 -12 -5 -13 -5 -13 -5 -13 -5 -12 -5 -12 -6 -13 -6 -13 -6 -13 -6 -13 -7 -13 -7 -13 -7 -13 -7 -13 -7 -14 -7 -13 -7 -13 -7 -13 0 0 0 0 0 0 0 0 0 0
1784740961.152148,58708,-40,11,1,7,0,-95,1,682663001,128,0 0 0 0 0 0 0 0 0 0 0 0 3 -8 4 -9 4 -8 5 -8 5 -8 5 -8 6 -8 6 -8 6 -8 6 -8 7 -8 7 -8 7 -8 7 -8 8 -8 8 -8 8 -8 8 -8 9 -8 9 -8 9 -8 9 -8 9 -9 9 -8 9 -9 9 -9 0 0 9 -9 9 -9 9 -9 9 -9 9 -10 9 -10 9 -10 9 -10 9 -10 9 -11 9 -11 9 -11 9 -11 9 -11 9 -11 9 -12 9 -12 9 -12 9 -12 9 -12 9 -13 9 -12 10 -12 10 -13 10 -13 10 -13 0 0 0 0 0 0 0 0 0 0
1784740961.168267,58709,-44,11,1,7,1,-95,1,682672295,128,0 0 0 0 0 0 0 0 0 0 0 0 6 5 6 5 6 6 6 6 5 6 5 7 5 7 5 7 5 7 5 7 5 8 5 8 5 8 5 9 5 9 4 9 5 9 4 9 4 10 4 10 4 10 4 10 4 10 4 10 4 9 5 10 0 0 5 10 5 10 4 10 5 10 5 10 5 10 5 10 5 10 6 10 7 10 7 10 7 10 7 11 7 11 7 11 7 11 7 11 7 11 8 11 8 11 8 11 8 12 8 11 8 11 8 12 8 12 0 0 0 0 0 0 0 0 0 0
1784740961.184419,58710,-44,11,1,5,1,-95,1,682683589,128,0 0 0 0 0 0 0 0 0 0 0 0 7 0 8 1 7 1 8 2 7 2 8 2 8 2 8 2 8 2 8 2 8 3 9 3 8 3 9 3 10 3 9 4 10 4 9 3 9 4 10 4 10 3 10 4 10 3 10 4 10 4 10 4 0 0 11 4 10 4 11 4 11 4 11 3 11 3 11 3 12 3 12 3 12 3 12 3 13 3 13 3 14 3 13 3 14 3 13 3 14 3 14 3 14 3 14 3 14 3 14 3 14 4 14 4 14 3 0 0 0 0 0 0 0 0 0 0
1784740961.184419,58711,-45,11,1,7,1,-95,1,682701973,128,0 0 0 0 0 0 0 0 0 0 0 0 0 6 0 6 0 7 -1 7 -1 7 -1 7 -1 7 -1 8 -2 7 -1 8 -2 8 -2 8 -2 8 -2 8 -2 9 -2 9 -2 9 -2 9 -2 9 -2 9 -2 9 -3 10 -2 10 -3 10 -3 10 -3 10 0 0 -2 10 -3 10 -2 11 -2 11 -2 10 -2 11 -2 11 -1 11 -2 12 -1 12 -1 12 -1 12 -1 13 -1 13 -1 13 -1 13 -1 13 -1 14 0 14 0 14 0 14 -1 15 -1 15 -1 15 -1 15 -1 15 0 0 0 0 0 0 0 0 0 0
1784740961.200325,58712,-45,11,1,7,1,-95,1,682702264,128,0 0 0 0 0 0 0 0 0 0 0 0 -5 -5 -5 -6 -5 -6 -5 -6 -5 -6 -5 -7 -5 -7 -5 -7 -5 -8 -5 -7 -5 -8 -5 -8 -5 -8 -5 -8 -5 -9 -5 -9 -5 -9 -5 -9 -5 -10 -5 -10 -5 -10 -5 -10 -5 -10 -5 -10 -5 -10 -5 -10 0 0 -5 -11 -5 -10 -5 -11 -6 -11 -6 -10 -6 -11 -6 -10 -7 -11 -7 -11 -7 -11 -7 -11 -8 -11 -8 -11 -8 -12 -8 -12 -8 -12 -8 -12 -8 -12 -9 -13 -9 -13 -9 -13 -9 -13 -9 -13 -9 -13 -9 -14 -9 -13 0 0 0 0 0 0 0 0 0 0
1784740961.200325,58713,-45,11,1,7,1,-95,1,682709739,128,0 0 0 0 0 0 0 0 0 0 0 0 -3 -7 -3 -7 -3 -8 -2 -8 -2 -8 -2 -8 -2 -8 -2 -8 -2 -9 -2 -9 -1 -9 -1 -9 -1 -9 -1 -9 -1 -10 -1 -10 -1 -10 -1 -10 -1 -10 -1 -10 -1 -10 -1 -10 -1 -10 -1 -10 -1 -11 -1 -11 0 0 -1 -11 -1 -11 -1 -11 -2 -11 -2 -12 -2 -11 -3 -12 -3 -12 -3 -12 -3 -13 -3 -13 -3 -13 -3 -13 -3 -13 -4 -14 -4 -14 -4 -14 -4 -15 -4 -14 -5 -15 -4 -15 -5 -15 -4 -15 -3 -15 -4 -16 -4 -16 0 0 0 0 0 0 0 0 0 0
1784740961.219371,58714,-42,11,1,7,0,-95,1,682720771,128,0 0 0 0 0 0 0 0 0 0 0 0 7 1 7 1 7 2 7 2 7 2 7 3 8 3 7 3 7 4 7 4 7 4 8 4 8 4 8 4 8 5 8 5 8 5 8 5 8 5 8 5 8 5 8 5 9 5 9 5 9 5 9 5 0 0 9 5 9 5 10 5 10 5 10 5 10 5 11 5 11 5 11 5 11 5 12 5 12 5 12 5 12 5 13 5 13 5 13 5 13 5 14 5 14 5 14 5 14 6 14 6 14 6 14 6 14 7 0 0 0 0 0 0 0 0 0 0
1784740961.219702,58715,-44,11,1,7,1,-95,1,682729693,128,0 0 0 0 0 0 0 0 0 0 0 0 -4 -8 -3 -8 -3 -8 -2 -9 -2 -9 -2 -9 -3 -9 -2 -9 -2 -10 -2 -10 -1 -10 -1 -10 -1 -10 -1 -10 -1 -11 -1 -11 -1 -11 -1 -11 -1 -11 -1 -11 -1 -11 -1 -12 -1 -11 -1 -11 -1 -11 -1 -12 0 0 -1 -12 -2 -12 -2 -12 -2 -12 -2 -12 -2 -12 -3 -12 -3 -13 -3 -12 -4 -13 -3 -13 -4 -13 -3 -13 -4 -13 -5 -14 -5 -14 -4 -14 -5 -14 -5 -14 -5 -15 -5 -15 -5 -15 -5 -15 -4 -15 -4 -15 -4 -16 0 0 0 0 0 0 0 0 0 0
1784740961.232543,58716,-45,11,1,7,1,-95,1,682739769,128,0 0 0 0 0 0 0 0 0 0 0 0 -4 -9 -3 -9 -3 -9 -3 -9 -2 -10 -2 -10 -2 -10 -2 -10 -1 -10 -1 -10 -1 -10 -1 -11 -1 -11 -1 -11 -1 -12 -1 -11 -1 -12 -1 -12 -1 -12 0 -12 0 -12 0 -12 -1 -12 -1 -12 0 -12 -1 -12 0 0 -1 -12 -1 -12 -1 -12 -2 -12 -2 -12 -2 -12 -2 -12 -3 -12 -3 -13 -4 -13 -4 -13 -4 -13 -4 -13 -4 -14 -5 -14 -5 -14 -5 -14 -5 -14 -5 -15 -5 -15 -5 -15 -5 -16 -5 -15 -5 -15 -5 -16 -5 -16 0 0 0 0 0 0 0 0 0 0
1784740961.232543,58717,-46,11,1,7,1,-95,1,682749751,128,0 0 0 0 0 0 0 0 0 0 0 0 -6 6 -7 6 -7 5 -8 5 -8 5 -8 5 -8 5 -8 5 -9 5 -9 5 -9 5 -9 5 -9 4 -10 4 -10 5 -10 4 -10 4 -10 4 -10 4 -10 4 -10 4 -10 4 -10 4 -10 4 -10 4 -10 4 0 0 -10 5 -10 5 -10 5 -10 5 -9 6 -9 6 -9 6 -9 7 -9 7 -9 7 -9 8 -9 8 -9 8 -10 9 -10 9 -10 9 -10 9 -10 10 -10 10 -10 10 -10 10 -11 10 -11 10 -11 10 -11 10 -12 10 0 0 0 0 0 0 0 0 0 0
1784740961.250238,58718,-45,11,1,6,1,-95,1,682761064,128,0 0 0 0 0 0 0 0 0 0 0 0 6 -6 6 -6 7 -6 7 -5 8 -5 8 -5 8 -5 8 -5 8 -5 9 -5 9 -4 9 -4 9 -4 9 -4 9 -4 10 -4 10 -4 10 -4 10 -4 10 -4 10 -4 10 -4 10 -4 9 -4 10 -4 10 -4 0 0 10 -4 10 -4 10 -4 9 -5 9 -5 9 -6 9 -6 9 -6 10 -6 9 -7 10 -7 10 -8 10 -8 10 -8 10 -8 11 -9 10 -9 11 -9 11 -9 11 -9 12 -10 12 -9 12 -9 12 -9 12 -9 12 -9 0 0 0 0 0 0 0 0 0 0
1784740961.268386,58719,-45,11,1,6,1,-95,1,682779158,128,0 0 0 0 0 0 0 0 0 0 0 0 8 -2 8 -1 8 0 8 0 8 0 9 0 9 1 9 1 9 1 9 1 9 1 9 2 9 2 9 2 9 2 9 3 10 3 9 2 10 3 10 3 10 3 9 3 9 2 10 2 10 3 10 2 0 0 10 2 10 2 10 2 10 2 10 1 11 1 10 1 11 1 11 1 11 0 12 0 12 0 12 0 13 0 12 0 13 0 13 0 14 0 14 0 14 0 14 -1 14 0 14 0 15 0 15 0 15 0 0 0 0 0 0 0 0 0 0 0
1784740961.268386,58720,-45,11,1,7,1,-95,1,682779873,128,0 0 0 0 0 0 0 0 0 0 0 0 8 -1 8 -1 8 0 9 1 9 1 9 1 9 1 9 1 9 1 9 2 9 2 9 2 9 2 9 2 10 2 9 3 10 3 9 3 10 3 10 3 10 3 10 3 10 3 10 3 9 3 10 2 0 0 10 2 10 2 10 2 10 2 10 2 11 1 11 1 11 1 11 1 12 0 12 0 12 0 12 0 13 0 13 0 13 0 13 0 14 -1 14 -1 14 -1 14 -1 15 0 14 -1 15 0 15 0 15 0 0 0 0 0 0 0 0 0 0 0
1784740961.284766,58721,-44,11,1,6,1,-95,1,682791033,128,0 0 0 0 0 0 0 0 0 0 0 0 7 -5 7 -4 8 -4 8 -3 8 -3 9 -3 9 -3 9 -3 9 -3 9 -3 9 -3 10 -2 10 -2 10 -2 10 -2 10 -2 11 -2 10 -2 10 -2 11 -2 11 -2 11 -2 10 -2 11 -2 11 -2 11 -2 0 0 11 -3 11 -2 11 -3 11 -3 10 -3 11 -3 11 -3 11 -4 11 -4 11 -5 11 -5 11 -5 11 -6 12 -6 12 -6 12 -6 12 -6 13 -7 12 -6 13 -6 13 -7 13 -7 13 -7 13 -7 13 -7 14 -7 0 0 0 0 0 0 0 0 0 0
1784740961.296680,58722,-43,11,1,7,1,-95,1,682799872,128,0 0 0 0 0 0 0 0 0 0 0 0 -5 7 -5 7 -6 6 -6 6 -7 6 -7 6 -7 6 -7 6 -8 6 -8 6 -8 6 -8 6 -9 6 -9 6 -9 6 -9 5 -9 6 -9 5 -9 6 -9 5 -9 6 -10 5 -9 6 -9 6 -10 6 -10 6 0 0 -10 6 -10 6 -10 6 -9 7 -9 7 -9 7 -9 7 -9 7 -10 8 -9 8 -9 9 -9 9 -9 9 -9 9 -9 9 -10 10 -10 10 -10 10 -10 10 -10 11 -10 11 -10 11 -10 11 -10 11 -10 11 -11 11 0 0 0 0 0 0 0 0 0 0
1784740961.296680,58723,-43,11,1,7,1,-95,1,682809768,128,0 0 0 0 0 0 0 0 0 0 0 0 7 -4 8 -3 8 -2 8 -2 8 -2 8 -2 9 -2 9 -1 9 -1 9 -1 9 0 9 0 10 0 10 0 10 0 10 0 10 0 10 1 10 0 11 0 10 0 10 0 10 0 10 1 10 1 11 1 0 0 11 0 11 0 10 0 11 0 10 0 11 -1 11 -1 11 -1 11 -1 12 -1 12 -2 12 -2 12 -2 12 -2 12 -2 13 -3 13 -2 13 -3 13 -3 14 -3 14 -3 14 -3 14 -3 14 -2 14 -2 15 -2 0 0 0 0 0 0 0 0 0 0
1784740961.316977,58724,-39,11,1,7,0,-95,1,682823213,128,0 0 0 0 0 0 0 0 0 0 0 0 -9 5 -9 4 -9 4 -10 3 -10 3 -10 3 -11 3 -11 2 -12 2 -12 2 -12 2 -12 2 -13 2 -13 2 -13 1 -13 1 -13 1 -13 1 -13 1 -13 0 -14 0 -14 0 -14 1 -14 1 -13 1 -13 1 0 0 -14 0 -14 1 -13 1 -14 1 -13 2 -13 2 -13 2 -13 2 -14 2 -14 3 -14 3 -14 4 -14 4 -14 4 -14 4 -14 4 -14 5 -14 5 -15 5 -15 5 -15 6 -15 6 -16 6 -16 5 -15 6 -16 5 0 0 0 0 0 0 0 0 0 0
1784740961.330545,58725,-40,11,1,7,0,-95,1,682830026,128,0 0 0 0 0 0 0 0 0 0 0 0 -3 8 -4 8 -4 8 -5 9 -5 8 -6 8 -6 8 -6 9 -7 9 -7 9 -7 9 -7 9 -8 9 -8 9 -9 9 -9 8 -9 9 -9 8 -9 8 -10 8 -10 8 -10 8 -10 8 -10 8 -10 8 -10 8 0 0 -10 8 -10 8 -10 8 -10 9 -9 9 -10 9 -9 9 -9 9 -9 9 -9 10 -9 10 -8 10 -9 11 -9 11 -8 11 -9 12 -9 12 -9 12 -9 12 -9 12 -9 12 -10 13 -9 13 -9 13 -9 13 -9 13 0 0 0 0 0 0 0 0 0 0
1784740961.330545,58726,-44,11,1,7,1,-95,1,682843965,128,0 0 0 0 0 0 0 0 0 0 0 0 -3 -9 -3 -9 -2 -9 -2 -10 -1 -10 -1 -10 -1 -10 -1 -10 0 -10 0 -10 0 -10 1 -11 1 -11 1 -11 1 -11 1 -11 1 -11 1 -11 2 -11 2 -11 2 -12 2 -11 2 -11 2 -11 2 -11 2 -11 0 0 2 -11 2 -11 2 -11 1 -12 1 -11 1 -12 1 -12 0 -12 0 -12 0 -12 0 -12 0 -13 -1 -13 0 -13 -1 -13 -1 -14 -1 -13 -1 -14 -1 -14 -1 -14 -2 -14 -2 -15 -1 -14 -1 -15 -1 -15 -1 -15 0 0 0 0 0 0 0 0 0 0
1784740961.347175,58727,-44,11,1,7,1,-95,1,682849700,128,0 0 0 0 0 0 0 0 0 0 0 0 7 3 6 4 6 4 6 5 6 5 6 5 6 6 6 6 6 6 6 6 6 7 6 7 6 8 6 8 6 8 6 8 6 8 6 8 6 8 6 8 6 9 6 8 6 9 6 9 6 9 6 9 0 0 6 8 6 8 7 8 7 8 7 8 7 8 7 8 8 8 8 8 9 8 8 8 9 8 9 7 9 8 10 7 10 7 10 8 10 8 11 8 11 8 11 8 11 8 11 8 11 8 11 8 12 8 0 0 0 0 0 0 0 0 0 0
1784740961.350666,58728,-43,11,1,7,1,-95,1,682859723,128,0 0 0 0 0 0 0 0 0 0 0 0 -6 4 -6 4 -7 4 -7 3 -7 3 -7 3 -8 3 -8 3 -8 3 -8 3 -8 3 -9 3 -9 3 -10 3 -10 3 -10 2 -11 2 -10 2 -11 2 -11 2 -11 2 -11 2 -11 2 -11 2 -11 2 -11 2 0 0 -11 2 -11 2 -11 2 -11 2 -11 3 -11 3 -11 3 -12 3 -12 3 -12 4 -12 4 -12 4 -12 5 -13 5 -13 5 -13 5 -12 5 -13 5 -13 5 -13 5 -13 6 -14 5 -13 5 -13 6 -13 6 -14 6 0 0 0 0 0 0 0 0 0 0
1784740961.364493,58729,-40,11,1,7,0,-95,1,682869756,128,0 0 0 0 0 0 0 0 0 0 0 0 6 -4 6 -4 6 -4 7 -3 7 -3 7 -3 7 -3 8 -3 8 -3 8 -3 9 -3 9 -2 9 -2 10 -2 10 -3 10 -2 10 -2 11 -2 11 -2 11 -2 11 -1 11 -1 11 -1 12 -1 12 -1 12 -1 0 0 12 -1 12 -1 12 -1 12 -2 12 -2 12 -2 12 -2 12 -2 12 -2 12 -3 13 -3 13 -3 13 -3 13 -3 13 -4 13 -4 14 -4 14 -4 14 -4 14 -4 14 -5 14 -5 14 -5 15 -4 14 -4 14 -5 0 0 0 0 0 0 0 0 0 0
1784740961.376376,58730,-44,11,1,7,1,-95,1,682879917,128,0 0 0 0 0 0 0 0 0 0 0 0 7 0 8 0 7 1 8 2 7 2 8 2 8 2 8 2 8 2 8 2 8 3 9 3 9 3 9 3 9 3 9 4 9 4 9 4 10 5 10 4 10 4 10 4 10 4 10 5 10 5 10 5 0 0 10 5 10 4 10 5 10 4 11 4 11 4 11 4 11 3 11 4 11 3 12 4 12 3 12 3 13 3 12 3 13 3 12 3 13 3 13 3 14 2 13 2 14 3 13 3 13 3 14 3 14 3 0 0 0 0 0 0 0 0 0 0
1784740961.424307,58731,-44,11,1,5,0,-95,1,682918350,128,0 0 0 0 0 0 0 0 0 0 0 0 3 -7 3 -7 3 -8 3 -7 4 -7 4 -7 4 -7 4 -7 4 -7 4 -8 4 -8 5 -8 5 -8 5 -8 5 -8 5 -8 5 -8 5 -9 5 -9 5 -9 6 -9 6 -9 5 -9 6 -9 6 -10 6 -10 0 0 6 -10 6 -10 5 -10 6 -11 5 -11 6 -12 5 -12 5 -12 5 -13 5 -13 5 -14 5 -14 5 -14 5 -14 5 -15 5 -15 6 -16 6 -16 6 -16 6 -17 7 -17 7 -17 7 -18 8 -18 7 -18 8 -17 0 0 0 0 0 0 0 0 0 0
1784740961.424307,58732,-47,11,1,7,1,-95,1,682921489,128,0 0 0 0 0 0 0 0 0 0 0 0 5 -4 5 -4 6 -3 6 -3 6 -3 6 -3 6 -3 6 -3 6 -3 6 -3 6 -3 7 -3 7 -3 7 -3 7 -3 7 -3 8 -3 8 -3 8 -3 8 -3 8 -3 8 -3 8 -3 8 -3 9 -3 9 -3 0 0 9 -3 9 -4 9 -3 9 -4 9 -4 9 -4 9 -5 9 -5 10 -5 10 -6 10 -5 10 -6 10 -6 11 -6 10 -7 11 -7 11 -6 12 -7 12 -7 12 -8 12 -8 13 -8 13 -7 13 -7 13 -7 14 -7 0 0 0 0 0 0 0 0 0 0
1784740961.424307,58733,-45,11,1,6,1,-95,1,682935948,128,0 0 0 0 0 0 0 0 0 0 0 0 0 -9 0 -9 1 -9 1 -9 1 -9 2 -9 2 -9 2 -9 2 -9 3 -9 3 -9 3 -10 3 -9 3 -10 3 -10 4 -10 4 -10 4 -10 4 -10 4 -10 4 -10 4 -10 4 -10 4 -10 4 -10 4 -10 0 0 4 -10 4 -10 4 -11 3 -10 3 -11 3 -11 3 -11 3 -11 3 -11 2 -12 2 -12 2 -12 2 -12 2 -13 2 -13 2 -14 2 -13 2 -14 2 -14 2 -15 2 -15 2 -15 3 -15 3 -15 3 -15 3 -16 0 0 0 0 0 0 0 0 0 0
1784740961.424307,58734,-44,11,1,7,1,-95,1,682939917,128,0 0 0 0 0 0 0 0 0 0 0 0 -8 2 -9 2 -9 1 -9 0 -9 0 -9 0 -9 0 -10 0 -10 -1 -9 0 -10 -1 -10 -1 -10 -1 -10 -1 -11 -1 -10 -1 -11 -1 -10 -1 -11 -1 -11 -2 -11 -1 -11 -2 -11 -1 -11 -2 -11 -2 -11 -1 0 0 -11 -1 -11 -1 -11 -1 -11 -1 -11 0 -11 0 -11 0 -12 0 -12 0 -12 1 -12 1 -12 1 -12 2 -13 2 -13 2 -13 2 -13 2 -14 2 -14 3 -14 3 -14 3 -14 2 -14 2 -15 2 -15 2 -15 2 0 0 0 0 0 0 0 0 0 0
1784740961.440252,58735,-44,11,1,7,1,-95,1,682949704,128,0 0 0 0 0 0 0 0 0 0 0 0 4 -8 5 -7 5 -7 5 -7 6 -7 6 -7 6 -7 6 -7 7 -7 7 -7 7 -6 7 -6 8 -6 8 -6 8 -6 9 -6 8 -6 8 -6 8 -6 8 -6 8 -6 9 -6 8 -6 8 -5 8 -5 8 -6 0 0 8 -6 8 -6 8 -6 8 -6 7 -6 8 -7 7 -7 7 -8 7 -8 8 -8 8 -8 7 -9 8 -9 8 -9 8 -10 8 -10 8 -10 8 -10 8 -11 8 -11 9 -11 9 -11 9 -11 10 -11 10 -11 10 -11 0 0 0 0 0 0 0 0 0 0
1784740961.460381,58736,-44,11,1,6,1,-95,1,682963628,128,0 0 0 0 0 0 0 0 0 0 0 0 -6 5 -7 5 -7 4 -8 4 -8 4 -8 4 -8 4 -8 4 -9 4 -9 4 -9 3 -9 3 -10 3 -10 3 -10 3 -10 3 -11 2 -10 2 -11 2 -11 2 -11 2 -11 2 -11 2 -11 1 -11 2 -11 2 0 0 -11 3 -11 3 -11 2 -10 3 -10 3 -10 4 -10 4 -10 4 -10 4 -10 5 -11 4 -11 5 -11 5 -11 6 -11 6 -11 6 -11 6 -11 7 -11 7 -11 7 -12 8 -12 8 -12 7 -13 7 -12 7 -13 7 0 0 0 0 0 0 0 0 0 0
1784740961.460381,58737,-44,11,1,7,1,-95,1,682969855,128,0 0 0 0 0 0 0 0 0 0 0 0 -1 -8 0 -9 0 -8 1 -9 1 -8 1 -9 1 -9 1 -9 2 -9 2 -9 2 -10 2 -10 2 -10 3 -10 3 -10 3 -10 4 -10 4 -10 4 -11 4 -10 4 -11 5 -10 4 -10 4 -10 5 -10 4 -11 0 0 4 -11 4 -10 4 -11 4 -11 4 -10 4 -11 4 -11 3 -11 3 -12 3 -12 3 -12 3 -12 3 -13 3 -13 3 -13 3 -13 3 -13 2 -14 3 -14 3 -14 2 -14 3 -15 2 -14 3 -15 3 -15 3 -15 0 0 0 0 0 0 0 0 0 0
1784740961.472345,58738,-44,11,1,7,1,-95,1,682979681,128,0 0 0 0 0 0 0 0 0 0 0 0 7 2 6 2 7 3 7 3 7 3 6 3 7 4 7 4 7 4 7 5 7 5 7 5 7 5 7 6 7 5 7 6 7 6 7 6 7 6 8 6 7 6 8 7 8 7 7 7 7 7 7 7 0 0 7 7 8 7 7 7 8 7 8 6 8 6 9 6 9 6 9 6 10 6 9 7 9 6 9 6 10 6 11 6 11 6 11 7 11 6 11 7 12 6 12 6 12 6 12 7 12 8 12 7 12 7 0 0 0 0 0 0 0 0 0 0
1784740961.492459,58739,-44,11,1,6,1,-95,1,682991183,128,0 0 0 0 0 0 0 0 0 0 0 0 -2 8 -2 7 -3 8 -4 7 -4 7 -4 7 -4 7 -5 8 -5 7 -5 8 -5 7 -6 8 -6 7 -6 8 -6 8 -7 7 -7 7 -7 7 -7 7 -7 7 -7 7 -7 7 -7 7 -7 7 -7 7 -7 7 0 0 -7 7 -7 7 -7 7 -7 8 -6 8 -6 8 -6 8 -6 8 -6 8 -6 9 -6 9 -6 9 -6 10 -6 10 -6 10 -6 10 -6 10 -6 11 -6 11 -6 11 -6 11 -6 11 -6 12 -6 12 -6 12 -6 12 0 0 0 0 0 0 0 0 0 0
1784740961.492459,58740,-44,11,1,6,1,-95,1,683001066,128,0 0 0 0 0 0 0 0 0 0 0 0 7 -4 7 -4 8 -4 8 -3 8 -3 8 -3 9 -3 9 -2 9 -2 10 -2 9 -1 10 -1 10 0 10 -1 9 -1 10 0 10 0 11 0 10 0 10 0 10 0 10 0 10 0 10 1 9 1 9 1 0 0 9 0 10 -1 9 -1 10 -1 9 -1 10 -1 9 -2 10 -2 10 -2 11 -3 10 -3 10 -3 10 -3 10 -3 11 -4 10 -4 12 -4 11 -4 11 -5 11 -5 11 -5 11 -5 12 -5 12 -5 12 -5 12 -5 0 0 0 0 0 0 0 0 0 0
1784740961.504121,58741,-43,11,1,7,1,-95,1,683009798,128,0 0 0 0 0 0 0 0 0 0 0 0 9 0 9 0 9 1 9 1 9 1 9 2 9 2 9 3 9 3 9 3 9 4 9 4 9 4 9 5 9 4 10 5 9 5 10 5 9 5 9 6 9 6 9 6 9 6 8 6 9 6 8 5 0 0 9 5 9 5 9 5 9 4 9 4 9 4 9 4 10 4 10 4 11 4 11 3 10 3 10 3 11 3 12 2 11 2 12 3 12 3 12 2 13 2 12 2 13 2 13 2 13 2 13 2 13 2 0 0 0 0 0 0 0 0 0 0
1784740961.504121,58742,-43,11,1,7,1,-95,1,683019815,128,0 0 0 0 0 0 0 0 0 0 0 0 3 -9 4 -9 4 -9 5 -9 5 -8 6 -9 6 -8 6 -8 7 -8 7 -8 7 -8 7 -8 8 -8 8 -8 8 -8 8 -7 9 -8 9 -7 9 -7 9 -7 9 -7 9 -7 9 -7 9 -7 9 -7 9 -7 0 0 8 -7 8 -7 9 -7 8 -7 8 -8 8 -8 8 -8 8 -8 8 -8 7 -9 8 -9 7 -9 8 -10 8 -10 7 -10 8 -11 7 -10 7 -11 7 -11 8 -11 7 -11 7 -11 7 -11 7 -11 7 -11 8 -12 0 0 0 0 0 0 0 0 0 0
1784740961.520182,58743,-43,11,1,7,1,-95,1,683029804,128,0 0 0 0 0 0 0 0 0 0 0 0 4 -8 5 -8 6 -8 6 -8 6 -8 7 -8 7 -8 7 -8 8 -7 8 -7 8 -7 8 -7 9 -7 9 -7 9 -7 9 -7 10 -7 9 -7 10 -6 10 -6 10 -6 10 -6 10 -6 9 -6 9 -6 9 -6 0 0 10 -7 9 -7 9 -6 9 -7 9 -7 9 -7 9 -7 9 -8 9 -8 9 -8 9 -9 8 -9 9 -9 8 -9 8 -9 9 -10 8 -10 9 -10 9 -11 9 -11 9 -11 9 -11 9 -11 9 -11 9 -11 9 -11 0 0 0 0 0 0 0 0 0 0
1784740961.536815,58744,-43,11,1,7,1,-95,1,683039672,128,0 0 0 0 0 0 0 0 0 0 0 0 -2 -9 -2 -9 -1 -9 -1 -9 -1 -10 0 -10 0 -10 0 -10 0 -10 1 -10 1 -11 1 -11 2 -11 2 -11 2 -11 2 -12 2 -11 2 -12 3 -11 3 -12 3 -11 3 -11 3 -11 3 -11 4 -11 3 -11 0 0 3 -11 2 -12 2 -11 2 -12 2 -11 2 -12 1 -12 1 -12 1 -12 1 -13 1 -12 0 -12 0 -12 0 -12 -1 -13 -1 -13 -1 -13 -1 -13 -1 -14 -2 -14 -1 -14 -2 -14 -1 -14 -1 -14 -1 -14 -1 -15 0 0 0 0 0 0 0 0 0 0
1784740961.536815,58745,-43,11,1,7,1,-95,1,683052444,128,0 0 0 0 0 0 0 0 0 0 0 0 5 -6 6 -6 6 -5 7 -5 7 -5 7 -5 7 -5 8 -4 8 -5 8 -4 9 -4 9 -4 9 -4 9 -4 10 -3 10 -4 10 -4 11 -3 11 -3 11 -3 11 -3 11 -3 11 -3 11 -3 11 -3 11 -3 0 0 11 -3 10 -3 11 -3 11 -3 11 -4 11 -3 10 -4 11 -4 10 -4 11 -4 11 -5 10 -5 10 -5 11 -5 10 -6 11 -6 11 -6 11 -6 11 -7 11 -7 11 -7 11 -7 11 -7 11 -7 11 -7 11 -8 0 0 0 0 0 0 0 0 0 0
1784740961.551597,58746,-44,11,1,7,1,-95,1,683060163,128,0 0 0 0 0 0 0 0 0 0 0 0 2 6 2 6 2 7 1 7 1 8 1 8 0 8 0 8 0 9 0 9 0 9 -1 9 -1 9 -1 10 -1 9 -2 10 -2 10 -2 10 -2 10 -2 10 -2 10 -3 10 -2 10 -3 10 -3 10 -3 10 0 0 -3 10 -2 10 -2 10 -2 11 -2 10 -2 10 -2 11 -2 11 -1 11 -1 11 -1 11 -1 11 -1 11 -1 11 0 12 0 12 0 12 0 12 0 12 0 13 0 12 0 13 0 13 0 13 0 13 0 13 0 0 0 0 0 0 0 0 0 0
1784740961.551597,58747,-44,11,1,7,1,-95,1,683069767,128,0 0 0 0 0 0 0 0 0 0 0 0 -7 -3 -7 -3 -7 -4 -7 -4 -7 -4 -7 -5 -7 -5 -7 -5 -7 -6 -7 -6 -7 -6 -7 -7 -7 -7 -7 -7 -7 -7 -8 -7 -7 -7 -7 -8 -7 -8 -7 -8 -7 -8 -7 -8 -8 -8 -7 -8 -7 -8 -7 -8 0 0 -7 -8 -8 -8 -8 -8 -8 -9 -8 -8 -8 -8 -8 -8 -9 -9 -9 -8 -10 -9 -9 -8 -9 -8 -10 -8 -10 -8 -11 -8 -11 -8 -11 -9 -11 -8 -11 -8 -11 -8 -11 -9 -11 -8 -12 -9 -12 -9 -12 -9 -12 -9 0 0 0 0 0 0 0 0 0 0
1784740961.567572,58748,-44,11,1,7,1,-95,1,683079696,128,0 0 0 0 0 0 0 0 0 0 0 0 -7 -2 -7 -3 -7 -3 -7 -3 -7 -4 -7 -4 -8 -4 -8 -5 -8 -5 -7 -5 -8 -5 -8 -5 -8 -6 -8 -6 -8 -6 -7 -7 -7 -7 -8 -7 -8 -7 -8 -7 -8 -7 -8 -7 -8 -7 -8 -7 -8 -7 -8 -7 0 0 -9 -7 -9 -7 -9 -7 -9 -7 -9 -7 -9 -7 -9 -7 -10 -7 -10 -7 -10 -7 -10 -7 -11 -6 -11 -7 -11 -7 -11 -7 -11 -7 -11 -7 -12 -7 -12 -7 -13 -7 -13 -7 -13 -7 -13 -7 -13 -7 -13 -7 -13 -7 0 0 0 0 0 0 0 0 0 0
1784740961.587039,58749,-44,11,1,7,1,-95,1,683089685,128,0 0 0 0 0 0 0 0 0 0 0 0 -6 -5 -6 -5 -6 -6 -6 -6 -6 -6 -6 -7 -6 -7 -6 -7 -5 -7 -5 -8 -5 -8 -5 -8 -5 -9 -5 -9 -5 -9 -5 -9 -5 -9 -5 -10 -5 -10 -5 -10 -5 -10 -5 -10 -5 -10 -4 -10 -5 -10 -5 -10 0 0 -5 -10 -5 -10 -5 -10 -6 -10 -6 -10 -6 -10 -6 -10 -7 -10 -6 -10 -7 -10 -7 -11 -7 -11 -7 -11 -7 -11 -8 -11 -8 -11 -8 -11 -8 -11 -9 -11 -9 -11 -9 -11 -9 -12 -9 -12 -9 -12 -9 -12 -9 -12 0 0 0 0 0 0 0 0 0 0
1784740961.599530,58750,-44,11,1,7,1,-95,1,683099876,128,0 0 0 0 0 0 0 0 0 0 0 0 -5 6 -5 6 -6 6 -6 6 -7 6 -7 6 -8 6 -8 6 -8 6 -8 5 -9 5 -9 5 -9 5 -10 5 -10 5 -10 5 -10 5 -11 5 -11 5 -11 4 -11 4 -11 4 -11 5 -11 4 -11 4 -11 4 0 0 -11 4 -11 5 -11 5 -11 5 -11 5 -11 5 -10 5 -11 5 -11 6 -11 6 -11 6 -10 7 -11 7 -11 7 -10 7 -11 7 -11 7 -11 8 -11 8 -11 8 -11 8 -11 8 -11 8 -11 8 -11 9 -12 9 0 0 0 0 0 0 0 0 0 0
1784740961.599530,58751,-45,11,1,6,1,-95,1,683109738,128,0 0 0 0 0 0 0 0 0 0 0 0 -2 -8 -1 -9 0 -9 0 -9 0 -9 0 -10 1 -10 1 -10 2 -10 1 -10 2 -10 2 -11 3 -11 3 -11 3 -11 4 -11 4 -11 4 -11 4 -11 5 -11 5 -11 5 -10 4 -11 5 -11 5 -10 5 -11 0 0 5 -11 5 -10 5 -11 4 -10 4 -10 4 -11 4 -11 4 -11 4 -11 3 -11 3 -11 3 -11 3 -12 3 -12 2 -11 3 -12 2 -11 2 -12 2 -12 2 -12 1 -12 2 -13 1 -12 1 -13 1 -13 1 -13 0 0 0 0 0 0 0 0 0 0
1784740961.615405,58752,-44,11,1,6,1,-95,1,683119687,128,0 0 0 0 0 0 0 0 0 0 0 0 7 2 7 3 7 3 7 4 7 4 7 4 8 5 8 5 8 6 7 7 7 7 7 7 7 8 7 8 7 8 7 8 7 8 7 9 7 9 7 9 7 9 7 9 7 9 6 9 6 9 6 9 0 0 6 9 6 9 6 8 7 8 7 8 7 8 7 8 7 8 7 8 8 8 8 8 8 7 8 7 8 7 9 7 9 7 9 7 9 6 10 6 10 6 10 6 10 6 10 6 10 6 10 6 11 6 0 0 0 0 0 0 0 0 0 0
1784740961.615405,58753,-44,11,1,6,1,-95,1,683130402,128,0 0 0 0 0 0 0 0 0 0 0 0 3 7 2 8 2 8 1 8 1 8 1 9 1 8 0 9 0 9 0 9 0 10 0 10 -1 10 -1 10 -1 11 -2 10 -2 10 -2 10 -2 10 -2 10 -2 10 -3 11 -2 10 -3 10 -2 10 -2 10 0 0 -2 10 -2 10 -2 10 -2 10 -1 9 -1 10 -1 10 0 10 -1 10 0 11 0 10 0 11 1 11 1 11 1 11 1 11 1 11 2 11 2 12 2 12 2 12 3 12 3 12 3 12 3 12 3 13 0 0 0 0 0 0 0 0 0 0
1784740961.631145,58754,-45,11,1,6,1,-95,1,683139694,128,0 0 0 0 0 0 0 0 0 0 0 0 6 -4 7 -4 7 -3 8 -3 8 -3 8 -3 8 -2 8 -2 9 -2 9 -2 9 -2 9 -1 9 -1 9 -1 9 -1 9 -1 10 -1 9 0 9 0 10 0 9 0 10 0 9 0 9 0 9 0 10 0 0 0 9 -1 9 0 9 -1 9 -1 9 -1 10 -1 10 -2 10 -2 10 -2 10 -3 10 -3 10 -3 11 -3 11 -4 11 -4 11 -4 11 -4 11 -4 12 -4 12 -4 12 -5 12 -5 12 -5 12 -5 12 -5 13 -5 0 0 0 0 0 0 0 0 0 0
1784740961.647333,58755,-44,11,1,5,1,-95,1,683151072,128,0 0 0 0 0 0 0 0 0 0 0 0 1 6 1 7 0 7 0 7 -1 7 -1 7 -1 7 -1 8 -1 8 -2 8 -2 8 -2 8 -2 8 -2 8 -3 9 -3 9 -3 9 -3 9 -3 9 -3 9 -3 9 -3 9 -3 9 -3 9 -3 9 -3 9 0 0 -3 10 -3 10 -3 10 -2 10 -2 10 -2 10 -2 10 -2 11 -2 11 -2 11 -2 11 -1 12 -1 12 -1 12 -1 12 -2 13 -1 12 -1 13 -1 13 -1 13 0 14 -1 14 -1 13 -1 14 -1 14 -1 14 0 0 0 0 0 0 0 0 0 0
1784740961.651902,58756,-44,11,1,6,1,-95,1,683159846,128,0 0 0 0 0 0 0 0 0 0 0 0 6 -1 6 0 7 0 7 0 7 1 7 1 7 1 7 1 7 2 8 2 8 2 8 3 8 3 8 3 8 3 8 3 8 3 8 4 9 4 8 4 9 4 9 4 9 4 9 4 9 4 9 4 0 0 9 4 9 4 9 4 10 4 10 4 10 4 10 4 10 4 10 4 11 4 11 4 11 4 11 4 11 4 12 4 12 3 12 4 12 3 12 4 12 3 13 3 13 4 13 4 13 4 13 3 13 4 0 0 0 0 0 0 0 0 0 0
1784740961.665534,58757,-46,11,1,6,1,-95,1,683169798,128,0 0 0 0 0 0 0 0 0 0 0 0 4 4 4 5 4 5 3 6 3 6 3 6 3 6 3 7 2 7 2 7 2 7 2 7 2 7 2 8 2 8 1 8 1 8 1 8 1 8 1 8 1 8 1 8 1 8 1 8 1 8 2 9 0 0 2 9 2 9 2 9 2 9 2 9 2 9 3 9 3 9 3 10 3 10 3 10 4 10 3 11 4 11 3 11 4 11 4 11 4 11 4 11 4 11 4 11 4 12 4 12 4 12 5 12 4 12 0 0 0 0 0 0 0 0 0 0
1784740961.665534,58758,-48,11,1,6,1,-95,1,683179739,128,0 0 0 0 0 0 0 0 0 0 0 0 3 7 2 7 2 8 1 7 1 8 1 8 1 8 0 8 0 8 0 9 -1 9 -1 9 -1 9 -1 9 -1 8 -1 9 -1 8 -2 9 -2 8 -2 8 -2 8 -2 8 -2 8 -2 8 -2 7 -1 7 0 0 -1 7 0 8 0 7 1 8 1 7 1 8 1 8 2 8 2 8 2 9 2 8 3 8 3 8 3 8 4 9 4 9 4 10 4 9 4 10 5 10 5 10 5 10 5 11 5 11 5 11 5 10 0 0 0 0 0 0 0 0 0 0
1784740961.679595,58759,-48,11,1,6,1,-95,1,683189746,128,0 0 0 0 0 0 0 0 0 0 0 0 6 -6 6 -6 7 -6 7 -5 7 -5 8 -5 8 -5 8 -4 9 -4 8 -4 8 -4 9 -3 9 -3 9 -3 9 -3 9 -2 9 -2 9 -2 9 -2 9 -2 9 -2 8 -1 8 -1 8 -2 8 -2 8 -2 0 0 7 -2 7 -2 7 -3 6 -3 6 -3 6 -4 6 -4 6 -4 6 -5 6 -5 6 -5 6 -6 6 -6 6 -6 6 -7 7 -7 6 -7 6 -8 6 -8 6 -8 7 -8 7 -8 6 -9 7 -9 6 -9 7 -9 0 0 0 0 0 0 0 0 0 0
1784740961.696456,58760,-47,11,1,6,1,-95,1,683199772,128,0 0 0 0 0 0 0 0 0 0 0 0 7 4 7 5 6 5 6 6 6 6 6 6 5 6 6 7 5 7 5 7 5 7 5 7 5 8 4 7 5 8 4 8 4 8 4 8 4 8 4 8 4 8 4 8 4 7 4 7 4 7 4 7 0 0 4 7 5 6 5 6 5 6 5 6 6 6 6 5 6 6 6 6 7 5 7 5 8 5 8 5 8 5 8 5 9 5 9 5 9 5 9 5 10 5 10 6 10 6 10 5 11 6 10 5 11 6 0 0 0 0 0 0 0 0 0 0
1784740961.696456,58761,-47,11,1,6,1,-95,1,683209761,128,0 0 0 0 0 0 0 0 0 0 0 0 2 8 2 8 2 8 1 8 0 9 0 9 0 9 0 8 -1 9 -1 9 -2 9 -2 9 -2 9 -2 9 -2 9 -2 9 -2 9 -2 9 -2 9 -2 9 -2 8 -1 8 -2 8 -2 8 -2 8 -2 8 0 0 -1 8 0 8 0 8 0 8 0 8 1 9 1 9 1 9 2 9 2 10 2 10 2 9 2 9 2 9 4 10 4 10 4 11 4 11 5 11 5 11 5 11 5 11 5 12 4 12 5 12 5 12 0 0 0 0 0 0 0 0 0 0
1784740961.711511,58762,-47,11,1,6,1,-95,1,683219815,128,0 0 0 0 0 0 0 0 0 0 0 0 8 0 8 0 8 1 8 1 8 2 8 2 8 2 8 3 8 3 8 3 8 4 8 4 7 4 8 4 8 4 7 5 7 5 7 5 7 5 7 5 7 5 7 5 7 4 7 5 7 4 7 4 0 0 7 4 7 4 7 4 7 3 7 3 7 3 7 3 8 2 8 2 8 2 9 2 9 1 9 1 9 1 9 1 10 1 10 1 10 1 10 1 11 1 11 1 11 1 11 0 11 1 11 0 12 1 0 0 0 0 0 0 0 0 0 0
1784740961.727721,58763,-46,11,1,6,1,-95,1,683232822,128,0 0 0 0 0 0 0 0 0 0 0 0 2 8 1 8 0 8 0 8 0 9 -1 8 -1 9 -1 9 -1 9 -2 9 -2 9 -2 9 -2 9 -3 9 -3 10 -3 9 -3 10 -3 10 -3 10 -3 10 -3 10 -3 10 -3 10 -3 10 -4 9 -3 10 0 0 -3 10 -3 9 -3 9 -3 10 -2 9 -2 10 -2 10 -1 10 -2 10 -1 11 -1 10 -1 10 -1 10 -1 11 0 11 0 11 0 11 0 11 0 11 1 12 1 12 0 12 1 12 0 12 1 12 1 12 0 0 0 0 0 0 0 0 0 0
1784740961.746655,58764,-46,11,1,6,1,-95,1,683243801,128,0 0 0 0 0 0 0 0 0 0 0 0 7 1 7 2 7 2 7 3 7 3 7 3 7 4 7 4 7 4 7 4 7 5 7 5 6 5 6 5 7 6 6 6 7 6 6 5 6 6 6 6 6 6 6 6 6 5 6 5 6 5 6 5 0 0 6 5 7 5 7 5 7 4 7 4 7 4 8 4 8 4 8 4 9 3 9 3 9 3 9 3 10 3 10 3 10 3 10 3 11 3 11 3 11 3 11 3 11 3 11 3 11 3 12 3 12 3 0 0 0 0 0 0 0 0 0 0
1784740961.746655,58765,-47,11,1,6,1,-95,1,683252665,128,0 0 0 0 0 0 0 0 0 0 0 0 -8 -1 -8 -1 -8 -2 -8 -3 -8 -3 -8 -3 -8 -4 -8 -4 -8 -4 -8 -4 -8 -4 -8 -5 -8 -5 -8 -5 -8 -5 -7 -5 -7 -5 -7 -5 -7 -5 -7 -5 -7 -5 -7 -5 -7 -5 -7 -5 -7 -5 -7 -4 0 0 -7 -4 -7 -4 -7 -4 -8 -4 -8 -3 -8 -3 -8 -3 -8 -3 -9 -3 -9 -2 -9 -2 -10 -2 -10 -2 -10 -2 -10 -2 -10 -2 -11 -2 -11 -2 -11 -2 -11 -2 -11 -2 -12 -2 -12 -2 -12 -2 -12 -2 -12 -2 0 0 0 0 0 0 0 0 0 0
1784740961.752064,58766,-46,11,1,6,1,-95,1,683259882,128,0 0 0 0 0 0 0 0 0 0 0 0 -6 -5 -5 -6 -5 -6 -5 -6 -5 -7 -4 -7 -4 -7 -4 -7 -4 -7 -4 -7 -3 -8 -3 -8 -3 -8 -3 -8 -3 -8 -3 -8 -3 -8 -3 -8 -3 -8 -3 -8 -3 -8 -3 -8 -3 -8 -3 -8 -3 -8 -3 -8 0 0 -4 -8 -4 -8 -4 -7 -4 -8 -4 -7 -5 -7 -5 -8 -5 -8 -5 -8 -6 -8 -6 -8 -6 -8 -6 -8 -6 -8 -7 -9 -7 -8 -7 -9 -7 -9 -8 -9 -8 -9 -8 -9 -8 -9 -8 -10 -7 -10 -8 -10 -8 -10 0 0 0 0 0 0 0 0 0 0
1784740961.759945,58767,-42,11,1,6,0,-95,1,683269704,128,0 0 0 0 0 0 0 0 0 0 0 0 -1 7 -1 7 -2 8 -2 7 -2 8 -2 8 -3 8 -3 8 -3 8 -3 8 -4 8 -4 8 -4 8 -4 8 -4 8 -5 9 -5 8 -5 9 -5 8 -5 9 -5 9 -5 9 -5 9 -5 9 -5 9 -5 9 0 0 -5 10 -5 10 -5 10 -5 11 -5 10 -5 11 -5 11 -5 11 -5 11 -5 12 -5 12 -5 12 -5 12 -5 12 -5 13 -5 13 -5 14 -5 13 -5 14 -5 14 -5 14 -5 14 -6 14 -6 14 -6 14 -6 14 0 0 0 0 0 0 0 0 0 0
1784740961.776616,58768,-46,11,1,6,1,-95,1,683279712,128,0 0 0 0 0 0 0 0 0 0 0 0 6 -4 6 -3 6 -3 7 -2 6 -2 7 -2 7 -2 7 -2 7 -1 7 -1 7 -2 7 -2 7 -1 8 -2 8 -1 8 -1 8 -1 8 -1 8 -1 8 -1 8 -1 8 0 8 -1 8 -1 8 -1 9 -1 0 0 9 -1 9 -1 9 -1 9 -2 9 -2 9 -2 9 -2 9 -2 10 -3 10 -3 10 -3 10 -4 10 -4 11 -4 11 -3 11 -3 11 -3 11 -4 12 -4 12 -4 12 -4 12 -3 12 -4 12 -4 12 -4 13 -4 0 0 0 0 0 0 0 0 0 0
1784740961.776616,58769,-46,11,1,6,1,-95,1,683289727,128,0 0 0 0 0 0 0 0 0 0 0 0 7 4 6 4 6 6 6 5 6 6 5 6 6 6 5 6 6 6 5 7 5 7 5 7 4 8 4 7 5 7 5 8 4 7 5 8 4 8 5 8 5 8 5 7 5 8 4 8 5 8 5 7 0 0 5 7 6 7 5 7 6 7 6 7 6 7 7 7 7 7 7 7 8 8 8 7 8 7 8 7 8 7 9 7 9 7 9 8 9 8 9 7 10 8 10 7 10 7 10 8 10 8 9 8 10 8 0 0 0 0 0 0 0 0 0 0
1784740961.792084,58770,-46,11,1,6,1,-95,1,683299705,128,0 0 0 0 0 0 0 0 0 0 0 0 6 5 6 5 5 5 5 6 5 6 5 7 5 7 4 7 4 7 4 7 4 7 4 7 3 7 4 7 4 8 3 7 4 8 3 8 3 8 4 8 4 7 4 7 3 7 4 8 3 7 4 8 0 0 4 8 4 7 5 8 5 7 5 8 6 8 6 8 6 8 6 8 7 8 6 8 7 8 6 8 8 9 7 8 8 9 7 9 8 9 8 9 8 9 8 9 9 9 8 9 8 10 8 10 8 10 0 0 0 0 0 0 0 0 0 0
1784740961.792084,58771,-47,11,1,6,1,-95,1,683309836,128,0 0 0 0 0 0 0 0 0 0 0 0 3 -7 4 -7 4 -7 4 -7 5 -6 5 -6 5 -6 5 -6 5 -6 5 -6 5 -6 5 -5 5 -5 5 -5 5 -5 5 -5 5 -5 5 -5 5 -5 5 -5 5 -5 5 -5 4 -6 4 -6 4 -6 4 -6 0 0 4 -7 4 -7 4 -7 4 -7 3 -8 4 -8 4 -9 4 -9 4 -9 4 -10 4 -10 4 -10 4 -11 4 -11 5 -11 5 -12 5 -11 5 -11 5 -12 5 -12 5 -12 5 -12 5 -12 5 -12 5 -13 6 -13 0 0 0 0 0 0 0 0 0 0
1784740961.808179,58772,-47,11,1,6,1,-95,1,683321135,128,0 0 0 0 0 0 0 0 0 0 0 0 -4 -7 -4 -7 -3 -7 -3 -8 -3 -8 -2 -8 -2 -8 -2 -8 -2 -8 -2 -8 -2 -8 -2 -8 -1 -7 -1 -7 -1 -8 -1 -7 -1 -8 -1 -7 -1 -8 -1 -7 -2 -7 -2 -7 -2 -7 -2 -7 -2 -7 -3 -7 0 0 -3 -7 -4 -7 -4 -7 -4 -7 -4 -8 -4 -8 -5 -8 -5 -8 -5 -9 -6 -9 -6 -9 -6 -9 -6 -9 -7 -10 -7 -10 -7 -11 -6 -10 -7 -11 -7 -11 -7 -11 -7 -11 -7 -11 -7 -11 -7 -12 -7 -12 -8 -12 0 0 0 0 0 0 0 0 0 0
1784740961.827229,58773,-46,11,1,6,1,-95,1,683331403,128,0 0 0 0 0 0 0 0 0 0 0 0 -1 7 -2 7 -2 7 -2 6 -3 7 -3 6 -3 7 -3 6 -3 7 -4 7 -4 6 -4 7 -4 6 -4 6 -3 6 -4 7 -4 6 -4 7 -4 6 -3 6 -3 7 -3 7 -3 7 -3 6 -3 7 -3 7 0 0 -2 7 -2 8 -2 7 -1 8 -1 8 -1 9 -1 9 -1 9 -1 10 0 11 -1 10 -1 11 -1 11 -1 11 0 12 0 12 -1 13 -1 12 -1 13 0 13 -1 13 0 13 -1 14 -1 13 -1 13 -1 14 0 0 0 0 0 0 0 0 0 0
1784740961.852240,58774,-47,11,1,7,1,-95,1,683342148,128,0 0 0 0 0 0 0 0 0 0 0 0 4 7 4 8 3 8 3 8 2 8 2 8 2 8 2 9 1 9 2 8 1 8 1 9 1 9 1 9 1 9 0 9 0 9 0 8 0 9 0 8 0 8 0 8 1 8 1 8 1 7 1 8 0 0 2 7 2 7 2 7 3 7 3 7 4 7 4 7 4 7 5 8 5 7 6 7 6 8 7 8 7 8 7 8 7 9 7 8 8 9 8 9 8 9 9 9 9 10 9 9 8 10 9 10 9 10 0 0 0 0 0 0 0 0 0 0
1784740961.856639,58775,-45,11,1,6,1,-95,1,683360842,128,0 0 0 0 0 0 0 0 0 0 0 0 6 -7 6 -7 7 -7 7 -6 7 -6 8 -6 8 -6 8 -6 9 -6 9 -6 9 -5 9 -5 9 -5 10 -5 10 -5 10 -5 10 -4 10 -4 10 -4 10 -4 10 -4 10 -4 10 -4 10 -3 10 -3 9 -3 0 0 9 -4 9 -4 9 -4 8 -4 8 -5 8 -5 7 -5 8 -6 7 -6 8 -7 8 -7 7 -7 8 -7 7 -8 8 -8 8 -8 8 -8 8 -9 8 -9 8 -10 8 -10 8 -10 8 -10 9 -10 9 -10 9 -11 0 0 0 0 0 0 0 0 0 0
1784740961.856639,58776,-45,11,1,6,1,-95,1,683371733,128,0 0 0 0 0 0 0 0 0 0 0 0 5 -7 6 -7 6 -6 7 -6 6 -6 7 -6 7 -5 7 -5 7 -5 7 -5 7 -5 8 -5 8 -5 8 -5 8 -5 9 -4 9 -4 8 -4 9 -4 9 -4 8 -4 9 -4 8 -4 8 -4 8 -4 8 -4 0 0 8 -4 8 -4 8 -5 7 -5 7 -5 7 -6 7 -6 7 -6 8 -7 7 -7 7 -8 7 -8 7 -8 8 -9 8 -9 8 -9 8 -9 8 -10 8 -10 9 -10 9 -10 10 -11 9 -10 9 -10 10 -11 10 -11 0 0 0 0 0 0 0 0 0 0
1784740961.872590,58777,-45,11,1,6,1,-95,1,683381043,128,0 0 0 0 0 0 0 0 0 0 0 0 0 7 -1 7 -2 7 -2 7 -3 7 -2 8 -3 7 -3 8 -4 8 -3 8 -4 8 -4 8 -4 8 -4 8 -5 8 -5 8 -5 8 -5 8 -5 8 -5 7 -5 7 -5 7 -5 8 -5 7 -5 7 -4 7 0 0 -4 8 -4 8 -4 8 -4 8 -3 8 -4 8 -3 8 -3 9 -3 9 -2 10 -2 10 -2 10 -2 10 -2 11 -3 11 -3 11 -2 11 -2 12 -2 12 -3 12 -2 12 -3 13 -2 13 -3 13 -2 13 -3 13 0 0 0 0 0 0 0 0 0 0
1784740961.888723,58778,-42,11,1,6,0,-95,1,683391247,128,0 0 0 0 0 0 0 0 0 0 0 0 8 -1 8 0 9 0 9 1 9 1 9 1 9 1 9 2 9 2 9 2 9 2 10 3 10 3 10 3 10 4 10 4 10 4 10 4 10 4 10 4 10 4 10 4 10 4 10 4 10 4 10 4 0 0 11 3 11 4 11 4 11 3 12 3 12 3 12 2 13 2 13 3 13 2 14 2 14 2 14 2 15 2 15 2 15 2 15 3 16 2 16 3 16 2 16 3 17 2 17 3 17 3 18 3 18 2 0 0 0 0 0 0 0 0 0 0
1784740961.888723,58779,-43,11,1,7,0,-95,1,683399798,128,0 0 0 0 0 0 0 0 0 0 0 0 8 0 8 1 8 1 8 2 8 2 8 2 8 3 8 3 8 3 8 3 8 3 9 4 9 4 8 4 9 4 9 4 9 4 9 4 9 4 9 4 9 4 9 4 10 4 9 4 10 4 10 4 0 0 10 3 11 3 11 3 12 3 11 2 12 3 13 2 13 3 13 2 14 2 14 2 14 2 15 2 14 2 16 2 15 2 16 3 16 2 16 2 17 2 17 3 17 2 17 3 17 3 17 3 17 3 0 0 0 0 0 0 0 0 0 0
1784740961.911008,58780,-47,11,1,7,1,-95,1,683415507,128,0 0 0 0 0 0 0 0 0 0 0 0 8 2 7 3 8 4 7 4 7 4 7 4 7 5 7 5 7 5 7 6 6 6 6 6 6 6 6 6 6 6 6 6 6 6 6 6 5 6 5 6 5 6 5 6 5 5 5 5 5 5 5 5 0 0 6 4 6 4 6 3 7 3 7 3 7 3 8 2 8 2 9 2 10 2 9 2 10 2 10 2 10 2 11 2 11 2 12 2 12 2 12 2 12 2 13 2 13 2 13 2 13 2 13 3 13 2 0 0 0 0 0 0 0 0 0 0
1784740961.911008,58781,-46,11,1,7,1,-95,1,683419823,128,0 0 0 0 0 0 0 0 0 0 0 0 -2 -9 -2 -9 -1 -9 -1 -10 0 -10 0 -10 0 -10 1 -10 1 -10 1 -10 1 -10 1 -10 2 -10 2 -10 2 -10 3 -10 3 -10 3 -9 3 -9 3 -9 3 -9 3 -9 2 -9 2 -9 2 -9 2 -9 0 0 1 -9 1 -8 1 -9 0 -8 0 -9 0 -9 -1 -9 -1 -10 -1 -10 -2 -10 -2 -10 -3 -10 -3 -11 -3 -11 -3 -11 -3 -12 -3 -12 -3 -12 -3 -13 -3 -13 -3 -13 -3 -13 -3 -13 -3 -13 -4 -14 -4 -14 0 0 0 0 0 0 0 0 0 0
1784740961.924703,58782,-43,11,1,7,0,-95,1,683429712,128,0 0 0 0 0 0 0 0 0 0 0 0 7 8 7 8 6 9 6 9 6 9 6 10 5 10 5 11 5 11 5 11 4 12 4 12 4 12 3 12 3 12 3 12 3 12 3 12 2 12 2 12 2 12 2 12 2 12 2 11 2 11 3 11 0 0 3 10 3 10 4 10 4 10 5 10 5 10 6 9 6 10 7 10 7 10 8 10 8 10 9 10 9 10 10 10 10 10 10 11 10 11 10 11 11 11 11 11 11 11 11 12 11 12 11 12 12 12 0 0 0 0 0 0 0 0 0 0
1784740961.968087,58783,-44,11,1,6,1,-95,1,683469629,128,0 0 0 0 0 0 0 0 0 0 0 0 -8 3 -9 3 -9 2 -9 2 -9 1 -10 1 -10 1 -10 1 -10 1 -10 1 -10 0 -11 0 -11 0 -11 -1 -11 0 -11 -1 -12 -1 -11 -1 -12 -1 -11 -1 -11 -1 -12 -2 -11 -1 -11 -2 -11 -2 -11 -2 0 0 -11 -1 -11 -1 -11 -1 -11 0 -11 0 -11 0 -11 0 -11 1 -12 0 -12 1 -12 1 -12 1 -12 1 -12 2 -12 2 -13 2 -13 2 -13 2 -13 2 -13 3 -13 3 -14 3 -13 2 -14 2 -14 2 -14 3 0 0 0 0 0 0 0 0 0 0
1784740961.968087,58784,-41,11,1,7,0,-95,1,683471566,128,0 0 0 0 0 0 0 0 0 0 0 0 7 5 7 6 6 6 7 7 6 7 6 7 6 8 6 8 6 8 6 8 6 9 6 9 6 9 6 10 5 10 5 10 5 11 5 11 5 11 5 11 5 11 5 11 5 11 4 11 4 11 5 11 0 0 5 11 5 10 5 11 5 10 6 10 6 10 6 10 7 10 7 10 7 10 7 11 8 10 8 11 8 11 8 10 9 11 9 11 9 11 9 11 9 11 9 11 10 11 10 11 10 11 10 11 10 11 0 0 0 0 0 0 0 0 0 0
1784740961.983936,58785,-41,11,1,6,0,-95,1,683486653,128,0 0 0 0 0 0 0 0 0 0 0 0 -3 9 -4 9 -4 9 -5 9 -5 9 -6 10 -6 9 -7 10 -7 10 -7 9 -8 10 -8 9 -9 9 -9 9 -9 9 -9 9 -9 9 -9 9 -10 9 -10 8 -9 9 -9 8 -9 8 -9 8 -9 8 -9 8 0 0 -9 8 -8 9 -8 9 -8 9 -7 10 -7 10 -7 10 -7 10 -7 10 -6 11 -6 12 -6 11 -6 12 -6 12 -5 12 -6 13 -5 13 -5 13 -5 13 -5 13 -5 13 -5 14 -5 14 -5 14 -5 14 -5 14 0 0 0 0 0 0 0 0 0 0
1784740961.983936,58786,-44,11,1,7,1,-95,1,683489760,128,0 0 0 0 0 0 0 0 0 0 0 0 8 1 8 2 8 3 8 3 8 3 9 4 9 4 8 4 9 4 9 5 8 6 8 6 8 7 8 6 8 6 8 7 8 7 8 7 8 7 8 7 8 7 7 7 7 7 7 7 7 7 7 7 0 0 7 6 8 6 7 6 8 6 8 5 8 5 8 5 9 5 9 4 10 5 10 5 9 4 10 4 10 4 11 3 11 3 11 4 11 4 11 4 12 3 11 3 12 3 12 4 12 4 12 4 11 4 0 0 0 0 0 0 0 0 0 0
1784740961.983936,58787,-44,11,1,6,1,-95,1,683501208,128,0 0 0 0 0 0 0 0 0 0 0 0 -5 -7 -5 -7 -4 -8 -4 -8 -4 -9 -4 -9 -4 -9 -4 -9 -4 -10 -3 -10 -3 -10 -2 -11 -2 -11 -2 -11 -2 -11 -2 -11 -2 -11 -2 -12 -2 -11 -2 -12 -2 -12 -2 -11 -2 -12 -1 -11 -1 -11 -1 -11 0 0 -2 -11 -2 -11 -2 -11 -3 -11 -3 -11 -3 -11 -4 -11 -4 -11 -4 -11 -5 -12 -4 -11 -5 -11 -5 -11 -5 -11 -6 -12 -6 -11 -6 -12 -6 -12 -7 -11 -7 -12 -7 -12 -7 -11 -7 -12 -7 -12 -7 -12 -7 -11 0 0 0 0 0 0 0 0 0 0
1784740962.000164,58788,-44,11,1,7,1,-95,1,683509823,128,0 0 0 0 0 0 0 0 0 0 0 0 -7 4 -8 4 -8 4 -8 3 -9 3 -9 3 -9 3 -9 3 -10 3 -10 3 -10 2 -11 2 -11 2 -11 2 -11 2 -12 1 -11 1 -12 1 -12 1 -12 1 -12 1 -12 1 -12 1 -11 0 -12 0 -12 1 0 0 -11 1 -11 1 -11 1 -11 1 -11 2 -11 2 -11 2 -11 3 -11 3 -11 3 -11 3 -11 4 -11 3 -11 4 -12 4 -12 4 -12 4 -12 5 -11 5 -12 5 -12 5 -11 5 -12 5 -12 5 -12 5 -12 6 0 0 0 0 0 0 0 0 0 0
1784740962.016241,58789,-44,11,1,7,1,-95,1,683519717,128,0 0 0 0 0 0 0 0 0 0 0 0 -4 7 -5 7 -5 7 -6 6 -6 7 -7 7 -7 7 -7 7 -7 7 -8 7 -8 7 -9 7 -9 6 -9 6 -9 7 -9 6 -10 6 -10 7 -10 6 -10 6 -10 6 -10 6 -10 6 -10 6 -10 5 -10 6 0 0 -10 6 -10 6 -10 6 -10 7 -9 7 -9 7 -9 7 -9 7 -9 7 -9 8 -9 8 -9 8 -9 8 -9 8 -9 9 -9 9 -9 9 -9 9 -9 9 -8 10 -9 10 -8 10 -9 10 -9 10 -9 10 -9 10 0 0 0 0 0 0 0 0 0 0
1784740962.016241,58790,-45,11,1,7,1,-95,1,683529692,128,0 0 0 0 0 0 0 0 0 0 0 0 -5 -7 -5 -7 -5 -8 -4 -8 -4 -8 -4 -8 -4 -9 -4 -9 -4 -9 -4 -9 -4 -10 -4 -10 -3 -10 -3 -11 -3 -11 -3 -11 -2 -11 -2 -11 -2 -11 -2 -11 -2 -12 -2 -12 -2 -11 -2 -11 -2 -11 -2 -12 0 0 -2 -12 -3 -11 -3 -12 -3 -11 -3 -11 -3 -12 -3 -12 -4 -12 -4 -12 -5 -12 -5 -12 -5 -12 -5 -12 -5 -13 -5 -13 -5 -13 -5 -13 -6 -13 -5 -13 -5 -14 -6 -14 -6 -14 -6 -13 -6 -14 -6 -14 -6 -14 0 0 0 0 0 0 0 0 0 0
1784740962.036365,58791,-45,11,1,7,1,-95,1,683540004,128,0 0 0 0 0 0 0 0 0 0 0 0 -5 -6 -5 -6 -5 -7 -4 -7 -5 -8 -4 -8 -5 -8 -5 -8 -5 -9 -4 -9 -4 -10 -4 -10 -4 -10 -3 -10 -4 -10 -4 -11 -3 -11 -4 -11 -3 -11 -3 -11 -3 -11 -3 -12 -3 -12 -2 -11 -2 -11 -2 -11 0 0 -3 -11 -3 -11 -3 -11 -4 -12 -4 -11 -4 -11 -5 -11 -5 -12 -5 -11 -5 -12 -5 -12 -5 -12 -6 -12 -6 -12 -7 -13 -7 -12 -7 -13 -7 -13 -7 -12 -8 -13 -7 -13 -8 -13 -7 -14 -7 -14 -7 -14 -7 -14 0 0 0 0 0 0 0 0 0 0
1784740962.036365,58792,-44,11,1,7,1,-95,1,683549785,128,0 0 0 0 0 0 0 0 0 0 0 0 1 -8 1 -8 2 -8 2 -8 2 -8 2 -8 3 -8 3 -8 3 -8 3 -8 3 -8 4 -9 4 -9 5 -9 5 -9 5 -9 5 -9 5 -9 6 -9 6 -9 6 -9 6 -9 6 -9 6 -9 6 -9 6 -9 0 0 6 -9 6 -9 6 -9 6 -9 5 -10 5 -10 5 -10 5 -10 5 -10 5 -11 5 -11 5 -11 5 -11 5 -12 5 -12 5 -13 5 -12 5 -13 5 -13 5 -13 5 -13 5 -14 5 -13 6 -13 5 -14 5 -14 0 0 0 0 0 0 0 0 0 0
1784740962.053108,58793,-44,11,1,7,1,-95,1,683559730,128,0 0 0 0 0 0 0 0 0 0 0 0 -5 -7 -5 -8 -4 -8 -4 -8 -4 -9 -4 -9 -3 -9 -4 -9 -3 -9 -3 -9 -3 -10 -3 -10 -3 -10 -2 -10 -2 -11 -2 -11 -2 -11 -1 -11 -1 -11 -1 -11 -2 -11 -1 -11 -2 -11 -1 -11 -1 -11 -2 -11 0 0 -2 -11 -2 -11 -2 -11 -2 -10 -2 -10 -3 -11 -3 -11 -3 -11 -3 -11 -4 -11 -4 -11 -5 -11 -5 -12 -5 -12 -5 -12 -5 -12 -5 -12 -5 -12 -5 -12 -6 -12 -6 -13 -6 -13 -6 -13 -6 -13 -6 -13 -6 -13 0 0 0 0 0 0 0 0 0 0
